10001,Industrial/Commercial Sales & Service,00010001611002,Huntington Power, 230 Long Hill Cross Rd,,Shelton,CT ,06484,USA,www.huntingtonpower.com,203-929-3203,"Sales,Service,Up To 2MW,Mobile/Diesel/Gas,Training,Rental,"
10001,Industrial/Commercial Sales & Service,00010214161002,"R.L. Kistler, Inc", 300 Mile Crossing Blvd.,,Rochester,NY ,14624,USA,rlkistler.com,585-436-1940,"Sales,"
10001,Industrial/Commercial Sales & Service,00010214161002,"R.L. KISTLER, INC.", 35 HAMILTON LANE,,GLENMONT,NY ,12077,USA,,585-436-1940,"Sales,Service,"
10001,Industrial/Commercial Sales & Service,00010001611002,Huntington Power, 68 Enter Ln,,Islandia,NY ,11749,USA,,631-563-4943,"Sales,Service,Up To 2MW,Mobile/Diesel/Gas,"
10001,Industrial/Commercial Sales & Service,00010001611002,Huntington Power, 34 E DUDLEY TOWN RD.,,BLOOMFIELD,CT ,06002,USA,,860-289-8790,"Sales,Service,Rental,"
10001,Industrial/Commercial Sales & Service,00010214161002,"R.L. Kistler, Inc", 5615 Business Ave.,,N. Syracuse,NY ,13208,USA,,315-458-2875,"Sales,"
10001,Industrial/Commercial Sales & Service,00010214161002,"R.L. Kistler, Inc", 5615 Business Ave.,,N. Syracuse,NY ,13208,USA,,315-458-2875,"Sales,"
10001,Industrial/Commercial Sales & Service,00010208021002,Modern Group Power Systems, 2501 Durham Road,,Bristol,PA ,19007,USA,www.moderngroup.com,800-404-7291,"Sales,Service,Up To 2MW,Mobile/Diesel/Gas,Training,Rental,"
10001,Industrial/Commercial Sales & Service,00010001731002,Authorized Services Of New England, 410 Forest Street,,Marlborough,MA ,01752,USA,www.asne.com,888-890-9886,"Financing,Sales,Service,Up To 2MW,Mobile/Diesel/Gas,Training,Rental,"
10001,Industrial/Commercial Sales & Service,00010008091002,MODERN HANDLING EQUIP, 75 NEW STREET,,EDISON,NJ ,08837,USA,www.moderngroup.com,800-779-5116,"Sales,Service,Up To 2MW,Mobile/Diesel/Gas,"
10001,Industrial/Commercial Sales & Service,00010208021002,Modern Group Power Systems, 6352 Chapmans Rd,,Allentown,PA ,18106,USA,,800-404-7291,"Sales,Service,Up To 2MW,Mobile/Diesel/Gas,"
10001,Industrial/Commercial Sales & Service,00010208021002,Modern Group Power Systems, 200 Allied Parkway,,West Berlin,NJ ,08091,USA,,800-404-7291,"Sales,Service,Up To 2MW,Mobile/Diesel/Gas,"
10001,Industrial/Commercial Sales & Service,00010208021002,Modern Group Power Systems, 295 New Commerce Blvd.,,Wilkes Barre,PA ,18706,USA,,800-404-7291,"Sales,Service,Up To 2MW,Mobile/Diesel/Gas,"
10001,Industrial/Commercial Sales & Service,00010208021002,Modern Group Power Systems, 66A South Gate Blvd.,,New Castle,DE ,19720,USA,,800-404-7291,"Sales,Service,Up To 2MW,Mobile/Diesel/Gas,"
10001,Industrial/Commercial Sales & Service,00010000931002,"EMERGENCY POWER SYSTEMS, LLC", 35 HAMILTON LANE,,GLENMONT,NY ,12077,USA,,800-914-1465,"Service,Up To 2MW,Mobile/Diesel/Gas,"
10001,Industrial/Commercial Sales & Service,00010000931002,"EMERGENCY POWER SYSTEMS, LLC", 35 HAMILTON LANE,,GLENMONT,NY ,12077,USA,,800-914-1465,"Service,"
10001,Industrial/Commercial Sales & Service,00010208021002,Modern Group Power Systems, 3480 Board Road,,York,PA ,17402,USA,,800-404-7291,"Sales,Service,Up To 2MW,Mobile/Diesel/Gas,"
10001,Industrial/Commercial Sales & Service,00010001731002,AUTHORIZED SERVICES OF NEW ENGLAND, 410 FOREST STREET,,MARLBOROUGH,MA ,01752,USA,,888-890-9886,"Sales,"
10001,Industrial/Commercial Sales & Service,00010001691002,Kelly Generator & Equipment, 1955 Dale Ln,,Owings,MD ,20736,USA,www.kge.com,410-257-5225,"Sales,Service,Up To 2MW,Mobile/Diesel/Gas,Training,Rental,"
10001,Industrial/Commercial Sales & Service,00010001761002,"GENSERVE, INC.", 100 NEWTOWN RD,,PLAINVIEW,NY ,11803,USA,www.genserveinc.com,631-435-0437,"Service,"
10001,Industrial/Commercial Sales & Service,00111209521002,LONG ISLAND EMERGENCY POWER -QO, 2 Ocean Avenue,,DEER PARK,NY ,11729,USA,,631-586-7513,"Sales,"
10001,Industrial/Commercial Sales & Service,00010139211002,POWERPRO SERVICE CO. INC., 608 JOHNSON AVE. UNIT 6,,BOHEMIA,NY ,11716,USA,,631-567-2700,"Sales,Service,Up To 600kW,Mobile/Diesel/Gas,"
10001,Industrial/Commercial Sales & Service,00010134071002,PEAK POWER SYSTEMS, 99 SPRAGUE AVENUE,,MIDDLETOWN,NY ,10940,USA,www.peakpowersystems.com,845-344-1975,"Sales,Service,Up To 600kW,Mobile/Diesel/Gas,Rental,"
10001,Industrial/Commercial Sales & Service,00111209531002,HUNTINGTON POWER - LONG ISLAND, PO BOX 2040,,SHELTON,CT ,06484,USA,,631-586-7513,"Sales,"
10001,Industrial/Commercial Sales & Service,00010001761002,"GENSERVE, INC.", 115A TWINBRIDGE DR.,,PENNSAUKEN,NJ ,08110,USA,www.genserveinc.com,856-324-0459,"Service,"
10001,Industrial/Commercial Sales & Service,00111184131002,HUNTER & LOMISON, 1956 W FOURTH ST,,WILLIAMSPORT,PA ,17701,USA,www.hunterlomison.com,570-326-1764,"Sales,Service,Up To 600kW,Mobile/Diesel/Gas,Rental,"
10001,Industrial/Commercial Sales & Service,00010000881002,HUNTER & LOMISON INC., 1956 W. 4TH STREET,,WILLIAMSPORT,PA ,17701,USA,www.hunterlomison.com,570-326-1764,"Service,Up To 600kW,Mobile/Diesel/Gas,"
10001,Industrial/Commercial Sales & Service,00010001621002,BROOKFIELD SERVICE, 708 GLEBE ROAD,,WESTMORELAND,NH ,03467,USA,www.brookfieldservice.com,802-485-6567,"Service,Up To 600kW,Mobile/Diesel/Gas,"
10001,Industrial/Commercial Sales & Service,00010021101002,SOUTH SHORE GENERATOR INC-Quote, 2696A CRANBERRY HWY,,WAREHAM,MA ,02571,USA,,508-295-7336,"Sales,Service,Up To 600kW,Mobile/Diesel/Gas,"
10001,Industrial/Commercial Sales & Service,00010001701002,SOUTH SHORE GENERATOR INC, ,,EAST WAREHAM,MA ,02538,USA,,508-295-7336,"Financing,Sales,Service,Up To 600kW,Mobile/Diesel/Gas,"
10001,Industrial/Commercial Sales & Service,00111207431002,WARSHAUER ELECTRIC SUPPLY CO INC, 800 SHREWSBURY AVE,,TINTON FALLS,NJ ,07724,USA,www.warshauer.com,732-741-6400,"Service,"
10001,Industrial/Commercial Sales & Service,00010157021002,Mechanical Service Co, 1145 Oak St.,,Pittston,PA ,18640,USA,,570-654-2445,"Service,"
10002,Industrial/Commercial Sales & Service,00010214161002,"R.L. KISTLER, INC.", 35 HAMILTON LANE,,GLENMONT,NY ,12077,USA,,585-436-1940,"Sales,Service,"
10002,Industrial/Commercial Sales & Service,00010214161002,"R.L. Kistler, Inc", 300 Mile Crossing Blvd.,,Rochester,NY ,14624,USA,rlkistler.com,585-436-1940,"Sales,"
10002,Industrial/Commercial Sales & Service,00010001611002,Huntington Power, 230 Long Hill Cross Rd,,Shelton,CT ,06484,USA,www.huntingtonpower.com,203-929-3203,"Sales,Service,Up To 2MW,Mobile/Diesel/Gas,Training,Rental,"
10002,Industrial/Commercial Sales & Service,00010214161002,"R.L. Kistler, Inc", 5615 Business Ave.,,N. Syracuse,NY ,13208,USA,,315-458-2875,"Sales,"
10002,Industrial/Commercial Sales & Service,00010214161002,"R.L. Kistler, Inc", 5615 Business Ave.,,N. Syracuse,NY ,13208,USA,,315-458-2875,"Sales,"
10002,Industrial/Commercial Sales & Service,00010001611002,Huntington Power, 68 Enter Ln,,Islandia,NY ,11749,USA,,631-563-4943,"Sales,Service,Up To 2MW,Mobile/Diesel/Gas,"
10002,Industrial/Commercial Sales & Service,00010001611002,Huntington Power, 34 E DUDLEY TOWN RD.,,BLOOMFIELD,CT ,06002,USA,,860-289-8790,"Sales,Service,Rental,"
10002,Industrial/Commercial Sales & Service,00010208021002,Modern Group Power Systems, 2501 Durham Road,,Bristol,PA ,19007,USA,www.moderngroup.com,800-404-7291,"Sales,Service,Up To 2MW,Mobile/Diesel/Gas,Training,Rental,"
10002,Industrial/Commercial Sales & Service,00010001731002,Authorized Services Of New England, 410 Forest Street,,Marlborough,MA ,01752,USA,www.asne.com,888-890-9886,"Financing,Sales,Service,Up To 2MW,Mobile/Diesel/Gas,Training,Rental,"
10002,Industrial/Commercial Sales & Service,00010008091002,MODERN HANDLING EQUIP, 75 NEW STREET,,EDISON,NJ ,08837,USA,www.moderngroup.com,800-779-5116,"Sales,Service,Up To 2MW,Mobile/Diesel/Gas,"
10002,Industrial/Commercial Sales & Service,00010208021002,Modern Group Power Systems, 200 Allied Parkway,,West Berlin,NJ ,08091,USA,,800-404-7291,"Sales,Service,Up To 2MW,Mobile/Diesel/Gas,"
10002,Industrial/Commercial Sales & Service,00010208021002,Modern Group Power Systems, 6352 Chapmans Rd,,Allentown,PA ,18106,USA,,800-404-7291,"Sales,Service,Up To 2MW,Mobile/Diesel/Gas,"
10002,Industrial/Commercial Sales & Service,00010208021002,Modern Group Power Systems, 295 New Commerce Blvd.,,Wilkes Barre,PA ,18706,USA,,800-404-7291,"Sales,Service,Up To 2MW,Mobile/Diesel/Gas,"
10002,Industrial/Commercial Sales & Service,00010208021002,Modern Group Power Systems, 66A South Gate Blvd.,,New Castle,DE ,19720,USA,,800-404-7291,"Sales,Service,Up To 2MW,Mobile/Diesel/Gas,"
10002,Industrial/Commercial Sales & Service,00010000931002,"EMERGENCY POWER SYSTEMS, LLC", 35 HAMILTON LANE,,GLENMONT,NY ,12077,USA,,800-914-1465,"Service,Up To 2MW,Mobile/Diesel/Gas,"
10002,Industrial/Commercial Sales & Service,00010000931002,"EMERGENCY POWER SYSTEMS, LLC", 35 HAMILTON LANE,,GLENMONT,NY ,12077,USA,,800-914-1465,"Service,"
10002,Industrial/Commercial Sales & Service,00010208021002,Modern Group Power Systems, 3480 Board Road,,York,PA ,17402,USA,,800-404-7291,"Sales,Service,Up To 2MW,Mobile/Diesel/Gas,"
10002,Industrial/Commercial Sales & Service,00010001731002,AUTHORIZED SERVICES OF NEW ENGLAND, 410 FOREST STREET,,MARLBOROUGH,MA ,01752,USA,,888-890-9886,"Sales,"
10002,Industrial/Commercial Sales & Service,00010001691002,Kelly Generator & Equipment, 1955 Dale Ln,,Owings,MD ,20736,USA,www.kge.com,410-257-5225,"Sales,Service,Up To 2MW,Mobile/Diesel/Gas,Training,Rental,"
10002,Industrial/Commercial Sales & Service,00010001761002,"GENSERVE, INC.", 100 NEWTOWN RD,,PLAINVIEW,NY ,11803,USA,www.genserveinc.com,631-435-0437,"Service,"
10002,Industrial/Commercial Sales & Service,00111209521002,LONG ISLAND EMERGENCY POWER -QO, 2 Ocean Avenue,,DEER PARK,NY ,11729,USA,,631-586-7513,"Sales,"
10002,Industrial/Commercial Sales & Service,00010139211002,POWERPRO SERVICE CO. INC., 608 JOHNSON AVE. UNIT 6,,BOHEMIA,NY ,11716,USA,,631-567-2700,"Sales,Service,Up To 600kW,Mobile/Diesel/Gas,"
10002,Industrial/Commercial Sales & Service,00010134071002,PEAK POWER SYSTEMS, 99 SPRAGUE AVENUE,,MIDDLETOWN,NY ,10940,USA,www.peakpowersystems.com,845-344-1975,"Sales,Service,Up To 600kW,Mobile/Diesel/Gas,Rental,"
10002,Industrial/Commercial Sales & Service,00111209531002,HUNTINGTON POWER - LONG ISLAND, PO BOX 2040,,SHELTON,CT ,06484,USA,,631-586-7513,"Sales,"
10002,Industrial/Commercial Sales & Service,00010001761002,"GENSERVE, INC.", 115A TWINBRIDGE DR.,,PENNSAUKEN,NJ ,08110,USA,www.genserveinc.com,856-324-0459,"Service,"
10002,Industrial/Commercial Sales & Service,00111184131002,HUNTER & LOMISON, 1956 W FOURTH ST,,WILLIAMSPORT,PA ,17701,USA,www.hunterlomison.com,570-326-1764,"Sales,Service,Up To 600kW,Mobile/Diesel/Gas,Rental,"
10002,Industrial/Commercial Sales & Service,00010000881002,HUNTER & LOMISON INC., 1956 W. 4TH STREET,,WILLIAMSPORT,PA ,17701,USA,www.hunterlomison.com,570-326-1764,"Service,Up To 600kW,Mobile/Diesel/Gas,"
10002,Industrial/Commercial Sales & Service,00010001621002,BROOKFIELD SERVICE, 708 GLEBE ROAD,,WESTMORELAND,NH ,03467,USA,www.brookfieldservice.com,802-485-6567,"Service,Up To 600kW,Mobile/Diesel/Gas,"
10002,Industrial/Commercial Sales & Service,00010021101002,SOUTH SHORE GENERATOR INC-Quote, 2696A CRANBERRY HWY,,WAREHAM,MA ,02571,USA,,508-295-7336,"Sales,Service,Up To 600kW,Mobile/Diesel/Gas,"
10002,Industrial/Commercial Sales & Service,00010001701002,SOUTH SHORE GENERATOR INC, ,,EAST WAREHAM,MA ,02538,USA,,508-295-7336,"Financing,Sales,Service,Up To 600kW,Mobile/Diesel/Gas,"
10002,Industrial/Commercial Sales & Service,00111207431002,WARSHAUER ELECTRIC SUPPLY CO INC, 800 SHREWSBURY AVE,,TINTON FALLS,NJ ,07724,USA,www.warshauer.com,732-741-6400,"Service,"
10002,Industrial/Commercial Sales & Service,00010157021002,Mechanical Service Co, 1145 Oak St.,,Pittston,PA ,18640,USA,,570-654-2445,"Service,"
10003,Industrial/Commercial Sales & Service,00010001611002,Huntington Power, 230 Long Hill Cross Rd,,Shelton,CT ,06484,USA,www.huntingtonpower.com,203-929-3203,"Sales,Service,Up To 2MW,Mobile/Diesel/Gas,Training,Rental,"
10003,Industrial/Commercial Sales & Service,00010214161002,"R.L. KISTLER, INC.", 35 HAMILTON LANE,,GLENMONT,NY ,12077,USA,,585-436-1940,"Sales,Service,"
10003,Industrial/Commercial Sales & Service,00010214161002,"R.L. Kistler, Inc", 300 Mile Crossing Blvd.,,Rochester,NY ,14624,USA,rlkistler.com,585-436-1940,"Sales,"
10003,Industrial/Commercial Sales & Service,00010001611002,Huntington Power, 68 Enter Ln,,Islandia,NY ,11749,USA,,631-563-4943,"Sales,Service,Up To 2MW,Mobile/Diesel/Gas,"
10003,Industrial/Commercial Sales & Service,00010001611002,Huntington Power, 34 E DUDLEY TOWN RD.,,BLOOMFIELD,CT ,06002,USA,,860-289-8790,"Sales,Service,Rental,"
10003,Industrial/Commercial Sales & Service,00010214161002,"R.L. Kistler, Inc", 5615 Business Ave.,,N. Syracuse,NY ,13208,USA,,315-458-2875,"Sales,"
10003,Industrial/Commercial Sales & Service,00010214161002,"R.L. Kistler, Inc", 5615 Business Ave.,,N. Syracuse,NY ,13208,USA,,315-458-2875,"Sales,"
10003,Industrial/Commercial Sales & Service,00010208021002,Modern Group Power Systems, 2501 Durham Road,,Bristol,PA ,19007,USA,www.moderngroup.com,800-404-7291,"Sales,Service,Up To 2MW,Mobile/Diesel/Gas,Training,Rental,"
10003,Industrial/Commercial Sales & Service,00010001731002,Authorized Services Of New England, 410 Forest Street,,Marlborough,MA ,01752,USA,www.asne.com,888-890-9886,"Financing,Sales,Service,Up To 2MW,Mobile/Diesel/Gas,Training,Rental,"
10003,Industrial/Commercial Sales & Service,00010008091002,MODERN HANDLING EQUIP, 75 NEW STREET,,EDISON,NJ ,08837,USA,www.moderngroup.com,800-779-5116,"Sales,Service,Up To 2MW,Mobile/Diesel/Gas,"
10003,Industrial/Commercial Sales & Service,00010208021002,Modern Group Power Systems, 200 Allied Parkway,,West Berlin,NJ ,08091,USA,,800-404-7291,"Sales,Service,Up To 2MW,Mobile/Diesel/Gas,"
10003,Industrial/Commercial Sales & Service,00010208021002,Modern Group Power Systems, 6352 Chapmans Rd,,Allentown,PA ,18106,USA,,800-404-7291,"Sales,Service,Up To 2MW,Mobile/Diesel/Gas,"
10003,Industrial/Commercial Sales & Service,00010208021002,Modern Group Power Systems, 295 New Commerce Blvd.,,Wilkes Barre,PA ,18706,USA,,800-404-7291,"Sales,Service,Up To 2MW,Mobile/Diesel/Gas,"
10003,Industrial/Commercial Sales & Service,00010208021002,Modern Group Power Systems, 66A South Gate Blvd.,,New Castle,DE ,19720,USA,,800-404-7291,"Sales,Service,Up To 2MW,Mobile/Diesel/Gas,"
10003,Industrial/Commercial Sales & Service,00010000931002,"EMERGENCY POWER SYSTEMS, LLC", 35 HAMILTON LANE,,GLENMONT,NY ,12077,USA,,800-914-1465,"Service,Up To 2MW,Mobile/Diesel/Gas,"
10003,Industrial/Commercial Sales & Service,00010000931002,"EMERGENCY POWER SYSTEMS, LLC", 35 HAMILTON LANE,,GLENMONT,NY ,12077,USA,,800-914-1465,"Service,"
10003,Industrial/Commercial Sales & Service,00010208021002,Modern Group Power Systems, 3480 Board Road,,York,PA ,17402,USA,,800-404-7291,"Sales,Service,Up To 2MW,Mobile/Diesel/Gas,"
10003,Industrial/Commercial Sales & Service,00010001731002,AUTHORIZED SERVICES OF NEW ENGLAND, 410 FOREST STREET,,MARLBOROUGH,MA ,01752,USA,,888-890-9886,"Sales,"
10003,Industrial/Commercial Sales & Service,00010001691002,Kelly Generator & Equipment, 1955 Dale Ln,,Owings,MD ,20736,USA,www.kge.com,410-257-5225,"Sales,Service,Up To 2MW,Mobile/Diesel/Gas,Training,Rental,"
10003,Industrial/Commercial Sales & Service,00010001761002,"GENSERVE, INC.", 100 NEWTOWN RD,,PLAINVIEW,NY ,11803,USA,www.genserveinc.com,631-435-0437,"Service,"
10003,Industrial/Commercial Sales & Service,00111209521002,LONG ISLAND EMERGENCY POWER -QO, 2 Ocean Avenue,,DEER PARK,NY ,11729,USA,,631-586-7513,"Sales,"
10003,Industrial/Commercial Sales & Service,00010139211002,POWERPRO SERVICE CO. INC., 608 JOHNSON AVE. UNIT 6,,BOHEMIA,NY ,11716,USA,,631-567-2700,"Sales,Service,Up To 600kW,Mobile/Diesel/Gas,"
10003,Industrial/Commercial Sales & Service,00010134071002,PEAK POWER SYSTEMS, 99 SPRAGUE AVENUE,,MIDDLETOWN,NY ,10940,USA,www.peakpowersystems.com,845-344-1975,"Sales,Service,Up To 600kW,Mobile/Diesel/Gas,Rental,"
10003,Industrial/Commercial Sales & Service,00111209531002,HUNTINGTON POWER - LONG ISLAND, PO BOX 2040,,SHELTON,CT ,06484,USA,,631-586-7513,"Sales,"
10003,Industrial/Commercial Sales & Service,00010001761002,"GENSERVE, INC.", 115A TWINBRIDGE DR.,,PENNSAUKEN,NJ ,08110,USA,www.genserveinc.com,856-324-0459,"Service,"
10003,Industrial/Commercial Sales & Service,00111184131002,HUNTER & LOMISON, 1956 W FOURTH ST,,WILLIAMSPORT,PA ,17701,USA,www.hunterlomison.com,570-326-1764,"Sales,Service,Up To 600kW,Mobile/Diesel/Gas,Rental,"
10003,Industrial/Commercial Sales & Service,00010000881002,HUNTER & LOMISON INC., 1956 W. 4TH STREET,,WILLIAMSPORT,PA ,17701,USA,www.hunterlomison.com,570-326-1764,"Service,Up To 600kW,Mobile/Diesel/Gas,"
10003,Industrial/Commercial Sales & Service,00010001621002,BROOKFIELD SERVICE, 708 GLEBE ROAD,,WESTMORELAND,NH ,03467,USA,www.brookfieldservice.com,802-485-6567,"Service,Up To 600kW,Mobile/Diesel/Gas,"
10003,Industrial/Commercial Sales & Service,00010021101002,SOUTH SHORE GENERATOR INC-Quote, 2696A CRANBERRY HWY,,WAREHAM,MA ,02571,USA,,508-295-7336,"Sales,Service,Up To 600kW,Mobile/Diesel/Gas,"
10003,Industrial/Commercial Sales & Service,00010001701002,SOUTH SHORE GENERATOR INC, ,,EAST WAREHAM,MA ,02538,USA,,508-295-7336,"Financing,Sales,Service,Up To 600kW,Mobile/Diesel/Gas,"
10003,Industrial/Commercial Sales & Service,00111207431002,WARSHAUER ELECTRIC SUPPLY CO INC, 800 SHREWSBURY AVE,,TINTON FALLS,NJ ,07724,USA,www.warshauer.com,732-741-6400,"Service,"
10003,Industrial/Commercial Sales & Service,00010157021002,Mechanical Service Co, 1145 Oak St.,,Pittston,PA ,18640,USA,,570-654-2445,"Service,"
10004,Industrial/Commercial Sales & Service,00010214161002,"R.L. KISTLER, INC.", 35 HAMILTON LANE,,GLENMONT,NY ,12077,USA,,585-436-1940,"Sales,Service,"
10004,Industrial/Commercial Sales & Service,00010001611002,Huntington Power, 230 Long Hill Cross Rd,,Shelton,CT ,06484,USA,www.huntingtonpower.com,203-929-3203,"Sales,Service,Up To 2MW,Mobile/Diesel/Gas,Training,Rental,"
10004,Industrial/Commercial Sales & Service,00010214161002,"R.L. Kistler, Inc", 300 Mile Crossing Blvd.,,Rochester,NY ,14624,USA,rlkistler.com,585-436-1940,"Sales,"
10004,Industrial/Commercial Sales & Service,00010214161002,"R.L. Kistler, Inc", 5615 Business Ave.,,N. Syracuse,NY ,13208,USA,,315-458-2875,"Sales,"
10004,Industrial/Commercial Sales & Service,00010001611002,Huntington Power, 68 Enter Ln,,Islandia,NY ,11749,USA,,631-563-4943,"Sales,Service,Up To 2MW,Mobile/Diesel/Gas,"
10004,Industrial/Commercial Sales & Service,00010001611002,Huntington Power, 34 E DUDLEY TOWN RD.,,BLOOMFIELD,CT ,06002,USA,,860-289-8790,"Sales,Service,Rental,"
10004,Industrial/Commercial Sales & Service,00010214161002,"R.L. Kistler, Inc", 5615 Business Ave.,,N. Syracuse,NY ,13208,USA,,315-458-2875,"Sales,"
10004,Industrial/Commercial Sales & Service,00010208021002,Modern Group Power Systems, 2501 Durham Road,,Bristol,PA ,19007,USA,www.moderngroup.com,800-404-7291,"Sales,Service,Up To 2MW,Mobile/Diesel/Gas,Training,Rental,"
10004,Industrial/Commercial Sales & Service,00010001731002,Authorized Services Of New England, 410 Forest Street,,Marlborough,MA ,01752,USA,www.asne.com,888-890-9886,"Financing,Sales,Service,Up To 2MW,Mobile/Diesel/Gas,Training,Rental,"
10004,Industrial/Commercial Sales & Service,00010008091002,MODERN HANDLING EQUIP, 75 NEW STREET,,EDISON,NJ ,08837,USA,www.moderngroup.com,800-779-5116,"Sales,Service,Up To 2MW,Mobile/Diesel/Gas,"
10004,Industrial/Commercial Sales & Service,00010208021002,Modern Group Power Systems, 200 Allied Parkway,,West Berlin,NJ ,08091,USA,,800-404-7291,"Sales,Service,Up To 2MW,Mobile/Diesel/Gas,"
10004,Industrial/Commercial Sales & Service,00010208021002,Modern Group Power Systems, 6352 Chapmans Rd,,Allentown,PA ,18106,USA,,800-404-7291,"Sales,Service,Up To 2MW,Mobile/Diesel/Gas,"
10004,Industrial/Commercial Sales & Service,00010208021002,Modern Group Power Systems, 295 New Commerce Blvd.,,Wilkes Barre,PA ,18706,USA,,800-404-7291,"Sales,Service,Up To 2MW,Mobile/Diesel/Gas,"
10004,Industrial/Commercial Sales & Service,00010208021002,Modern Group Power Systems, 66A South Gate Blvd.,,New Castle,DE ,19720,USA,,800-404-7291,"Sales,Service,Up To 2MW,Mobile/Diesel/Gas,"
10004,Industrial/Commercial Sales & Service,00010000931002,"EMERGENCY POWER SYSTEMS, LLC", 35 HAMILTON LANE,,GLENMONT,NY ,12077,USA,,800-914-1465,"Service,Up To 2MW,Mobile/Diesel/Gas,"
10004,Industrial/Commercial Sales & Service,00010000931002,"EMERGENCY POWER SYSTEMS, LLC", 35 HAMILTON LANE,,GLENMONT,NY ,12077,USA,,800-914-1465,"Service,"
10004,Industrial/Commercial Sales & Service,00010208021002,Modern Group Power Systems, 3480 Board Road,,York,PA ,17402,USA,,800-404-7291,"Sales,Service,Up To 2MW,Mobile/Diesel/Gas,"
10004,Industrial/Commercial Sales & Service,00010001731002,AUTHORIZED SERVICES OF NEW ENGLAND, 410 FOREST STREET,,MARLBOROUGH,MA ,01752,USA,,888-890-9886,"Sales,"
10004,Industrial/Commercial Sales & Service,00010001691002,Kelly Generator & Equipment, 1955 Dale Ln,,Owings,MD ,20736,USA,www.kge.com,410-257-5225,"Sales,Service,Up To 2MW,Mobile/Diesel/Gas,Training,Rental,"
10004,Industrial/Commercial Sales & Service,00010001761002,"GENSERVE, INC.", 100 NEWTOWN RD,,PLAINVIEW,NY ,11803,USA,www.genserveinc.com,631-435-0437,"Service,"
10004,Industrial/Commercial Sales & Service,00111209521002,LONG ISLAND EMERGENCY POWER -QO, 2 Ocean Avenue,,DEER PARK,NY ,11729,USA,,631-586-7513,"Sales,"
10004,Industrial/Commercial Sales & Service,00010139211002,POWERPRO SERVICE CO. INC., 608 JOHNSON AVE. UNIT 6,,BOHEMIA,NY ,11716,USA,,631-567-2700,"Sales,Service,Up To 600kW,Mobile/Diesel/Gas,"
10004,Industrial/Commercial Sales & Service,00010134071002,PEAK POWER SYSTEMS, 99 SPRAGUE AVENUE,,MIDDLETOWN,NY ,10940,USA,www.peakpowersystems.com,845-344-1975,"Sales,Service,Up To 600kW,Mobile/Diesel/Gas,Rental,"
10004,Industrial/Commercial Sales & Service,00111209531002,HUNTINGTON POWER - LONG ISLAND, PO BOX 2040,,SHELTON,CT ,06484,USA,,631-586-7513,"Sales,"
10004,Industrial/Commercial Sales & Service,00010001761002,"GENSERVE, INC.", 115A TWINBRIDGE DR.,,PENNSAUKEN,NJ ,08110,USA,www.genserveinc.com,856-324-0459,"Service,"
10004,Industrial/Commercial Sales & Service,00111184131002,HUNTER & LOMISON, 1956 W FOURTH ST,,WILLIAMSPORT,PA ,17701,USA,www.hunterlomison.com,570-326-1764,"Sales,Service,Up To 600kW,Mobile/Diesel/Gas,Rental,"
10004,Industrial/Commercial Sales & Service,00010000881002,HUNTER & LOMISON INC., 1956 W. 4TH STREET,,WILLIAMSPORT,PA ,17701,USA,www.hunterlomison.com,570-326-1764,"Service,Up To 600kW,Mobile/Diesel/Gas,"
10004,Industrial/Commercial Sales & Service,00010001621002,BROOKFIELD SERVICE, 708 GLEBE ROAD,,WESTMORELAND,NH ,03467,USA,www.brookfieldservice.com,802-485-6567,"Service,Up To 600kW,Mobile/Diesel/Gas,"
10004,Industrial/Commercial Sales & Service,00010021101002,SOUTH SHORE GENERATOR INC-Quote, 2696A CRANBERRY HWY,,WAREHAM,MA ,02571,USA,,508-295-7336,"Sales,Service,Up To 600kW,Mobile/Diesel/Gas,"
10004,Industrial/Commercial Sales & Service,00010001701002,SOUTH SHORE GENERATOR INC, ,,EAST WAREHAM,MA ,02538,USA,,508-295-7336,"Financing,Sales,Service,Up To 600kW,Mobile/Diesel/Gas,"
10004,Industrial/Commercial Sales & Service,00111207431002,WARSHAUER ELECTRIC SUPPLY CO INC, 800 SHREWSBURY AVE,,TINTON FALLS,NJ ,07724,USA,www.warshauer.com,732-741-6400,"Service,"
10004,Industrial/Commercial Sales & Service,00010157021002,Mechanical Service Co, 1145 Oak St.,,Pittston,PA ,18640,USA,,570-654-2445,"Service,"
10005,Industrial/Commercial Sales & Service,00010001611002,Huntington Power, 230 Long Hill Cross Rd,,Shelton,CT ,06484,USA,www.huntingtonpower.com,203-929-3203,"Sales,Service,Up To 2MW,Mobile/Diesel/Gas,Training,Rental,"
10005,Industrial/Commercial Sales & Service,00010214161002,"R.L. Kistler, Inc", 300 Mile Crossing Blvd.,,Rochester,NY ,14624,USA,rlkistler.com,585-436-1940,"Sales,"
10005,Industrial/Commercial Sales & Service,00010214161002,"R.L. KISTLER, INC.", 35 HAMILTON LANE,,GLENMONT,NY ,12077,USA,,585-436-1940,"Sales,Service,"
10005,Industrial/Commercial Sales & Service,00010001611002,Huntington Power, 68 Enter Ln,,Islandia,NY ,11749,USA,,631-563-4943,"Sales,Service,Up To 2MW,Mobile/Diesel/Gas,"
10005,Industrial/Commercial Sales & Service,00010001611002,Huntington Power, 34 E DUDLEY TOWN RD.,,BLOOMFIELD,CT ,06002,USA,,860-289-8790,"Sales,Service,Rental,"
10005,Industrial/Commercial Sales & Service,00010214161002,"R.L. Kistler, Inc", 5615 Business Ave.,,N. Syracuse,NY ,13208,USA,,315-458-2875,"Sales,"
10005,Industrial/Commercial Sales & Service,00010214161002,"R.L. Kistler, Inc", 5615 Business Ave.,,N. Syracuse,NY ,13208,USA,,315-458-2875,"Sales,"
10005,Industrial/Commercial Sales & Service,00010208021002,Modern Group Power Systems, 2501 Durham Road,,Bristol,PA ,19007,USA,www.moderngroup.com,800-404-7291,"Sales,Service,Up To 2MW,Mobile/Diesel/Gas,Training,Rental,"
10005,Industrial/Commercial Sales & Service,00010001731002,Authorized Services Of New England, 410 Forest Street,,Marlborough,MA ,01752,USA,www.asne.com,888-890-9886,"Financing,Sales,Service,Up To 2MW,Mobile/Diesel/Gas,Training,Rental,"
10005,Industrial/Commercial Sales & Service,00010008091002,MODERN HANDLING EQUIP, 75 NEW STREET,,EDISON,NJ ,08837,USA,www.moderngroup.com,800-779-5116,"Sales,Service,Up To 2MW,Mobile/Diesel/Gas,"
10005,Industrial/Commercial Sales & Service,00010208021002,Modern Group Power Systems, 200 Allied Parkway,,West Berlin,NJ ,08091,USA,,800-404-7291,"Sales,Service,Up To 2MW,Mobile/Diesel/Gas,"
10005,Industrial/Commercial Sales & Service,00010208021002,Modern Group Power Systems, 6352 Chapmans Rd,,Allentown,PA ,18106,USA,,800-404-7291,"Sales,Service,Up To 2MW,Mobile/Diesel/Gas,"
10005,Industrial/Commercial Sales & Service,00010208021002,Modern Group Power Systems, 295 New Commerce Blvd.,,Wilkes Barre,PA ,18706,USA,,800-404-7291,"Sales,Service,Up To 2MW,Mobile/Diesel/Gas,"
10005,Industrial/Commercial Sales & Service,00010208021002,Modern Group Power Systems, 66A South Gate Blvd.,,New Castle,DE ,19720,USA,,800-404-7291,"Sales,Service,Up To 2MW,Mobile/Diesel/Gas,"
10005,Industrial/Commercial Sales & Service,00010000931002,"EMERGENCY POWER SYSTEMS, LLC", 35 HAMILTON LANE,,GLENMONT,NY ,12077,USA,,800-914-1465,"Service,Up To 2MW,Mobile/Diesel/Gas,"
10005,Industrial/Commercial Sales & Service,00010000931002,"EMERGENCY POWER SYSTEMS, LLC", 35 HAMILTON LANE,,GLENMONT,NY ,12077,USA,,800-914-1465,"Service,"
10005,Industrial/Commercial Sales & Service,00010208021002,Modern Group Power Systems, 3480 Board Road,,York,PA ,17402,USA,,800-404-7291,"Sales,Service,Up To 2MW,Mobile/Diesel/Gas,"
10005,Industrial/Commercial Sales & Service,00010001731002,AUTHORIZED SERVICES OF NEW ENGLAND, 410 FOREST STREET,,MARLBOROUGH,MA ,01752,USA,,888-890-9886,"Sales,"
10005,Industrial/Commercial Sales & Service,00010001691002,Kelly Generator & Equipment, 1955 Dale Ln,,Owings,MD ,20736,USA,www.kge.com,410-257-5225,"Sales,Service,Up To 2MW,Mobile/Diesel/Gas,Training,Rental,"
10005,Industrial/Commercial Sales & Service,00010001761002,"GENSERVE, INC.", 100 NEWTOWN RD,,PLAINVIEW,NY ,11803,USA,www.genserveinc.com,631-435-0437,"Service,"
10005,Industrial/Commercial Sales & Service,00111209521002,LONG ISLAND EMERGENCY POWER -QO, 2 Ocean Avenue,,DEER PARK,NY ,11729,USA,,631-586-7513,"Sales,"
10005,Industrial/Commercial Sales & Service,00010139211002,POWERPRO SERVICE CO. INC., 608 JOHNSON AVE. UNIT 6,,BOHEMIA,NY ,11716,USA,,631-567-2700,"Sales,Service,Up To 600kW,Mobile/Diesel/Gas,"
10005,Industrial/Commercial Sales & Service,00010134071002,PEAK POWER SYSTEMS, 99 SPRAGUE AVENUE,,MIDDLETOWN,NY ,10940,USA,www.peakpowersystems.com,845-344-1975,"Sales,Service,Up To 600kW,Mobile/Diesel/Gas,Rental,"
10005,Industrial/Commercial Sales & Service,00111209531002,HUNTINGTON POWER - LONG ISLAND, PO BOX 2040,,SHELTON,CT ,06484,USA,,631-586-7513,"Sales,"
10005,Industrial/Commercial Sales & Service,00010001761002,"GENSERVE, INC.", 115A TWINBRIDGE DR.,,PENNSAUKEN,NJ ,08110,USA,www.genserveinc.com,856-324-0459,"Service,"
10005,Industrial/Commercial Sales & Service,00111184131002,HUNTER & LOMISON, 1956 W FOURTH ST,,WILLIAMSPORT,PA ,17701,USA,www.hunterlomison.com,570-326-1764,"Sales,Service,Up To 600kW,Mobile/Diesel/Gas,Rental,"
10005,Industrial/Commercial Sales & Service,00010000881002,HUNTER & LOMISON INC., 1956 W. 4TH STREET,,WILLIAMSPORT,PA ,17701,USA,www.hunterlomison.com,570-326-1764,"Service,Up To 600kW,Mobile/Diesel/Gas,"
10005,Industrial/Commercial Sales & Service,00010001621002,BROOKFIELD SERVICE, 708 GLEBE ROAD,,WESTMORELAND,NH ,03467,USA,www.brookfieldservice.com,802-485-6567,"Service,Up To 600kW,Mobile/Diesel/Gas,"
10005,Industrial/Commercial Sales & Service,00010021101002,SOUTH SHORE GENERATOR INC-Quote, 2696A CRANBERRY HWY,,WAREHAM,MA ,02571,USA,,508-295-7336,"Sales,Service,Up To 600kW,Mobile/Diesel/Gas,"
10005,Industrial/Commercial Sales & Service,00010001701002,SOUTH SHORE GENERATOR INC, ,,EAST WAREHAM,MA ,02538,USA,,508-295-7336,"Financing,Sales,Service,Up To 600kW,Mobile/Diesel/Gas,"
10005,Industrial/Commercial Sales & Service,00111207431002,WARSHAUER ELECTRIC SUPPLY CO INC, 800 SHREWSBURY AVE,,TINTON FALLS,NJ ,07724,USA,www.warshauer.com,732-741-6400,"Service,"
10005,Industrial/Commercial Sales & Service,00010157021002,Mechanical Service Co, 1145 Oak St.,,Pittston,PA ,18640,USA,,570-654-2445,"Service,"
10006,Industrial/Commercial Sales & Service,00010214161002,"R.L. KISTLER, INC.", 35 HAMILTON LANE,,GLENMONT,NY ,12077,USA,,585-436-1940,"Sales,Service,"
10006,Industrial/Commercial Sales & Service,00010001611002,Huntington Power, 230 Long Hill Cross Rd,,Shelton,CT ,06484,USA,www.huntingtonpower.com,203-929-3203,"Sales,Service,Up To 2MW,Mobile/Diesel/Gas,Training,Rental,"
10006,Industrial/Commercial Sales & Service,00010214161002,"R.L. Kistler, Inc", 300 Mile Crossing Blvd.,,Rochester,NY ,14624,USA,rlkistler.com,585-436-1940,"Sales,"
10006,Industrial/Commercial Sales & Service,00010214161002,"R.L. Kistler, Inc", 5615 Business Ave.,,N. Syracuse,NY ,13208,USA,,315-458-2875,"Sales,"
10006,Industrial/Commercial Sales & Service,00010001611002,Huntington Power, 68 Enter Ln,,Islandia,NY ,11749,USA,,631-563-4943,"Sales,Service,Up To 2MW,Mobile/Diesel/Gas,"
10006,Industrial/Commercial Sales & Service,00010001611002,Huntington Power, 34 E DUDLEY TOWN RD.,,BLOOMFIELD,CT ,06002,USA,,860-289-8790,"Sales,Service,Rental,"
10006,Industrial/Commercial Sales & Service,00010214161002,"R.L. Kistler, Inc", 5615 Business Ave.,,N. Syracuse,NY ,13208,USA,,315-458-2875,"Sales,"
10006,Industrial/Commercial Sales & Service,00010208021002,Modern Group Power Systems, 2501 Durham Road,,Bristol,PA ,19007,USA,www.moderngroup.com,800-404-7291,"Sales,Service,Up To 2MW,Mobile/Diesel/Gas,Training,Rental,"
10006,Industrial/Commercial Sales & Service,00010001731002,Authorized Services Of New England, 410 Forest Street,,Marlborough,MA ,01752,USA,www.asne.com,888-890-9886,"Financing,Sales,Service,Up To 2MW,Mobile/Diesel/Gas,Training,Rental,"
10006,Industrial/Commercial Sales & Service,00010008091002,MODERN HANDLING EQUIP, 75 NEW STREET,,EDISON,NJ ,08837,USA,www.moderngroup.com,800-779-5116,"Sales,Service,Up To 2MW,Mobile/Diesel/Gas,"
10006,Industrial/Commercial Sales & Service,00010208021002,Modern Group Power Systems, 200 Allied Parkway,,West Berlin,NJ ,08091,USA,,800-404-7291,"Sales,Service,Up To 2MW,Mobile/Diesel/Gas,"
10006,Industrial/Commercial Sales & Service,00010208021002,Modern Group Power Systems, 6352 Chapmans Rd,,Allentown,PA ,18106,USA,,800-404-7291,"Sales,Service,Up To 2MW,Mobile/Diesel/Gas,"
10006,Industrial/Commercial Sales & Service,00010208021002,Modern Group Power Systems, 295 New Commerce Blvd.,,Wilkes Barre,PA ,18706,USA,,800-404-7291,"Sales,Service,Up To 2MW,Mobile/Diesel/Gas,"
10006,Industrial/Commercial Sales & Service,00010208021002,Modern Group Power Systems, 66A South Gate Blvd.,,New Castle,DE ,19720,USA,,800-404-7291,"Sales,Service,Up To 2MW,Mobile/Diesel/Gas,"
10006,Industrial/Commercial Sales & Service,00010000931002,"EMERGENCY POWER SYSTEMS, LLC", 35 HAMILTON LANE,,GLENMONT,NY ,12077,USA,,800-914-1465,"Service,Up To 2MW,Mobile/Diesel/Gas,"
10006,Industrial/Commercial Sales & Service,00010000931002,"EMERGENCY POWER SYSTEMS, LLC", 35 HAMILTON LANE,,GLENMONT,NY ,12077,USA,,800-914-1465,"Service,"
10006,Industrial/Commercial Sales & Service,00010208021002,Modern Group Power Systems, 3480 Board Road,,York,PA ,17402,USA,,800-404-7291,"Sales,Service,Up To 2MW,Mobile/Diesel/Gas,"
10006,Industrial/Commercial Sales & Service,00010001731002,AUTHORIZED SERVICES OF NEW ENGLAND, 410 FOREST STREET,,MARLBOROUGH,MA ,01752,USA,,888-890-9886,"Sales,"
10006,Industrial/Commercial Sales & Service,00010001691002,Kelly Generator & Equipment, 1955 Dale Ln,,Owings,MD ,20736,USA,www.kge.com,410-257-5225,"Sales,Service,Up To 2MW,Mobile/Diesel/Gas,Training,Rental,"
10006,Industrial/Commercial Sales & Service,00010001761002,"GENSERVE, INC.", 100 NEWTOWN RD,,PLAINVIEW,NY ,11803,USA,www.genserveinc.com,631-435-0437,"Service,"
10006,Industrial/Commercial Sales & Service,00111209521002,LONG ISLAND EMERGENCY POWER -QO, 2 Ocean Avenue,,DEER PARK,NY ,11729,USA,,631-586-7513,"Sales,"
10006,Industrial/Commercial Sales & Service,00010139211002,POWERPRO SERVICE CO. INC., 608 JOHNSON AVE. UNIT 6,,BOHEMIA,NY ,11716,USA,,631-567-2700,"Sales,Service,Up To 600kW,Mobile/Diesel/Gas,"
10006,Industrial/Commercial Sales & Service,00010134071002,PEAK POWER SYSTEMS, 99 SPRAGUE AVENUE,,MIDDLETOWN,NY ,10940,USA,www.peakpowersystems.com,845-344-1975,"Sales,Service,Up To 600kW,Mobile/Diesel/Gas,Rental,"
10006,Industrial/Commercial Sales & Service,00111209531002,HUNTINGTON POWER - LONG ISLAND, PO BOX 2040,,SHELTON,CT ,06484,USA,,631-586-7513,"Sales,"
10006,Industrial/Commercial Sales & Service,00010001761002,"GENSERVE, INC.", 115A TWINBRIDGE DR.,,PENNSAUKEN,NJ ,08110,USA,www.genserveinc.com,856-324-0459,"Service,"
10006,Industrial/Commercial Sales & Service,00111184131002,HUNTER & LOMISON, 1956 W FOURTH ST,,WILLIAMSPORT,PA ,17701,USA,www.hunterlomison.com,570-326-1764,"Sales,Service,Up To 600kW,Mobile/Diesel/Gas,Rental,"
10006,Industrial/Commercial Sales & Service,00010000881002,HUNTER & LOMISON INC., 1956 W. 4TH STREET,,WILLIAMSPORT,PA ,17701,USA,www.hunterlomison.com,570-326-1764,"Service,Up To 600kW,Mobile/Diesel/Gas,"
10006,Industrial/Commercial Sales & Service,00010001621002,BROOKFIELD SERVICE, 708 GLEBE ROAD,,WESTMORELAND,NH ,03467,USA,www.brookfieldservice.com,802-485-6567,"Service,Up To 600kW,Mobile/Diesel/Gas,"
10006,Industrial/Commercial Sales & Service,00010021101002,SOUTH SHORE GENERATOR INC-Quote, 2696A CRANBERRY HWY,,WAREHAM,MA ,02571,USA,,508-295-7336,"Sales,Service,Up To 600kW,Mobile/Diesel/Gas,"
10006,Industrial/Commercial Sales & Service,00010001701002,SOUTH SHORE GENERATOR INC, ,,EAST WAREHAM,MA ,02538,USA,,508-295-7336,"Financing,Sales,Service,Up To 600kW,Mobile/Diesel/Gas,"
10006,Industrial/Commercial Sales & Service,00111207431002,WARSHAUER ELECTRIC SUPPLY CO INC, 800 SHREWSBURY AVE,,TINTON FALLS,NJ ,07724,USA,www.warshauer.com,732-741-6400,"Service,"
10006,Industrial/Commercial Sales & Service,00010157021002,Mechanical Service Co, 1145 Oak St.,,Pittston,PA ,18640,USA,,570-654-2445,"Service,"
10007,Industrial/Commercial Sales & Service,00010214161002,"R.L. KISTLER, INC.", 35 HAMILTON LANE,,GLENMONT,NY ,12077,USA,,585-436-1940,"Sales,Service,"
10007,Industrial/Commercial Sales & Service,00010001611002,Huntington Power, 230 Long Hill Cross Rd,,Shelton,CT ,06484,USA,www.huntingtonpower.com,203-929-3203,"Sales,Service,Up To 2MW,Mobile/Diesel/Gas,Training,Rental,"
10007,Industrial/Commercial Sales & Service,00010214161002,"R.L. Kistler, Inc", 300 Mile Crossing Blvd.,,Rochester,NY ,14624,USA,rlkistler.com,585-436-1940,"Sales,"
10007,Industrial/Commercial Sales & Service,00010214161002,"R.L. Kistler, Inc", 5615 Business Ave.,,N. Syracuse,NY ,13208,USA,,315-458-2875,"Sales,"
10007,Industrial/Commercial Sales & Service,00010001611002,Huntington Power, 68 Enter Ln,,Islandia,NY ,11749,USA,,631-563-4943,"Sales,Service,Up To 2MW,Mobile/Diesel/Gas,"
10007,Industrial/Commercial Sales & Service,00010001611002,Huntington Power, 34 E DUDLEY TOWN RD.,,BLOOMFIELD,CT ,06002,USA,,860-289-8790,"Sales,Service,Rental,"
10007,Industrial/Commercial Sales & Service,00010214161002,"R.L. Kistler, Inc", 5615 Business Ave.,,N. Syracuse,NY ,13208,USA,,315-458-2875,"Sales,"
10007,Industrial/Commercial Sales & Service,00010208021002,Modern Group Power Systems, 2501 Durham Road,,Bristol,PA ,19007,USA,www.moderngroup.com,800-404-7291,"Sales,Service,Up To 2MW,Mobile/Diesel/Gas,Training,Rental,"
10007,Industrial/Commercial Sales & Service,00010001731002,Authorized Services Of New England, 410 Forest Street,,Marlborough,MA ,01752,USA,www.asne.com,888-890-9886,"Financing,Sales,Service,Up To 2MW,Mobile/Diesel/Gas,Training,Rental,"
10007,Industrial/Commercial Sales & Service,00010008091002,MODERN HANDLING EQUIP, 75 NEW STREET,,EDISON,NJ ,08837,USA,www.moderngroup.com,800-779-5116,"Sales,Service,Up To 2MW,Mobile/Diesel/Gas,"
10007,Industrial/Commercial Sales & Service,00010208021002,Modern Group Power Systems, 200 Allied Parkway,,West Berlin,NJ ,08091,USA,,800-404-7291,"Sales,Service,Up To 2MW,Mobile/Diesel/Gas,"
10007,Industrial/Commercial Sales & Service,00010208021002,Modern Group Power Systems, 6352 Chapmans Rd,,Allentown,PA ,18106,USA,,800-404-7291,"Sales,Service,Up To 2MW,Mobile/Diesel/Gas,"
10007,Industrial/Commercial Sales & Service,00010208021002,Modern Group Power Systems, 295 New Commerce Blvd.,,Wilkes Barre,PA ,18706,USA,,800-404-7291,"Sales,Service,Up To 2MW,Mobile/Diesel/Gas,"
10007,Industrial/Commercial Sales & Service,00010208021002,Modern Group Power Systems, 66A South Gate Blvd.,,New Castle,DE ,19720,USA,,800-404-7291,"Sales,Service,Up To 2MW,Mobile/Diesel/Gas,"
10007,Industrial/Commercial Sales & Service,00010000931002,"EMERGENCY POWER SYSTEMS, LLC", 35 HAMILTON LANE,,GLENMONT,NY ,12077,USA,,800-914-1465,"Service,Up To 2MW,Mobile/Diesel/Gas,"
10007,Industrial/Commercial Sales & Service,00010000931002,"EMERGENCY POWER SYSTEMS, LLC", 35 HAMILTON LANE,,GLENMONT,NY ,12077,USA,,800-914-1465,"Service,"
10007,Industrial/Commercial Sales & Service,00010208021002,Modern Group Power Systems, 3480 Board Road,,York,PA ,17402,USA,,800-404-7291,"Sales,Service,Up To 2MW,Mobile/Diesel/Gas,"
10007,Industrial/Commercial Sales & Service,00010001731002,AUTHORIZED SERVICES OF NEW ENGLAND, 410 FOREST STREET,,MARLBOROUGH,MA ,01752,USA,,888-890-9886,"Sales,"
10007,Industrial/Commercial Sales & Service,00010001691002,Kelly Generator & Equipment, 1955 Dale Ln,,Owings,MD ,20736,USA,www.kge.com,410-257-5225,"Sales,Service,Up To 2MW,Mobile/Diesel/Gas,Training,Rental,"
10007,Industrial/Commercial Sales & Service,00010001761002,"GENSERVE, INC.", 100 NEWTOWN RD,,PLAINVIEW,NY ,11803,USA,www.genserveinc.com,631-435-0437,"Service,"
10007,Industrial/Commercial Sales & Service,00111209521002,LONG ISLAND EMERGENCY POWER -QO, 2 Ocean Avenue,,DEER PARK,NY ,11729,USA,,631-586-7513,"Sales,"
10007,Industrial/Commercial Sales & Service,00010139211002,POWERPRO SERVICE CO. INC., 608 JOHNSON AVE. UNIT 6,,BOHEMIA,NY ,11716,USA,,631-567-2700,"Sales,Service,Up To 600kW,Mobile/Diesel/Gas,"
10007,Industrial/Commercial Sales & Service,00010134071002,PEAK POWER SYSTEMS, 99 SPRAGUE AVENUE,,MIDDLETOWN,NY ,10940,USA,www.peakpowersystems.com,845-344-1975,"Sales,Service,Up To 600kW,Mobile/Diesel/Gas,Rental,"
10007,Industrial/Commercial Sales & Service,00111209531002,HUNTINGTON POWER - LONG ISLAND, PO BOX 2040,,SHELTON,CT ,06484,USA,,631-586-7513,"Sales,"
10007,Industrial/Commercial Sales & Service,00010001761002,"GENSERVE, INC.", 115A TWINBRIDGE DR.,,PENNSAUKEN,NJ ,08110,USA,www.genserveinc.com,856-324-0459,"Service,"
10007,Industrial/Commercial Sales & Service,00111184131002,HUNTER & LOMISON, 1956 W FOURTH ST,,WILLIAMSPORT,PA ,17701,USA,www.hunterlomison.com,570-326-1764,"Sales,Service,Up To 600kW,Mobile/Diesel/Gas,Rental,"
10007,Industrial/Commercial Sales & Service,00010000881002,HUNTER & LOMISON INC., 1956 W. 4TH STREET,,WILLIAMSPORT,PA ,17701,USA,www.hunterlomison.com,570-326-1764,"Service,Up To 600kW,Mobile/Diesel/Gas,"
10007,Industrial/Commercial Sales & Service,00010001621002,BROOKFIELD SERVICE, 708 GLEBE ROAD,,WESTMORELAND,NH ,03467,USA,www.brookfieldservice.com,802-485-6567,"Service,Up To 600kW,Mobile/Diesel/Gas,"
10007,Industrial/Commercial Sales & Service,00010021101002,SOUTH SHORE GENERATOR INC-Quote, 2696A CRANBERRY HWY,,WAREHAM,MA ,02571,USA,,508-295-7336,"Sales,Service,Up To 600kW,Mobile/Diesel/Gas,"
10007,Industrial/Commercial Sales & Service,00010001701002,SOUTH SHORE GENERATOR INC, ,,EAST WAREHAM,MA ,02538,USA,,508-295-7336,"Financing,Sales,Service,Up To 600kW,Mobile/Diesel/Gas,"
10007,Industrial/Commercial Sales & Service,00111207431002,WARSHAUER ELECTRIC SUPPLY CO INC, 800 SHREWSBURY AVE,,TINTON FALLS,NJ ,07724,USA,www.warshauer.com,732-741-6400,"Service,"
10007,Industrial/Commercial Sales & Service,00010157021002,Mechanical Service Co, 1145 Oak St.,,Pittston,PA ,18640,USA,,570-654-2445,"Service,"
10008,Industrial/Commercial Sales & Service,00010001611002,Huntington Power, 230 Long Hill Cross Rd,,Shelton,CT ,06484,USA,www.huntingtonpower.com,203-929-3203,"Sales,Service,Up To 2MW,Mobile/Diesel/Gas,Training,Rental,"
10008,Industrial/Commercial Sales & Service,00010214161002,"R.L. Kistler, Inc", 300 Mile Crossing Blvd.,,Rochester,NY ,14624,USA,rlkistler.com,585-436-1940,"Sales,"
10008,Industrial/Commercial Sales & Service,00010214161002,"R.L. KISTLER, INC.", 35 HAMILTON LANE,,GLENMONT,NY ,12077,USA,,585-436-1940,"Sales,Service,"
10008,Industrial/Commercial Sales & Service,00010001611002,Huntington Power, 68 Enter Ln,,Islandia,NY ,11749,USA,,631-563-4943,"Sales,Service,Up To 2MW,Mobile/Diesel/Gas,"
10008,Industrial/Commercial Sales & Service,00010001611002,Huntington Power, 34 E DUDLEY TOWN RD.,,BLOOMFIELD,CT ,06002,USA,,860-289-8790,"Sales,Service,Rental,"
10008,Industrial/Commercial Sales & Service,00010214161002,"R.L. Kistler, Inc", 5615 Business Ave.,,N. Syracuse,NY ,13208,USA,,315-458-2875,"Sales,"
10008,Industrial/Commercial Sales & Service,00010214161002,"R.L. Kistler, Inc", 5615 Business Ave.,,N. Syracuse,NY ,13208,USA,,315-458-2875,"Sales,"
10008,Industrial/Commercial Sales & Service,00010208021002,Modern Group Power Systems, 2501 Durham Road,,Bristol,PA ,19007,USA,www.moderngroup.com,800-404-7291,"Sales,Service,Up To 2MW,Mobile/Diesel/Gas,Training,Rental,"
10008,Industrial/Commercial Sales & Service,00010001731002,Authorized Services Of New England, 410 Forest Street,,Marlborough,MA ,01752,USA,www.asne.com,888-890-9886,"Financing,Sales,Service,Up To 2MW,Mobile/Diesel/Gas,Training,Rental,"
10008,Industrial/Commercial Sales & Service,00010008091002,MODERN HANDLING EQUIP, 75 NEW STREET,,EDISON,NJ ,08837,USA,www.moderngroup.com,800-779-5116,"Sales,Service,Up To 2MW,Mobile/Diesel/Gas,"
10008,Industrial/Commercial Sales & Service,00010208021002,Modern Group Power Systems, 200 Allied Parkway,,West Berlin,NJ ,08091,USA,,800-404-7291,"Sales,Service,Up To 2MW,Mobile/Diesel/Gas,"
10008,Industrial/Commercial Sales & Service,00010208021002,Modern Group Power Systems, 6352 Chapmans Rd,,Allentown,PA ,18106,USA,,800-404-7291,"Sales,Service,Up To 2MW,Mobile/Diesel/Gas,"
10008,Industrial/Commercial Sales & Service,00010208021002,Modern Group Power Systems, 295 New Commerce Blvd.,,Wilkes Barre,PA ,18706,USA,,800-404-7291,"Sales,Service,Up To 2MW,Mobile/Diesel/Gas,"
10008,Industrial/Commercial Sales & Service,00010208021002,Modern Group Power Systems, 66A South Gate Blvd.,,New Castle,DE ,19720,USA,,800-404-7291,"Sales,Service,Up To 2MW,Mobile/Diesel/Gas,"
10008,Industrial/Commercial Sales & Service,00010000931002,"EMERGENCY POWER SYSTEMS, LLC", 35 HAMILTON LANE,,GLENMONT,NY ,12077,USA,,800-914-1465,"Service,Up To 2MW,Mobile/Diesel/Gas,"
10008,Industrial/Commercial Sales & Service,00010000931002,"EMERGENCY POWER SYSTEMS, LLC", 35 HAMILTON LANE,,GLENMONT,NY ,12077,USA,,800-914-1465,"Service,"
10008,Industrial/Commercial Sales & Service,00010208021002,Modern Group Power Systems, 3480 Board Road,,York,PA ,17402,USA,,800-404-7291,"Sales,Service,Up To 2MW,Mobile/Diesel/Gas,"
10008,Industrial/Commercial Sales & Service,00010001731002,AUTHORIZED SERVICES OF NEW ENGLAND, 410 FOREST STREET,,MARLBOROUGH,MA ,01752,USA,,888-890-9886,"Sales,"
10008,Industrial/Commercial Sales & Service,00010001691002,Kelly Generator & Equipment, 1955 Dale Ln,,Owings,MD ,20736,USA,www.kge.com,410-257-5225,"Sales,Service,Up To 2MW,Mobile/Diesel/Gas,Training,Rental,"
10008,Industrial/Commercial Sales & Service,00010001761002,"GENSERVE, INC.", 100 NEWTOWN RD,,PLAINVIEW,NY ,11803,USA,www.genserveinc.com,631-435-0437,"Service,"
10008,Industrial/Commercial Sales & Service,00111209521002,LONG ISLAND EMERGENCY POWER -QO, 2 Ocean Avenue,,DEER PARK,NY ,11729,USA,,631-586-7513,"Sales,"
10008,Industrial/Commercial Sales & Service,00010139211002,POWERPRO SERVICE CO. INC., 608 JOHNSON AVE. UNIT 6,,BOHEMIA,NY ,11716,USA,,631-567-2700,"Sales,Service,Up To 600kW,Mobile/Diesel/Gas,"
10008,Industrial/Commercial Sales & Service,00010134071002,PEAK POWER SYSTEMS, 99 SPRAGUE AVENUE,,MIDDLETOWN,NY ,10940,USA,www.peakpowersystems.com,845-344-1975,"Sales,Service,Up To 600kW,Mobile/Diesel/Gas,Rental,"
10008,Industrial/Commercial Sales & Service,00111209531002,HUNTINGTON POWER - LONG ISLAND, PO BOX 2040,,SHELTON,CT ,06484,USA,,631-586-7513,"Sales,"
10008,Industrial/Commercial Sales & Service,00010001761002,"GENSERVE, INC.", 115A TWINBRIDGE DR.,,PENNSAUKEN,NJ ,08110,USA,www.genserveinc.com,856-324-0459,"Service,"
10008,Industrial/Commercial Sales & Service,00111184131002,HUNTER & LOMISON, 1956 W FOURTH ST,,WILLIAMSPORT,PA ,17701,USA,www.hunterlomison.com,570-326-1764,"Sales,Service,Up To 600kW,Mobile/Diesel/Gas,Rental,"
10008,Industrial/Commercial Sales & Service,00010000881002,HUNTER & LOMISON INC., 1956 W. 4TH STREET,,WILLIAMSPORT,PA ,17701,USA,www.hunterlomison.com,570-326-1764,"Service,Up To 600kW,Mobile/Diesel/Gas,"
10008,Industrial/Commercial Sales & Service,00010001621002,BROOKFIELD SERVICE, 708 GLEBE ROAD,,WESTMORELAND,NH ,03467,USA,www.brookfieldservice.com,802-485-6567,"Service,Up To 600kW,Mobile/Diesel/Gas,"
10008,Industrial/Commercial Sales & Service,00010021101002,SOUTH SHORE GENERATOR INC-Quote, 2696A CRANBERRY HWY,,WAREHAM,MA ,02571,USA,,508-295-7336,"Sales,Service,Up To 600kW,Mobile/Diesel/Gas,"
10008,Industrial/Commercial Sales & Service,00010001701002,SOUTH SHORE GENERATOR INC, ,,EAST WAREHAM,MA ,02538,USA,,508-295-7336,"Financing,Sales,Service,Up To 600kW,Mobile/Diesel/Gas,"
10008,Industrial/Commercial Sales & Service,00111207431002,WARSHAUER ELECTRIC SUPPLY CO INC, 800 SHREWSBURY AVE,,TINTON FALLS,NJ ,07724,USA,www.warshauer.com,732-741-6400,"Service,"
10008,Industrial/Commercial Sales & Service,00010157021002,Mechanical Service Co, 1145 Oak St.,,Pittston,PA ,18640,USA,,570-654-2445,"Service,"
10009,Industrial/Commercial Sales & Service,00010001611002,Huntington Power, 230 Long Hill Cross Rd,,Shelton,CT ,06484,USA,www.huntingtonpower.com,203-929-3203,"Sales,Service,Up To 2MW,Mobile/Diesel/Gas,Training,Rental,"
10009,Industrial/Commercial Sales & Service,00010214161002,"R.L. Kistler, Inc", 300 Mile Crossing Blvd.,,Rochester,NY ,14624,USA,rlkistler.com,585-436-1940,"Sales,"
10009,Industrial/Commercial Sales & Service,00010214161002,"R.L. KISTLER, INC.", 35 HAMILTON LANE,,GLENMONT,NY ,12077,USA,,585-436-1940,"Sales,Service,"
10009,Industrial/Commercial Sales & Service,00010001611002,Huntington Power, 68 Enter Ln,,Islandia,NY ,11749,USA,,631-563-4943,"Sales,Service,Up To 2MW,Mobile/Diesel/Gas,"
10009,Industrial/Commercial Sales & Service,00010001611002,Huntington Power, 34 E DUDLEY TOWN RD.,,BLOOMFIELD,CT ,06002,USA,,860-289-8790,"Sales,Service,Rental,"
10009,Industrial/Commercial Sales & Service,00010214161002,"R.L. Kistler, Inc", 5615 Business Ave.,,N. Syracuse,NY ,13208,USA,,315-458-2875,"Sales,"
10009,Industrial/Commercial Sales & Service,00010214161002,"R.L. Kistler, Inc", 5615 Business Ave.,,N. Syracuse,NY ,13208,USA,,315-458-2875,"Sales,"
10009,Industrial/Commercial Sales & Service,00010208021002,Modern Group Power Systems, 2501 Durham Road,,Bristol,PA ,19007,USA,www.moderngroup.com,800-404-7291,"Sales,Service,Up To 2MW,Mobile/Diesel/Gas,Training,Rental,"
10009,Industrial/Commercial Sales & Service,00010001731002,Authorized Services Of New England, 410 Forest Street,,Marlborough,MA ,01752,USA,www.asne.com,888-890-9886,"Financing,Sales,Service,Up To 2MW,Mobile/Diesel/Gas,Training,Rental,"
10009,Industrial/Commercial Sales & Service,00010008091002,MODERN HANDLING EQUIP, 75 NEW STREET,,EDISON,NJ ,08837,USA,www.moderngroup.com,800-779-5116,"Sales,Service,Up To 2MW,Mobile/Diesel/Gas,"
10009,Industrial/Commercial Sales & Service,00010208021002,Modern Group Power Systems, 200 Allied Parkway,,West Berlin,NJ ,08091,USA,,800-404-7291,"Sales,Service,Up To 2MW,Mobile/Diesel/Gas,"
10009,Industrial/Commercial Sales & Service,00010208021002,Modern Group Power Systems, 6352 Chapmans Rd,,Allentown,PA ,18106,USA,,800-404-7291,"Sales,Service,Up To 2MW,Mobile/Diesel/Gas,"
10009,Industrial/Commercial Sales & Service,00010208021002,Modern Group Power Systems, 295 New Commerce Blvd.,,Wilkes Barre,PA ,18706,USA,,800-404-7291,"Sales,Service,Up To 2MW,Mobile/Diesel/Gas,"
10009,Industrial/Commercial Sales & Service,00010208021002,Modern Group Power Systems, 66A South Gate Blvd.,,New Castle,DE ,19720,USA,,800-404-7291,"Sales,Service,Up To 2MW,Mobile/Diesel/Gas,"
10009,Industrial/Commercial Sales & Service,00010000931002,"EMERGENCY POWER SYSTEMS, LLC", 35 HAMILTON LANE,,GLENMONT,NY ,12077,USA,,800-914-1465,"Service,Up To 2MW,Mobile/Diesel/Gas,"
10009,Industrial/Commercial Sales & Service,00010000931002,"EMERGENCY POWER SYSTEMS, LLC", 35 HAMILTON LANE,,GLENMONT,NY ,12077,USA,,800-914-1465,"Service,"
10009,Industrial/Commercial Sales & Service,00010208021002,Modern Group Power Systems, 3480 Board Road,,York,PA ,17402,USA,,800-404-7291,"Sales,Service,Up To 2MW,Mobile/Diesel/Gas,"
10009,Industrial/Commercial Sales & Service,00010001731002,AUTHORIZED SERVICES OF NEW ENGLAND, 410 FOREST STREET,,MARLBOROUGH,MA ,01752,USA,,888-890-9886,"Sales,"
10009,Industrial/Commercial Sales & Service,00010001691002,Kelly Generator & Equipment, 1955 Dale Ln,,Owings,MD ,20736,USA,www.kge.com,410-257-5225,"Sales,Service,Up To 2MW,Mobile/Diesel/Gas,Training,Rental,"
10009,Industrial/Commercial Sales & Service,00010001761002,"GENSERVE, INC.", 100 NEWTOWN RD,,PLAINVIEW,NY ,11803,USA,www.genserveinc.com,631-435-0437,"Service,"
10009,Industrial/Commercial Sales & Service,00111209521002,LONG ISLAND EMERGENCY POWER -QO, 2 Ocean Avenue,,DEER PARK,NY ,11729,USA,,631-586-7513,"Sales,"
10009,Industrial/Commercial Sales & Service,00010139211002,POWERPRO SERVICE CO. INC., 608 JOHNSON AVE. UNIT 6,,BOHEMIA,NY ,11716,USA,,631-567-2700,"Sales,Service,Up To 600kW,Mobile/Diesel/Gas,"
10009,Industrial/Commercial Sales & Service,00010134071002,PEAK POWER SYSTEMS, 99 SPRAGUE AVENUE,,MIDDLETOWN,NY ,10940,USA,www.peakpowersystems.com,845-344-1975,"Sales,Service,Up To 600kW,Mobile/Diesel/Gas,Rental,"
10009,Industrial/Commercial Sales & Service,00111209531002,HUNTINGTON POWER - LONG ISLAND, PO BOX 2040,,SHELTON,CT ,06484,USA,,631-586-7513,"Sales,"
10009,Industrial/Commercial Sales & Service,00010001761002,"GENSERVE, INC.", 115A TWINBRIDGE DR.,,PENNSAUKEN,NJ ,08110,USA,www.genserveinc.com,856-324-0459,"Service,"
10009,Industrial/Commercial Sales & Service,00111184131002,HUNTER & LOMISON, 1956 W FOURTH ST,,WILLIAMSPORT,PA ,17701,USA,www.hunterlomison.com,570-326-1764,"Sales,Service,Up To 600kW,Mobile/Diesel/Gas,Rental,"
10009,Industrial/Commercial Sales & Service,00010000881002,HUNTER & LOMISON INC., 1956 W. 4TH STREET,,WILLIAMSPORT,PA ,17701,USA,www.hunterlomison.com,570-326-1764,"Service,Up To 600kW,Mobile/Diesel/Gas,"
10009,Industrial/Commercial Sales & Service,00010001621002,BROOKFIELD SERVICE, 708 GLEBE ROAD,,WESTMORELAND,NH ,03467,USA,www.brookfieldservice.com,802-485-6567,"Service,Up To 600kW,Mobile/Diesel/Gas,"
10009,Industrial/Commercial Sales & Service,00010021101002,SOUTH SHORE GENERATOR INC-Quote, 2696A CRANBERRY HWY,,WAREHAM,MA ,02571,USA,,508-295-7336,"Sales,Service,Up To 600kW,Mobile/Diesel/Gas,"
10009,Industrial/Commercial Sales & Service,00010001701002,SOUTH SHORE GENERATOR INC, ,,EAST WAREHAM,MA ,02538,USA,,508-295-7336,"Financing,Sales,Service,Up To 600kW,Mobile/Diesel/Gas,"
10009,Industrial/Commercial Sales & Service,00111207431002,WARSHAUER ELECTRIC SUPPLY CO INC, 800 SHREWSBURY AVE,,TINTON FALLS,NJ ,07724,USA,www.warshauer.com,732-741-6400,"Service,"
10009,Industrial/Commercial Sales & Service,00010157021002,Mechanical Service Co, 1145 Oak St.,,Pittston,PA ,18640,USA,,570-654-2445,"Service,"
10010,Industrial/Commercial Sales & Service,00010214161002,"R.L. Kistler, Inc", 300 Mile Crossing Blvd.,,Rochester,NY ,14624,USA,rlkistler.com,585-436-1940,"Sales,"
10010,Industrial/Commercial Sales & Service,00010214161002,"R.L. KISTLER, INC.", 35 HAMILTON LANE,,GLENMONT,NY ,12077,USA,,585-436-1940,"Sales,Service,"
10010,Industrial/Commercial Sales & Service,00010001611002,Huntington Power, 230 Long Hill Cross Rd,,Shelton,CT ,06484,USA,www.huntingtonpower.com,203-929-3203,"Sales,Service,Up To 2MW,Mobile/Diesel/Gas,Training,Rental,"
10010,Industrial/Commercial Sales & Service,00010214161002,"R.L. Kistler, Inc", 5615 Business Ave.,,N. Syracuse,NY ,13208,USA,,315-458-2875,"Sales,"
10010,Industrial/Commercial Sales & Service,00010214161002,"R.L. Kistler, Inc", 5615 Business Ave.,,N. Syracuse,NY ,13208,USA,,315-458-2875,"Sales,"
10010,Industrial/Commercial Sales & Service,00010001611002,Huntington Power, 68 Enter Ln,,Islandia,NY ,11749,USA,,631-563-4943,"Sales,Service,Up To 2MW,Mobile/Diesel/Gas,"
10010,Industrial/Commercial Sales & Service,00010001611002,Huntington Power, 34 E DUDLEY TOWN RD.,,BLOOMFIELD,CT ,06002,USA,,860-289-8790,"Sales,Service,Rental,"
10010,Industrial/Commercial Sales & Service,00010208021002,Modern Group Power Systems, 2501 Durham Road,,Bristol,PA ,19007,USA,www.moderngroup.com,800-404-7291,"Sales,Service,Up To 2MW,Mobile/Diesel/Gas,Training,Rental,"
10010,Industrial/Commercial Sales & Service,00010001731002,Authorized Services Of New England, 410 Forest Street,,Marlborough,MA ,01752,USA,www.asne.com,888-890-9886,"Financing,Sales,Service,Up To 2MW,Mobile/Diesel/Gas,Training,Rental,"
10010,Industrial/Commercial Sales & Service,00010008091002,MODERN HANDLING EQUIP, 75 NEW STREET,,EDISON,NJ ,08837,USA,www.moderngroup.com,800-779-5116,"Sales,Service,Up To 2MW,Mobile/Diesel/Gas,"
10010,Industrial/Commercial Sales & Service,00010208021002,Modern Group Power Systems, 200 Allied Parkway,,West Berlin,NJ ,08091,USA,,800-404-7291,"Sales,Service,Up To 2MW,Mobile/Diesel/Gas,"
10010,Industrial/Commercial Sales & Service,00010208021002,Modern Group Power Systems, 6352 Chapmans Rd,,Allentown,PA ,18106,USA,,800-404-7291,"Sales,Service,Up To 2MW,Mobile/Diesel/Gas,"
10010,Industrial/Commercial Sales & Service,00010208021002,Modern Group Power Systems, 295 New Commerce Blvd.,,Wilkes Barre,PA ,18706,USA,,800-404-7291,"Sales,Service,Up To 2MW,Mobile/Diesel/Gas,"
10010,Industrial/Commercial Sales & Service,00010208021002,Modern Group Power Systems, 66A South Gate Blvd.,,New Castle,DE ,19720,USA,,800-404-7291,"Sales,Service,Up To 2MW,Mobile/Diesel/Gas,"
10010,Industrial/Commercial Sales & Service,00010000931002,"EMERGENCY POWER SYSTEMS, LLC", 35 HAMILTON LANE,,GLENMONT,NY ,12077,USA,,800-914-1465,"Service,Up To 2MW,Mobile/Diesel/Gas,"
10010,Industrial/Commercial Sales & Service,00010000931002,"EMERGENCY POWER SYSTEMS, LLC", 35 HAMILTON LANE,,GLENMONT,NY ,12077,USA,,800-914-1465,"Service,"
10010,Industrial/Commercial Sales & Service,00010208021002,Modern Group Power Systems, 3480 Board Road,,York,PA ,17402,USA,,800-404-7291,"Sales,Service,Up To 2MW,Mobile/Diesel/Gas,"
10010,Industrial/Commercial Sales & Service,00010001731002,AUTHORIZED SERVICES OF NEW ENGLAND, 410 FOREST STREET,,MARLBOROUGH,MA ,01752,USA,,888-890-9886,"Sales,"
10010,Industrial/Commercial Sales & Service,00010001691002,Kelly Generator & Equipment, 1955 Dale Ln,,Owings,MD ,20736,USA,www.kge.com,410-257-5225,"Sales,Service,Up To 2MW,Mobile/Diesel/Gas,Training,Rental,"
10010,Industrial/Commercial Sales & Service,00010001761002,"GENSERVE, INC.", 100 NEWTOWN RD,,PLAINVIEW,NY ,11803,USA,www.genserveinc.com,631-435-0437,"Service,"
10010,Industrial/Commercial Sales & Service,00111209521002,LONG ISLAND EMERGENCY POWER -QO, 2 Ocean Avenue,,DEER PARK,NY ,11729,USA,,631-586-7513,"Sales,"
10010,Industrial/Commercial Sales & Service,00010139211002,POWERPRO SERVICE CO. INC., 608 JOHNSON AVE. UNIT 6,,BOHEMIA,NY ,11716,USA,,631-567-2700,"Sales,Service,Up To 600kW,Mobile/Diesel/Gas,"
10010,Industrial/Commercial Sales & Service,00010134071002,PEAK POWER SYSTEMS, 99 SPRAGUE AVENUE,,MIDDLETOWN,NY ,10940,USA,www.peakpowersystems.com,845-344-1975,"Sales,Service,Up To 600kW,Mobile/Diesel/Gas,Rental,"
10010,Industrial/Commercial Sales & Service,00111209531002,HUNTINGTON POWER - LONG ISLAND, PO BOX 2040,,SHELTON,CT ,06484,USA,,631-586-7513,"Sales,"
10010,Industrial/Commercial Sales & Service,00010001761002,"GENSERVE, INC.", 115A TWINBRIDGE DR.,,PENNSAUKEN,NJ ,08110,USA,www.genserveinc.com,856-324-0459,"Service,"
10010,Industrial/Commercial Sales & Service,00111184131002,HUNTER & LOMISON, 1956 W FOURTH ST,,WILLIAMSPORT,PA ,17701,USA,www.hunterlomison.com,570-326-1764,"Sales,Service,Up To 600kW,Mobile/Diesel/Gas,Rental,"
10010,Industrial/Commercial Sales & Service,00010000881002,HUNTER & LOMISON INC., 1956 W. 4TH STREET,,WILLIAMSPORT,PA ,17701,USA,www.hunterlomison.com,570-326-1764,"Service,Up To 600kW,Mobile/Diesel/Gas,"
10010,Industrial/Commercial Sales & Service,00010001621002,BROOKFIELD SERVICE, 708 GLEBE ROAD,,WESTMORELAND,NH ,03467,USA,www.brookfieldservice.com,802-485-6567,"Service,Up To 600kW,Mobile/Diesel/Gas,"
10010,Industrial/Commercial Sales & Service,00010021101002,SOUTH SHORE GENERATOR INC-Quote, 2696A CRANBERRY HWY,,WAREHAM,MA ,02571,USA,,508-295-7336,"Sales,Service,Up To 600kW,Mobile/Diesel/Gas,"
10010,Industrial/Commercial Sales & Service,00010001701002,SOUTH SHORE GENERATOR INC, ,,EAST WAREHAM,MA ,02538,USA,,508-295-7336,"Financing,Sales,Service,Up To 600kW,Mobile/Diesel/Gas,"
10010,Industrial/Commercial Sales & Service,00111207431002,WARSHAUER ELECTRIC SUPPLY CO INC, 800 SHREWSBURY AVE,,TINTON FALLS,NJ ,07724,USA,www.warshauer.com,732-741-6400,"Service,"
10010,Industrial/Commercial Sales & Service,00010157021002,Mechanical Service Co, 1145 Oak St.,,Pittston,PA ,18640,USA,,570-654-2445,"Service,"
10011,Industrial/Commercial Sales & Service,00010001611002,Huntington Power, 230 Long Hill Cross Rd,,Shelton,CT ,06484,USA,www.huntingtonpower.com,203-929-3203,"Sales,Service,Up To 2MW,Mobile/Diesel/Gas,Training,Rental,"
10011,Industrial/Commercial Sales & Service,00010214161002,"R.L. KISTLER, INC.", 35 HAMILTON LANE,,GLENMONT,NY ,12077,USA,,585-436-1940,"Sales,Service,"
10011,Industrial/Commercial Sales & Service,00010214161002,"R.L. Kistler, Inc", 300 Mile Crossing Blvd.,,Rochester,NY ,14624,USA,rlkistler.com,585-436-1940,"Sales,"
10011,Industrial/Commercial Sales & Service,00010001611002,Huntington Power, 68 Enter Ln,,Islandia,NY ,11749,USA,,631-563-4943,"Sales,Service,Up To 2MW,Mobile/Diesel/Gas,"
10011,Industrial/Commercial Sales & Service,00010001611002,Huntington Power, 34 E DUDLEY TOWN RD.,,BLOOMFIELD,CT ,06002,USA,,860-289-8790,"Sales,Service,Rental,"
10011,Industrial/Commercial Sales & Service,00010214161002,"R.L. Kistler, Inc", 5615 Business Ave.,,N. Syracuse,NY ,13208,USA,,315-458-2875,"Sales,"
10011,Industrial/Commercial Sales & Service,00010214161002,"R.L. Kistler, Inc", 5615 Business Ave.,,N. Syracuse,NY ,13208,USA,,315-458-2875,"Sales,"
10011,Industrial/Commercial Sales & Service,00010208021002,Modern Group Power Systems, 2501 Durham Road,,Bristol,PA ,19007,USA,www.moderngroup.com,800-404-7291,"Sales,Service,Up To 2MW,Mobile/Diesel/Gas,Training,Rental,"
10011,Industrial/Commercial Sales & Service,00010001731002,Authorized Services Of New England, 410 Forest Street,,Marlborough,MA ,01752,USA,www.asne.com,888-890-9886,"Financing,Sales,Service,Up To 2MW,Mobile/Diesel/Gas,Training,Rental,"
10011,Industrial/Commercial Sales & Service,00010008091002,MODERN HANDLING EQUIP, 75 NEW STREET,,EDISON,NJ ,08837,USA,www.moderngroup.com,800-779-5116,"Sales,Service,Up To 2MW,Mobile/Diesel/Gas,"
10011,Industrial/Commercial Sales & Service,00010208021002,Modern Group Power Systems, 200 Allied Parkway,,West Berlin,NJ ,08091,USA,,800-404-7291,"Sales,Service,Up To 2MW,Mobile/Diesel/Gas,"
10011,Industrial/Commercial Sales & Service,00010208021002,Modern Group Power Systems, 6352 Chapmans Rd,,Allentown,PA ,18106,USA,,800-404-7291,"Sales,Service,Up To 2MW,Mobile/Diesel/Gas,"
10011,Industrial/Commercial Sales & Service,00010208021002,Modern Group Power Systems, 295 New Commerce Blvd.,,Wilkes Barre,PA ,18706,USA,,800-404-7291,"Sales,Service,Up To 2MW,Mobile/Diesel/Gas,"
10011,Industrial/Commercial Sales & Service,00010208021002,Modern Group Power Systems, 66A South Gate Blvd.,,New Castle,DE ,19720,USA,,800-404-7291,"Sales,Service,Up To 2MW,Mobile/Diesel/Gas,"
10011,Industrial/Commercial Sales & Service,00010000931002,"EMERGENCY POWER SYSTEMS, LLC", 35 HAMILTON LANE,,GLENMONT,NY ,12077,USA,,800-914-1465,"Service,Up To 2MW,Mobile/Diesel/Gas,"
10011,Industrial/Commercial Sales & Service,00010000931002,"EMERGENCY POWER SYSTEMS, LLC", 35 HAMILTON LANE,,GLENMONT,NY ,12077,USA,,800-914-1465,"Service,"
10011,Industrial/Commercial Sales & Service,00010208021002,Modern Group Power Systems, 3480 Board Road,,York,PA ,17402,USA,,800-404-7291,"Sales,Service,Up To 2MW,Mobile/Diesel/Gas,"
10011,Industrial/Commercial Sales & Service,00010001731002,AUTHORIZED SERVICES OF NEW ENGLAND, 410 FOREST STREET,,MARLBOROUGH,MA ,01752,USA,,888-890-9886,"Sales,"
10011,Industrial/Commercial Sales & Service,00010001691002,Kelly Generator & Equipment, 1955 Dale Ln,,Owings,MD ,20736,USA,www.kge.com,410-257-5225,"Sales,Service,Up To 2MW,Mobile/Diesel/Gas,Training,Rental,"
10011,Industrial/Commercial Sales & Service,00010001761002,"GENSERVE, INC.", 100 NEWTOWN RD,,PLAINVIEW,NY ,11803,USA,www.genserveinc.com,631-435-0437,"Service,"
10011,Industrial/Commercial Sales & Service,00111209521002,LONG ISLAND EMERGENCY POWER -QO, 2 Ocean Avenue,,DEER PARK,NY ,11729,USA,,631-586-7513,"Sales,"
10011,Industrial/Commercial Sales & Service,00010139211002,POWERPRO SERVICE CO. INC., 608 JOHNSON AVE. UNIT 6,,BOHEMIA,NY ,11716,USA,,631-567-2700,"Sales,Service,Up To 600kW,Mobile/Diesel/Gas,"
10011,Industrial/Commercial Sales & Service,00010134071002,PEAK POWER SYSTEMS, 99 SPRAGUE AVENUE,,MIDDLETOWN,NY ,10940,USA,www.peakpowersystems.com,845-344-1975,"Sales,Service,Up To 600kW,Mobile/Diesel/Gas,Rental,"
10011,Industrial/Commercial Sales & Service,00111209531002,HUNTINGTON POWER - LONG ISLAND, PO BOX 2040,,SHELTON,CT ,06484,USA,,631-586-7513,"Sales,"
10011,Industrial/Commercial Sales & Service,00010001761002,"GENSERVE, INC.", 115A TWINBRIDGE DR.,,PENNSAUKEN,NJ ,08110,USA,www.genserveinc.com,856-324-0459,"Service,"
10011,Industrial/Commercial Sales & Service,00111184131002,HUNTER & LOMISON, 1956 W FOURTH ST,,WILLIAMSPORT,PA ,17701,USA,www.hunterlomison.com,570-326-1764,"Sales,Service,Up To 600kW,Mobile/Diesel/Gas,Rental,"
10011,Industrial/Commercial Sales & Service,00010000881002,HUNTER & LOMISON INC., 1956 W. 4TH STREET,,WILLIAMSPORT,PA ,17701,USA,www.hunterlomison.com,570-326-1764,"Service,Up To 600kW,Mobile/Diesel/Gas,"
10011,Industrial/Commercial Sales & Service,00010001621002,BROOKFIELD SERVICE, 708 GLEBE ROAD,,WESTMORELAND,NH ,03467,USA,www.brookfieldservice.com,802-485-6567,"Service,Up To 600kW,Mobile/Diesel/Gas,"
10011,Industrial/Commercial Sales & Service,00010021101002,SOUTH SHORE GENERATOR INC-Quote, 2696A CRANBERRY HWY,,WAREHAM,MA ,02571,USA,,508-295-7336,"Sales,Service,Up To 600kW,Mobile/Diesel/Gas,"
10011,Industrial/Commercial Sales & Service,00010001701002,SOUTH SHORE GENERATOR INC, ,,EAST WAREHAM,MA ,02538,USA,,508-295-7336,"Financing,Sales,Service,Up To 600kW,Mobile/Diesel/Gas,"
10011,Industrial/Commercial Sales & Service,00111207431002,WARSHAUER ELECTRIC SUPPLY CO INC, 800 SHREWSBURY AVE,,TINTON FALLS,NJ ,07724,USA,www.warshauer.com,732-741-6400,"Service,"
10011,Industrial/Commercial Sales & Service,00010157021002,Mechanical Service Co, 1145 Oak St.,,Pittston,PA ,18640,USA,,570-654-2445,"Service,"
10012,Industrial/Commercial Sales & Service,00010001611002,Huntington Power, 230 Long Hill Cross Rd,,Shelton,CT ,06484,USA,www.huntingtonpower.com,203-929-3203,"Sales,Service,Up To 2MW,Mobile/Diesel/Gas,Training,Rental,"
10012,Industrial/Commercial Sales & Service,00010214161002,"R.L. KISTLER, INC.", 35 HAMILTON LANE,,GLENMONT,NY ,12077,USA,,585-436-1940,"Sales,Service,"
10012,Industrial/Commercial Sales & Service,00010214161002,"R.L. Kistler, Inc", 300 Mile Crossing Blvd.,,Rochester,NY ,14624,USA,rlkistler.com,585-436-1940,"Sales,"
10012,Industrial/Commercial Sales & Service,00010001611002,Huntington Power, 68 Enter Ln,,Islandia,NY ,11749,USA,,631-563-4943,"Sales,Service,Up To 2MW,Mobile/Diesel/Gas,"
10012,Industrial/Commercial Sales & Service,00010001611002,Huntington Power, 34 E DUDLEY TOWN RD.,,BLOOMFIELD,CT ,06002,USA,,860-289-8790,"Sales,Service,Rental,"
10012,Industrial/Commercial Sales & Service,00010214161002,"R.L. Kistler, Inc", 5615 Business Ave.,,N. Syracuse,NY ,13208,USA,,315-458-2875,"Sales,"
10012,Industrial/Commercial Sales & Service,00010214161002,"R.L. Kistler, Inc", 5615 Business Ave.,,N. Syracuse,NY ,13208,USA,,315-458-2875,"Sales,"
10012,Industrial/Commercial Sales & Service,00010208021002,Modern Group Power Systems, 2501 Durham Road,,Bristol,PA ,19007,USA,www.moderngroup.com,800-404-7291,"Sales,Service,Up To 2MW,Mobile/Diesel/Gas,Training,Rental,"
10012,Industrial/Commercial Sales & Service,00010001731002,Authorized Services Of New England, 410 Forest Street,,Marlborough,MA ,01752,USA,www.asne.com,888-890-9886,"Financing,Sales,Service,Up To 2MW,Mobile/Diesel/Gas,Training,Rental,"
10012,Industrial/Commercial Sales & Service,00010008091002,MODERN HANDLING EQUIP, 75 NEW STREET,,EDISON,NJ ,08837,USA,www.moderngroup.com,800-779-5116,"Sales,Service,Up To 2MW,Mobile/Diesel/Gas,"
10012,Industrial/Commercial Sales & Service,00010208021002,Modern Group Power Systems, 200 Allied Parkway,,West Berlin,NJ ,08091,USA,,800-404-7291,"Sales,Service,Up To 2MW,Mobile/Diesel/Gas,"
10012,Industrial/Commercial Sales & Service,00010208021002,Modern Group Power Systems, 6352 Chapmans Rd,,Allentown,PA ,18106,USA,,800-404-7291,"Sales,Service,Up To 2MW,Mobile/Diesel/Gas,"
10012,Industrial/Commercial Sales & Service,00010208021002,Modern Group Power Systems, 295 New Commerce Blvd.,,Wilkes Barre,PA ,18706,USA,,800-404-7291,"Sales,Service,Up To 2MW,Mobile/Diesel/Gas,"
10012,Industrial/Commercial Sales & Service,00010208021002,Modern Group Power Systems, 66A South Gate Blvd.,,New Castle,DE ,19720,USA,,800-404-7291,"Sales,Service,Up To 2MW,Mobile/Diesel/Gas,"
10012,Industrial/Commercial Sales & Service,00010000931002,"EMERGENCY POWER SYSTEMS, LLC", 35 HAMILTON LANE,,GLENMONT,NY ,12077,USA,,800-914-1465,"Service,Up To 2MW,Mobile/Diesel/Gas,"
10012,Industrial/Commercial Sales & Service,00010000931002,"EMERGENCY POWER SYSTEMS, LLC", 35 HAMILTON LANE,,GLENMONT,NY ,12077,USA,,800-914-1465,"Service,"
10012,Industrial/Commercial Sales & Service,00010208021002,Modern Group Power Systems, 3480 Board Road,,York,PA ,17402,USA,,800-404-7291,"Sales,Service,Up To 2MW,Mobile/Diesel/Gas,"
10012,Industrial/Commercial Sales & Service,00010001731002,AUTHORIZED SERVICES OF NEW ENGLAND, 410 FOREST STREET,,MARLBOROUGH,MA ,01752,USA,,888-890-9886,"Sales,"
10012,Industrial/Commercial Sales & Service,00010001691002,Kelly Generator & Equipment, 1955 Dale Ln,,Owings,MD ,20736,USA,www.kge.com,410-257-5225,"Sales,Service,Up To 2MW,Mobile/Diesel/Gas,Training,Rental,"
10012,Industrial/Commercial Sales & Service,00010001761002,"GENSERVE, INC.", 100 NEWTOWN RD,,PLAINVIEW,NY ,11803,USA,www.genserveinc.com,631-435-0437,"Service,"
10012,Industrial/Commercial Sales & Service,00111209521002,LONG ISLAND EMERGENCY POWER -QO, 2 Ocean Avenue,,DEER PARK,NY ,11729,USA,,631-586-7513,"Sales,"
10012,Industrial/Commercial Sales & Service,00010139211002,POWERPRO SERVICE CO. INC., 608 JOHNSON AVE. UNIT 6,,BOHEMIA,NY ,11716,USA,,631-567-2700,"Sales,Service,Up To 600kW,Mobile/Diesel/Gas,"
10012,Industrial/Commercial Sales & Service,00010134071002,PEAK POWER SYSTEMS, 99 SPRAGUE AVENUE,,MIDDLETOWN,NY ,10940,USA,www.peakpowersystems.com,845-344-1975,"Sales,Service,Up To 600kW,Mobile/Diesel/Gas,Rental,"
10012,Industrial/Commercial Sales & Service,00111209531002,HUNTINGTON POWER - LONG ISLAND, PO BOX 2040,,SHELTON,CT ,06484,USA,,631-586-7513,"Sales,"
10012,Industrial/Commercial Sales & Service,00010001761002,"GENSERVE, INC.", 115A TWINBRIDGE DR.,,PENNSAUKEN,NJ ,08110,USA,www.genserveinc.com,856-324-0459,"Service,"
10012,Industrial/Commercial Sales & Service,00111184131002,HUNTER & LOMISON, 1956 W FOURTH ST,,WILLIAMSPORT,PA ,17701,USA,www.hunterlomison.com,570-326-1764,"Sales,Service,Up To 600kW,Mobile/Diesel/Gas,Rental,"
10012,Industrial/Commercial Sales & Service,00010000881002,HUNTER & LOMISON INC., 1956 W. 4TH STREET,,WILLIAMSPORT,PA ,17701,USA,www.hunterlomison.com,570-326-1764,"Service,Up To 600kW,Mobile/Diesel/Gas,"
10012,Industrial/Commercial Sales & Service,00010001621002,BROOKFIELD SERVICE, 708 GLEBE ROAD,,WESTMORELAND,NH ,03467,USA,www.brookfieldservice.com,802-485-6567,"Service,Up To 600kW,Mobile/Diesel/Gas,"
10012,Industrial/Commercial Sales & Service,00010021101002,SOUTH SHORE GENERATOR INC-Quote, 2696A CRANBERRY HWY,,WAREHAM,MA ,02571,USA,,508-295-7336,"Sales,Service,Up To 600kW,Mobile/Diesel/Gas,"
10012,Industrial/Commercial Sales & Service,00010001701002,SOUTH SHORE GENERATOR INC, ,,EAST WAREHAM,MA ,02538,USA,,508-295-7336,"Financing,Sales,Service,Up To 600kW,Mobile/Diesel/Gas,"
10012,Industrial/Commercial Sales & Service,00111207431002,WARSHAUER ELECTRIC SUPPLY CO INC, 800 SHREWSBURY AVE,,TINTON FALLS,NJ ,07724,USA,www.warshauer.com,732-741-6400,"Service,"
10012,Industrial/Commercial Sales & Service,00010157021002,Mechanical Service Co, 1145 Oak St.,,Pittston,PA ,18640,USA,,570-654-2445,"Service,"
10013,Industrial/Commercial Sales & Service,00010214161002,"R.L. Kistler, Inc", 300 Mile Crossing Blvd.,,Rochester,NY ,14624,USA,rlkistler.com,585-436-1940,"Sales,"
10013,Industrial/Commercial Sales & Service,00010214161002,"R.L. KISTLER, INC.", 35 HAMILTON LANE,,GLENMONT,NY ,12077,USA,,585-436-1940,"Sales,Service,"
10013,Industrial/Commercial Sales & Service,00010001611002,Huntington Power, 230 Long Hill Cross Rd,,Shelton,CT ,06484,USA,www.huntingtonpower.com,203-929-3203,"Sales,Service,Up To 2MW,Mobile/Diesel/Gas,Training,Rental,"
10013,Industrial/Commercial Sales & Service,00010214161002,"R.L. Kistler, Inc", 5615 Business Ave.,,N. Syracuse,NY ,13208,USA,,315-458-2875,"Sales,"
10013,Industrial/Commercial Sales & Service,00010214161002,"R.L. Kistler, Inc", 5615 Business Ave.,,N. Syracuse,NY ,13208,USA,,315-458-2875,"Sales,"
10013,Industrial/Commercial Sales & Service,00010001611002,Huntington Power, 68 Enter Ln,,Islandia,NY ,11749,USA,,631-563-4943,"Sales,Service,Up To 2MW,Mobile/Diesel/Gas,"
10013,Industrial/Commercial Sales & Service,00010001611002,Huntington Power, 34 E DUDLEY TOWN RD.,,BLOOMFIELD,CT ,06002,USA,,860-289-8790,"Sales,Service,Rental,"
10013,Industrial/Commercial Sales & Service,00010208021002,Modern Group Power Systems, 2501 Durham Road,,Bristol,PA ,19007,USA,www.moderngroup.com,800-404-7291,"Sales,Service,Up To 2MW,Mobile/Diesel/Gas,Training,Rental,"
10013,Industrial/Commercial Sales & Service,00010001731002,Authorized Services Of New England, 410 Forest Street,,Marlborough,MA ,01752,USA,www.asne.com,888-890-9886,"Financing,Sales,Service,Up To 2MW,Mobile/Diesel/Gas,Training,Rental,"
10013,Industrial/Commercial Sales & Service,00010008091002,MODERN HANDLING EQUIP, 75 NEW STREET,,EDISON,NJ ,08837,USA,www.moderngroup.com,800-779-5116,"Sales,Service,Up To 2MW,Mobile/Diesel/Gas,"
10013,Industrial/Commercial Sales & Service,00010208021002,Modern Group Power Systems, 200 Allied Parkway,,West Berlin,NJ ,08091,USA,,800-404-7291,"Sales,Service,Up To 2MW,Mobile/Diesel/Gas,"
10013,Industrial/Commercial Sales & Service,00010208021002,Modern Group Power Systems, 6352 Chapmans Rd,,Allentown,PA ,18106,USA,,800-404-7291,"Sales,Service,Up To 2MW,Mobile/Diesel/Gas,"
10013,Industrial/Commercial Sales & Service,00010208021002,Modern Group Power Systems, 295 New Commerce Blvd.,,Wilkes Barre,PA ,18706,USA,,800-404-7291,"Sales,Service,Up To 2MW,Mobile/Diesel/Gas,"
10013,Industrial/Commercial Sales & Service,00010208021002,Modern Group Power Systems, 66A South Gate Blvd.,,New Castle,DE ,19720,USA,,800-404-7291,"Sales,Service,Up To 2MW,Mobile/Diesel/Gas,"
10013,Industrial/Commercial Sales & Service,00010000931002,"EMERGENCY POWER SYSTEMS, LLC", 35 HAMILTON LANE,,GLENMONT,NY ,12077,USA,,800-914-1465,"Service,Up To 2MW,Mobile/Diesel/Gas,"
10013,Industrial/Commercial Sales & Service,00010000931002,"EMERGENCY POWER SYSTEMS, LLC", 35 HAMILTON LANE,,GLENMONT,NY ,12077,USA,,800-914-1465,"Service,"
10013,Industrial/Commercial Sales & Service,00010208021002,Modern Group Power Systems, 3480 Board Road,,York,PA ,17402,USA,,800-404-7291,"Sales,Service,Up To 2MW,Mobile/Diesel/Gas,"
10013,Industrial/Commercial Sales & Service,00010001731002,AUTHORIZED SERVICES OF NEW ENGLAND, 410 FOREST STREET,,MARLBOROUGH,MA ,01752,USA,,888-890-9886,"Sales,"
10013,Industrial/Commercial Sales & Service,00010001691002,Kelly Generator & Equipment, 1955 Dale Ln,,Owings,MD ,20736,USA,www.kge.com,410-257-5225,"Sales,Service,Up To 2MW,Mobile/Diesel/Gas,Training,Rental,"
10013,Industrial/Commercial Sales & Service,00010001761002,"GENSERVE, INC.", 100 NEWTOWN RD,,PLAINVIEW,NY ,11803,USA,www.genserveinc.com,631-435-0437,"Service,"
10013,Industrial/Commercial Sales & Service,00111209521002,LONG ISLAND EMERGENCY POWER -QO, 2 Ocean Avenue,,DEER PARK,NY ,11729,USA,,631-586-7513,"Sales,"
10013,Industrial/Commercial Sales & Service,00010139211002,POWERPRO SERVICE CO. INC., 608 JOHNSON AVE. UNIT 6,,BOHEMIA,NY ,11716,USA,,631-567-2700,"Sales,Service,Up To 600kW,Mobile/Diesel/Gas,"
10013,Industrial/Commercial Sales & Service,00010134071002,PEAK POWER SYSTEMS, 99 SPRAGUE AVENUE,,MIDDLETOWN,NY ,10940,USA,www.peakpowersystems.com,845-344-1975,"Sales,Service,Up To 600kW,Mobile/Diesel/Gas,Rental,"
10013,Industrial/Commercial Sales & Service,00111209531002,HUNTINGTON POWER - LONG ISLAND, PO BOX 2040,,SHELTON,CT ,06484,USA,,631-586-7513,"Sales,"
10013,Industrial/Commercial Sales & Service,00010001761002,"GENSERVE, INC.", 115A TWINBRIDGE DR.,,PENNSAUKEN,NJ ,08110,USA,www.genserveinc.com,856-324-0459,"Service,"
10013,Industrial/Commercial Sales & Service,00111184131002,HUNTER & LOMISON, 1956 W FOURTH ST,,WILLIAMSPORT,PA ,17701,USA,www.hunterlomison.com,570-326-1764,"Sales,Service,Up To 600kW,Mobile/Diesel/Gas,Rental,"
10013,Industrial/Commercial Sales & Service,00010000881002,HUNTER & LOMISON INC., 1956 W. 4TH STREET,,WILLIAMSPORT,PA ,17701,USA,www.hunterlomison.com,570-326-1764,"Service,Up To 600kW,Mobile/Diesel/Gas,"
10013,Industrial/Commercial Sales & Service,00010001621002,BROOKFIELD SERVICE, 708 GLEBE ROAD,,WESTMORELAND,NH ,03467,USA,www.brookfieldservice.com,802-485-6567,"Service,Up To 600kW,Mobile/Diesel/Gas,"
10013,Industrial/Commercial Sales & Service,00010021101002,SOUTH SHORE GENERATOR INC-Quote, 2696A CRANBERRY HWY,,WAREHAM,MA ,02571,USA,,508-295-7336,"Sales,Service,Up To 600kW,Mobile/Diesel/Gas,"
10013,Industrial/Commercial Sales & Service,00010001701002,SOUTH SHORE GENERATOR INC, ,,EAST WAREHAM,MA ,02538,USA,,508-295-7336,"Financing,Sales,Service,Up To 600kW,Mobile/Diesel/Gas,"
10013,Industrial/Commercial Sales & Service,00111207431002,WARSHAUER ELECTRIC SUPPLY CO INC, 800 SHREWSBURY AVE,,TINTON FALLS,NJ ,07724,USA,www.warshauer.com,732-741-6400,"Service,"
10013,Industrial/Commercial Sales & Service,00010157021002,Mechanical Service Co, 1145 Oak St.,,Pittston,PA ,18640,USA,,570-654-2445,"Service,"
10014,Industrial/Commercial Sales & Service,00010001611002,Huntington Power, 230 Long Hill Cross Rd,,Shelton,CT ,06484,USA,www.huntingtonpower.com,203-929-3203,"Sales,Service,Up To 2MW,Mobile/Diesel/Gas,Training,Rental,"
10014,Industrial/Commercial Sales & Service,00010214161002,"R.L. KISTLER, INC.", 35 HAMILTON LANE,,GLENMONT,NY ,12077,USA,,585-436-1940,"Sales,Service,"
10014,Industrial/Commercial Sales & Service,00010214161002,"R.L. Kistler, Inc", 300 Mile Crossing Blvd.,,Rochester,NY ,14624,USA,rlkistler.com,585-436-1940,"Sales,"
10014,Industrial/Commercial Sales & Service,00010001611002,Huntington Power, 68 Enter Ln,,Islandia,NY ,11749,USA,,631-563-4943,"Sales,Service,Up To 2MW,Mobile/Diesel/Gas,"
10014,Industrial/Commercial Sales & Service,00010001611002,Huntington Power, 34 E DUDLEY TOWN RD.,,BLOOMFIELD,CT ,06002,USA,,860-289-8790,"Sales,Service,Rental,"
10014,Industrial/Commercial Sales & Service,00010214161002,"R.L. Kistler, Inc", 5615 Business Ave.,,N. Syracuse,NY ,13208,USA,,315-458-2875,"Sales,"
10014,Industrial/Commercial Sales & Service,00010214161002,"R.L. Kistler, Inc", 5615 Business Ave.,,N. Syracuse,NY ,13208,USA,,315-458-2875,"Sales,"
10014,Industrial/Commercial Sales & Service,00010208021002,Modern Group Power Systems, 2501 Durham Road,,Bristol,PA ,19007,USA,www.moderngroup.com,800-404-7291,"Sales,Service,Up To 2MW,Mobile/Diesel/Gas,Training,Rental,"
10014,Industrial/Commercial Sales & Service,00010001731002,Authorized Services Of New England, 410 Forest Street,,Marlborough,MA ,01752,USA,www.asne.com,888-890-9886,"Financing,Sales,Service,Up To 2MW,Mobile/Diesel/Gas,Training,Rental,"
10014,Industrial/Commercial Sales & Service,00010008091002,MODERN HANDLING EQUIP, 75 NEW STREET,,EDISON,NJ ,08837,USA,www.moderngroup.com,800-779-5116,"Sales,Service,Up To 2MW,Mobile/Diesel/Gas,"
10014,Industrial/Commercial Sales & Service,00010208021002,Modern Group Power Systems, 6352 Chapmans Rd,,Allentown,PA ,18106,USA,,800-404-7291,"Sales,Service,Up To 2MW,Mobile/Diesel/Gas,"
10014,Industrial/Commercial Sales & Service,00010208021002,Modern Group Power Systems, 200 Allied Parkway,,West Berlin,NJ ,08091,USA,,800-404-7291,"Sales,Service,Up To 2MW,Mobile/Diesel/Gas,"
10014,Industrial/Commercial Sales & Service,00010208021002,Modern Group Power Systems, 295 New Commerce Blvd.,,Wilkes Barre,PA ,18706,USA,,800-404-7291,"Sales,Service,Up To 2MW,Mobile/Diesel/Gas,"
10014,Industrial/Commercial Sales & Service,00010208021002,Modern Group Power Systems, 66A South Gate Blvd.,,New Castle,DE ,19720,USA,,800-404-7291,"Sales,Service,Up To 2MW,Mobile/Diesel/Gas,"
10014,Industrial/Commercial Sales & Service,00010000931002,"EMERGENCY POWER SYSTEMS, LLC", 35 HAMILTON LANE,,GLENMONT,NY ,12077,USA,,800-914-1465,"Service,Up To 2MW,Mobile/Diesel/Gas,"
10014,Industrial/Commercial Sales & Service,00010000931002,"EMERGENCY POWER SYSTEMS, LLC", 35 HAMILTON LANE,,GLENMONT,NY ,12077,USA,,800-914-1465,"Service,"
10014,Industrial/Commercial Sales & Service,00010208021002,Modern Group Power Systems, 3480 Board Road,,York,PA ,17402,USA,,800-404-7291,"Sales,Service,Up To 2MW,Mobile/Diesel/Gas,"
10014,Industrial/Commercial Sales & Service,00010001731002,AUTHORIZED SERVICES OF NEW ENGLAND, 410 FOREST STREET,,MARLBOROUGH,MA ,01752,USA,,888-890-9886,"Sales,"
10014,Industrial/Commercial Sales & Service,00010001691002,Kelly Generator & Equipment, 1955 Dale Ln,,Owings,MD ,20736,USA,www.kge.com,410-257-5225,"Sales,Service,Up To 2MW,Mobile/Diesel/Gas,Training,Rental,"
10014,Industrial/Commercial Sales & Service,00010001761002,"GENSERVE, INC.", 100 NEWTOWN RD,,PLAINVIEW,NY ,11803,USA,www.genserveinc.com,631-435-0437,"Service,"
10014,Industrial/Commercial Sales & Service,00111209521002,LONG ISLAND EMERGENCY POWER -QO, 2 Ocean Avenue,,DEER PARK,NY ,11729,USA,,631-586-7513,"Sales,"
10014,Industrial/Commercial Sales & Service,00010139211002,POWERPRO SERVICE CO. INC., 608 JOHNSON AVE. UNIT 6,,BOHEMIA,NY ,11716,USA,,631-567-2700,"Sales,Service,Up To 600kW,Mobile/Diesel/Gas,"
10014,Industrial/Commercial Sales & Service,00010134071002,PEAK POWER SYSTEMS, 99 SPRAGUE AVENUE,,MIDDLETOWN,NY ,10940,USA,www.peakpowersystems.com,845-344-1975,"Sales,Service,Up To 600kW,Mobile/Diesel/Gas,Rental,"
10014,Industrial/Commercial Sales & Service,00111209531002,HUNTINGTON POWER - LONG ISLAND, PO BOX 2040,,SHELTON,CT ,06484,USA,,631-586-7513,"Sales,"
10014,Industrial/Commercial Sales & Service,00010001761002,"GENSERVE, INC.", 115A TWINBRIDGE DR.,,PENNSAUKEN,NJ ,08110,USA,www.genserveinc.com,856-324-0459,"Service,"
10014,Industrial/Commercial Sales & Service,00111184131002,HUNTER & LOMISON, 1956 W FOURTH ST,,WILLIAMSPORT,PA ,17701,USA,www.hunterlomison.com,570-326-1764,"Sales,Service,Up To 600kW,Mobile/Diesel/Gas,Rental,"
10014,Industrial/Commercial Sales & Service,00010000881002,HUNTER & LOMISON INC., 1956 W. 4TH STREET,,WILLIAMSPORT,PA ,17701,USA,www.hunterlomison.com,570-326-1764,"Service,Up To 600kW,Mobile/Diesel/Gas,"
10014,Industrial/Commercial Sales & Service,00010001621002,BROOKFIELD SERVICE, 708 GLEBE ROAD,,WESTMORELAND,NH ,03467,USA,www.brookfieldservice.com,802-485-6567,"Service,Up To 600kW,Mobile/Diesel/Gas,"
10014,Industrial/Commercial Sales & Service,00010021101002,SOUTH SHORE GENERATOR INC-Quote, 2696A CRANBERRY HWY,,WAREHAM,MA ,02571,USA,,508-295-7336,"Sales,Service,Up To 600kW,Mobile/Diesel/Gas,"
10014,Industrial/Commercial Sales & Service,00010001701002,SOUTH SHORE GENERATOR INC, ,,EAST WAREHAM,MA ,02538,USA,,508-295-7336,"Financing,Sales,Service,Up To 600kW,Mobile/Diesel/Gas,"
10014,Industrial/Commercial Sales & Service,00111207431002,WARSHAUER ELECTRIC SUPPLY CO INC, 800 SHREWSBURY AVE,,TINTON FALLS,NJ ,07724,USA,www.warshauer.com,732-741-6400,"Service,"
10014,Industrial/Commercial Sales & Service,00010157021002,Mechanical Service Co, 1145 Oak St.,,Pittston,PA ,18640,USA,,570-654-2445,"Service,"
10016,Industrial/Commercial Sales & Service,00010214161002,"R.L. Kistler, Inc", 300 Mile Crossing Blvd.,,Rochester,NY ,14624,USA,rlkistler.com,585-436-1940,"Sales,"
10016,Industrial/Commercial Sales & Service,00010214161002,"R.L. KISTLER, INC.", 35 HAMILTON LANE,,GLENMONT,NY ,12077,USA,,585-436-1940,"Sales,Service,"
10016,Industrial/Commercial Sales & Service,00010001611002,Huntington Power, 230 Long Hill Cross Rd,,Shelton,CT ,06484,USA,www.huntingtonpower.com,203-929-3203,"Sales,Service,Up To 2MW,Mobile/Diesel/Gas,Training,Rental,"
10016,Industrial/Commercial Sales & Service,00010214161002,"R.L. Kistler, Inc", 5615 Business Ave.,,N. Syracuse,NY ,13208,USA,,315-458-2875,"Sales,"
10016,Industrial/Commercial Sales & Service,00010214161002,"R.L. Kistler, Inc", 5615 Business Ave.,,N. Syracuse,NY ,13208,USA,,315-458-2875,"Sales,"
10016,Industrial/Commercial Sales & Service,00010001611002,Huntington Power, 68 Enter Ln,,Islandia,NY ,11749,USA,,631-563-4943,"Sales,Service,Up To 2MW,Mobile/Diesel/Gas,"
10016,Industrial/Commercial Sales & Service,00010001611002,Huntington Power, 34 E DUDLEY TOWN RD.,,BLOOMFIELD,CT ,06002,USA,,860-289-8790,"Sales,Service,Rental,"
10016,Industrial/Commercial Sales & Service,00010208021002,Modern Group Power Systems, 2501 Durham Road,,Bristol,PA ,19007,USA,www.moderngroup.com,800-404-7291,"Sales,Service,Up To 2MW,Mobile/Diesel/Gas,Training,Rental,"
10016,Industrial/Commercial Sales & Service,00010001731002,Authorized Services Of New England, 410 Forest Street,,Marlborough,MA ,01752,USA,www.asne.com,888-890-9886,"Financing,Sales,Service,Up To 2MW,Mobile/Diesel/Gas,Training,Rental,"
10016,Industrial/Commercial Sales & Service,00010008091002,MODERN HANDLING EQUIP, 75 NEW STREET,,EDISON,NJ ,08837,USA,www.moderngroup.com,800-779-5116,"Sales,Service,Up To 2MW,Mobile/Diesel/Gas,"
10016,Industrial/Commercial Sales & Service,00010208021002,Modern Group Power Systems, 200 Allied Parkway,,West Berlin,NJ ,08091,USA,,800-404-7291,"Sales,Service,Up To 2MW,Mobile/Diesel/Gas,"
10016,Industrial/Commercial Sales & Service,00010208021002,Modern Group Power Systems, 6352 Chapmans Rd,,Allentown,PA ,18106,USA,,800-404-7291,"Sales,Service,Up To 2MW,Mobile/Diesel/Gas,"
10016,Industrial/Commercial Sales & Service,00010208021002,Modern Group Power Systems, 295 New Commerce Blvd.,,Wilkes Barre,PA ,18706,USA,,800-404-7291,"Sales,Service,Up To 2MW,Mobile/Diesel/Gas,"
10016,Industrial/Commercial Sales & Service,00010208021002,Modern Group Power Systems, 66A South Gate Blvd.,,New Castle,DE ,19720,USA,,800-404-7291,"Sales,Service,Up To 2MW,Mobile/Diesel/Gas,"
10016,Industrial/Commercial Sales & Service,00010000931002,"EMERGENCY POWER SYSTEMS, LLC", 35 HAMILTON LANE,,GLENMONT,NY ,12077,USA,,800-914-1465,"Service,Up To 2MW,Mobile/Diesel/Gas,"
10016,Industrial/Commercial Sales & Service,00010000931002,"EMERGENCY POWER SYSTEMS, LLC", 35 HAMILTON LANE,,GLENMONT,NY ,12077,USA,,800-914-1465,"Service,"
10016,Industrial/Commercial Sales & Service,00010208021002,Modern Group Power Systems, 3480 Board Road,,York,PA ,17402,USA,,800-404-7291,"Sales,Service,Up To 2MW,Mobile/Diesel/Gas,"
10016,Industrial/Commercial Sales & Service,00010001731002,AUTHORIZED SERVICES OF NEW ENGLAND, 410 FOREST STREET,,MARLBOROUGH,MA ,01752,USA,,888-890-9886,"Sales,"
10016,Industrial/Commercial Sales & Service,00010001691002,Kelly Generator & Equipment, 1955 Dale Ln,,Owings,MD ,20736,USA,www.kge.com,410-257-5225,"Sales,Service,Up To 2MW,Mobile/Diesel/Gas,Training,Rental,"
10016,Industrial/Commercial Sales & Service,00010001761002,"GENSERVE, INC.", 100 NEWTOWN RD,,PLAINVIEW,NY ,11803,USA,www.genserveinc.com,631-435-0437,"Service,"
10016,Industrial/Commercial Sales & Service,00111209521002,LONG ISLAND EMERGENCY POWER -QO, 2 Ocean Avenue,,DEER PARK,NY ,11729,USA,,631-586-7513,"Sales,"
10016,Industrial/Commercial Sales & Service,00010139211002,POWERPRO SERVICE CO. INC., 608 JOHNSON AVE. UNIT 6,,BOHEMIA,NY ,11716,USA,,631-567-2700,"Sales,Service,Up To 600kW,Mobile/Diesel/Gas,"
10016,Industrial/Commercial Sales & Service,00010134071002,PEAK POWER SYSTEMS, 99 SPRAGUE AVENUE,,MIDDLETOWN,NY ,10940,USA,www.peakpowersystems.com,845-344-1975,"Sales,Service,Up To 600kW,Mobile/Diesel/Gas,Rental,"
10016,Industrial/Commercial Sales & Service,00111209531002,HUNTINGTON POWER - LONG ISLAND, PO BOX 2040,,SHELTON,CT ,06484,USA,,631-586-7513,"Sales,"
10016,Industrial/Commercial Sales & Service,00010001761002,"GENSERVE, INC.", 115A TWINBRIDGE DR.,,PENNSAUKEN,NJ ,08110,USA,www.genserveinc.com,856-324-0459,"Service,"
10016,Industrial/Commercial Sales & Service,00111184131002,HUNTER & LOMISON, 1956 W FOURTH ST,,WILLIAMSPORT,PA ,17701,USA,www.hunterlomison.com,570-326-1764,"Sales,Service,Up To 600kW,Mobile/Diesel/Gas,Rental,"
10016,Industrial/Commercial Sales & Service,00010000881002,HUNTER & LOMISON INC., 1956 W. 4TH STREET,,WILLIAMSPORT,PA ,17701,USA,www.hunterlomison.com,570-326-1764,"Service,Up To 600kW,Mobile/Diesel/Gas,"
10016,Industrial/Commercial Sales & Service,00010001621002,BROOKFIELD SERVICE, 708 GLEBE ROAD,,WESTMORELAND,NH ,03467,USA,www.brookfieldservice.com,802-485-6567,"Service,Up To 600kW,Mobile/Diesel/Gas,"
10016,Industrial/Commercial Sales & Service,00010021101002,SOUTH SHORE GENERATOR INC-Quote, 2696A CRANBERRY HWY,,WAREHAM,MA ,02571,USA,,508-295-7336,"Sales,Service,Up To 600kW,Mobile/Diesel/Gas,"
10016,Industrial/Commercial Sales & Service,00010001701002,SOUTH SHORE GENERATOR INC, ,,EAST WAREHAM,MA ,02538,USA,,508-295-7336,"Financing,Sales,Service,Up To 600kW,Mobile/Diesel/Gas,"
10016,Industrial/Commercial Sales & Service,00111207431002,WARSHAUER ELECTRIC SUPPLY CO INC, 800 SHREWSBURY AVE,,TINTON FALLS,NJ ,07724,USA,www.warshauer.com,732-741-6400,"Service,"
10016,Industrial/Commercial Sales & Service,00010157021002,Mechanical Service Co, 1145 Oak St.,,Pittston,PA ,18640,USA,,570-654-2445,"Service,"
10017,Industrial/Commercial Sales & Service,00010001611002,Huntington Power, 230 Long Hill Cross Rd,,Shelton,CT ,06484,USA,www.huntingtonpower.com,203-929-3203,"Sales,Service,Up To 2MW,Mobile/Diesel/Gas,Training,Rental,"
10017,Industrial/Commercial Sales & Service,00010214161002,"R.L. KISTLER, INC.", 35 HAMILTON LANE,,GLENMONT,NY ,12077,USA,,585-436-1940,"Sales,Service,"
10017,Industrial/Commercial Sales & Service,00010214161002,"R.L. Kistler, Inc", 300 Mile Crossing Blvd.,,Rochester,NY ,14624,USA,rlkistler.com,585-436-1940,"Sales,"
10017,Industrial/Commercial Sales & Service,00010001611002,Huntington Power, 68 Enter Ln,,Islandia,NY ,11749,USA,,631-563-4943,"Sales,Service,Up To 2MW,Mobile/Diesel/Gas,"
10017,Industrial/Commercial Sales & Service,00010001611002,Huntington Power, 34 E DUDLEY TOWN RD.,,BLOOMFIELD,CT ,06002,USA,,860-289-8790,"Sales,Service,Rental,"
10017,Industrial/Commercial Sales & Service,00010214161002,"R.L. Kistler, Inc", 5615 Business Ave.,,N. Syracuse,NY ,13208,USA,,315-458-2875,"Sales,"
10017,Industrial/Commercial Sales & Service,00010214161002,"R.L. Kistler, Inc", 5615 Business Ave.,,N. Syracuse,NY ,13208,USA,,315-458-2875,"Sales,"
10017,Industrial/Commercial Sales & Service,00010208021002,Modern Group Power Systems, 2501 Durham Road,,Bristol,PA ,19007,USA,www.moderngroup.com,800-404-7291,"Sales,Service,Up To 2MW,Mobile/Diesel/Gas,Training,Rental,"
10017,Industrial/Commercial Sales & Service,00010001731002,Authorized Services Of New England, 410 Forest Street,,Marlborough,MA ,01752,USA,www.asne.com,888-890-9886,"Financing,Sales,Service,Up To 2MW,Mobile/Diesel/Gas,Training,Rental,"
10017,Industrial/Commercial Sales & Service,00010008091002,MODERN HANDLING EQUIP, 75 NEW STREET,,EDISON,NJ ,08837,USA,www.moderngroup.com,800-779-5116,"Sales,Service,Up To 2MW,Mobile/Diesel/Gas,"
10017,Industrial/Commercial Sales & Service,00010208021002,Modern Group Power Systems, 6352 Chapmans Rd,,Allentown,PA ,18106,USA,,800-404-7291,"Sales,Service,Up To 2MW,Mobile/Diesel/Gas,"
10017,Industrial/Commercial Sales & Service,00010208021002,Modern Group Power Systems, 200 Allied Parkway,,West Berlin,NJ ,08091,USA,,800-404-7291,"Sales,Service,Up To 2MW,Mobile/Diesel/Gas,"
10017,Industrial/Commercial Sales & Service,00010208021002,Modern Group Power Systems, 295 New Commerce Blvd.,,Wilkes Barre,PA ,18706,USA,,800-404-7291,"Sales,Service,Up To 2MW,Mobile/Diesel/Gas,"
10017,Industrial/Commercial Sales & Service,00010208021002,Modern Group Power Systems, 66A South Gate Blvd.,,New Castle,DE ,19720,USA,,800-404-7291,"Sales,Service,Up To 2MW,Mobile/Diesel/Gas,"
10017,Industrial/Commercial Sales & Service,00010000931002,"EMERGENCY POWER SYSTEMS, LLC", 35 HAMILTON LANE,,GLENMONT,NY ,12077,USA,,800-914-1465,"Service,Up To 2MW,Mobile/Diesel/Gas,"
10017,Industrial/Commercial Sales & Service,00010000931002,"EMERGENCY POWER SYSTEMS, LLC", 35 HAMILTON LANE,,GLENMONT,NY ,12077,USA,,800-914-1465,"Service,"
10017,Industrial/Commercial Sales & Service,00010208021002,Modern Group Power Systems, 3480 Board Road,,York,PA ,17402,USA,,800-404-7291,"Sales,Service,Up To 2MW,Mobile/Diesel/Gas,"
10017,Industrial/Commercial Sales & Service,00010001731002,AUTHORIZED SERVICES OF NEW ENGLAND, 410 FOREST STREET,,MARLBOROUGH,MA ,01752,USA,,888-890-9886,"Sales,"
10017,Industrial/Commercial Sales & Service,00010001691002,Kelly Generator & Equipment, 1955 Dale Ln,,Owings,MD ,20736,USA,www.kge.com,410-257-5225,"Sales,Service,Up To 2MW,Mobile/Diesel/Gas,Training,Rental,"
10017,Industrial/Commercial Sales & Service,00010001761002,"GENSERVE, INC.", 100 NEWTOWN RD,,PLAINVIEW,NY ,11803,USA,www.genserveinc.com,631-435-0437,"Service,"
10017,Industrial/Commercial Sales & Service,00111209521002,LONG ISLAND EMERGENCY POWER -QO, 2 Ocean Avenue,,DEER PARK,NY ,11729,USA,,631-586-7513,"Sales,"
10017,Industrial/Commercial Sales & Service,00010139211002,POWERPRO SERVICE CO. INC., 608 JOHNSON AVE. UNIT 6,,BOHEMIA,NY ,11716,USA,,631-567-2700,"Sales,Service,Up To 600kW,Mobile/Diesel/Gas,"
10017,Industrial/Commercial Sales & Service,00010134071002,PEAK POWER SYSTEMS, 99 SPRAGUE AVENUE,,MIDDLETOWN,NY ,10940,USA,www.peakpowersystems.com,845-344-1975,"Sales,Service,Up To 600kW,Mobile/Diesel/Gas,Rental,"
10017,Industrial/Commercial Sales & Service,00111209531002,HUNTINGTON POWER - LONG ISLAND, PO BOX 2040,,SHELTON,CT ,06484,USA,,631-586-7513,"Sales,"
10017,Industrial/Commercial Sales & Service,00010001761002,"GENSERVE, INC.", 115A TWINBRIDGE DR.,,PENNSAUKEN,NJ ,08110,USA,www.genserveinc.com,856-324-0459,"Service,"
10017,Industrial/Commercial Sales & Service,00111184131002,HUNTER & LOMISON, 1956 W FOURTH ST,,WILLIAMSPORT,PA ,17701,USA,www.hunterlomison.com,570-326-1764,"Sales,Service,Up To 600kW,Mobile/Diesel/Gas,Rental,"
10017,Industrial/Commercial Sales & Service,00010000881002,HUNTER & LOMISON INC., 1956 W. 4TH STREET,,WILLIAMSPORT,PA ,17701,USA,www.hunterlomison.com,570-326-1764,"Service,Up To 600kW,Mobile/Diesel/Gas,"
10017,Industrial/Commercial Sales & Service,00010001621002,BROOKFIELD SERVICE, 708 GLEBE ROAD,,WESTMORELAND,NH ,03467,USA,www.brookfieldservice.com,802-485-6567,"Service,Up To 600kW,Mobile/Diesel/Gas,"
10017,Industrial/Commercial Sales & Service,00010021101002,SOUTH SHORE GENERATOR INC-Quote, 2696A CRANBERRY HWY,,WAREHAM,MA ,02571,USA,,508-295-7336,"Sales,Service,Up To 600kW,Mobile/Diesel/Gas,"
10017,Industrial/Commercial Sales & Service,00010001701002,SOUTH SHORE GENERATOR INC, ,,EAST WAREHAM,MA ,02538,USA,,508-295-7336,"Financing,Sales,Service,Up To 600kW,Mobile/Diesel/Gas,"
10017,Industrial/Commercial Sales & Service,00111207431002,WARSHAUER ELECTRIC SUPPLY CO INC, 800 SHREWSBURY AVE,,TINTON FALLS,NJ ,07724,USA,www.warshauer.com,732-741-6400,"Service,"
10017,Industrial/Commercial Sales & Service,00010157021002,Mechanical Service Co, 1145 Oak St.,,Pittston,PA ,18640,USA,,570-654-2445,"Service,"
10018,Industrial/Commercial Sales & Service,00010001611002,Huntington Power, 230 Long Hill Cross Rd,,Shelton,CT ,06484,USA,www.huntingtonpower.com,203-929-3203,"Sales,Service,Up To 2MW,Mobile/Diesel/Gas,Training,Rental,"
10018,Industrial/Commercial Sales & Service,00010214161002,"R.L. KISTLER, INC.", 35 HAMILTON LANE,,GLENMONT,NY ,12077,USA,,585-436-1940,"Sales,Service,"
10018,Industrial/Commercial Sales & Service,00010214161002,"R.L. Kistler, Inc", 300 Mile Crossing Blvd.,,Rochester,NY ,14624,USA,rlkistler.com,585-436-1940,"Sales,"
10018,Industrial/Commercial Sales & Service,00010001611002,Huntington Power, 68 Enter Ln,,Islandia,NY ,11749,USA,,631-563-4943,"Sales,Service,Up To 2MW,Mobile/Diesel/Gas,"
10018,Industrial/Commercial Sales & Service,00010001611002,Huntington Power, 34 E DUDLEY TOWN RD.,,BLOOMFIELD,CT ,06002,USA,,860-289-8790,"Sales,Service,Rental,"
10018,Industrial/Commercial Sales & Service,00010214161002,"R.L. Kistler, Inc", 5615 Business Ave.,,N. Syracuse,NY ,13208,USA,,315-458-2875,"Sales,"
10018,Industrial/Commercial Sales & Service,00010214161002,"R.L. Kistler, Inc", 5615 Business Ave.,,N. Syracuse,NY ,13208,USA,,315-458-2875,"Sales,"
10018,Industrial/Commercial Sales & Service,00010208021002,Modern Group Power Systems, 2501 Durham Road,,Bristol,PA ,19007,USA,www.moderngroup.com,800-404-7291,"Sales,Service,Up To 2MW,Mobile/Diesel/Gas,Training,Rental,"
10018,Industrial/Commercial Sales & Service,00010001731002,Authorized Services Of New England, 410 Forest Street,,Marlborough,MA ,01752,USA,www.asne.com,888-890-9886,"Financing,Sales,Service,Up To 2MW,Mobile/Diesel/Gas,Training,Rental,"
10018,Industrial/Commercial Sales & Service,00010008091002,MODERN HANDLING EQUIP, 75 NEW STREET,,EDISON,NJ ,08837,USA,www.moderngroup.com,800-779-5116,"Sales,Service,Up To 2MW,Mobile/Diesel/Gas,"
10018,Industrial/Commercial Sales & Service,00010208021002,Modern Group Power Systems, 6352 Chapmans Rd,,Allentown,PA ,18106,USA,,800-404-7291,"Sales,Service,Up To 2MW,Mobile/Diesel/Gas,"
10018,Industrial/Commercial Sales & Service,00010208021002,Modern Group Power Systems, 200 Allied Parkway,,West Berlin,NJ ,08091,USA,,800-404-7291,"Sales,Service,Up To 2MW,Mobile/Diesel/Gas,"
10018,Industrial/Commercial Sales & Service,00010208021002,Modern Group Power Systems, 295 New Commerce Blvd.,,Wilkes Barre,PA ,18706,USA,,800-404-7291,"Sales,Service,Up To 2MW,Mobile/Diesel/Gas,"
10018,Industrial/Commercial Sales & Service,00010208021002,Modern Group Power Systems, 66A South Gate Blvd.,,New Castle,DE ,19720,USA,,800-404-7291,"Sales,Service,Up To 2MW,Mobile/Diesel/Gas,"
10018,Industrial/Commercial Sales & Service,00010000931002,"EMERGENCY POWER SYSTEMS, LLC", 35 HAMILTON LANE,,GLENMONT,NY ,12077,USA,,800-914-1465,"Service,Up To 2MW,Mobile/Diesel/Gas,"
10018,Industrial/Commercial Sales & Service,00010000931002,"EMERGENCY POWER SYSTEMS, LLC", 35 HAMILTON LANE,,GLENMONT,NY ,12077,USA,,800-914-1465,"Service,"
10018,Industrial/Commercial Sales & Service,00010208021002,Modern Group Power Systems, 3480 Board Road,,York,PA ,17402,USA,,800-404-7291,"Sales,Service,Up To 2MW,Mobile/Diesel/Gas,"
10018,Industrial/Commercial Sales & Service,00010001731002,AUTHORIZED SERVICES OF NEW ENGLAND, 410 FOREST STREET,,MARLBOROUGH,MA ,01752,USA,,888-890-9886,"Sales,"
10018,Industrial/Commercial Sales & Service,00010001691002,Kelly Generator & Equipment, 1955 Dale Ln,,Owings,MD ,20736,USA,www.kge.com,410-257-5225,"Sales,Service,Up To 2MW,Mobile/Diesel/Gas,Training,Rental,"
10018,Industrial/Commercial Sales & Service,00010001761002,"GENSERVE, INC.", 100 NEWTOWN RD,,PLAINVIEW,NY ,11803,USA,www.genserveinc.com,631-435-0437,"Service,"
10018,Industrial/Commercial Sales & Service,00111209521002,LONG ISLAND EMERGENCY POWER -QO, 2 Ocean Avenue,,DEER PARK,NY ,11729,USA,,631-586-7513,"Sales,"
10018,Industrial/Commercial Sales & Service,00010139211002,POWERPRO SERVICE CO. INC., 608 JOHNSON AVE. UNIT 6,,BOHEMIA,NY ,11716,USA,,631-567-2700,"Sales,Service,Up To 600kW,Mobile/Diesel/Gas,"
10018,Industrial/Commercial Sales & Service,00010134071002,PEAK POWER SYSTEMS, 99 SPRAGUE AVENUE,,MIDDLETOWN,NY ,10940,USA,www.peakpowersystems.com,845-344-1975,"Sales,Service,Up To 600kW,Mobile/Diesel/Gas,Rental,"
10018,Industrial/Commercial Sales & Service,00111209531002,HUNTINGTON POWER - LONG ISLAND, PO BOX 2040,,SHELTON,CT ,06484,USA,,631-586-7513,"Sales,"
10018,Industrial/Commercial Sales & Service,00010001761002,"GENSERVE, INC.", 115A TWINBRIDGE DR.,,PENNSAUKEN,NJ ,08110,USA,www.genserveinc.com,856-324-0459,"Service,"
10018,Industrial/Commercial Sales & Service,00111184131002,HUNTER & LOMISON, 1956 W FOURTH ST,,WILLIAMSPORT,PA ,17701,USA,www.hunterlomison.com,570-326-1764,"Sales,Service,Up To 600kW,Mobile/Diesel/Gas,Rental,"
10018,Industrial/Commercial Sales & Service,00010000881002,HUNTER & LOMISON INC., 1956 W. 4TH STREET,,WILLIAMSPORT,PA ,17701,USA,www.hunterlomison.com,570-326-1764,"Service,Up To 600kW,Mobile/Diesel/Gas,"
10018,Industrial/Commercial Sales & Service,00010001621002,BROOKFIELD SERVICE, 708 GLEBE ROAD,,WESTMORELAND,NH ,03467,USA,www.brookfieldservice.com,802-485-6567,"Service,Up To 600kW,Mobile/Diesel/Gas,"
10018,Industrial/Commercial Sales & Service,00010021101002,SOUTH SHORE GENERATOR INC-Quote, 2696A CRANBERRY HWY,,WAREHAM,MA ,02571,USA,,508-295-7336,"Sales,Service,Up To 600kW,Mobile/Diesel/Gas,"
10018,Industrial/Commercial Sales & Service,00010001701002,SOUTH SHORE GENERATOR INC, ,,EAST WAREHAM,MA ,02538,USA,,508-295-7336,"Financing,Sales,Service,Up To 600kW,Mobile/Diesel/Gas,"
10018,Industrial/Commercial Sales & Service,00111207431002,WARSHAUER ELECTRIC SUPPLY CO INC, 800 SHREWSBURY AVE,,TINTON FALLS,NJ ,07724,USA,www.warshauer.com,732-741-6400,"Service,"
10018,Industrial/Commercial Sales & Service,00010157021002,Mechanical Service Co, 1145 Oak St.,,Pittston,PA ,18640,USA,,570-654-2445,"Service,"
10019,Industrial/Commercial Sales & Service,00010214161002,"R.L. KISTLER, INC.", 35 HAMILTON LANE,,GLENMONT,NY ,12077,USA,,585-436-1940,"Sales,Service,"
10019,Industrial/Commercial Sales & Service,00010001611002,Huntington Power, 230 Long Hill Cross Rd,,Shelton,CT ,06484,USA,www.huntingtonpower.com,203-929-3203,"Sales,Service,Up To 2MW,Mobile/Diesel/Gas,Training,Rental,"
10019,Industrial/Commercial Sales & Service,00010214161002,"R.L. Kistler, Inc", 300 Mile Crossing Blvd.,,Rochester,NY ,14624,USA,rlkistler.com,585-436-1940,"Sales,"
10019,Industrial/Commercial Sales & Service,00010214161002,"R.L. Kistler, Inc", 5615 Business Ave.,,N. Syracuse,NY ,13208,USA,,315-458-2875,"Sales,"
10019,Industrial/Commercial Sales & Service,00010001611002,Huntington Power, 68 Enter Ln,,Islandia,NY ,11749,USA,,631-563-4943,"Sales,Service,Up To 2MW,Mobile/Diesel/Gas,"
10019,Industrial/Commercial Sales & Service,00010001611002,Huntington Power, 34 E DUDLEY TOWN RD.,,BLOOMFIELD,CT ,06002,USA,,860-289-8790,"Sales,Service,Rental,"
10019,Industrial/Commercial Sales & Service,00010214161002,"R.L. Kistler, Inc", 5615 Business Ave.,,N. Syracuse,NY ,13208,USA,,315-458-2875,"Sales,"
10019,Industrial/Commercial Sales & Service,00010208021002,Modern Group Power Systems, 2501 Durham Road,,Bristol,PA ,19007,USA,www.moderngroup.com,800-404-7291,"Sales,Service,Up To 2MW,Mobile/Diesel/Gas,Training,Rental,"
10019,Industrial/Commercial Sales & Service,00010001731002,Authorized Services Of New England, 410 Forest Street,,Marlborough,MA ,01752,USA,www.asne.com,888-890-9886,"Financing,Sales,Service,Up To 2MW,Mobile/Diesel/Gas,Training,Rental,"
10019,Industrial/Commercial Sales & Service,00010008091002,MODERN HANDLING EQUIP, 75 NEW STREET,,EDISON,NJ ,08837,USA,www.moderngroup.com,800-779-5116,"Sales,Service,Up To 2MW,Mobile/Diesel/Gas,"
10019,Industrial/Commercial Sales & Service,00010208021002,Modern Group Power Systems, 6352 Chapmans Rd,,Allentown,PA ,18106,USA,,800-404-7291,"Sales,Service,Up To 2MW,Mobile/Diesel/Gas,"
10019,Industrial/Commercial Sales & Service,00010208021002,Modern Group Power Systems, 200 Allied Parkway,,West Berlin,NJ ,08091,USA,,800-404-7291,"Sales,Service,Up To 2MW,Mobile/Diesel/Gas,"
10019,Industrial/Commercial Sales & Service,00010208021002,Modern Group Power Systems, 295 New Commerce Blvd.,,Wilkes Barre,PA ,18706,USA,,800-404-7291,"Sales,Service,Up To 2MW,Mobile/Diesel/Gas,"
10019,Industrial/Commercial Sales & Service,00010208021002,Modern Group Power Systems, 66A South Gate Blvd.,,New Castle,DE ,19720,USA,,800-404-7291,"Sales,Service,Up To 2MW,Mobile/Diesel/Gas,"
10019,Industrial/Commercial Sales & Service,00010000931002,"EMERGENCY POWER SYSTEMS, LLC", 35 HAMILTON LANE,,GLENMONT,NY ,12077,USA,,800-914-1465,"Service,Up To 2MW,Mobile/Diesel/Gas,"
10019,Industrial/Commercial Sales & Service,00010000931002,"EMERGENCY POWER SYSTEMS, LLC", 35 HAMILTON LANE,,GLENMONT,NY ,12077,USA,,800-914-1465,"Service,"
10019,Industrial/Commercial Sales & Service,00010208021002,Modern Group Power Systems, 3480 Board Road,,York,PA ,17402,USA,,800-404-7291,"Sales,Service,Up To 2MW,Mobile/Diesel/Gas,"
10019,Industrial/Commercial Sales & Service,00010001731002,AUTHORIZED SERVICES OF NEW ENGLAND, 410 FOREST STREET,,MARLBOROUGH,MA ,01752,USA,,888-890-9886,"Sales,"
10019,Industrial/Commercial Sales & Service,00010001691002,Kelly Generator & Equipment, 1955 Dale Ln,,Owings,MD ,20736,USA,www.kge.com,410-257-5225,"Sales,Service,Up To 2MW,Mobile/Diesel/Gas,Training,Rental,"
10019,Industrial/Commercial Sales & Service,00010001761002,"GENSERVE, INC.", 100 NEWTOWN RD,,PLAINVIEW,NY ,11803,USA,www.genserveinc.com,631-435-0437,"Service,"
10019,Industrial/Commercial Sales & Service,00111209521002,LONG ISLAND EMERGENCY POWER -QO, 2 Ocean Avenue,,DEER PARK,NY ,11729,USA,,631-586-7513,"Sales,"
10019,Industrial/Commercial Sales & Service,00010139211002,POWERPRO SERVICE CO. INC., 608 JOHNSON AVE. UNIT 6,,BOHEMIA,NY ,11716,USA,,631-567-2700,"Sales,Service,Up To 600kW,Mobile/Diesel/Gas,"
10019,Industrial/Commercial Sales & Service,00010134071002,PEAK POWER SYSTEMS, 99 SPRAGUE AVENUE,,MIDDLETOWN,NY ,10940,USA,www.peakpowersystems.com,845-344-1975,"Sales,Service,Up To 600kW,Mobile/Diesel/Gas,Rental,"
10019,Industrial/Commercial Sales & Service,00111209531002,HUNTINGTON POWER - LONG ISLAND, PO BOX 2040,,SHELTON,CT ,06484,USA,,631-586-7513,"Sales,"
10019,Industrial/Commercial Sales & Service,00010001761002,"GENSERVE, INC.", 115A TWINBRIDGE DR.,,PENNSAUKEN,NJ ,08110,USA,www.genserveinc.com,856-324-0459,"Service,"
10019,Industrial/Commercial Sales & Service,00111184131002,HUNTER & LOMISON, 1956 W FOURTH ST,,WILLIAMSPORT,PA ,17701,USA,www.hunterlomison.com,570-326-1764,"Sales,Service,Up To 600kW,Mobile/Diesel/Gas,Rental,"
10019,Industrial/Commercial Sales & Service,00010000881002,HUNTER & LOMISON INC., 1956 W. 4TH STREET,,WILLIAMSPORT,PA ,17701,USA,www.hunterlomison.com,570-326-1764,"Service,Up To 600kW,Mobile/Diesel/Gas,"
10019,Industrial/Commercial Sales & Service,00010001621002,BROOKFIELD SERVICE, 708 GLEBE ROAD,,WESTMORELAND,NH ,03467,USA,www.brookfieldservice.com,802-485-6567,"Service,Up To 600kW,Mobile/Diesel/Gas,"
10019,Industrial/Commercial Sales & Service,00010021101002,SOUTH SHORE GENERATOR INC-Quote, 2696A CRANBERRY HWY,,WAREHAM,MA ,02571,USA,,508-295-7336,"Sales,Service,Up To 600kW,Mobile/Diesel/Gas,"
10019,Industrial/Commercial Sales & Service,00010001701002,SOUTH SHORE GENERATOR INC, ,,EAST WAREHAM,MA ,02538,USA,,508-295-7336,"Financing,Sales,Service,Up To 600kW,Mobile/Diesel/Gas,"
10019,Industrial/Commercial Sales & Service,00111207431002,WARSHAUER ELECTRIC SUPPLY CO INC, 800 SHREWSBURY AVE,,TINTON FALLS,NJ ,07724,USA,www.warshauer.com,732-741-6400,"Service,"
10019,Industrial/Commercial Sales & Service,00010157021002,Mechanical Service Co, 1145 Oak St.,,Pittston,PA ,18640,USA,,570-654-2445,"Service,"
10020,Industrial/Commercial Sales & Service,00010214161002,"R.L. Kistler, Inc", 300 Mile Crossing Blvd.,,Rochester,NY ,14624,USA,rlkistler.com,585-436-1940,"Sales,"
10020,Industrial/Commercial Sales & Service,00010001611002,Huntington Power, 230 Long Hill Cross Rd,,Shelton,CT ,06484,USA,www.huntingtonpower.com,203-929-3203,"Sales,Service,Up To 2MW,Mobile/Diesel/Gas,Training,Rental,"
10020,Industrial/Commercial Sales & Service,00010214161002,"R.L. KISTLER, INC.", 35 HAMILTON LANE,,GLENMONT,NY ,12077,USA,,585-436-1940,"Sales,Service,"
10020,Industrial/Commercial Sales & Service,00010214161002,"R.L. Kistler, Inc", 5615 Business Ave.,,N. Syracuse,NY ,13208,USA,,315-458-2875,"Sales,"
10020,Industrial/Commercial Sales & Service,00010001611002,Huntington Power, 68 Enter Ln,,Islandia,NY ,11749,USA,,631-563-4943,"Sales,Service,Up To 2MW,Mobile/Diesel/Gas,"
10020,Industrial/Commercial Sales & Service,00010001611002,Huntington Power, 34 E DUDLEY TOWN RD.,,BLOOMFIELD,CT ,06002,USA,,860-289-8790,"Sales,Service,Rental,"
10020,Industrial/Commercial Sales & Service,00010214161002,"R.L. Kistler, Inc", 5615 Business Ave.,,N. Syracuse,NY ,13208,USA,,315-458-2875,"Sales,"
10020,Industrial/Commercial Sales & Service,00010208021002,Modern Group Power Systems, 2501 Durham Road,,Bristol,PA ,19007,USA,www.moderngroup.com,800-404-7291,"Sales,Service,Up To 2MW,Mobile/Diesel/Gas,Training,Rental,"
10020,Industrial/Commercial Sales & Service,00010001731002,Authorized Services Of New England, 410 Forest Street,,Marlborough,MA ,01752,USA,www.asne.com,888-890-9886,"Financing,Sales,Service,Up To 2MW,Mobile/Diesel/Gas,Training,Rental,"
10020,Industrial/Commercial Sales & Service,00010008091002,MODERN HANDLING EQUIP, 75 NEW STREET,,EDISON,NJ ,08837,USA,www.moderngroup.com,800-779-5116,"Sales,Service,Up To 2MW,Mobile/Diesel/Gas,"
10020,Industrial/Commercial Sales & Service,00010208021002,Modern Group Power Systems, 6352 Chapmans Rd,,Allentown,PA ,18106,USA,,800-404-7291,"Sales,Service,Up To 2MW,Mobile/Diesel/Gas,"
10020,Industrial/Commercial Sales & Service,00010208021002,Modern Group Power Systems, 200 Allied Parkway,,West Berlin,NJ ,08091,USA,,800-404-7291,"Sales,Service,Up To 2MW,Mobile/Diesel/Gas,"
10020,Industrial/Commercial Sales & Service,00010208021002,Modern Group Power Systems, 295 New Commerce Blvd.,,Wilkes Barre,PA ,18706,USA,,800-404-7291,"Sales,Service,Up To 2MW,Mobile/Diesel/Gas,"
10020,Industrial/Commercial Sales & Service,00010208021002,Modern Group Power Systems, 66A South Gate Blvd.,,New Castle,DE ,19720,USA,,800-404-7291,"Sales,Service,Up To 2MW,Mobile/Diesel/Gas,"
10020,Industrial/Commercial Sales & Service,00010000931002,"EMERGENCY POWER SYSTEMS, LLC", 35 HAMILTON LANE,,GLENMONT,NY ,12077,USA,,800-914-1465,"Service,Up To 2MW,Mobile/Diesel/Gas,"
10020,Industrial/Commercial Sales & Service,00010000931002,"EMERGENCY POWER SYSTEMS, LLC", 35 HAMILTON LANE,,GLENMONT,NY ,12077,USA,,800-914-1465,"Service,"
10020,Industrial/Commercial Sales & Service,00010208021002,Modern Group Power Systems, 3480 Board Road,,York,PA ,17402,USA,,800-404-7291,"Sales,Service,Up To 2MW,Mobile/Diesel/Gas,"
10020,Industrial/Commercial Sales & Service,00010001731002,AUTHORIZED SERVICES OF NEW ENGLAND, 410 FOREST STREET,,MARLBOROUGH,MA ,01752,USA,,888-890-9886,"Sales,"
10020,Industrial/Commercial Sales & Service,00010001691002,Kelly Generator & Equipment, 1955 Dale Ln,,Owings,MD ,20736,USA,www.kge.com,410-257-5225,"Sales,Service,Up To 2MW,Mobile/Diesel/Gas,Training,Rental,"
10020,Industrial/Commercial Sales & Service,00010001761002,"GENSERVE, INC.", 100 NEWTOWN RD,,PLAINVIEW,NY ,11803,USA,www.genserveinc.com,631-435-0437,"Service,"
10020,Industrial/Commercial Sales & Service,00111209521002,LONG ISLAND EMERGENCY POWER -QO, 2 Ocean Avenue,,DEER PARK,NY ,11729,USA,,631-586-7513,"Sales,"
10020,Industrial/Commercial Sales & Service,00010139211002,POWERPRO SERVICE CO. INC., 608 JOHNSON AVE. UNIT 6,,BOHEMIA,NY ,11716,USA,,631-567-2700,"Sales,Service,Up To 600kW,Mobile/Diesel/Gas,"
10020,Industrial/Commercial Sales & Service,00010134071002,PEAK POWER SYSTEMS, 99 SPRAGUE AVENUE,,MIDDLETOWN,NY ,10940,USA,www.peakpowersystems.com,845-344-1975,"Sales,Service,Up To 600kW,Mobile/Diesel/Gas,Rental,"
10020,Industrial/Commercial Sales & Service,00111209531002,HUNTINGTON POWER - LONG ISLAND, PO BOX 2040,,SHELTON,CT ,06484,USA,,631-586-7513,"Sales,"
10020,Industrial/Commercial Sales & Service,00010001761002,"GENSERVE, INC.", 115A TWINBRIDGE DR.,,PENNSAUKEN,NJ ,08110,USA,www.genserveinc.com,856-324-0459,"Service,"
10020,Industrial/Commercial Sales & Service,00111184131002,HUNTER & LOMISON, 1956 W FOURTH ST,,WILLIAMSPORT,PA ,17701,USA,www.hunterlomison.com,570-326-1764,"Sales,Service,Up To 600kW,Mobile/Diesel/Gas,Rental,"
10020,Industrial/Commercial Sales & Service,00010000881002,HUNTER & LOMISON INC., 1956 W. 4TH STREET,,WILLIAMSPORT,PA ,17701,USA,www.hunterlomison.com,570-326-1764,"Service,Up To 600kW,Mobile/Diesel/Gas,"
10020,Industrial/Commercial Sales & Service,00010001621002,BROOKFIELD SERVICE, 708 GLEBE ROAD,,WESTMORELAND,NH ,03467,USA,www.brookfieldservice.com,802-485-6567,"Service,Up To 600kW,Mobile/Diesel/Gas,"
10020,Industrial/Commercial Sales & Service,00010021101002,SOUTH SHORE GENERATOR INC-Quote, 2696A CRANBERRY HWY,,WAREHAM,MA ,02571,USA,,508-295-7336,"Sales,Service,Up To 600kW,Mobile/Diesel/Gas,"
10020,Industrial/Commercial Sales & Service,00010001701002,SOUTH SHORE GENERATOR INC, ,,EAST WAREHAM,MA ,02538,USA,,508-295-7336,"Financing,Sales,Service,Up To 600kW,Mobile/Diesel/Gas,"
10020,Industrial/Commercial Sales & Service,00111207431002,WARSHAUER ELECTRIC SUPPLY CO INC, 800 SHREWSBURY AVE,,TINTON FALLS,NJ ,07724,USA,www.warshauer.com,732-741-6400,"Service,"
10020,Industrial/Commercial Sales & Service,00010157021002,Mechanical Service Co, 1145 Oak St.,,Pittston,PA ,18640,USA,,570-654-2445,"Service,"
10021,Industrial/Commercial Sales & Service,00010001611002,Huntington Power, 230 Long Hill Cross Rd,,Shelton,CT ,06484,USA,www.huntingtonpower.com,203-929-3203,"Sales,Service,Up To 2MW,Mobile/Diesel/Gas,Training,Rental,"
10021,Industrial/Commercial Sales & Service,00010214161002,"R.L. Kistler, Inc", 300 Mile Crossing Blvd.,,Rochester,NY ,14624,USA,rlkistler.com,585-436-1940,"Sales,"
10021,Industrial/Commercial Sales & Service,00010214161002,"R.L. KISTLER, INC.", 35 HAMILTON LANE,,GLENMONT,NY ,12077,USA,,585-436-1940,"Sales,Service,"
10021,Industrial/Commercial Sales & Service,00010001611002,Huntington Power, 68 Enter Ln,,Islandia,NY ,11749,USA,,631-563-4943,"Sales,Service,Up To 2MW,Mobile/Diesel/Gas,"
10021,Industrial/Commercial Sales & Service,00010001611002,Huntington Power, 34 E DUDLEY TOWN RD.,,BLOOMFIELD,CT ,06002,USA,,860-289-8790,"Sales,Service,Rental,"
10021,Industrial/Commercial Sales & Service,00010214161002,"R.L. Kistler, Inc", 5615 Business Ave.,,N. Syracuse,NY ,13208,USA,,315-458-2875,"Sales,"
10021,Industrial/Commercial Sales & Service,00010214161002,"R.L. Kistler, Inc", 5615 Business Ave.,,N. Syracuse,NY ,13208,USA,,315-458-2875,"Sales,"
10021,Industrial/Commercial Sales & Service,00010208021002,Modern Group Power Systems, 2501 Durham Road,,Bristol,PA ,19007,USA,www.moderngroup.com,800-404-7291,"Sales,Service,Up To 2MW,Mobile/Diesel/Gas,Training,Rental,"
10021,Industrial/Commercial Sales & Service,00010001731002,Authorized Services Of New England, 410 Forest Street,,Marlborough,MA ,01752,USA,www.asne.com,888-890-9886,"Financing,Sales,Service,Up To 2MW,Mobile/Diesel/Gas,Training,Rental,"
10021,Industrial/Commercial Sales & Service,00010008091002,MODERN HANDLING EQUIP, 75 NEW STREET,,EDISON,NJ ,08837,USA,www.moderngroup.com,800-779-5116,"Sales,Service,Up To 2MW,Mobile/Diesel/Gas,"
10021,Industrial/Commercial Sales & Service,00010208021002,Modern Group Power Systems, 6352 Chapmans Rd,,Allentown,PA ,18106,USA,,800-404-7291,"Sales,Service,Up To 2MW,Mobile/Diesel/Gas,"
10021,Industrial/Commercial Sales & Service,00010208021002,Modern Group Power Systems, 200 Allied Parkway,,West Berlin,NJ ,08091,USA,,800-404-7291,"Sales,Service,Up To 2MW,Mobile/Diesel/Gas,"
10021,Industrial/Commercial Sales & Service,00010208021002,Modern Group Power Systems, 295 New Commerce Blvd.,,Wilkes Barre,PA ,18706,USA,,800-404-7291,"Sales,Service,Up To 2MW,Mobile/Diesel/Gas,"
10021,Industrial/Commercial Sales & Service,00010208021002,Modern Group Power Systems, 66A South Gate Blvd.,,New Castle,DE ,19720,USA,,800-404-7291,"Sales,Service,Up To 2MW,Mobile/Diesel/Gas,"
10021,Industrial/Commercial Sales & Service,00010000931002,"EMERGENCY POWER SYSTEMS, LLC", 35 HAMILTON LANE,,GLENMONT,NY ,12077,USA,,800-914-1465,"Service,Up To 2MW,Mobile/Diesel/Gas,"
10021,Industrial/Commercial Sales & Service,00010000931002,"EMERGENCY POWER SYSTEMS, LLC", 35 HAMILTON LANE,,GLENMONT,NY ,12077,USA,,800-914-1465,"Service,"
10021,Industrial/Commercial Sales & Service,00010208021002,Modern Group Power Systems, 3480 Board Road,,York,PA ,17402,USA,,800-404-7291,"Sales,Service,Up To 2MW,Mobile/Diesel/Gas,"
10021,Industrial/Commercial Sales & Service,00010001731002,AUTHORIZED SERVICES OF NEW ENGLAND, 410 FOREST STREET,,MARLBOROUGH,MA ,01752,USA,,888-890-9886,"Sales,"
10021,Industrial/Commercial Sales & Service,00010001761002,"GENSERVE, INC.", 100 NEWTOWN RD,,PLAINVIEW,NY ,11803,USA,www.genserveinc.com,631-435-0437,"Service,"
10021,Industrial/Commercial Sales & Service,00111209521002,LONG ISLAND EMERGENCY POWER -QO, 2 Ocean Avenue,,DEER PARK,NY ,11729,USA,,631-586-7513,"Sales,"
10021,Industrial/Commercial Sales & Service,00010139211002,POWERPRO SERVICE CO. INC., 608 JOHNSON AVE. UNIT 6,,BOHEMIA,NY ,11716,USA,,631-567-2700,"Sales,Service,Up To 600kW,Mobile/Diesel/Gas,"
10021,Industrial/Commercial Sales & Service,00010134071002,PEAK POWER SYSTEMS, 99 SPRAGUE AVENUE,,MIDDLETOWN,NY ,10940,USA,www.peakpowersystems.com,845-344-1975,"Sales,Service,Up To 600kW,Mobile/Diesel/Gas,Rental,"
10021,Industrial/Commercial Sales & Service,00111209531002,HUNTINGTON POWER - LONG ISLAND, PO BOX 2040,,SHELTON,CT ,06484,USA,,631-586-7513,"Sales,"
10021,Industrial/Commercial Sales & Service,00010001761002,"GENSERVE, INC.", 115A TWINBRIDGE DR.,,PENNSAUKEN,NJ ,08110,USA,www.genserveinc.com,856-324-0459,"Service,"
10021,Industrial/Commercial Sales & Service,00111184131002,HUNTER & LOMISON, 1956 W FOURTH ST,,WILLIAMSPORT,PA ,17701,USA,www.hunterlomison.com,570-326-1764,"Sales,Service,Up To 600kW,Mobile/Diesel/Gas,Rental,"
10021,Industrial/Commercial Sales & Service,00010000881002,HUNTER & LOMISON INC., 1956 W. 4TH STREET,,WILLIAMSPORT,PA ,17701,USA,www.hunterlomison.com,570-326-1764,"Service,Up To 600kW,Mobile/Diesel/Gas,"
10021,Industrial/Commercial Sales & Service,00010001621002,BROOKFIELD SERVICE, 708 GLEBE ROAD,,WESTMORELAND,NH ,03467,USA,www.brookfieldservice.com,802-485-6567,"Service,Up To 600kW,Mobile/Diesel/Gas,"
10021,Industrial/Commercial Sales & Service,00010021101002,SOUTH SHORE GENERATOR INC-Quote, 2696A CRANBERRY HWY,,WAREHAM,MA ,02571,USA,,508-295-7336,"Sales,Service,Up To 600kW,Mobile/Diesel/Gas,"
10021,Industrial/Commercial Sales & Service,00010001701002,SOUTH SHORE GENERATOR INC, ,,EAST WAREHAM,MA ,02538,USA,,508-295-7336,"Financing,Sales,Service,Up To 600kW,Mobile/Diesel/Gas,"
10021,Industrial/Commercial Sales & Service,00111207431002,WARSHAUER ELECTRIC SUPPLY CO INC, 800 SHREWSBURY AVE,,TINTON FALLS,NJ ,07724,USA,www.warshauer.com,732-741-6400,"Service,"
10021,Industrial/Commercial Sales & Service,00010157021002,Mechanical Service Co, 1145 Oak St.,,Pittston,PA ,18640,USA,,570-654-2445,"Service,"
10022,Industrial/Commercial Sales & Service,00010214161002,"R.L. KISTLER, INC.", 35 HAMILTON LANE,,GLENMONT,NY ,12077,USA,,585-436-1940,"Sales,Service,"
10022,Industrial/Commercial Sales & Service,00010214161002,"R.L. Kistler, Inc", 300 Mile Crossing Blvd.,,Rochester,NY ,14624,USA,rlkistler.com,585-436-1940,"Sales,"
10022,Industrial/Commercial Sales & Service,00010001611002,Huntington Power, 230 Long Hill Cross Rd,,Shelton,CT ,06484,USA,www.huntingtonpower.com,203-929-3203,"Sales,Service,Up To 2MW,Mobile/Diesel/Gas,Training,Rental,"
10022,Industrial/Commercial Sales & Service,00010214161002,"R.L. Kistler, Inc", 5615 Business Ave.,,N. Syracuse,NY ,13208,USA,,315-458-2875,"Sales,"
10022,Industrial/Commercial Sales & Service,00010214161002,"R.L. Kistler, Inc", 5615 Business Ave.,,N. Syracuse,NY ,13208,USA,,315-458-2875,"Sales,"
10022,Industrial/Commercial Sales & Service,00010001611002,Huntington Power, 68 Enter Ln,,Islandia,NY ,11749,USA,,631-563-4943,"Sales,Service,Up To 2MW,Mobile/Diesel/Gas,"
10022,Industrial/Commercial Sales & Service,00010001611002,Huntington Power, 34 E DUDLEY TOWN RD.,,BLOOMFIELD,CT ,06002,USA,,860-289-8790,"Sales,Service,Rental,"
10022,Industrial/Commercial Sales & Service,00010208021002,Modern Group Power Systems, 2501 Durham Road,,Bristol,PA ,19007,USA,www.moderngroup.com,800-404-7291,"Sales,Service,Up To 2MW,Mobile/Diesel/Gas,Training,Rental,"
10022,Industrial/Commercial Sales & Service,00010001731002,Authorized Services Of New England, 410 Forest Street,,Marlborough,MA ,01752,USA,www.asne.com,888-890-9886,"Financing,Sales,Service,Up To 2MW,Mobile/Diesel/Gas,Training,Rental,"
10022,Industrial/Commercial Sales & Service,00010008091002,MODERN HANDLING EQUIP, 75 NEW STREET,,EDISON,NJ ,08837,USA,www.moderngroup.com,800-779-5116,"Sales,Service,Up To 2MW,Mobile/Diesel/Gas,"
10022,Industrial/Commercial Sales & Service,00010208021002,Modern Group Power Systems, 200 Allied Parkway,,West Berlin,NJ ,08091,USA,,800-404-7291,"Sales,Service,Up To 2MW,Mobile/Diesel/Gas,"
10022,Industrial/Commercial Sales & Service,00010208021002,Modern Group Power Systems, 6352 Chapmans Rd,,Allentown,PA ,18106,USA,,800-404-7291,"Sales,Service,Up To 2MW,Mobile/Diesel/Gas,"
10022,Industrial/Commercial Sales & Service,00010208021002,Modern Group Power Systems, 295 New Commerce Blvd.,,Wilkes Barre,PA ,18706,USA,,800-404-7291,"Sales,Service,Up To 2MW,Mobile/Diesel/Gas,"
10022,Industrial/Commercial Sales & Service,00010208021002,Modern Group Power Systems, 66A South Gate Blvd.,,New Castle,DE ,19720,USA,,800-404-7291,"Sales,Service,Up To 2MW,Mobile/Diesel/Gas,"
10022,Industrial/Commercial Sales & Service,00010000931002,"EMERGENCY POWER SYSTEMS, LLC", 35 HAMILTON LANE,,GLENMONT,NY ,12077,USA,,800-914-1465,"Service,Up To 2MW,Mobile/Diesel/Gas,"
10022,Industrial/Commercial Sales & Service,00010000931002,"EMERGENCY POWER SYSTEMS, LLC", 35 HAMILTON LANE,,GLENMONT,NY ,12077,USA,,800-914-1465,"Service,"
10022,Industrial/Commercial Sales & Service,00010208021002,Modern Group Power Systems, 3480 Board Road,,York,PA ,17402,USA,,800-404-7291,"Sales,Service,Up To 2MW,Mobile/Diesel/Gas,"
10022,Industrial/Commercial Sales & Service,00010001731002,AUTHORIZED SERVICES OF NEW ENGLAND, 410 FOREST STREET,,MARLBOROUGH,MA ,01752,USA,,888-890-9886,"Sales,"
10022,Industrial/Commercial Sales & Service,00010001761002,"GENSERVE, INC.", 100 NEWTOWN RD,,PLAINVIEW,NY ,11803,USA,www.genserveinc.com,631-435-0437,"Service,"
10022,Industrial/Commercial Sales & Service,00111209521002,LONG ISLAND EMERGENCY POWER -QO, 2 Ocean Avenue,,DEER PARK,NY ,11729,USA,,631-586-7513,"Sales,"
10022,Industrial/Commercial Sales & Service,00010139211002,POWERPRO SERVICE CO. INC., 608 JOHNSON AVE. UNIT 6,,BOHEMIA,NY ,11716,USA,,631-567-2700,"Sales,Service,Up To 600kW,Mobile/Diesel/Gas,"
10022,Industrial/Commercial Sales & Service,00010134071002,PEAK POWER SYSTEMS, 99 SPRAGUE AVENUE,,MIDDLETOWN,NY ,10940,USA,www.peakpowersystems.com,845-344-1975,"Sales,Service,Up To 600kW,Mobile/Diesel/Gas,Rental,"
10022,Industrial/Commercial Sales & Service,00111209531002,HUNTINGTON POWER - LONG ISLAND, PO BOX 2040,,SHELTON,CT ,06484,USA,,631-586-7513,"Sales,"
10022,Industrial/Commercial Sales & Service,00010001761002,"GENSERVE, INC.", 115A TWINBRIDGE DR.,,PENNSAUKEN,NJ ,08110,USA,www.genserveinc.com,856-324-0459,"Service,"
10022,Industrial/Commercial Sales & Service,00111184131002,HUNTER & LOMISON, 1956 W FOURTH ST,,WILLIAMSPORT,PA ,17701,USA,www.hunterlomison.com,570-326-1764,"Sales,Service,Up To 600kW,Mobile/Diesel/Gas,Rental,"
10022,Industrial/Commercial Sales & Service,00010000881002,HUNTER & LOMISON INC., 1956 W. 4TH STREET,,WILLIAMSPORT,PA ,17701,USA,www.hunterlomison.com,570-326-1764,"Service,Up To 600kW,Mobile/Diesel/Gas,"
10022,Industrial/Commercial Sales & Service,00010001621002,BROOKFIELD SERVICE, 708 GLEBE ROAD,,WESTMORELAND,NH ,03467,USA,www.brookfieldservice.com,802-485-6567,"Service,Up To 600kW,Mobile/Diesel/Gas,"
10022,Industrial/Commercial Sales & Service,00010021101002,SOUTH SHORE GENERATOR INC-Quote, 2696A CRANBERRY HWY,,WAREHAM,MA ,02571,USA,,508-295-7336,"Sales,Service,Up To 600kW,Mobile/Diesel/Gas,"
10022,Industrial/Commercial Sales & Service,00010001701002,SOUTH SHORE GENERATOR INC, ,,EAST WAREHAM,MA ,02538,USA,,508-295-7336,"Financing,Sales,Service,Up To 600kW,Mobile/Diesel/Gas,"
10022,Industrial/Commercial Sales & Service,00111207431002,WARSHAUER ELECTRIC SUPPLY CO INC, 800 SHREWSBURY AVE,,TINTON FALLS,NJ ,07724,USA,www.warshauer.com,732-741-6400,"Service,"
10022,Industrial/Commercial Sales & Service,00010157021002,Mechanical Service Co, 1145 Oak St.,,Pittston,PA ,18640,USA,,570-654-2445,"Service,"
10023,Industrial/Commercial Sales & Service,00010214161002,"R.L. Kistler, Inc", 300 Mile Crossing Blvd.,,Rochester,NY ,14624,USA,rlkistler.com,585-436-1940,"Sales,"
10023,Industrial/Commercial Sales & Service,00010001611002,Huntington Power, 230 Long Hill Cross Rd,,Shelton,CT ,06484,USA,www.huntingtonpower.com,203-929-3203,"Sales,Service,Up To 2MW,Mobile/Diesel/Gas,Training,Rental,"
10023,Industrial/Commercial Sales & Service,00010214161002,"R.L. KISTLER, INC.", 35 HAMILTON LANE,,GLENMONT,NY ,12077,USA,,585-436-1940,"Sales,Service,"
10023,Industrial/Commercial Sales & Service,00010214161002,"R.L. Kistler, Inc", 5615 Business Ave.,,N. Syracuse,NY ,13208,USA,,315-458-2875,"Sales,"
10023,Industrial/Commercial Sales & Service,00010001611002,Huntington Power, 68 Enter Ln,,Islandia,NY ,11749,USA,,631-563-4943,"Sales,Service,Up To 2MW,Mobile/Diesel/Gas,"
10023,Industrial/Commercial Sales & Service,00010001611002,Huntington Power, 34 E DUDLEY TOWN RD.,,BLOOMFIELD,CT ,06002,USA,,860-289-8790,"Sales,Service,Rental,"
10023,Industrial/Commercial Sales & Service,00010214161002,"R.L. Kistler, Inc", 5615 Business Ave.,,N. Syracuse,NY ,13208,USA,,315-458-2875,"Sales,"
10023,Industrial/Commercial Sales & Service,00010208021002,Modern Group Power Systems, 2501 Durham Road,,Bristol,PA ,19007,USA,www.moderngroup.com,800-404-7291,"Sales,Service,Up To 2MW,Mobile/Diesel/Gas,Training,Rental,"
10023,Industrial/Commercial Sales & Service,00010001731002,Authorized Services Of New England, 410 Forest Street,,Marlborough,MA ,01752,USA,www.asne.com,888-890-9886,"Financing,Sales,Service,Up To 2MW,Mobile/Diesel/Gas,Training,Rental,"
10023,Industrial/Commercial Sales & Service,00010008091002,MODERN HANDLING EQUIP, 75 NEW STREET,,EDISON,NJ ,08837,USA,www.moderngroup.com,800-779-5116,"Sales,Service,Up To 2MW,Mobile/Diesel/Gas,"
10023,Industrial/Commercial Sales & Service,00010208021002,Modern Group Power Systems, 6352 Chapmans Rd,,Allentown,PA ,18106,USA,,800-404-7291,"Sales,Service,Up To 2MW,Mobile/Diesel/Gas,"
10023,Industrial/Commercial Sales & Service,00010208021002,Modern Group Power Systems, 200 Allied Parkway,,West Berlin,NJ ,08091,USA,,800-404-7291,"Sales,Service,Up To 2MW,Mobile/Diesel/Gas,"
10023,Industrial/Commercial Sales & Service,00010208021002,Modern Group Power Systems, 295 New Commerce Blvd.,,Wilkes Barre,PA ,18706,USA,,800-404-7291,"Sales,Service,Up To 2MW,Mobile/Diesel/Gas,"
10023,Industrial/Commercial Sales & Service,00010208021002,Modern Group Power Systems, 66A South Gate Blvd.,,New Castle,DE ,19720,USA,,800-404-7291,"Sales,Service,Up To 2MW,Mobile/Diesel/Gas,"
10023,Industrial/Commercial Sales & Service,00010000931002,"EMERGENCY POWER SYSTEMS, LLC", 35 HAMILTON LANE,,GLENMONT,NY ,12077,USA,,800-914-1465,"Service,Up To 2MW,Mobile/Diesel/Gas,"
10023,Industrial/Commercial Sales & Service,00010000931002,"EMERGENCY POWER SYSTEMS, LLC", 35 HAMILTON LANE,,GLENMONT,NY ,12077,USA,,800-914-1465,"Service,"
10023,Industrial/Commercial Sales & Service,00010208021002,Modern Group Power Systems, 3480 Board Road,,York,PA ,17402,USA,,800-404-7291,"Sales,Service,Up To 2MW,Mobile/Diesel/Gas,"
10023,Industrial/Commercial Sales & Service,00010001731002,AUTHORIZED SERVICES OF NEW ENGLAND, 410 FOREST STREET,,MARLBOROUGH,MA ,01752,USA,,888-890-9886,"Sales,"
10023,Industrial/Commercial Sales & Service,00010001761002,"GENSERVE, INC.", 100 NEWTOWN RD,,PLAINVIEW,NY ,11803,USA,www.genserveinc.com,631-435-0437,"Service,"
10023,Industrial/Commercial Sales & Service,00111209521002,LONG ISLAND EMERGENCY POWER -QO, 2 Ocean Avenue,,DEER PARK,NY ,11729,USA,,631-586-7513,"Sales,"
10023,Industrial/Commercial Sales & Service,00010139211002,POWERPRO SERVICE CO. INC., 608 JOHNSON AVE. UNIT 6,,BOHEMIA,NY ,11716,USA,,631-567-2700,"Sales,Service,Up To 600kW,Mobile/Diesel/Gas,"
10023,Industrial/Commercial Sales & Service,00010134071002,PEAK POWER SYSTEMS, 99 SPRAGUE AVENUE,,MIDDLETOWN,NY ,10940,USA,www.peakpowersystems.com,845-344-1975,"Sales,Service,Up To 600kW,Mobile/Diesel/Gas,Rental,"
10023,Industrial/Commercial Sales & Service,00111209531002,HUNTINGTON POWER - LONG ISLAND, PO BOX 2040,,SHELTON,CT ,06484,USA,,631-586-7513,"Sales,"
10023,Industrial/Commercial Sales & Service,00010001761002,"GENSERVE, INC.", 115A TWINBRIDGE DR.,,PENNSAUKEN,NJ ,08110,USA,www.genserveinc.com,856-324-0459,"Service,"
10023,Industrial/Commercial Sales & Service,00111184131002,HUNTER & LOMISON, 1956 W FOURTH ST,,WILLIAMSPORT,PA ,17701,USA,www.hunterlomison.com,570-326-1764,"Sales,Service,Up To 600kW,Mobile/Diesel/Gas,Rental,"
10023,Industrial/Commercial Sales & Service,00010000881002,HUNTER & LOMISON INC., 1956 W. 4TH STREET,,WILLIAMSPORT,PA ,17701,USA,www.hunterlomison.com,570-326-1764,"Service,Up To 600kW,Mobile/Diesel/Gas,"
10023,Industrial/Commercial Sales & Service,00010001621002,BROOKFIELD SERVICE, 708 GLEBE ROAD,,WESTMORELAND,NH ,03467,USA,www.brookfieldservice.com,802-485-6567,"Service,Up To 600kW,Mobile/Diesel/Gas,"
10023,Industrial/Commercial Sales & Service,00010021101002,SOUTH SHORE GENERATOR INC-Quote, 2696A CRANBERRY HWY,,WAREHAM,MA ,02571,USA,,508-295-7336,"Sales,Service,Up To 600kW,Mobile/Diesel/Gas,"
10023,Industrial/Commercial Sales & Service,00010001701002,SOUTH SHORE GENERATOR INC, ,,EAST WAREHAM,MA ,02538,USA,,508-295-7336,"Financing,Sales,Service,Up To 600kW,Mobile/Diesel/Gas,"
10023,Industrial/Commercial Sales & Service,00111207431002,WARSHAUER ELECTRIC SUPPLY CO INC, 800 SHREWSBURY AVE,,TINTON FALLS,NJ ,07724,USA,www.warshauer.com,732-741-6400,"Service,"
10023,Industrial/Commercial Sales & Service,00010157021002,Mechanical Service Co, 1145 Oak St.,,Pittston,PA ,18640,USA,,570-654-2445,"Service,"
10024,Industrial/Commercial Sales & Service,00010001611002,Huntington Power, 230 Long Hill Cross Rd,,Shelton,CT ,06484,USA,www.huntingtonpower.com,203-929-3203,"Sales,Service,Up To 2MW,Mobile/Diesel/Gas,Training,Rental,"
10024,Industrial/Commercial Sales & Service,00010214161002,"R.L. KISTLER, INC.", 35 HAMILTON LANE,,GLENMONT,NY ,12077,USA,,585-436-1940,"Sales,Service,"
10024,Industrial/Commercial Sales & Service,00010214161002,"R.L. Kistler, Inc", 300 Mile Crossing Blvd.,,Rochester,NY ,14624,USA,rlkistler.com,585-436-1940,"Sales,"
10024,Industrial/Commercial Sales & Service,00010001611002,Huntington Power, 68 Enter Ln,,Islandia,NY ,11749,USA,,631-563-4943,"Sales,Service,Up To 2MW,Mobile/Diesel/Gas,"
10024,Industrial/Commercial Sales & Service,00010001611002,Huntington Power, 34 E DUDLEY TOWN RD.,,BLOOMFIELD,CT ,06002,USA,,860-289-8790,"Sales,Service,Rental,"
10024,Industrial/Commercial Sales & Service,00010214161002,"R.L. Kistler, Inc", 5615 Business Ave.,,N. Syracuse,NY ,13208,USA,,315-458-2875,"Sales,"
10024,Industrial/Commercial Sales & Service,00010214161002,"R.L. Kistler, Inc", 5615 Business Ave.,,N. Syracuse,NY ,13208,USA,,315-458-2875,"Sales,"
10024,Industrial/Commercial Sales & Service,00010208021002,Modern Group Power Systems, 2501 Durham Road,,Bristol,PA ,19007,USA,www.moderngroup.com,800-404-7291,"Sales,Service,Up To 2MW,Mobile/Diesel/Gas,Training,Rental,"
10024,Industrial/Commercial Sales & Service,00010001731002,Authorized Services Of New England, 410 Forest Street,,Marlborough,MA ,01752,USA,www.asne.com,888-890-9886,"Financing,Sales,Service,Up To 2MW,Mobile/Diesel/Gas,Training,Rental,"
10024,Industrial/Commercial Sales & Service,00010008091002,MODERN HANDLING EQUIP, 75 NEW STREET,,EDISON,NJ ,08837,USA,www.moderngroup.com,800-779-5116,"Sales,Service,Up To 2MW,Mobile/Diesel/Gas,"
10024,Industrial/Commercial Sales & Service,00010208021002,Modern Group Power Systems, 6352 Chapmans Rd,,Allentown,PA ,18106,USA,,800-404-7291,"Sales,Service,Up To 2MW,Mobile/Diesel/Gas,"
10024,Industrial/Commercial Sales & Service,00010208021002,Modern Group Power Systems, 200 Allied Parkway,,West Berlin,NJ ,08091,USA,,800-404-7291,"Sales,Service,Up To 2MW,Mobile/Diesel/Gas,"
10024,Industrial/Commercial Sales & Service,00010208021002,Modern Group Power Systems, 295 New Commerce Blvd.,,Wilkes Barre,PA ,18706,USA,,800-404-7291,"Sales,Service,Up To 2MW,Mobile/Diesel/Gas,"
10024,Industrial/Commercial Sales & Service,00010208021002,Modern Group Power Systems, 66A South Gate Blvd.,,New Castle,DE ,19720,USA,,800-404-7291,"Sales,Service,Up To 2MW,Mobile/Diesel/Gas,"
10024,Industrial/Commercial Sales & Service,00010000931002,"EMERGENCY POWER SYSTEMS, LLC", 35 HAMILTON LANE,,GLENMONT,NY ,12077,USA,,800-914-1465,"Service,Up To 2MW,Mobile/Diesel/Gas,"
10024,Industrial/Commercial Sales & Service,00010000931002,"EMERGENCY POWER SYSTEMS, LLC", 35 HAMILTON LANE,,GLENMONT,NY ,12077,USA,,800-914-1465,"Service,"
10024,Industrial/Commercial Sales & Service,00010208021002,Modern Group Power Systems, 3480 Board Road,,York,PA ,17402,USA,,800-404-7291,"Sales,Service,Up To 2MW,Mobile/Diesel/Gas,"
10024,Industrial/Commercial Sales & Service,00010001731002,AUTHORIZED SERVICES OF NEW ENGLAND, 410 FOREST STREET,,MARLBOROUGH,MA ,01752,USA,,888-890-9886,"Sales,"
10024,Industrial/Commercial Sales & Service,00010001761002,"GENSERVE, INC.", 100 NEWTOWN RD,,PLAINVIEW,NY ,11803,USA,www.genserveinc.com,631-435-0437,"Service,"
10024,Industrial/Commercial Sales & Service,00111209521002,LONG ISLAND EMERGENCY POWER -QO, 2 Ocean Avenue,,DEER PARK,NY ,11729,USA,,631-586-7513,"Sales,"
10024,Industrial/Commercial Sales & Service,00010139211002,POWERPRO SERVICE CO. INC., 608 JOHNSON AVE. UNIT 6,,BOHEMIA,NY ,11716,USA,,631-567-2700,"Sales,Service,Up To 600kW,Mobile/Diesel/Gas,"
10024,Industrial/Commercial Sales & Service,00010134071002,PEAK POWER SYSTEMS, 99 SPRAGUE AVENUE,,MIDDLETOWN,NY ,10940,USA,www.peakpowersystems.com,845-344-1975,"Sales,Service,Up To 600kW,Mobile/Diesel/Gas,Rental,"
10024,Industrial/Commercial Sales & Service,00111209531002,HUNTINGTON POWER - LONG ISLAND, PO BOX 2040,,SHELTON,CT ,06484,USA,,631-586-7513,"Sales,"
10024,Industrial/Commercial Sales & Service,00010001761002,"GENSERVE, INC.", 115A TWINBRIDGE DR.,,PENNSAUKEN,NJ ,08110,USA,www.genserveinc.com,856-324-0459,"Service,"
10024,Industrial/Commercial Sales & Service,00111184131002,HUNTER & LOMISON, 1956 W FOURTH ST,,WILLIAMSPORT,PA ,17701,USA,www.hunterlomison.com,570-326-1764,"Sales,Service,Up To 600kW,Mobile/Diesel/Gas,Rental,"
10024,Industrial/Commercial Sales & Service,00010000881002,HUNTER & LOMISON INC., 1956 W. 4TH STREET,,WILLIAMSPORT,PA ,17701,USA,www.hunterlomison.com,570-326-1764,"Service,Up To 600kW,Mobile/Diesel/Gas,"
10024,Industrial/Commercial Sales & Service,00010001621002,BROOKFIELD SERVICE, 708 GLEBE ROAD,,WESTMORELAND,NH ,03467,USA,www.brookfieldservice.com,802-485-6567,"Service,Up To 600kW,Mobile/Diesel/Gas,"
10024,Industrial/Commercial Sales & Service,00010021101002,SOUTH SHORE GENERATOR INC-Quote, 2696A CRANBERRY HWY,,WAREHAM,MA ,02571,USA,,508-295-7336,"Sales,Service,Up To 600kW,Mobile/Diesel/Gas,"
10024,Industrial/Commercial Sales & Service,00010001701002,SOUTH SHORE GENERATOR INC, ,,EAST WAREHAM,MA ,02538,USA,,508-295-7336,"Financing,Sales,Service,Up To 600kW,Mobile/Diesel/Gas,"
10024,Industrial/Commercial Sales & Service,00111207431002,WARSHAUER ELECTRIC SUPPLY CO INC, 800 SHREWSBURY AVE,,TINTON FALLS,NJ ,07724,USA,www.warshauer.com,732-741-6400,"Service,"
10024,Industrial/Commercial Sales & Service,00010157021002,Mechanical Service Co, 1145 Oak St.,,Pittston,PA ,18640,USA,,570-654-2445,"Service,"
10025,Industrial/Commercial Sales & Service,00010001611002,Huntington Power, 230 Long Hill Cross Rd,,Shelton,CT ,06484,USA,www.huntingtonpower.com,203-929-3203,"Sales,Service,Up To 2MW,Mobile/Diesel/Gas,Training,Rental,"
10025,Industrial/Commercial Sales & Service,00010214161002,"R.L. Kistler, Inc", 300 Mile Crossing Blvd.,,Rochester,NY ,14624,USA,rlkistler.com,585-436-1940,"Sales,"
10025,Industrial/Commercial Sales & Service,00010214161002,"R.L. KISTLER, INC.", 35 HAMILTON LANE,,GLENMONT,NY ,12077,USA,,585-436-1940,"Sales,Service,"
10025,Industrial/Commercial Sales & Service,00010001611002,Huntington Power, 68 Enter Ln,,Islandia,NY ,11749,USA,,631-563-4943,"Sales,Service,Up To 2MW,Mobile/Diesel/Gas,"
10025,Industrial/Commercial Sales & Service,00010001611002,Huntington Power, 34 E DUDLEY TOWN RD.,,BLOOMFIELD,CT ,06002,USA,,860-289-8790,"Sales,Service,Rental,"
10025,Industrial/Commercial Sales & Service,00010214161002,"R.L. Kistler, Inc", 5615 Business Ave.,,N. Syracuse,NY ,13208,USA,,315-458-2875,"Sales,"
10025,Industrial/Commercial Sales & Service,00010214161002,"R.L. Kistler, Inc", 5615 Business Ave.,,N. Syracuse,NY ,13208,USA,,315-458-2875,"Sales,"
10025,Industrial/Commercial Sales & Service,00010208021002,Modern Group Power Systems, 2501 Durham Road,,Bristol,PA ,19007,USA,www.moderngroup.com,800-404-7291,"Sales,Service,Up To 2MW,Mobile/Diesel/Gas,Training,Rental,"
10025,Industrial/Commercial Sales & Service,00010001731002,Authorized Services Of New England, 410 Forest Street,,Marlborough,MA ,01752,USA,www.asne.com,888-890-9886,"Financing,Sales,Service,Up To 2MW,Mobile/Diesel/Gas,Training,Rental,"
10025,Industrial/Commercial Sales & Service,00010008091002,MODERN HANDLING EQUIP, 75 NEW STREET,,EDISON,NJ ,08837,USA,www.moderngroup.com,800-779-5116,"Sales,Service,Up To 2MW,Mobile/Diesel/Gas,"
10025,Industrial/Commercial Sales & Service,00010208021002,Modern Group Power Systems, 6352 Chapmans Rd,,Allentown,PA ,18106,USA,,800-404-7291,"Sales,Service,Up To 2MW,Mobile/Diesel/Gas,"
10025,Industrial/Commercial Sales & Service,00010208021002,Modern Group Power Systems, 200 Allied Parkway,,West Berlin,NJ ,08091,USA,,800-404-7291,"Sales,Service,Up To 2MW,Mobile/Diesel/Gas,"
10025,Industrial/Commercial Sales & Service,00010208021002,Modern Group Power Systems, 295 New Commerce Blvd.,,Wilkes Barre,PA ,18706,USA,,800-404-7291,"Sales,Service,Up To 2MW,Mobile/Diesel/Gas,"
10025,Industrial/Commercial Sales & Service,00010208021002,Modern Group Power Systems, 66A South Gate Blvd.,,New Castle,DE ,19720,USA,,800-404-7291,"Sales,Service,Up To 2MW,Mobile/Diesel/Gas,"
10025,Industrial/Commercial Sales & Service,00010000931002,"EMERGENCY POWER SYSTEMS, LLC", 35 HAMILTON LANE,,GLENMONT,NY ,12077,USA,,800-914-1465,"Service,Up To 2MW,Mobile/Diesel/Gas,"
10025,Industrial/Commercial Sales & Service,00010000931002,"EMERGENCY POWER SYSTEMS, LLC", 35 HAMILTON LANE,,GLENMONT,NY ,12077,USA,,800-914-1465,"Service,"
10025,Industrial/Commercial Sales & Service,00010208021002,Modern Group Power Systems, 3480 Board Road,,York,PA ,17402,USA,,800-404-7291,"Sales,Service,Up To 2MW,Mobile/Diesel/Gas,"
10025,Industrial/Commercial Sales & Service,00010001731002,AUTHORIZED SERVICES OF NEW ENGLAND, 410 FOREST STREET,,MARLBOROUGH,MA ,01752,USA,,888-890-9886,"Sales,"
10025,Industrial/Commercial Sales & Service,00010001761002,"GENSERVE, INC.", 100 NEWTOWN RD,,PLAINVIEW,NY ,11803,USA,www.genserveinc.com,631-435-0437,"Service,"
10025,Industrial/Commercial Sales & Service,00111209521002,LONG ISLAND EMERGENCY POWER -QO, 2 Ocean Avenue,,DEER PARK,NY ,11729,USA,,631-586-7513,"Sales,"
10025,Industrial/Commercial Sales & Service,00010139211002,POWERPRO SERVICE CO. INC., 608 JOHNSON AVE. UNIT 6,,BOHEMIA,NY ,11716,USA,,631-567-2700,"Sales,Service,Up To 600kW,Mobile/Diesel/Gas,"
10025,Industrial/Commercial Sales & Service,00010134071002,PEAK POWER SYSTEMS, 99 SPRAGUE AVENUE,,MIDDLETOWN,NY ,10940,USA,www.peakpowersystems.com,845-344-1975,"Sales,Service,Up To 600kW,Mobile/Diesel/Gas,Rental,"
10025,Industrial/Commercial Sales & Service,00111209531002,HUNTINGTON POWER - LONG ISLAND, PO BOX 2040,,SHELTON,CT ,06484,USA,,631-586-7513,"Sales,"
10025,Industrial/Commercial Sales & Service,00010001761002,"GENSERVE, INC.", 115A TWINBRIDGE DR.,,PENNSAUKEN,NJ ,08110,USA,www.genserveinc.com,856-324-0459,"Service,"
10025,Industrial/Commercial Sales & Service,00111184131002,HUNTER & LOMISON, 1956 W FOURTH ST,,WILLIAMSPORT,PA ,17701,USA,www.hunterlomison.com,570-326-1764,"Sales,Service,Up To 600kW,Mobile/Diesel/Gas,Rental,"
10025,Industrial/Commercial Sales & Service,00010000881002,HUNTER & LOMISON INC., 1956 W. 4TH STREET,,WILLIAMSPORT,PA ,17701,USA,www.hunterlomison.com,570-326-1764,"Service,Up To 600kW,Mobile/Diesel/Gas,"
10025,Industrial/Commercial Sales & Service,00010001621002,BROOKFIELD SERVICE, 708 GLEBE ROAD,,WESTMORELAND,NH ,03467,USA,www.brookfieldservice.com,802-485-6567,"Service,Up To 600kW,Mobile/Diesel/Gas,"
10025,Industrial/Commercial Sales & Service,00010021101002,SOUTH SHORE GENERATOR INC-Quote, 2696A CRANBERRY HWY,,WAREHAM,MA ,02571,USA,,508-295-7336,"Sales,Service,Up To 600kW,Mobile/Diesel/Gas,"
10025,Industrial/Commercial Sales & Service,00010001701002,SOUTH SHORE GENERATOR INC, ,,EAST WAREHAM,MA ,02538,USA,,508-295-7336,"Financing,Sales,Service,Up To 600kW,Mobile/Diesel/Gas,"
10025,Industrial/Commercial Sales & Service,00111207431002,WARSHAUER ELECTRIC SUPPLY CO INC, 800 SHREWSBURY AVE,,TINTON FALLS,NJ ,07724,USA,www.warshauer.com,732-741-6400,"Service,"
10025,Industrial/Commercial Sales & Service,00010157021002,Mechanical Service Co, 1145 Oak St.,,Pittston,PA ,18640,USA,,570-654-2445,"Service,"
10026,Industrial/Commercial Sales & Service,00010214161002,"R.L. Kistler, Inc", 300 Mile Crossing Blvd.,,Rochester,NY ,14624,USA,rlkistler.com,585-436-1940,"Sales,"
10026,Industrial/Commercial Sales & Service,00010001611002,Huntington Power, 230 Long Hill Cross Rd,,Shelton,CT ,06484,USA,www.huntingtonpower.com,203-929-3203,"Sales,Service,Up To 2MW,Mobile/Diesel/Gas,Training,Rental,"
10026,Industrial/Commercial Sales & Service,00010214161002,"R.L. KISTLER, INC.", 35 HAMILTON LANE,,GLENMONT,NY ,12077,USA,,585-436-1940,"Sales,Service,"
10026,Industrial/Commercial Sales & Service,00010214161002,"R.L. Kistler, Inc", 5615 Business Ave.,,N. Syracuse,NY ,13208,USA,,315-458-2875,"Sales,"
10026,Industrial/Commercial Sales & Service,00010001611002,Huntington Power, 68 Enter Ln,,Islandia,NY ,11749,USA,,631-563-4943,"Sales,Service,Up To 2MW,Mobile/Diesel/Gas,"
10026,Industrial/Commercial Sales & Service,00010001611002,Huntington Power, 34 E DUDLEY TOWN RD.,,BLOOMFIELD,CT ,06002,USA,,860-289-8790,"Sales,Service,Rental,"
10026,Industrial/Commercial Sales & Service,00010214161002,"R.L. Kistler, Inc", 5615 Business Ave.,,N. Syracuse,NY ,13208,USA,,315-458-2875,"Sales,"
10026,Industrial/Commercial Sales & Service,00010208021002,Modern Group Power Systems, 2501 Durham Road,,Bristol,PA ,19007,USA,www.moderngroup.com,800-404-7291,"Sales,Service,Up To 2MW,Mobile/Diesel/Gas,Training,Rental,"
10026,Industrial/Commercial Sales & Service,00010001731002,Authorized Services Of New England, 410 Forest Street,,Marlborough,MA ,01752,USA,www.asne.com,888-890-9886,"Financing,Sales,Service,Up To 2MW,Mobile/Diesel/Gas,Training,Rental,"
10026,Industrial/Commercial Sales & Service,00010008091002,MODERN HANDLING EQUIP, 75 NEW STREET,,EDISON,NJ ,08837,USA,www.moderngroup.com,800-779-5116,"Sales,Service,Up To 2MW,Mobile/Diesel/Gas,"
10026,Industrial/Commercial Sales & Service,00010208021002,Modern Group Power Systems, 6352 Chapmans Rd,,Allentown,PA ,18106,USA,,800-404-7291,"Sales,Service,Up To 2MW,Mobile/Diesel/Gas,"
10026,Industrial/Commercial Sales & Service,00010208021002,Modern Group Power Systems, 200 Allied Parkway,,West Berlin,NJ ,08091,USA,,800-404-7291,"Sales,Service,Up To 2MW,Mobile/Diesel/Gas,"
10026,Industrial/Commercial Sales & Service,00010208021002,Modern Group Power Systems, 295 New Commerce Blvd.,,Wilkes Barre,PA ,18706,USA,,800-404-7291,"Sales,Service,Up To 2MW,Mobile/Diesel/Gas,"
10026,Industrial/Commercial Sales & Service,00010208021002,Modern Group Power Systems, 66A South Gate Blvd.,,New Castle,DE ,19720,USA,,800-404-7291,"Sales,Service,Up To 2MW,Mobile/Diesel/Gas,"
10026,Industrial/Commercial Sales & Service,00010000931002,"EMERGENCY POWER SYSTEMS, LLC", 35 HAMILTON LANE,,GLENMONT,NY ,12077,USA,,800-914-1465,"Service,Up To 2MW,Mobile/Diesel/Gas,"
10026,Industrial/Commercial Sales & Service,00010000931002,"EMERGENCY POWER SYSTEMS, LLC", 35 HAMILTON LANE,,GLENMONT,NY ,12077,USA,,800-914-1465,"Service,"
10026,Industrial/Commercial Sales & Service,00010208021002,Modern Group Power Systems, 3480 Board Road,,York,PA ,17402,USA,,800-404-7291,"Sales,Service,Up To 2MW,Mobile/Diesel/Gas,"
10026,Industrial/Commercial Sales & Service,00010001731002,AUTHORIZED SERVICES OF NEW ENGLAND, 410 FOREST STREET,,MARLBOROUGH,MA ,01752,USA,,888-890-9886,"Sales,"
10026,Industrial/Commercial Sales & Service,00010001761002,"GENSERVE, INC.", 100 NEWTOWN RD,,PLAINVIEW,NY ,11803,USA,www.genserveinc.com,631-435-0437,"Service,"
10026,Industrial/Commercial Sales & Service,00111209521002,LONG ISLAND EMERGENCY POWER -QO, 2 Ocean Avenue,,DEER PARK,NY ,11729,USA,,631-586-7513,"Sales,"
10026,Industrial/Commercial Sales & Service,00010139211002,POWERPRO SERVICE CO. INC., 608 JOHNSON AVE. UNIT 6,,BOHEMIA,NY ,11716,USA,,631-567-2700,"Sales,Service,Up To 600kW,Mobile/Diesel/Gas,"
10026,Industrial/Commercial Sales & Service,00010134071002,PEAK POWER SYSTEMS, 99 SPRAGUE AVENUE,,MIDDLETOWN,NY ,10940,USA,www.peakpowersystems.com,845-344-1975,"Sales,Service,Up To 600kW,Mobile/Diesel/Gas,Rental,"
10026,Industrial/Commercial Sales & Service,00111209531002,HUNTINGTON POWER - LONG ISLAND, PO BOX 2040,,SHELTON,CT ,06484,USA,,631-586-7513,"Sales,"
10026,Industrial/Commercial Sales & Service,00010001761002,"GENSERVE, INC.", 115A TWINBRIDGE DR.,,PENNSAUKEN,NJ ,08110,USA,www.genserveinc.com,856-324-0459,"Service,"
10026,Industrial/Commercial Sales & Service,00111184131002,HUNTER & LOMISON, 1956 W FOURTH ST,,WILLIAMSPORT,PA ,17701,USA,www.hunterlomison.com,570-326-1764,"Sales,Service,Up To 600kW,Mobile/Diesel/Gas,Rental,"
10026,Industrial/Commercial Sales & Service,00010000881002,HUNTER & LOMISON INC., 1956 W. 4TH STREET,,WILLIAMSPORT,PA ,17701,USA,www.hunterlomison.com,570-326-1764,"Service,Up To 600kW,Mobile/Diesel/Gas,"
10026,Industrial/Commercial Sales & Service,00010001621002,BROOKFIELD SERVICE, 708 GLEBE ROAD,,WESTMORELAND,NH ,03467,USA,www.brookfieldservice.com,802-485-6567,"Service,Up To 600kW,Mobile/Diesel/Gas,"
10026,Industrial/Commercial Sales & Service,00010021101002,SOUTH SHORE GENERATOR INC-Quote, 2696A CRANBERRY HWY,,WAREHAM,MA ,02571,USA,,508-295-7336,"Sales,Service,Up To 600kW,Mobile/Diesel/Gas,"
10026,Industrial/Commercial Sales & Service,00010001701002,SOUTH SHORE GENERATOR INC, ,,EAST WAREHAM,MA ,02538,USA,,508-295-7336,"Financing,Sales,Service,Up To 600kW,Mobile/Diesel/Gas,"
10026,Industrial/Commercial Sales & Service,00111207431002,WARSHAUER ELECTRIC SUPPLY CO INC, 800 SHREWSBURY AVE,,TINTON FALLS,NJ ,07724,USA,www.warshauer.com,732-741-6400,"Service,"
10026,Industrial/Commercial Sales & Service,00010157021002,Mechanical Service Co, 1145 Oak St.,,Pittston,PA ,18640,USA,,570-654-2445,"Service,"
10027,Industrial/Commercial Sales & Service,00010214161002,"R.L. KISTLER, INC.", 35 HAMILTON LANE,,GLENMONT,NY ,12077,USA,,585-436-1940,"Sales,Service,"
10027,Industrial/Commercial Sales & Service,00010214161002,"R.L. Kistler, Inc", 300 Mile Crossing Blvd.,,Rochester,NY ,14624,USA,rlkistler.com,585-436-1940,"Sales,"
10027,Industrial/Commercial Sales & Service,00010001611002,Huntington Power, 230 Long Hill Cross Rd,,Shelton,CT ,06484,USA,www.huntingtonpower.com,203-929-3203,"Sales,Service,Up To 2MW,Mobile/Diesel/Gas,Training,Rental,"
10027,Industrial/Commercial Sales & Service,00010214161002,"R.L. Kistler, Inc", 5615 Business Ave.,,N. Syracuse,NY ,13208,USA,,315-458-2875,"Sales,"
10027,Industrial/Commercial Sales & Service,00010214161002,"R.L. Kistler, Inc", 5615 Business Ave.,,N. Syracuse,NY ,13208,USA,,315-458-2875,"Sales,"
10027,Industrial/Commercial Sales & Service,00010001611002,Huntington Power, 68 Enter Ln,,Islandia,NY ,11749,USA,,631-563-4943,"Sales,Service,Up To 2MW,Mobile/Diesel/Gas,"
10027,Industrial/Commercial Sales & Service,00010001611002,Huntington Power, 34 E DUDLEY TOWN RD.,,BLOOMFIELD,CT ,06002,USA,,860-289-8790,"Sales,Service,Rental,"
10027,Industrial/Commercial Sales & Service,00010208021002,Modern Group Power Systems, 2501 Durham Road,,Bristol,PA ,19007,USA,www.moderngroup.com,800-404-7291,"Sales,Service,Up To 2MW,Mobile/Diesel/Gas,Training,Rental,"
10027,Industrial/Commercial Sales & Service,00010001731002,Authorized Services Of New England, 410 Forest Street,,Marlborough,MA ,01752,USA,www.asne.com,888-890-9886,"Financing,Sales,Service,Up To 2MW,Mobile/Diesel/Gas,Training,Rental,"
10027,Industrial/Commercial Sales & Service,00010008091002,MODERN HANDLING EQUIP, 75 NEW STREET,,EDISON,NJ ,08837,USA,www.moderngroup.com,800-779-5116,"Sales,Service,Up To 2MW,Mobile/Diesel/Gas,"
10027,Industrial/Commercial Sales & Service,00010208021002,Modern Group Power Systems, 6352 Chapmans Rd,,Allentown,PA ,18106,USA,,800-404-7291,"Sales,Service,Up To 2MW,Mobile/Diesel/Gas,"
10027,Industrial/Commercial Sales & Service,00010208021002,Modern Group Power Systems, 200 Allied Parkway,,West Berlin,NJ ,08091,USA,,800-404-7291,"Sales,Service,Up To 2MW,Mobile/Diesel/Gas,"
10027,Industrial/Commercial Sales & Service,00010208021002,Modern Group Power Systems, 295 New Commerce Blvd.,,Wilkes Barre,PA ,18706,USA,,800-404-7291,"Sales,Service,Up To 2MW,Mobile/Diesel/Gas,"
10027,Industrial/Commercial Sales & Service,00010208021002,Modern Group Power Systems, 66A South Gate Blvd.,,New Castle,DE ,19720,USA,,800-404-7291,"Sales,Service,Up To 2MW,Mobile/Diesel/Gas,"
10027,Industrial/Commercial Sales & Service,00010000931002,"EMERGENCY POWER SYSTEMS, LLC", 35 HAMILTON LANE,,GLENMONT,NY ,12077,USA,,800-914-1465,"Service,Up To 2MW,Mobile/Diesel/Gas,"
10027,Industrial/Commercial Sales & Service,00010000931002,"EMERGENCY POWER SYSTEMS, LLC", 35 HAMILTON LANE,,GLENMONT,NY ,12077,USA,,800-914-1465,"Service,"
10027,Industrial/Commercial Sales & Service,00010208021002,Modern Group Power Systems, 3480 Board Road,,York,PA ,17402,USA,,800-404-7291,"Sales,Service,Up To 2MW,Mobile/Diesel/Gas,"
10027,Industrial/Commercial Sales & Service,00010001731002,AUTHORIZED SERVICES OF NEW ENGLAND, 410 FOREST STREET,,MARLBOROUGH,MA ,01752,USA,,888-890-9886,"Sales,"
10027,Industrial/Commercial Sales & Service,00010001761002,"GENSERVE, INC.", 100 NEWTOWN RD,,PLAINVIEW,NY ,11803,USA,www.genserveinc.com,631-435-0437,"Service,"
10027,Industrial/Commercial Sales & Service,00111209521002,LONG ISLAND EMERGENCY POWER -QO, 2 Ocean Avenue,,DEER PARK,NY ,11729,USA,,631-586-7513,"Sales,"
10027,Industrial/Commercial Sales & Service,00010139211002,POWERPRO SERVICE CO. INC., 608 JOHNSON AVE. UNIT 6,,BOHEMIA,NY ,11716,USA,,631-567-2700,"Sales,Service,Up To 600kW,Mobile/Diesel/Gas,"
10027,Industrial/Commercial Sales & Service,00010134071002,PEAK POWER SYSTEMS, 99 SPRAGUE AVENUE,,MIDDLETOWN,NY ,10940,USA,www.peakpowersystems.com,845-344-1975,"Sales,Service,Up To 600kW,Mobile/Diesel/Gas,Rental,"
10027,Industrial/Commercial Sales & Service,00111209531002,HUNTINGTON POWER - LONG ISLAND, PO BOX 2040,,SHELTON,CT ,06484,USA,,631-586-7513,"Sales,"
10027,Industrial/Commercial Sales & Service,00010001761002,"GENSERVE, INC.", 115A TWINBRIDGE DR.,,PENNSAUKEN,NJ ,08110,USA,www.genserveinc.com,856-324-0459,"Service,"
10027,Industrial/Commercial Sales & Service,00111184131002,HUNTER & LOMISON, 1956 W FOURTH ST,,WILLIAMSPORT,PA ,17701,USA,www.hunterlomison.com,570-326-1764,"Sales,Service,Up To 600kW,Mobile/Diesel/Gas,Rental,"
10027,Industrial/Commercial Sales & Service,00010000881002,HUNTER & LOMISON INC., 1956 W. 4TH STREET,,WILLIAMSPORT,PA ,17701,USA,www.hunterlomison.com,570-326-1764,"Service,Up To 600kW,Mobile/Diesel/Gas,"
10027,Industrial/Commercial Sales & Service,00010001621002,BROOKFIELD SERVICE, 708 GLEBE ROAD,,WESTMORELAND,NH ,03467,USA,www.brookfieldservice.com,802-485-6567,"Service,Up To 600kW,Mobile/Diesel/Gas,"
10027,Industrial/Commercial Sales & Service,00010021101002,SOUTH SHORE GENERATOR INC-Quote, 2696A CRANBERRY HWY,,WAREHAM,MA ,02571,USA,,508-295-7336,"Sales,Service,Up To 600kW,Mobile/Diesel/Gas,"
10027,Industrial/Commercial Sales & Service,00010001701002,SOUTH SHORE GENERATOR INC, ,,EAST WAREHAM,MA ,02538,USA,,508-295-7336,"Financing,Sales,Service,Up To 600kW,Mobile/Diesel/Gas,"
10027,Industrial/Commercial Sales & Service,00111207431002,WARSHAUER ELECTRIC SUPPLY CO INC, 800 SHREWSBURY AVE,,TINTON FALLS,NJ ,07724,USA,www.warshauer.com,732-741-6400,"Service,"
10027,Industrial/Commercial Sales & Service,00010157021002,Mechanical Service Co, 1145 Oak St.,,Pittston,PA ,18640,USA,,570-654-2445,"Service,"
10028,Industrial/Commercial Sales & Service,00010214161002,"R.L. KISTLER, INC.", 35 HAMILTON LANE,,GLENMONT,NY ,12077,USA,,585-436-1940,"Sales,Service,"
10028,Industrial/Commercial Sales & Service,00010001611002,Huntington Power, 230 Long Hill Cross Rd,,Shelton,CT ,06484,USA,www.huntingtonpower.com,203-929-3203,"Sales,Service,Up To 2MW,Mobile/Diesel/Gas,Training,Rental,"
10028,Industrial/Commercial Sales & Service,00010214161002,"R.L. Kistler, Inc", 300 Mile Crossing Blvd.,,Rochester,NY ,14624,USA,rlkistler.com,585-436-1940,"Sales,"
10028,Industrial/Commercial Sales & Service,00010214161002,"R.L. Kistler, Inc", 5615 Business Ave.,,N. Syracuse,NY ,13208,USA,,315-458-2875,"Sales,"
10028,Industrial/Commercial Sales & Service,00010001611002,Huntington Power, 68 Enter Ln,,Islandia,NY ,11749,USA,,631-563-4943,"Sales,Service,Up To 2MW,Mobile/Diesel/Gas,"
10028,Industrial/Commercial Sales & Service,00010001611002,Huntington Power, 34 E DUDLEY TOWN RD.,,BLOOMFIELD,CT ,06002,USA,,860-289-8790,"Sales,Service,Rental,"
10028,Industrial/Commercial Sales & Service,00010214161002,"R.L. Kistler, Inc", 5615 Business Ave.,,N. Syracuse,NY ,13208,USA,,315-458-2875,"Sales,"
10028,Industrial/Commercial Sales & Service,00010208021002,Modern Group Power Systems, 2501 Durham Road,,Bristol,PA ,19007,USA,www.moderngroup.com,800-404-7291,"Sales,Service,Up To 2MW,Mobile/Diesel/Gas,Training,Rental,"
10028,Industrial/Commercial Sales & Service,00010001731002,Authorized Services Of New England, 410 Forest Street,,Marlborough,MA ,01752,USA,www.asne.com,888-890-9886,"Financing,Sales,Service,Up To 2MW,Mobile/Diesel/Gas,Training,Rental,"
10028,Industrial/Commercial Sales & Service,00010008091002,MODERN HANDLING EQUIP, 75 NEW STREET,,EDISON,NJ ,08837,USA,www.moderngroup.com,800-779-5116,"Sales,Service,Up To 2MW,Mobile/Diesel/Gas,"
10028,Industrial/Commercial Sales & Service,00010208021002,Modern Group Power Systems, 6352 Chapmans Rd,,Allentown,PA ,18106,USA,,800-404-7291,"Sales,Service,Up To 2MW,Mobile/Diesel/Gas,"
10028,Industrial/Commercial Sales & Service,00010208021002,Modern Group Power Systems, 200 Allied Parkway,,West Berlin,NJ ,08091,USA,,800-404-7291,"Sales,Service,Up To 2MW,Mobile/Diesel/Gas,"
10028,Industrial/Commercial Sales & Service,00010208021002,Modern Group Power Systems, 295 New Commerce Blvd.,,Wilkes Barre,PA ,18706,USA,,800-404-7291,"Sales,Service,Up To 2MW,Mobile/Diesel/Gas,"
10028,Industrial/Commercial Sales & Service,00010208021002,Modern Group Power Systems, 66A South Gate Blvd.,,New Castle,DE ,19720,USA,,800-404-7291,"Sales,Service,Up To 2MW,Mobile/Diesel/Gas,"
10028,Industrial/Commercial Sales & Service,00010000931002,"EMERGENCY POWER SYSTEMS, LLC", 35 HAMILTON LANE,,GLENMONT,NY ,12077,USA,,800-914-1465,"Service,Up To 2MW,Mobile/Diesel/Gas,"
10028,Industrial/Commercial Sales & Service,00010000931002,"EMERGENCY POWER SYSTEMS, LLC", 35 HAMILTON LANE,,GLENMONT,NY ,12077,USA,,800-914-1465,"Service,"
10028,Industrial/Commercial Sales & Service,00010208021002,Modern Group Power Systems, 3480 Board Road,,York,PA ,17402,USA,,800-404-7291,"Sales,Service,Up To 2MW,Mobile/Diesel/Gas,"
10028,Industrial/Commercial Sales & Service,00010001731002,AUTHORIZED SERVICES OF NEW ENGLAND, 410 FOREST STREET,,MARLBOROUGH,MA ,01752,USA,,888-890-9886,"Sales,"
10028,Industrial/Commercial Sales & Service,00010001761002,"GENSERVE, INC.", 100 NEWTOWN RD,,PLAINVIEW,NY ,11803,USA,www.genserveinc.com,631-435-0437,"Service,"
10028,Industrial/Commercial Sales & Service,00111209521002,LONG ISLAND EMERGENCY POWER -QO, 2 Ocean Avenue,,DEER PARK,NY ,11729,USA,,631-586-7513,"Sales,"
10028,Industrial/Commercial Sales & Service,00010139211002,POWERPRO SERVICE CO. INC., 608 JOHNSON AVE. UNIT 6,,BOHEMIA,NY ,11716,USA,,631-567-2700,"Sales,Service,Up To 600kW,Mobile/Diesel/Gas,"
10028,Industrial/Commercial Sales & Service,00010134071002,PEAK POWER SYSTEMS, 99 SPRAGUE AVENUE,,MIDDLETOWN,NY ,10940,USA,www.peakpowersystems.com,845-344-1975,"Sales,Service,Up To 600kW,Mobile/Diesel/Gas,Rental,"
10028,Industrial/Commercial Sales & Service,00111209531002,HUNTINGTON POWER - LONG ISLAND, PO BOX 2040,,SHELTON,CT ,06484,USA,,631-586-7513,"Sales,"
10028,Industrial/Commercial Sales & Service,00010001761002,"GENSERVE, INC.", 115A TWINBRIDGE DR.,,PENNSAUKEN,NJ ,08110,USA,www.genserveinc.com,856-324-0459,"Service,"
10028,Industrial/Commercial Sales & Service,00111184131002,HUNTER & LOMISON, 1956 W FOURTH ST,,WILLIAMSPORT,PA ,17701,USA,www.hunterlomison.com,570-326-1764,"Sales,Service,Up To 600kW,Mobile/Diesel/Gas,Rental,"
10028,Industrial/Commercial Sales & Service,00010000881002,HUNTER & LOMISON INC., 1956 W. 4TH STREET,,WILLIAMSPORT,PA ,17701,USA,www.hunterlomison.com,570-326-1764,"Service,Up To 600kW,Mobile/Diesel/Gas,"
10028,Industrial/Commercial Sales & Service,00010001621002,BROOKFIELD SERVICE, 708 GLEBE ROAD,,WESTMORELAND,NH ,03467,USA,www.brookfieldservice.com,802-485-6567,"Service,Up To 600kW,Mobile/Diesel/Gas,"
10028,Industrial/Commercial Sales & Service,00010021101002,SOUTH SHORE GENERATOR INC-Quote, 2696A CRANBERRY HWY,,WAREHAM,MA ,02571,USA,,508-295-7336,"Sales,Service,Up To 600kW,Mobile/Diesel/Gas,"
10028,Industrial/Commercial Sales & Service,00010001701002,SOUTH SHORE GENERATOR INC, ,,EAST WAREHAM,MA ,02538,USA,,508-295-7336,"Financing,Sales,Service,Up To 600kW,Mobile/Diesel/Gas,"
10028,Industrial/Commercial Sales & Service,00111207431002,WARSHAUER ELECTRIC SUPPLY CO INC, 800 SHREWSBURY AVE,,TINTON FALLS,NJ ,07724,USA,www.warshauer.com,732-741-6400,"Service,"
10028,Industrial/Commercial Sales & Service,00010157021002,Mechanical Service Co, 1145 Oak St.,,Pittston,PA ,18640,USA,,570-654-2445,"Service,"
10029,Industrial/Commercial Sales & Service,00010214161002,"R.L. KISTLER, INC.", 35 HAMILTON LANE,,GLENMONT,NY ,12077,USA,,585-436-1940,"Sales,Service,"
10029,Industrial/Commercial Sales & Service,00010214161002,"R.L. Kistler, Inc", 300 Mile Crossing Blvd.,,Rochester,NY ,14624,USA,rlkistler.com,585-436-1940,"Sales,"
10029,Industrial/Commercial Sales & Service,00010001611002,Huntington Power, 230 Long Hill Cross Rd,,Shelton,CT ,06484,USA,www.huntingtonpower.com,203-929-3203,"Sales,Service,Up To 2MW,Mobile/Diesel/Gas,Training,Rental,"
10029,Industrial/Commercial Sales & Service,00010214161002,"R.L. Kistler, Inc", 5615 Business Ave.,,N. Syracuse,NY ,13208,USA,,315-458-2875,"Sales,"
10029,Industrial/Commercial Sales & Service,00010214161002,"R.L. Kistler, Inc", 5615 Business Ave.,,N. Syracuse,NY ,13208,USA,,315-458-2875,"Sales,"
10029,Industrial/Commercial Sales & Service,00010001611002,Huntington Power, 68 Enter Ln,,Islandia,NY ,11749,USA,,631-563-4943,"Sales,Service,Up To 2MW,Mobile/Diesel/Gas,"
10029,Industrial/Commercial Sales & Service,00010001611002,Huntington Power, 34 E DUDLEY TOWN RD.,,BLOOMFIELD,CT ,06002,USA,,860-289-8790,"Sales,Service,Rental,"
10029,Industrial/Commercial Sales & Service,00010208021002,Modern Group Power Systems, 2501 Durham Road,,Bristol,PA ,19007,USA,www.moderngroup.com,800-404-7291,"Sales,Service,Up To 2MW,Mobile/Diesel/Gas,Training,Rental,"
10029,Industrial/Commercial Sales & Service,00010001731002,Authorized Services Of New England, 410 Forest Street,,Marlborough,MA ,01752,USA,www.asne.com,888-890-9886,"Financing,Sales,Service,Up To 2MW,Mobile/Diesel/Gas,Training,Rental,"
10029,Industrial/Commercial Sales & Service,00010008091002,MODERN HANDLING EQUIP, 75 NEW STREET,,EDISON,NJ ,08837,USA,www.moderngroup.com,800-779-5116,"Sales,Service,Up To 2MW,Mobile/Diesel/Gas,"
10029,Industrial/Commercial Sales & Service,00010208021002,Modern Group Power Systems, 6352 Chapmans Rd,,Allentown,PA ,18106,USA,,800-404-7291,"Sales,Service,Up To 2MW,Mobile/Diesel/Gas,"
10029,Industrial/Commercial Sales & Service,00010208021002,Modern Group Power Systems, 200 Allied Parkway,,West Berlin,NJ ,08091,USA,,800-404-7291,"Sales,Service,Up To 2MW,Mobile/Diesel/Gas,"
10029,Industrial/Commercial Sales & Service,00010208021002,Modern Group Power Systems, 295 New Commerce Blvd.,,Wilkes Barre,PA ,18706,USA,,800-404-7291,"Sales,Service,Up To 2MW,Mobile/Diesel/Gas,"
10029,Industrial/Commercial Sales & Service,00010208021002,Modern Group Power Systems, 66A South Gate Blvd.,,New Castle,DE ,19720,USA,,800-404-7291,"Sales,Service,Up To 2MW,Mobile/Diesel/Gas,"
10029,Industrial/Commercial Sales & Service,00010000931002,"EMERGENCY POWER SYSTEMS, LLC", 35 HAMILTON LANE,,GLENMONT,NY ,12077,USA,,800-914-1465,"Service,Up To 2MW,Mobile/Diesel/Gas,"
10029,Industrial/Commercial Sales & Service,00010000931002,"EMERGENCY POWER SYSTEMS, LLC", 35 HAMILTON LANE,,GLENMONT,NY ,12077,USA,,800-914-1465,"Service,"
10029,Industrial/Commercial Sales & Service,00010208021002,Modern Group Power Systems, 3480 Board Road,,York,PA ,17402,USA,,800-404-7291,"Sales,Service,Up To 2MW,Mobile/Diesel/Gas,"
10029,Industrial/Commercial Sales & Service,00010001731002,AUTHORIZED SERVICES OF NEW ENGLAND, 410 FOREST STREET,,MARLBOROUGH,MA ,01752,USA,,888-890-9886,"Sales,"
10029,Industrial/Commercial Sales & Service,00010001761002,"GENSERVE, INC.", 100 NEWTOWN RD,,PLAINVIEW,NY ,11803,USA,www.genserveinc.com,631-435-0437,"Service,"
10029,Industrial/Commercial Sales & Service,00111209521002,LONG ISLAND EMERGENCY POWER -QO, 2 Ocean Avenue,,DEER PARK,NY ,11729,USA,,631-586-7513,"Sales,"
10029,Industrial/Commercial Sales & Service,00010139211002,POWERPRO SERVICE CO. INC., 608 JOHNSON AVE. UNIT 6,,BOHEMIA,NY ,11716,USA,,631-567-2700,"Sales,Service,Up To 600kW,Mobile/Diesel/Gas,"
10029,Industrial/Commercial Sales & Service,00010134071002,PEAK POWER SYSTEMS, 99 SPRAGUE AVENUE,,MIDDLETOWN,NY ,10940,USA,www.peakpowersystems.com,845-344-1975,"Sales,Service,Up To 600kW,Mobile/Diesel/Gas,Rental,"
10029,Industrial/Commercial Sales & Service,00111209531002,HUNTINGTON POWER - LONG ISLAND, PO BOX 2040,,SHELTON,CT ,06484,USA,,631-586-7513,"Sales,"
10029,Industrial/Commercial Sales & Service,00010001761002,"GENSERVE, INC.", 115A TWINBRIDGE DR.,,PENNSAUKEN,NJ ,08110,USA,www.genserveinc.com,856-324-0459,"Service,"
10029,Industrial/Commercial Sales & Service,00111184131002,HUNTER & LOMISON, 1956 W FOURTH ST,,WILLIAMSPORT,PA ,17701,USA,www.hunterlomison.com,570-326-1764,"Sales,Service,Up To 600kW,Mobile/Diesel/Gas,Rental,"
10029,Industrial/Commercial Sales & Service,00010000881002,HUNTER & LOMISON INC., 1956 W. 4TH STREET,,WILLIAMSPORT,PA ,17701,USA,www.hunterlomison.com,570-326-1764,"Service,Up To 600kW,Mobile/Diesel/Gas,"
10029,Industrial/Commercial Sales & Service,00010001621002,BROOKFIELD SERVICE, 708 GLEBE ROAD,,WESTMORELAND,NH ,03467,USA,www.brookfieldservice.com,802-485-6567,"Service,Up To 600kW,Mobile/Diesel/Gas,"
10029,Industrial/Commercial Sales & Service,00010021101002,SOUTH SHORE GENERATOR INC-Quote, 2696A CRANBERRY HWY,,WAREHAM,MA ,02571,USA,,508-295-7336,"Sales,Service,Up To 600kW,Mobile/Diesel/Gas,"
10029,Industrial/Commercial Sales & Service,00010001701002,SOUTH SHORE GENERATOR INC, ,,EAST WAREHAM,MA ,02538,USA,,508-295-7336,"Financing,Sales,Service,Up To 600kW,Mobile/Diesel/Gas,"
10029,Industrial/Commercial Sales & Service,00111207431002,WARSHAUER ELECTRIC SUPPLY CO INC, 800 SHREWSBURY AVE,,TINTON FALLS,NJ ,07724,USA,www.warshauer.com,732-741-6400,"Service,"
10029,Industrial/Commercial Sales & Service,00010157021002,Mechanical Service Co, 1145 Oak St.,,Pittston,PA ,18640,USA,,570-654-2445,"Service,"
10030,Industrial/Commercial Sales & Service,00010214161002,"R.L. Kistler, Inc", 300 Mile Crossing Blvd.,,Rochester,NY ,14624,USA,rlkistler.com,585-436-1940,"Sales,"
10030,Industrial/Commercial Sales & Service,00010001611002,Huntington Power, 230 Long Hill Cross Rd,,Shelton,CT ,06484,USA,www.huntingtonpower.com,203-929-3203,"Sales,Service,Up To 2MW,Mobile/Diesel/Gas,Training,Rental,"
10030,Industrial/Commercial Sales & Service,00010214161002,"R.L. KISTLER, INC.", 35 HAMILTON LANE,,GLENMONT,NY ,12077,USA,,585-436-1940,"Sales,Service,"
10030,Industrial/Commercial Sales & Service,00010214161002,"R.L. Kistler, Inc", 5615 Business Ave.,,N. Syracuse,NY ,13208,USA,,315-458-2875,"Sales,"
10030,Industrial/Commercial Sales & Service,00010001611002,Huntington Power, 68 Enter Ln,,Islandia,NY ,11749,USA,,631-563-4943,"Sales,Service,Up To 2MW,Mobile/Diesel/Gas,"
10030,Industrial/Commercial Sales & Service,00010001611002,Huntington Power, 34 E DUDLEY TOWN RD.,,BLOOMFIELD,CT ,06002,USA,,860-289-8790,"Sales,Service,Rental,"
10030,Industrial/Commercial Sales & Service,00010214161002,"R.L. Kistler, Inc", 5615 Business Ave.,,N. Syracuse,NY ,13208,USA,,315-458-2875,"Sales,"
10030,Industrial/Commercial Sales & Service,00010208021002,Modern Group Power Systems, 2501 Durham Road,,Bristol,PA ,19007,USA,www.moderngroup.com,800-404-7291,"Sales,Service,Up To 2MW,Mobile/Diesel/Gas,Training,Rental,"
10030,Industrial/Commercial Sales & Service,00010001731002,Authorized Services Of New England, 410 Forest Street,,Marlborough,MA ,01752,USA,www.asne.com,888-890-9886,"Financing,Sales,Service,Up To 2MW,Mobile/Diesel/Gas,Training,Rental,"
10030,Industrial/Commercial Sales & Service,00010008091002,MODERN HANDLING EQUIP, 75 NEW STREET,,EDISON,NJ ,08837,USA,www.moderngroup.com,800-779-5116,"Sales,Service,Up To 2MW,Mobile/Diesel/Gas,"
10030,Industrial/Commercial Sales & Service,00010208021002,Modern Group Power Systems, 6352 Chapmans Rd,,Allentown,PA ,18106,USA,,800-404-7291,"Sales,Service,Up To 2MW,Mobile/Diesel/Gas,"
10030,Industrial/Commercial Sales & Service,00010208021002,Modern Group Power Systems, 200 Allied Parkway,,West Berlin,NJ ,08091,USA,,800-404-7291,"Sales,Service,Up To 2MW,Mobile/Diesel/Gas,"
10030,Industrial/Commercial Sales & Service,00010208021002,Modern Group Power Systems, 295 New Commerce Blvd.,,Wilkes Barre,PA ,18706,USA,,800-404-7291,"Sales,Service,Up To 2MW,Mobile/Diesel/Gas,"
10030,Industrial/Commercial Sales & Service,00010208021002,Modern Group Power Systems, 66A South Gate Blvd.,,New Castle,DE ,19720,USA,,800-404-7291,"Sales,Service,Up To 2MW,Mobile/Diesel/Gas,"
10030,Industrial/Commercial Sales & Service,00010000931002,"EMERGENCY POWER SYSTEMS, LLC", 35 HAMILTON LANE,,GLENMONT,NY ,12077,USA,,800-914-1465,"Service,Up To 2MW,Mobile/Diesel/Gas,"
10030,Industrial/Commercial Sales & Service,00010000931002,"EMERGENCY POWER SYSTEMS, LLC", 35 HAMILTON LANE,,GLENMONT,NY ,12077,USA,,800-914-1465,"Service,"
10030,Industrial/Commercial Sales & Service,00010208021002,Modern Group Power Systems, 3480 Board Road,,York,PA ,17402,USA,,800-404-7291,"Sales,Service,Up To 2MW,Mobile/Diesel/Gas,"
10030,Industrial/Commercial Sales & Service,00010001731002,AUTHORIZED SERVICES OF NEW ENGLAND, 410 FOREST STREET,,MARLBOROUGH,MA ,01752,USA,,888-890-9886,"Sales,"
10030,Industrial/Commercial Sales & Service,00010001761002,"GENSERVE, INC.", 100 NEWTOWN RD,,PLAINVIEW,NY ,11803,USA,www.genserveinc.com,631-435-0437,"Service,"
10030,Industrial/Commercial Sales & Service,00111209521002,LONG ISLAND EMERGENCY POWER -QO, 2 Ocean Avenue,,DEER PARK,NY ,11729,USA,,631-586-7513,"Sales,"
10030,Industrial/Commercial Sales & Service,00010139211002,POWERPRO SERVICE CO. INC., 608 JOHNSON AVE. UNIT 6,,BOHEMIA,NY ,11716,USA,,631-567-2700,"Sales,Service,Up To 600kW,Mobile/Diesel/Gas,"
10030,Industrial/Commercial Sales & Service,00010134071002,PEAK POWER SYSTEMS, 99 SPRAGUE AVENUE,,MIDDLETOWN,NY ,10940,USA,www.peakpowersystems.com,845-344-1975,"Sales,Service,Up To 600kW,Mobile/Diesel/Gas,Rental,"
10030,Industrial/Commercial Sales & Service,00111209531002,HUNTINGTON POWER - LONG ISLAND, PO BOX 2040,,SHELTON,CT ,06484,USA,,631-586-7513,"Sales,"
10030,Industrial/Commercial Sales & Service,00010001761002,"GENSERVE, INC.", 115A TWINBRIDGE DR.,,PENNSAUKEN,NJ ,08110,USA,www.genserveinc.com,856-324-0459,"Service,"
10030,Industrial/Commercial Sales & Service,00111184131002,HUNTER & LOMISON, 1956 W FOURTH ST,,WILLIAMSPORT,PA ,17701,USA,www.hunterlomison.com,570-326-1764,"Sales,Service,Up To 600kW,Mobile/Diesel/Gas,Rental,"
10030,Industrial/Commercial Sales & Service,00010000881002,HUNTER & LOMISON INC., 1956 W. 4TH STREET,,WILLIAMSPORT,PA ,17701,USA,www.hunterlomison.com,570-326-1764,"Service,Up To 600kW,Mobile/Diesel/Gas,"
10030,Industrial/Commercial Sales & Service,00010001621002,BROOKFIELD SERVICE, 708 GLEBE ROAD,,WESTMORELAND,NH ,03467,USA,www.brookfieldservice.com,802-485-6567,"Service,Up To 600kW,Mobile/Diesel/Gas,"
10030,Industrial/Commercial Sales & Service,00010021101002,SOUTH SHORE GENERATOR INC-Quote, 2696A CRANBERRY HWY,,WAREHAM,MA ,02571,USA,,508-295-7336,"Sales,Service,Up To 600kW,Mobile/Diesel/Gas,"
10030,Industrial/Commercial Sales & Service,00010001701002,SOUTH SHORE GENERATOR INC, ,,EAST WAREHAM,MA ,02538,USA,,508-295-7336,"Financing,Sales,Service,Up To 600kW,Mobile/Diesel/Gas,"
10030,Industrial/Commercial Sales & Service,00111207431002,WARSHAUER ELECTRIC SUPPLY CO INC, 800 SHREWSBURY AVE,,TINTON FALLS,NJ ,07724,USA,www.warshauer.com,732-741-6400,"Service,"
10030,Industrial/Commercial Sales & Service,00010157021002,Mechanical Service Co, 1145 Oak St.,,Pittston,PA ,18640,USA,,570-654-2445,"Service,"
10031,Industrial/Commercial Sales & Service,00010214161002,"R.L. Kistler, Inc", 300 Mile Crossing Blvd.,,Rochester,NY ,14624,USA,rlkistler.com,585-436-1940,"Sales,"
10031,Industrial/Commercial Sales & Service,00010214161002,"R.L. KISTLER, INC.", 35 HAMILTON LANE,,GLENMONT,NY ,12077,USA,,585-436-1940,"Sales,Service,"
10031,Industrial/Commercial Sales & Service,00010001611002,Huntington Power, 230 Long Hill Cross Rd,,Shelton,CT ,06484,USA,www.huntingtonpower.com,203-929-3203,"Sales,Service,Up To 2MW,Mobile/Diesel/Gas,Training,Rental,"
10031,Industrial/Commercial Sales & Service,00010214161002,"R.L. Kistler, Inc", 5615 Business Ave.,,N. Syracuse,NY ,13208,USA,,315-458-2875,"Sales,"
10031,Industrial/Commercial Sales & Service,00010214161002,"R.L. Kistler, Inc", 5615 Business Ave.,,N. Syracuse,NY ,13208,USA,,315-458-2875,"Sales,"
10031,Industrial/Commercial Sales & Service,00010001611002,Huntington Power, 68 Enter Ln,,Islandia,NY ,11749,USA,,631-563-4943,"Sales,Service,Up To 2MW,Mobile/Diesel/Gas,"
10031,Industrial/Commercial Sales & Service,00010001611002,Huntington Power, 34 E DUDLEY TOWN RD.,,BLOOMFIELD,CT ,06002,USA,,860-289-8790,"Sales,Service,Rental,"
10031,Industrial/Commercial Sales & Service,00010208021002,Modern Group Power Systems, 2501 Durham Road,,Bristol,PA ,19007,USA,www.moderngroup.com,800-404-7291,"Sales,Service,Up To 2MW,Mobile/Diesel/Gas,Training,Rental,"
10031,Industrial/Commercial Sales & Service,00010001731002,Authorized Services Of New England, 410 Forest Street,,Marlborough,MA ,01752,USA,www.asne.com,888-890-9886,"Financing,Sales,Service,Up To 2MW,Mobile/Diesel/Gas,Training,Rental,"
10031,Industrial/Commercial Sales & Service,00010008091002,MODERN HANDLING EQUIP, 75 NEW STREET,,EDISON,NJ ,08837,USA,www.moderngroup.com,800-779-5116,"Sales,Service,Up To 2MW,Mobile/Diesel/Gas,"
10031,Industrial/Commercial Sales & Service,00010208021002,Modern Group Power Systems, 6352 Chapmans Rd,,Allentown,PA ,18106,USA,,800-404-7291,"Sales,Service,Up To 2MW,Mobile/Diesel/Gas,"
10031,Industrial/Commercial Sales & Service,00010208021002,Modern Group Power Systems, 200 Allied Parkway,,West Berlin,NJ ,08091,USA,,800-404-7291,"Sales,Service,Up To 2MW,Mobile/Diesel/Gas,"
10031,Industrial/Commercial Sales & Service,00010208021002,Modern Group Power Systems, 295 New Commerce Blvd.,,Wilkes Barre,PA ,18706,USA,,800-404-7291,"Sales,Service,Up To 2MW,Mobile/Diesel/Gas,"
10031,Industrial/Commercial Sales & Service,00010208021002,Modern Group Power Systems, 66A South Gate Blvd.,,New Castle,DE ,19720,USA,,800-404-7291,"Sales,Service,Up To 2MW,Mobile/Diesel/Gas,"
10031,Industrial/Commercial Sales & Service,00010000931002,"EMERGENCY POWER SYSTEMS, LLC", 35 HAMILTON LANE,,GLENMONT,NY ,12077,USA,,800-914-1465,"Service,Up To 2MW,Mobile/Diesel/Gas,"
10031,Industrial/Commercial Sales & Service,00010000931002,"EMERGENCY POWER SYSTEMS, LLC", 35 HAMILTON LANE,,GLENMONT,NY ,12077,USA,,800-914-1465,"Service,"
10031,Industrial/Commercial Sales & Service,00010208021002,Modern Group Power Systems, 3480 Board Road,,York,PA ,17402,USA,,800-404-7291,"Sales,Service,Up To 2MW,Mobile/Diesel/Gas,"
10031,Industrial/Commercial Sales & Service,00010001731002,AUTHORIZED SERVICES OF NEW ENGLAND, 410 FOREST STREET,,MARLBOROUGH,MA ,01752,USA,,888-890-9886,"Sales,"
10031,Industrial/Commercial Sales & Service,00010001761002,"GENSERVE, INC.", 100 NEWTOWN RD,,PLAINVIEW,NY ,11803,USA,www.genserveinc.com,631-435-0437,"Service,"
10031,Industrial/Commercial Sales & Service,00111209521002,LONG ISLAND EMERGENCY POWER -QO, 2 Ocean Avenue,,DEER PARK,NY ,11729,USA,,631-586-7513,"Sales,"
10031,Industrial/Commercial Sales & Service,00010139211002,POWERPRO SERVICE CO. INC., 608 JOHNSON AVE. UNIT 6,,BOHEMIA,NY ,11716,USA,,631-567-2700,"Sales,Service,Up To 600kW,Mobile/Diesel/Gas,"
10031,Industrial/Commercial Sales & Service,00010134071002,PEAK POWER SYSTEMS, 99 SPRAGUE AVENUE,,MIDDLETOWN,NY ,10940,USA,www.peakpowersystems.com,845-344-1975,"Sales,Service,Up To 600kW,Mobile/Diesel/Gas,Rental,"
10031,Industrial/Commercial Sales & Service,00111209531002,HUNTINGTON POWER - LONG ISLAND, PO BOX 2040,,SHELTON,CT ,06484,USA,,631-586-7513,"Sales,"
10031,Industrial/Commercial Sales & Service,00010001761002,"GENSERVE, INC.", 115A TWINBRIDGE DR.,,PENNSAUKEN,NJ ,08110,USA,www.genserveinc.com,856-324-0459,"Service,"
10031,Industrial/Commercial Sales & Service,00111184131002,HUNTER & LOMISON, 1956 W FOURTH ST,,WILLIAMSPORT,PA ,17701,USA,www.hunterlomison.com,570-326-1764,"Sales,Service,Up To 600kW,Mobile/Diesel/Gas,Rental,"
10031,Industrial/Commercial Sales & Service,00010000881002,HUNTER & LOMISON INC., 1956 W. 4TH STREET,,WILLIAMSPORT,PA ,17701,USA,www.hunterlomison.com,570-326-1764,"Service,Up To 600kW,Mobile/Diesel/Gas,"
10031,Industrial/Commercial Sales & Service,00010001621002,BROOKFIELD SERVICE, 708 GLEBE ROAD,,WESTMORELAND,NH ,03467,USA,www.brookfieldservice.com,802-485-6567,"Service,Up To 600kW,Mobile/Diesel/Gas,"
10031,Industrial/Commercial Sales & Service,00010021101002,SOUTH SHORE GENERATOR INC-Quote, 2696A CRANBERRY HWY,,WAREHAM,MA ,02571,USA,,508-295-7336,"Sales,Service,Up To 600kW,Mobile/Diesel/Gas,"
10031,Industrial/Commercial Sales & Service,00010001701002,SOUTH SHORE GENERATOR INC, ,,EAST WAREHAM,MA ,02538,USA,,508-295-7336,"Financing,Sales,Service,Up To 600kW,Mobile/Diesel/Gas,"
10031,Industrial/Commercial Sales & Service,00111207431002,WARSHAUER ELECTRIC SUPPLY CO INC, 800 SHREWSBURY AVE,,TINTON FALLS,NJ ,07724,USA,www.warshauer.com,732-741-6400,"Service,"
10031,Industrial/Commercial Sales & Service,00010157021002,Mechanical Service Co, 1145 Oak St.,,Pittston,PA ,18640,USA,,570-654-2445,"Service,"
10032,Industrial/Commercial Sales & Service,00010001611002,Huntington Power, 230 Long Hill Cross Rd,,Shelton,CT ,06484,USA,www.huntingtonpower.com,203-929-3203,"Sales,Service,Up To 2MW,Mobile/Diesel/Gas,Training,Rental,"
10032,Industrial/Commercial Sales & Service,00010214161002,"R.L. Kistler, Inc", 300 Mile Crossing Blvd.,,Rochester,NY ,14624,USA,rlkistler.com,585-436-1940,"Sales,"
10032,Industrial/Commercial Sales & Service,00010214161002,"R.L. KISTLER, INC.", 35 HAMILTON LANE,,GLENMONT,NY ,12077,USA,,585-436-1940,"Sales,Service,"
10032,Industrial/Commercial Sales & Service,00010001611002,Huntington Power, 68 Enter Ln,,Islandia,NY ,11749,USA,,631-563-4943,"Sales,Service,Up To 2MW,Mobile/Diesel/Gas,"
10032,Industrial/Commercial Sales & Service,00010001611002,Huntington Power, 34 E DUDLEY TOWN RD.,,BLOOMFIELD,CT ,06002,USA,,860-289-8790,"Sales,Service,Rental,"
10032,Industrial/Commercial Sales & Service,00010214161002,"R.L. Kistler, Inc", 5615 Business Ave.,,N. Syracuse,NY ,13208,USA,,315-458-2875,"Sales,"
10032,Industrial/Commercial Sales & Service,00010214161002,"R.L. Kistler, Inc", 5615 Business Ave.,,N. Syracuse,NY ,13208,USA,,315-458-2875,"Sales,"
10032,Industrial/Commercial Sales & Service,00010208021002,Modern Group Power Systems, 2501 Durham Road,,Bristol,PA ,19007,USA,www.moderngroup.com,800-404-7291,"Sales,Service,Up To 2MW,Mobile/Diesel/Gas,Training,Rental,"
10032,Industrial/Commercial Sales & Service,00010001731002,Authorized Services Of New England, 410 Forest Street,,Marlborough,MA ,01752,USA,www.asne.com,888-890-9886,"Financing,Sales,Service,Up To 2MW,Mobile/Diesel/Gas,Training,Rental,"
10032,Industrial/Commercial Sales & Service,00010008091002,MODERN HANDLING EQUIP, 75 NEW STREET,,EDISON,NJ ,08837,USA,www.moderngroup.com,800-779-5116,"Sales,Service,Up To 2MW,Mobile/Diesel/Gas,"
10032,Industrial/Commercial Sales & Service,00010208021002,Modern Group Power Systems, 6352 Chapmans Rd,,Allentown,PA ,18106,USA,,800-404-7291,"Sales,Service,Up To 2MW,Mobile/Diesel/Gas,"
10032,Industrial/Commercial Sales & Service,00010208021002,Modern Group Power Systems, 200 Allied Parkway,,West Berlin,NJ ,08091,USA,,800-404-7291,"Sales,Service,Up To 2MW,Mobile/Diesel/Gas,"
10032,Industrial/Commercial Sales & Service,00010208021002,Modern Group Power Systems, 295 New Commerce Blvd.,,Wilkes Barre,PA ,18706,USA,,800-404-7291,"Sales,Service,Up To 2MW,Mobile/Diesel/Gas,"
10032,Industrial/Commercial Sales & Service,00010208021002,Modern Group Power Systems, 66A South Gate Blvd.,,New Castle,DE ,19720,USA,,800-404-7291,"Sales,Service,Up To 2MW,Mobile/Diesel/Gas,"
10032,Industrial/Commercial Sales & Service,00010000931002,"EMERGENCY POWER SYSTEMS, LLC", 35 HAMILTON LANE,,GLENMONT,NY ,12077,USA,,800-914-1465,"Service,Up To 2MW,Mobile/Diesel/Gas,"
10032,Industrial/Commercial Sales & Service,00010000931002,"EMERGENCY POWER SYSTEMS, LLC", 35 HAMILTON LANE,,GLENMONT,NY ,12077,USA,,800-914-1465,"Service,"
10032,Industrial/Commercial Sales & Service,00010208021002,Modern Group Power Systems, 3480 Board Road,,York,PA ,17402,USA,,800-404-7291,"Sales,Service,Up To 2MW,Mobile/Diesel/Gas,"
10032,Industrial/Commercial Sales & Service,00010001731002,AUTHORIZED SERVICES OF NEW ENGLAND, 410 FOREST STREET,,MARLBOROUGH,MA ,01752,USA,,888-890-9886,"Sales,"
10032,Industrial/Commercial Sales & Service,00010001761002,"GENSERVE, INC.", 100 NEWTOWN RD,,PLAINVIEW,NY ,11803,USA,www.genserveinc.com,631-435-0437,"Service,"
10032,Industrial/Commercial Sales & Service,00111209521002,LONG ISLAND EMERGENCY POWER -QO, 2 Ocean Avenue,,DEER PARK,NY ,11729,USA,,631-586-7513,"Sales,"
10032,Industrial/Commercial Sales & Service,00010139211002,POWERPRO SERVICE CO. INC., 608 JOHNSON AVE. UNIT 6,,BOHEMIA,NY ,11716,USA,,631-567-2700,"Sales,Service,Up To 600kW,Mobile/Diesel/Gas,"
10032,Industrial/Commercial Sales & Service,00010134071002,PEAK POWER SYSTEMS, 99 SPRAGUE AVENUE,,MIDDLETOWN,NY ,10940,USA,www.peakpowersystems.com,845-344-1975,"Sales,Service,Up To 600kW,Mobile/Diesel/Gas,Rental,"
10032,Industrial/Commercial Sales & Service,00111209531002,HUNTINGTON POWER - LONG ISLAND, PO BOX 2040,,SHELTON,CT ,06484,USA,,631-586-7513,"Sales,"
10032,Industrial/Commercial Sales & Service,00010001761002,"GENSERVE, INC.", 115A TWINBRIDGE DR.,,PENNSAUKEN,NJ ,08110,USA,www.genserveinc.com,856-324-0459,"Service,"
10032,Industrial/Commercial Sales & Service,00111184131002,HUNTER & LOMISON, 1956 W FOURTH ST,,WILLIAMSPORT,PA ,17701,USA,www.hunterlomison.com,570-326-1764,"Sales,Service,Up To 600kW,Mobile/Diesel/Gas,Rental,"
10032,Industrial/Commercial Sales & Service,00010000881002,HUNTER & LOMISON INC., 1956 W. 4TH STREET,,WILLIAMSPORT,PA ,17701,USA,www.hunterlomison.com,570-326-1764,"Service,Up To 600kW,Mobile/Diesel/Gas,"
10032,Industrial/Commercial Sales & Service,00010001621002,BROOKFIELD SERVICE, 708 GLEBE ROAD,,WESTMORELAND,NH ,03467,USA,www.brookfieldservice.com,802-485-6567,"Service,Up To 600kW,Mobile/Diesel/Gas,"
10032,Industrial/Commercial Sales & Service,00010021101002,SOUTH SHORE GENERATOR INC-Quote, 2696A CRANBERRY HWY,,WAREHAM,MA ,02571,USA,,508-295-7336,"Sales,Service,Up To 600kW,Mobile/Diesel/Gas,"
10032,Industrial/Commercial Sales & Service,00010001701002,SOUTH SHORE GENERATOR INC, ,,EAST WAREHAM,MA ,02538,USA,,508-295-7336,"Financing,Sales,Service,Up To 600kW,Mobile/Diesel/Gas,"
10032,Industrial/Commercial Sales & Service,00111207431002,WARSHAUER ELECTRIC SUPPLY CO INC, 800 SHREWSBURY AVE,,TINTON FALLS,NJ ,07724,USA,www.warshauer.com,732-741-6400,"Service,"
10032,Industrial/Commercial Sales & Service,00010157021002,Mechanical Service Co, 1145 Oak St.,,Pittston,PA ,18640,USA,,570-654-2445,"Service,"
10033,Industrial/Commercial Sales & Service,00010214161002,"R.L. KISTLER, INC.", 35 HAMILTON LANE,,GLENMONT,NY ,12077,USA,,585-436-1940,"Sales,Service,"
10033,Industrial/Commercial Sales & Service,00010214161002,"R.L. Kistler, Inc", 300 Mile Crossing Blvd.,,Rochester,NY ,14624,USA,rlkistler.com,585-436-1940,"Sales,"
10033,Industrial/Commercial Sales & Service,00010001611002,Huntington Power, 230 Long Hill Cross Rd,,Shelton,CT ,06484,USA,www.huntingtonpower.com,203-929-3203,"Sales,Service,Up To 2MW,Mobile/Diesel/Gas,Training,Rental,"
10033,Industrial/Commercial Sales & Service,00010214161002,"R.L. Kistler, Inc", 5615 Business Ave.,,N. Syracuse,NY ,13208,USA,,315-458-2875,"Sales,"
10033,Industrial/Commercial Sales & Service,00010214161002,"R.L. Kistler, Inc", 5615 Business Ave.,,N. Syracuse,NY ,13208,USA,,315-458-2875,"Sales,"
10033,Industrial/Commercial Sales & Service,00010001611002,Huntington Power, 68 Enter Ln,,Islandia,NY ,11749,USA,,631-563-4943,"Sales,Service,Up To 2MW,Mobile/Diesel/Gas,"
10033,Industrial/Commercial Sales & Service,00010001611002,Huntington Power, 34 E DUDLEY TOWN RD.,,BLOOMFIELD,CT ,06002,USA,,860-289-8790,"Sales,Service,Rental,"
10033,Industrial/Commercial Sales & Service,00010208021002,Modern Group Power Systems, 2501 Durham Road,,Bristol,PA ,19007,USA,www.moderngroup.com,800-404-7291,"Sales,Service,Up To 2MW,Mobile/Diesel/Gas,Training,Rental,"
10033,Industrial/Commercial Sales & Service,00010001731002,Authorized Services Of New England, 410 Forest Street,,Marlborough,MA ,01752,USA,www.asne.com,888-890-9886,"Financing,Sales,Service,Up To 2MW,Mobile/Diesel/Gas,Training,Rental,"
10033,Industrial/Commercial Sales & Service,00010008091002,MODERN HANDLING EQUIP, 75 NEW STREET,,EDISON,NJ ,08837,USA,www.moderngroup.com,800-779-5116,"Sales,Service,Up To 2MW,Mobile/Diesel/Gas,"
10033,Industrial/Commercial Sales & Service,00010208021002,Modern Group Power Systems, 6352 Chapmans Rd,,Allentown,PA ,18106,USA,,800-404-7291,"Sales,Service,Up To 2MW,Mobile/Diesel/Gas,"
10033,Industrial/Commercial Sales & Service,00010208021002,Modern Group Power Systems, 200 Allied Parkway,,West Berlin,NJ ,08091,USA,,800-404-7291,"Sales,Service,Up To 2MW,Mobile/Diesel/Gas,"
10033,Industrial/Commercial Sales & Service,00010208021002,Modern Group Power Systems, 295 New Commerce Blvd.,,Wilkes Barre,PA ,18706,USA,,800-404-7291,"Sales,Service,Up To 2MW,Mobile/Diesel/Gas,"
10033,Industrial/Commercial Sales & Service,00010000931002,"EMERGENCY POWER SYSTEMS, LLC", 35 HAMILTON LANE,,GLENMONT,NY ,12077,USA,,800-914-1465,"Service,Up To 2MW,Mobile/Diesel/Gas,"
10033,Industrial/Commercial Sales & Service,00010000931002,"EMERGENCY POWER SYSTEMS, LLC", 35 HAMILTON LANE,,GLENMONT,NY ,12077,USA,,800-914-1465,"Service,"
10033,Industrial/Commercial Sales & Service,00010208021002,Modern Group Power Systems, 66A South Gate Blvd.,,New Castle,DE ,19720,USA,,800-404-7291,"Sales,Service,Up To 2MW,Mobile/Diesel/Gas,"
10033,Industrial/Commercial Sales & Service,00010208021002,Modern Group Power Systems, 3480 Board Road,,York,PA ,17402,USA,,800-404-7291,"Sales,Service,Up To 2MW,Mobile/Diesel/Gas,"
10033,Industrial/Commercial Sales & Service,00010001731002,AUTHORIZED SERVICES OF NEW ENGLAND, 410 FOREST STREET,,MARLBOROUGH,MA ,01752,USA,,888-890-9886,"Sales,"
10033,Industrial/Commercial Sales & Service,00010001761002,"GENSERVE, INC.", 100 NEWTOWN RD,,PLAINVIEW,NY ,11803,USA,www.genserveinc.com,631-435-0437,"Service,"
10033,Industrial/Commercial Sales & Service,00111209521002,LONG ISLAND EMERGENCY POWER -QO, 2 Ocean Avenue,,DEER PARK,NY ,11729,USA,,631-586-7513,"Sales,"
10033,Industrial/Commercial Sales & Service,00010139211002,POWERPRO SERVICE CO. INC., 608 JOHNSON AVE. UNIT 6,,BOHEMIA,NY ,11716,USA,,631-567-2700,"Sales,Service,Up To 600kW,Mobile/Diesel/Gas,"
10033,Industrial/Commercial Sales & Service,00010134071002,PEAK POWER SYSTEMS, 99 SPRAGUE AVENUE,,MIDDLETOWN,NY ,10940,USA,www.peakpowersystems.com,845-344-1975,"Sales,Service,Up To 600kW,Mobile/Diesel/Gas,Rental,"
10033,Industrial/Commercial Sales & Service,00111209531002,HUNTINGTON POWER - LONG ISLAND, PO BOX 2040,,SHELTON,CT ,06484,USA,,631-586-7513,"Sales,"
10033,Industrial/Commercial Sales & Service,00010001761002,"GENSERVE, INC.", 115A TWINBRIDGE DR.,,PENNSAUKEN,NJ ,08110,USA,www.genserveinc.com,856-324-0459,"Service,"
10033,Industrial/Commercial Sales & Service,00111184131002,HUNTER & LOMISON, 1956 W FOURTH ST,,WILLIAMSPORT,PA ,17701,USA,www.hunterlomison.com,570-326-1764,"Sales,Service,Up To 600kW,Mobile/Diesel/Gas,Rental,"
10033,Industrial/Commercial Sales & Service,00010000881002,HUNTER & LOMISON INC., 1956 W. 4TH STREET,,WILLIAMSPORT,PA ,17701,USA,www.hunterlomison.com,570-326-1764,"Service,Up To 600kW,Mobile/Diesel/Gas,"
10033,Industrial/Commercial Sales & Service,00010001621002,BROOKFIELD SERVICE, 708 GLEBE ROAD,,WESTMORELAND,NH ,03467,USA,www.brookfieldservice.com,802-485-6567,"Service,Up To 600kW,Mobile/Diesel/Gas,"
10033,Industrial/Commercial Sales & Service,00010021101002,SOUTH SHORE GENERATOR INC-Quote, 2696A CRANBERRY HWY,,WAREHAM,MA ,02571,USA,,508-295-7336,"Sales,Service,Up To 600kW,Mobile/Diesel/Gas,"
10033,Industrial/Commercial Sales & Service,00010001701002,SOUTH SHORE GENERATOR INC, ,,EAST WAREHAM,MA ,02538,USA,,508-295-7336,"Financing,Sales,Service,Up To 600kW,Mobile/Diesel/Gas,"
10033,Industrial/Commercial Sales & Service,00111207431002,WARSHAUER ELECTRIC SUPPLY CO INC, 800 SHREWSBURY AVE,,TINTON FALLS,NJ ,07724,USA,www.warshauer.com,732-741-6400,"Service,"
10033,Industrial/Commercial Sales & Service,00010157021002,Mechanical Service Co, 1145 Oak St.,,Pittston,PA ,18640,USA,,570-654-2445,"Service,"
10034,Industrial/Commercial Sales & Service,00010001611002,Huntington Power, 230 Long Hill Cross Rd,,Shelton,CT ,06484,USA,www.huntingtonpower.com,203-929-3203,"Sales,Service,Up To 2MW,Mobile/Diesel/Gas,Training,Rental,"
10034,Industrial/Commercial Sales & Service,00010214161002,"R.L. Kistler, Inc", 300 Mile Crossing Blvd.,,Rochester,NY ,14624,USA,rlkistler.com,585-436-1940,"Sales,"
10034,Industrial/Commercial Sales & Service,00010214161002,"R.L. KISTLER, INC.", 35 HAMILTON LANE,,GLENMONT,NY ,12077,USA,,585-436-1940,"Sales,Service,"
10034,Industrial/Commercial Sales & Service,00010001611002,Huntington Power, 68 Enter Ln,,Islandia,NY ,11749,USA,,631-563-4943,"Sales,Service,Up To 2MW,Mobile/Diesel/Gas,"
10034,Industrial/Commercial Sales & Service,00010001611002,Huntington Power, 34 E DUDLEY TOWN RD.,,BLOOMFIELD,CT ,06002,USA,,860-289-8790,"Sales,Service,Rental,"
10034,Industrial/Commercial Sales & Service,00010214161002,"R.L. Kistler, Inc", 5615 Business Ave.,,N. Syracuse,NY ,13208,USA,,315-458-2875,"Sales,"
10034,Industrial/Commercial Sales & Service,00010214161002,"R.L. Kistler, Inc", 5615 Business Ave.,,N. Syracuse,NY ,13208,USA,,315-458-2875,"Sales,"
10034,Industrial/Commercial Sales & Service,00010208021002,Modern Group Power Systems, 2501 Durham Road,,Bristol,PA ,19007,USA,www.moderngroup.com,800-404-7291,"Sales,Service,Up To 2MW,Mobile/Diesel/Gas,Training,Rental,"
10034,Industrial/Commercial Sales & Service,00010001731002,Authorized Services Of New England, 410 Forest Street,,Marlborough,MA ,01752,USA,www.asne.com,888-890-9886,"Financing,Sales,Service,Up To 2MW,Mobile/Diesel/Gas,Training,Rental,"
10034,Industrial/Commercial Sales & Service,00010008091002,MODERN HANDLING EQUIP, 75 NEW STREET,,EDISON,NJ ,08837,USA,www.moderngroup.com,800-779-5116,"Sales,Service,Up To 2MW,Mobile/Diesel/Gas,"
10034,Industrial/Commercial Sales & Service,00010208021002,Modern Group Power Systems, 6352 Chapmans Rd,,Allentown,PA ,18106,USA,,800-404-7291,"Sales,Service,Up To 2MW,Mobile/Diesel/Gas,"
10034,Industrial/Commercial Sales & Service,00010208021002,Modern Group Power Systems, 200 Allied Parkway,,West Berlin,NJ ,08091,USA,,800-404-7291,"Sales,Service,Up To 2MW,Mobile/Diesel/Gas,"
10034,Industrial/Commercial Sales & Service,00010208021002,Modern Group Power Systems, 295 New Commerce Blvd.,,Wilkes Barre,PA ,18706,USA,,800-404-7291,"Sales,Service,Up To 2MW,Mobile/Diesel/Gas,"
10034,Industrial/Commercial Sales & Service,00010000931002,"EMERGENCY POWER SYSTEMS, LLC", 35 HAMILTON LANE,,GLENMONT,NY ,12077,USA,,800-914-1465,"Service,Up To 2MW,Mobile/Diesel/Gas,"
10034,Industrial/Commercial Sales & Service,00010000931002,"EMERGENCY POWER SYSTEMS, LLC", 35 HAMILTON LANE,,GLENMONT,NY ,12077,USA,,800-914-1465,"Service,"
10034,Industrial/Commercial Sales & Service,00010208021002,Modern Group Power Systems, 66A South Gate Blvd.,,New Castle,DE ,19720,USA,,800-404-7291,"Sales,Service,Up To 2MW,Mobile/Diesel/Gas,"
10034,Industrial/Commercial Sales & Service,00010208021002,Modern Group Power Systems, 3480 Board Road,,York,PA ,17402,USA,,800-404-7291,"Sales,Service,Up To 2MW,Mobile/Diesel/Gas,"
10034,Industrial/Commercial Sales & Service,00010001731002,AUTHORIZED SERVICES OF NEW ENGLAND, 410 FOREST STREET,,MARLBOROUGH,MA ,01752,USA,,888-890-9886,"Sales,"
10034,Industrial/Commercial Sales & Service,00010001761002,"GENSERVE, INC.", 100 NEWTOWN RD,,PLAINVIEW,NY ,11803,USA,www.genserveinc.com,631-435-0437,"Service,"
10034,Industrial/Commercial Sales & Service,00111209521002,LONG ISLAND EMERGENCY POWER -QO, 2 Ocean Avenue,,DEER PARK,NY ,11729,USA,,631-586-7513,"Sales,"
10034,Industrial/Commercial Sales & Service,00010139211002,POWERPRO SERVICE CO. INC., 608 JOHNSON AVE. UNIT 6,,BOHEMIA,NY ,11716,USA,,631-567-2700,"Sales,Service,Up To 600kW,Mobile/Diesel/Gas,"
10034,Industrial/Commercial Sales & Service,00010134071002,PEAK POWER SYSTEMS, 99 SPRAGUE AVENUE,,MIDDLETOWN,NY ,10940,USA,www.peakpowersystems.com,845-344-1975,"Sales,Service,Up To 600kW,Mobile/Diesel/Gas,Rental,"
10034,Industrial/Commercial Sales & Service,00111209531002,HUNTINGTON POWER - LONG ISLAND, PO BOX 2040,,SHELTON,CT ,06484,USA,,631-586-7513,"Sales,"
10034,Industrial/Commercial Sales & Service,00010001761002,"GENSERVE, INC.", 115A TWINBRIDGE DR.,,PENNSAUKEN,NJ ,08110,USA,www.genserveinc.com,856-324-0459,"Service,"
10034,Industrial/Commercial Sales & Service,00010001621002,BROOKFIELD SERVICE, 708 GLEBE ROAD,,WESTMORELAND,NH ,03467,USA,www.brookfieldservice.com,802-485-6567,"Service,Up To 600kW,Mobile/Diesel/Gas,"
10034,Industrial/Commercial Sales & Service,00111184131002,HUNTER & LOMISON, 1956 W FOURTH ST,,WILLIAMSPORT,PA ,17701,USA,www.hunterlomison.com,570-326-1764,"Sales,Service,Up To 600kW,Mobile/Diesel/Gas,Rental,"
10034,Industrial/Commercial Sales & Service,00010000881002,HUNTER & LOMISON INC., 1956 W. 4TH STREET,,WILLIAMSPORT,PA ,17701,USA,www.hunterlomison.com,570-326-1764,"Service,Up To 600kW,Mobile/Diesel/Gas,"
10034,Industrial/Commercial Sales & Service,00010021101002,SOUTH SHORE GENERATOR INC-Quote, 2696A CRANBERRY HWY,,WAREHAM,MA ,02571,USA,,508-295-7336,"Sales,Service,Up To 600kW,Mobile/Diesel/Gas,"
10034,Industrial/Commercial Sales & Service,00010001701002,SOUTH SHORE GENERATOR INC, ,,EAST WAREHAM,MA ,02538,USA,,508-295-7336,"Financing,Sales,Service,Up To 600kW,Mobile/Diesel/Gas,"
10034,Industrial/Commercial Sales & Service,00111207431002,WARSHAUER ELECTRIC SUPPLY CO INC, 800 SHREWSBURY AVE,,TINTON FALLS,NJ ,07724,USA,www.warshauer.com,732-741-6400,"Service,"
10034,Industrial/Commercial Sales & Service,00010157021002,Mechanical Service Co, 1145 Oak St.,,Pittston,PA ,18640,USA,,570-654-2445,"Service,"
10035,Industrial/Commercial Sales & Service,00010214161002,"R.L. KISTLER, INC.", 35 HAMILTON LANE,,GLENMONT,NY ,12077,USA,,585-436-1940,"Sales,Service,"
10035,Industrial/Commercial Sales & Service,00010001611002,Huntington Power, 230 Long Hill Cross Rd,,Shelton,CT ,06484,USA,www.huntingtonpower.com,203-929-3203,"Sales,Service,Up To 2MW,Mobile/Diesel/Gas,Training,Rental,"
10035,Industrial/Commercial Sales & Service,00010214161002,"R.L. Kistler, Inc", 300 Mile Crossing Blvd.,,Rochester,NY ,14624,USA,rlkistler.com,585-436-1940,"Sales,"
10035,Industrial/Commercial Sales & Service,00010214161002,"R.L. Kistler, Inc", 5615 Business Ave.,,N. Syracuse,NY ,13208,USA,,315-458-2875,"Sales,"
10035,Industrial/Commercial Sales & Service,00010001611002,Huntington Power, 68 Enter Ln,,Islandia,NY ,11749,USA,,631-563-4943,"Sales,Service,Up To 2MW,Mobile/Diesel/Gas,"
10035,Industrial/Commercial Sales & Service,00010001611002,Huntington Power, 34 E DUDLEY TOWN RD.,,BLOOMFIELD,CT ,06002,USA,,860-289-8790,"Sales,Service,Rental,"
10035,Industrial/Commercial Sales & Service,00010214161002,"R.L. Kistler, Inc", 5615 Business Ave.,,N. Syracuse,NY ,13208,USA,,315-458-2875,"Sales,"
10035,Industrial/Commercial Sales & Service,00010208021002,Modern Group Power Systems, 2501 Durham Road,,Bristol,PA ,19007,USA,www.moderngroup.com,800-404-7291,"Sales,Service,Up To 2MW,Mobile/Diesel/Gas,Training,Rental,"
10035,Industrial/Commercial Sales & Service,00010001731002,Authorized Services Of New England, 410 Forest Street,,Marlborough,MA ,01752,USA,www.asne.com,888-890-9886,"Financing,Sales,Service,Up To 2MW,Mobile/Diesel/Gas,Training,Rental,"
10035,Industrial/Commercial Sales & Service,00010008091002,MODERN HANDLING EQUIP, 75 NEW STREET,,EDISON,NJ ,08837,USA,www.moderngroup.com,800-779-5116,"Sales,Service,Up To 2MW,Mobile/Diesel/Gas,"
10035,Industrial/Commercial Sales & Service,00010208021002,Modern Group Power Systems, 6352 Chapmans Rd,,Allentown,PA ,18106,USA,,800-404-7291,"Sales,Service,Up To 2MW,Mobile/Diesel/Gas,"
10035,Industrial/Commercial Sales & Service,00010208021002,Modern Group Power Systems, 200 Allied Parkway,,West Berlin,NJ ,08091,USA,,800-404-7291,"Sales,Service,Up To 2MW,Mobile/Diesel/Gas,"
10035,Industrial/Commercial Sales & Service,00010208021002,Modern Group Power Systems, 295 New Commerce Blvd.,,Wilkes Barre,PA ,18706,USA,,800-404-7291,"Sales,Service,Up To 2MW,Mobile/Diesel/Gas,"
10035,Industrial/Commercial Sales & Service,00010208021002,Modern Group Power Systems, 66A South Gate Blvd.,,New Castle,DE ,19720,USA,,800-404-7291,"Sales,Service,Up To 2MW,Mobile/Diesel/Gas,"
10035,Industrial/Commercial Sales & Service,00010000931002,"EMERGENCY POWER SYSTEMS, LLC", 35 HAMILTON LANE,,GLENMONT,NY ,12077,USA,,800-914-1465,"Service,Up To 2MW,Mobile/Diesel/Gas,"
10035,Industrial/Commercial Sales & Service,00010000931002,"EMERGENCY POWER SYSTEMS, LLC", 35 HAMILTON LANE,,GLENMONT,NY ,12077,USA,,800-914-1465,"Service,"
10035,Industrial/Commercial Sales & Service,00010208021002,Modern Group Power Systems, 3480 Board Road,,York,PA ,17402,USA,,800-404-7291,"Sales,Service,Up To 2MW,Mobile/Diesel/Gas,"
10035,Industrial/Commercial Sales & Service,00010001731002,AUTHORIZED SERVICES OF NEW ENGLAND, 410 FOREST STREET,,MARLBOROUGH,MA ,01752,USA,,888-890-9886,"Sales,"
10035,Industrial/Commercial Sales & Service,00010001761002,"GENSERVE, INC.", 100 NEWTOWN RD,,PLAINVIEW,NY ,11803,USA,www.genserveinc.com,631-435-0437,"Service,"
10035,Industrial/Commercial Sales & Service,00111209521002,LONG ISLAND EMERGENCY POWER -QO, 2 Ocean Avenue,,DEER PARK,NY ,11729,USA,,631-586-7513,"Sales,"
10035,Industrial/Commercial Sales & Service,00010139211002,POWERPRO SERVICE CO. INC., 608 JOHNSON AVE. UNIT 6,,BOHEMIA,NY ,11716,USA,,631-567-2700,"Sales,Service,Up To 600kW,Mobile/Diesel/Gas,"
10035,Industrial/Commercial Sales & Service,00010134071002,PEAK POWER SYSTEMS, 99 SPRAGUE AVENUE,,MIDDLETOWN,NY ,10940,USA,www.peakpowersystems.com,845-344-1975,"Sales,Service,Up To 600kW,Mobile/Diesel/Gas,Rental,"
10035,Industrial/Commercial Sales & Service,00111209531002,HUNTINGTON POWER - LONG ISLAND, PO BOX 2040,,SHELTON,CT ,06484,USA,,631-586-7513,"Sales,"
10035,Industrial/Commercial Sales & Service,00010001761002,"GENSERVE, INC.", 115A TWINBRIDGE DR.,,PENNSAUKEN,NJ ,08110,USA,www.genserveinc.com,856-324-0459,"Service,"
10035,Industrial/Commercial Sales & Service,00111184131002,HUNTER & LOMISON, 1956 W FOURTH ST,,WILLIAMSPORT,PA ,17701,USA,www.hunterlomison.com,570-326-1764,"Sales,Service,Up To 600kW,Mobile/Diesel/Gas,Rental,"
10035,Industrial/Commercial Sales & Service,00010000881002,HUNTER & LOMISON INC., 1956 W. 4TH STREET,,WILLIAMSPORT,PA ,17701,USA,www.hunterlomison.com,570-326-1764,"Service,Up To 600kW,Mobile/Diesel/Gas,"
10035,Industrial/Commercial Sales & Service,00010001621002,BROOKFIELD SERVICE, 708 GLEBE ROAD,,WESTMORELAND,NH ,03467,USA,www.brookfieldservice.com,802-485-6567,"Service,Up To 600kW,Mobile/Diesel/Gas,"
10035,Industrial/Commercial Sales & Service,00010021101002,SOUTH SHORE GENERATOR INC-Quote, 2696A CRANBERRY HWY,,WAREHAM,MA ,02571,USA,,508-295-7336,"Sales,Service,Up To 600kW,Mobile/Diesel/Gas,"
10035,Industrial/Commercial Sales & Service,00010001701002,SOUTH SHORE GENERATOR INC, ,,EAST WAREHAM,MA ,02538,USA,,508-295-7336,"Financing,Sales,Service,Up To 600kW,Mobile/Diesel/Gas,"
10035,Industrial/Commercial Sales & Service,00111207431002,WARSHAUER ELECTRIC SUPPLY CO INC, 800 SHREWSBURY AVE,,TINTON FALLS,NJ ,07724,USA,www.warshauer.com,732-741-6400,"Service,"
10035,Industrial/Commercial Sales & Service,00010157021002,Mechanical Service Co, 1145 Oak St.,,Pittston,PA ,18640,USA,,570-654-2445,"Service,"
10036,Industrial/Commercial Sales & Service,00010001611002,Huntington Power, 230 Long Hill Cross Rd,,Shelton,CT ,06484,USA,www.huntingtonpower.com,203-929-3203,"Sales,Service,Up To 2MW,Mobile/Diesel/Gas,Training,Rental,"
10036,Industrial/Commercial Sales & Service,00010214161002,"R.L. KISTLER, INC.", 35 HAMILTON LANE,,GLENMONT,NY ,12077,USA,,585-436-1940,"Sales,Service,"
10036,Industrial/Commercial Sales & Service,00010214161002,"R.L. Kistler, Inc", 300 Mile Crossing Blvd.,,Rochester,NY ,14624,USA,rlkistler.com,585-436-1940,"Sales,"
10036,Industrial/Commercial Sales & Service,00010001611002,Huntington Power, 68 Enter Ln,,Islandia,NY ,11749,USA,,631-563-4943,"Sales,Service,Up To 2MW,Mobile/Diesel/Gas,"
10036,Industrial/Commercial Sales & Service,00010001611002,Huntington Power, 34 E DUDLEY TOWN RD.,,BLOOMFIELD,CT ,06002,USA,,860-289-8790,"Sales,Service,Rental,"
10036,Industrial/Commercial Sales & Service,00010214161002,"R.L. Kistler, Inc", 5615 Business Ave.,,N. Syracuse,NY ,13208,USA,,315-458-2875,"Sales,"
10036,Industrial/Commercial Sales & Service,00010214161002,"R.L. Kistler, Inc", 5615 Business Ave.,,N. Syracuse,NY ,13208,USA,,315-458-2875,"Sales,"
10036,Industrial/Commercial Sales & Service,00010208021002,Modern Group Power Systems, 2501 Durham Road,,Bristol,PA ,19007,USA,www.moderngroup.com,800-404-7291,"Sales,Service,Up To 2MW,Mobile/Diesel/Gas,Training,Rental,"
10036,Industrial/Commercial Sales & Service,00010001731002,Authorized Services Of New England, 410 Forest Street,,Marlborough,MA ,01752,USA,www.asne.com,888-890-9886,"Financing,Sales,Service,Up To 2MW,Mobile/Diesel/Gas,Training,Rental,"
10036,Industrial/Commercial Sales & Service,00010008091002,MODERN HANDLING EQUIP, 75 NEW STREET,,EDISON,NJ ,08837,USA,www.moderngroup.com,800-779-5116,"Sales,Service,Up To 2MW,Mobile/Diesel/Gas,"
10036,Industrial/Commercial Sales & Service,00010208021002,Modern Group Power Systems, 6352 Chapmans Rd,,Allentown,PA ,18106,USA,,800-404-7291,"Sales,Service,Up To 2MW,Mobile/Diesel/Gas,"
10036,Industrial/Commercial Sales & Service,00010208021002,Modern Group Power Systems, 200 Allied Parkway,,West Berlin,NJ ,08091,USA,,800-404-7291,"Sales,Service,Up To 2MW,Mobile/Diesel/Gas,"
10036,Industrial/Commercial Sales & Service,00010208021002,Modern Group Power Systems, 295 New Commerce Blvd.,,Wilkes Barre,PA ,18706,USA,,800-404-7291,"Sales,Service,Up To 2MW,Mobile/Diesel/Gas,"
10036,Industrial/Commercial Sales & Service,00010208021002,Modern Group Power Systems, 66A South Gate Blvd.,,New Castle,DE ,19720,USA,,800-404-7291,"Sales,Service,Up To 2MW,Mobile/Diesel/Gas,"
10036,Industrial/Commercial Sales & Service,00010000931002,"EMERGENCY POWER SYSTEMS, LLC", 35 HAMILTON LANE,,GLENMONT,NY ,12077,USA,,800-914-1465,"Service,Up To 2MW,Mobile/Diesel/Gas,"
10036,Industrial/Commercial Sales & Service,00010000931002,"EMERGENCY POWER SYSTEMS, LLC", 35 HAMILTON LANE,,GLENMONT,NY ,12077,USA,,800-914-1465,"Service,"
10036,Industrial/Commercial Sales & Service,00010208021002,Modern Group Power Systems, 3480 Board Road,,York,PA ,17402,USA,,800-404-7291,"Sales,Service,Up To 2MW,Mobile/Diesel/Gas,"
10036,Industrial/Commercial Sales & Service,00010001731002,AUTHORIZED SERVICES OF NEW ENGLAND, 410 FOREST STREET,,MARLBOROUGH,MA ,01752,USA,,888-890-9886,"Sales,"
10036,Industrial/Commercial Sales & Service,00010001691002,Kelly Generator & Equipment, 1955 Dale Ln,,Owings,MD ,20736,USA,www.kge.com,410-257-5225,"Sales,Service,Up To 2MW,Mobile/Diesel/Gas,Training,Rental,"
10036,Industrial/Commercial Sales & Service,00010001761002,"GENSERVE, INC.", 100 NEWTOWN RD,,PLAINVIEW,NY ,11803,USA,www.genserveinc.com,631-435-0437,"Service,"
10036,Industrial/Commercial Sales & Service,00111209521002,LONG ISLAND EMERGENCY POWER -QO, 2 Ocean Avenue,,DEER PARK,NY ,11729,USA,,631-586-7513,"Sales,"
10036,Industrial/Commercial Sales & Service,00010139211002,POWERPRO SERVICE CO. INC., 608 JOHNSON AVE. UNIT 6,,BOHEMIA,NY ,11716,USA,,631-567-2700,"Sales,Service,Up To 600kW,Mobile/Diesel/Gas,"
10036,Industrial/Commercial Sales & Service,00010134071002,PEAK POWER SYSTEMS, 99 SPRAGUE AVENUE,,MIDDLETOWN,NY ,10940,USA,www.peakpowersystems.com,845-344-1975,"Sales,Service,Up To 600kW,Mobile/Diesel/Gas,Rental,"
10036,Industrial/Commercial Sales & Service,00111209531002,HUNTINGTON POWER - LONG ISLAND, PO BOX 2040,,SHELTON,CT ,06484,USA,,631-586-7513,"Sales,"
10036,Industrial/Commercial Sales & Service,00010001761002,"GENSERVE, INC.", 115A TWINBRIDGE DR.,,PENNSAUKEN,NJ ,08110,USA,www.genserveinc.com,856-324-0459,"Service,"
10036,Industrial/Commercial Sales & Service,00111184131002,HUNTER & LOMISON, 1956 W FOURTH ST,,WILLIAMSPORT,PA ,17701,USA,www.hunterlomison.com,570-326-1764,"Sales,Service,Up To 600kW,Mobile/Diesel/Gas,Rental,"
10036,Industrial/Commercial Sales & Service,00010000881002,HUNTER & LOMISON INC., 1956 W. 4TH STREET,,WILLIAMSPORT,PA ,17701,USA,www.hunterlomison.com,570-326-1764,"Service,Up To 600kW,Mobile/Diesel/Gas,"
10036,Industrial/Commercial Sales & Service,00010001621002,BROOKFIELD SERVICE, 708 GLEBE ROAD,,WESTMORELAND,NH ,03467,USA,www.brookfieldservice.com,802-485-6567,"Service,Up To 600kW,Mobile/Diesel/Gas,"
10036,Industrial/Commercial Sales & Service,00010021101002,SOUTH SHORE GENERATOR INC-Quote, 2696A CRANBERRY HWY,,WAREHAM,MA ,02571,USA,,508-295-7336,"Sales,Service,Up To 600kW,Mobile/Diesel/Gas,"
10036,Industrial/Commercial Sales & Service,00010001701002,SOUTH SHORE GENERATOR INC, ,,EAST WAREHAM,MA ,02538,USA,,508-295-7336,"Financing,Sales,Service,Up To 600kW,Mobile/Diesel/Gas,"
10036,Industrial/Commercial Sales & Service,00111207431002,WARSHAUER ELECTRIC SUPPLY CO INC, 800 SHREWSBURY AVE,,TINTON FALLS,NJ ,07724,USA,www.warshauer.com,732-741-6400,"Service,"
10036,Industrial/Commercial Sales & Service,00010157021002,Mechanical Service Co, 1145 Oak St.,,Pittston,PA ,18640,USA,,570-654-2445,"Service,"
10037,Industrial/Commercial Sales & Service,00010214161002,"R.L. Kistler, Inc", 300 Mile Crossing Blvd.,,Rochester,NY ,14624,USA,rlkistler.com,585-436-1940,"Sales,"
10037,Industrial/Commercial Sales & Service,00010214161002,"R.L. KISTLER, INC.", 35 HAMILTON LANE,,GLENMONT,NY ,12077,USA,,585-436-1940,"Sales,Service,"
10037,Industrial/Commercial Sales & Service,00010001611002,Huntington Power, 230 Long Hill Cross Rd,,Shelton,CT ,06484,USA,www.huntingtonpower.com,203-929-3203,"Sales,Service,Up To 2MW,Mobile/Diesel/Gas,Training,Rental,"
10037,Industrial/Commercial Sales & Service,00010214161002,"R.L. Kistler, Inc", 5615 Business Ave.,,N. Syracuse,NY ,13208,USA,,315-458-2875,"Sales,"
10037,Industrial/Commercial Sales & Service,00010214161002,"R.L. Kistler, Inc", 5615 Business Ave.,,N. Syracuse,NY ,13208,USA,,315-458-2875,"Sales,"
10037,Industrial/Commercial Sales & Service,00010001611002,Huntington Power, 68 Enter Ln,,Islandia,NY ,11749,USA,,631-563-4943,"Sales,Service,Up To 2MW,Mobile/Diesel/Gas,"
10037,Industrial/Commercial Sales & Service,00010001611002,Huntington Power, 34 E DUDLEY TOWN RD.,,BLOOMFIELD,CT ,06002,USA,,860-289-8790,"Sales,Service,Rental,"
10037,Industrial/Commercial Sales & Service,00010208021002,Modern Group Power Systems, 2501 Durham Road,,Bristol,PA ,19007,USA,www.moderngroup.com,800-404-7291,"Sales,Service,Up To 2MW,Mobile/Diesel/Gas,Training,Rental,"
10037,Industrial/Commercial Sales & Service,00010001731002,Authorized Services Of New England, 410 Forest Street,,Marlborough,MA ,01752,USA,www.asne.com,888-890-9886,"Financing,Sales,Service,Up To 2MW,Mobile/Diesel/Gas,Training,Rental,"
10037,Industrial/Commercial Sales & Service,00010008091002,MODERN HANDLING EQUIP, 75 NEW STREET,,EDISON,NJ ,08837,USA,www.moderngroup.com,800-779-5116,"Sales,Service,Up To 2MW,Mobile/Diesel/Gas,"
10037,Industrial/Commercial Sales & Service,00010208021002,Modern Group Power Systems, 6352 Chapmans Rd,,Allentown,PA ,18106,USA,,800-404-7291,"Sales,Service,Up To 2MW,Mobile/Diesel/Gas,"
10037,Industrial/Commercial Sales & Service,00010208021002,Modern Group Power Systems, 200 Allied Parkway,,West Berlin,NJ ,08091,USA,,800-404-7291,"Sales,Service,Up To 2MW,Mobile/Diesel/Gas,"
10037,Industrial/Commercial Sales & Service,00010208021002,Modern Group Power Systems, 295 New Commerce Blvd.,,Wilkes Barre,PA ,18706,USA,,800-404-7291,"Sales,Service,Up To 2MW,Mobile/Diesel/Gas,"
10037,Industrial/Commercial Sales & Service,00010208021002,Modern Group Power Systems, 66A South Gate Blvd.,,New Castle,DE ,19720,USA,,800-404-7291,"Sales,Service,Up To 2MW,Mobile/Diesel/Gas,"
10037,Industrial/Commercial Sales & Service,00010000931002,"EMERGENCY POWER SYSTEMS, LLC", 35 HAMILTON LANE,,GLENMONT,NY ,12077,USA,,800-914-1465,"Service,Up To 2MW,Mobile/Diesel/Gas,"
10037,Industrial/Commercial Sales & Service,00010000931002,"EMERGENCY POWER SYSTEMS, LLC", 35 HAMILTON LANE,,GLENMONT,NY ,12077,USA,,800-914-1465,"Service,"
10037,Industrial/Commercial Sales & Service,00010208021002,Modern Group Power Systems, 3480 Board Road,,York,PA ,17402,USA,,800-404-7291,"Sales,Service,Up To 2MW,Mobile/Diesel/Gas,"
10037,Industrial/Commercial Sales & Service,00010001731002,AUTHORIZED SERVICES OF NEW ENGLAND, 410 FOREST STREET,,MARLBOROUGH,MA ,01752,USA,,888-890-9886,"Sales,"
10037,Industrial/Commercial Sales & Service,00010001761002,"GENSERVE, INC.", 100 NEWTOWN RD,,PLAINVIEW,NY ,11803,USA,www.genserveinc.com,631-435-0437,"Service,"
10037,Industrial/Commercial Sales & Service,00111209521002,LONG ISLAND EMERGENCY POWER -QO, 2 Ocean Avenue,,DEER PARK,NY ,11729,USA,,631-586-7513,"Sales,"
10037,Industrial/Commercial Sales & Service,00010139211002,POWERPRO SERVICE CO. INC., 608 JOHNSON AVE. UNIT 6,,BOHEMIA,NY ,11716,USA,,631-567-2700,"Sales,Service,Up To 600kW,Mobile/Diesel/Gas,"
10037,Industrial/Commercial Sales & Service,00010134071002,PEAK POWER SYSTEMS, 99 SPRAGUE AVENUE,,MIDDLETOWN,NY ,10940,USA,www.peakpowersystems.com,845-344-1975,"Sales,Service,Up To 600kW,Mobile/Diesel/Gas,Rental,"
10037,Industrial/Commercial Sales & Service,00111209531002,HUNTINGTON POWER - LONG ISLAND, PO BOX 2040,,SHELTON,CT ,06484,USA,,631-586-7513,"Sales,"
10037,Industrial/Commercial Sales & Service,00010001761002,"GENSERVE, INC.", 115A TWINBRIDGE DR.,,PENNSAUKEN,NJ ,08110,USA,www.genserveinc.com,856-324-0459,"Service,"
10037,Industrial/Commercial Sales & Service,00111184131002,HUNTER & LOMISON, 1956 W FOURTH ST,,WILLIAMSPORT,PA ,17701,USA,www.hunterlomison.com,570-326-1764,"Sales,Service,Up To 600kW,Mobile/Diesel/Gas,Rental,"
10037,Industrial/Commercial Sales & Service,00010000881002,HUNTER & LOMISON INC., 1956 W. 4TH STREET,,WILLIAMSPORT,PA ,17701,USA,www.hunterlomison.com,570-326-1764,"Service,Up To 600kW,Mobile/Diesel/Gas,"
10037,Industrial/Commercial Sales & Service,00010001621002,BROOKFIELD SERVICE, 708 GLEBE ROAD,,WESTMORELAND,NH ,03467,USA,www.brookfieldservice.com,802-485-6567,"Service,Up To 600kW,Mobile/Diesel/Gas,"
10037,Industrial/Commercial Sales & Service,00010021101002,SOUTH SHORE GENERATOR INC-Quote, 2696A CRANBERRY HWY,,WAREHAM,MA ,02571,USA,,508-295-7336,"Sales,Service,Up To 600kW,Mobile/Diesel/Gas,"
10037,Industrial/Commercial Sales & Service,00010001701002,SOUTH SHORE GENERATOR INC, ,,EAST WAREHAM,MA ,02538,USA,,508-295-7336,"Financing,Sales,Service,Up To 600kW,Mobile/Diesel/Gas,"
10037,Industrial/Commercial Sales & Service,00111207431002,WARSHAUER ELECTRIC SUPPLY CO INC, 800 SHREWSBURY AVE,,TINTON FALLS,NJ ,07724,USA,www.warshauer.com,732-741-6400,"Service,"
10037,Industrial/Commercial Sales & Service,00010157021002,Mechanical Service Co, 1145 Oak St.,,Pittston,PA ,18640,USA,,570-654-2445,"Service,"
10038,Industrial/Commercial Sales & Service,00010214161002,"R.L. KISTLER, INC.", 35 HAMILTON LANE,,GLENMONT,NY ,12077,USA,,585-436-1940,"Sales,Service,"
10038,Industrial/Commercial Sales & Service,00010001611002,Huntington Power, 230 Long Hill Cross Rd,,Shelton,CT ,06484,USA,www.huntingtonpower.com,203-929-3203,"Sales,Service,Up To 2MW,Mobile/Diesel/Gas,Training,Rental,"
10038,Industrial/Commercial Sales & Service,00010214161002,"R.L. Kistler, Inc", 300 Mile Crossing Blvd.,,Rochester,NY ,14624,USA,rlkistler.com,585-436-1940,"Sales,"
10038,Industrial/Commercial Sales & Service,00010214161002,"R.L. Kistler, Inc", 5615 Business Ave.,,N. Syracuse,NY ,13208,USA,,315-458-2875,"Sales,"
10038,Industrial/Commercial Sales & Service,00010001611002,Huntington Power, 68 Enter Ln,,Islandia,NY ,11749,USA,,631-563-4943,"Sales,Service,Up To 2MW,Mobile/Diesel/Gas,"
10038,Industrial/Commercial Sales & Service,00010001611002,Huntington Power, 34 E DUDLEY TOWN RD.,,BLOOMFIELD,CT ,06002,USA,,860-289-8790,"Sales,Service,Rental,"
10038,Industrial/Commercial Sales & Service,00010214161002,"R.L. Kistler, Inc", 5615 Business Ave.,,N. Syracuse,NY ,13208,USA,,315-458-2875,"Sales,"
10038,Industrial/Commercial Sales & Service,00010208021002,Modern Group Power Systems, 2501 Durham Road,,Bristol,PA ,19007,USA,www.moderngroup.com,800-404-7291,"Sales,Service,Up To 2MW,Mobile/Diesel/Gas,Training,Rental,"
10038,Industrial/Commercial Sales & Service,00010001731002,Authorized Services Of New England, 410 Forest Street,,Marlborough,MA ,01752,USA,www.asne.com,888-890-9886,"Financing,Sales,Service,Up To 2MW,Mobile/Diesel/Gas,Training,Rental,"
10038,Industrial/Commercial Sales & Service,00010008091002,MODERN HANDLING EQUIP, 75 NEW STREET,,EDISON,NJ ,08837,USA,www.moderngroup.com,800-779-5116,"Sales,Service,Up To 2MW,Mobile/Diesel/Gas,"
10038,Industrial/Commercial Sales & Service,00010208021002,Modern Group Power Systems, 200 Allied Parkway,,West Berlin,NJ ,08091,USA,,800-404-7291,"Sales,Service,Up To 2MW,Mobile/Diesel/Gas,"
10038,Industrial/Commercial Sales & Service,00010208021002,Modern Group Power Systems, 6352 Chapmans Rd,,Allentown,PA ,18106,USA,,800-404-7291,"Sales,Service,Up To 2MW,Mobile/Diesel/Gas,"
10038,Industrial/Commercial Sales & Service,00010208021002,Modern Group Power Systems, 295 New Commerce Blvd.,,Wilkes Barre,PA ,18706,USA,,800-404-7291,"Sales,Service,Up To 2MW,Mobile/Diesel/Gas,"
10038,Industrial/Commercial Sales & Service,00010208021002,Modern Group Power Systems, 66A South Gate Blvd.,,New Castle,DE ,19720,USA,,800-404-7291,"Sales,Service,Up To 2MW,Mobile/Diesel/Gas,"
10038,Industrial/Commercial Sales & Service,00010000931002,"EMERGENCY POWER SYSTEMS, LLC", 35 HAMILTON LANE,,GLENMONT,NY ,12077,USA,,800-914-1465,"Service,Up To 2MW,Mobile/Diesel/Gas,"
10038,Industrial/Commercial Sales & Service,00010000931002,"EMERGENCY POWER SYSTEMS, LLC", 35 HAMILTON LANE,,GLENMONT,NY ,12077,USA,,800-914-1465,"Service,"
10038,Industrial/Commercial Sales & Service,00010208021002,Modern Group Power Systems, 3480 Board Road,,York,PA ,17402,USA,,800-404-7291,"Sales,Service,Up To 2MW,Mobile/Diesel/Gas,"
10038,Industrial/Commercial Sales & Service,00010001731002,AUTHORIZED SERVICES OF NEW ENGLAND, 410 FOREST STREET,,MARLBOROUGH,MA ,01752,USA,,888-890-9886,"Sales,"
10038,Industrial/Commercial Sales & Service,00010001691002,Kelly Generator & Equipment, 1955 Dale Ln,,Owings,MD ,20736,USA,www.kge.com,410-257-5225,"Sales,Service,Up To 2MW,Mobile/Diesel/Gas,Training,Rental,"
10038,Industrial/Commercial Sales & Service,00010001761002,"GENSERVE, INC.", 100 NEWTOWN RD,,PLAINVIEW,NY ,11803,USA,www.genserveinc.com,631-435-0437,"Service,"
10038,Industrial/Commercial Sales & Service,00111209521002,LONG ISLAND EMERGENCY POWER -QO, 2 Ocean Avenue,,DEER PARK,NY ,11729,USA,,631-586-7513,"Sales,"
10038,Industrial/Commercial Sales & Service,00010139211002,POWERPRO SERVICE CO. INC., 608 JOHNSON AVE. UNIT 6,,BOHEMIA,NY ,11716,USA,,631-567-2700,"Sales,Service,Up To 600kW,Mobile/Diesel/Gas,"
10038,Industrial/Commercial Sales & Service,00010134071002,PEAK POWER SYSTEMS, 99 SPRAGUE AVENUE,,MIDDLETOWN,NY ,10940,USA,www.peakpowersystems.com,845-344-1975,"Sales,Service,Up To 600kW,Mobile/Diesel/Gas,Rental,"
10038,Industrial/Commercial Sales & Service,00111209531002,HUNTINGTON POWER - LONG ISLAND, PO BOX 2040,,SHELTON,CT ,06484,USA,,631-586-7513,"Sales,"
10038,Industrial/Commercial Sales & Service,00010001761002,"GENSERVE, INC.", 115A TWINBRIDGE DR.,,PENNSAUKEN,NJ ,08110,USA,www.genserveinc.com,856-324-0459,"Service,"
10038,Industrial/Commercial Sales & Service,00111184131002,HUNTER & LOMISON, 1956 W FOURTH ST,,WILLIAMSPORT,PA ,17701,USA,www.hunterlomison.com,570-326-1764,"Sales,Service,Up To 600kW,Mobile/Diesel/Gas,Rental,"
10038,Industrial/Commercial Sales & Service,00010000881002,HUNTER & LOMISON INC., 1956 W. 4TH STREET,,WILLIAMSPORT,PA ,17701,USA,www.hunterlomison.com,570-326-1764,"Service,Up To 600kW,Mobile/Diesel/Gas,"
10038,Industrial/Commercial Sales & Service,00010001621002,BROOKFIELD SERVICE, 708 GLEBE ROAD,,WESTMORELAND,NH ,03467,USA,www.brookfieldservice.com,802-485-6567,"Service,Up To 600kW,Mobile/Diesel/Gas,"
10038,Industrial/Commercial Sales & Service,00010021101002,SOUTH SHORE GENERATOR INC-Quote, 2696A CRANBERRY HWY,,WAREHAM,MA ,02571,USA,,508-295-7336,"Sales,Service,Up To 600kW,Mobile/Diesel/Gas,"
10038,Industrial/Commercial Sales & Service,00010001701002,SOUTH SHORE GENERATOR INC, ,,EAST WAREHAM,MA ,02538,USA,,508-295-7336,"Financing,Sales,Service,Up To 600kW,Mobile/Diesel/Gas,"
10038,Industrial/Commercial Sales & Service,00111207431002,WARSHAUER ELECTRIC SUPPLY CO INC, 800 SHREWSBURY AVE,,TINTON FALLS,NJ ,07724,USA,www.warshauer.com,732-741-6400,"Service,"
10038,Industrial/Commercial Sales & Service,00010157021002,Mechanical Service Co, 1145 Oak St.,,Pittston,PA ,18640,USA,,570-654-2445,"Service,"
10039,Industrial/Commercial Sales & Service,00010001611002,Huntington Power, 230 Long Hill Cross Rd,,Shelton,CT ,06484,USA,www.huntingtonpower.com,203-929-3203,"Sales,Service,Up To 2MW,Mobile/Diesel/Gas,Training,Rental,"
10039,Industrial/Commercial Sales & Service,00010214161002,"R.L. Kistler, Inc", 300 Mile Crossing Blvd.,,Rochester,NY ,14624,USA,rlkistler.com,585-436-1940,"Sales,"
10039,Industrial/Commercial Sales & Service,00010214161002,"R.L. KISTLER, INC.", 35 HAMILTON LANE,,GLENMONT,NY ,12077,USA,,585-436-1940,"Sales,Service,"
10039,Industrial/Commercial Sales & Service,00010001611002,Huntington Power, 68 Enter Ln,,Islandia,NY ,11749,USA,,631-563-4943,"Sales,Service,Up To 2MW,Mobile/Diesel/Gas,"
10039,Industrial/Commercial Sales & Service,00010001611002,Huntington Power, 34 E DUDLEY TOWN RD.,,BLOOMFIELD,CT ,06002,USA,,860-289-8790,"Sales,Service,Rental,"
10039,Industrial/Commercial Sales & Service,00010214161002,"R.L. Kistler, Inc", 5615 Business Ave.,,N. Syracuse,NY ,13208,USA,,315-458-2875,"Sales,"
10039,Industrial/Commercial Sales & Service,00010214161002,"R.L. Kistler, Inc", 5615 Business Ave.,,N. Syracuse,NY ,13208,USA,,315-458-2875,"Sales,"
10039,Industrial/Commercial Sales & Service,00010208021002,Modern Group Power Systems, 2501 Durham Road,,Bristol,PA ,19007,USA,www.moderngroup.com,800-404-7291,"Sales,Service,Up To 2MW,Mobile/Diesel/Gas,Training,Rental,"
10039,Industrial/Commercial Sales & Service,00010001731002,Authorized Services Of New England, 410 Forest Street,,Marlborough,MA ,01752,USA,www.asne.com,888-890-9886,"Financing,Sales,Service,Up To 2MW,Mobile/Diesel/Gas,Training,Rental,"
10039,Industrial/Commercial Sales & Service,00010008091002,MODERN HANDLING EQUIP, 75 NEW STREET,,EDISON,NJ ,08837,USA,www.moderngroup.com,800-779-5116,"Sales,Service,Up To 2MW,Mobile/Diesel/Gas,"
10039,Industrial/Commercial Sales & Service,00010208021002,Modern Group Power Systems, 6352 Chapmans Rd,,Allentown,PA ,18106,USA,,800-404-7291,"Sales,Service,Up To 2MW,Mobile/Diesel/Gas,"
10039,Industrial/Commercial Sales & Service,00010208021002,Modern Group Power Systems, 200 Allied Parkway,,West Berlin,NJ ,08091,USA,,800-404-7291,"Sales,Service,Up To 2MW,Mobile/Diesel/Gas,"
10039,Industrial/Commercial Sales & Service,00010208021002,Modern Group Power Systems, 295 New Commerce Blvd.,,Wilkes Barre,PA ,18706,USA,,800-404-7291,"Sales,Service,Up To 2MW,Mobile/Diesel/Gas,"
10039,Industrial/Commercial Sales & Service,00010208021002,Modern Group Power Systems, 66A South Gate Blvd.,,New Castle,DE ,19720,USA,,800-404-7291,"Sales,Service,Up To 2MW,Mobile/Diesel/Gas,"
10039,Industrial/Commercial Sales & Service,00010000931002,"EMERGENCY POWER SYSTEMS, LLC", 35 HAMILTON LANE,,GLENMONT,NY ,12077,USA,,800-914-1465,"Service,Up To 2MW,Mobile/Diesel/Gas,"
10039,Industrial/Commercial Sales & Service,00010000931002,"EMERGENCY POWER SYSTEMS, LLC", 35 HAMILTON LANE,,GLENMONT,NY ,12077,USA,,800-914-1465,"Service,"
10039,Industrial/Commercial Sales & Service,00010208021002,Modern Group Power Systems, 3480 Board Road,,York,PA ,17402,USA,,800-404-7291,"Sales,Service,Up To 2MW,Mobile/Diesel/Gas,"
10039,Industrial/Commercial Sales & Service,00010001731002,AUTHORIZED SERVICES OF NEW ENGLAND, 410 FOREST STREET,,MARLBOROUGH,MA ,01752,USA,,888-890-9886,"Sales,"
10039,Industrial/Commercial Sales & Service,00010001761002,"GENSERVE, INC.", 100 NEWTOWN RD,,PLAINVIEW,NY ,11803,USA,www.genserveinc.com,631-435-0437,"Service,"
10039,Industrial/Commercial Sales & Service,00111209521002,LONG ISLAND EMERGENCY POWER -QO, 2 Ocean Avenue,,DEER PARK,NY ,11729,USA,,631-586-7513,"Sales,"
10039,Industrial/Commercial Sales & Service,00010139211002,POWERPRO SERVICE CO. INC., 608 JOHNSON AVE. UNIT 6,,BOHEMIA,NY ,11716,USA,,631-567-2700,"Sales,Service,Up To 600kW,Mobile/Diesel/Gas,"
10039,Industrial/Commercial Sales & Service,00010134071002,PEAK POWER SYSTEMS, 99 SPRAGUE AVENUE,,MIDDLETOWN,NY ,10940,USA,www.peakpowersystems.com,845-344-1975,"Sales,Service,Up To 600kW,Mobile/Diesel/Gas,Rental,"
10039,Industrial/Commercial Sales & Service,00111209531002,HUNTINGTON POWER - LONG ISLAND, PO BOX 2040,,SHELTON,CT ,06484,USA,,631-586-7513,"Sales,"
10039,Industrial/Commercial Sales & Service,00010001761002,"GENSERVE, INC.", 115A TWINBRIDGE DR.,,PENNSAUKEN,NJ ,08110,USA,www.genserveinc.com,856-324-0459,"Service,"
10039,Industrial/Commercial Sales & Service,00111184131002,HUNTER & LOMISON, 1956 W FOURTH ST,,WILLIAMSPORT,PA ,17701,USA,www.hunterlomison.com,570-326-1764,"Sales,Service,Up To 600kW,Mobile/Diesel/Gas,Rental,"
10039,Industrial/Commercial Sales & Service,00010000881002,HUNTER & LOMISON INC., 1956 W. 4TH STREET,,WILLIAMSPORT,PA ,17701,USA,www.hunterlomison.com,570-326-1764,"Service,Up To 600kW,Mobile/Diesel/Gas,"
10039,Industrial/Commercial Sales & Service,00010001621002,BROOKFIELD SERVICE, 708 GLEBE ROAD,,WESTMORELAND,NH ,03467,USA,www.brookfieldservice.com,802-485-6567,"Service,Up To 600kW,Mobile/Diesel/Gas,"
10039,Industrial/Commercial Sales & Service,00010021101002,SOUTH SHORE GENERATOR INC-Quote, 2696A CRANBERRY HWY,,WAREHAM,MA ,02571,USA,,508-295-7336,"Sales,Service,Up To 600kW,Mobile/Diesel/Gas,"
10039,Industrial/Commercial Sales & Service,00010001701002,SOUTH SHORE GENERATOR INC, ,,EAST WAREHAM,MA ,02538,USA,,508-295-7336,"Financing,Sales,Service,Up To 600kW,Mobile/Diesel/Gas,"
10039,Industrial/Commercial Sales & Service,00111207431002,WARSHAUER ELECTRIC SUPPLY CO INC, 800 SHREWSBURY AVE,,TINTON FALLS,NJ ,07724,USA,www.warshauer.com,732-741-6400,"Service,"
10039,Industrial/Commercial Sales & Service,00010157021002,Mechanical Service Co, 1145 Oak St.,,Pittston,PA ,18640,USA,,570-654-2445,"Service,"
10040,Industrial/Commercial Sales & Service,00010214161002,"R.L. Kistler, Inc", 300 Mile Crossing Blvd.,,Rochester,NY ,14624,USA,rlkistler.com,585-436-1940,"Sales,"
10040,Industrial/Commercial Sales & Service,00010214161002,"R.L. KISTLER, INC.", 35 HAMILTON LANE,,GLENMONT,NY ,12077,USA,,585-436-1940,"Sales,Service,"
10040,Industrial/Commercial Sales & Service,00010001611002,Huntington Power, 230 Long Hill Cross Rd,,Shelton,CT ,06484,USA,www.huntingtonpower.com,203-929-3203,"Sales,Service,Up To 2MW,Mobile/Diesel/Gas,Training,Rental,"
10040,Industrial/Commercial Sales & Service,00010214161002,"R.L. Kistler, Inc", 5615 Business Ave.,,N. Syracuse,NY ,13208,USA,,315-458-2875,"Sales,"
10040,Industrial/Commercial Sales & Service,00010214161002,"R.L. Kistler, Inc", 5615 Business Ave.,,N. Syracuse,NY ,13208,USA,,315-458-2875,"Sales,"
10040,Industrial/Commercial Sales & Service,00010001611002,Huntington Power, 68 Enter Ln,,Islandia,NY ,11749,USA,,631-563-4943,"Sales,Service,Up To 2MW,Mobile/Diesel/Gas,"
10040,Industrial/Commercial Sales & Service,00010001611002,Huntington Power, 34 E DUDLEY TOWN RD.,,BLOOMFIELD,CT ,06002,USA,,860-289-8790,"Sales,Service,Rental,"
10040,Industrial/Commercial Sales & Service,00010208021002,Modern Group Power Systems, 2501 Durham Road,,Bristol,PA ,19007,USA,www.moderngroup.com,800-404-7291,"Sales,Service,Up To 2MW,Mobile/Diesel/Gas,Training,Rental,"
10040,Industrial/Commercial Sales & Service,00010001731002,Authorized Services Of New England, 410 Forest Street,,Marlborough,MA ,01752,USA,www.asne.com,888-890-9886,"Financing,Sales,Service,Up To 2MW,Mobile/Diesel/Gas,Training,Rental,"
10040,Industrial/Commercial Sales & Service,00010008091002,MODERN HANDLING EQUIP, 75 NEW STREET,,EDISON,NJ ,08837,USA,www.moderngroup.com,800-779-5116,"Sales,Service,Up To 2MW,Mobile/Diesel/Gas,"
10040,Industrial/Commercial Sales & Service,00010208021002,Modern Group Power Systems, 6352 Chapmans Rd,,Allentown,PA ,18106,USA,,800-404-7291,"Sales,Service,Up To 2MW,Mobile/Diesel/Gas,"
10040,Industrial/Commercial Sales & Service,00010208021002,Modern Group Power Systems, 200 Allied Parkway,,West Berlin,NJ ,08091,USA,,800-404-7291,"Sales,Service,Up To 2MW,Mobile/Diesel/Gas,"
10040,Industrial/Commercial Sales & Service,00010208021002,Modern Group Power Systems, 295 New Commerce Blvd.,,Wilkes Barre,PA ,18706,USA,,800-404-7291,"Sales,Service,Up To 2MW,Mobile/Diesel/Gas,"
10040,Industrial/Commercial Sales & Service,00010000931002,"EMERGENCY POWER SYSTEMS, LLC", 35 HAMILTON LANE,,GLENMONT,NY ,12077,USA,,800-914-1465,"Service,Up To 2MW,Mobile/Diesel/Gas,"
10040,Industrial/Commercial Sales & Service,00010000931002,"EMERGENCY POWER SYSTEMS, LLC", 35 HAMILTON LANE,,GLENMONT,NY ,12077,USA,,800-914-1465,"Service,"
10040,Industrial/Commercial Sales & Service,00010208021002,Modern Group Power Systems, 66A South Gate Blvd.,,New Castle,DE ,19720,USA,,800-404-7291,"Sales,Service,Up To 2MW,Mobile/Diesel/Gas,"
10040,Industrial/Commercial Sales & Service,00010208021002,Modern Group Power Systems, 3480 Board Road,,York,PA ,17402,USA,,800-404-7291,"Sales,Service,Up To 2MW,Mobile/Diesel/Gas,"
10040,Industrial/Commercial Sales & Service,00010001731002,AUTHORIZED SERVICES OF NEW ENGLAND, 410 FOREST STREET,,MARLBOROUGH,MA ,01752,USA,,888-890-9886,"Sales,"
10040,Industrial/Commercial Sales & Service,00010001761002,"GENSERVE, INC.", 100 NEWTOWN RD,,PLAINVIEW,NY ,11803,USA,www.genserveinc.com,631-435-0437,"Service,"
10040,Industrial/Commercial Sales & Service,00111209521002,LONG ISLAND EMERGENCY POWER -QO, 2 Ocean Avenue,,DEER PARK,NY ,11729,USA,,631-586-7513,"Sales,"
10040,Industrial/Commercial Sales & Service,00010139211002,POWERPRO SERVICE CO. INC., 608 JOHNSON AVE. UNIT 6,,BOHEMIA,NY ,11716,USA,,631-567-2700,"Sales,Service,Up To 600kW,Mobile/Diesel/Gas,"
10040,Industrial/Commercial Sales & Service,00010134071002,PEAK POWER SYSTEMS, 99 SPRAGUE AVENUE,,MIDDLETOWN,NY ,10940,USA,www.peakpowersystems.com,845-344-1975,"Sales,Service,Up To 600kW,Mobile/Diesel/Gas,Rental,"
10040,Industrial/Commercial Sales & Service,00111209531002,HUNTINGTON POWER - LONG ISLAND, PO BOX 2040,,SHELTON,CT ,06484,USA,,631-586-7513,"Sales,"
10040,Industrial/Commercial Sales & Service,00010001761002,"GENSERVE, INC.", 115A TWINBRIDGE DR.,,PENNSAUKEN,NJ ,08110,USA,www.genserveinc.com,856-324-0459,"Service,"
10040,Industrial/Commercial Sales & Service,00111184131002,HUNTER & LOMISON, 1956 W FOURTH ST,,WILLIAMSPORT,PA ,17701,USA,www.hunterlomison.com,570-326-1764,"Sales,Service,Up To 600kW,Mobile/Diesel/Gas,Rental,"
10040,Industrial/Commercial Sales & Service,00010000881002,HUNTER & LOMISON INC., 1956 W. 4TH STREET,,WILLIAMSPORT,PA ,17701,USA,www.hunterlomison.com,570-326-1764,"Service,Up To 600kW,Mobile/Diesel/Gas,"
10040,Industrial/Commercial Sales & Service,00010001621002,BROOKFIELD SERVICE, 708 GLEBE ROAD,,WESTMORELAND,NH ,03467,USA,www.brookfieldservice.com,802-485-6567,"Service,Up To 600kW,Mobile/Diesel/Gas,"
10040,Industrial/Commercial Sales & Service,00010021101002,SOUTH SHORE GENERATOR INC-Quote, 2696A CRANBERRY HWY,,WAREHAM,MA ,02571,USA,,508-295-7336,"Sales,Service,Up To 600kW,Mobile/Diesel/Gas,"
10040,Industrial/Commercial Sales & Service,00010001701002,SOUTH SHORE GENERATOR INC, ,,EAST WAREHAM,MA ,02538,USA,,508-295-7336,"Financing,Sales,Service,Up To 600kW,Mobile/Diesel/Gas,"
10040,Industrial/Commercial Sales & Service,00111207431002,WARSHAUER ELECTRIC SUPPLY CO INC, 800 SHREWSBURY AVE,,TINTON FALLS,NJ ,07724,USA,www.warshauer.com,732-741-6400,"Service,"
10040,Industrial/Commercial Sales & Service,00010157021002,Mechanical Service Co, 1145 Oak St.,,Pittston,PA ,18640,USA,,570-654-2445,"Service,"
10041,Industrial/Commercial Sales & Service,00010214161002,"R.L. KISTLER, INC.", 35 HAMILTON LANE,,GLENMONT,NY ,12077,USA,,585-436-1940,"Sales,Service,"
10041,Industrial/Commercial Sales & Service,00010001611002,Huntington Power, 230 Long Hill Cross Rd,,Shelton,CT ,06484,USA,www.huntingtonpower.com,203-929-3203,"Sales,Service,Up To 2MW,Mobile/Diesel/Gas,Training,Rental,"
10041,Industrial/Commercial Sales & Service,00010214161002,"R.L. Kistler, Inc", 300 Mile Crossing Blvd.,,Rochester,NY ,14624,USA,rlkistler.com,585-436-1940,"Sales,"
10041,Industrial/Commercial Sales & Service,00010214161002,"R.L. Kistler, Inc", 5615 Business Ave.,,N. Syracuse,NY ,13208,USA,,315-458-2875,"Sales,"
10041,Industrial/Commercial Sales & Service,00010001611002,Huntington Power, 68 Enter Ln,,Islandia,NY ,11749,USA,,631-563-4943,"Sales,Service,Up To 2MW,Mobile/Diesel/Gas,"
10041,Industrial/Commercial Sales & Service,00010001611002,Huntington Power, 34 E DUDLEY TOWN RD.,,BLOOMFIELD,CT ,06002,USA,,860-289-8790,"Sales,Service,Rental,"
10041,Industrial/Commercial Sales & Service,00010214161002,"R.L. Kistler, Inc", 5615 Business Ave.,,N. Syracuse,NY ,13208,USA,,315-458-2875,"Sales,"
10041,Industrial/Commercial Sales & Service,00010208021002,Modern Group Power Systems, 2501 Durham Road,,Bristol,PA ,19007,USA,www.moderngroup.com,800-404-7291,"Sales,Service,Up To 2MW,Mobile/Diesel/Gas,Training,Rental,"
10041,Industrial/Commercial Sales & Service,00010001731002,Authorized Services Of New England, 410 Forest Street,,Marlborough,MA ,01752,USA,www.asne.com,888-890-9886,"Financing,Sales,Service,Up To 2MW,Mobile/Diesel/Gas,Training,Rental,"
10041,Industrial/Commercial Sales & Service,00010008091002,MODERN HANDLING EQUIP, 75 NEW STREET,,EDISON,NJ ,08837,USA,www.moderngroup.com,800-779-5116,"Sales,Service,Up To 2MW,Mobile/Diesel/Gas,"
10041,Industrial/Commercial Sales & Service,00010208021002,Modern Group Power Systems, 200 Allied Parkway,,West Berlin,NJ ,08091,USA,,800-404-7291,"Sales,Service,Up To 2MW,Mobile/Diesel/Gas,"
10041,Industrial/Commercial Sales & Service,00010208021002,Modern Group Power Systems, 6352 Chapmans Rd,,Allentown,PA ,18106,USA,,800-404-7291,"Sales,Service,Up To 2MW,Mobile/Diesel/Gas,"
10041,Industrial/Commercial Sales & Service,00010208021002,Modern Group Power Systems, 295 New Commerce Blvd.,,Wilkes Barre,PA ,18706,USA,,800-404-7291,"Sales,Service,Up To 2MW,Mobile/Diesel/Gas,"
10041,Industrial/Commercial Sales & Service,00010208021002,Modern Group Power Systems, 66A South Gate Blvd.,,New Castle,DE ,19720,USA,,800-404-7291,"Sales,Service,Up To 2MW,Mobile/Diesel/Gas,"
10041,Industrial/Commercial Sales & Service,00010000931002,"EMERGENCY POWER SYSTEMS, LLC", 35 HAMILTON LANE,,GLENMONT,NY ,12077,USA,,800-914-1465,"Service,Up To 2MW,Mobile/Diesel/Gas,"
10041,Industrial/Commercial Sales & Service,00010000931002,"EMERGENCY POWER SYSTEMS, LLC", 35 HAMILTON LANE,,GLENMONT,NY ,12077,USA,,800-914-1465,"Service,"
10041,Industrial/Commercial Sales & Service,00010208021002,Modern Group Power Systems, 3480 Board Road,,York,PA ,17402,USA,,800-404-7291,"Sales,Service,Up To 2MW,Mobile/Diesel/Gas,"
10041,Industrial/Commercial Sales & Service,00010001731002,AUTHORIZED SERVICES OF NEW ENGLAND, 410 FOREST STREET,,MARLBOROUGH,MA ,01752,USA,,888-890-9886,"Sales,"
10041,Industrial/Commercial Sales & Service,00010001691002,Kelly Generator & Equipment, 1955 Dale Ln,,Owings,MD ,20736,USA,www.kge.com,410-257-5225,"Sales,Service,Up To 2MW,Mobile/Diesel/Gas,Training,Rental,"
10041,Industrial/Commercial Sales & Service,00010001761002,"GENSERVE, INC.", 100 NEWTOWN RD,,PLAINVIEW,NY ,11803,USA,www.genserveinc.com,631-435-0437,"Service,"
10041,Industrial/Commercial Sales & Service,00111209521002,LONG ISLAND EMERGENCY POWER -QO, 2 Ocean Avenue,,DEER PARK,NY ,11729,USA,,631-586-7513,"Sales,"
10041,Industrial/Commercial Sales & Service,00010139211002,POWERPRO SERVICE CO. INC., 608 JOHNSON AVE. UNIT 6,,BOHEMIA,NY ,11716,USA,,631-567-2700,"Sales,Service,Up To 600kW,Mobile/Diesel/Gas,"
10041,Industrial/Commercial Sales & Service,00010134071002,PEAK POWER SYSTEMS, 99 SPRAGUE AVENUE,,MIDDLETOWN,NY ,10940,USA,www.peakpowersystems.com,845-344-1975,"Sales,Service,Up To 600kW,Mobile/Diesel/Gas,Rental,"
10041,Industrial/Commercial Sales & Service,00111209531002,HUNTINGTON POWER - LONG ISLAND, PO BOX 2040,,SHELTON,CT ,06484,USA,,631-586-7513,"Sales,"
10041,Industrial/Commercial Sales & Service,00010001761002,"GENSERVE, INC.", 115A TWINBRIDGE DR.,,PENNSAUKEN,NJ ,08110,USA,www.genserveinc.com,856-324-0459,"Service,"
10041,Industrial/Commercial Sales & Service,00111184131002,HUNTER & LOMISON, 1956 W FOURTH ST,,WILLIAMSPORT,PA ,17701,USA,www.hunterlomison.com,570-326-1764,"Sales,Service,Up To 600kW,Mobile/Diesel/Gas,Rental,"
10041,Industrial/Commercial Sales & Service,00010000881002,HUNTER & LOMISON INC., 1956 W. 4TH STREET,,WILLIAMSPORT,PA ,17701,USA,www.hunterlomison.com,570-326-1764,"Service,Up To 600kW,Mobile/Diesel/Gas,"
10041,Industrial/Commercial Sales & Service,00010001621002,BROOKFIELD SERVICE, 708 GLEBE ROAD,,WESTMORELAND,NH ,03467,USA,www.brookfieldservice.com,802-485-6567,"Service,Up To 600kW,Mobile/Diesel/Gas,"
10041,Industrial/Commercial Sales & Service,00010021101002,SOUTH SHORE GENERATOR INC-Quote, 2696A CRANBERRY HWY,,WAREHAM,MA ,02571,USA,,508-295-7336,"Sales,Service,Up To 600kW,Mobile/Diesel/Gas,"
10041,Industrial/Commercial Sales & Service,00010001701002,SOUTH SHORE GENERATOR INC, ,,EAST WAREHAM,MA ,02538,USA,,508-295-7336,"Financing,Sales,Service,Up To 600kW,Mobile/Diesel/Gas,"
10041,Industrial/Commercial Sales & Service,00111207431002,WARSHAUER ELECTRIC SUPPLY CO INC, 800 SHREWSBURY AVE,,TINTON FALLS,NJ ,07724,USA,www.warshauer.com,732-741-6400,"Service,"
10041,Industrial/Commercial Sales & Service,00010157021002,Mechanical Service Co, 1145 Oak St.,,Pittston,PA ,18640,USA,,570-654-2445,"Service,"
10043,Industrial/Commercial Sales & Service,00010214161002,"R.L. KISTLER, INC.", 35 HAMILTON LANE,,GLENMONT,NY ,12077,USA,,585-436-1940,"Sales,Service,"
10043,Industrial/Commercial Sales & Service,00010001611002,Huntington Power, 230 Long Hill Cross Rd,,Shelton,CT ,06484,USA,www.huntingtonpower.com,203-929-3203,"Sales,Service,Up To 2MW,Mobile/Diesel/Gas,Training,Rental,"
10043,Industrial/Commercial Sales & Service,00010214161002,"R.L. Kistler, Inc", 300 Mile Crossing Blvd.,,Rochester,NY ,14624,USA,rlkistler.com,585-436-1940,"Sales,"
10043,Industrial/Commercial Sales & Service,00010214161002,"R.L. Kistler, Inc", 5615 Business Ave.,,N. Syracuse,NY ,13208,USA,,315-458-2875,"Sales,"
10043,Industrial/Commercial Sales & Service,00010001611002,Huntington Power, 68 Enter Ln,,Islandia,NY ,11749,USA,,631-563-4943,"Sales,Service,Up To 2MW,Mobile/Diesel/Gas,"
10043,Industrial/Commercial Sales & Service,00010001611002,Huntington Power, 34 E DUDLEY TOWN RD.,,BLOOMFIELD,CT ,06002,USA,,860-289-8790,"Sales,Service,Rental,"
10043,Industrial/Commercial Sales & Service,00010214161002,"R.L. Kistler, Inc", 5615 Business Ave.,,N. Syracuse,NY ,13208,USA,,315-458-2875,"Sales,"
10043,Industrial/Commercial Sales & Service,00010208021002,Modern Group Power Systems, 2501 Durham Road,,Bristol,PA ,19007,USA,www.moderngroup.com,800-404-7291,"Sales,Service,Up To 2MW,Mobile/Diesel/Gas,Training,Rental,"
10043,Industrial/Commercial Sales & Service,00010001731002,Authorized Services Of New England, 410 Forest Street,,Marlborough,MA ,01752,USA,www.asne.com,888-890-9886,"Financing,Sales,Service,Up To 2MW,Mobile/Diesel/Gas,Training,Rental,"
10043,Industrial/Commercial Sales & Service,00010008091002,MODERN HANDLING EQUIP, 75 NEW STREET,,EDISON,NJ ,08837,USA,www.moderngroup.com,800-779-5116,"Sales,Service,Up To 2MW,Mobile/Diesel/Gas,"
10043,Industrial/Commercial Sales & Service,00010208021002,Modern Group Power Systems, 6352 Chapmans Rd,,Allentown,PA ,18106,USA,,800-404-7291,"Sales,Service,Up To 2MW,Mobile/Diesel/Gas,"
10043,Industrial/Commercial Sales & Service,00010208021002,Modern Group Power Systems, 200 Allied Parkway,,West Berlin,NJ ,08091,USA,,800-404-7291,"Sales,Service,Up To 2MW,Mobile/Diesel/Gas,"
10043,Industrial/Commercial Sales & Service,00010208021002,Modern Group Power Systems, 295 New Commerce Blvd.,,Wilkes Barre,PA ,18706,USA,,800-404-7291,"Sales,Service,Up To 2MW,Mobile/Diesel/Gas,"
10043,Industrial/Commercial Sales & Service,00010208021002,Modern Group Power Systems, 66A South Gate Blvd.,,New Castle,DE ,19720,USA,,800-404-7291,"Sales,Service,Up To 2MW,Mobile/Diesel/Gas,"
10043,Industrial/Commercial Sales & Service,00010000931002,"EMERGENCY POWER SYSTEMS, LLC", 35 HAMILTON LANE,,GLENMONT,NY ,12077,USA,,800-914-1465,"Service,Up To 2MW,Mobile/Diesel/Gas,"
10043,Industrial/Commercial Sales & Service,00010000931002,"EMERGENCY POWER SYSTEMS, LLC", 35 HAMILTON LANE,,GLENMONT,NY ,12077,USA,,800-914-1465,"Service,"
10043,Industrial/Commercial Sales & Service,00010208021002,Modern Group Power Systems, 3480 Board Road,,York,PA ,17402,USA,,800-404-7291,"Sales,Service,Up To 2MW,Mobile/Diesel/Gas,"
10043,Industrial/Commercial Sales & Service,00010001731002,AUTHORIZED SERVICES OF NEW ENGLAND, 410 FOREST STREET,,MARLBOROUGH,MA ,01752,USA,,888-890-9886,"Sales,"
10043,Industrial/Commercial Sales & Service,00010001761002,"GENSERVE, INC.", 100 NEWTOWN RD,,PLAINVIEW,NY ,11803,USA,www.genserveinc.com,631-435-0437,"Service,"
10043,Industrial/Commercial Sales & Service,00111209521002,LONG ISLAND EMERGENCY POWER -QO, 2 Ocean Avenue,,DEER PARK,NY ,11729,USA,,631-586-7513,"Sales,"
10043,Industrial/Commercial Sales & Service,00010139211002,POWERPRO SERVICE CO. INC., 608 JOHNSON AVE. UNIT 6,,BOHEMIA,NY ,11716,USA,,631-567-2700,"Sales,Service,Up To 600kW,Mobile/Diesel/Gas,"
10043,Industrial/Commercial Sales & Service,00010134071002,PEAK POWER SYSTEMS, 99 SPRAGUE AVENUE,,MIDDLETOWN,NY ,10940,USA,www.peakpowersystems.com,845-344-1975,"Sales,Service,Up To 600kW,Mobile/Diesel/Gas,Rental,"
10043,Industrial/Commercial Sales & Service,00111209531002,HUNTINGTON POWER - LONG ISLAND, PO BOX 2040,,SHELTON,CT ,06484,USA,,631-586-7513,"Sales,"
10043,Industrial/Commercial Sales & Service,00010001761002,"GENSERVE, INC.", 115A TWINBRIDGE DR.,,PENNSAUKEN,NJ ,08110,USA,www.genserveinc.com,856-324-0459,"Service,"
10043,Industrial/Commercial Sales & Service,00111184131002,HUNTER & LOMISON, 1956 W FOURTH ST,,WILLIAMSPORT,PA ,17701,USA,www.hunterlomison.com,570-326-1764,"Sales,Service,Up To 600kW,Mobile/Diesel/Gas,Rental,"
10043,Industrial/Commercial Sales & Service,00010000881002,HUNTER & LOMISON INC., 1956 W. 4TH STREET,,WILLIAMSPORT,PA ,17701,USA,www.hunterlomison.com,570-326-1764,"Service,Up To 600kW,Mobile/Diesel/Gas,"
10043,Industrial/Commercial Sales & Service,00010001621002,BROOKFIELD SERVICE, 708 GLEBE ROAD,,WESTMORELAND,NH ,03467,USA,www.brookfieldservice.com,802-485-6567,"Service,Up To 600kW,Mobile/Diesel/Gas,"
10043,Industrial/Commercial Sales & Service,00010021101002,SOUTH SHORE GENERATOR INC-Quote, 2696A CRANBERRY HWY,,WAREHAM,MA ,02571,USA,,508-295-7336,"Sales,Service,Up To 600kW,Mobile/Diesel/Gas,"
10043,Industrial/Commercial Sales & Service,00010001701002,SOUTH SHORE GENERATOR INC, ,,EAST WAREHAM,MA ,02538,USA,,508-295-7336,"Financing,Sales,Service,Up To 600kW,Mobile/Diesel/Gas,"
10043,Industrial/Commercial Sales & Service,00111207431002,WARSHAUER ELECTRIC SUPPLY CO INC, 800 SHREWSBURY AVE,,TINTON FALLS,NJ ,07724,USA,www.warshauer.com,732-741-6400,"Service,"
10043,Industrial/Commercial Sales & Service,00010157021002,Mechanical Service Co, 1145 Oak St.,,Pittston,PA ,18640,USA,,570-654-2445,"Service,"
10044,Industrial/Commercial Sales & Service,00010214161002,"R.L. KISTLER, INC.", 35 HAMILTON LANE,,GLENMONT,NY ,12077,USA,,585-436-1940,"Sales,Service,"
10044,Industrial/Commercial Sales & Service,00010214161002,"R.L. Kistler, Inc", 300 Mile Crossing Blvd.,,Rochester,NY ,14624,USA,rlkistler.com,585-436-1940,"Sales,"
10044,Industrial/Commercial Sales & Service,00010001611002,Huntington Power, 230 Long Hill Cross Rd,,Shelton,CT ,06484,USA,www.huntingtonpower.com,203-929-3203,"Sales,Service,Up To 2MW,Mobile/Diesel/Gas,Training,Rental,"
10044,Industrial/Commercial Sales & Service,00010214161002,"R.L. Kistler, Inc", 5615 Business Ave.,,N. Syracuse,NY ,13208,USA,,315-458-2875,"Sales,"
10044,Industrial/Commercial Sales & Service,00010214161002,"R.L. Kistler, Inc", 5615 Business Ave.,,N. Syracuse,NY ,13208,USA,,315-458-2875,"Sales,"
10044,Industrial/Commercial Sales & Service,00010001611002,Huntington Power, 68 Enter Ln,,Islandia,NY ,11749,USA,,631-563-4943,"Sales,Service,Up To 2MW,Mobile/Diesel/Gas,"
10044,Industrial/Commercial Sales & Service,00010001611002,Huntington Power, 34 E DUDLEY TOWN RD.,,BLOOMFIELD,CT ,06002,USA,,860-289-8790,"Sales,Service,Rental,"
10044,Industrial/Commercial Sales & Service,00010208021002,Modern Group Power Systems, 2501 Durham Road,,Bristol,PA ,19007,USA,www.moderngroup.com,800-404-7291,"Sales,Service,Up To 2MW,Mobile/Diesel/Gas,Training,Rental,"
10044,Industrial/Commercial Sales & Service,00010001731002,Authorized Services Of New England, 410 Forest Street,,Marlborough,MA ,01752,USA,www.asne.com,888-890-9886,"Financing,Sales,Service,Up To 2MW,Mobile/Diesel/Gas,Training,Rental,"
10044,Industrial/Commercial Sales & Service,00010008091002,MODERN HANDLING EQUIP, 75 NEW STREET,,EDISON,NJ ,08837,USA,www.moderngroup.com,800-779-5116,"Sales,Service,Up To 2MW,Mobile/Diesel/Gas,"
10044,Industrial/Commercial Sales & Service,00010208021002,Modern Group Power Systems, 200 Allied Parkway,,West Berlin,NJ ,08091,USA,,800-404-7291,"Sales,Service,Up To 2MW,Mobile/Diesel/Gas,"
10044,Industrial/Commercial Sales & Service,00010208021002,Modern Group Power Systems, 6352 Chapmans Rd,,Allentown,PA ,18106,USA,,800-404-7291,"Sales,Service,Up To 2MW,Mobile/Diesel/Gas,"
10044,Industrial/Commercial Sales & Service,00010208021002,Modern Group Power Systems, 295 New Commerce Blvd.,,Wilkes Barre,PA ,18706,USA,,800-404-7291,"Sales,Service,Up To 2MW,Mobile/Diesel/Gas,"
10044,Industrial/Commercial Sales & Service,00010208021002,Modern Group Power Systems, 66A South Gate Blvd.,,New Castle,DE ,19720,USA,,800-404-7291,"Sales,Service,Up To 2MW,Mobile/Diesel/Gas,"
10044,Industrial/Commercial Sales & Service,00010000931002,"EMERGENCY POWER SYSTEMS, LLC", 35 HAMILTON LANE,,GLENMONT,NY ,12077,USA,,800-914-1465,"Service,Up To 2MW,Mobile/Diesel/Gas,"
10044,Industrial/Commercial Sales & Service,00010000931002,"EMERGENCY POWER SYSTEMS, LLC", 35 HAMILTON LANE,,GLENMONT,NY ,12077,USA,,800-914-1465,"Service,"
10044,Industrial/Commercial Sales & Service,00010208021002,Modern Group Power Systems, 3480 Board Road,,York,PA ,17402,USA,,800-404-7291,"Sales,Service,Up To 2MW,Mobile/Diesel/Gas,"
10044,Industrial/Commercial Sales & Service,00010001731002,AUTHORIZED SERVICES OF NEW ENGLAND, 410 FOREST STREET,,MARLBOROUGH,MA ,01752,USA,,888-890-9886,"Sales,"
10044,Industrial/Commercial Sales & Service,00010001761002,"GENSERVE, INC.", 100 NEWTOWN RD,,PLAINVIEW,NY ,11803,USA,www.genserveinc.com,631-435-0437,"Service,"
10044,Industrial/Commercial Sales & Service,00111209521002,LONG ISLAND EMERGENCY POWER -QO, 2 Ocean Avenue,,DEER PARK,NY ,11729,USA,,631-586-7513,"Sales,"
10044,Industrial/Commercial Sales & Service,00010139211002,POWERPRO SERVICE CO. INC., 608 JOHNSON AVE. UNIT 6,,BOHEMIA,NY ,11716,USA,,631-567-2700,"Sales,Service,Up To 600kW,Mobile/Diesel/Gas,"
10044,Industrial/Commercial Sales & Service,00010134071002,PEAK POWER SYSTEMS, 99 SPRAGUE AVENUE,,MIDDLETOWN,NY ,10940,USA,www.peakpowersystems.com,845-344-1975,"Sales,Service,Up To 600kW,Mobile/Diesel/Gas,Rental,"
10044,Industrial/Commercial Sales & Service,00111209531002,HUNTINGTON POWER - LONG ISLAND, PO BOX 2040,,SHELTON,CT ,06484,USA,,631-586-7513,"Sales,"
10044,Industrial/Commercial Sales & Service,00010001761002,"GENSERVE, INC.", 115A TWINBRIDGE DR.,,PENNSAUKEN,NJ ,08110,USA,www.genserveinc.com,856-324-0459,"Service,"
10044,Industrial/Commercial Sales & Service,00111184131002,HUNTER & LOMISON, 1956 W FOURTH ST,,WILLIAMSPORT,PA ,17701,USA,www.hunterlomison.com,570-326-1764,"Sales,Service,Up To 600kW,Mobile/Diesel/Gas,Rental,"
10044,Industrial/Commercial Sales & Service,00010000881002,HUNTER & LOMISON INC., 1956 W. 4TH STREET,,WILLIAMSPORT,PA ,17701,USA,www.hunterlomison.com,570-326-1764,"Service,Up To 600kW,Mobile/Diesel/Gas,"
10044,Industrial/Commercial Sales & Service,00010001621002,BROOKFIELD SERVICE, 708 GLEBE ROAD,,WESTMORELAND,NH ,03467,USA,www.brookfieldservice.com,802-485-6567,"Service,Up To 600kW,Mobile/Diesel/Gas,"
10044,Industrial/Commercial Sales & Service,00010021101002,SOUTH SHORE GENERATOR INC-Quote, 2696A CRANBERRY HWY,,WAREHAM,MA ,02571,USA,,508-295-7336,"Sales,Service,Up To 600kW,Mobile/Diesel/Gas,"
10044,Industrial/Commercial Sales & Service,00010001701002,SOUTH SHORE GENERATOR INC, ,,EAST WAREHAM,MA ,02538,USA,,508-295-7336,"Financing,Sales,Service,Up To 600kW,Mobile/Diesel/Gas,"
10044,Industrial/Commercial Sales & Service,00111207431002,WARSHAUER ELECTRIC SUPPLY CO INC, 800 SHREWSBURY AVE,,TINTON FALLS,NJ ,07724,USA,www.warshauer.com,732-741-6400,"Service,"
10044,Industrial/Commercial Sales & Service,00010157021002,Mechanical Service Co, 1145 Oak St.,,Pittston,PA ,18640,USA,,570-654-2445,"Service,"
10045,Industrial/Commercial Sales & Service,00010214161002,"R.L. KISTLER, INC.", 35 HAMILTON LANE,,GLENMONT,NY ,12077,USA,,585-436-1940,"Sales,Service,"
10045,Industrial/Commercial Sales & Service,00010001611002,Huntington Power, 230 Long Hill Cross Rd,,Shelton,CT ,06484,USA,www.huntingtonpower.com,203-929-3203,"Sales,Service,Up To 2MW,Mobile/Diesel/Gas,Training,Rental,"
10045,Industrial/Commercial Sales & Service,00010214161002,"R.L. Kistler, Inc", 300 Mile Crossing Blvd.,,Rochester,NY ,14624,USA,rlkistler.com,585-436-1940,"Sales,"
10045,Industrial/Commercial Sales & Service,00010214161002,"R.L. Kistler, Inc", 5615 Business Ave.,,N. Syracuse,NY ,13208,USA,,315-458-2875,"Sales,"
10045,Industrial/Commercial Sales & Service,00010001611002,Huntington Power, 68 Enter Ln,,Islandia,NY ,11749,USA,,631-563-4943,"Sales,Service,Up To 2MW,Mobile/Diesel/Gas,"
10045,Industrial/Commercial Sales & Service,00010001611002,Huntington Power, 34 E DUDLEY TOWN RD.,,BLOOMFIELD,CT ,06002,USA,,860-289-8790,"Sales,Service,Rental,"
10045,Industrial/Commercial Sales & Service,00010214161002,"R.L. Kistler, Inc", 5615 Business Ave.,,N. Syracuse,NY ,13208,USA,,315-458-2875,"Sales,"
10045,Industrial/Commercial Sales & Service,00010208021002,Modern Group Power Systems, 2501 Durham Road,,Bristol,PA ,19007,USA,www.moderngroup.com,800-404-7291,"Sales,Service,Up To 2MW,Mobile/Diesel/Gas,Training,Rental,"
10045,Industrial/Commercial Sales & Service,00010001731002,Authorized Services Of New England, 410 Forest Street,,Marlborough,MA ,01752,USA,www.asne.com,888-890-9886,"Financing,Sales,Service,Up To 2MW,Mobile/Diesel/Gas,Training,Rental,"
10045,Industrial/Commercial Sales & Service,00010008091002,MODERN HANDLING EQUIP, 75 NEW STREET,,EDISON,NJ ,08837,USA,www.moderngroup.com,800-779-5116,"Sales,Service,Up To 2MW,Mobile/Diesel/Gas,"
10045,Industrial/Commercial Sales & Service,00010208021002,Modern Group Power Systems, 200 Allied Parkway,,West Berlin,NJ ,08091,USA,,800-404-7291,"Sales,Service,Up To 2MW,Mobile/Diesel/Gas,"
10045,Industrial/Commercial Sales & Service,00010208021002,Modern Group Power Systems, 6352 Chapmans Rd,,Allentown,PA ,18106,USA,,800-404-7291,"Sales,Service,Up To 2MW,Mobile/Diesel/Gas,"
10045,Industrial/Commercial Sales & Service,00010208021002,Modern Group Power Systems, 295 New Commerce Blvd.,,Wilkes Barre,PA ,18706,USA,,800-404-7291,"Sales,Service,Up To 2MW,Mobile/Diesel/Gas,"
10045,Industrial/Commercial Sales & Service,00010208021002,Modern Group Power Systems, 66A South Gate Blvd.,,New Castle,DE ,19720,USA,,800-404-7291,"Sales,Service,Up To 2MW,Mobile/Diesel/Gas,"
10045,Industrial/Commercial Sales & Service,00010000931002,"EMERGENCY POWER SYSTEMS, LLC", 35 HAMILTON LANE,,GLENMONT,NY ,12077,USA,,800-914-1465,"Service,Up To 2MW,Mobile/Diesel/Gas,"
10045,Industrial/Commercial Sales & Service,00010000931002,"EMERGENCY POWER SYSTEMS, LLC", 35 HAMILTON LANE,,GLENMONT,NY ,12077,USA,,800-914-1465,"Service,"
10045,Industrial/Commercial Sales & Service,00010208021002,Modern Group Power Systems, 3480 Board Road,,York,PA ,17402,USA,,800-404-7291,"Sales,Service,Up To 2MW,Mobile/Diesel/Gas,"
10045,Industrial/Commercial Sales & Service,00010001731002,AUTHORIZED SERVICES OF NEW ENGLAND, 410 FOREST STREET,,MARLBOROUGH,MA ,01752,USA,,888-890-9886,"Sales,"
10045,Industrial/Commercial Sales & Service,00010001691002,Kelly Generator & Equipment, 1955 Dale Ln,,Owings,MD ,20736,USA,www.kge.com,410-257-5225,"Sales,Service,Up To 2MW,Mobile/Diesel/Gas,Training,Rental,"
10045,Industrial/Commercial Sales & Service,00010001761002,"GENSERVE, INC.", 100 NEWTOWN RD,,PLAINVIEW,NY ,11803,USA,www.genserveinc.com,631-435-0437,"Service,"
10045,Industrial/Commercial Sales & Service,00111209521002,LONG ISLAND EMERGENCY POWER -QO, 2 Ocean Avenue,,DEER PARK,NY ,11729,USA,,631-586-7513,"Sales,"
10045,Industrial/Commercial Sales & Service,00010139211002,POWERPRO SERVICE CO. INC., 608 JOHNSON AVE. UNIT 6,,BOHEMIA,NY ,11716,USA,,631-567-2700,"Sales,Service,Up To 600kW,Mobile/Diesel/Gas,"
10045,Industrial/Commercial Sales & Service,00010134071002,PEAK POWER SYSTEMS, 99 SPRAGUE AVENUE,,MIDDLETOWN,NY ,10940,USA,www.peakpowersystems.com,845-344-1975,"Sales,Service,Up To 600kW,Mobile/Diesel/Gas,Rental,"
10045,Industrial/Commercial Sales & Service,00111209531002,HUNTINGTON POWER - LONG ISLAND, PO BOX 2040,,SHELTON,CT ,06484,USA,,631-586-7513,"Sales,"
10045,Industrial/Commercial Sales & Service,00010001761002,"GENSERVE, INC.", 115A TWINBRIDGE DR.,,PENNSAUKEN,NJ ,08110,USA,www.genserveinc.com,856-324-0459,"Service,"
10045,Industrial/Commercial Sales & Service,00111184131002,HUNTER & LOMISON, 1956 W FOURTH ST,,WILLIAMSPORT,PA ,17701,USA,www.hunterlomison.com,570-326-1764,"Sales,Service,Up To 600kW,Mobile/Diesel/Gas,Rental,"
10045,Industrial/Commercial Sales & Service,00010000881002,HUNTER & LOMISON INC., 1956 W. 4TH STREET,,WILLIAMSPORT,PA ,17701,USA,www.hunterlomison.com,570-326-1764,"Service,Up To 600kW,Mobile/Diesel/Gas,"
10045,Industrial/Commercial Sales & Service,00010001621002,BROOKFIELD SERVICE, 708 GLEBE ROAD,,WESTMORELAND,NH ,03467,USA,www.brookfieldservice.com,802-485-6567,"Service,Up To 600kW,Mobile/Diesel/Gas,"
10045,Industrial/Commercial Sales & Service,00010021101002,SOUTH SHORE GENERATOR INC-Quote, 2696A CRANBERRY HWY,,WAREHAM,MA ,02571,USA,,508-295-7336,"Sales,Service,Up To 600kW,Mobile/Diesel/Gas,"
10045,Industrial/Commercial Sales & Service,00010001701002,SOUTH SHORE GENERATOR INC, ,,EAST WAREHAM,MA ,02538,USA,,508-295-7336,"Financing,Sales,Service,Up To 600kW,Mobile/Diesel/Gas,"
10045,Industrial/Commercial Sales & Service,00111207431002,WARSHAUER ELECTRIC SUPPLY CO INC, 800 SHREWSBURY AVE,,TINTON FALLS,NJ ,07724,USA,www.warshauer.com,732-741-6400,"Service,"
10045,Industrial/Commercial Sales & Service,00010157021002,Mechanical Service Co, 1145 Oak St.,,Pittston,PA ,18640,USA,,570-654-2445,"Service,"
10055,Industrial/Commercial Sales & Service,00010001611002,Huntington Power, 230 Long Hill Cross Rd,,Shelton,CT ,06484,USA,www.huntingtonpower.com,203-929-3203,"Sales,Service,Up To 2MW,Mobile/Diesel/Gas,Training,Rental,"
10055,Industrial/Commercial Sales & Service,00010214161002,"R.L. Kistler, Inc", 300 Mile Crossing Blvd.,,Rochester,NY ,14624,USA,rlkistler.com,585-436-1940,"Sales,"
10055,Industrial/Commercial Sales & Service,00010214161002,"R.L. KISTLER, INC.", 35 HAMILTON LANE,,GLENMONT,NY ,12077,USA,,585-436-1940,"Sales,Service,"
10055,Industrial/Commercial Sales & Service,00010001611002,Huntington Power, 68 Enter Ln,,Islandia,NY ,11749,USA,,631-563-4943,"Sales,Service,Up To 2MW,Mobile/Diesel/Gas,"
10055,Industrial/Commercial Sales & Service,00010001611002,Huntington Power, 34 E DUDLEY TOWN RD.,,BLOOMFIELD,CT ,06002,USA,,860-289-8790,"Sales,Service,Rental,"
10055,Industrial/Commercial Sales & Service,00010214161002,"R.L. Kistler, Inc", 5615 Business Ave.,,N. Syracuse,NY ,13208,USA,,315-458-2875,"Sales,"
10055,Industrial/Commercial Sales & Service,00010214161002,"R.L. Kistler, Inc", 5615 Business Ave.,,N. Syracuse,NY ,13208,USA,,315-458-2875,"Sales,"
10055,Industrial/Commercial Sales & Service,00010208021002,Modern Group Power Systems, 2501 Durham Road,,Bristol,PA ,19007,USA,www.moderngroup.com,800-404-7291,"Sales,Service,Up To 2MW,Mobile/Diesel/Gas,Training,Rental,"
10055,Industrial/Commercial Sales & Service,00010001731002,Authorized Services Of New England, 410 Forest Street,,Marlborough,MA ,01752,USA,www.asne.com,888-890-9886,"Financing,Sales,Service,Up To 2MW,Mobile/Diesel/Gas,Training,Rental,"
10055,Industrial/Commercial Sales & Service,00010008091002,MODERN HANDLING EQUIP, 75 NEW STREET,,EDISON,NJ ,08837,USA,www.moderngroup.com,800-779-5116,"Sales,Service,Up To 2MW,Mobile/Diesel/Gas,"
10055,Industrial/Commercial Sales & Service,00010208021002,Modern Group Power Systems, 200 Allied Parkway,,West Berlin,NJ ,08091,USA,,800-404-7291,"Sales,Service,Up To 2MW,Mobile/Diesel/Gas,"
10055,Industrial/Commercial Sales & Service,00010208021002,Modern Group Power Systems, 6352 Chapmans Rd,,Allentown,PA ,18106,USA,,800-404-7291,"Sales,Service,Up To 2MW,Mobile/Diesel/Gas,"
10055,Industrial/Commercial Sales & Service,00010208021002,Modern Group Power Systems, 295 New Commerce Blvd.,,Wilkes Barre,PA ,18706,USA,,800-404-7291,"Sales,Service,Up To 2MW,Mobile/Diesel/Gas,"
10055,Industrial/Commercial Sales & Service,00010208021002,Modern Group Power Systems, 66A South Gate Blvd.,,New Castle,DE ,19720,USA,,800-404-7291,"Sales,Service,Up To 2MW,Mobile/Diesel/Gas,"
10055,Industrial/Commercial Sales & Service,00010000931002,"EMERGENCY POWER SYSTEMS, LLC", 35 HAMILTON LANE,,GLENMONT,NY ,12077,USA,,800-914-1465,"Service,Up To 2MW,Mobile/Diesel/Gas,"
10055,Industrial/Commercial Sales & Service,00010000931002,"EMERGENCY POWER SYSTEMS, LLC", 35 HAMILTON LANE,,GLENMONT,NY ,12077,USA,,800-914-1465,"Service,"
10055,Industrial/Commercial Sales & Service,00010208021002,Modern Group Power Systems, 3480 Board Road,,York,PA ,17402,USA,,800-404-7291,"Sales,Service,Up To 2MW,Mobile/Diesel/Gas,"
10055,Industrial/Commercial Sales & Service,00010001731002,AUTHORIZED SERVICES OF NEW ENGLAND, 410 FOREST STREET,,MARLBOROUGH,MA ,01752,USA,,888-890-9886,"Sales,"
10055,Industrial/Commercial Sales & Service,00010001761002,"GENSERVE, INC.", 100 NEWTOWN RD,,PLAINVIEW,NY ,11803,USA,www.genserveinc.com,631-435-0437,"Service,"
10055,Industrial/Commercial Sales & Service,00111209521002,LONG ISLAND EMERGENCY POWER -QO, 2 Ocean Avenue,,DEER PARK,NY ,11729,USA,,631-586-7513,"Sales,"
10055,Industrial/Commercial Sales & Service,00010139211002,POWERPRO SERVICE CO. INC., 608 JOHNSON AVE. UNIT 6,,BOHEMIA,NY ,11716,USA,,631-567-2700,"Sales,Service,Up To 600kW,Mobile/Diesel/Gas,"
10055,Industrial/Commercial Sales & Service,00010134071002,PEAK POWER SYSTEMS, 99 SPRAGUE AVENUE,,MIDDLETOWN,NY ,10940,USA,www.peakpowersystems.com,845-344-1975,"Sales,Service,Up To 600kW,Mobile/Diesel/Gas,Rental,"
10055,Industrial/Commercial Sales & Service,00111209531002,HUNTINGTON POWER - LONG ISLAND, PO BOX 2040,,SHELTON,CT ,06484,USA,,631-586-7513,"Sales,"
10055,Industrial/Commercial Sales & Service,00010001761002,"GENSERVE, INC.", 115A TWINBRIDGE DR.,,PENNSAUKEN,NJ ,08110,USA,www.genserveinc.com,856-324-0459,"Service,"
10055,Industrial/Commercial Sales & Service,00111184131002,HUNTER & LOMISON, 1956 W FOURTH ST,,WILLIAMSPORT,PA ,17701,USA,www.hunterlomison.com,570-326-1764,"Sales,Service,Up To 600kW,Mobile/Diesel/Gas,Rental,"
10055,Industrial/Commercial Sales & Service,00010000881002,HUNTER & LOMISON INC., 1956 W. 4TH STREET,,WILLIAMSPORT,PA ,17701,USA,www.hunterlomison.com,570-326-1764,"Service,Up To 600kW,Mobile/Diesel/Gas,"
10055,Industrial/Commercial Sales & Service,00010001621002,BROOKFIELD SERVICE, 708 GLEBE ROAD,,WESTMORELAND,NH ,03467,USA,www.brookfieldservice.com,802-485-6567,"Service,Up To 600kW,Mobile/Diesel/Gas,"
10055,Industrial/Commercial Sales & Service,00010021101002,SOUTH SHORE GENERATOR INC-Quote, 2696A CRANBERRY HWY,,WAREHAM,MA ,02571,USA,,508-295-7336,"Sales,Service,Up To 600kW,Mobile/Diesel/Gas,"
10055,Industrial/Commercial Sales & Service,00010001701002,SOUTH SHORE GENERATOR INC, ,,EAST WAREHAM,MA ,02538,USA,,508-295-7336,"Financing,Sales,Service,Up To 600kW,Mobile/Diesel/Gas,"
10055,Industrial/Commercial Sales & Service,00111207431002,WARSHAUER ELECTRIC SUPPLY CO INC, 800 SHREWSBURY AVE,,TINTON FALLS,NJ ,07724,USA,www.warshauer.com,732-741-6400,"Service,"
10055,Industrial/Commercial Sales & Service,00010157021002,Mechanical Service Co, 1145 Oak St.,,Pittston,PA ,18640,USA,,570-654-2445,"Service,"
10060,Industrial/Commercial Sales & Service,00010214161002,"R.L. KISTLER, INC.", 35 HAMILTON LANE,,GLENMONT,NY ,12077,USA,,585-436-1940,"Sales,Service,"
10060,Industrial/Commercial Sales & Service,00010214161002,"R.L. Kistler, Inc", 300 Mile Crossing Blvd.,,Rochester,NY ,14624,USA,rlkistler.com,585-436-1940,"Sales,"
10060,Industrial/Commercial Sales & Service,00010001611002,Huntington Power, 230 Long Hill Cross Rd,,Shelton,CT ,06484,USA,www.huntingtonpower.com,203-929-3203,"Sales,Service,Up To 2MW,Mobile/Diesel/Gas,Training,Rental,"
10060,Industrial/Commercial Sales & Service,00010214161002,"R.L. Kistler, Inc", 5615 Business Ave.,,N. Syracuse,NY ,13208,USA,,315-458-2875,"Sales,"
10060,Industrial/Commercial Sales & Service,00010214161002,"R.L. Kistler, Inc", 5615 Business Ave.,,N. Syracuse,NY ,13208,USA,,315-458-2875,"Sales,"
10060,Industrial/Commercial Sales & Service,00010001611002,Huntington Power, 68 Enter Ln,,Islandia,NY ,11749,USA,,631-563-4943,"Sales,Service,Up To 2MW,Mobile/Diesel/Gas,"
10060,Industrial/Commercial Sales & Service,00010001611002,Huntington Power, 34 E DUDLEY TOWN RD.,,BLOOMFIELD,CT ,06002,USA,,860-289-8790,"Sales,Service,Rental,"
10060,Industrial/Commercial Sales & Service,00010208021002,Modern Group Power Systems, 2501 Durham Road,,Bristol,PA ,19007,USA,www.moderngroup.com,800-404-7291,"Sales,Service,Up To 2MW,Mobile/Diesel/Gas,Training,Rental,"
10060,Industrial/Commercial Sales & Service,00010001731002,Authorized Services Of New England, 410 Forest Street,,Marlborough,MA ,01752,USA,www.asne.com,888-890-9886,"Financing,Sales,Service,Up To 2MW,Mobile/Diesel/Gas,Training,Rental,"
10060,Industrial/Commercial Sales & Service,00010008091002,MODERN HANDLING EQUIP, 75 NEW STREET,,EDISON,NJ ,08837,USA,www.moderngroup.com,800-779-5116,"Sales,Service,Up To 2MW,Mobile/Diesel/Gas,"
10060,Industrial/Commercial Sales & Service,00010208021002,Modern Group Power Systems, 6352 Chapmans Rd,,Allentown,PA ,18106,USA,,800-404-7291,"Sales,Service,Up To 2MW,Mobile/Diesel/Gas,"
10060,Industrial/Commercial Sales & Service,00010208021002,Modern Group Power Systems, 200 Allied Parkway,,West Berlin,NJ ,08091,USA,,800-404-7291,"Sales,Service,Up To 2MW,Mobile/Diesel/Gas,"
10060,Industrial/Commercial Sales & Service,00010208021002,Modern Group Power Systems, 295 New Commerce Blvd.,,Wilkes Barre,PA ,18706,USA,,800-404-7291,"Sales,Service,Up To 2MW,Mobile/Diesel/Gas,"
10060,Industrial/Commercial Sales & Service,00010208021002,Modern Group Power Systems, 66A South Gate Blvd.,,New Castle,DE ,19720,USA,,800-404-7291,"Sales,Service,Up To 2MW,Mobile/Diesel/Gas,"
10060,Industrial/Commercial Sales & Service,00010000931002,"EMERGENCY POWER SYSTEMS, LLC", 35 HAMILTON LANE,,GLENMONT,NY ,12077,USA,,800-914-1465,"Service,Up To 2MW,Mobile/Diesel/Gas,"
10060,Industrial/Commercial Sales & Service,00010000931002,"EMERGENCY POWER SYSTEMS, LLC", 35 HAMILTON LANE,,GLENMONT,NY ,12077,USA,,800-914-1465,"Service,"
10060,Industrial/Commercial Sales & Service,00010208021002,Modern Group Power Systems, 3480 Board Road,,York,PA ,17402,USA,,800-404-7291,"Sales,Service,Up To 2MW,Mobile/Diesel/Gas,"
10060,Industrial/Commercial Sales & Service,00010001731002,AUTHORIZED SERVICES OF NEW ENGLAND, 410 FOREST STREET,,MARLBOROUGH,MA ,01752,USA,,888-890-9886,"Sales,"
10060,Industrial/Commercial Sales & Service,00010001691002,Kelly Generator & Equipment, 1955 Dale Ln,,Owings,MD ,20736,USA,www.kge.com,410-257-5225,"Sales,Service,Up To 2MW,Mobile/Diesel/Gas,Training,Rental,"
10060,Industrial/Commercial Sales & Service,00010001761002,"GENSERVE, INC.", 100 NEWTOWN RD,,PLAINVIEW,NY ,11803,USA,www.genserveinc.com,631-435-0437,"Service,"
10060,Industrial/Commercial Sales & Service,00111209521002,LONG ISLAND EMERGENCY POWER -QO, 2 Ocean Avenue,,DEER PARK,NY ,11729,USA,,631-586-7513,"Sales,"
10060,Industrial/Commercial Sales & Service,00010139211002,POWERPRO SERVICE CO. INC., 608 JOHNSON AVE. UNIT 6,,BOHEMIA,NY ,11716,USA,,631-567-2700,"Sales,Service,Up To 600kW,Mobile/Diesel/Gas,"
10060,Industrial/Commercial Sales & Service,00010134071002,PEAK POWER SYSTEMS, 99 SPRAGUE AVENUE,,MIDDLETOWN,NY ,10940,USA,www.peakpowersystems.com,845-344-1975,"Sales,Service,Up To 600kW,Mobile/Diesel/Gas,Rental,"
10060,Industrial/Commercial Sales & Service,00111209531002,HUNTINGTON POWER - LONG ISLAND, PO BOX 2040,,SHELTON,CT ,06484,USA,,631-586-7513,"Sales,"
10060,Industrial/Commercial Sales & Service,00010001761002,"GENSERVE, INC.", 115A TWINBRIDGE DR.,,PENNSAUKEN,NJ ,08110,USA,www.genserveinc.com,856-324-0459,"Service,"
10060,Industrial/Commercial Sales & Service,00111184131002,HUNTER & LOMISON, 1956 W FOURTH ST,,WILLIAMSPORT,PA ,17701,USA,www.hunterlomison.com,570-326-1764,"Sales,Service,Up To 600kW,Mobile/Diesel/Gas,Rental,"
10060,Industrial/Commercial Sales & Service,00010000881002,HUNTER & LOMISON INC., 1956 W. 4TH STREET,,WILLIAMSPORT,PA ,17701,USA,www.hunterlomison.com,570-326-1764,"Service,Up To 600kW,Mobile/Diesel/Gas,"
10060,Industrial/Commercial Sales & Service,00010001621002,BROOKFIELD SERVICE, 708 GLEBE ROAD,,WESTMORELAND,NH ,03467,USA,www.brookfieldservice.com,802-485-6567,"Service,Up To 600kW,Mobile/Diesel/Gas,"
10060,Industrial/Commercial Sales & Service,00010021101002,SOUTH SHORE GENERATOR INC-Quote, 2696A CRANBERRY HWY,,WAREHAM,MA ,02571,USA,,508-295-7336,"Sales,Service,Up To 600kW,Mobile/Diesel/Gas,"
10060,Industrial/Commercial Sales & Service,00010001701002,SOUTH SHORE GENERATOR INC, ,,EAST WAREHAM,MA ,02538,USA,,508-295-7336,"Financing,Sales,Service,Up To 600kW,Mobile/Diesel/Gas,"
10060,Industrial/Commercial Sales & Service,00111207431002,WARSHAUER ELECTRIC SUPPLY CO INC, 800 SHREWSBURY AVE,,TINTON FALLS,NJ ,07724,USA,www.warshauer.com,732-741-6400,"Service,"
10060,Industrial/Commercial Sales & Service,00010157021002,Mechanical Service Co, 1145 Oak St.,,Pittston,PA ,18640,USA,,570-654-2445,"Service,"
10065,Industrial/Commercial Sales & Service,00010001611002,Huntington Power, 230 Long Hill Cross Rd,,Shelton,CT ,06484,USA,www.huntingtonpower.com,203-929-3203,"Sales,Service,Up To 2MW,Mobile/Diesel/Gas,Training,Rental,"
10065,Industrial/Commercial Sales & Service,00010214161002,"R.L. KISTLER, INC.", 35 HAMILTON LANE,,GLENMONT,NY ,12077,USA,,585-436-1940,"Sales,Service,"
10065,Industrial/Commercial Sales & Service,00010214161002,"R.L. Kistler, Inc", 300 Mile Crossing Blvd.,,Rochester,NY ,14624,USA,rlkistler.com,585-436-1940,"Sales,"
10065,Industrial/Commercial Sales & Service,00010001611002,Huntington Power, 68 Enter Ln,,Islandia,NY ,11749,USA,,631-563-4943,"Sales,Service,Up To 2MW,Mobile/Diesel/Gas,"
10065,Industrial/Commercial Sales & Service,00010001611002,Huntington Power, 34 E DUDLEY TOWN RD.,,BLOOMFIELD,CT ,06002,USA,,860-289-8790,"Sales,Service,Rental,"
10065,Industrial/Commercial Sales & Service,00010214161002,"R.L. Kistler, Inc", 5615 Business Ave.,,N. Syracuse,NY ,13208,USA,,315-458-2875,"Sales,"
10065,Industrial/Commercial Sales & Service,00010214161002,"R.L. Kistler, Inc", 5615 Business Ave.,,N. Syracuse,NY ,13208,USA,,315-458-2875,"Sales,"
10065,Industrial/Commercial Sales & Service,00010208021002,Modern Group Power Systems, 2501 Durham Road,,Bristol,PA ,19007,USA,www.moderngroup.com,800-404-7291,"Sales,Service,Up To 2MW,Mobile/Diesel/Gas,Training,Rental,"
10065,Industrial/Commercial Sales & Service,00010001731002,Authorized Services Of New England, 410 Forest Street,,Marlborough,MA ,01752,USA,www.asne.com,888-890-9886,"Financing,Sales,Service,Up To 2MW,Mobile/Diesel/Gas,Training,Rental,"
10065,Industrial/Commercial Sales & Service,00010008091002,MODERN HANDLING EQUIP, 75 NEW STREET,,EDISON,NJ ,08837,USA,www.moderngroup.com,800-779-5116,"Sales,Service,Up To 2MW,Mobile/Diesel/Gas,"
10065,Industrial/Commercial Sales & Service,00010208021002,Modern Group Power Systems, 6352 Chapmans Rd,,Allentown,PA ,18106,USA,,800-404-7291,"Sales,Service,Up To 2MW,Mobile/Diesel/Gas,"
10065,Industrial/Commercial Sales & Service,00010208021002,Modern Group Power Systems, 200 Allied Parkway,,West Berlin,NJ ,08091,USA,,800-404-7291,"Sales,Service,Up To 2MW,Mobile/Diesel/Gas,"
10065,Industrial/Commercial Sales & Service,00010208021002,Modern Group Power Systems, 295 New Commerce Blvd.,,Wilkes Barre,PA ,18706,USA,,800-404-7291,"Sales,Service,Up To 2MW,Mobile/Diesel/Gas,"
10065,Industrial/Commercial Sales & Service,00010208021002,Modern Group Power Systems, 66A South Gate Blvd.,,New Castle,DE ,19720,USA,,800-404-7291,"Sales,Service,Up To 2MW,Mobile/Diesel/Gas,"
10065,Industrial/Commercial Sales & Service,00010000931002,"EMERGENCY POWER SYSTEMS, LLC", 35 HAMILTON LANE,,GLENMONT,NY ,12077,USA,,800-914-1465,"Service,Up To 2MW,Mobile/Diesel/Gas,"
10065,Industrial/Commercial Sales & Service,00010000931002,"EMERGENCY POWER SYSTEMS, LLC", 35 HAMILTON LANE,,GLENMONT,NY ,12077,USA,,800-914-1465,"Service,"
10065,Industrial/Commercial Sales & Service,00010208021002,Modern Group Power Systems, 3480 Board Road,,York,PA ,17402,USA,,800-404-7291,"Sales,Service,Up To 2MW,Mobile/Diesel/Gas,"
10065,Industrial/Commercial Sales & Service,00010001731002,AUTHORIZED SERVICES OF NEW ENGLAND, 410 FOREST STREET,,MARLBOROUGH,MA ,01752,USA,,888-890-9886,"Sales,"
10065,Industrial/Commercial Sales & Service,00010001761002,"GENSERVE, INC.", 100 NEWTOWN RD,,PLAINVIEW,NY ,11803,USA,www.genserveinc.com,631-435-0437,"Service,"
10065,Industrial/Commercial Sales & Service,00111209521002,LONG ISLAND EMERGENCY POWER -QO, 2 Ocean Avenue,,DEER PARK,NY ,11729,USA,,631-586-7513,"Sales,"
10065,Industrial/Commercial Sales & Service,00010139211002,POWERPRO SERVICE CO. INC., 608 JOHNSON AVE. UNIT 6,,BOHEMIA,NY ,11716,USA,,631-567-2700,"Sales,Service,Up To 600kW,Mobile/Diesel/Gas,"
10065,Industrial/Commercial Sales & Service,00010134071002,PEAK POWER SYSTEMS, 99 SPRAGUE AVENUE,,MIDDLETOWN,NY ,10940,USA,www.peakpowersystems.com,845-344-1975,"Sales,Service,Up To 600kW,Mobile/Diesel/Gas,Rental,"
10065,Industrial/Commercial Sales & Service,00111209531002,HUNTINGTON POWER - LONG ISLAND, PO BOX 2040,,SHELTON,CT ,06484,USA,,631-586-7513,"Sales,"
10065,Industrial/Commercial Sales & Service,00010001761002,"GENSERVE, INC.", 115A TWINBRIDGE DR.,,PENNSAUKEN,NJ ,08110,USA,www.genserveinc.com,856-324-0459,"Service,"
10065,Industrial/Commercial Sales & Service,00111184131002,HUNTER & LOMISON, 1956 W FOURTH ST,,WILLIAMSPORT,PA ,17701,USA,www.hunterlomison.com,570-326-1764,"Sales,Service,Up To 600kW,Mobile/Diesel/Gas,Rental,"
10065,Industrial/Commercial Sales & Service,00010000881002,HUNTER & LOMISON INC., 1956 W. 4TH STREET,,WILLIAMSPORT,PA ,17701,USA,www.hunterlomison.com,570-326-1764,"Service,Up To 600kW,Mobile/Diesel/Gas,"
10065,Industrial/Commercial Sales & Service,00010001621002,BROOKFIELD SERVICE, 708 GLEBE ROAD,,WESTMORELAND,NH ,03467,USA,www.brookfieldservice.com,802-485-6567,"Service,Up To 600kW,Mobile/Diesel/Gas,"
10065,Industrial/Commercial Sales & Service,00010021101002,SOUTH SHORE GENERATOR INC-Quote, 2696A CRANBERRY HWY,,WAREHAM,MA ,02571,USA,,508-295-7336,"Sales,Service,Up To 600kW,Mobile/Diesel/Gas,"
10065,Industrial/Commercial Sales & Service,00010001701002,SOUTH SHORE GENERATOR INC, ,,EAST WAREHAM,MA ,02538,USA,,508-295-7336,"Financing,Sales,Service,Up To 600kW,Mobile/Diesel/Gas,"
10065,Industrial/Commercial Sales & Service,00111207431002,WARSHAUER ELECTRIC SUPPLY CO INC, 800 SHREWSBURY AVE,,TINTON FALLS,NJ ,07724,USA,www.warshauer.com,732-741-6400,"Service,"
10065,Industrial/Commercial Sales & Service,00010157021002,Mechanical Service Co, 1145 Oak St.,,Pittston,PA ,18640,USA,,570-654-2445,"Service,"
10069,Industrial/Commercial Sales & Service,00010214161002,"R.L. KISTLER, INC.", 35 HAMILTON LANE,,GLENMONT,NY ,12077,USA,,585-436-1940,"Sales,Service,"
10069,Industrial/Commercial Sales & Service,00010001611002,Huntington Power, 230 Long Hill Cross Rd,,Shelton,CT ,06484,USA,www.huntingtonpower.com,203-929-3203,"Sales,Service,Up To 2MW,Mobile/Diesel/Gas,Training,Rental,"
10069,Industrial/Commercial Sales & Service,00010214161002,"R.L. Kistler, Inc", 300 Mile Crossing Blvd.,,Rochester,NY ,14624,USA,rlkistler.com,585-436-1940,"Sales,"
10069,Industrial/Commercial Sales & Service,00010214161002,"R.L. Kistler, Inc", 5615 Business Ave.,,N. Syracuse,NY ,13208,USA,,315-458-2875,"Sales,"
10069,Industrial/Commercial Sales & Service,00010001611002,Huntington Power, 68 Enter Ln,,Islandia,NY ,11749,USA,,631-563-4943,"Sales,Service,Up To 2MW,Mobile/Diesel/Gas,"
10069,Industrial/Commercial Sales & Service,00010001611002,Huntington Power, 34 E DUDLEY TOWN RD.,,BLOOMFIELD,CT ,06002,USA,,860-289-8790,"Sales,Service,Rental,"
10069,Industrial/Commercial Sales & Service,00010214161002,"R.L. Kistler, Inc", 5615 Business Ave.,,N. Syracuse,NY ,13208,USA,,315-458-2875,"Sales,"
10069,Industrial/Commercial Sales & Service,00010208021002,Modern Group Power Systems, 2501 Durham Road,,Bristol,PA ,19007,USA,www.moderngroup.com,800-404-7291,"Sales,Service,Up To 2MW,Mobile/Diesel/Gas,Training,Rental,"
10069,Industrial/Commercial Sales & Service,00010001731002,Authorized Services Of New England, 410 Forest Street,,Marlborough,MA ,01752,USA,www.asne.com,888-890-9886,"Financing,Sales,Service,Up To 2MW,Mobile/Diesel/Gas,Training,Rental,"
10069,Industrial/Commercial Sales & Service,00010008091002,MODERN HANDLING EQUIP, 75 NEW STREET,,EDISON,NJ ,08837,USA,www.moderngroup.com,800-779-5116,"Sales,Service,Up To 2MW,Mobile/Diesel/Gas,"
10069,Industrial/Commercial Sales & Service,00010208021002,Modern Group Power Systems, 6352 Chapmans Rd,,Allentown,PA ,18106,USA,,800-404-7291,"Sales,Service,Up To 2MW,Mobile/Diesel/Gas,"
10069,Industrial/Commercial Sales & Service,00010208021002,Modern Group Power Systems, 200 Allied Parkway,,West Berlin,NJ ,08091,USA,,800-404-7291,"Sales,Service,Up To 2MW,Mobile/Diesel/Gas,"
10069,Industrial/Commercial Sales & Service,00010208021002,Modern Group Power Systems, 295 New Commerce Blvd.,,Wilkes Barre,PA ,18706,USA,,800-404-7291,"Sales,Service,Up To 2MW,Mobile/Diesel/Gas,"
10069,Industrial/Commercial Sales & Service,00010208021002,Modern Group Power Systems, 66A South Gate Blvd.,,New Castle,DE ,19720,USA,,800-404-7291,"Sales,Service,Up To 2MW,Mobile/Diesel/Gas,"
10069,Industrial/Commercial Sales & Service,00010000931002,"EMERGENCY POWER SYSTEMS, LLC", 35 HAMILTON LANE,,GLENMONT,NY ,12077,USA,,800-914-1465,"Service,Up To 2MW,Mobile/Diesel/Gas,"
10069,Industrial/Commercial Sales & Service,00010000931002,"EMERGENCY POWER SYSTEMS, LLC", 35 HAMILTON LANE,,GLENMONT,NY ,12077,USA,,800-914-1465,"Service,"
10069,Industrial/Commercial Sales & Service,00010208021002,Modern Group Power Systems, 3480 Board Road,,York,PA ,17402,USA,,800-404-7291,"Sales,Service,Up To 2MW,Mobile/Diesel/Gas,"
10069,Industrial/Commercial Sales & Service,00010001731002,AUTHORIZED SERVICES OF NEW ENGLAND, 410 FOREST STREET,,MARLBOROUGH,MA ,01752,USA,,888-890-9886,"Sales,"
10069,Industrial/Commercial Sales & Service,00010001761002,"GENSERVE, INC.", 100 NEWTOWN RD,,PLAINVIEW,NY ,11803,USA,www.genserveinc.com,631-435-0437,"Service,"
10069,Industrial/Commercial Sales & Service,00111209521002,LONG ISLAND EMERGENCY POWER -QO, 2 Ocean Avenue,,DEER PARK,NY ,11729,USA,,631-586-7513,"Sales,"
10069,Industrial/Commercial Sales & Service,00010139211002,POWERPRO SERVICE CO. INC., 608 JOHNSON AVE. UNIT 6,,BOHEMIA,NY ,11716,USA,,631-567-2700,"Sales,Service,Up To 600kW,Mobile/Diesel/Gas,"
10069,Industrial/Commercial Sales & Service,00010134071002,PEAK POWER SYSTEMS, 99 SPRAGUE AVENUE,,MIDDLETOWN,NY ,10940,USA,www.peakpowersystems.com,845-344-1975,"Sales,Service,Up To 600kW,Mobile/Diesel/Gas,Rental,"
10069,Industrial/Commercial Sales & Service,00111209531002,HUNTINGTON POWER - LONG ISLAND, PO BOX 2040,,SHELTON,CT ,06484,USA,,631-586-7513,"Sales,"
10069,Industrial/Commercial Sales & Service,00010001761002,"GENSERVE, INC.", 115A TWINBRIDGE DR.,,PENNSAUKEN,NJ ,08110,USA,www.genserveinc.com,856-324-0459,"Service,"
10069,Industrial/Commercial Sales & Service,00111184131002,HUNTER & LOMISON, 1956 W FOURTH ST,,WILLIAMSPORT,PA ,17701,USA,www.hunterlomison.com,570-326-1764,"Sales,Service,Up To 600kW,Mobile/Diesel/Gas,Rental,"
10069,Industrial/Commercial Sales & Service,00010000881002,HUNTER & LOMISON INC., 1956 W. 4TH STREET,,WILLIAMSPORT,PA ,17701,USA,www.hunterlomison.com,570-326-1764,"Service,Up To 600kW,Mobile/Diesel/Gas,"
10069,Industrial/Commercial Sales & Service,00010001621002,BROOKFIELD SERVICE, 708 GLEBE ROAD,,WESTMORELAND,NH ,03467,USA,www.brookfieldservice.com,802-485-6567,"Service,Up To 600kW,Mobile/Diesel/Gas,"
10069,Industrial/Commercial Sales & Service,00010021101002,SOUTH SHORE GENERATOR INC-Quote, 2696A CRANBERRY HWY,,WAREHAM,MA ,02571,USA,,508-295-7336,"Sales,Service,Up To 600kW,Mobile/Diesel/Gas,"
10069,Industrial/Commercial Sales & Service,00010001701002,SOUTH SHORE GENERATOR INC, ,,EAST WAREHAM,MA ,02538,USA,,508-295-7336,"Financing,Sales,Service,Up To 600kW,Mobile/Diesel/Gas,"
10069,Industrial/Commercial Sales & Service,00111207431002,WARSHAUER ELECTRIC SUPPLY CO INC, 800 SHREWSBURY AVE,,TINTON FALLS,NJ ,07724,USA,www.warshauer.com,732-741-6400,"Service,"
10069,Industrial/Commercial Sales & Service,00010157021002,Mechanical Service Co, 1145 Oak St.,,Pittston,PA ,18640,USA,,570-654-2445,"Service,"
10075,Industrial/Commercial Sales & Service,00010214161002,"R.L. KISTLER, INC.", 35 HAMILTON LANE,,GLENMONT,NY ,12077,USA,,585-436-1940,"Sales,Service,"
10075,Industrial/Commercial Sales & Service,00010001611002,Huntington Power, 230 Long Hill Cross Rd,,Shelton,CT ,06484,USA,www.huntingtonpower.com,203-929-3203,"Sales,Service,Up To 2MW,Mobile/Diesel/Gas,Training,Rental,"
10075,Industrial/Commercial Sales & Service,00010214161002,"R.L. Kistler, Inc", 300 Mile Crossing Blvd.,,Rochester,NY ,14624,USA,rlkistler.com,585-436-1940,"Sales,"
10075,Industrial/Commercial Sales & Service,00010214161002,"R.L. Kistler, Inc", 5615 Business Ave.,,N. Syracuse,NY ,13208,USA,,315-458-2875,"Sales,"
10075,Industrial/Commercial Sales & Service,00010001611002,Huntington Power, 68 Enter Ln,,Islandia,NY ,11749,USA,,631-563-4943,"Sales,Service,Up To 2MW,Mobile/Diesel/Gas,"
10075,Industrial/Commercial Sales & Service,00010001611002,Huntington Power, 34 E DUDLEY TOWN RD.,,BLOOMFIELD,CT ,06002,USA,,860-289-8790,"Sales,Service,Rental,"
10075,Industrial/Commercial Sales & Service,00010214161002,"R.L. Kistler, Inc", 5615 Business Ave.,,N. Syracuse,NY ,13208,USA,,315-458-2875,"Sales,"
10075,Industrial/Commercial Sales & Service,00010208021002,Modern Group Power Systems, 2501 Durham Road,,Bristol,PA ,19007,USA,www.moderngroup.com,800-404-7291,"Sales,Service,Up To 2MW,Mobile/Diesel/Gas,Training,Rental,"
10075,Industrial/Commercial Sales & Service,00010001731002,Authorized Services Of New England, 410 Forest Street,,Marlborough,MA ,01752,USA,www.asne.com,888-890-9886,"Financing,Sales,Service,Up To 2MW,Mobile/Diesel/Gas,Training,Rental,"
10075,Industrial/Commercial Sales & Service,00010008091002,MODERN HANDLING EQUIP, 75 NEW STREET,,EDISON,NJ ,08837,USA,www.moderngroup.com,800-779-5116,"Sales,Service,Up To 2MW,Mobile/Diesel/Gas,"
10075,Industrial/Commercial Sales & Service,00010208021002,Modern Group Power Systems, 6352 Chapmans Rd,,Allentown,PA ,18106,USA,,800-404-7291,"Sales,Service,Up To 2MW,Mobile/Diesel/Gas,"
10075,Industrial/Commercial Sales & Service,00010208021002,Modern Group Power Systems, 200 Allied Parkway,,West Berlin,NJ ,08091,USA,,800-404-7291,"Sales,Service,Up To 2MW,Mobile/Diesel/Gas,"
10075,Industrial/Commercial Sales & Service,00010208021002,Modern Group Power Systems, 295 New Commerce Blvd.,,Wilkes Barre,PA ,18706,USA,,800-404-7291,"Sales,Service,Up To 2MW,Mobile/Diesel/Gas,"
10075,Industrial/Commercial Sales & Service,00010208021002,Modern Group Power Systems, 66A South Gate Blvd.,,New Castle,DE ,19720,USA,,800-404-7291,"Sales,Service,Up To 2MW,Mobile/Diesel/Gas,"
10075,Industrial/Commercial Sales & Service,00010000931002,"EMERGENCY POWER SYSTEMS, LLC", 35 HAMILTON LANE,,GLENMONT,NY ,12077,USA,,800-914-1465,"Service,Up To 2MW,Mobile/Diesel/Gas,"
10075,Industrial/Commercial Sales & Service,00010000931002,"EMERGENCY POWER SYSTEMS, LLC", 35 HAMILTON LANE,,GLENMONT,NY ,12077,USA,,800-914-1465,"Service,"
10075,Industrial/Commercial Sales & Service,00010208021002,Modern Group Power Systems, 3480 Board Road,,York,PA ,17402,USA,,800-404-7291,"Sales,Service,Up To 2MW,Mobile/Diesel/Gas,"
10075,Industrial/Commercial Sales & Service,00010001731002,AUTHORIZED SERVICES OF NEW ENGLAND, 410 FOREST STREET,,MARLBOROUGH,MA ,01752,USA,,888-890-9886,"Sales,"
10075,Industrial/Commercial Sales & Service,00010001761002,"GENSERVE, INC.", 100 NEWTOWN RD,,PLAINVIEW,NY ,11803,USA,www.genserveinc.com,631-435-0437,"Service,"
10075,Industrial/Commercial Sales & Service,00111209521002,LONG ISLAND EMERGENCY POWER -QO, 2 Ocean Avenue,,DEER PARK,NY ,11729,USA,,631-586-7513,"Sales,"
10075,Industrial/Commercial Sales & Service,00010139211002,POWERPRO SERVICE CO. INC., 608 JOHNSON AVE. UNIT 6,,BOHEMIA,NY ,11716,USA,,631-567-2700,"Sales,Service,Up To 600kW,Mobile/Diesel/Gas,"
10075,Industrial/Commercial Sales & Service,00010134071002,PEAK POWER SYSTEMS, 99 SPRAGUE AVENUE,,MIDDLETOWN,NY ,10940,USA,www.peakpowersystems.com,845-344-1975,"Sales,Service,Up To 600kW,Mobile/Diesel/Gas,Rental,"
10075,Industrial/Commercial Sales & Service,00111209531002,HUNTINGTON POWER - LONG ISLAND, PO BOX 2040,,SHELTON,CT ,06484,USA,,631-586-7513,"Sales,"
10075,Industrial/Commercial Sales & Service,00010001761002,"GENSERVE, INC.", 115A TWINBRIDGE DR.,,PENNSAUKEN,NJ ,08110,USA,www.genserveinc.com,856-324-0459,"Service,"
10075,Industrial/Commercial Sales & Service,00111184131002,HUNTER & LOMISON, 1956 W FOURTH ST,,WILLIAMSPORT,PA ,17701,USA,www.hunterlomison.com,570-326-1764,"Sales,Service,Up To 600kW,Mobile/Diesel/Gas,Rental,"
10075,Industrial/Commercial Sales & Service,00010000881002,HUNTER & LOMISON INC., 1956 W. 4TH STREET,,WILLIAMSPORT,PA ,17701,USA,www.hunterlomison.com,570-326-1764,"Service,Up To 600kW,Mobile/Diesel/Gas,"
10075,Industrial/Commercial Sales & Service,00010001621002,BROOKFIELD SERVICE, 708 GLEBE ROAD,,WESTMORELAND,NH ,03467,USA,www.brookfieldservice.com,802-485-6567,"Service,Up To 600kW,Mobile/Diesel/Gas,"
10075,Industrial/Commercial Sales & Service,00010021101002,SOUTH SHORE GENERATOR INC-Quote, 2696A CRANBERRY HWY,,WAREHAM,MA ,02571,USA,,508-295-7336,"Sales,Service,Up To 600kW,Mobile/Diesel/Gas,"
10075,Industrial/Commercial Sales & Service,00010001701002,SOUTH SHORE GENERATOR INC, ,,EAST WAREHAM,MA ,02538,USA,,508-295-7336,"Financing,Sales,Service,Up To 600kW,Mobile/Diesel/Gas,"
10075,Industrial/Commercial Sales & Service,00111207431002,WARSHAUER ELECTRIC SUPPLY CO INC, 800 SHREWSBURY AVE,,TINTON FALLS,NJ ,07724,USA,www.warshauer.com,732-741-6400,"Service,"
10075,Industrial/Commercial Sales & Service,00010157021002,Mechanical Service Co, 1145 Oak St.,,Pittston,PA ,18640,USA,,570-654-2445,"Service,"
10080,Industrial/Commercial Sales & Service,00010001611002,Huntington Power, 230 Long Hill Cross Rd,,Shelton,CT ,06484,USA,www.huntingtonpower.com,203-929-3203,"Sales,Service,Up To 2MW,Mobile/Diesel/Gas,Training,Rental,"
10080,Industrial/Commercial Sales & Service,00010214161002,"R.L. KISTLER, INC.", 35 HAMILTON LANE,,GLENMONT,NY ,12077,USA,,585-436-1940,"Sales,Service,"
10080,Industrial/Commercial Sales & Service,00010214161002,"R.L. Kistler, Inc", 300 Mile Crossing Blvd.,,Rochester,NY ,14624,USA,rlkistler.com,585-436-1940,"Sales,"
10080,Industrial/Commercial Sales & Service,00010001611002,Huntington Power, 68 Enter Ln,,Islandia,NY ,11749,USA,,631-563-4943,"Sales,Service,Up To 2MW,Mobile/Diesel/Gas,"
10080,Industrial/Commercial Sales & Service,00010001611002,Huntington Power, 34 E DUDLEY TOWN RD.,,BLOOMFIELD,CT ,06002,USA,,860-289-8790,"Sales,Service,Rental,"
10080,Industrial/Commercial Sales & Service,00010214161002,"R.L. Kistler, Inc", 5615 Business Ave.,,N. Syracuse,NY ,13208,USA,,315-458-2875,"Sales,"
10080,Industrial/Commercial Sales & Service,00010214161002,"R.L. Kistler, Inc", 5615 Business Ave.,,N. Syracuse,NY ,13208,USA,,315-458-2875,"Sales,"
10080,Industrial/Commercial Sales & Service,00010208021002,Modern Group Power Systems, 2501 Durham Road,,Bristol,PA ,19007,USA,www.moderngroup.com,800-404-7291,"Sales,Service,Up To 2MW,Mobile/Diesel/Gas,Training,Rental,"
10080,Industrial/Commercial Sales & Service,00010001731002,Authorized Services Of New England, 410 Forest Street,,Marlborough,MA ,01752,USA,www.asne.com,888-890-9886,"Financing,Sales,Service,Up To 2MW,Mobile/Diesel/Gas,Training,Rental,"
10080,Industrial/Commercial Sales & Service,00010008091002,MODERN HANDLING EQUIP, 75 NEW STREET,,EDISON,NJ ,08837,USA,www.moderngroup.com,800-779-5116,"Sales,Service,Up To 2MW,Mobile/Diesel/Gas,"
10080,Industrial/Commercial Sales & Service,00010208021002,Modern Group Power Systems, 200 Allied Parkway,,West Berlin,NJ ,08091,USA,,800-404-7291,"Sales,Service,Up To 2MW,Mobile/Diesel/Gas,"
10080,Industrial/Commercial Sales & Service,00010208021002,Modern Group Power Systems, 6352 Chapmans Rd,,Allentown,PA ,18106,USA,,800-404-7291,"Sales,Service,Up To 2MW,Mobile/Diesel/Gas,"
10080,Industrial/Commercial Sales & Service,00010208021002,Modern Group Power Systems, 295 New Commerce Blvd.,,Wilkes Barre,PA ,18706,USA,,800-404-7291,"Sales,Service,Up To 2MW,Mobile/Diesel/Gas,"
10080,Industrial/Commercial Sales & Service,00010208021002,Modern Group Power Systems, 66A South Gate Blvd.,,New Castle,DE ,19720,USA,,800-404-7291,"Sales,Service,Up To 2MW,Mobile/Diesel/Gas,"
10080,Industrial/Commercial Sales & Service,00010000931002,"EMERGENCY POWER SYSTEMS, LLC", 35 HAMILTON LANE,,GLENMONT,NY ,12077,USA,,800-914-1465,"Service,Up To 2MW,Mobile/Diesel/Gas,"
10080,Industrial/Commercial Sales & Service,00010000931002,"EMERGENCY POWER SYSTEMS, LLC", 35 HAMILTON LANE,,GLENMONT,NY ,12077,USA,,800-914-1465,"Service,"
10080,Industrial/Commercial Sales & Service,00010208021002,Modern Group Power Systems, 3480 Board Road,,York,PA ,17402,USA,,800-404-7291,"Sales,Service,Up To 2MW,Mobile/Diesel/Gas,"
10080,Industrial/Commercial Sales & Service,00010001731002,AUTHORIZED SERVICES OF NEW ENGLAND, 410 FOREST STREET,,MARLBOROUGH,MA ,01752,USA,,888-890-9886,"Sales,"
10080,Industrial/Commercial Sales & Service,00010001691002,Kelly Generator & Equipment, 1955 Dale Ln,,Owings,MD ,20736,USA,www.kge.com,410-257-5225,"Sales,Service,Up To 2MW,Mobile/Diesel/Gas,Training,Rental,"
10080,Industrial/Commercial Sales & Service,00010001761002,"GENSERVE, INC.", 100 NEWTOWN RD,,PLAINVIEW,NY ,11803,USA,www.genserveinc.com,631-435-0437,"Service,"
10080,Industrial/Commercial Sales & Service,00111209521002,LONG ISLAND EMERGENCY POWER -QO, 2 Ocean Avenue,,DEER PARK,NY ,11729,USA,,631-586-7513,"Sales,"
10080,Industrial/Commercial Sales & Service,00010139211002,POWERPRO SERVICE CO. INC., 608 JOHNSON AVE. UNIT 6,,BOHEMIA,NY ,11716,USA,,631-567-2700,"Sales,Service,Up To 600kW,Mobile/Diesel/Gas,"
10080,Industrial/Commercial Sales & Service,00010134071002,PEAK POWER SYSTEMS, 99 SPRAGUE AVENUE,,MIDDLETOWN,NY ,10940,USA,www.peakpowersystems.com,845-344-1975,"Sales,Service,Up To 600kW,Mobile/Diesel/Gas,Rental,"
10080,Industrial/Commercial Sales & Service,00111209531002,HUNTINGTON POWER - LONG ISLAND, PO BOX 2040,,SHELTON,CT ,06484,USA,,631-586-7513,"Sales,"
10080,Industrial/Commercial Sales & Service,00010001761002,"GENSERVE, INC.", 115A TWINBRIDGE DR.,,PENNSAUKEN,NJ ,08110,USA,www.genserveinc.com,856-324-0459,"Service,"
10080,Industrial/Commercial Sales & Service,00111184131002,HUNTER & LOMISON, 1956 W FOURTH ST,,WILLIAMSPORT,PA ,17701,USA,www.hunterlomison.com,570-326-1764,"Sales,Service,Up To 600kW,Mobile/Diesel/Gas,Rental,"
10080,Industrial/Commercial Sales & Service,00010000881002,HUNTER & LOMISON INC., 1956 W. 4TH STREET,,WILLIAMSPORT,PA ,17701,USA,www.hunterlomison.com,570-326-1764,"Service,Up To 600kW,Mobile/Diesel/Gas,"
10080,Industrial/Commercial Sales & Service,00010001621002,BROOKFIELD SERVICE, 708 GLEBE ROAD,,WESTMORELAND,NH ,03467,USA,www.brookfieldservice.com,802-485-6567,"Service,Up To 600kW,Mobile/Diesel/Gas,"
10080,Industrial/Commercial Sales & Service,00010021101002,SOUTH SHORE GENERATOR INC-Quote, 2696A CRANBERRY HWY,,WAREHAM,MA ,02571,USA,,508-295-7336,"Sales,Service,Up To 600kW,Mobile/Diesel/Gas,"
10080,Industrial/Commercial Sales & Service,00010001701002,SOUTH SHORE GENERATOR INC, ,,EAST WAREHAM,MA ,02538,USA,,508-295-7336,"Financing,Sales,Service,Up To 600kW,Mobile/Diesel/Gas,"
10080,Industrial/Commercial Sales & Service,00111207431002,WARSHAUER ELECTRIC SUPPLY CO INC, 800 SHREWSBURY AVE,,TINTON FALLS,NJ ,07724,USA,www.warshauer.com,732-741-6400,"Service,"
10080,Industrial/Commercial Sales & Service,00010157021002,Mechanical Service Co, 1145 Oak St.,,Pittston,PA ,18640,USA,,570-654-2445,"Service,"
10081,Industrial/Commercial Sales & Service,00010001611002,Huntington Power, 230 Long Hill Cross Rd,,Shelton,CT ,06484,USA,www.huntingtonpower.com,203-929-3203,"Sales,Service,Up To 2MW,Mobile/Diesel/Gas,Training,Rental,"
10081,Industrial/Commercial Sales & Service,00010214161002,"R.L. Kistler, Inc", 300 Mile Crossing Blvd.,,Rochester,NY ,14624,USA,rlkistler.com,585-436-1940,"Sales,"
10081,Industrial/Commercial Sales & Service,00010214161002,"R.L. KISTLER, INC.", 35 HAMILTON LANE,,GLENMONT,NY ,12077,USA,,585-436-1940,"Sales,Service,"
10081,Industrial/Commercial Sales & Service,00010001611002,Huntington Power, 68 Enter Ln,,Islandia,NY ,11749,USA,,631-563-4943,"Sales,Service,Up To 2MW,Mobile/Diesel/Gas,"
10081,Industrial/Commercial Sales & Service,00010001611002,Huntington Power, 34 E DUDLEY TOWN RD.,,BLOOMFIELD,CT ,06002,USA,,860-289-8790,"Sales,Service,Rental,"
10081,Industrial/Commercial Sales & Service,00010214161002,"R.L. Kistler, Inc", 5615 Business Ave.,,N. Syracuse,NY ,13208,USA,,315-458-2875,"Sales,"
10081,Industrial/Commercial Sales & Service,00010214161002,"R.L. Kistler, Inc", 5615 Business Ave.,,N. Syracuse,NY ,13208,USA,,315-458-2875,"Sales,"
10081,Industrial/Commercial Sales & Service,00010208021002,Modern Group Power Systems, 2501 Durham Road,,Bristol,PA ,19007,USA,www.moderngroup.com,800-404-7291,"Sales,Service,Up To 2MW,Mobile/Diesel/Gas,Training,Rental,"
10081,Industrial/Commercial Sales & Service,00010001731002,Authorized Services Of New England, 410 Forest Street,,Marlborough,MA ,01752,USA,www.asne.com,888-890-9886,"Financing,Sales,Service,Up To 2MW,Mobile/Diesel/Gas,Training,Rental,"
10081,Industrial/Commercial Sales & Service,00010008091002,MODERN HANDLING EQUIP, 75 NEW STREET,,EDISON,NJ ,08837,USA,www.moderngroup.com,800-779-5116,"Sales,Service,Up To 2MW,Mobile/Diesel/Gas,"
10081,Industrial/Commercial Sales & Service,00010208021002,Modern Group Power Systems, 200 Allied Parkway,,West Berlin,NJ ,08091,USA,,800-404-7291,"Sales,Service,Up To 2MW,Mobile/Diesel/Gas,"
10081,Industrial/Commercial Sales & Service,00010208021002,Modern Group Power Systems, 6352 Chapmans Rd,,Allentown,PA ,18106,USA,,800-404-7291,"Sales,Service,Up To 2MW,Mobile/Diesel/Gas,"
10081,Industrial/Commercial Sales & Service,00010208021002,Modern Group Power Systems, 295 New Commerce Blvd.,,Wilkes Barre,PA ,18706,USA,,800-404-7291,"Sales,Service,Up To 2MW,Mobile/Diesel/Gas,"
10081,Industrial/Commercial Sales & Service,00010208021002,Modern Group Power Systems, 66A South Gate Blvd.,,New Castle,DE ,19720,USA,,800-404-7291,"Sales,Service,Up To 2MW,Mobile/Diesel/Gas,"
10081,Industrial/Commercial Sales & Service,00010000931002,"EMERGENCY POWER SYSTEMS, LLC", 35 HAMILTON LANE,,GLENMONT,NY ,12077,USA,,800-914-1465,"Service,Up To 2MW,Mobile/Diesel/Gas,"
10081,Industrial/Commercial Sales & Service,00010000931002,"EMERGENCY POWER SYSTEMS, LLC", 35 HAMILTON LANE,,GLENMONT,NY ,12077,USA,,800-914-1465,"Service,"
10081,Industrial/Commercial Sales & Service,00010208021002,Modern Group Power Systems, 3480 Board Road,,York,PA ,17402,USA,,800-404-7291,"Sales,Service,Up To 2MW,Mobile/Diesel/Gas,"
10081,Industrial/Commercial Sales & Service,00010001731002,AUTHORIZED SERVICES OF NEW ENGLAND, 410 FOREST STREET,,MARLBOROUGH,MA ,01752,USA,,888-890-9886,"Sales,"
10081,Industrial/Commercial Sales & Service,00010001691002,Kelly Generator & Equipment, 1955 Dale Ln,,Owings,MD ,20736,USA,www.kge.com,410-257-5225,"Sales,Service,Up To 2MW,Mobile/Diesel/Gas,Training,Rental,"
10081,Industrial/Commercial Sales & Service,00010001761002,"GENSERVE, INC.", 100 NEWTOWN RD,,PLAINVIEW,NY ,11803,USA,www.genserveinc.com,631-435-0437,"Service,"
10081,Industrial/Commercial Sales & Service,00111209521002,LONG ISLAND EMERGENCY POWER -QO, 2 Ocean Avenue,,DEER PARK,NY ,11729,USA,,631-586-7513,"Sales,"
10081,Industrial/Commercial Sales & Service,00010139211002,POWERPRO SERVICE CO. INC., 608 JOHNSON AVE. UNIT 6,,BOHEMIA,NY ,11716,USA,,631-567-2700,"Sales,Service,Up To 600kW,Mobile/Diesel/Gas,"
10081,Industrial/Commercial Sales & Service,00010134071002,PEAK POWER SYSTEMS, 99 SPRAGUE AVENUE,,MIDDLETOWN,NY ,10940,USA,www.peakpowersystems.com,845-344-1975,"Sales,Service,Up To 600kW,Mobile/Diesel/Gas,Rental,"
10081,Industrial/Commercial Sales & Service,00111209531002,HUNTINGTON POWER - LONG ISLAND, PO BOX 2040,,SHELTON,CT ,06484,USA,,631-586-7513,"Sales,"
10081,Industrial/Commercial Sales & Service,00010001761002,"GENSERVE, INC.", 115A TWINBRIDGE DR.,,PENNSAUKEN,NJ ,08110,USA,www.genserveinc.com,856-324-0459,"Service,"
10081,Industrial/Commercial Sales & Service,00111184131002,HUNTER & LOMISON, 1956 W FOURTH ST,,WILLIAMSPORT,PA ,17701,USA,www.hunterlomison.com,570-326-1764,"Sales,Service,Up To 600kW,Mobile/Diesel/Gas,Rental,"
10081,Industrial/Commercial Sales & Service,00010000881002,HUNTER & LOMISON INC., 1956 W. 4TH STREET,,WILLIAMSPORT,PA ,17701,USA,www.hunterlomison.com,570-326-1764,"Service,Up To 600kW,Mobile/Diesel/Gas,"
10081,Industrial/Commercial Sales & Service,00010001621002,BROOKFIELD SERVICE, 708 GLEBE ROAD,,WESTMORELAND,NH ,03467,USA,www.brookfieldservice.com,802-485-6567,"Service,Up To 600kW,Mobile/Diesel/Gas,"
10081,Industrial/Commercial Sales & Service,00010021101002,SOUTH SHORE GENERATOR INC-Quote, 2696A CRANBERRY HWY,,WAREHAM,MA ,02571,USA,,508-295-7336,"Sales,Service,Up To 600kW,Mobile/Diesel/Gas,"
10081,Industrial/Commercial Sales & Service,00010001701002,SOUTH SHORE GENERATOR INC, ,,EAST WAREHAM,MA ,02538,USA,,508-295-7336,"Financing,Sales,Service,Up To 600kW,Mobile/Diesel/Gas,"
10081,Industrial/Commercial Sales & Service,00111207431002,WARSHAUER ELECTRIC SUPPLY CO INC, 800 SHREWSBURY AVE,,TINTON FALLS,NJ ,07724,USA,www.warshauer.com,732-741-6400,"Service,"
10081,Industrial/Commercial Sales & Service,00010157021002,Mechanical Service Co, 1145 Oak St.,,Pittston,PA ,18640,USA,,570-654-2445,"Service,"
10087,Industrial/Commercial Sales & Service,00010001611002,Huntington Power, 230 Long Hill Cross Rd,,Shelton,CT ,06484,USA,www.huntingtonpower.com,203-929-3203,"Sales,Service,Up To 2MW,Mobile/Diesel/Gas,Training,Rental,"
10087,Industrial/Commercial Sales & Service,00010214161002,"R.L. KISTLER, INC.", 35 HAMILTON LANE,,GLENMONT,NY ,12077,USA,,585-436-1940,"Sales,Service,"
10087,Industrial/Commercial Sales & Service,00010214161002,"R.L. Kistler, Inc", 300 Mile Crossing Blvd.,,Rochester,NY ,14624,USA,rlkistler.com,585-436-1940,"Sales,"
10087,Industrial/Commercial Sales & Service,00010001611002,Huntington Power, 68 Enter Ln,,Islandia,NY ,11749,USA,,631-563-4943,"Sales,Service,Up To 2MW,Mobile/Diesel/Gas,"
10087,Industrial/Commercial Sales & Service,00010001611002,Huntington Power, 34 E DUDLEY TOWN RD.,,BLOOMFIELD,CT ,06002,USA,,860-289-8790,"Sales,Service,Rental,"
10087,Industrial/Commercial Sales & Service,00010214161002,"R.L. Kistler, Inc", 5615 Business Ave.,,N. Syracuse,NY ,13208,USA,,315-458-2875,"Sales,"
10087,Industrial/Commercial Sales & Service,00010214161002,"R.L. Kistler, Inc", 5615 Business Ave.,,N. Syracuse,NY ,13208,USA,,315-458-2875,"Sales,"
10087,Industrial/Commercial Sales & Service,00010208021002,Modern Group Power Systems, 2501 Durham Road,,Bristol,PA ,19007,USA,www.moderngroup.com,800-404-7291,"Sales,Service,Up To 2MW,Mobile/Diesel/Gas,Training,Rental,"
10087,Industrial/Commercial Sales & Service,00010001731002,Authorized Services Of New England, 410 Forest Street,,Marlborough,MA ,01752,USA,www.asne.com,888-890-9886,"Financing,Sales,Service,Up To 2MW,Mobile/Diesel/Gas,Training,Rental,"
10087,Industrial/Commercial Sales & Service,00010008091002,MODERN HANDLING EQUIP, 75 NEW STREET,,EDISON,NJ ,08837,USA,www.moderngroup.com,800-779-5116,"Sales,Service,Up To 2MW,Mobile/Diesel/Gas,"
10087,Industrial/Commercial Sales & Service,00010208021002,Modern Group Power Systems, 6352 Chapmans Rd,,Allentown,PA ,18106,USA,,800-404-7291,"Sales,Service,Up To 2MW,Mobile/Diesel/Gas,"
10087,Industrial/Commercial Sales & Service,00010208021002,Modern Group Power Systems, 200 Allied Parkway,,West Berlin,NJ ,08091,USA,,800-404-7291,"Sales,Service,Up To 2MW,Mobile/Diesel/Gas,"
10087,Industrial/Commercial Sales & Service,00010208021002,Modern Group Power Systems, 295 New Commerce Blvd.,,Wilkes Barre,PA ,18706,USA,,800-404-7291,"Sales,Service,Up To 2MW,Mobile/Diesel/Gas,"
10087,Industrial/Commercial Sales & Service,00010208021002,Modern Group Power Systems, 66A South Gate Blvd.,,New Castle,DE ,19720,USA,,800-404-7291,"Sales,Service,Up To 2MW,Mobile/Diesel/Gas,"
10087,Industrial/Commercial Sales & Service,00010000931002,"EMERGENCY POWER SYSTEMS, LLC", 35 HAMILTON LANE,,GLENMONT,NY ,12077,USA,,800-914-1465,"Service,Up To 2MW,Mobile/Diesel/Gas,"
10087,Industrial/Commercial Sales & Service,00010000931002,"EMERGENCY POWER SYSTEMS, LLC", 35 HAMILTON LANE,,GLENMONT,NY ,12077,USA,,800-914-1465,"Service,"
10087,Industrial/Commercial Sales & Service,00010208021002,Modern Group Power Systems, 3480 Board Road,,York,PA ,17402,USA,,800-404-7291,"Sales,Service,Up To 2MW,Mobile/Diesel/Gas,"
10087,Industrial/Commercial Sales & Service,00010001731002,AUTHORIZED SERVICES OF NEW ENGLAND, 410 FOREST STREET,,MARLBOROUGH,MA ,01752,USA,,888-890-9886,"Sales,"
10087,Industrial/Commercial Sales & Service,00010001691002,Kelly Generator & Equipment, 1955 Dale Ln,,Owings,MD ,20736,USA,www.kge.com,410-257-5225,"Sales,Service,Up To 2MW,Mobile/Diesel/Gas,Training,Rental,"
10087,Industrial/Commercial Sales & Service,00010001761002,"GENSERVE, INC.", 100 NEWTOWN RD,,PLAINVIEW,NY ,11803,USA,www.genserveinc.com,631-435-0437,"Service,"
10087,Industrial/Commercial Sales & Service,00111209521002,LONG ISLAND EMERGENCY POWER -QO, 2 Ocean Avenue,,DEER PARK,NY ,11729,USA,,631-586-7513,"Sales,"
10087,Industrial/Commercial Sales & Service,00010139211002,POWERPRO SERVICE CO. INC., 608 JOHNSON AVE. UNIT 6,,BOHEMIA,NY ,11716,USA,,631-567-2700,"Sales,Service,Up To 600kW,Mobile/Diesel/Gas,"
10087,Industrial/Commercial Sales & Service,00010134071002,PEAK POWER SYSTEMS, 99 SPRAGUE AVENUE,,MIDDLETOWN,NY ,10940,USA,www.peakpowersystems.com,845-344-1975,"Sales,Service,Up To 600kW,Mobile/Diesel/Gas,Rental,"
10087,Industrial/Commercial Sales & Service,00111209531002,HUNTINGTON POWER - LONG ISLAND, PO BOX 2040,,SHELTON,CT ,06484,USA,,631-586-7513,"Sales,"
10087,Industrial/Commercial Sales & Service,00010001761002,"GENSERVE, INC.", 115A TWINBRIDGE DR.,,PENNSAUKEN,NJ ,08110,USA,www.genserveinc.com,856-324-0459,"Service,"
10087,Industrial/Commercial Sales & Service,00111184131002,HUNTER & LOMISON, 1956 W FOURTH ST,,WILLIAMSPORT,PA ,17701,USA,www.hunterlomison.com,570-326-1764,"Sales,Service,Up To 600kW,Mobile/Diesel/Gas,Rental,"
10087,Industrial/Commercial Sales & Service,00010000881002,HUNTER & LOMISON INC., 1956 W. 4TH STREET,,WILLIAMSPORT,PA ,17701,USA,www.hunterlomison.com,570-326-1764,"Service,Up To 600kW,Mobile/Diesel/Gas,"
10087,Industrial/Commercial Sales & Service,00010001621002,BROOKFIELD SERVICE, 708 GLEBE ROAD,,WESTMORELAND,NH ,03467,USA,www.brookfieldservice.com,802-485-6567,"Service,Up To 600kW,Mobile/Diesel/Gas,"
10087,Industrial/Commercial Sales & Service,00010021101002,SOUTH SHORE GENERATOR INC-Quote, 2696A CRANBERRY HWY,,WAREHAM,MA ,02571,USA,,508-295-7336,"Sales,Service,Up To 600kW,Mobile/Diesel/Gas,"
10087,Industrial/Commercial Sales & Service,00010001701002,SOUTH SHORE GENERATOR INC, ,,EAST WAREHAM,MA ,02538,USA,,508-295-7336,"Financing,Sales,Service,Up To 600kW,Mobile/Diesel/Gas,"
10087,Industrial/Commercial Sales & Service,00111207431002,WARSHAUER ELECTRIC SUPPLY CO INC, 800 SHREWSBURY AVE,,TINTON FALLS,NJ ,07724,USA,www.warshauer.com,732-741-6400,"Service,"
10087,Industrial/Commercial Sales & Service,00010157021002,Mechanical Service Co, 1145 Oak St.,,Pittston,PA ,18640,USA,,570-654-2445,"Service,"
10090,Industrial/Commercial Sales & Service,00010001611002,Huntington Power, 230 Long Hill Cross Rd,,Shelton,CT ,06484,USA,www.huntingtonpower.com,203-929-3203,"Sales,Service,Up To 2MW,Mobile/Diesel/Gas,Training,Rental,"
10090,Industrial/Commercial Sales & Service,00010214161002,"R.L. Kistler, Inc", 300 Mile Crossing Blvd.,,Rochester,NY ,14624,USA,rlkistler.com,585-436-1940,"Sales,"
10090,Industrial/Commercial Sales & Service,00010214161002,"R.L. KISTLER, INC.", 35 HAMILTON LANE,,GLENMONT,NY ,12077,USA,,585-436-1940,"Sales,Service,"
10090,Industrial/Commercial Sales & Service,00010001611002,Huntington Power, 68 Enter Ln,,Islandia,NY ,11749,USA,,631-563-4943,"Sales,Service,Up To 2MW,Mobile/Diesel/Gas,"
10090,Industrial/Commercial Sales & Service,00010001611002,Huntington Power, 34 E DUDLEY TOWN RD.,,BLOOMFIELD,CT ,06002,USA,,860-289-8790,"Sales,Service,Rental,"
10090,Industrial/Commercial Sales & Service,00010214161002,"R.L. Kistler, Inc", 5615 Business Ave.,,N. Syracuse,NY ,13208,USA,,315-458-2875,"Sales,"
10090,Industrial/Commercial Sales & Service,00010214161002,"R.L. Kistler, Inc", 5615 Business Ave.,,N. Syracuse,NY ,13208,USA,,315-458-2875,"Sales,"
10090,Industrial/Commercial Sales & Service,00010208021002,Modern Group Power Systems, 2501 Durham Road,,Bristol,PA ,19007,USA,www.moderngroup.com,800-404-7291,"Sales,Service,Up To 2MW,Mobile/Diesel/Gas,Training,Rental,"
10090,Industrial/Commercial Sales & Service,00010001731002,Authorized Services Of New England, 410 Forest Street,,Marlborough,MA ,01752,USA,www.asne.com,888-890-9886,"Financing,Sales,Service,Up To 2MW,Mobile/Diesel/Gas,Training,Rental,"
10090,Industrial/Commercial Sales & Service,00010008091002,MODERN HANDLING EQUIP, 75 NEW STREET,,EDISON,NJ ,08837,USA,www.moderngroup.com,800-779-5116,"Sales,Service,Up To 2MW,Mobile/Diesel/Gas,"
10090,Industrial/Commercial Sales & Service,00010208021002,Modern Group Power Systems, 6352 Chapmans Rd,,Allentown,PA ,18106,USA,,800-404-7291,"Sales,Service,Up To 2MW,Mobile/Diesel/Gas,"
10090,Industrial/Commercial Sales & Service,00010208021002,Modern Group Power Systems, 200 Allied Parkway,,West Berlin,NJ ,08091,USA,,800-404-7291,"Sales,Service,Up To 2MW,Mobile/Diesel/Gas,"
10090,Industrial/Commercial Sales & Service,00010208021002,Modern Group Power Systems, 295 New Commerce Blvd.,,Wilkes Barre,PA ,18706,USA,,800-404-7291,"Sales,Service,Up To 2MW,Mobile/Diesel/Gas,"
10090,Industrial/Commercial Sales & Service,00010208021002,Modern Group Power Systems, 66A South Gate Blvd.,,New Castle,DE ,19720,USA,,800-404-7291,"Sales,Service,Up To 2MW,Mobile/Diesel/Gas,"
10090,Industrial/Commercial Sales & Service,00010000931002,"EMERGENCY POWER SYSTEMS, LLC", 35 HAMILTON LANE,,GLENMONT,NY ,12077,USA,,800-914-1465,"Service,Up To 2MW,Mobile/Diesel/Gas,"
10090,Industrial/Commercial Sales & Service,00010000931002,"EMERGENCY POWER SYSTEMS, LLC", 35 HAMILTON LANE,,GLENMONT,NY ,12077,USA,,800-914-1465,"Service,"
10090,Industrial/Commercial Sales & Service,00010208021002,Modern Group Power Systems, 3480 Board Road,,York,PA ,17402,USA,,800-404-7291,"Sales,Service,Up To 2MW,Mobile/Diesel/Gas,"
10090,Industrial/Commercial Sales & Service,00010001731002,AUTHORIZED SERVICES OF NEW ENGLAND, 410 FOREST STREET,,MARLBOROUGH,MA ,01752,USA,,888-890-9886,"Sales,"
10090,Industrial/Commercial Sales & Service,00010001691002,Kelly Generator & Equipment, 1955 Dale Ln,,Owings,MD ,20736,USA,www.kge.com,410-257-5225,"Sales,Service,Up To 2MW,Mobile/Diesel/Gas,Training,Rental,"
10090,Industrial/Commercial Sales & Service,00010001761002,"GENSERVE, INC.", 100 NEWTOWN RD,,PLAINVIEW,NY ,11803,USA,www.genserveinc.com,631-435-0437,"Service,"
10090,Industrial/Commercial Sales & Service,00111209521002,LONG ISLAND EMERGENCY POWER -QO, 2 Ocean Avenue,,DEER PARK,NY ,11729,USA,,631-586-7513,"Sales,"
10090,Industrial/Commercial Sales & Service,00010139211002,POWERPRO SERVICE CO. INC., 608 JOHNSON AVE. UNIT 6,,BOHEMIA,NY ,11716,USA,,631-567-2700,"Sales,Service,Up To 600kW,Mobile/Diesel/Gas,"
10090,Industrial/Commercial Sales & Service,00010134071002,PEAK POWER SYSTEMS, 99 SPRAGUE AVENUE,,MIDDLETOWN,NY ,10940,USA,www.peakpowersystems.com,845-344-1975,"Sales,Service,Up To 600kW,Mobile/Diesel/Gas,Rental,"
10090,Industrial/Commercial Sales & Service,00111209531002,HUNTINGTON POWER - LONG ISLAND, PO BOX 2040,,SHELTON,CT ,06484,USA,,631-586-7513,"Sales,"
10090,Industrial/Commercial Sales & Service,00010001761002,"GENSERVE, INC.", 115A TWINBRIDGE DR.,,PENNSAUKEN,NJ ,08110,USA,www.genserveinc.com,856-324-0459,"Service,"
10090,Industrial/Commercial Sales & Service,00111184131002,HUNTER & LOMISON, 1956 W FOURTH ST,,WILLIAMSPORT,PA ,17701,USA,www.hunterlomison.com,570-326-1764,"Sales,Service,Up To 600kW,Mobile/Diesel/Gas,Rental,"
10090,Industrial/Commercial Sales & Service,00010000881002,HUNTER & LOMISON INC., 1956 W. 4TH STREET,,WILLIAMSPORT,PA ,17701,USA,www.hunterlomison.com,570-326-1764,"Service,Up To 600kW,Mobile/Diesel/Gas,"
10090,Industrial/Commercial Sales & Service,00010001621002,BROOKFIELD SERVICE, 708 GLEBE ROAD,,WESTMORELAND,NH ,03467,USA,www.brookfieldservice.com,802-485-6567,"Service,Up To 600kW,Mobile/Diesel/Gas,"
10090,Industrial/Commercial Sales & Service,00010021101002,SOUTH SHORE GENERATOR INC-Quote, 2696A CRANBERRY HWY,,WAREHAM,MA ,02571,USA,,508-295-7336,"Sales,Service,Up To 600kW,Mobile/Diesel/Gas,"
10090,Industrial/Commercial Sales & Service,00010001701002,SOUTH SHORE GENERATOR INC, ,,EAST WAREHAM,MA ,02538,USA,,508-295-7336,"Financing,Sales,Service,Up To 600kW,Mobile/Diesel/Gas,"
10090,Industrial/Commercial Sales & Service,00111207431002,WARSHAUER ELECTRIC SUPPLY CO INC, 800 SHREWSBURY AVE,,TINTON FALLS,NJ ,07724,USA,www.warshauer.com,732-741-6400,"Service,"
10090,Industrial/Commercial Sales & Service,00010157021002,Mechanical Service Co, 1145 Oak St.,,Pittston,PA ,18640,USA,,570-654-2445,"Service,"
10095,Industrial/Commercial Sales & Service,00010001611002,Huntington Power, 230 Long Hill Cross Rd,,Shelton,CT ,06484,USA,www.huntingtonpower.com,203-929-3203,"Sales,Service,Up To 2MW,Mobile/Diesel/Gas,Training,Rental,"
10095,Industrial/Commercial Sales & Service,00010214161002,"R.L. KISTLER, INC.", 35 HAMILTON LANE,,GLENMONT,NY ,12077,USA,,585-436-1940,"Sales,Service,"
10095,Industrial/Commercial Sales & Service,00010214161002,"R.L. Kistler, Inc", 300 Mile Crossing Blvd.,,Rochester,NY ,14624,USA,rlkistler.com,585-436-1940,"Sales,"
10095,Industrial/Commercial Sales & Service,00010001611002,Huntington Power, 68 Enter Ln,,Islandia,NY ,11749,USA,,631-563-4943,"Sales,Service,Up To 2MW,Mobile/Diesel/Gas,"
10095,Industrial/Commercial Sales & Service,00010001611002,Huntington Power, 34 E DUDLEY TOWN RD.,,BLOOMFIELD,CT ,06002,USA,,860-289-8790,"Sales,Service,Rental,"
10095,Industrial/Commercial Sales & Service,00010214161002,"R.L. Kistler, Inc", 5615 Business Ave.,,N. Syracuse,NY ,13208,USA,,315-458-2875,"Sales,"
10095,Industrial/Commercial Sales & Service,00010214161002,"R.L. Kistler, Inc", 5615 Business Ave.,,N. Syracuse,NY ,13208,USA,,315-458-2875,"Sales,"
10095,Industrial/Commercial Sales & Service,00010208021002,Modern Group Power Systems, 2501 Durham Road,,Bristol,PA ,19007,USA,www.moderngroup.com,800-404-7291,"Sales,Service,Up To 2MW,Mobile/Diesel/Gas,Training,Rental,"
10095,Industrial/Commercial Sales & Service,00010001731002,Authorized Services Of New England, 410 Forest Street,,Marlborough,MA ,01752,USA,www.asne.com,888-890-9886,"Financing,Sales,Service,Up To 2MW,Mobile/Diesel/Gas,Training,Rental,"
10095,Industrial/Commercial Sales & Service,00010008091002,MODERN HANDLING EQUIP, 75 NEW STREET,,EDISON,NJ ,08837,USA,www.moderngroup.com,800-779-5116,"Sales,Service,Up To 2MW,Mobile/Diesel/Gas,"
10095,Industrial/Commercial Sales & Service,00010208021002,Modern Group Power Systems, 6352 Chapmans Rd,,Allentown,PA ,18106,USA,,800-404-7291,"Sales,Service,Up To 2MW,Mobile/Diesel/Gas,"
10095,Industrial/Commercial Sales & Service,00010208021002,Modern Group Power Systems, 200 Allied Parkway,,West Berlin,NJ ,08091,USA,,800-404-7291,"Sales,Service,Up To 2MW,Mobile/Diesel/Gas,"
10095,Industrial/Commercial Sales & Service,00010208021002,Modern Group Power Systems, 295 New Commerce Blvd.,,Wilkes Barre,PA ,18706,USA,,800-404-7291,"Sales,Service,Up To 2MW,Mobile/Diesel/Gas,"
10095,Industrial/Commercial Sales & Service,00010208021002,Modern Group Power Systems, 66A South Gate Blvd.,,New Castle,DE ,19720,USA,,800-404-7291,"Sales,Service,Up To 2MW,Mobile/Diesel/Gas,"
10095,Industrial/Commercial Sales & Service,00010000931002,"EMERGENCY POWER SYSTEMS, LLC", 35 HAMILTON LANE,,GLENMONT,NY ,12077,USA,,800-914-1465,"Service,Up To 2MW,Mobile/Diesel/Gas,"
10095,Industrial/Commercial Sales & Service,00010000931002,"EMERGENCY POWER SYSTEMS, LLC", 35 HAMILTON LANE,,GLENMONT,NY ,12077,USA,,800-914-1465,"Service,"
10095,Industrial/Commercial Sales & Service,00010208021002,Modern Group Power Systems, 3480 Board Road,,York,PA ,17402,USA,,800-404-7291,"Sales,Service,Up To 2MW,Mobile/Diesel/Gas,"
10095,Industrial/Commercial Sales & Service,00010001731002,AUTHORIZED SERVICES OF NEW ENGLAND, 410 FOREST STREET,,MARLBOROUGH,MA ,01752,USA,,888-890-9886,"Sales,"
10095,Industrial/Commercial Sales & Service,00010001691002,Kelly Generator & Equipment, 1955 Dale Ln,,Owings,MD ,20736,USA,www.kge.com,410-257-5225,"Sales,Service,Up To 2MW,Mobile/Diesel/Gas,Training,Rental,"
10095,Industrial/Commercial Sales & Service,00010001761002,"GENSERVE, INC.", 100 NEWTOWN RD,,PLAINVIEW,NY ,11803,USA,www.genserveinc.com,631-435-0437,"Service,"
10095,Industrial/Commercial Sales & Service,00111209521002,LONG ISLAND EMERGENCY POWER -QO, 2 Ocean Avenue,,DEER PARK,NY ,11729,USA,,631-586-7513,"Sales,"
10095,Industrial/Commercial Sales & Service,00010139211002,POWERPRO SERVICE CO. INC., 608 JOHNSON AVE. UNIT 6,,BOHEMIA,NY ,11716,USA,,631-567-2700,"Sales,Service,Up To 600kW,Mobile/Diesel/Gas,"
10095,Industrial/Commercial Sales & Service,00010134071002,PEAK POWER SYSTEMS, 99 SPRAGUE AVENUE,,MIDDLETOWN,NY ,10940,USA,www.peakpowersystems.com,845-344-1975,"Sales,Service,Up To 600kW,Mobile/Diesel/Gas,Rental,"
10095,Industrial/Commercial Sales & Service,00111209531002,HUNTINGTON POWER - LONG ISLAND, PO BOX 2040,,SHELTON,CT ,06484,USA,,631-586-7513,"Sales,"
10095,Industrial/Commercial Sales & Service,00010001761002,"GENSERVE, INC.", 115A TWINBRIDGE DR.,,PENNSAUKEN,NJ ,08110,USA,www.genserveinc.com,856-324-0459,"Service,"
10095,Industrial/Commercial Sales & Service,00111184131002,HUNTER & LOMISON, 1956 W FOURTH ST,,WILLIAMSPORT,PA ,17701,USA,www.hunterlomison.com,570-326-1764,"Sales,Service,Up To 600kW,Mobile/Diesel/Gas,Rental,"
10095,Industrial/Commercial Sales & Service,00010000881002,HUNTER & LOMISON INC., 1956 W. 4TH STREET,,WILLIAMSPORT,PA ,17701,USA,www.hunterlomison.com,570-326-1764,"Service,Up To 600kW,Mobile/Diesel/Gas,"
10095,Industrial/Commercial Sales & Service,00010001621002,BROOKFIELD SERVICE, 708 GLEBE ROAD,,WESTMORELAND,NH ,03467,USA,www.brookfieldservice.com,802-485-6567,"Service,Up To 600kW,Mobile/Diesel/Gas,"
10095,Industrial/Commercial Sales & Service,00010021101002,SOUTH SHORE GENERATOR INC-Quote, 2696A CRANBERRY HWY,,WAREHAM,MA ,02571,USA,,508-295-7336,"Sales,Service,Up To 600kW,Mobile/Diesel/Gas,"
10095,Industrial/Commercial Sales & Service,00010001701002,SOUTH SHORE GENERATOR INC, ,,EAST WAREHAM,MA ,02538,USA,,508-295-7336,"Financing,Sales,Service,Up To 600kW,Mobile/Diesel/Gas,"
10095,Industrial/Commercial Sales & Service,00111207431002,WARSHAUER ELECTRIC SUPPLY CO INC, 800 SHREWSBURY AVE,,TINTON FALLS,NJ ,07724,USA,www.warshauer.com,732-741-6400,"Service,"
10095,Industrial/Commercial Sales & Service,00010157021002,Mechanical Service Co, 1145 Oak St.,,Pittston,PA ,18640,USA,,570-654-2445,"Service,"
10101,Industrial/Commercial Sales & Service,00010214161002,"R.L. KISTLER, INC.", 35 HAMILTON LANE,,GLENMONT,NY ,12077,USA,,585-436-1940,"Sales,Service,"
10101,Industrial/Commercial Sales & Service,00010214161002,"R.L. Kistler, Inc", 300 Mile Crossing Blvd.,,Rochester,NY ,14624,USA,rlkistler.com,585-436-1940,"Sales,"
10101,Industrial/Commercial Sales & Service,00010001611002,Huntington Power, 230 Long Hill Cross Rd,,Shelton,CT ,06484,USA,www.huntingtonpower.com,203-929-3203,"Sales,Service,Up To 2MW,Mobile/Diesel/Gas,Training,Rental,"
10101,Industrial/Commercial Sales & Service,00010214161002,"R.L. Kistler, Inc", 5615 Business Ave.,,N. Syracuse,NY ,13208,USA,,315-458-2875,"Sales,"
10101,Industrial/Commercial Sales & Service,00010214161002,"R.L. Kistler, Inc", 5615 Business Ave.,,N. Syracuse,NY ,13208,USA,,315-458-2875,"Sales,"
10101,Industrial/Commercial Sales & Service,00010001611002,Huntington Power, 68 Enter Ln,,Islandia,NY ,11749,USA,,631-563-4943,"Sales,Service,Up To 2MW,Mobile/Diesel/Gas,"
10101,Industrial/Commercial Sales & Service,00010001611002,Huntington Power, 34 E DUDLEY TOWN RD.,,BLOOMFIELD,CT ,06002,USA,,860-289-8790,"Sales,Service,Rental,"
10101,Industrial/Commercial Sales & Service,00010208021002,Modern Group Power Systems, 2501 Durham Road,,Bristol,PA ,19007,USA,www.moderngroup.com,800-404-7291,"Sales,Service,Up To 2MW,Mobile/Diesel/Gas,Training,Rental,"
10101,Industrial/Commercial Sales & Service,00010001731002,Authorized Services Of New England, 410 Forest Street,,Marlborough,MA ,01752,USA,www.asne.com,888-890-9886,"Financing,Sales,Service,Up To 2MW,Mobile/Diesel/Gas,Training,Rental,"
10101,Industrial/Commercial Sales & Service,00010008091002,MODERN HANDLING EQUIP, 75 NEW STREET,,EDISON,NJ ,08837,USA,www.moderngroup.com,800-779-5116,"Sales,Service,Up To 2MW,Mobile/Diesel/Gas,"
10101,Industrial/Commercial Sales & Service,00010208021002,Modern Group Power Systems, 6352 Chapmans Rd,,Allentown,PA ,18106,USA,,800-404-7291,"Sales,Service,Up To 2MW,Mobile/Diesel/Gas,"
10101,Industrial/Commercial Sales & Service,00010208021002,Modern Group Power Systems, 200 Allied Parkway,,West Berlin,NJ ,08091,USA,,800-404-7291,"Sales,Service,Up To 2MW,Mobile/Diesel/Gas,"
10101,Industrial/Commercial Sales & Service,00010208021002,Modern Group Power Systems, 295 New Commerce Blvd.,,Wilkes Barre,PA ,18706,USA,,800-404-7291,"Sales,Service,Up To 2MW,Mobile/Diesel/Gas,"
10101,Industrial/Commercial Sales & Service,00010208021002,Modern Group Power Systems, 66A South Gate Blvd.,,New Castle,DE ,19720,USA,,800-404-7291,"Sales,Service,Up To 2MW,Mobile/Diesel/Gas,"
10101,Industrial/Commercial Sales & Service,00010000931002,"EMERGENCY POWER SYSTEMS, LLC", 35 HAMILTON LANE,,GLENMONT,NY ,12077,USA,,800-914-1465,"Service,Up To 2MW,Mobile/Diesel/Gas,"
10101,Industrial/Commercial Sales & Service,00010000931002,"EMERGENCY POWER SYSTEMS, LLC", 35 HAMILTON LANE,,GLENMONT,NY ,12077,USA,,800-914-1465,"Service,"
10101,Industrial/Commercial Sales & Service,00010208021002,Modern Group Power Systems, 3480 Board Road,,York,PA ,17402,USA,,800-404-7291,"Sales,Service,Up To 2MW,Mobile/Diesel/Gas,"
10101,Industrial/Commercial Sales & Service,00010001731002,AUTHORIZED SERVICES OF NEW ENGLAND, 410 FOREST STREET,,MARLBOROUGH,MA ,01752,USA,,888-890-9886,"Sales,"
10101,Industrial/Commercial Sales & Service,00010001691002,Kelly Generator & Equipment, 1955 Dale Ln,,Owings,MD ,20736,USA,www.kge.com,410-257-5225,"Sales,Service,Up To 2MW,Mobile/Diesel/Gas,Training,Rental,"
10101,Industrial/Commercial Sales & Service,00010001761002,"GENSERVE, INC.", 100 NEWTOWN RD,,PLAINVIEW,NY ,11803,USA,www.genserveinc.com,631-435-0437,"Service,"
10101,Industrial/Commercial Sales & Service,00111209521002,LONG ISLAND EMERGENCY POWER -QO, 2 Ocean Avenue,,DEER PARK,NY ,11729,USA,,631-586-7513,"Sales,"
10101,Industrial/Commercial Sales & Service,00010139211002,POWERPRO SERVICE CO. INC., 608 JOHNSON AVE. UNIT 6,,BOHEMIA,NY ,11716,USA,,631-567-2700,"Sales,Service,Up To 600kW,Mobile/Diesel/Gas,"
10101,Industrial/Commercial Sales & Service,00010134071002,PEAK POWER SYSTEMS, 99 SPRAGUE AVENUE,,MIDDLETOWN,NY ,10940,USA,www.peakpowersystems.com,845-344-1975,"Sales,Service,Up To 600kW,Mobile/Diesel/Gas,Rental,"
10101,Industrial/Commercial Sales & Service,00111209531002,HUNTINGTON POWER - LONG ISLAND, PO BOX 2040,,SHELTON,CT ,06484,USA,,631-586-7513,"Sales,"
10101,Industrial/Commercial Sales & Service,00010001761002,"GENSERVE, INC.", 115A TWINBRIDGE DR.,,PENNSAUKEN,NJ ,08110,USA,www.genserveinc.com,856-324-0459,"Service,"
10101,Industrial/Commercial Sales & Service,00111184131002,HUNTER & LOMISON, 1956 W FOURTH ST,,WILLIAMSPORT,PA ,17701,USA,www.hunterlomison.com,570-326-1764,"Sales,Service,Up To 600kW,Mobile/Diesel/Gas,Rental,"
10101,Industrial/Commercial Sales & Service,00010000881002,HUNTER & LOMISON INC., 1956 W. 4TH STREET,,WILLIAMSPORT,PA ,17701,USA,www.hunterlomison.com,570-326-1764,"Service,Up To 600kW,Mobile/Diesel/Gas,"
10101,Industrial/Commercial Sales & Service,00010001621002,BROOKFIELD SERVICE, 708 GLEBE ROAD,,WESTMORELAND,NH ,03467,USA,www.brookfieldservice.com,802-485-6567,"Service,Up To 600kW,Mobile/Diesel/Gas,"
10101,Industrial/Commercial Sales & Service,00010021101002,SOUTH SHORE GENERATOR INC-Quote, 2696A CRANBERRY HWY,,WAREHAM,MA ,02571,USA,,508-295-7336,"Sales,Service,Up To 600kW,Mobile/Diesel/Gas,"
10101,Industrial/Commercial Sales & Service,00010001701002,SOUTH SHORE GENERATOR INC, ,,EAST WAREHAM,MA ,02538,USA,,508-295-7336,"Financing,Sales,Service,Up To 600kW,Mobile/Diesel/Gas,"
10101,Industrial/Commercial Sales & Service,00111207431002,WARSHAUER ELECTRIC SUPPLY CO INC, 800 SHREWSBURY AVE,,TINTON FALLS,NJ ,07724,USA,www.warshauer.com,732-741-6400,"Service,"
10101,Industrial/Commercial Sales & Service,00010157021002,Mechanical Service Co, 1145 Oak St.,,Pittston,PA ,18640,USA,,570-654-2445,"Service,"
10102,Industrial/Commercial Sales & Service,00010001611002,Huntington Power, 230 Long Hill Cross Rd,,Shelton,CT ,06484,USA,www.huntingtonpower.com,203-929-3203,"Sales,Service,Up To 2MW,Mobile/Diesel/Gas,Training,Rental,"
10102,Industrial/Commercial Sales & Service,00010214161002,"R.L. Kistler, Inc", 300 Mile Crossing Blvd.,,Rochester,NY ,14624,USA,rlkistler.com,585-436-1940,"Sales,"
10102,Industrial/Commercial Sales & Service,00010214161002,"R.L. KISTLER, INC.", 35 HAMILTON LANE,,GLENMONT,NY ,12077,USA,,585-436-1940,"Sales,Service,"
10102,Industrial/Commercial Sales & Service,00010001611002,Huntington Power, 68 Enter Ln,,Islandia,NY ,11749,USA,,631-563-4943,"Sales,Service,Up To 2MW,Mobile/Diesel/Gas,"
10102,Industrial/Commercial Sales & Service,00010001611002,Huntington Power, 34 E DUDLEY TOWN RD.,,BLOOMFIELD,CT ,06002,USA,,860-289-8790,"Sales,Service,Rental,"
10102,Industrial/Commercial Sales & Service,00010214161002,"R.L. Kistler, Inc", 5615 Business Ave.,,N. Syracuse,NY ,13208,USA,,315-458-2875,"Sales,"
10102,Industrial/Commercial Sales & Service,00010214161002,"R.L. Kistler, Inc", 5615 Business Ave.,,N. Syracuse,NY ,13208,USA,,315-458-2875,"Sales,"
10102,Industrial/Commercial Sales & Service,00010208021002,Modern Group Power Systems, 2501 Durham Road,,Bristol,PA ,19007,USA,www.moderngroup.com,800-404-7291,"Sales,Service,Up To 2MW,Mobile/Diesel/Gas,Training,Rental,"
10102,Industrial/Commercial Sales & Service,00010001731002,Authorized Services Of New England, 410 Forest Street,,Marlborough,MA ,01752,USA,www.asne.com,888-890-9886,"Financing,Sales,Service,Up To 2MW,Mobile/Diesel/Gas,Training,Rental,"
10102,Industrial/Commercial Sales & Service,00010008091002,MODERN HANDLING EQUIP, 75 NEW STREET,,EDISON,NJ ,08837,USA,www.moderngroup.com,800-779-5116,"Sales,Service,Up To 2MW,Mobile/Diesel/Gas,"
10102,Industrial/Commercial Sales & Service,00010208021002,Modern Group Power Systems, 6352 Chapmans Rd,,Allentown,PA ,18106,USA,,800-404-7291,"Sales,Service,Up To 2MW,Mobile/Diesel/Gas,"
10102,Industrial/Commercial Sales & Service,00010208021002,Modern Group Power Systems, 200 Allied Parkway,,West Berlin,NJ ,08091,USA,,800-404-7291,"Sales,Service,Up To 2MW,Mobile/Diesel/Gas,"
10102,Industrial/Commercial Sales & Service,00010208021002,Modern Group Power Systems, 295 New Commerce Blvd.,,Wilkes Barre,PA ,18706,USA,,800-404-7291,"Sales,Service,Up To 2MW,Mobile/Diesel/Gas,"
10102,Industrial/Commercial Sales & Service,00010208021002,Modern Group Power Systems, 66A South Gate Blvd.,,New Castle,DE ,19720,USA,,800-404-7291,"Sales,Service,Up To 2MW,Mobile/Diesel/Gas,"
10102,Industrial/Commercial Sales & Service,00010000931002,"EMERGENCY POWER SYSTEMS, LLC", 35 HAMILTON LANE,,GLENMONT,NY ,12077,USA,,800-914-1465,"Service,Up To 2MW,Mobile/Diesel/Gas,"
10102,Industrial/Commercial Sales & Service,00010000931002,"EMERGENCY POWER SYSTEMS, LLC", 35 HAMILTON LANE,,GLENMONT,NY ,12077,USA,,800-914-1465,"Service,"
10102,Industrial/Commercial Sales & Service,00010208021002,Modern Group Power Systems, 3480 Board Road,,York,PA ,17402,USA,,800-404-7291,"Sales,Service,Up To 2MW,Mobile/Diesel/Gas,"
10102,Industrial/Commercial Sales & Service,00010001731002,AUTHORIZED SERVICES OF NEW ENGLAND, 410 FOREST STREET,,MARLBOROUGH,MA ,01752,USA,,888-890-9886,"Sales,"
10102,Industrial/Commercial Sales & Service,00010001691002,Kelly Generator & Equipment, 1955 Dale Ln,,Owings,MD ,20736,USA,www.kge.com,410-257-5225,"Sales,Service,Up To 2MW,Mobile/Diesel/Gas,Training,Rental,"
10102,Industrial/Commercial Sales & Service,00010001761002,"GENSERVE, INC.", 100 NEWTOWN RD,,PLAINVIEW,NY ,11803,USA,www.genserveinc.com,631-435-0437,"Service,"
10102,Industrial/Commercial Sales & Service,00111209521002,LONG ISLAND EMERGENCY POWER -QO, 2 Ocean Avenue,,DEER PARK,NY ,11729,USA,,631-586-7513,"Sales,"
10102,Industrial/Commercial Sales & Service,00010139211002,POWERPRO SERVICE CO. INC., 608 JOHNSON AVE. UNIT 6,,BOHEMIA,NY ,11716,USA,,631-567-2700,"Sales,Service,Up To 600kW,Mobile/Diesel/Gas,"
10102,Industrial/Commercial Sales & Service,00010134071002,PEAK POWER SYSTEMS, 99 SPRAGUE AVENUE,,MIDDLETOWN,NY ,10940,USA,www.peakpowersystems.com,845-344-1975,"Sales,Service,Up To 600kW,Mobile/Diesel/Gas,Rental,"
10102,Industrial/Commercial Sales & Service,00111209531002,HUNTINGTON POWER - LONG ISLAND, PO BOX 2040,,SHELTON,CT ,06484,USA,,631-586-7513,"Sales,"
10102,Industrial/Commercial Sales & Service,00010001761002,"GENSERVE, INC.", 115A TWINBRIDGE DR.,,PENNSAUKEN,NJ ,08110,USA,www.genserveinc.com,856-324-0459,"Service,"
10102,Industrial/Commercial Sales & Service,00111184131002,HUNTER & LOMISON, 1956 W FOURTH ST,,WILLIAMSPORT,PA ,17701,USA,www.hunterlomison.com,570-326-1764,"Sales,Service,Up To 600kW,Mobile/Diesel/Gas,Rental,"
10102,Industrial/Commercial Sales & Service,00010000881002,HUNTER & LOMISON INC., 1956 W. 4TH STREET,,WILLIAMSPORT,PA ,17701,USA,www.hunterlomison.com,570-326-1764,"Service,Up To 600kW,Mobile/Diesel/Gas,"
10102,Industrial/Commercial Sales & Service,00010001621002,BROOKFIELD SERVICE, 708 GLEBE ROAD,,WESTMORELAND,NH ,03467,USA,www.brookfieldservice.com,802-485-6567,"Service,Up To 600kW,Mobile/Diesel/Gas,"
10102,Industrial/Commercial Sales & Service,00010021101002,SOUTH SHORE GENERATOR INC-Quote, 2696A CRANBERRY HWY,,WAREHAM,MA ,02571,USA,,508-295-7336,"Sales,Service,Up To 600kW,Mobile/Diesel/Gas,"
10102,Industrial/Commercial Sales & Service,00010001701002,SOUTH SHORE GENERATOR INC, ,,EAST WAREHAM,MA ,02538,USA,,508-295-7336,"Financing,Sales,Service,Up To 600kW,Mobile/Diesel/Gas,"
10102,Industrial/Commercial Sales & Service,00111207431002,WARSHAUER ELECTRIC SUPPLY CO INC, 800 SHREWSBURY AVE,,TINTON FALLS,NJ ,07724,USA,www.warshauer.com,732-741-6400,"Service,"
10102,Industrial/Commercial Sales & Service,00010157021002,Mechanical Service Co, 1145 Oak St.,,Pittston,PA ,18640,USA,,570-654-2445,"Service,"
10103,Industrial/Commercial Sales & Service,00010214161002,"R.L. Kistler, Inc", 300 Mile Crossing Blvd.,,Rochester,NY ,14624,USA,rlkistler.com,585-436-1940,"Sales,"
10103,Industrial/Commercial Sales & Service,00010214161002,"R.L. KISTLER, INC.", 35 HAMILTON LANE,,GLENMONT,NY ,12077,USA,,585-436-1940,"Sales,Service,"
10103,Industrial/Commercial Sales & Service,00010001611002,Huntington Power, 230 Long Hill Cross Rd,,Shelton,CT ,06484,USA,www.huntingtonpower.com,203-929-3203,"Sales,Service,Up To 2MW,Mobile/Diesel/Gas,Training,Rental,"
10103,Industrial/Commercial Sales & Service,00010214161002,"R.L. Kistler, Inc", 5615 Business Ave.,,N. Syracuse,NY ,13208,USA,,315-458-2875,"Sales,"
10103,Industrial/Commercial Sales & Service,00010214161002,"R.L. Kistler, Inc", 5615 Business Ave.,,N. Syracuse,NY ,13208,USA,,315-458-2875,"Sales,"
10103,Industrial/Commercial Sales & Service,00010001611002,Huntington Power, 68 Enter Ln,,Islandia,NY ,11749,USA,,631-563-4943,"Sales,Service,Up To 2MW,Mobile/Diesel/Gas,"
10103,Industrial/Commercial Sales & Service,00010001611002,Huntington Power, 34 E DUDLEY TOWN RD.,,BLOOMFIELD,CT ,06002,USA,,860-289-8790,"Sales,Service,Rental,"
10103,Industrial/Commercial Sales & Service,00010208021002,Modern Group Power Systems, 2501 Durham Road,,Bristol,PA ,19007,USA,www.moderngroup.com,800-404-7291,"Sales,Service,Up To 2MW,Mobile/Diesel/Gas,Training,Rental,"
10103,Industrial/Commercial Sales & Service,00010001731002,Authorized Services Of New England, 410 Forest Street,,Marlborough,MA ,01752,USA,www.asne.com,888-890-9886,"Financing,Sales,Service,Up To 2MW,Mobile/Diesel/Gas,Training,Rental,"
10103,Industrial/Commercial Sales & Service,00010008091002,MODERN HANDLING EQUIP, 75 NEW STREET,,EDISON,NJ ,08837,USA,www.moderngroup.com,800-779-5116,"Sales,Service,Up To 2MW,Mobile/Diesel/Gas,"
10103,Industrial/Commercial Sales & Service,00010208021002,Modern Group Power Systems, 6352 Chapmans Rd,,Allentown,PA ,18106,USA,,800-404-7291,"Sales,Service,Up To 2MW,Mobile/Diesel/Gas,"
10103,Industrial/Commercial Sales & Service,00010208021002,Modern Group Power Systems, 200 Allied Parkway,,West Berlin,NJ ,08091,USA,,800-404-7291,"Sales,Service,Up To 2MW,Mobile/Diesel/Gas,"
10103,Industrial/Commercial Sales & Service,00010208021002,Modern Group Power Systems, 295 New Commerce Blvd.,,Wilkes Barre,PA ,18706,USA,,800-404-7291,"Sales,Service,Up To 2MW,Mobile/Diesel/Gas,"
10103,Industrial/Commercial Sales & Service,00010208021002,Modern Group Power Systems, 66A South Gate Blvd.,,New Castle,DE ,19720,USA,,800-404-7291,"Sales,Service,Up To 2MW,Mobile/Diesel/Gas,"
10103,Industrial/Commercial Sales & Service,00010000931002,"EMERGENCY POWER SYSTEMS, LLC", 35 HAMILTON LANE,,GLENMONT,NY ,12077,USA,,800-914-1465,"Service,Up To 2MW,Mobile/Diesel/Gas,"
10103,Industrial/Commercial Sales & Service,00010000931002,"EMERGENCY POWER SYSTEMS, LLC", 35 HAMILTON LANE,,GLENMONT,NY ,12077,USA,,800-914-1465,"Service,"
10103,Industrial/Commercial Sales & Service,00010208021002,Modern Group Power Systems, 3480 Board Road,,York,PA ,17402,USA,,800-404-7291,"Sales,Service,Up To 2MW,Mobile/Diesel/Gas,"
10103,Industrial/Commercial Sales & Service,00010001731002,AUTHORIZED SERVICES OF NEW ENGLAND, 410 FOREST STREET,,MARLBOROUGH,MA ,01752,USA,,888-890-9886,"Sales,"
10103,Industrial/Commercial Sales & Service,00010001691002,Kelly Generator & Equipment, 1955 Dale Ln,,Owings,MD ,20736,USA,www.kge.com,410-257-5225,"Sales,Service,Up To 2MW,Mobile/Diesel/Gas,Training,Rental,"
10103,Industrial/Commercial Sales & Service,00010001761002,"GENSERVE, INC.", 100 NEWTOWN RD,,PLAINVIEW,NY ,11803,USA,www.genserveinc.com,631-435-0437,"Service,"
10103,Industrial/Commercial Sales & Service,00111209521002,LONG ISLAND EMERGENCY POWER -QO, 2 Ocean Avenue,,DEER PARK,NY ,11729,USA,,631-586-7513,"Sales,"
10103,Industrial/Commercial Sales & Service,00010139211002,POWERPRO SERVICE CO. INC., 608 JOHNSON AVE. UNIT 6,,BOHEMIA,NY ,11716,USA,,631-567-2700,"Sales,Service,Up To 600kW,Mobile/Diesel/Gas,"
10103,Industrial/Commercial Sales & Service,00010134071002,PEAK POWER SYSTEMS, 99 SPRAGUE AVENUE,,MIDDLETOWN,NY ,10940,USA,www.peakpowersystems.com,845-344-1975,"Sales,Service,Up To 600kW,Mobile/Diesel/Gas,Rental,"
10103,Industrial/Commercial Sales & Service,00111209531002,HUNTINGTON POWER - LONG ISLAND, PO BOX 2040,,SHELTON,CT ,06484,USA,,631-586-7513,"Sales,"
10103,Industrial/Commercial Sales & Service,00010001761002,"GENSERVE, INC.", 115A TWINBRIDGE DR.,,PENNSAUKEN,NJ ,08110,USA,www.genserveinc.com,856-324-0459,"Service,"
10103,Industrial/Commercial Sales & Service,00111184131002,HUNTER & LOMISON, 1956 W FOURTH ST,,WILLIAMSPORT,PA ,17701,USA,www.hunterlomison.com,570-326-1764,"Sales,Service,Up To 600kW,Mobile/Diesel/Gas,Rental,"
10103,Industrial/Commercial Sales & Service,00010000881002,HUNTER & LOMISON INC., 1956 W. 4TH STREET,,WILLIAMSPORT,PA ,17701,USA,www.hunterlomison.com,570-326-1764,"Service,Up To 600kW,Mobile/Diesel/Gas,"
10103,Industrial/Commercial Sales & Service,00010001621002,BROOKFIELD SERVICE, 708 GLEBE ROAD,,WESTMORELAND,NH ,03467,USA,www.brookfieldservice.com,802-485-6567,"Service,Up To 600kW,Mobile/Diesel/Gas,"
10103,Industrial/Commercial Sales & Service,00010021101002,SOUTH SHORE GENERATOR INC-Quote, 2696A CRANBERRY HWY,,WAREHAM,MA ,02571,USA,,508-295-7336,"Sales,Service,Up To 600kW,Mobile/Diesel/Gas,"
10103,Industrial/Commercial Sales & Service,00010001701002,SOUTH SHORE GENERATOR INC, ,,EAST WAREHAM,MA ,02538,USA,,508-295-7336,"Financing,Sales,Service,Up To 600kW,Mobile/Diesel/Gas,"
10103,Industrial/Commercial Sales & Service,00111207431002,WARSHAUER ELECTRIC SUPPLY CO INC, 800 SHREWSBURY AVE,,TINTON FALLS,NJ ,07724,USA,www.warshauer.com,732-741-6400,"Service,"
10103,Industrial/Commercial Sales & Service,00010157021002,Mechanical Service Co, 1145 Oak St.,,Pittston,PA ,18640,USA,,570-654-2445,"Service,"
10104,Industrial/Commercial Sales & Service,00010214161002,"R.L. KISTLER, INC.", 35 HAMILTON LANE,,GLENMONT,NY ,12077,USA,,585-436-1940,"Sales,Service,"
10104,Industrial/Commercial Sales & Service,00010214161002,"R.L. Kistler, Inc", 300 Mile Crossing Blvd.,,Rochester,NY ,14624,USA,rlkistler.com,585-436-1940,"Sales,"
10104,Industrial/Commercial Sales & Service,00010001611002,Huntington Power, 230 Long Hill Cross Rd,,Shelton,CT ,06484,USA,www.huntingtonpower.com,203-929-3203,"Sales,Service,Up To 2MW,Mobile/Diesel/Gas,Training,Rental,"
10104,Industrial/Commercial Sales & Service,00010214161002,"R.L. Kistler, Inc", 5615 Business Ave.,,N. Syracuse,NY ,13208,USA,,315-458-2875,"Sales,"
10104,Industrial/Commercial Sales & Service,00010214161002,"R.L. Kistler, Inc", 5615 Business Ave.,,N. Syracuse,NY ,13208,USA,,315-458-2875,"Sales,"
10104,Industrial/Commercial Sales & Service,00010001611002,Huntington Power, 68 Enter Ln,,Islandia,NY ,11749,USA,,631-563-4943,"Sales,Service,Up To 2MW,Mobile/Diesel/Gas,"
10104,Industrial/Commercial Sales & Service,00010001611002,Huntington Power, 34 E DUDLEY TOWN RD.,,BLOOMFIELD,CT ,06002,USA,,860-289-8790,"Sales,Service,Rental,"
10104,Industrial/Commercial Sales & Service,00010208021002,Modern Group Power Systems, 2501 Durham Road,,Bristol,PA ,19007,USA,www.moderngroup.com,800-404-7291,"Sales,Service,Up To 2MW,Mobile/Diesel/Gas,Training,Rental,"
10104,Industrial/Commercial Sales & Service,00010001731002,Authorized Services Of New England, 410 Forest Street,,Marlborough,MA ,01752,USA,www.asne.com,888-890-9886,"Financing,Sales,Service,Up To 2MW,Mobile/Diesel/Gas,Training,Rental,"
10104,Industrial/Commercial Sales & Service,00010008091002,MODERN HANDLING EQUIP, 75 NEW STREET,,EDISON,NJ ,08837,USA,www.moderngroup.com,800-779-5116,"Sales,Service,Up To 2MW,Mobile/Diesel/Gas,"
10104,Industrial/Commercial Sales & Service,00010208021002,Modern Group Power Systems, 6352 Chapmans Rd,,Allentown,PA ,18106,USA,,800-404-7291,"Sales,Service,Up To 2MW,Mobile/Diesel/Gas,"
10104,Industrial/Commercial Sales & Service,00010208021002,Modern Group Power Systems, 200 Allied Parkway,,West Berlin,NJ ,08091,USA,,800-404-7291,"Sales,Service,Up To 2MW,Mobile/Diesel/Gas,"
10104,Industrial/Commercial Sales & Service,00010208021002,Modern Group Power Systems, 295 New Commerce Blvd.,,Wilkes Barre,PA ,18706,USA,,800-404-7291,"Sales,Service,Up To 2MW,Mobile/Diesel/Gas,"
10104,Industrial/Commercial Sales & Service,00010208021002,Modern Group Power Systems, 66A South Gate Blvd.,,New Castle,DE ,19720,USA,,800-404-7291,"Sales,Service,Up To 2MW,Mobile/Diesel/Gas,"
10104,Industrial/Commercial Sales & Service,00010000931002,"EMERGENCY POWER SYSTEMS, LLC", 35 HAMILTON LANE,,GLENMONT,NY ,12077,USA,,800-914-1465,"Service,Up To 2MW,Mobile/Diesel/Gas,"
10104,Industrial/Commercial Sales & Service,00010000931002,"EMERGENCY POWER SYSTEMS, LLC", 35 HAMILTON LANE,,GLENMONT,NY ,12077,USA,,800-914-1465,"Service,"
10104,Industrial/Commercial Sales & Service,00010208021002,Modern Group Power Systems, 3480 Board Road,,York,PA ,17402,USA,,800-404-7291,"Sales,Service,Up To 2MW,Mobile/Diesel/Gas,"
10104,Industrial/Commercial Sales & Service,00010001731002,AUTHORIZED SERVICES OF NEW ENGLAND, 410 FOREST STREET,,MARLBOROUGH,MA ,01752,USA,,888-890-9886,"Sales,"
10104,Industrial/Commercial Sales & Service,00010001691002,Kelly Generator & Equipment, 1955 Dale Ln,,Owings,MD ,20736,USA,www.kge.com,410-257-5225,"Sales,Service,Up To 2MW,Mobile/Diesel/Gas,Training,Rental,"
10104,Industrial/Commercial Sales & Service,00010001761002,"GENSERVE, INC.", 100 NEWTOWN RD,,PLAINVIEW,NY ,11803,USA,www.genserveinc.com,631-435-0437,"Service,"
10104,Industrial/Commercial Sales & Service,00111209521002,LONG ISLAND EMERGENCY POWER -QO, 2 Ocean Avenue,,DEER PARK,NY ,11729,USA,,631-586-7513,"Sales,"
10104,Industrial/Commercial Sales & Service,00010139211002,POWERPRO SERVICE CO. INC., 608 JOHNSON AVE. UNIT 6,,BOHEMIA,NY ,11716,USA,,631-567-2700,"Sales,Service,Up To 600kW,Mobile/Diesel/Gas,"
10104,Industrial/Commercial Sales & Service,00010134071002,PEAK POWER SYSTEMS, 99 SPRAGUE AVENUE,,MIDDLETOWN,NY ,10940,USA,www.peakpowersystems.com,845-344-1975,"Sales,Service,Up To 600kW,Mobile/Diesel/Gas,Rental,"
10104,Industrial/Commercial Sales & Service,00111209531002,HUNTINGTON POWER - LONG ISLAND, PO BOX 2040,,SHELTON,CT ,06484,USA,,631-586-7513,"Sales,"
10104,Industrial/Commercial Sales & Service,00010001761002,"GENSERVE, INC.", 115A TWINBRIDGE DR.,,PENNSAUKEN,NJ ,08110,USA,www.genserveinc.com,856-324-0459,"Service,"
10104,Industrial/Commercial Sales & Service,00111184131002,HUNTER & LOMISON, 1956 W FOURTH ST,,WILLIAMSPORT,PA ,17701,USA,www.hunterlomison.com,570-326-1764,"Sales,Service,Up To 600kW,Mobile/Diesel/Gas,Rental,"
10104,Industrial/Commercial Sales & Service,00010000881002,HUNTER & LOMISON INC., 1956 W. 4TH STREET,,WILLIAMSPORT,PA ,17701,USA,www.hunterlomison.com,570-326-1764,"Service,Up To 600kW,Mobile/Diesel/Gas,"
10104,Industrial/Commercial Sales & Service,00010001621002,BROOKFIELD SERVICE, 708 GLEBE ROAD,,WESTMORELAND,NH ,03467,USA,www.brookfieldservice.com,802-485-6567,"Service,Up To 600kW,Mobile/Diesel/Gas,"
10104,Industrial/Commercial Sales & Service,00010021101002,SOUTH SHORE GENERATOR INC-Quote, 2696A CRANBERRY HWY,,WAREHAM,MA ,02571,USA,,508-295-7336,"Sales,Service,Up To 600kW,Mobile/Diesel/Gas,"
10104,Industrial/Commercial Sales & Service,00010001701002,SOUTH SHORE GENERATOR INC, ,,EAST WAREHAM,MA ,02538,USA,,508-295-7336,"Financing,Sales,Service,Up To 600kW,Mobile/Diesel/Gas,"
10104,Industrial/Commercial Sales & Service,00111207431002,WARSHAUER ELECTRIC SUPPLY CO INC, 800 SHREWSBURY AVE,,TINTON FALLS,NJ ,07724,USA,www.warshauer.com,732-741-6400,"Service,"
10104,Industrial/Commercial Sales & Service,00010157021002,Mechanical Service Co, 1145 Oak St.,,Pittston,PA ,18640,USA,,570-654-2445,"Service,"
10105,Industrial/Commercial Sales & Service,00010001611002,Huntington Power, 230 Long Hill Cross Rd,,Shelton,CT ,06484,USA,www.huntingtonpower.com,203-929-3203,"Sales,Service,Up To 2MW,Mobile/Diesel/Gas,Training,Rental,"
10105,Industrial/Commercial Sales & Service,00010214161002,"R.L. Kistler, Inc", 300 Mile Crossing Blvd.,,Rochester,NY ,14624,USA,rlkistler.com,585-436-1940,"Sales,"
10105,Industrial/Commercial Sales & Service,00010214161002,"R.L. KISTLER, INC.", 35 HAMILTON LANE,,GLENMONT,NY ,12077,USA,,585-436-1940,"Sales,Service,"
10105,Industrial/Commercial Sales & Service,00010001611002,Huntington Power, 68 Enter Ln,,Islandia,NY ,11749,USA,,631-563-4943,"Sales,Service,Up To 2MW,Mobile/Diesel/Gas,"
10105,Industrial/Commercial Sales & Service,00010001611002,Huntington Power, 34 E DUDLEY TOWN RD.,,BLOOMFIELD,CT ,06002,USA,,860-289-8790,"Sales,Service,Rental,"
10105,Industrial/Commercial Sales & Service,00010214161002,"R.L. Kistler, Inc", 5615 Business Ave.,,N. Syracuse,NY ,13208,USA,,315-458-2875,"Sales,"
10105,Industrial/Commercial Sales & Service,00010214161002,"R.L. Kistler, Inc", 5615 Business Ave.,,N. Syracuse,NY ,13208,USA,,315-458-2875,"Sales,"
10105,Industrial/Commercial Sales & Service,00010208021002,Modern Group Power Systems, 2501 Durham Road,,Bristol,PA ,19007,USA,www.moderngroup.com,800-404-7291,"Sales,Service,Up To 2MW,Mobile/Diesel/Gas,Training,Rental,"
10105,Industrial/Commercial Sales & Service,00010001731002,Authorized Services Of New England, 410 Forest Street,,Marlborough,MA ,01752,USA,www.asne.com,888-890-9886,"Financing,Sales,Service,Up To 2MW,Mobile/Diesel/Gas,Training,Rental,"
10105,Industrial/Commercial Sales & Service,00010008091002,MODERN HANDLING EQUIP, 75 NEW STREET,,EDISON,NJ ,08837,USA,www.moderngroup.com,800-779-5116,"Sales,Service,Up To 2MW,Mobile/Diesel/Gas,"
10105,Industrial/Commercial Sales & Service,00010208021002,Modern Group Power Systems, 6352 Chapmans Rd,,Allentown,PA ,18106,USA,,800-404-7291,"Sales,Service,Up To 2MW,Mobile/Diesel/Gas,"
10105,Industrial/Commercial Sales & Service,00010208021002,Modern Group Power Systems, 200 Allied Parkway,,West Berlin,NJ ,08091,USA,,800-404-7291,"Sales,Service,Up To 2MW,Mobile/Diesel/Gas,"
10105,Industrial/Commercial Sales & Service,00010208021002,Modern Group Power Systems, 295 New Commerce Blvd.,,Wilkes Barre,PA ,18706,USA,,800-404-7291,"Sales,Service,Up To 2MW,Mobile/Diesel/Gas,"
10105,Industrial/Commercial Sales & Service,00010208021002,Modern Group Power Systems, 66A South Gate Blvd.,,New Castle,DE ,19720,USA,,800-404-7291,"Sales,Service,Up To 2MW,Mobile/Diesel/Gas,"
10105,Industrial/Commercial Sales & Service,00010000931002,"EMERGENCY POWER SYSTEMS, LLC", 35 HAMILTON LANE,,GLENMONT,NY ,12077,USA,,800-914-1465,"Service,Up To 2MW,Mobile/Diesel/Gas,"
10105,Industrial/Commercial Sales & Service,00010000931002,"EMERGENCY POWER SYSTEMS, LLC", 35 HAMILTON LANE,,GLENMONT,NY ,12077,USA,,800-914-1465,"Service,"
10105,Industrial/Commercial Sales & Service,00010208021002,Modern Group Power Systems, 3480 Board Road,,York,PA ,17402,USA,,800-404-7291,"Sales,Service,Up To 2MW,Mobile/Diesel/Gas,"
10105,Industrial/Commercial Sales & Service,00010001731002,AUTHORIZED SERVICES OF NEW ENGLAND, 410 FOREST STREET,,MARLBOROUGH,MA ,01752,USA,,888-890-9886,"Sales,"
10105,Industrial/Commercial Sales & Service,00010001761002,"GENSERVE, INC.", 100 NEWTOWN RD,,PLAINVIEW,NY ,11803,USA,www.genserveinc.com,631-435-0437,"Service,"
10105,Industrial/Commercial Sales & Service,00111209521002,LONG ISLAND EMERGENCY POWER -QO, 2 Ocean Avenue,,DEER PARK,NY ,11729,USA,,631-586-7513,"Sales,"
10105,Industrial/Commercial Sales & Service,00010139211002,POWERPRO SERVICE CO. INC., 608 JOHNSON AVE. UNIT 6,,BOHEMIA,NY ,11716,USA,,631-567-2700,"Sales,Service,Up To 600kW,Mobile/Diesel/Gas,"
10105,Industrial/Commercial Sales & Service,00010134071002,PEAK POWER SYSTEMS, 99 SPRAGUE AVENUE,,MIDDLETOWN,NY ,10940,USA,www.peakpowersystems.com,845-344-1975,"Sales,Service,Up To 600kW,Mobile/Diesel/Gas,Rental,"
10105,Industrial/Commercial Sales & Service,00111209531002,HUNTINGTON POWER - LONG ISLAND, PO BOX 2040,,SHELTON,CT ,06484,USA,,631-586-7513,"Sales,"
10105,Industrial/Commercial Sales & Service,00010001761002,"GENSERVE, INC.", 115A TWINBRIDGE DR.,,PENNSAUKEN,NJ ,08110,USA,www.genserveinc.com,856-324-0459,"Service,"
10105,Industrial/Commercial Sales & Service,00111184131002,HUNTER & LOMISON, 1956 W FOURTH ST,,WILLIAMSPORT,PA ,17701,USA,www.hunterlomison.com,570-326-1764,"Sales,Service,Up To 600kW,Mobile/Diesel/Gas,Rental,"
10105,Industrial/Commercial Sales & Service,00010000881002,HUNTER & LOMISON INC., 1956 W. 4TH STREET,,WILLIAMSPORT,PA ,17701,USA,www.hunterlomison.com,570-326-1764,"Service,Up To 600kW,Mobile/Diesel/Gas,"
10105,Industrial/Commercial Sales & Service,00010001621002,BROOKFIELD SERVICE, 708 GLEBE ROAD,,WESTMORELAND,NH ,03467,USA,www.brookfieldservice.com,802-485-6567,"Service,Up To 600kW,Mobile/Diesel/Gas,"
10105,Industrial/Commercial Sales & Service,00010021101002,SOUTH SHORE GENERATOR INC-Quote, 2696A CRANBERRY HWY,,WAREHAM,MA ,02571,USA,,508-295-7336,"Sales,Service,Up To 600kW,Mobile/Diesel/Gas,"
10105,Industrial/Commercial Sales & Service,00010001701002,SOUTH SHORE GENERATOR INC, ,,EAST WAREHAM,MA ,02538,USA,,508-295-7336,"Financing,Sales,Service,Up To 600kW,Mobile/Diesel/Gas,"
10105,Industrial/Commercial Sales & Service,00111207431002,WARSHAUER ELECTRIC SUPPLY CO INC, 800 SHREWSBURY AVE,,TINTON FALLS,NJ ,07724,USA,www.warshauer.com,732-741-6400,"Service,"
10105,Industrial/Commercial Sales & Service,00010157021002,Mechanical Service Co, 1145 Oak St.,,Pittston,PA ,18640,USA,,570-654-2445,"Service,"
10106,Industrial/Commercial Sales & Service,00010001611002,Huntington Power, 230 Long Hill Cross Rd,,Shelton,CT ,06484,USA,www.huntingtonpower.com,203-929-3203,"Sales,Service,Up To 2MW,Mobile/Diesel/Gas,Training,Rental,"
10106,Industrial/Commercial Sales & Service,00010214161002,"R.L. KISTLER, INC.", 35 HAMILTON LANE,,GLENMONT,NY ,12077,USA,,585-436-1940,"Sales,Service,"
10106,Industrial/Commercial Sales & Service,00010214161002,"R.L. Kistler, Inc", 300 Mile Crossing Blvd.,,Rochester,NY ,14624,USA,rlkistler.com,585-436-1940,"Sales,"
10106,Industrial/Commercial Sales & Service,00010001611002,Huntington Power, 68 Enter Ln,,Islandia,NY ,11749,USA,,631-563-4943,"Sales,Service,Up To 2MW,Mobile/Diesel/Gas,"
10106,Industrial/Commercial Sales & Service,00010001611002,Huntington Power, 34 E DUDLEY TOWN RD.,,BLOOMFIELD,CT ,06002,USA,,860-289-8790,"Sales,Service,Rental,"
10106,Industrial/Commercial Sales & Service,00010214161002,"R.L. Kistler, Inc", 5615 Business Ave.,,N. Syracuse,NY ,13208,USA,,315-458-2875,"Sales,"
10106,Industrial/Commercial Sales & Service,00010214161002,"R.L. Kistler, Inc", 5615 Business Ave.,,N. Syracuse,NY ,13208,USA,,315-458-2875,"Sales,"
10106,Industrial/Commercial Sales & Service,00010208021002,Modern Group Power Systems, 2501 Durham Road,,Bristol,PA ,19007,USA,www.moderngroup.com,800-404-7291,"Sales,Service,Up To 2MW,Mobile/Diesel/Gas,Training,Rental,"
10106,Industrial/Commercial Sales & Service,00010001731002,Authorized Services Of New England, 410 Forest Street,,Marlborough,MA ,01752,USA,www.asne.com,888-890-9886,"Financing,Sales,Service,Up To 2MW,Mobile/Diesel/Gas,Training,Rental,"
10106,Industrial/Commercial Sales & Service,00010008091002,MODERN HANDLING EQUIP, 75 NEW STREET,,EDISON,NJ ,08837,USA,www.moderngroup.com,800-779-5116,"Sales,Service,Up To 2MW,Mobile/Diesel/Gas,"
10106,Industrial/Commercial Sales & Service,00010208021002,Modern Group Power Systems, 6352 Chapmans Rd,,Allentown,PA ,18106,USA,,800-404-7291,"Sales,Service,Up To 2MW,Mobile/Diesel/Gas,"
10106,Industrial/Commercial Sales & Service,00010208021002,Modern Group Power Systems, 200 Allied Parkway,,West Berlin,NJ ,08091,USA,,800-404-7291,"Sales,Service,Up To 2MW,Mobile/Diesel/Gas,"
10106,Industrial/Commercial Sales & Service,00010208021002,Modern Group Power Systems, 295 New Commerce Blvd.,,Wilkes Barre,PA ,18706,USA,,800-404-7291,"Sales,Service,Up To 2MW,Mobile/Diesel/Gas,"
10106,Industrial/Commercial Sales & Service,00010208021002,Modern Group Power Systems, 66A South Gate Blvd.,,New Castle,DE ,19720,USA,,800-404-7291,"Sales,Service,Up To 2MW,Mobile/Diesel/Gas,"
10106,Industrial/Commercial Sales & Service,00010000931002,"EMERGENCY POWER SYSTEMS, LLC", 35 HAMILTON LANE,,GLENMONT,NY ,12077,USA,,800-914-1465,"Service,Up To 2MW,Mobile/Diesel/Gas,"
10106,Industrial/Commercial Sales & Service,00010000931002,"EMERGENCY POWER SYSTEMS, LLC", 35 HAMILTON LANE,,GLENMONT,NY ,12077,USA,,800-914-1465,"Service,"
10106,Industrial/Commercial Sales & Service,00010208021002,Modern Group Power Systems, 3480 Board Road,,York,PA ,17402,USA,,800-404-7291,"Sales,Service,Up To 2MW,Mobile/Diesel/Gas,"
10106,Industrial/Commercial Sales & Service,00010001731002,AUTHORIZED SERVICES OF NEW ENGLAND, 410 FOREST STREET,,MARLBOROUGH,MA ,01752,USA,,888-890-9886,"Sales,"
10106,Industrial/Commercial Sales & Service,00010001761002,"GENSERVE, INC.", 100 NEWTOWN RD,,PLAINVIEW,NY ,11803,USA,www.genserveinc.com,631-435-0437,"Service,"
10106,Industrial/Commercial Sales & Service,00111209521002,LONG ISLAND EMERGENCY POWER -QO, 2 Ocean Avenue,,DEER PARK,NY ,11729,USA,,631-586-7513,"Sales,"
10106,Industrial/Commercial Sales & Service,00010139211002,POWERPRO SERVICE CO. INC., 608 JOHNSON AVE. UNIT 6,,BOHEMIA,NY ,11716,USA,,631-567-2700,"Sales,Service,Up To 600kW,Mobile/Diesel/Gas,"
10106,Industrial/Commercial Sales & Service,00010134071002,PEAK POWER SYSTEMS, 99 SPRAGUE AVENUE,,MIDDLETOWN,NY ,10940,USA,www.peakpowersystems.com,845-344-1975,"Sales,Service,Up To 600kW,Mobile/Diesel/Gas,Rental,"
10106,Industrial/Commercial Sales & Service,00111209531002,HUNTINGTON POWER - LONG ISLAND, PO BOX 2040,,SHELTON,CT ,06484,USA,,631-586-7513,"Sales,"
10106,Industrial/Commercial Sales & Service,00010001761002,"GENSERVE, INC.", 115A TWINBRIDGE DR.,,PENNSAUKEN,NJ ,08110,USA,www.genserveinc.com,856-324-0459,"Service,"
10106,Industrial/Commercial Sales & Service,00111184131002,HUNTER & LOMISON, 1956 W FOURTH ST,,WILLIAMSPORT,PA ,17701,USA,www.hunterlomison.com,570-326-1764,"Sales,Service,Up To 600kW,Mobile/Diesel/Gas,Rental,"
10106,Industrial/Commercial Sales & Service,00010000881002,HUNTER & LOMISON INC., 1956 W. 4TH STREET,,WILLIAMSPORT,PA ,17701,USA,www.hunterlomison.com,570-326-1764,"Service,Up To 600kW,Mobile/Diesel/Gas,"
10106,Industrial/Commercial Sales & Service,00010001621002,BROOKFIELD SERVICE, 708 GLEBE ROAD,,WESTMORELAND,NH ,03467,USA,www.brookfieldservice.com,802-485-6567,"Service,Up To 600kW,Mobile/Diesel/Gas,"
10106,Industrial/Commercial Sales & Service,00010021101002,SOUTH SHORE GENERATOR INC-Quote, 2696A CRANBERRY HWY,,WAREHAM,MA ,02571,USA,,508-295-7336,"Sales,Service,Up To 600kW,Mobile/Diesel/Gas,"
10106,Industrial/Commercial Sales & Service,00010001701002,SOUTH SHORE GENERATOR INC, ,,EAST WAREHAM,MA ,02538,USA,,508-295-7336,"Financing,Sales,Service,Up To 600kW,Mobile/Diesel/Gas,"
10106,Industrial/Commercial Sales & Service,00111207431002,WARSHAUER ELECTRIC SUPPLY CO INC, 800 SHREWSBURY AVE,,TINTON FALLS,NJ ,07724,USA,www.warshauer.com,732-741-6400,"Service,"
10106,Industrial/Commercial Sales & Service,00010157021002,Mechanical Service Co, 1145 Oak St.,,Pittston,PA ,18640,USA,,570-654-2445,"Service,"
10107,Industrial/Commercial Sales & Service,00010001611002,Huntington Power, 230 Long Hill Cross Rd,,Shelton,CT ,06484,USA,www.huntingtonpower.com,203-929-3203,"Sales,Service,Up To 2MW,Mobile/Diesel/Gas,Training,Rental,"
10107,Industrial/Commercial Sales & Service,00010214161002,"R.L. Kistler, Inc", 300 Mile Crossing Blvd.,,Rochester,NY ,14624,USA,rlkistler.com,585-436-1940,"Sales,"
10107,Industrial/Commercial Sales & Service,00010214161002,"R.L. KISTLER, INC.", 35 HAMILTON LANE,,GLENMONT,NY ,12077,USA,,585-436-1940,"Sales,Service,"
10107,Industrial/Commercial Sales & Service,00010001611002,Huntington Power, 68 Enter Ln,,Islandia,NY ,11749,USA,,631-563-4943,"Sales,Service,Up To 2MW,Mobile/Diesel/Gas,"
10107,Industrial/Commercial Sales & Service,00010001611002,Huntington Power, 34 E DUDLEY TOWN RD.,,BLOOMFIELD,CT ,06002,USA,,860-289-8790,"Sales,Service,Rental,"
10107,Industrial/Commercial Sales & Service,00010214161002,"R.L. Kistler, Inc", 5615 Business Ave.,,N. Syracuse,NY ,13208,USA,,315-458-2875,"Sales,"
10107,Industrial/Commercial Sales & Service,00010214161002,"R.L. Kistler, Inc", 5615 Business Ave.,,N. Syracuse,NY ,13208,USA,,315-458-2875,"Sales,"
10107,Industrial/Commercial Sales & Service,00010208021002,Modern Group Power Systems, 2501 Durham Road,,Bristol,PA ,19007,USA,www.moderngroup.com,800-404-7291,"Sales,Service,Up To 2MW,Mobile/Diesel/Gas,Training,Rental,"
10107,Industrial/Commercial Sales & Service,00010001731002,Authorized Services Of New England, 410 Forest Street,,Marlborough,MA ,01752,USA,www.asne.com,888-890-9886,"Financing,Sales,Service,Up To 2MW,Mobile/Diesel/Gas,Training,Rental,"
10107,Industrial/Commercial Sales & Service,00010008091002,MODERN HANDLING EQUIP, 75 NEW STREET,,EDISON,NJ ,08837,USA,www.moderngroup.com,800-779-5116,"Sales,Service,Up To 2MW,Mobile/Diesel/Gas,"
10107,Industrial/Commercial Sales & Service,00010208021002,Modern Group Power Systems, 6352 Chapmans Rd,,Allentown,PA ,18106,USA,,800-404-7291,"Sales,Service,Up To 2MW,Mobile/Diesel/Gas,"
10107,Industrial/Commercial Sales & Service,00010208021002,Modern Group Power Systems, 200 Allied Parkway,,West Berlin,NJ ,08091,USA,,800-404-7291,"Sales,Service,Up To 2MW,Mobile/Diesel/Gas,"
10107,Industrial/Commercial Sales & Service,00010208021002,Modern Group Power Systems, 295 New Commerce Blvd.,,Wilkes Barre,PA ,18706,USA,,800-404-7291,"Sales,Service,Up To 2MW,Mobile/Diesel/Gas,"
10107,Industrial/Commercial Sales & Service,00010208021002,Modern Group Power Systems, 66A South Gate Blvd.,,New Castle,DE ,19720,USA,,800-404-7291,"Sales,Service,Up To 2MW,Mobile/Diesel/Gas,"
10107,Industrial/Commercial Sales & Service,00010000931002,"EMERGENCY POWER SYSTEMS, LLC", 35 HAMILTON LANE,,GLENMONT,NY ,12077,USA,,800-914-1465,"Service,Up To 2MW,Mobile/Diesel/Gas,"
10107,Industrial/Commercial Sales & Service,00010000931002,"EMERGENCY POWER SYSTEMS, LLC", 35 HAMILTON LANE,,GLENMONT,NY ,12077,USA,,800-914-1465,"Service,"
10107,Industrial/Commercial Sales & Service,00010208021002,Modern Group Power Systems, 3480 Board Road,,York,PA ,17402,USA,,800-404-7291,"Sales,Service,Up To 2MW,Mobile/Diesel/Gas,"
10107,Industrial/Commercial Sales & Service,00010001731002,AUTHORIZED SERVICES OF NEW ENGLAND, 410 FOREST STREET,,MARLBOROUGH,MA ,01752,USA,,888-890-9886,"Sales,"
10107,Industrial/Commercial Sales & Service,00010001691002,Kelly Generator & Equipment, 1955 Dale Ln,,Owings,MD ,20736,USA,www.kge.com,410-257-5225,"Sales,Service,Up To 2MW,Mobile/Diesel/Gas,Training,Rental,"
10107,Industrial/Commercial Sales & Service,00010001761002,"GENSERVE, INC.", 100 NEWTOWN RD,,PLAINVIEW,NY ,11803,USA,www.genserveinc.com,631-435-0437,"Service,"
10107,Industrial/Commercial Sales & Service,00111209521002,LONG ISLAND EMERGENCY POWER -QO, 2 Ocean Avenue,,DEER PARK,NY ,11729,USA,,631-586-7513,"Sales,"
10107,Industrial/Commercial Sales & Service,00010139211002,POWERPRO SERVICE CO. INC., 608 JOHNSON AVE. UNIT 6,,BOHEMIA,NY ,11716,USA,,631-567-2700,"Sales,Service,Up To 600kW,Mobile/Diesel/Gas,"
10107,Industrial/Commercial Sales & Service,00010134071002,PEAK POWER SYSTEMS, 99 SPRAGUE AVENUE,,MIDDLETOWN,NY ,10940,USA,www.peakpowersystems.com,845-344-1975,"Sales,Service,Up To 600kW,Mobile/Diesel/Gas,Rental,"
10107,Industrial/Commercial Sales & Service,00111209531002,HUNTINGTON POWER - LONG ISLAND, PO BOX 2040,,SHELTON,CT ,06484,USA,,631-586-7513,"Sales,"
10107,Industrial/Commercial Sales & Service,00010001761002,"GENSERVE, INC.", 115A TWINBRIDGE DR.,,PENNSAUKEN,NJ ,08110,USA,www.genserveinc.com,856-324-0459,"Service,"
10107,Industrial/Commercial Sales & Service,00111184131002,HUNTER & LOMISON, 1956 W FOURTH ST,,WILLIAMSPORT,PA ,17701,USA,www.hunterlomison.com,570-326-1764,"Sales,Service,Up To 600kW,Mobile/Diesel/Gas,Rental,"
10107,Industrial/Commercial Sales & Service,00010000881002,HUNTER & LOMISON INC., 1956 W. 4TH STREET,,WILLIAMSPORT,PA ,17701,USA,www.hunterlomison.com,570-326-1764,"Service,Up To 600kW,Mobile/Diesel/Gas,"
10107,Industrial/Commercial Sales & Service,00010001621002,BROOKFIELD SERVICE, 708 GLEBE ROAD,,WESTMORELAND,NH ,03467,USA,www.brookfieldservice.com,802-485-6567,"Service,Up To 600kW,Mobile/Diesel/Gas,"
10107,Industrial/Commercial Sales & Service,00010021101002,SOUTH SHORE GENERATOR INC-Quote, 2696A CRANBERRY HWY,,WAREHAM,MA ,02571,USA,,508-295-7336,"Sales,Service,Up To 600kW,Mobile/Diesel/Gas,"
10107,Industrial/Commercial Sales & Service,00010001701002,SOUTH SHORE GENERATOR INC, ,,EAST WAREHAM,MA ,02538,USA,,508-295-7336,"Financing,Sales,Service,Up To 600kW,Mobile/Diesel/Gas,"
10107,Industrial/Commercial Sales & Service,00111207431002,WARSHAUER ELECTRIC SUPPLY CO INC, 800 SHREWSBURY AVE,,TINTON FALLS,NJ ,07724,USA,www.warshauer.com,732-741-6400,"Service,"
10107,Industrial/Commercial Sales & Service,00010157021002,Mechanical Service Co, 1145 Oak St.,,Pittston,PA ,18640,USA,,570-654-2445,"Service,"
10108,Industrial/Commercial Sales & Service,00010214161002,"R.L. KISTLER, INC.", 35 HAMILTON LANE,,GLENMONT,NY ,12077,USA,,585-436-1940,"Sales,Service,"
10108,Industrial/Commercial Sales & Service,00010214161002,"R.L. Kistler, Inc", 300 Mile Crossing Blvd.,,Rochester,NY ,14624,USA,rlkistler.com,585-436-1940,"Sales,"
10108,Industrial/Commercial Sales & Service,00010001611002,Huntington Power, 230 Long Hill Cross Rd,,Shelton,CT ,06484,USA,www.huntingtonpower.com,203-929-3203,"Sales,Service,Up To 2MW,Mobile/Diesel/Gas,Training,Rental,"
10108,Industrial/Commercial Sales & Service,00010214161002,"R.L. Kistler, Inc", 5615 Business Ave.,,N. Syracuse,NY ,13208,USA,,315-458-2875,"Sales,"
10108,Industrial/Commercial Sales & Service,00010214161002,"R.L. Kistler, Inc", 5615 Business Ave.,,N. Syracuse,NY ,13208,USA,,315-458-2875,"Sales,"
10108,Industrial/Commercial Sales & Service,00010001611002,Huntington Power, 68 Enter Ln,,Islandia,NY ,11749,USA,,631-563-4943,"Sales,Service,Up To 2MW,Mobile/Diesel/Gas,"
10108,Industrial/Commercial Sales & Service,00010001611002,Huntington Power, 34 E DUDLEY TOWN RD.,,BLOOMFIELD,CT ,06002,USA,,860-289-8790,"Sales,Service,Rental,"
10108,Industrial/Commercial Sales & Service,00010208021002,Modern Group Power Systems, 2501 Durham Road,,Bristol,PA ,19007,USA,www.moderngroup.com,800-404-7291,"Sales,Service,Up To 2MW,Mobile/Diesel/Gas,Training,Rental,"
10108,Industrial/Commercial Sales & Service,00010001731002,Authorized Services Of New England, 410 Forest Street,,Marlborough,MA ,01752,USA,www.asne.com,888-890-9886,"Financing,Sales,Service,Up To 2MW,Mobile/Diesel/Gas,Training,Rental,"
10108,Industrial/Commercial Sales & Service,00010008091002,MODERN HANDLING EQUIP, 75 NEW STREET,,EDISON,NJ ,08837,USA,www.moderngroup.com,800-779-5116,"Sales,Service,Up To 2MW,Mobile/Diesel/Gas,"
10108,Industrial/Commercial Sales & Service,00010208021002,Modern Group Power Systems, 6352 Chapmans Rd,,Allentown,PA ,18106,USA,,800-404-7291,"Sales,Service,Up To 2MW,Mobile/Diesel/Gas,"
10108,Industrial/Commercial Sales & Service,00010208021002,Modern Group Power Systems, 200 Allied Parkway,,West Berlin,NJ ,08091,USA,,800-404-7291,"Sales,Service,Up To 2MW,Mobile/Diesel/Gas,"
10108,Industrial/Commercial Sales & Service,00010208021002,Modern Group Power Systems, 295 New Commerce Blvd.,,Wilkes Barre,PA ,18706,USA,,800-404-7291,"Sales,Service,Up To 2MW,Mobile/Diesel/Gas,"
10108,Industrial/Commercial Sales & Service,00010208021002,Modern Group Power Systems, 66A South Gate Blvd.,,New Castle,DE ,19720,USA,,800-404-7291,"Sales,Service,Up To 2MW,Mobile/Diesel/Gas,"
10108,Industrial/Commercial Sales & Service,00010000931002,"EMERGENCY POWER SYSTEMS, LLC", 35 HAMILTON LANE,,GLENMONT,NY ,12077,USA,,800-914-1465,"Service,Up To 2MW,Mobile/Diesel/Gas,"
10108,Industrial/Commercial Sales & Service,00010000931002,"EMERGENCY POWER SYSTEMS, LLC", 35 HAMILTON LANE,,GLENMONT,NY ,12077,USA,,800-914-1465,"Service,"
10108,Industrial/Commercial Sales & Service,00010208021002,Modern Group Power Systems, 3480 Board Road,,York,PA ,17402,USA,,800-404-7291,"Sales,Service,Up To 2MW,Mobile/Diesel/Gas,"
10108,Industrial/Commercial Sales & Service,00010001731002,AUTHORIZED SERVICES OF NEW ENGLAND, 410 FOREST STREET,,MARLBOROUGH,MA ,01752,USA,,888-890-9886,"Sales,"
10108,Industrial/Commercial Sales & Service,00010001691002,Kelly Generator & Equipment, 1955 Dale Ln,,Owings,MD ,20736,USA,www.kge.com,410-257-5225,"Sales,Service,Up To 2MW,Mobile/Diesel/Gas,Training,Rental,"
10108,Industrial/Commercial Sales & Service,00010001761002,"GENSERVE, INC.", 100 NEWTOWN RD,,PLAINVIEW,NY ,11803,USA,www.genserveinc.com,631-435-0437,"Service,"
10108,Industrial/Commercial Sales & Service,00111209521002,LONG ISLAND EMERGENCY POWER -QO, 2 Ocean Avenue,,DEER PARK,NY ,11729,USA,,631-586-7513,"Sales,"
10108,Industrial/Commercial Sales & Service,00010139211002,POWERPRO SERVICE CO. INC., 608 JOHNSON AVE. UNIT 6,,BOHEMIA,NY ,11716,USA,,631-567-2700,"Sales,Service,Up To 600kW,Mobile/Diesel/Gas,"
10108,Industrial/Commercial Sales & Service,00010134071002,PEAK POWER SYSTEMS, 99 SPRAGUE AVENUE,,MIDDLETOWN,NY ,10940,USA,www.peakpowersystems.com,845-344-1975,"Sales,Service,Up To 600kW,Mobile/Diesel/Gas,Rental,"
10108,Industrial/Commercial Sales & Service,00111209531002,HUNTINGTON POWER - LONG ISLAND, PO BOX 2040,,SHELTON,CT ,06484,USA,,631-586-7513,"Sales,"
10108,Industrial/Commercial Sales & Service,00010001761002,"GENSERVE, INC.", 115A TWINBRIDGE DR.,,PENNSAUKEN,NJ ,08110,USA,www.genserveinc.com,856-324-0459,"Service,"
10108,Industrial/Commercial Sales & Service,00111184131002,HUNTER & LOMISON, 1956 W FOURTH ST,,WILLIAMSPORT,PA ,17701,USA,www.hunterlomison.com,570-326-1764,"Sales,Service,Up To 600kW,Mobile/Diesel/Gas,Rental,"
10108,Industrial/Commercial Sales & Service,00010000881002,HUNTER & LOMISON INC., 1956 W. 4TH STREET,,WILLIAMSPORT,PA ,17701,USA,www.hunterlomison.com,570-326-1764,"Service,Up To 600kW,Mobile/Diesel/Gas,"
10108,Industrial/Commercial Sales & Service,00010001621002,BROOKFIELD SERVICE, 708 GLEBE ROAD,,WESTMORELAND,NH ,03467,USA,www.brookfieldservice.com,802-485-6567,"Service,Up To 600kW,Mobile/Diesel/Gas,"
10108,Industrial/Commercial Sales & Service,00010021101002,SOUTH SHORE GENERATOR INC-Quote, 2696A CRANBERRY HWY,,WAREHAM,MA ,02571,USA,,508-295-7336,"Sales,Service,Up To 600kW,Mobile/Diesel/Gas,"
10108,Industrial/Commercial Sales & Service,00010001701002,SOUTH SHORE GENERATOR INC, ,,EAST WAREHAM,MA ,02538,USA,,508-295-7336,"Financing,Sales,Service,Up To 600kW,Mobile/Diesel/Gas,"
10108,Industrial/Commercial Sales & Service,00111207431002,WARSHAUER ELECTRIC SUPPLY CO INC, 800 SHREWSBURY AVE,,TINTON FALLS,NJ ,07724,USA,www.warshauer.com,732-741-6400,"Service,"
10108,Industrial/Commercial Sales & Service,00010157021002,Mechanical Service Co, 1145 Oak St.,,Pittston,PA ,18640,USA,,570-654-2445,"Service,"
10109,Industrial/Commercial Sales & Service,00010214161002,"R.L. KISTLER, INC.", 35 HAMILTON LANE,,GLENMONT,NY ,12077,USA,,585-436-1940,"Sales,Service,"
10109,Industrial/Commercial Sales & Service,00010214161002,"R.L. Kistler, Inc", 300 Mile Crossing Blvd.,,Rochester,NY ,14624,USA,rlkistler.com,585-436-1940,"Sales,"
10109,Industrial/Commercial Sales & Service,00010001611002,Huntington Power, 230 Long Hill Cross Rd,,Shelton,CT ,06484,USA,www.huntingtonpower.com,203-929-3203,"Sales,Service,Up To 2MW,Mobile/Diesel/Gas,Training,Rental,"
10109,Industrial/Commercial Sales & Service,00010214161002,"R.L. Kistler, Inc", 5615 Business Ave.,,N. Syracuse,NY ,13208,USA,,315-458-2875,"Sales,"
10109,Industrial/Commercial Sales & Service,00010214161002,"R.L. Kistler, Inc", 5615 Business Ave.,,N. Syracuse,NY ,13208,USA,,315-458-2875,"Sales,"
10109,Industrial/Commercial Sales & Service,00010001611002,Huntington Power, 68 Enter Ln,,Islandia,NY ,11749,USA,,631-563-4943,"Sales,Service,Up To 2MW,Mobile/Diesel/Gas,"
10109,Industrial/Commercial Sales & Service,00010001611002,Huntington Power, 34 E DUDLEY TOWN RD.,,BLOOMFIELD,CT ,06002,USA,,860-289-8790,"Sales,Service,Rental,"
10109,Industrial/Commercial Sales & Service,00010208021002,Modern Group Power Systems, 2501 Durham Road,,Bristol,PA ,19007,USA,www.moderngroup.com,800-404-7291,"Sales,Service,Up To 2MW,Mobile/Diesel/Gas,Training,Rental,"
10109,Industrial/Commercial Sales & Service,00010001731002,Authorized Services Of New England, 410 Forest Street,,Marlborough,MA ,01752,USA,www.asne.com,888-890-9886,"Financing,Sales,Service,Up To 2MW,Mobile/Diesel/Gas,Training,Rental,"
10109,Industrial/Commercial Sales & Service,00010008091002,MODERN HANDLING EQUIP, 75 NEW STREET,,EDISON,NJ ,08837,USA,www.moderngroup.com,800-779-5116,"Sales,Service,Up To 2MW,Mobile/Diesel/Gas,"
10109,Industrial/Commercial Sales & Service,00010208021002,Modern Group Power Systems, 6352 Chapmans Rd,,Allentown,PA ,18106,USA,,800-404-7291,"Sales,Service,Up To 2MW,Mobile/Diesel/Gas,"
10109,Industrial/Commercial Sales & Service,00010208021002,Modern Group Power Systems, 200 Allied Parkway,,West Berlin,NJ ,08091,USA,,800-404-7291,"Sales,Service,Up To 2MW,Mobile/Diesel/Gas,"
10109,Industrial/Commercial Sales & Service,00010208021002,Modern Group Power Systems, 295 New Commerce Blvd.,,Wilkes Barre,PA ,18706,USA,,800-404-7291,"Sales,Service,Up To 2MW,Mobile/Diesel/Gas,"
10109,Industrial/Commercial Sales & Service,00010208021002,Modern Group Power Systems, 66A South Gate Blvd.,,New Castle,DE ,19720,USA,,800-404-7291,"Sales,Service,Up To 2MW,Mobile/Diesel/Gas,"
10109,Industrial/Commercial Sales & Service,00010000931002,"EMERGENCY POWER SYSTEMS, LLC", 35 HAMILTON LANE,,GLENMONT,NY ,12077,USA,,800-914-1465,"Service,Up To 2MW,Mobile/Diesel/Gas,"
10109,Industrial/Commercial Sales & Service,00010000931002,"EMERGENCY POWER SYSTEMS, LLC", 35 HAMILTON LANE,,GLENMONT,NY ,12077,USA,,800-914-1465,"Service,"
10109,Industrial/Commercial Sales & Service,00010208021002,Modern Group Power Systems, 3480 Board Road,,York,PA ,17402,USA,,800-404-7291,"Sales,Service,Up To 2MW,Mobile/Diesel/Gas,"
10109,Industrial/Commercial Sales & Service,00010001731002,AUTHORIZED SERVICES OF NEW ENGLAND, 410 FOREST STREET,,MARLBOROUGH,MA ,01752,USA,,888-890-9886,"Sales,"
10109,Industrial/Commercial Sales & Service,00010001691002,Kelly Generator & Equipment, 1955 Dale Ln,,Owings,MD ,20736,USA,www.kge.com,410-257-5225,"Sales,Service,Up To 2MW,Mobile/Diesel/Gas,Training,Rental,"
10109,Industrial/Commercial Sales & Service,00010001761002,"GENSERVE, INC.", 100 NEWTOWN RD,,PLAINVIEW,NY ,11803,USA,www.genserveinc.com,631-435-0437,"Service,"
10109,Industrial/Commercial Sales & Service,00111209521002,LONG ISLAND EMERGENCY POWER -QO, 2 Ocean Avenue,,DEER PARK,NY ,11729,USA,,631-586-7513,"Sales,"
10109,Industrial/Commercial Sales & Service,00010139211002,POWERPRO SERVICE CO. INC., 608 JOHNSON AVE. UNIT 6,,BOHEMIA,NY ,11716,USA,,631-567-2700,"Sales,Service,Up To 600kW,Mobile/Diesel/Gas,"
10109,Industrial/Commercial Sales & Service,00010134071002,PEAK POWER SYSTEMS, 99 SPRAGUE AVENUE,,MIDDLETOWN,NY ,10940,USA,www.peakpowersystems.com,845-344-1975,"Sales,Service,Up To 600kW,Mobile/Diesel/Gas,Rental,"
10109,Industrial/Commercial Sales & Service,00111209531002,HUNTINGTON POWER - LONG ISLAND, PO BOX 2040,,SHELTON,CT ,06484,USA,,631-586-7513,"Sales,"
10109,Industrial/Commercial Sales & Service,00010001761002,"GENSERVE, INC.", 115A TWINBRIDGE DR.,,PENNSAUKEN,NJ ,08110,USA,www.genserveinc.com,856-324-0459,"Service,"
10109,Industrial/Commercial Sales & Service,00111184131002,HUNTER & LOMISON, 1956 W FOURTH ST,,WILLIAMSPORT,PA ,17701,USA,www.hunterlomison.com,570-326-1764,"Sales,Service,Up To 600kW,Mobile/Diesel/Gas,Rental,"
10109,Industrial/Commercial Sales & Service,00010000881002,HUNTER & LOMISON INC., 1956 W. 4TH STREET,,WILLIAMSPORT,PA ,17701,USA,www.hunterlomison.com,570-326-1764,"Service,Up To 600kW,Mobile/Diesel/Gas,"
10109,Industrial/Commercial Sales & Service,00010001621002,BROOKFIELD SERVICE, 708 GLEBE ROAD,,WESTMORELAND,NH ,03467,USA,www.brookfieldservice.com,802-485-6567,"Service,Up To 600kW,Mobile/Diesel/Gas,"
10109,Industrial/Commercial Sales & Service,00010021101002,SOUTH SHORE GENERATOR INC-Quote, 2696A CRANBERRY HWY,,WAREHAM,MA ,02571,USA,,508-295-7336,"Sales,Service,Up To 600kW,Mobile/Diesel/Gas,"
10109,Industrial/Commercial Sales & Service,00010001701002,SOUTH SHORE GENERATOR INC, ,,EAST WAREHAM,MA ,02538,USA,,508-295-7336,"Financing,Sales,Service,Up To 600kW,Mobile/Diesel/Gas,"
10109,Industrial/Commercial Sales & Service,00111207431002,WARSHAUER ELECTRIC SUPPLY CO INC, 800 SHREWSBURY AVE,,TINTON FALLS,NJ ,07724,USA,www.warshauer.com,732-741-6400,"Service,"
10109,Industrial/Commercial Sales & Service,00010157021002,Mechanical Service Co, 1145 Oak St.,,Pittston,PA ,18640,USA,,570-654-2445,"Service,"
10110,Industrial/Commercial Sales & Service,00010001611002,Huntington Power, 230 Long Hill Cross Rd,,Shelton,CT ,06484,USA,www.huntingtonpower.com,203-929-3203,"Sales,Service,Up To 2MW,Mobile/Diesel/Gas,Training,Rental,"
10110,Industrial/Commercial Sales & Service,00010214161002,"R.L. KISTLER, INC.", 35 HAMILTON LANE,,GLENMONT,NY ,12077,USA,,585-436-1940,"Sales,Service,"
10110,Industrial/Commercial Sales & Service,00010214161002,"R.L. Kistler, Inc", 300 Mile Crossing Blvd.,,Rochester,NY ,14624,USA,rlkistler.com,585-436-1940,"Sales,"
10110,Industrial/Commercial Sales & Service,00010001611002,Huntington Power, 68 Enter Ln,,Islandia,NY ,11749,USA,,631-563-4943,"Sales,Service,Up To 2MW,Mobile/Diesel/Gas,"
10110,Industrial/Commercial Sales & Service,00010001611002,Huntington Power, 34 E DUDLEY TOWN RD.,,BLOOMFIELD,CT ,06002,USA,,860-289-8790,"Sales,Service,Rental,"
10110,Industrial/Commercial Sales & Service,00010214161002,"R.L. Kistler, Inc", 5615 Business Ave.,,N. Syracuse,NY ,13208,USA,,315-458-2875,"Sales,"
10110,Industrial/Commercial Sales & Service,00010214161002,"R.L. Kistler, Inc", 5615 Business Ave.,,N. Syracuse,NY ,13208,USA,,315-458-2875,"Sales,"
10110,Industrial/Commercial Sales & Service,00010208021002,Modern Group Power Systems, 2501 Durham Road,,Bristol,PA ,19007,USA,www.moderngroup.com,800-404-7291,"Sales,Service,Up To 2MW,Mobile/Diesel/Gas,Training,Rental,"
10110,Industrial/Commercial Sales & Service,00010001731002,Authorized Services Of New England, 410 Forest Street,,Marlborough,MA ,01752,USA,www.asne.com,888-890-9886,"Financing,Sales,Service,Up To 2MW,Mobile/Diesel/Gas,Training,Rental,"
10110,Industrial/Commercial Sales & Service,00010008091002,MODERN HANDLING EQUIP, 75 NEW STREET,,EDISON,NJ ,08837,USA,www.moderngroup.com,800-779-5116,"Sales,Service,Up To 2MW,Mobile/Diesel/Gas,"
10110,Industrial/Commercial Sales & Service,00010208021002,Modern Group Power Systems, 200 Allied Parkway,,West Berlin,NJ ,08091,USA,,800-404-7291,"Sales,Service,Up To 2MW,Mobile/Diesel/Gas,"
10110,Industrial/Commercial Sales & Service,00010208021002,Modern Group Power Systems, 6352 Chapmans Rd,,Allentown,PA ,18106,USA,,800-404-7291,"Sales,Service,Up To 2MW,Mobile/Diesel/Gas,"
10110,Industrial/Commercial Sales & Service,00010208021002,Modern Group Power Systems, 295 New Commerce Blvd.,,Wilkes Barre,PA ,18706,USA,,800-404-7291,"Sales,Service,Up To 2MW,Mobile/Diesel/Gas,"
10110,Industrial/Commercial Sales & Service,00010208021002,Modern Group Power Systems, 66A South Gate Blvd.,,New Castle,DE ,19720,USA,,800-404-7291,"Sales,Service,Up To 2MW,Mobile/Diesel/Gas,"
10110,Industrial/Commercial Sales & Service,00010000931002,"EMERGENCY POWER SYSTEMS, LLC", 35 HAMILTON LANE,,GLENMONT,NY ,12077,USA,,800-914-1465,"Service,Up To 2MW,Mobile/Diesel/Gas,"
10110,Industrial/Commercial Sales & Service,00010000931002,"EMERGENCY POWER SYSTEMS, LLC", 35 HAMILTON LANE,,GLENMONT,NY ,12077,USA,,800-914-1465,"Service,"
10110,Industrial/Commercial Sales & Service,00010208021002,Modern Group Power Systems, 3480 Board Road,,York,PA ,17402,USA,,800-404-7291,"Sales,Service,Up To 2MW,Mobile/Diesel/Gas,"
10110,Industrial/Commercial Sales & Service,00010001731002,AUTHORIZED SERVICES OF NEW ENGLAND, 410 FOREST STREET,,MARLBOROUGH,MA ,01752,USA,,888-890-9886,"Sales,"
10110,Industrial/Commercial Sales & Service,00010001691002,Kelly Generator & Equipment, 1955 Dale Ln,,Owings,MD ,20736,USA,www.kge.com,410-257-5225,"Sales,Service,Up To 2MW,Mobile/Diesel/Gas,Training,Rental,"
10110,Industrial/Commercial Sales & Service,00010001761002,"GENSERVE, INC.", 100 NEWTOWN RD,,PLAINVIEW,NY ,11803,USA,www.genserveinc.com,631-435-0437,"Service,"
10110,Industrial/Commercial Sales & Service,00111209521002,LONG ISLAND EMERGENCY POWER -QO, 2 Ocean Avenue,,DEER PARK,NY ,11729,USA,,631-586-7513,"Sales,"
10110,Industrial/Commercial Sales & Service,00010139211002,POWERPRO SERVICE CO. INC., 608 JOHNSON AVE. UNIT 6,,BOHEMIA,NY ,11716,USA,,631-567-2700,"Sales,Service,Up To 600kW,Mobile/Diesel/Gas,"
10110,Industrial/Commercial Sales & Service,00010134071002,PEAK POWER SYSTEMS, 99 SPRAGUE AVENUE,,MIDDLETOWN,NY ,10940,USA,www.peakpowersystems.com,845-344-1975,"Sales,Service,Up To 600kW,Mobile/Diesel/Gas,Rental,"
10110,Industrial/Commercial Sales & Service,00111209531002,HUNTINGTON POWER - LONG ISLAND, PO BOX 2040,,SHELTON,CT ,06484,USA,,631-586-7513,"Sales,"
10110,Industrial/Commercial Sales & Service,00010001761002,"GENSERVE, INC.", 115A TWINBRIDGE DR.,,PENNSAUKEN,NJ ,08110,USA,www.genserveinc.com,856-324-0459,"Service,"
10110,Industrial/Commercial Sales & Service,00111184131002,HUNTER & LOMISON, 1956 W FOURTH ST,,WILLIAMSPORT,PA ,17701,USA,www.hunterlomison.com,570-326-1764,"Sales,Service,Up To 600kW,Mobile/Diesel/Gas,Rental,"
10110,Industrial/Commercial Sales & Service,00010000881002,HUNTER & LOMISON INC., 1956 W. 4TH STREET,,WILLIAMSPORT,PA ,17701,USA,www.hunterlomison.com,570-326-1764,"Service,Up To 600kW,Mobile/Diesel/Gas,"
10110,Industrial/Commercial Sales & Service,00010001621002,BROOKFIELD SERVICE, 708 GLEBE ROAD,,WESTMORELAND,NH ,03467,USA,www.brookfieldservice.com,802-485-6567,"Service,Up To 600kW,Mobile/Diesel/Gas,"
10110,Industrial/Commercial Sales & Service,00010021101002,SOUTH SHORE GENERATOR INC-Quote, 2696A CRANBERRY HWY,,WAREHAM,MA ,02571,USA,,508-295-7336,"Sales,Service,Up To 600kW,Mobile/Diesel/Gas,"
10110,Industrial/Commercial Sales & Service,00010001701002,SOUTH SHORE GENERATOR INC, ,,EAST WAREHAM,MA ,02538,USA,,508-295-7336,"Financing,Sales,Service,Up To 600kW,Mobile/Diesel/Gas,"
10110,Industrial/Commercial Sales & Service,00111207431002,WARSHAUER ELECTRIC SUPPLY CO INC, 800 SHREWSBURY AVE,,TINTON FALLS,NJ ,07724,USA,www.warshauer.com,732-741-6400,"Service,"
10110,Industrial/Commercial Sales & Service,00010157021002,Mechanical Service Co, 1145 Oak St.,,Pittston,PA ,18640,USA,,570-654-2445,"Service,"
10111,Industrial/Commercial Sales & Service,00010001611002,Huntington Power, 230 Long Hill Cross Rd,,Shelton,CT ,06484,USA,www.huntingtonpower.com,203-929-3203,"Sales,Service,Up To 2MW,Mobile/Diesel/Gas,Training,Rental,"
10111,Industrial/Commercial Sales & Service,00010214161002,"R.L. Kistler, Inc", 300 Mile Crossing Blvd.,,Rochester,NY ,14624,USA,rlkistler.com,585-436-1940,"Sales,"
10111,Industrial/Commercial Sales & Service,00010214161002,"R.L. KISTLER, INC.", 35 HAMILTON LANE,,GLENMONT,NY ,12077,USA,,585-436-1940,"Sales,Service,"
10111,Industrial/Commercial Sales & Service,00010001611002,Huntington Power, 68 Enter Ln,,Islandia,NY ,11749,USA,,631-563-4943,"Sales,Service,Up To 2MW,Mobile/Diesel/Gas,"
10111,Industrial/Commercial Sales & Service,00010001611002,Huntington Power, 34 E DUDLEY TOWN RD.,,BLOOMFIELD,CT ,06002,USA,,860-289-8790,"Sales,Service,Rental,"
10111,Industrial/Commercial Sales & Service,00010214161002,"R.L. Kistler, Inc", 5615 Business Ave.,,N. Syracuse,NY ,13208,USA,,315-458-2875,"Sales,"
10111,Industrial/Commercial Sales & Service,00010214161002,"R.L. Kistler, Inc", 5615 Business Ave.,,N. Syracuse,NY ,13208,USA,,315-458-2875,"Sales,"
10111,Industrial/Commercial Sales & Service,00010208021002,Modern Group Power Systems, 2501 Durham Road,,Bristol,PA ,19007,USA,www.moderngroup.com,800-404-7291,"Sales,Service,Up To 2MW,Mobile/Diesel/Gas,Training,Rental,"
10111,Industrial/Commercial Sales & Service,00010001731002,Authorized Services Of New England, 410 Forest Street,,Marlborough,MA ,01752,USA,www.asne.com,888-890-9886,"Financing,Sales,Service,Up To 2MW,Mobile/Diesel/Gas,Training,Rental,"
10111,Industrial/Commercial Sales & Service,00010008091002,MODERN HANDLING EQUIP, 75 NEW STREET,,EDISON,NJ ,08837,USA,www.moderngroup.com,800-779-5116,"Sales,Service,Up To 2MW,Mobile/Diesel/Gas,"
10111,Industrial/Commercial Sales & Service,00010208021002,Modern Group Power Systems, 6352 Chapmans Rd,,Allentown,PA ,18106,USA,,800-404-7291,"Sales,Service,Up To 2MW,Mobile/Diesel/Gas,"
10111,Industrial/Commercial Sales & Service,00010208021002,Modern Group Power Systems, 200 Allied Parkway,,West Berlin,NJ ,08091,USA,,800-404-7291,"Sales,Service,Up To 2MW,Mobile/Diesel/Gas,"
10111,Industrial/Commercial Sales & Service,00010208021002,Modern Group Power Systems, 295 New Commerce Blvd.,,Wilkes Barre,PA ,18706,USA,,800-404-7291,"Sales,Service,Up To 2MW,Mobile/Diesel/Gas,"
10111,Industrial/Commercial Sales & Service,00010208021002,Modern Group Power Systems, 66A South Gate Blvd.,,New Castle,DE ,19720,USA,,800-404-7291,"Sales,Service,Up To 2MW,Mobile/Diesel/Gas,"
10111,Industrial/Commercial Sales & Service,00010000931002,"EMERGENCY POWER SYSTEMS, LLC", 35 HAMILTON LANE,,GLENMONT,NY ,12077,USA,,800-914-1465,"Service,Up To 2MW,Mobile/Diesel/Gas,"
10111,Industrial/Commercial Sales & Service,00010000931002,"EMERGENCY POWER SYSTEMS, LLC", 35 HAMILTON LANE,,GLENMONT,NY ,12077,USA,,800-914-1465,"Service,"
10111,Industrial/Commercial Sales & Service,00010208021002,Modern Group Power Systems, 3480 Board Road,,York,PA ,17402,USA,,800-404-7291,"Sales,Service,Up To 2MW,Mobile/Diesel/Gas,"
10111,Industrial/Commercial Sales & Service,00010001731002,AUTHORIZED SERVICES OF NEW ENGLAND, 410 FOREST STREET,,MARLBOROUGH,MA ,01752,USA,,888-890-9886,"Sales,"
10111,Industrial/Commercial Sales & Service,00010001691002,Kelly Generator & Equipment, 1955 Dale Ln,,Owings,MD ,20736,USA,www.kge.com,410-257-5225,"Sales,Service,Up To 2MW,Mobile/Diesel/Gas,Training,Rental,"
10111,Industrial/Commercial Sales & Service,00010001761002,"GENSERVE, INC.", 100 NEWTOWN RD,,PLAINVIEW,NY ,11803,USA,www.genserveinc.com,631-435-0437,"Service,"
10111,Industrial/Commercial Sales & Service,00111209521002,LONG ISLAND EMERGENCY POWER -QO, 2 Ocean Avenue,,DEER PARK,NY ,11729,USA,,631-586-7513,"Sales,"
10111,Industrial/Commercial Sales & Service,00010139211002,POWERPRO SERVICE CO. INC., 608 JOHNSON AVE. UNIT 6,,BOHEMIA,NY ,11716,USA,,631-567-2700,"Sales,Service,Up To 600kW,Mobile/Diesel/Gas,"
10111,Industrial/Commercial Sales & Service,00010134071002,PEAK POWER SYSTEMS, 99 SPRAGUE AVENUE,,MIDDLETOWN,NY ,10940,USA,www.peakpowersystems.com,845-344-1975,"Sales,Service,Up To 600kW,Mobile/Diesel/Gas,Rental,"
10111,Industrial/Commercial Sales & Service,00111209531002,HUNTINGTON POWER - LONG ISLAND, PO BOX 2040,,SHELTON,CT ,06484,USA,,631-586-7513,"Sales,"
10111,Industrial/Commercial Sales & Service,00010001761002,"GENSERVE, INC.", 115A TWINBRIDGE DR.,,PENNSAUKEN,NJ ,08110,USA,www.genserveinc.com,856-324-0459,"Service,"
10111,Industrial/Commercial Sales & Service,00111184131002,HUNTER & LOMISON, 1956 W FOURTH ST,,WILLIAMSPORT,PA ,17701,USA,www.hunterlomison.com,570-326-1764,"Sales,Service,Up To 600kW,Mobile/Diesel/Gas,Rental,"
10111,Industrial/Commercial Sales & Service,00010000881002,HUNTER & LOMISON INC., 1956 W. 4TH STREET,,WILLIAMSPORT,PA ,17701,USA,www.hunterlomison.com,570-326-1764,"Service,Up To 600kW,Mobile/Diesel/Gas,"
10111,Industrial/Commercial Sales & Service,00010001621002,BROOKFIELD SERVICE, 708 GLEBE ROAD,,WESTMORELAND,NH ,03467,USA,www.brookfieldservice.com,802-485-6567,"Service,Up To 600kW,Mobile/Diesel/Gas,"
10111,Industrial/Commercial Sales & Service,00010021101002,SOUTH SHORE GENERATOR INC-Quote, 2696A CRANBERRY HWY,,WAREHAM,MA ,02571,USA,,508-295-7336,"Sales,Service,Up To 600kW,Mobile/Diesel/Gas,"
10111,Industrial/Commercial Sales & Service,00010001701002,SOUTH SHORE GENERATOR INC, ,,EAST WAREHAM,MA ,02538,USA,,508-295-7336,"Financing,Sales,Service,Up To 600kW,Mobile/Diesel/Gas,"
10111,Industrial/Commercial Sales & Service,00111207431002,WARSHAUER ELECTRIC SUPPLY CO INC, 800 SHREWSBURY AVE,,TINTON FALLS,NJ ,07724,USA,www.warshauer.com,732-741-6400,"Service,"
10111,Industrial/Commercial Sales & Service,00010157021002,Mechanical Service Co, 1145 Oak St.,,Pittston,PA ,18640,USA,,570-654-2445,"Service,"
10112,Industrial/Commercial Sales & Service,00010214161002,"R.L. Kistler, Inc", 300 Mile Crossing Blvd.,,Rochester,NY ,14624,USA,rlkistler.com,585-436-1940,"Sales,"
10112,Industrial/Commercial Sales & Service,00010001611002,Huntington Power, 230 Long Hill Cross Rd,,Shelton,CT ,06484,USA,www.huntingtonpower.com,203-929-3203,"Sales,Service,Up To 2MW,Mobile/Diesel/Gas,Training,Rental,"
10112,Industrial/Commercial Sales & Service,00010214161002,"R.L. KISTLER, INC.", 35 HAMILTON LANE,,GLENMONT,NY ,12077,USA,,585-436-1940,"Sales,Service,"
10112,Industrial/Commercial Sales & Service,00010214161002,"R.L. Kistler, Inc", 5615 Business Ave.,,N. Syracuse,NY ,13208,USA,,315-458-2875,"Sales,"
10112,Industrial/Commercial Sales & Service,00010001611002,Huntington Power, 68 Enter Ln,,Islandia,NY ,11749,USA,,631-563-4943,"Sales,Service,Up To 2MW,Mobile/Diesel/Gas,"
10112,Industrial/Commercial Sales & Service,00010001611002,Huntington Power, 34 E DUDLEY TOWN RD.,,BLOOMFIELD,CT ,06002,USA,,860-289-8790,"Sales,Service,Rental,"
10112,Industrial/Commercial Sales & Service,00010214161002,"R.L. Kistler, Inc", 5615 Business Ave.,,N. Syracuse,NY ,13208,USA,,315-458-2875,"Sales,"
10112,Industrial/Commercial Sales & Service,00010208021002,Modern Group Power Systems, 2501 Durham Road,,Bristol,PA ,19007,USA,www.moderngroup.com,800-404-7291,"Sales,Service,Up To 2MW,Mobile/Diesel/Gas,Training,Rental,"
10112,Industrial/Commercial Sales & Service,00010001731002,Authorized Services Of New England, 410 Forest Street,,Marlborough,MA ,01752,USA,www.asne.com,888-890-9886,"Financing,Sales,Service,Up To 2MW,Mobile/Diesel/Gas,Training,Rental,"
10112,Industrial/Commercial Sales & Service,00010008091002,MODERN HANDLING EQUIP, 75 NEW STREET,,EDISON,NJ ,08837,USA,www.moderngroup.com,800-779-5116,"Sales,Service,Up To 2MW,Mobile/Diesel/Gas,"
10112,Industrial/Commercial Sales & Service,00010208021002,Modern Group Power Systems, 6352 Chapmans Rd,,Allentown,PA ,18106,USA,,800-404-7291,"Sales,Service,Up To 2MW,Mobile/Diesel/Gas,"
10112,Industrial/Commercial Sales & Service,00010208021002,Modern Group Power Systems, 200 Allied Parkway,,West Berlin,NJ ,08091,USA,,800-404-7291,"Sales,Service,Up To 2MW,Mobile/Diesel/Gas,"
10112,Industrial/Commercial Sales & Service,00010208021002,Modern Group Power Systems, 295 New Commerce Blvd.,,Wilkes Barre,PA ,18706,USA,,800-404-7291,"Sales,Service,Up To 2MW,Mobile/Diesel/Gas,"
10112,Industrial/Commercial Sales & Service,00010208021002,Modern Group Power Systems, 66A South Gate Blvd.,,New Castle,DE ,19720,USA,,800-404-7291,"Sales,Service,Up To 2MW,Mobile/Diesel/Gas,"
10112,Industrial/Commercial Sales & Service,00010000931002,"EMERGENCY POWER SYSTEMS, LLC", 35 HAMILTON LANE,,GLENMONT,NY ,12077,USA,,800-914-1465,"Service,Up To 2MW,Mobile/Diesel/Gas,"
10112,Industrial/Commercial Sales & Service,00010000931002,"EMERGENCY POWER SYSTEMS, LLC", 35 HAMILTON LANE,,GLENMONT,NY ,12077,USA,,800-914-1465,"Service,"
10112,Industrial/Commercial Sales & Service,00010208021002,Modern Group Power Systems, 3480 Board Road,,York,PA ,17402,USA,,800-404-7291,"Sales,Service,Up To 2MW,Mobile/Diesel/Gas,"
10112,Industrial/Commercial Sales & Service,00010001731002,AUTHORIZED SERVICES OF NEW ENGLAND, 410 FOREST STREET,,MARLBOROUGH,MA ,01752,USA,,888-890-9886,"Sales,"
10112,Industrial/Commercial Sales & Service,00010001691002,Kelly Generator & Equipment, 1955 Dale Ln,,Owings,MD ,20736,USA,www.kge.com,410-257-5225,"Sales,Service,Up To 2MW,Mobile/Diesel/Gas,Training,Rental,"
10112,Industrial/Commercial Sales & Service,00010001761002,"GENSERVE, INC.", 100 NEWTOWN RD,,PLAINVIEW,NY ,11803,USA,www.genserveinc.com,631-435-0437,"Service,"
10112,Industrial/Commercial Sales & Service,00111209521002,LONG ISLAND EMERGENCY POWER -QO, 2 Ocean Avenue,,DEER PARK,NY ,11729,USA,,631-586-7513,"Sales,"
10112,Industrial/Commercial Sales & Service,00010139211002,POWERPRO SERVICE CO. INC., 608 JOHNSON AVE. UNIT 6,,BOHEMIA,NY ,11716,USA,,631-567-2700,"Sales,Service,Up To 600kW,Mobile/Diesel/Gas,"
10112,Industrial/Commercial Sales & Service,00010134071002,PEAK POWER SYSTEMS, 99 SPRAGUE AVENUE,,MIDDLETOWN,NY ,10940,USA,www.peakpowersystems.com,845-344-1975,"Sales,Service,Up To 600kW,Mobile/Diesel/Gas,Rental,"
10112,Industrial/Commercial Sales & Service,00111209531002,HUNTINGTON POWER - LONG ISLAND, PO BOX 2040,,SHELTON,CT ,06484,USA,,631-586-7513,"Sales,"
10112,Industrial/Commercial Sales & Service,00010001761002,"GENSERVE, INC.", 115A TWINBRIDGE DR.,,PENNSAUKEN,NJ ,08110,USA,www.genserveinc.com,856-324-0459,"Service,"
10112,Industrial/Commercial Sales & Service,00111184131002,HUNTER & LOMISON, 1956 W FOURTH ST,,WILLIAMSPORT,PA ,17701,USA,www.hunterlomison.com,570-326-1764,"Sales,Service,Up To 600kW,Mobile/Diesel/Gas,Rental,"
10112,Industrial/Commercial Sales & Service,00010000881002,HUNTER & LOMISON INC., 1956 W. 4TH STREET,,WILLIAMSPORT,PA ,17701,USA,www.hunterlomison.com,570-326-1764,"Service,Up To 600kW,Mobile/Diesel/Gas,"
10112,Industrial/Commercial Sales & Service,00010001621002,BROOKFIELD SERVICE, 708 GLEBE ROAD,,WESTMORELAND,NH ,03467,USA,www.brookfieldservice.com,802-485-6567,"Service,Up To 600kW,Mobile/Diesel/Gas,"
10112,Industrial/Commercial Sales & Service,00010021101002,SOUTH SHORE GENERATOR INC-Quote, 2696A CRANBERRY HWY,,WAREHAM,MA ,02571,USA,,508-295-7336,"Sales,Service,Up To 600kW,Mobile/Diesel/Gas,"
10112,Industrial/Commercial Sales & Service,00010001701002,SOUTH SHORE GENERATOR INC, ,,EAST WAREHAM,MA ,02538,USA,,508-295-7336,"Financing,Sales,Service,Up To 600kW,Mobile/Diesel/Gas,"
10112,Industrial/Commercial Sales & Service,00111207431002,WARSHAUER ELECTRIC SUPPLY CO INC, 800 SHREWSBURY AVE,,TINTON FALLS,NJ ,07724,USA,www.warshauer.com,732-741-6400,"Service,"
10112,Industrial/Commercial Sales & Service,00010157021002,Mechanical Service Co, 1145 Oak St.,,Pittston,PA ,18640,USA,,570-654-2445,"Service,"
10113,Industrial/Commercial Sales & Service,00010214161002,"R.L. Kistler, Inc", 300 Mile Crossing Blvd.,,Rochester,NY ,14624,USA,rlkistler.com,585-436-1940,"Sales,"
10113,Industrial/Commercial Sales & Service,00010214161002,"R.L. KISTLER, INC.", 35 HAMILTON LANE,,GLENMONT,NY ,12077,USA,,585-436-1940,"Sales,Service,"
10113,Industrial/Commercial Sales & Service,00010001611002,Huntington Power, 230 Long Hill Cross Rd,,Shelton,CT ,06484,USA,www.huntingtonpower.com,203-929-3203,"Sales,Service,Up To 2MW,Mobile/Diesel/Gas,Training,Rental,"
10113,Industrial/Commercial Sales & Service,00010214161002,"R.L. Kistler, Inc", 5615 Business Ave.,,N. Syracuse,NY ,13208,USA,,315-458-2875,"Sales,"
10113,Industrial/Commercial Sales & Service,00010214161002,"R.L. Kistler, Inc", 5615 Business Ave.,,N. Syracuse,NY ,13208,USA,,315-458-2875,"Sales,"
10113,Industrial/Commercial Sales & Service,00010001611002,Huntington Power, 68 Enter Ln,,Islandia,NY ,11749,USA,,631-563-4943,"Sales,Service,Up To 2MW,Mobile/Diesel/Gas,"
10113,Industrial/Commercial Sales & Service,00010001611002,Huntington Power, 34 E DUDLEY TOWN RD.,,BLOOMFIELD,CT ,06002,USA,,860-289-8790,"Sales,Service,Rental,"
10113,Industrial/Commercial Sales & Service,00010208021002,Modern Group Power Systems, 2501 Durham Road,,Bristol,PA ,19007,USA,www.moderngroup.com,800-404-7291,"Sales,Service,Up To 2MW,Mobile/Diesel/Gas,Training,Rental,"
10113,Industrial/Commercial Sales & Service,00010001731002,Authorized Services Of New England, 410 Forest Street,,Marlborough,MA ,01752,USA,www.asne.com,888-890-9886,"Financing,Sales,Service,Up To 2MW,Mobile/Diesel/Gas,Training,Rental,"
10113,Industrial/Commercial Sales & Service,00010008091002,MODERN HANDLING EQUIP, 75 NEW STREET,,EDISON,NJ ,08837,USA,www.moderngroup.com,800-779-5116,"Sales,Service,Up To 2MW,Mobile/Diesel/Gas,"
10113,Industrial/Commercial Sales & Service,00010208021002,Modern Group Power Systems, 200 Allied Parkway,,West Berlin,NJ ,08091,USA,,800-404-7291,"Sales,Service,Up To 2MW,Mobile/Diesel/Gas,"
10113,Industrial/Commercial Sales & Service,00010208021002,Modern Group Power Systems, 6352 Chapmans Rd,,Allentown,PA ,18106,USA,,800-404-7291,"Sales,Service,Up To 2MW,Mobile/Diesel/Gas,"
10113,Industrial/Commercial Sales & Service,00010208021002,Modern Group Power Systems, 295 New Commerce Blvd.,,Wilkes Barre,PA ,18706,USA,,800-404-7291,"Sales,Service,Up To 2MW,Mobile/Diesel/Gas,"
10113,Industrial/Commercial Sales & Service,00010208021002,Modern Group Power Systems, 66A South Gate Blvd.,,New Castle,DE ,19720,USA,,800-404-7291,"Sales,Service,Up To 2MW,Mobile/Diesel/Gas,"
10113,Industrial/Commercial Sales & Service,00010000931002,"EMERGENCY POWER SYSTEMS, LLC", 35 HAMILTON LANE,,GLENMONT,NY ,12077,USA,,800-914-1465,"Service,Up To 2MW,Mobile/Diesel/Gas,"
10113,Industrial/Commercial Sales & Service,00010000931002,"EMERGENCY POWER SYSTEMS, LLC", 35 HAMILTON LANE,,GLENMONT,NY ,12077,USA,,800-914-1465,"Service,"
10113,Industrial/Commercial Sales & Service,00010208021002,Modern Group Power Systems, 3480 Board Road,,York,PA ,17402,USA,,800-404-7291,"Sales,Service,Up To 2MW,Mobile/Diesel/Gas,"
10113,Industrial/Commercial Sales & Service,00010001731002,AUTHORIZED SERVICES OF NEW ENGLAND, 410 FOREST STREET,,MARLBOROUGH,MA ,01752,USA,,888-890-9886,"Sales,"
10113,Industrial/Commercial Sales & Service,00010001691002,Kelly Generator & Equipment, 1955 Dale Ln,,Owings,MD ,20736,USA,www.kge.com,410-257-5225,"Sales,Service,Up To 2MW,Mobile/Diesel/Gas,Training,Rental,"
10113,Industrial/Commercial Sales & Service,00010001761002,"GENSERVE, INC.", 100 NEWTOWN RD,,PLAINVIEW,NY ,11803,USA,www.genserveinc.com,631-435-0437,"Service,"
10113,Industrial/Commercial Sales & Service,00111209521002,LONG ISLAND EMERGENCY POWER -QO, 2 Ocean Avenue,,DEER PARK,NY ,11729,USA,,631-586-7513,"Sales,"
10113,Industrial/Commercial Sales & Service,00010139211002,POWERPRO SERVICE CO. INC., 608 JOHNSON AVE. UNIT 6,,BOHEMIA,NY ,11716,USA,,631-567-2700,"Sales,Service,Up To 600kW,Mobile/Diesel/Gas,"
10113,Industrial/Commercial Sales & Service,00010134071002,PEAK POWER SYSTEMS, 99 SPRAGUE AVENUE,,MIDDLETOWN,NY ,10940,USA,www.peakpowersystems.com,845-344-1975,"Sales,Service,Up To 600kW,Mobile/Diesel/Gas,Rental,"
10113,Industrial/Commercial Sales & Service,00111209531002,HUNTINGTON POWER - LONG ISLAND, PO BOX 2040,,SHELTON,CT ,06484,USA,,631-586-7513,"Sales,"
10113,Industrial/Commercial Sales & Service,00010001761002,"GENSERVE, INC.", 115A TWINBRIDGE DR.,,PENNSAUKEN,NJ ,08110,USA,www.genserveinc.com,856-324-0459,"Service,"
10113,Industrial/Commercial Sales & Service,00111184131002,HUNTER & LOMISON, 1956 W FOURTH ST,,WILLIAMSPORT,PA ,17701,USA,www.hunterlomison.com,570-326-1764,"Sales,Service,Up To 600kW,Mobile/Diesel/Gas,Rental,"
10113,Industrial/Commercial Sales & Service,00010000881002,HUNTER & LOMISON INC., 1956 W. 4TH STREET,,WILLIAMSPORT,PA ,17701,USA,www.hunterlomison.com,570-326-1764,"Service,Up To 600kW,Mobile/Diesel/Gas,"
10113,Industrial/Commercial Sales & Service,00010001621002,BROOKFIELD SERVICE, 708 GLEBE ROAD,,WESTMORELAND,NH ,03467,USA,www.brookfieldservice.com,802-485-6567,"Service,Up To 600kW,Mobile/Diesel/Gas,"
10113,Industrial/Commercial Sales & Service,00010021101002,SOUTH SHORE GENERATOR INC-Quote, 2696A CRANBERRY HWY,,WAREHAM,MA ,02571,USA,,508-295-7336,"Sales,Service,Up To 600kW,Mobile/Diesel/Gas,"
10113,Industrial/Commercial Sales & Service,00010001701002,SOUTH SHORE GENERATOR INC, ,,EAST WAREHAM,MA ,02538,USA,,508-295-7336,"Financing,Sales,Service,Up To 600kW,Mobile/Diesel/Gas,"
10113,Industrial/Commercial Sales & Service,00111207431002,WARSHAUER ELECTRIC SUPPLY CO INC, 800 SHREWSBURY AVE,,TINTON FALLS,NJ ,07724,USA,www.warshauer.com,732-741-6400,"Service,"
10113,Industrial/Commercial Sales & Service,00010157021002,Mechanical Service Co, 1145 Oak St.,,Pittston,PA ,18640,USA,,570-654-2445,"Service,"
10114,Industrial/Commercial Sales & Service,00010001611002,Huntington Power, 230 Long Hill Cross Rd,,Shelton,CT ,06484,USA,www.huntingtonpower.com,203-929-3203,"Sales,Service,Up To 2MW,Mobile/Diesel/Gas,Training,Rental,"
10114,Industrial/Commercial Sales & Service,00010214161002,"R.L. KISTLER, INC.", 35 HAMILTON LANE,,GLENMONT,NY ,12077,USA,,585-436-1940,"Sales,Service,"
10114,Industrial/Commercial Sales & Service,00010214161002,"R.L. Kistler, Inc", 300 Mile Crossing Blvd.,,Rochester,NY ,14624,USA,rlkistler.com,585-436-1940,"Sales,"
10114,Industrial/Commercial Sales & Service,00010001611002,Huntington Power, 68 Enter Ln,,Islandia,NY ,11749,USA,,631-563-4943,"Sales,Service,Up To 2MW,Mobile/Diesel/Gas,"
10114,Industrial/Commercial Sales & Service,00010001611002,Huntington Power, 34 E DUDLEY TOWN RD.,,BLOOMFIELD,CT ,06002,USA,,860-289-8790,"Sales,Service,Rental,"
10114,Industrial/Commercial Sales & Service,00010214161002,"R.L. Kistler, Inc", 5615 Business Ave.,,N. Syracuse,NY ,13208,USA,,315-458-2875,"Sales,"
10114,Industrial/Commercial Sales & Service,00010214161002,"R.L. Kistler, Inc", 5615 Business Ave.,,N. Syracuse,NY ,13208,USA,,315-458-2875,"Sales,"
10114,Industrial/Commercial Sales & Service,00010208021002,Modern Group Power Systems, 2501 Durham Road,,Bristol,PA ,19007,USA,www.moderngroup.com,800-404-7291,"Sales,Service,Up To 2MW,Mobile/Diesel/Gas,Training,Rental,"
10114,Industrial/Commercial Sales & Service,00010001731002,Authorized Services Of New England, 410 Forest Street,,Marlborough,MA ,01752,USA,www.asne.com,888-890-9886,"Financing,Sales,Service,Up To 2MW,Mobile/Diesel/Gas,Training,Rental,"
10114,Industrial/Commercial Sales & Service,00010008091002,MODERN HANDLING EQUIP, 75 NEW STREET,,EDISON,NJ ,08837,USA,www.moderngroup.com,800-779-5116,"Sales,Service,Up To 2MW,Mobile/Diesel/Gas,"
10114,Industrial/Commercial Sales & Service,00010208021002,Modern Group Power Systems, 200 Allied Parkway,,West Berlin,NJ ,08091,USA,,800-404-7291,"Sales,Service,Up To 2MW,Mobile/Diesel/Gas,"
10114,Industrial/Commercial Sales & Service,00010208021002,Modern Group Power Systems, 6352 Chapmans Rd,,Allentown,PA ,18106,USA,,800-404-7291,"Sales,Service,Up To 2MW,Mobile/Diesel/Gas,"
10114,Industrial/Commercial Sales & Service,00010208021002,Modern Group Power Systems, 295 New Commerce Blvd.,,Wilkes Barre,PA ,18706,USA,,800-404-7291,"Sales,Service,Up To 2MW,Mobile/Diesel/Gas,"
10114,Industrial/Commercial Sales & Service,00010208021002,Modern Group Power Systems, 66A South Gate Blvd.,,New Castle,DE ,19720,USA,,800-404-7291,"Sales,Service,Up To 2MW,Mobile/Diesel/Gas,"
10114,Industrial/Commercial Sales & Service,00010000931002,"EMERGENCY POWER SYSTEMS, LLC", 35 HAMILTON LANE,,GLENMONT,NY ,12077,USA,,800-914-1465,"Service,Up To 2MW,Mobile/Diesel/Gas,"
10114,Industrial/Commercial Sales & Service,00010000931002,"EMERGENCY POWER SYSTEMS, LLC", 35 HAMILTON LANE,,GLENMONT,NY ,12077,USA,,800-914-1465,"Service,"
10114,Industrial/Commercial Sales & Service,00010208021002,Modern Group Power Systems, 3480 Board Road,,York,PA ,17402,USA,,800-404-7291,"Sales,Service,Up To 2MW,Mobile/Diesel/Gas,"
10114,Industrial/Commercial Sales & Service,00010001731002,AUTHORIZED SERVICES OF NEW ENGLAND, 410 FOREST STREET,,MARLBOROUGH,MA ,01752,USA,,888-890-9886,"Sales,"
10114,Industrial/Commercial Sales & Service,00010001691002,Kelly Generator & Equipment, 1955 Dale Ln,,Owings,MD ,20736,USA,www.kge.com,410-257-5225,"Sales,Service,Up To 2MW,Mobile/Diesel/Gas,Training,Rental,"
10114,Industrial/Commercial Sales & Service,00010001761002,"GENSERVE, INC.", 100 NEWTOWN RD,,PLAINVIEW,NY ,11803,USA,www.genserveinc.com,631-435-0437,"Service,"
10114,Industrial/Commercial Sales & Service,00111209521002,LONG ISLAND EMERGENCY POWER -QO, 2 Ocean Avenue,,DEER PARK,NY ,11729,USA,,631-586-7513,"Sales,"
10114,Industrial/Commercial Sales & Service,00010139211002,POWERPRO SERVICE CO. INC., 608 JOHNSON AVE. UNIT 6,,BOHEMIA,NY ,11716,USA,,631-567-2700,"Sales,Service,Up To 600kW,Mobile/Diesel/Gas,"
10114,Industrial/Commercial Sales & Service,00010134071002,PEAK POWER SYSTEMS, 99 SPRAGUE AVENUE,,MIDDLETOWN,NY ,10940,USA,www.peakpowersystems.com,845-344-1975,"Sales,Service,Up To 600kW,Mobile/Diesel/Gas,Rental,"
10114,Industrial/Commercial Sales & Service,00111209531002,HUNTINGTON POWER - LONG ISLAND, PO BOX 2040,,SHELTON,CT ,06484,USA,,631-586-7513,"Sales,"
10114,Industrial/Commercial Sales & Service,00010001761002,"GENSERVE, INC.", 115A TWINBRIDGE DR.,,PENNSAUKEN,NJ ,08110,USA,www.genserveinc.com,856-324-0459,"Service,"
10114,Industrial/Commercial Sales & Service,00111184131002,HUNTER & LOMISON, 1956 W FOURTH ST,,WILLIAMSPORT,PA ,17701,USA,www.hunterlomison.com,570-326-1764,"Sales,Service,Up To 600kW,Mobile/Diesel/Gas,Rental,"
10114,Industrial/Commercial Sales & Service,00010000881002,HUNTER & LOMISON INC., 1956 W. 4TH STREET,,WILLIAMSPORT,PA ,17701,USA,www.hunterlomison.com,570-326-1764,"Service,Up To 600kW,Mobile/Diesel/Gas,"
10114,Industrial/Commercial Sales & Service,00010001621002,BROOKFIELD SERVICE, 708 GLEBE ROAD,,WESTMORELAND,NH ,03467,USA,www.brookfieldservice.com,802-485-6567,"Service,Up To 600kW,Mobile/Diesel/Gas,"
10114,Industrial/Commercial Sales & Service,00010021101002,SOUTH SHORE GENERATOR INC-Quote, 2696A CRANBERRY HWY,,WAREHAM,MA ,02571,USA,,508-295-7336,"Sales,Service,Up To 600kW,Mobile/Diesel/Gas,"
10114,Industrial/Commercial Sales & Service,00010001701002,SOUTH SHORE GENERATOR INC, ,,EAST WAREHAM,MA ,02538,USA,,508-295-7336,"Financing,Sales,Service,Up To 600kW,Mobile/Diesel/Gas,"
10114,Industrial/Commercial Sales & Service,00111207431002,WARSHAUER ELECTRIC SUPPLY CO INC, 800 SHREWSBURY AVE,,TINTON FALLS,NJ ,07724,USA,www.warshauer.com,732-741-6400,"Service,"
10114,Industrial/Commercial Sales & Service,00010157021002,Mechanical Service Co, 1145 Oak St.,,Pittston,PA ,18640,USA,,570-654-2445,"Service,"
10115,Industrial/Commercial Sales & Service,00010214161002,"R.L. KISTLER, INC.", 35 HAMILTON LANE,,GLENMONT,NY ,12077,USA,,585-436-1940,"Sales,Service,"
10115,Industrial/Commercial Sales & Service,00010001611002,Huntington Power, 230 Long Hill Cross Rd,,Shelton,CT ,06484,USA,www.huntingtonpower.com,203-929-3203,"Sales,Service,Up To 2MW,Mobile/Diesel/Gas,Training,Rental,"
10115,Industrial/Commercial Sales & Service,00010214161002,"R.L. Kistler, Inc", 300 Mile Crossing Blvd.,,Rochester,NY ,14624,USA,rlkistler.com,585-436-1940,"Sales,"
10115,Industrial/Commercial Sales & Service,00010214161002,"R.L. Kistler, Inc", 5615 Business Ave.,,N. Syracuse,NY ,13208,USA,,315-458-2875,"Sales,"
10115,Industrial/Commercial Sales & Service,00010001611002,Huntington Power, 68 Enter Ln,,Islandia,NY ,11749,USA,,631-563-4943,"Sales,Service,Up To 2MW,Mobile/Diesel/Gas,"
10115,Industrial/Commercial Sales & Service,00010001611002,Huntington Power, 34 E DUDLEY TOWN RD.,,BLOOMFIELD,CT ,06002,USA,,860-289-8790,"Sales,Service,Rental,"
10115,Industrial/Commercial Sales & Service,00010214161002,"R.L. Kistler, Inc", 5615 Business Ave.,,N. Syracuse,NY ,13208,USA,,315-458-2875,"Sales,"
10115,Industrial/Commercial Sales & Service,00010208021002,Modern Group Power Systems, 2501 Durham Road,,Bristol,PA ,19007,USA,www.moderngroup.com,800-404-7291,"Sales,Service,Up To 2MW,Mobile/Diesel/Gas,Training,Rental,"
10115,Industrial/Commercial Sales & Service,00010001731002,Authorized Services Of New England, 410 Forest Street,,Marlborough,MA ,01752,USA,www.asne.com,888-890-9886,"Financing,Sales,Service,Up To 2MW,Mobile/Diesel/Gas,Training,Rental,"
10115,Industrial/Commercial Sales & Service,00010008091002,MODERN HANDLING EQUIP, 75 NEW STREET,,EDISON,NJ ,08837,USA,www.moderngroup.com,800-779-5116,"Sales,Service,Up To 2MW,Mobile/Diesel/Gas,"
10115,Industrial/Commercial Sales & Service,00010208021002,Modern Group Power Systems, 6352 Chapmans Rd,,Allentown,PA ,18106,USA,,800-404-7291,"Sales,Service,Up To 2MW,Mobile/Diesel/Gas,"
10115,Industrial/Commercial Sales & Service,00010208021002,Modern Group Power Systems, 200 Allied Parkway,,West Berlin,NJ ,08091,USA,,800-404-7291,"Sales,Service,Up To 2MW,Mobile/Diesel/Gas,"
10115,Industrial/Commercial Sales & Service,00010208021002,Modern Group Power Systems, 295 New Commerce Blvd.,,Wilkes Barre,PA ,18706,USA,,800-404-7291,"Sales,Service,Up To 2MW,Mobile/Diesel/Gas,"
10115,Industrial/Commercial Sales & Service,00010208021002,Modern Group Power Systems, 66A South Gate Blvd.,,New Castle,DE ,19720,USA,,800-404-7291,"Sales,Service,Up To 2MW,Mobile/Diesel/Gas,"
10115,Industrial/Commercial Sales & Service,00010000931002,"EMERGENCY POWER SYSTEMS, LLC", 35 HAMILTON LANE,,GLENMONT,NY ,12077,USA,,800-914-1465,"Service,Up To 2MW,Mobile/Diesel/Gas,"
10115,Industrial/Commercial Sales & Service,00010000931002,"EMERGENCY POWER SYSTEMS, LLC", 35 HAMILTON LANE,,GLENMONT,NY ,12077,USA,,800-914-1465,"Service,"
10115,Industrial/Commercial Sales & Service,00010208021002,Modern Group Power Systems, 3480 Board Road,,York,PA ,17402,USA,,800-404-7291,"Sales,Service,Up To 2MW,Mobile/Diesel/Gas,"
10115,Industrial/Commercial Sales & Service,00010001731002,AUTHORIZED SERVICES OF NEW ENGLAND, 410 FOREST STREET,,MARLBOROUGH,MA ,01752,USA,,888-890-9886,"Sales,"
10115,Industrial/Commercial Sales & Service,00010001761002,"GENSERVE, INC.", 100 NEWTOWN RD,,PLAINVIEW,NY ,11803,USA,www.genserveinc.com,631-435-0437,"Service,"
10115,Industrial/Commercial Sales & Service,00111209521002,LONG ISLAND EMERGENCY POWER -QO, 2 Ocean Avenue,,DEER PARK,NY ,11729,USA,,631-586-7513,"Sales,"
10115,Industrial/Commercial Sales & Service,00010139211002,POWERPRO SERVICE CO. INC., 608 JOHNSON AVE. UNIT 6,,BOHEMIA,NY ,11716,USA,,631-567-2700,"Sales,Service,Up To 600kW,Mobile/Diesel/Gas,"
10115,Industrial/Commercial Sales & Service,00010134071002,PEAK POWER SYSTEMS, 99 SPRAGUE AVENUE,,MIDDLETOWN,NY ,10940,USA,www.peakpowersystems.com,845-344-1975,"Sales,Service,Up To 600kW,Mobile/Diesel/Gas,Rental,"
10115,Industrial/Commercial Sales & Service,00111209531002,HUNTINGTON POWER - LONG ISLAND, PO BOX 2040,,SHELTON,CT ,06484,USA,,631-586-7513,"Sales,"
10115,Industrial/Commercial Sales & Service,00010001761002,"GENSERVE, INC.", 115A TWINBRIDGE DR.,,PENNSAUKEN,NJ ,08110,USA,www.genserveinc.com,856-324-0459,"Service,"
10115,Industrial/Commercial Sales & Service,00111184131002,HUNTER & LOMISON, 1956 W FOURTH ST,,WILLIAMSPORT,PA ,17701,USA,www.hunterlomison.com,570-326-1764,"Sales,Service,Up To 600kW,Mobile/Diesel/Gas,Rental,"
10115,Industrial/Commercial Sales & Service,00010000881002,HUNTER & LOMISON INC., 1956 W. 4TH STREET,,WILLIAMSPORT,PA ,17701,USA,www.hunterlomison.com,570-326-1764,"Service,Up To 600kW,Mobile/Diesel/Gas,"
10115,Industrial/Commercial Sales & Service,00010001621002,BROOKFIELD SERVICE, 708 GLEBE ROAD,,WESTMORELAND,NH ,03467,USA,www.brookfieldservice.com,802-485-6567,"Service,Up To 600kW,Mobile/Diesel/Gas,"
10115,Industrial/Commercial Sales & Service,00010021101002,SOUTH SHORE GENERATOR INC-Quote, 2696A CRANBERRY HWY,,WAREHAM,MA ,02571,USA,,508-295-7336,"Sales,Service,Up To 600kW,Mobile/Diesel/Gas,"
10115,Industrial/Commercial Sales & Service,00010001701002,SOUTH SHORE GENERATOR INC, ,,EAST WAREHAM,MA ,02538,USA,,508-295-7336,"Financing,Sales,Service,Up To 600kW,Mobile/Diesel/Gas,"
10115,Industrial/Commercial Sales & Service,00111207431002,WARSHAUER ELECTRIC SUPPLY CO INC, 800 SHREWSBURY AVE,,TINTON FALLS,NJ ,07724,USA,www.warshauer.com,732-741-6400,"Service,"
10115,Industrial/Commercial Sales & Service,00010157021002,Mechanical Service Co, 1145 Oak St.,,Pittston,PA ,18640,USA,,570-654-2445,"Service,"
10116,Industrial/Commercial Sales & Service,00010214161002,"R.L. KISTLER, INC.", 35 HAMILTON LANE,,GLENMONT,NY ,12077,USA,,585-436-1940,"Sales,Service,"
10116,Industrial/Commercial Sales & Service,00010001611002,Huntington Power, 230 Long Hill Cross Rd,,Shelton,CT ,06484,USA,www.huntingtonpower.com,203-929-3203,"Sales,Service,Up To 2MW,Mobile/Diesel/Gas,Training,Rental,"
10116,Industrial/Commercial Sales & Service,00010214161002,"R.L. Kistler, Inc", 300 Mile Crossing Blvd.,,Rochester,NY ,14624,USA,rlkistler.com,585-436-1940,"Sales,"
10116,Industrial/Commercial Sales & Service,00010214161002,"R.L. Kistler, Inc", 5615 Business Ave.,,N. Syracuse,NY ,13208,USA,,315-458-2875,"Sales,"
10116,Industrial/Commercial Sales & Service,00010001611002,Huntington Power, 68 Enter Ln,,Islandia,NY ,11749,USA,,631-563-4943,"Sales,Service,Up To 2MW,Mobile/Diesel/Gas,"
10116,Industrial/Commercial Sales & Service,00010001611002,Huntington Power, 34 E DUDLEY TOWN RD.,,BLOOMFIELD,CT ,06002,USA,,860-289-8790,"Sales,Service,Rental,"
10116,Industrial/Commercial Sales & Service,00010214161002,"R.L. Kistler, Inc", 5615 Business Ave.,,N. Syracuse,NY ,13208,USA,,315-458-2875,"Sales,"
10116,Industrial/Commercial Sales & Service,00010208021002,Modern Group Power Systems, 2501 Durham Road,,Bristol,PA ,19007,USA,www.moderngroup.com,800-404-7291,"Sales,Service,Up To 2MW,Mobile/Diesel/Gas,Training,Rental,"
10116,Industrial/Commercial Sales & Service,00010001731002,Authorized Services Of New England, 410 Forest Street,,Marlborough,MA ,01752,USA,www.asne.com,888-890-9886,"Financing,Sales,Service,Up To 2MW,Mobile/Diesel/Gas,Training,Rental,"
10116,Industrial/Commercial Sales & Service,00010008091002,MODERN HANDLING EQUIP, 75 NEW STREET,,EDISON,NJ ,08837,USA,www.moderngroup.com,800-779-5116,"Sales,Service,Up To 2MW,Mobile/Diesel/Gas,"
10116,Industrial/Commercial Sales & Service,00010208021002,Modern Group Power Systems, 6352 Chapmans Rd,,Allentown,PA ,18106,USA,,800-404-7291,"Sales,Service,Up To 2MW,Mobile/Diesel/Gas,"
10116,Industrial/Commercial Sales & Service,00010208021002,Modern Group Power Systems, 200 Allied Parkway,,West Berlin,NJ ,08091,USA,,800-404-7291,"Sales,Service,Up To 2MW,Mobile/Diesel/Gas,"
10116,Industrial/Commercial Sales & Service,00010208021002,Modern Group Power Systems, 295 New Commerce Blvd.,,Wilkes Barre,PA ,18706,USA,,800-404-7291,"Sales,Service,Up To 2MW,Mobile/Diesel/Gas,"
10116,Industrial/Commercial Sales & Service,00010208021002,Modern Group Power Systems, 66A South Gate Blvd.,,New Castle,DE ,19720,USA,,800-404-7291,"Sales,Service,Up To 2MW,Mobile/Diesel/Gas,"
10116,Industrial/Commercial Sales & Service,00010000931002,"EMERGENCY POWER SYSTEMS, LLC", 35 HAMILTON LANE,,GLENMONT,NY ,12077,USA,,800-914-1465,"Service,Up To 2MW,Mobile/Diesel/Gas,"
10116,Industrial/Commercial Sales & Service,00010000931002,"EMERGENCY POWER SYSTEMS, LLC", 35 HAMILTON LANE,,GLENMONT,NY ,12077,USA,,800-914-1465,"Service,"
10116,Industrial/Commercial Sales & Service,00010208021002,Modern Group Power Systems, 3480 Board Road,,York,PA ,17402,USA,,800-404-7291,"Sales,Service,Up To 2MW,Mobile/Diesel/Gas,"
10116,Industrial/Commercial Sales & Service,00010001731002,AUTHORIZED SERVICES OF NEW ENGLAND, 410 FOREST STREET,,MARLBOROUGH,MA ,01752,USA,,888-890-9886,"Sales,"
10116,Industrial/Commercial Sales & Service,00010001761002,"GENSERVE, INC.", 100 NEWTOWN RD,,PLAINVIEW,NY ,11803,USA,www.genserveinc.com,631-435-0437,"Service,"
10116,Industrial/Commercial Sales & Service,00111209521002,LONG ISLAND EMERGENCY POWER -QO, 2 Ocean Avenue,,DEER PARK,NY ,11729,USA,,631-586-7513,"Sales,"
10116,Industrial/Commercial Sales & Service,00010139211002,POWERPRO SERVICE CO. INC., 608 JOHNSON AVE. UNIT 6,,BOHEMIA,NY ,11716,USA,,631-567-2700,"Sales,Service,Up To 600kW,Mobile/Diesel/Gas,"
10116,Industrial/Commercial Sales & Service,00010134071002,PEAK POWER SYSTEMS, 99 SPRAGUE AVENUE,,MIDDLETOWN,NY ,10940,USA,www.peakpowersystems.com,845-344-1975,"Sales,Service,Up To 600kW,Mobile/Diesel/Gas,Rental,"
10116,Industrial/Commercial Sales & Service,00111209531002,HUNTINGTON POWER - LONG ISLAND, PO BOX 2040,,SHELTON,CT ,06484,USA,,631-586-7513,"Sales,"
10116,Industrial/Commercial Sales & Service,00010001761002,"GENSERVE, INC.", 115A TWINBRIDGE DR.,,PENNSAUKEN,NJ ,08110,USA,www.genserveinc.com,856-324-0459,"Service,"
10116,Industrial/Commercial Sales & Service,00111184131002,HUNTER & LOMISON, 1956 W FOURTH ST,,WILLIAMSPORT,PA ,17701,USA,www.hunterlomison.com,570-326-1764,"Sales,Service,Up To 600kW,Mobile/Diesel/Gas,Rental,"
10116,Industrial/Commercial Sales & Service,00010000881002,HUNTER & LOMISON INC., 1956 W. 4TH STREET,,WILLIAMSPORT,PA ,17701,USA,www.hunterlomison.com,570-326-1764,"Service,Up To 600kW,Mobile/Diesel/Gas,"
10116,Industrial/Commercial Sales & Service,00010001621002,BROOKFIELD SERVICE, 708 GLEBE ROAD,,WESTMORELAND,NH ,03467,USA,www.brookfieldservice.com,802-485-6567,"Service,Up To 600kW,Mobile/Diesel/Gas,"
10116,Industrial/Commercial Sales & Service,00010021101002,SOUTH SHORE GENERATOR INC-Quote, 2696A CRANBERRY HWY,,WAREHAM,MA ,02571,USA,,508-295-7336,"Sales,Service,Up To 600kW,Mobile/Diesel/Gas,"
10116,Industrial/Commercial Sales & Service,00010001701002,SOUTH SHORE GENERATOR INC, ,,EAST WAREHAM,MA ,02538,USA,,508-295-7336,"Financing,Sales,Service,Up To 600kW,Mobile/Diesel/Gas,"
10116,Industrial/Commercial Sales & Service,00111207431002,WARSHAUER ELECTRIC SUPPLY CO INC, 800 SHREWSBURY AVE,,TINTON FALLS,NJ ,07724,USA,www.warshauer.com,732-741-6400,"Service,"
10116,Industrial/Commercial Sales & Service,00010157021002,Mechanical Service Co, 1145 Oak St.,,Pittston,PA ,18640,USA,,570-654-2445,"Service,"
10117,Industrial/Commercial Sales & Service,00010001611002,Huntington Power, 230 Long Hill Cross Rd,,Shelton,CT ,06484,USA,www.huntingtonpower.com,203-929-3203,"Sales,Service,Up To 2MW,Mobile/Diesel/Gas,Training,Rental,"
10117,Industrial/Commercial Sales & Service,00010214161002,"R.L. KISTLER, INC.", 35 HAMILTON LANE,,GLENMONT,NY ,12077,USA,,585-436-1940,"Sales,Service,"
10117,Industrial/Commercial Sales & Service,00010214161002,"R.L. Kistler, Inc", 300 Mile Crossing Blvd.,,Rochester,NY ,14624,USA,rlkistler.com,585-436-1940,"Sales,"
10117,Industrial/Commercial Sales & Service,00010001611002,Huntington Power, 68 Enter Ln,,Islandia,NY ,11749,USA,,631-563-4943,"Sales,Service,Up To 2MW,Mobile/Diesel/Gas,"
10117,Industrial/Commercial Sales & Service,00010001611002,Huntington Power, 34 E DUDLEY TOWN RD.,,BLOOMFIELD,CT ,06002,USA,,860-289-8790,"Sales,Service,Rental,"
10117,Industrial/Commercial Sales & Service,00010214161002,"R.L. Kistler, Inc", 5615 Business Ave.,,N. Syracuse,NY ,13208,USA,,315-458-2875,"Sales,"
10117,Industrial/Commercial Sales & Service,00010214161002,"R.L. Kistler, Inc", 5615 Business Ave.,,N. Syracuse,NY ,13208,USA,,315-458-2875,"Sales,"
10117,Industrial/Commercial Sales & Service,00010208021002,Modern Group Power Systems, 2501 Durham Road,,Bristol,PA ,19007,USA,www.moderngroup.com,800-404-7291,"Sales,Service,Up To 2MW,Mobile/Diesel/Gas,Training,Rental,"
10117,Industrial/Commercial Sales & Service,00010001731002,Authorized Services Of New England, 410 Forest Street,,Marlborough,MA ,01752,USA,www.asne.com,888-890-9886,"Financing,Sales,Service,Up To 2MW,Mobile/Diesel/Gas,Training,Rental,"
10117,Industrial/Commercial Sales & Service,00010008091002,MODERN HANDLING EQUIP, 75 NEW STREET,,EDISON,NJ ,08837,USA,www.moderngroup.com,800-779-5116,"Sales,Service,Up To 2MW,Mobile/Diesel/Gas,"
10117,Industrial/Commercial Sales & Service,00010208021002,Modern Group Power Systems, 6352 Chapmans Rd,,Allentown,PA ,18106,USA,,800-404-7291,"Sales,Service,Up To 2MW,Mobile/Diesel/Gas,"
10117,Industrial/Commercial Sales & Service,00010208021002,Modern Group Power Systems, 200 Allied Parkway,,West Berlin,NJ ,08091,USA,,800-404-7291,"Sales,Service,Up To 2MW,Mobile/Diesel/Gas,"
10117,Industrial/Commercial Sales & Service,00010208021002,Modern Group Power Systems, 295 New Commerce Blvd.,,Wilkes Barre,PA ,18706,USA,,800-404-7291,"Sales,Service,Up To 2MW,Mobile/Diesel/Gas,"
10117,Industrial/Commercial Sales & Service,00010208021002,Modern Group Power Systems, 66A South Gate Blvd.,,New Castle,DE ,19720,USA,,800-404-7291,"Sales,Service,Up To 2MW,Mobile/Diesel/Gas,"
10117,Industrial/Commercial Sales & Service,00010000931002,"EMERGENCY POWER SYSTEMS, LLC", 35 HAMILTON LANE,,GLENMONT,NY ,12077,USA,,800-914-1465,"Service,Up To 2MW,Mobile/Diesel/Gas,"
10117,Industrial/Commercial Sales & Service,00010000931002,"EMERGENCY POWER SYSTEMS, LLC", 35 HAMILTON LANE,,GLENMONT,NY ,12077,USA,,800-914-1465,"Service,"
10117,Industrial/Commercial Sales & Service,00010208021002,Modern Group Power Systems, 3480 Board Road,,York,PA ,17402,USA,,800-404-7291,"Sales,Service,Up To 2MW,Mobile/Diesel/Gas,"
10117,Industrial/Commercial Sales & Service,00010001731002,AUTHORIZED SERVICES OF NEW ENGLAND, 410 FOREST STREET,,MARLBOROUGH,MA ,01752,USA,,888-890-9886,"Sales,"
10117,Industrial/Commercial Sales & Service,00010001691002,Kelly Generator & Equipment, 1955 Dale Ln,,Owings,MD ,20736,USA,www.kge.com,410-257-5225,"Sales,Service,Up To 2MW,Mobile/Diesel/Gas,Training,Rental,"
10117,Industrial/Commercial Sales & Service,00010001761002,"GENSERVE, INC.", 100 NEWTOWN RD,,PLAINVIEW,NY ,11803,USA,www.genserveinc.com,631-435-0437,"Service,"
10117,Industrial/Commercial Sales & Service,00111209521002,LONG ISLAND EMERGENCY POWER -QO, 2 Ocean Avenue,,DEER PARK,NY ,11729,USA,,631-586-7513,"Sales,"
10117,Industrial/Commercial Sales & Service,00010139211002,POWERPRO SERVICE CO. INC., 608 JOHNSON AVE. UNIT 6,,BOHEMIA,NY ,11716,USA,,631-567-2700,"Sales,Service,Up To 600kW,Mobile/Diesel/Gas,"
10117,Industrial/Commercial Sales & Service,00010134071002,PEAK POWER SYSTEMS, 99 SPRAGUE AVENUE,,MIDDLETOWN,NY ,10940,USA,www.peakpowersystems.com,845-344-1975,"Sales,Service,Up To 600kW,Mobile/Diesel/Gas,Rental,"
10117,Industrial/Commercial Sales & Service,00111209531002,HUNTINGTON POWER - LONG ISLAND, PO BOX 2040,,SHELTON,CT ,06484,USA,,631-586-7513,"Sales,"
10117,Industrial/Commercial Sales & Service,00010001761002,"GENSERVE, INC.", 115A TWINBRIDGE DR.,,PENNSAUKEN,NJ ,08110,USA,www.genserveinc.com,856-324-0459,"Service,"
10117,Industrial/Commercial Sales & Service,00111184131002,HUNTER & LOMISON, 1956 W FOURTH ST,,WILLIAMSPORT,PA ,17701,USA,www.hunterlomison.com,570-326-1764,"Sales,Service,Up To 600kW,Mobile/Diesel/Gas,Rental,"
10117,Industrial/Commercial Sales & Service,00010000881002,HUNTER & LOMISON INC., 1956 W. 4TH STREET,,WILLIAMSPORT,PA ,17701,USA,www.hunterlomison.com,570-326-1764,"Service,Up To 600kW,Mobile/Diesel/Gas,"
10117,Industrial/Commercial Sales & Service,00010001621002,BROOKFIELD SERVICE, 708 GLEBE ROAD,,WESTMORELAND,NH ,03467,USA,www.brookfieldservice.com,802-485-6567,"Service,Up To 600kW,Mobile/Diesel/Gas,"
10117,Industrial/Commercial Sales & Service,00010021101002,SOUTH SHORE GENERATOR INC-Quote, 2696A CRANBERRY HWY,,WAREHAM,MA ,02571,USA,,508-295-7336,"Sales,Service,Up To 600kW,Mobile/Diesel/Gas,"
10117,Industrial/Commercial Sales & Service,00010001701002,SOUTH SHORE GENERATOR INC, ,,EAST WAREHAM,MA ,02538,USA,,508-295-7336,"Financing,Sales,Service,Up To 600kW,Mobile/Diesel/Gas,"
10117,Industrial/Commercial Sales & Service,00111207431002,WARSHAUER ELECTRIC SUPPLY CO INC, 800 SHREWSBURY AVE,,TINTON FALLS,NJ ,07724,USA,www.warshauer.com,732-741-6400,"Service,"
10117,Industrial/Commercial Sales & Service,00010157021002,Mechanical Service Co, 1145 Oak St.,,Pittston,PA ,18640,USA,,570-654-2445,"Service,"
10118,Industrial/Commercial Sales & Service,00010001611002,Huntington Power, 230 Long Hill Cross Rd,,Shelton,CT ,06484,USA,www.huntingtonpower.com,203-929-3203,"Sales,Service,Up To 2MW,Mobile/Diesel/Gas,Training,Rental,"
10118,Industrial/Commercial Sales & Service,00010214161002,"R.L. KISTLER, INC.", 35 HAMILTON LANE,,GLENMONT,NY ,12077,USA,,585-436-1940,"Sales,Service,"
10118,Industrial/Commercial Sales & Service,00010214161002,"R.L. Kistler, Inc", 300 Mile Crossing Blvd.,,Rochester,NY ,14624,USA,rlkistler.com,585-436-1940,"Sales,"
10118,Industrial/Commercial Sales & Service,00010001611002,Huntington Power, 68 Enter Ln,,Islandia,NY ,11749,USA,,631-563-4943,"Sales,Service,Up To 2MW,Mobile/Diesel/Gas,"
10118,Industrial/Commercial Sales & Service,00010001611002,Huntington Power, 34 E DUDLEY TOWN RD.,,BLOOMFIELD,CT ,06002,USA,,860-289-8790,"Sales,Service,Rental,"
10118,Industrial/Commercial Sales & Service,00010214161002,"R.L. Kistler, Inc", 5615 Business Ave.,,N. Syracuse,NY ,13208,USA,,315-458-2875,"Sales,"
10118,Industrial/Commercial Sales & Service,00010214161002,"R.L. Kistler, Inc", 5615 Business Ave.,,N. Syracuse,NY ,13208,USA,,315-458-2875,"Sales,"
10118,Industrial/Commercial Sales & Service,00010208021002,Modern Group Power Systems, 2501 Durham Road,,Bristol,PA ,19007,USA,www.moderngroup.com,800-404-7291,"Sales,Service,Up To 2MW,Mobile/Diesel/Gas,Training,Rental,"
10118,Industrial/Commercial Sales & Service,00010001731002,Authorized Services Of New England, 410 Forest Street,,Marlborough,MA ,01752,USA,www.asne.com,888-890-9886,"Financing,Sales,Service,Up To 2MW,Mobile/Diesel/Gas,Training,Rental,"
10118,Industrial/Commercial Sales & Service,00010008091002,MODERN HANDLING EQUIP, 75 NEW STREET,,EDISON,NJ ,08837,USA,www.moderngroup.com,800-779-5116,"Sales,Service,Up To 2MW,Mobile/Diesel/Gas,"
10118,Industrial/Commercial Sales & Service,00010208021002,Modern Group Power Systems, 6352 Chapmans Rd,,Allentown,PA ,18106,USA,,800-404-7291,"Sales,Service,Up To 2MW,Mobile/Diesel/Gas,"
10118,Industrial/Commercial Sales & Service,00010208021002,Modern Group Power Systems, 200 Allied Parkway,,West Berlin,NJ ,08091,USA,,800-404-7291,"Sales,Service,Up To 2MW,Mobile/Diesel/Gas,"
10118,Industrial/Commercial Sales & Service,00010208021002,Modern Group Power Systems, 295 New Commerce Blvd.,,Wilkes Barre,PA ,18706,USA,,800-404-7291,"Sales,Service,Up To 2MW,Mobile/Diesel/Gas,"
10118,Industrial/Commercial Sales & Service,00010208021002,Modern Group Power Systems, 66A South Gate Blvd.,,New Castle,DE ,19720,USA,,800-404-7291,"Sales,Service,Up To 2MW,Mobile/Diesel/Gas,"
10118,Industrial/Commercial Sales & Service,00010000931002,"EMERGENCY POWER SYSTEMS, LLC", 35 HAMILTON LANE,,GLENMONT,NY ,12077,USA,,800-914-1465,"Service,Up To 2MW,Mobile/Diesel/Gas,"
10118,Industrial/Commercial Sales & Service,00010000931002,"EMERGENCY POWER SYSTEMS, LLC", 35 HAMILTON LANE,,GLENMONT,NY ,12077,USA,,800-914-1465,"Service,"
10118,Industrial/Commercial Sales & Service,00010208021002,Modern Group Power Systems, 3480 Board Road,,York,PA ,17402,USA,,800-404-7291,"Sales,Service,Up To 2MW,Mobile/Diesel/Gas,"
10118,Industrial/Commercial Sales & Service,00010001731002,AUTHORIZED SERVICES OF NEW ENGLAND, 410 FOREST STREET,,MARLBOROUGH,MA ,01752,USA,,888-890-9886,"Sales,"
10118,Industrial/Commercial Sales & Service,00010001691002,Kelly Generator & Equipment, 1955 Dale Ln,,Owings,MD ,20736,USA,www.kge.com,410-257-5225,"Sales,Service,Up To 2MW,Mobile/Diesel/Gas,Training,Rental,"
10118,Industrial/Commercial Sales & Service,00010001761002,"GENSERVE, INC.", 100 NEWTOWN RD,,PLAINVIEW,NY ,11803,USA,www.genserveinc.com,631-435-0437,"Service,"
10118,Industrial/Commercial Sales & Service,00111209521002,LONG ISLAND EMERGENCY POWER -QO, 2 Ocean Avenue,,DEER PARK,NY ,11729,USA,,631-586-7513,"Sales,"
10118,Industrial/Commercial Sales & Service,00010139211002,POWERPRO SERVICE CO. INC., 608 JOHNSON AVE. UNIT 6,,BOHEMIA,NY ,11716,USA,,631-567-2700,"Sales,Service,Up To 600kW,Mobile/Diesel/Gas,"
10118,Industrial/Commercial Sales & Service,00010134071002,PEAK POWER SYSTEMS, 99 SPRAGUE AVENUE,,MIDDLETOWN,NY ,10940,USA,www.peakpowersystems.com,845-344-1975,"Sales,Service,Up To 600kW,Mobile/Diesel/Gas,Rental,"
10118,Industrial/Commercial Sales & Service,00111209531002,HUNTINGTON POWER - LONG ISLAND, PO BOX 2040,,SHELTON,CT ,06484,USA,,631-586-7513,"Sales,"
10118,Industrial/Commercial Sales & Service,00010001761002,"GENSERVE, INC.", 115A TWINBRIDGE DR.,,PENNSAUKEN,NJ ,08110,USA,www.genserveinc.com,856-324-0459,"Service,"
10118,Industrial/Commercial Sales & Service,00111184131002,HUNTER & LOMISON, 1956 W FOURTH ST,,WILLIAMSPORT,PA ,17701,USA,www.hunterlomison.com,570-326-1764,"Sales,Service,Up To 600kW,Mobile/Diesel/Gas,Rental,"
10118,Industrial/Commercial Sales & Service,00010000881002,HUNTER & LOMISON INC., 1956 W. 4TH STREET,,WILLIAMSPORT,PA ,17701,USA,www.hunterlomison.com,570-326-1764,"Service,Up To 600kW,Mobile/Diesel/Gas,"
10118,Industrial/Commercial Sales & Service,00010001621002,BROOKFIELD SERVICE, 708 GLEBE ROAD,,WESTMORELAND,NH ,03467,USA,www.brookfieldservice.com,802-485-6567,"Service,Up To 600kW,Mobile/Diesel/Gas,"
10118,Industrial/Commercial Sales & Service,00010021101002,SOUTH SHORE GENERATOR INC-Quote, 2696A CRANBERRY HWY,,WAREHAM,MA ,02571,USA,,508-295-7336,"Sales,Service,Up To 600kW,Mobile/Diesel/Gas,"
10118,Industrial/Commercial Sales & Service,00010001701002,SOUTH SHORE GENERATOR INC, ,,EAST WAREHAM,MA ,02538,USA,,508-295-7336,"Financing,Sales,Service,Up To 600kW,Mobile/Diesel/Gas,"
10118,Industrial/Commercial Sales & Service,00111207431002,WARSHAUER ELECTRIC SUPPLY CO INC, 800 SHREWSBURY AVE,,TINTON FALLS,NJ ,07724,USA,www.warshauer.com,732-741-6400,"Service,"
10118,Industrial/Commercial Sales & Service,00010157021002,Mechanical Service Co, 1145 Oak St.,,Pittston,PA ,18640,USA,,570-654-2445,"Service,"
10119,Industrial/Commercial Sales & Service,00010214161002,"R.L. KISTLER, INC.", 35 HAMILTON LANE,,GLENMONT,NY ,12077,USA,,585-436-1940,"Sales,Service,"
10119,Industrial/Commercial Sales & Service,00010214161002,"R.L. Kistler, Inc", 300 Mile Crossing Blvd.,,Rochester,NY ,14624,USA,rlkistler.com,585-436-1940,"Sales,"
10119,Industrial/Commercial Sales & Service,00010001611002,Huntington Power, 230 Long Hill Cross Rd,,Shelton,CT ,06484,USA,www.huntingtonpower.com,203-929-3203,"Sales,Service,Up To 2MW,Mobile/Diesel/Gas,Training,Rental,"
10119,Industrial/Commercial Sales & Service,00010214161002,"R.L. Kistler, Inc", 5615 Business Ave.,,N. Syracuse,NY ,13208,USA,,315-458-2875,"Sales,"
10119,Industrial/Commercial Sales & Service,00010214161002,"R.L. Kistler, Inc", 5615 Business Ave.,,N. Syracuse,NY ,13208,USA,,315-458-2875,"Sales,"
10119,Industrial/Commercial Sales & Service,00010001611002,Huntington Power, 68 Enter Ln,,Islandia,NY ,11749,USA,,631-563-4943,"Sales,Service,Up To 2MW,Mobile/Diesel/Gas,"
10119,Industrial/Commercial Sales & Service,00010001611002,Huntington Power, 34 E DUDLEY TOWN RD.,,BLOOMFIELD,CT ,06002,USA,,860-289-8790,"Sales,Service,Rental,"
10119,Industrial/Commercial Sales & Service,00010208021002,Modern Group Power Systems, 2501 Durham Road,,Bristol,PA ,19007,USA,www.moderngroup.com,800-404-7291,"Sales,Service,Up To 2MW,Mobile/Diesel/Gas,Training,Rental,"
10119,Industrial/Commercial Sales & Service,00010001731002,Authorized Services Of New England, 410 Forest Street,,Marlborough,MA ,01752,USA,www.asne.com,888-890-9886,"Financing,Sales,Service,Up To 2MW,Mobile/Diesel/Gas,Training,Rental,"
10119,Industrial/Commercial Sales & Service,00010008091002,MODERN HANDLING EQUIP, 75 NEW STREET,,EDISON,NJ ,08837,USA,www.moderngroup.com,800-779-5116,"Sales,Service,Up To 2MW,Mobile/Diesel/Gas,"
10119,Industrial/Commercial Sales & Service,00010208021002,Modern Group Power Systems, 6352 Chapmans Rd,,Allentown,PA ,18106,USA,,800-404-7291,"Sales,Service,Up To 2MW,Mobile/Diesel/Gas,"
10119,Industrial/Commercial Sales & Service,00010208021002,Modern Group Power Systems, 200 Allied Parkway,,West Berlin,NJ ,08091,USA,,800-404-7291,"Sales,Service,Up To 2MW,Mobile/Diesel/Gas,"
10119,Industrial/Commercial Sales & Service,00010208021002,Modern Group Power Systems, 295 New Commerce Blvd.,,Wilkes Barre,PA ,18706,USA,,800-404-7291,"Sales,Service,Up To 2MW,Mobile/Diesel/Gas,"
10119,Industrial/Commercial Sales & Service,00010208021002,Modern Group Power Systems, 66A South Gate Blvd.,,New Castle,DE ,19720,USA,,800-404-7291,"Sales,Service,Up To 2MW,Mobile/Diesel/Gas,"
10119,Industrial/Commercial Sales & Service,00010000931002,"EMERGENCY POWER SYSTEMS, LLC", 35 HAMILTON LANE,,GLENMONT,NY ,12077,USA,,800-914-1465,"Service,Up To 2MW,Mobile/Diesel/Gas,"
10119,Industrial/Commercial Sales & Service,00010000931002,"EMERGENCY POWER SYSTEMS, LLC", 35 HAMILTON LANE,,GLENMONT,NY ,12077,USA,,800-914-1465,"Service,"
10119,Industrial/Commercial Sales & Service,00010208021002,Modern Group Power Systems, 3480 Board Road,,York,PA ,17402,USA,,800-404-7291,"Sales,Service,Up To 2MW,Mobile/Diesel/Gas,"
10119,Industrial/Commercial Sales & Service,00010001731002,AUTHORIZED SERVICES OF NEW ENGLAND, 410 FOREST STREET,,MARLBOROUGH,MA ,01752,USA,,888-890-9886,"Sales,"
10119,Industrial/Commercial Sales & Service,00010001691002,Kelly Generator & Equipment, 1955 Dale Ln,,Owings,MD ,20736,USA,www.kge.com,410-257-5225,"Sales,Service,Up To 2MW,Mobile/Diesel/Gas,Training,Rental,"
10119,Industrial/Commercial Sales & Service,00010001761002,"GENSERVE, INC.", 100 NEWTOWN RD,,PLAINVIEW,NY ,11803,USA,www.genserveinc.com,631-435-0437,"Service,"
10119,Industrial/Commercial Sales & Service,00111209521002,LONG ISLAND EMERGENCY POWER -QO, 2 Ocean Avenue,,DEER PARK,NY ,11729,USA,,631-586-7513,"Sales,"
10119,Industrial/Commercial Sales & Service,00010139211002,POWERPRO SERVICE CO. INC., 608 JOHNSON AVE. UNIT 6,,BOHEMIA,NY ,11716,USA,,631-567-2700,"Sales,Service,Up To 600kW,Mobile/Diesel/Gas,"
10119,Industrial/Commercial Sales & Service,00010134071002,PEAK POWER SYSTEMS, 99 SPRAGUE AVENUE,,MIDDLETOWN,NY ,10940,USA,www.peakpowersystems.com,845-344-1975,"Sales,Service,Up To 600kW,Mobile/Diesel/Gas,Rental,"
10119,Industrial/Commercial Sales & Service,00111209531002,HUNTINGTON POWER - LONG ISLAND, PO BOX 2040,,SHELTON,CT ,06484,USA,,631-586-7513,"Sales,"
10119,Industrial/Commercial Sales & Service,00010001761002,"GENSERVE, INC.", 115A TWINBRIDGE DR.,,PENNSAUKEN,NJ ,08110,USA,www.genserveinc.com,856-324-0459,"Service,"
10119,Industrial/Commercial Sales & Service,00111184131002,HUNTER & LOMISON, 1956 W FOURTH ST,,WILLIAMSPORT,PA ,17701,USA,www.hunterlomison.com,570-326-1764,"Sales,Service,Up To 600kW,Mobile/Diesel/Gas,Rental,"
10119,Industrial/Commercial Sales & Service,00010000881002,HUNTER & LOMISON INC., 1956 W. 4TH STREET,,WILLIAMSPORT,PA ,17701,USA,www.hunterlomison.com,570-326-1764,"Service,Up To 600kW,Mobile/Diesel/Gas,"
10119,Industrial/Commercial Sales & Service,00010001621002,BROOKFIELD SERVICE, 708 GLEBE ROAD,,WESTMORELAND,NH ,03467,USA,www.brookfieldservice.com,802-485-6567,"Service,Up To 600kW,Mobile/Diesel/Gas,"
10119,Industrial/Commercial Sales & Service,00010021101002,SOUTH SHORE GENERATOR INC-Quote, 2696A CRANBERRY HWY,,WAREHAM,MA ,02571,USA,,508-295-7336,"Sales,Service,Up To 600kW,Mobile/Diesel/Gas,"
10119,Industrial/Commercial Sales & Service,00010001701002,SOUTH SHORE GENERATOR INC, ,,EAST WAREHAM,MA ,02538,USA,,508-295-7336,"Financing,Sales,Service,Up To 600kW,Mobile/Diesel/Gas,"
10119,Industrial/Commercial Sales & Service,00111207431002,WARSHAUER ELECTRIC SUPPLY CO INC, 800 SHREWSBURY AVE,,TINTON FALLS,NJ ,07724,USA,www.warshauer.com,732-741-6400,"Service,"
10119,Industrial/Commercial Sales & Service,00010157021002,Mechanical Service Co, 1145 Oak St.,,Pittston,PA ,18640,USA,,570-654-2445,"Service,"
10120,Industrial/Commercial Sales & Service,00010001611002,Huntington Power, 230 Long Hill Cross Rd,,Shelton,CT ,06484,USA,www.huntingtonpower.com,203-929-3203,"Sales,Service,Up To 2MW,Mobile/Diesel/Gas,Training,Rental,"
10120,Industrial/Commercial Sales & Service,00010214161002,"R.L. Kistler, Inc", 300 Mile Crossing Blvd.,,Rochester,NY ,14624,USA,rlkistler.com,585-436-1940,"Sales,"
10120,Industrial/Commercial Sales & Service,00010214161002,"R.L. KISTLER, INC.", 35 HAMILTON LANE,,GLENMONT,NY ,12077,USA,,585-436-1940,"Sales,Service,"
10120,Industrial/Commercial Sales & Service,00010001611002,Huntington Power, 68 Enter Ln,,Islandia,NY ,11749,USA,,631-563-4943,"Sales,Service,Up To 2MW,Mobile/Diesel/Gas,"
10120,Industrial/Commercial Sales & Service,00010001611002,Huntington Power, 34 E DUDLEY TOWN RD.,,BLOOMFIELD,CT ,06002,USA,,860-289-8790,"Sales,Service,Rental,"
10120,Industrial/Commercial Sales & Service,00010214161002,"R.L. Kistler, Inc", 5615 Business Ave.,,N. Syracuse,NY ,13208,USA,,315-458-2875,"Sales,"
10120,Industrial/Commercial Sales & Service,00010214161002,"R.L. Kistler, Inc", 5615 Business Ave.,,N. Syracuse,NY ,13208,USA,,315-458-2875,"Sales,"
10120,Industrial/Commercial Sales & Service,00010208021002,Modern Group Power Systems, 2501 Durham Road,,Bristol,PA ,19007,USA,www.moderngroup.com,800-404-7291,"Sales,Service,Up To 2MW,Mobile/Diesel/Gas,Training,Rental,"
10120,Industrial/Commercial Sales & Service,00010001731002,Authorized Services Of New England, 410 Forest Street,,Marlborough,MA ,01752,USA,www.asne.com,888-890-9886,"Financing,Sales,Service,Up To 2MW,Mobile/Diesel/Gas,Training,Rental,"
10120,Industrial/Commercial Sales & Service,00010008091002,MODERN HANDLING EQUIP, 75 NEW STREET,,EDISON,NJ ,08837,USA,www.moderngroup.com,800-779-5116,"Sales,Service,Up To 2MW,Mobile/Diesel/Gas,"
10120,Industrial/Commercial Sales & Service,00010208021002,Modern Group Power Systems, 6352 Chapmans Rd,,Allentown,PA ,18106,USA,,800-404-7291,"Sales,Service,Up To 2MW,Mobile/Diesel/Gas,"
10120,Industrial/Commercial Sales & Service,00010208021002,Modern Group Power Systems, 200 Allied Parkway,,West Berlin,NJ ,08091,USA,,800-404-7291,"Sales,Service,Up To 2MW,Mobile/Diesel/Gas,"
10120,Industrial/Commercial Sales & Service,00010208021002,Modern Group Power Systems, 295 New Commerce Blvd.,,Wilkes Barre,PA ,18706,USA,,800-404-7291,"Sales,Service,Up To 2MW,Mobile/Diesel/Gas,"
10120,Industrial/Commercial Sales & Service,00010208021002,Modern Group Power Systems, 66A South Gate Blvd.,,New Castle,DE ,19720,USA,,800-404-7291,"Sales,Service,Up To 2MW,Mobile/Diesel/Gas,"
10120,Industrial/Commercial Sales & Service,00010000931002,"EMERGENCY POWER SYSTEMS, LLC", 35 HAMILTON LANE,,GLENMONT,NY ,12077,USA,,800-914-1465,"Service,Up To 2MW,Mobile/Diesel/Gas,"
10120,Industrial/Commercial Sales & Service,00010000931002,"EMERGENCY POWER SYSTEMS, LLC", 35 HAMILTON LANE,,GLENMONT,NY ,12077,USA,,800-914-1465,"Service,"
10120,Industrial/Commercial Sales & Service,00010208021002,Modern Group Power Systems, 3480 Board Road,,York,PA ,17402,USA,,800-404-7291,"Sales,Service,Up To 2MW,Mobile/Diesel/Gas,"
10120,Industrial/Commercial Sales & Service,00010001731002,AUTHORIZED SERVICES OF NEW ENGLAND, 410 FOREST STREET,,MARLBOROUGH,MA ,01752,USA,,888-890-9886,"Sales,"
10120,Industrial/Commercial Sales & Service,00010001691002,Kelly Generator & Equipment, 1955 Dale Ln,,Owings,MD ,20736,USA,www.kge.com,410-257-5225,"Sales,Service,Up To 2MW,Mobile/Diesel/Gas,Training,Rental,"
10120,Industrial/Commercial Sales & Service,00010001761002,"GENSERVE, INC.", 100 NEWTOWN RD,,PLAINVIEW,NY ,11803,USA,www.genserveinc.com,631-435-0437,"Service,"
10120,Industrial/Commercial Sales & Service,00111209521002,LONG ISLAND EMERGENCY POWER -QO, 2 Ocean Avenue,,DEER PARK,NY ,11729,USA,,631-586-7513,"Sales,"
10120,Industrial/Commercial Sales & Service,00010139211002,POWERPRO SERVICE CO. INC., 608 JOHNSON AVE. UNIT 6,,BOHEMIA,NY ,11716,USA,,631-567-2700,"Sales,Service,Up To 600kW,Mobile/Diesel/Gas,"
10120,Industrial/Commercial Sales & Service,00010134071002,PEAK POWER SYSTEMS, 99 SPRAGUE AVENUE,,MIDDLETOWN,NY ,10940,USA,www.peakpowersystems.com,845-344-1975,"Sales,Service,Up To 600kW,Mobile/Diesel/Gas,Rental,"
10120,Industrial/Commercial Sales & Service,00111209531002,HUNTINGTON POWER - LONG ISLAND, PO BOX 2040,,SHELTON,CT ,06484,USA,,631-586-7513,"Sales,"
10120,Industrial/Commercial Sales & Service,00010001761002,"GENSERVE, INC.", 115A TWINBRIDGE DR.,,PENNSAUKEN,NJ ,08110,USA,www.genserveinc.com,856-324-0459,"Service,"
10120,Industrial/Commercial Sales & Service,00111184131002,HUNTER & LOMISON, 1956 W FOURTH ST,,WILLIAMSPORT,PA ,17701,USA,www.hunterlomison.com,570-326-1764,"Sales,Service,Up To 600kW,Mobile/Diesel/Gas,Rental,"
10120,Industrial/Commercial Sales & Service,00010000881002,HUNTER & LOMISON INC., 1956 W. 4TH STREET,,WILLIAMSPORT,PA ,17701,USA,www.hunterlomison.com,570-326-1764,"Service,Up To 600kW,Mobile/Diesel/Gas,"
10120,Industrial/Commercial Sales & Service,00010001621002,BROOKFIELD SERVICE, 708 GLEBE ROAD,,WESTMORELAND,NH ,03467,USA,www.brookfieldservice.com,802-485-6567,"Service,Up To 600kW,Mobile/Diesel/Gas,"
10120,Industrial/Commercial Sales & Service,00010021101002,SOUTH SHORE GENERATOR INC-Quote, 2696A CRANBERRY HWY,,WAREHAM,MA ,02571,USA,,508-295-7336,"Sales,Service,Up To 600kW,Mobile/Diesel/Gas,"
10120,Industrial/Commercial Sales & Service,00010001701002,SOUTH SHORE GENERATOR INC, ,,EAST WAREHAM,MA ,02538,USA,,508-295-7336,"Financing,Sales,Service,Up To 600kW,Mobile/Diesel/Gas,"
10120,Industrial/Commercial Sales & Service,00111207431002,WARSHAUER ELECTRIC SUPPLY CO INC, 800 SHREWSBURY AVE,,TINTON FALLS,NJ ,07724,USA,www.warshauer.com,732-741-6400,"Service,"
10120,Industrial/Commercial Sales & Service,00010157021002,Mechanical Service Co, 1145 Oak St.,,Pittston,PA ,18640,USA,,570-654-2445,"Service,"
10121,Industrial/Commercial Sales & Service,00010214161002,"R.L. Kistler, Inc", 300 Mile Crossing Blvd.,,Rochester,NY ,14624,USA,rlkistler.com,585-436-1940,"Sales,"
10121,Industrial/Commercial Sales & Service,00010001611002,Huntington Power, 230 Long Hill Cross Rd,,Shelton,CT ,06484,USA,www.huntingtonpower.com,203-929-3203,"Sales,Service,Up To 2MW,Mobile/Diesel/Gas,Training,Rental,"
10121,Industrial/Commercial Sales & Service,00010214161002,"R.L. KISTLER, INC.", 35 HAMILTON LANE,,GLENMONT,NY ,12077,USA,,585-436-1940,"Sales,Service,"
10121,Industrial/Commercial Sales & Service,00010214161002,"R.L. Kistler, Inc", 5615 Business Ave.,,N. Syracuse,NY ,13208,USA,,315-458-2875,"Sales,"
10121,Industrial/Commercial Sales & Service,00010001611002,Huntington Power, 68 Enter Ln,,Islandia,NY ,11749,USA,,631-563-4943,"Sales,Service,Up To 2MW,Mobile/Diesel/Gas,"
10121,Industrial/Commercial Sales & Service,00010001611002,Huntington Power, 34 E DUDLEY TOWN RD.,,BLOOMFIELD,CT ,06002,USA,,860-289-8790,"Sales,Service,Rental,"
10121,Industrial/Commercial Sales & Service,00010214161002,"R.L. Kistler, Inc", 5615 Business Ave.,,N. Syracuse,NY ,13208,USA,,315-458-2875,"Sales,"
10121,Industrial/Commercial Sales & Service,00010208021002,Modern Group Power Systems, 2501 Durham Road,,Bristol,PA ,19007,USA,www.moderngroup.com,800-404-7291,"Sales,Service,Up To 2MW,Mobile/Diesel/Gas,Training,Rental,"
10121,Industrial/Commercial Sales & Service,00010001731002,Authorized Services Of New England, 410 Forest Street,,Marlborough,MA ,01752,USA,www.asne.com,888-890-9886,"Financing,Sales,Service,Up To 2MW,Mobile/Diesel/Gas,Training,Rental,"
10121,Industrial/Commercial Sales & Service,00010008091002,MODERN HANDLING EQUIP, 75 NEW STREET,,EDISON,NJ ,08837,USA,www.moderngroup.com,800-779-5116,"Sales,Service,Up To 2MW,Mobile/Diesel/Gas,"
10121,Industrial/Commercial Sales & Service,00010208021002,Modern Group Power Systems, 6352 Chapmans Rd,,Allentown,PA ,18106,USA,,800-404-7291,"Sales,Service,Up To 2MW,Mobile/Diesel/Gas,"
10121,Industrial/Commercial Sales & Service,00010208021002,Modern Group Power Systems, 200 Allied Parkway,,West Berlin,NJ ,08091,USA,,800-404-7291,"Sales,Service,Up To 2MW,Mobile/Diesel/Gas,"
10121,Industrial/Commercial Sales & Service,00010208021002,Modern Group Power Systems, 295 New Commerce Blvd.,,Wilkes Barre,PA ,18706,USA,,800-404-7291,"Sales,Service,Up To 2MW,Mobile/Diesel/Gas,"
10121,Industrial/Commercial Sales & Service,00010208021002,Modern Group Power Systems, 66A South Gate Blvd.,,New Castle,DE ,19720,USA,,800-404-7291,"Sales,Service,Up To 2MW,Mobile/Diesel/Gas,"
10121,Industrial/Commercial Sales & Service,00010000931002,"EMERGENCY POWER SYSTEMS, LLC", 35 HAMILTON LANE,,GLENMONT,NY ,12077,USA,,800-914-1465,"Service,Up To 2MW,Mobile/Diesel/Gas,"
10121,Industrial/Commercial Sales & Service,00010000931002,"EMERGENCY POWER SYSTEMS, LLC", 35 HAMILTON LANE,,GLENMONT,NY ,12077,USA,,800-914-1465,"Service,"
10121,Industrial/Commercial Sales & Service,00010208021002,Modern Group Power Systems, 3480 Board Road,,York,PA ,17402,USA,,800-404-7291,"Sales,Service,Up To 2MW,Mobile/Diesel/Gas,"
10121,Industrial/Commercial Sales & Service,00010001731002,AUTHORIZED SERVICES OF NEW ENGLAND, 410 FOREST STREET,,MARLBOROUGH,MA ,01752,USA,,888-890-9886,"Sales,"
10121,Industrial/Commercial Sales & Service,00010001691002,Kelly Generator & Equipment, 1955 Dale Ln,,Owings,MD ,20736,USA,www.kge.com,410-257-5225,"Sales,Service,Up To 2MW,Mobile/Diesel/Gas,Training,Rental,"
10121,Industrial/Commercial Sales & Service,00010001761002,"GENSERVE, INC.", 100 NEWTOWN RD,,PLAINVIEW,NY ,11803,USA,www.genserveinc.com,631-435-0437,"Service,"
10121,Industrial/Commercial Sales & Service,00111209521002,LONG ISLAND EMERGENCY POWER -QO, 2 Ocean Avenue,,DEER PARK,NY ,11729,USA,,631-586-7513,"Sales,"
10121,Industrial/Commercial Sales & Service,00010139211002,POWERPRO SERVICE CO. INC., 608 JOHNSON AVE. UNIT 6,,BOHEMIA,NY ,11716,USA,,631-567-2700,"Sales,Service,Up To 600kW,Mobile/Diesel/Gas,"
10121,Industrial/Commercial Sales & Service,00010134071002,PEAK POWER SYSTEMS, 99 SPRAGUE AVENUE,,MIDDLETOWN,NY ,10940,USA,www.peakpowersystems.com,845-344-1975,"Sales,Service,Up To 600kW,Mobile/Diesel/Gas,Rental,"
10121,Industrial/Commercial Sales & Service,00111209531002,HUNTINGTON POWER - LONG ISLAND, PO BOX 2040,,SHELTON,CT ,06484,USA,,631-586-7513,"Sales,"
10121,Industrial/Commercial Sales & Service,00010001761002,"GENSERVE, INC.", 115A TWINBRIDGE DR.,,PENNSAUKEN,NJ ,08110,USA,www.genserveinc.com,856-324-0459,"Service,"
10121,Industrial/Commercial Sales & Service,00111184131002,HUNTER & LOMISON, 1956 W FOURTH ST,,WILLIAMSPORT,PA ,17701,USA,www.hunterlomison.com,570-326-1764,"Sales,Service,Up To 600kW,Mobile/Diesel/Gas,Rental,"
10121,Industrial/Commercial Sales & Service,00010000881002,HUNTER & LOMISON INC., 1956 W. 4TH STREET,,WILLIAMSPORT,PA ,17701,USA,www.hunterlomison.com,570-326-1764,"Service,Up To 600kW,Mobile/Diesel/Gas,"
10121,Industrial/Commercial Sales & Service,00010001621002,BROOKFIELD SERVICE, 708 GLEBE ROAD,,WESTMORELAND,NH ,03467,USA,www.brookfieldservice.com,802-485-6567,"Service,Up To 600kW,Mobile/Diesel/Gas,"
10121,Industrial/Commercial Sales & Service,00010021101002,SOUTH SHORE GENERATOR INC-Quote, 2696A CRANBERRY HWY,,WAREHAM,MA ,02571,USA,,508-295-7336,"Sales,Service,Up To 600kW,Mobile/Diesel/Gas,"
10121,Industrial/Commercial Sales & Service,00010001701002,SOUTH SHORE GENERATOR INC, ,,EAST WAREHAM,MA ,02538,USA,,508-295-7336,"Financing,Sales,Service,Up To 600kW,Mobile/Diesel/Gas,"
10121,Industrial/Commercial Sales & Service,00111207431002,WARSHAUER ELECTRIC SUPPLY CO INC, 800 SHREWSBURY AVE,,TINTON FALLS,NJ ,07724,USA,www.warshauer.com,732-741-6400,"Service,"
10121,Industrial/Commercial Sales & Service,00010157021002,Mechanical Service Co, 1145 Oak St.,,Pittston,PA ,18640,USA,,570-654-2445,"Service,"
10122,Industrial/Commercial Sales & Service,00010214161002,"R.L. KISTLER, INC.", 35 HAMILTON LANE,,GLENMONT,NY ,12077,USA,,585-436-1940,"Sales,Service,"
10122,Industrial/Commercial Sales & Service,00010214161002,"R.L. Kistler, Inc", 300 Mile Crossing Blvd.,,Rochester,NY ,14624,USA,rlkistler.com,585-436-1940,"Sales,"
10122,Industrial/Commercial Sales & Service,00010001611002,Huntington Power, 230 Long Hill Cross Rd,,Shelton,CT ,06484,USA,www.huntingtonpower.com,203-929-3203,"Sales,Service,Up To 2MW,Mobile/Diesel/Gas,Training,Rental,"
10122,Industrial/Commercial Sales & Service,00010214161002,"R.L. Kistler, Inc", 5615 Business Ave.,,N. Syracuse,NY ,13208,USA,,315-458-2875,"Sales,"
10122,Industrial/Commercial Sales & Service,00010214161002,"R.L. Kistler, Inc", 5615 Business Ave.,,N. Syracuse,NY ,13208,USA,,315-458-2875,"Sales,"
10122,Industrial/Commercial Sales & Service,00010001611002,Huntington Power, 68 Enter Ln,,Islandia,NY ,11749,USA,,631-563-4943,"Sales,Service,Up To 2MW,Mobile/Diesel/Gas,"
10122,Industrial/Commercial Sales & Service,00010001611002,Huntington Power, 34 E DUDLEY TOWN RD.,,BLOOMFIELD,CT ,06002,USA,,860-289-8790,"Sales,Service,Rental,"
10122,Industrial/Commercial Sales & Service,00010208021002,Modern Group Power Systems, 2501 Durham Road,,Bristol,PA ,19007,USA,www.moderngroup.com,800-404-7291,"Sales,Service,Up To 2MW,Mobile/Diesel/Gas,Training,Rental,"
10122,Industrial/Commercial Sales & Service,00010001731002,Authorized Services Of New England, 410 Forest Street,,Marlborough,MA ,01752,USA,www.asne.com,888-890-9886,"Financing,Sales,Service,Up To 2MW,Mobile/Diesel/Gas,Training,Rental,"
10122,Industrial/Commercial Sales & Service,00010008091002,MODERN HANDLING EQUIP, 75 NEW STREET,,EDISON,NJ ,08837,USA,www.moderngroup.com,800-779-5116,"Sales,Service,Up To 2MW,Mobile/Diesel/Gas,"
10122,Industrial/Commercial Sales & Service,00010208021002,Modern Group Power Systems, 6352 Chapmans Rd,,Allentown,PA ,18106,USA,,800-404-7291,"Sales,Service,Up To 2MW,Mobile/Diesel/Gas,"
10122,Industrial/Commercial Sales & Service,00010208021002,Modern Group Power Systems, 200 Allied Parkway,,West Berlin,NJ ,08091,USA,,800-404-7291,"Sales,Service,Up To 2MW,Mobile/Diesel/Gas,"
10122,Industrial/Commercial Sales & Service,00010208021002,Modern Group Power Systems, 295 New Commerce Blvd.,,Wilkes Barre,PA ,18706,USA,,800-404-7291,"Sales,Service,Up To 2MW,Mobile/Diesel/Gas,"
10122,Industrial/Commercial Sales & Service,00010208021002,Modern Group Power Systems, 66A South Gate Blvd.,,New Castle,DE ,19720,USA,,800-404-7291,"Sales,Service,Up To 2MW,Mobile/Diesel/Gas,"
10122,Industrial/Commercial Sales & Service,00010000931002,"EMERGENCY POWER SYSTEMS, LLC", 35 HAMILTON LANE,,GLENMONT,NY ,12077,USA,,800-914-1465,"Service,Up To 2MW,Mobile/Diesel/Gas,"
10122,Industrial/Commercial Sales & Service,00010000931002,"EMERGENCY POWER SYSTEMS, LLC", 35 HAMILTON LANE,,GLENMONT,NY ,12077,USA,,800-914-1465,"Service,"
10122,Industrial/Commercial Sales & Service,00010208021002,Modern Group Power Systems, 3480 Board Road,,York,PA ,17402,USA,,800-404-7291,"Sales,Service,Up To 2MW,Mobile/Diesel/Gas,"
10122,Industrial/Commercial Sales & Service,00010001731002,AUTHORIZED SERVICES OF NEW ENGLAND, 410 FOREST STREET,,MARLBOROUGH,MA ,01752,USA,,888-890-9886,"Sales,"
10122,Industrial/Commercial Sales & Service,00010001691002,Kelly Generator & Equipment, 1955 Dale Ln,,Owings,MD ,20736,USA,www.kge.com,410-257-5225,"Sales,Service,Up To 2MW,Mobile/Diesel/Gas,Training,Rental,"
10122,Industrial/Commercial Sales & Service,00010001761002,"GENSERVE, INC.", 100 NEWTOWN RD,,PLAINVIEW,NY ,11803,USA,www.genserveinc.com,631-435-0437,"Service,"
10122,Industrial/Commercial Sales & Service,00111209521002,LONG ISLAND EMERGENCY POWER -QO, 2 Ocean Avenue,,DEER PARK,NY ,11729,USA,,631-586-7513,"Sales,"
10122,Industrial/Commercial Sales & Service,00010139211002,POWERPRO SERVICE CO. INC., 608 JOHNSON AVE. UNIT 6,,BOHEMIA,NY ,11716,USA,,631-567-2700,"Sales,Service,Up To 600kW,Mobile/Diesel/Gas,"
10122,Industrial/Commercial Sales & Service,00010134071002,PEAK POWER SYSTEMS, 99 SPRAGUE AVENUE,,MIDDLETOWN,NY ,10940,USA,www.peakpowersystems.com,845-344-1975,"Sales,Service,Up To 600kW,Mobile/Diesel/Gas,Rental,"
10122,Industrial/Commercial Sales & Service,00111209531002,HUNTINGTON POWER - LONG ISLAND, PO BOX 2040,,SHELTON,CT ,06484,USA,,631-586-7513,"Sales,"
10122,Industrial/Commercial Sales & Service,00010001761002,"GENSERVE, INC.", 115A TWINBRIDGE DR.,,PENNSAUKEN,NJ ,08110,USA,www.genserveinc.com,856-324-0459,"Service,"
10122,Industrial/Commercial Sales & Service,00111184131002,HUNTER & LOMISON, 1956 W FOURTH ST,,WILLIAMSPORT,PA ,17701,USA,www.hunterlomison.com,570-326-1764,"Sales,Service,Up To 600kW,Mobile/Diesel/Gas,Rental,"
10122,Industrial/Commercial Sales & Service,00010000881002,HUNTER & LOMISON INC., 1956 W. 4TH STREET,,WILLIAMSPORT,PA ,17701,USA,www.hunterlomison.com,570-326-1764,"Service,Up To 600kW,Mobile/Diesel/Gas,"
10122,Industrial/Commercial Sales & Service,00010001621002,BROOKFIELD SERVICE, 708 GLEBE ROAD,,WESTMORELAND,NH ,03467,USA,www.brookfieldservice.com,802-485-6567,"Service,Up To 600kW,Mobile/Diesel/Gas,"
10122,Industrial/Commercial Sales & Service,00010021101002,SOUTH SHORE GENERATOR INC-Quote, 2696A CRANBERRY HWY,,WAREHAM,MA ,02571,USA,,508-295-7336,"Sales,Service,Up To 600kW,Mobile/Diesel/Gas,"
10122,Industrial/Commercial Sales & Service,00010001701002,SOUTH SHORE GENERATOR INC, ,,EAST WAREHAM,MA ,02538,USA,,508-295-7336,"Financing,Sales,Service,Up To 600kW,Mobile/Diesel/Gas,"
10122,Industrial/Commercial Sales & Service,00111207431002,WARSHAUER ELECTRIC SUPPLY CO INC, 800 SHREWSBURY AVE,,TINTON FALLS,NJ ,07724,USA,www.warshauer.com,732-741-6400,"Service,"
10122,Industrial/Commercial Sales & Service,00010157021002,Mechanical Service Co, 1145 Oak St.,,Pittston,PA ,18640,USA,,570-654-2445,"Service,"
10123,Industrial/Commercial Sales & Service,00010214161002,"R.L. KISTLER, INC.", 35 HAMILTON LANE,,GLENMONT,NY ,12077,USA,,585-436-1940,"Sales,Service,"
10123,Industrial/Commercial Sales & Service,00010001611002,Huntington Power, 230 Long Hill Cross Rd,,Shelton,CT ,06484,USA,www.huntingtonpower.com,203-929-3203,"Sales,Service,Up To 2MW,Mobile/Diesel/Gas,Training,Rental,"
10123,Industrial/Commercial Sales & Service,00010214161002,"R.L. Kistler, Inc", 300 Mile Crossing Blvd.,,Rochester,NY ,14624,USA,rlkistler.com,585-436-1940,"Sales,"
10123,Industrial/Commercial Sales & Service,00010214161002,"R.L. Kistler, Inc", 5615 Business Ave.,,N. Syracuse,NY ,13208,USA,,315-458-2875,"Sales,"
10123,Industrial/Commercial Sales & Service,00010001611002,Huntington Power, 68 Enter Ln,,Islandia,NY ,11749,USA,,631-563-4943,"Sales,Service,Up To 2MW,Mobile/Diesel/Gas,"
10123,Industrial/Commercial Sales & Service,00010001611002,Huntington Power, 34 E DUDLEY TOWN RD.,,BLOOMFIELD,CT ,06002,USA,,860-289-8790,"Sales,Service,Rental,"
10123,Industrial/Commercial Sales & Service,00010214161002,"R.L. Kistler, Inc", 5615 Business Ave.,,N. Syracuse,NY ,13208,USA,,315-458-2875,"Sales,"
10123,Industrial/Commercial Sales & Service,00010208021002,Modern Group Power Systems, 2501 Durham Road,,Bristol,PA ,19007,USA,www.moderngroup.com,800-404-7291,"Sales,Service,Up To 2MW,Mobile/Diesel/Gas,Training,Rental,"
10123,Industrial/Commercial Sales & Service,00010001731002,Authorized Services Of New England, 410 Forest Street,,Marlborough,MA ,01752,USA,www.asne.com,888-890-9886,"Financing,Sales,Service,Up To 2MW,Mobile/Diesel/Gas,Training,Rental,"
10123,Industrial/Commercial Sales & Service,00010008091002,MODERN HANDLING EQUIP, 75 NEW STREET,,EDISON,NJ ,08837,USA,www.moderngroup.com,800-779-5116,"Sales,Service,Up To 2MW,Mobile/Diesel/Gas,"
10123,Industrial/Commercial Sales & Service,00010208021002,Modern Group Power Systems, 6352 Chapmans Rd,,Allentown,PA ,18106,USA,,800-404-7291,"Sales,Service,Up To 2MW,Mobile/Diesel/Gas,"
10123,Industrial/Commercial Sales & Service,00010208021002,Modern Group Power Systems, 200 Allied Parkway,,West Berlin,NJ ,08091,USA,,800-404-7291,"Sales,Service,Up To 2MW,Mobile/Diesel/Gas,"
10123,Industrial/Commercial Sales & Service,00010208021002,Modern Group Power Systems, 295 New Commerce Blvd.,,Wilkes Barre,PA ,18706,USA,,800-404-7291,"Sales,Service,Up To 2MW,Mobile/Diesel/Gas,"
10123,Industrial/Commercial Sales & Service,00010208021002,Modern Group Power Systems, 66A South Gate Blvd.,,New Castle,DE ,19720,USA,,800-404-7291,"Sales,Service,Up To 2MW,Mobile/Diesel/Gas,"
10123,Industrial/Commercial Sales & Service,00010000931002,"EMERGENCY POWER SYSTEMS, LLC", 35 HAMILTON LANE,,GLENMONT,NY ,12077,USA,,800-914-1465,"Service,Up To 2MW,Mobile/Diesel/Gas,"
10123,Industrial/Commercial Sales & Service,00010000931002,"EMERGENCY POWER SYSTEMS, LLC", 35 HAMILTON LANE,,GLENMONT,NY ,12077,USA,,800-914-1465,"Service,"
10123,Industrial/Commercial Sales & Service,00010208021002,Modern Group Power Systems, 3480 Board Road,,York,PA ,17402,USA,,800-404-7291,"Sales,Service,Up To 2MW,Mobile/Diesel/Gas,"
10123,Industrial/Commercial Sales & Service,00010001731002,AUTHORIZED SERVICES OF NEW ENGLAND, 410 FOREST STREET,,MARLBOROUGH,MA ,01752,USA,,888-890-9886,"Sales,"
10123,Industrial/Commercial Sales & Service,00010001691002,Kelly Generator & Equipment, 1955 Dale Ln,,Owings,MD ,20736,USA,www.kge.com,410-257-5225,"Sales,Service,Up To 2MW,Mobile/Diesel/Gas,Training,Rental,"
10123,Industrial/Commercial Sales & Service,00010001761002,"GENSERVE, INC.", 100 NEWTOWN RD,,PLAINVIEW,NY ,11803,USA,www.genserveinc.com,631-435-0437,"Service,"
10123,Industrial/Commercial Sales & Service,00111209521002,LONG ISLAND EMERGENCY POWER -QO, 2 Ocean Avenue,,DEER PARK,NY ,11729,USA,,631-586-7513,"Sales,"
10123,Industrial/Commercial Sales & Service,00010139211002,POWERPRO SERVICE CO. INC., 608 JOHNSON AVE. UNIT 6,,BOHEMIA,NY ,11716,USA,,631-567-2700,"Sales,Service,Up To 600kW,Mobile/Diesel/Gas,"
10123,Industrial/Commercial Sales & Service,00010134071002,PEAK POWER SYSTEMS, 99 SPRAGUE AVENUE,,MIDDLETOWN,NY ,10940,USA,www.peakpowersystems.com,845-344-1975,"Sales,Service,Up To 600kW,Mobile/Diesel/Gas,Rental,"
10123,Industrial/Commercial Sales & Service,00111209531002,HUNTINGTON POWER - LONG ISLAND, PO BOX 2040,,SHELTON,CT ,06484,USA,,631-586-7513,"Sales,"
10123,Industrial/Commercial Sales & Service,00010001761002,"GENSERVE, INC.", 115A TWINBRIDGE DR.,,PENNSAUKEN,NJ ,08110,USA,www.genserveinc.com,856-324-0459,"Service,"
10123,Industrial/Commercial Sales & Service,00111184131002,HUNTER & LOMISON, 1956 W FOURTH ST,,WILLIAMSPORT,PA ,17701,USA,www.hunterlomison.com,570-326-1764,"Sales,Service,Up To 600kW,Mobile/Diesel/Gas,Rental,"
10123,Industrial/Commercial Sales & Service,00010000881002,HUNTER & LOMISON INC., 1956 W. 4TH STREET,,WILLIAMSPORT,PA ,17701,USA,www.hunterlomison.com,570-326-1764,"Service,Up To 600kW,Mobile/Diesel/Gas,"
10123,Industrial/Commercial Sales & Service,00010001621002,BROOKFIELD SERVICE, 708 GLEBE ROAD,,WESTMORELAND,NH ,03467,USA,www.brookfieldservice.com,802-485-6567,"Service,Up To 600kW,Mobile/Diesel/Gas,"
10123,Industrial/Commercial Sales & Service,00010021101002,SOUTH SHORE GENERATOR INC-Quote, 2696A CRANBERRY HWY,,WAREHAM,MA ,02571,USA,,508-295-7336,"Sales,Service,Up To 600kW,Mobile/Diesel/Gas,"
10123,Industrial/Commercial Sales & Service,00010001701002,SOUTH SHORE GENERATOR INC, ,,EAST WAREHAM,MA ,02538,USA,,508-295-7336,"Financing,Sales,Service,Up To 600kW,Mobile/Diesel/Gas,"
10123,Industrial/Commercial Sales & Service,00111207431002,WARSHAUER ELECTRIC SUPPLY CO INC, 800 SHREWSBURY AVE,,TINTON FALLS,NJ ,07724,USA,www.warshauer.com,732-741-6400,"Service,"
10123,Industrial/Commercial Sales & Service,00010157021002,Mechanical Service Co, 1145 Oak St.,,Pittston,PA ,18640,USA,,570-654-2445,"Service,"
10124,Industrial/Commercial Sales & Service,00010214161002,"R.L. Kistler, Inc", 300 Mile Crossing Blvd.,,Rochester,NY ,14624,USA,rlkistler.com,585-436-1940,"Sales,"
10124,Industrial/Commercial Sales & Service,00010214161002,"R.L. KISTLER, INC.", 35 HAMILTON LANE,,GLENMONT,NY ,12077,USA,,585-436-1940,"Sales,Service,"
10124,Industrial/Commercial Sales & Service,00010001611002,Huntington Power, 230 Long Hill Cross Rd,,Shelton,CT ,06484,USA,www.huntingtonpower.com,203-929-3203,"Sales,Service,Up To 2MW,Mobile/Diesel/Gas,Training,Rental,"
10124,Industrial/Commercial Sales & Service,00010214161002,"R.L. Kistler, Inc", 5615 Business Ave.,,N. Syracuse,NY ,13208,USA,,315-458-2875,"Sales,"
10124,Industrial/Commercial Sales & Service,00010214161002,"R.L. Kistler, Inc", 5615 Business Ave.,,N. Syracuse,NY ,13208,USA,,315-458-2875,"Sales,"
10124,Industrial/Commercial Sales & Service,00010001611002,Huntington Power, 68 Enter Ln,,Islandia,NY ,11749,USA,,631-563-4943,"Sales,Service,Up To 2MW,Mobile/Diesel/Gas,"
10124,Industrial/Commercial Sales & Service,00010001611002,Huntington Power, 34 E DUDLEY TOWN RD.,,BLOOMFIELD,CT ,06002,USA,,860-289-8790,"Sales,Service,Rental,"
10124,Industrial/Commercial Sales & Service,00010208021002,Modern Group Power Systems, 2501 Durham Road,,Bristol,PA ,19007,USA,www.moderngroup.com,800-404-7291,"Sales,Service,Up To 2MW,Mobile/Diesel/Gas,Training,Rental,"
10124,Industrial/Commercial Sales & Service,00010001731002,Authorized Services Of New England, 410 Forest Street,,Marlborough,MA ,01752,USA,www.asne.com,888-890-9886,"Financing,Sales,Service,Up To 2MW,Mobile/Diesel/Gas,Training,Rental,"
10124,Industrial/Commercial Sales & Service,00010008091002,MODERN HANDLING EQUIP, 75 NEW STREET,,EDISON,NJ ,08837,USA,www.moderngroup.com,800-779-5116,"Sales,Service,Up To 2MW,Mobile/Diesel/Gas,"
10124,Industrial/Commercial Sales & Service,00010208021002,Modern Group Power Systems, 200 Allied Parkway,,West Berlin,NJ ,08091,USA,,800-404-7291,"Sales,Service,Up To 2MW,Mobile/Diesel/Gas,"
10124,Industrial/Commercial Sales & Service,00010208021002,Modern Group Power Systems, 6352 Chapmans Rd,,Allentown,PA ,18106,USA,,800-404-7291,"Sales,Service,Up To 2MW,Mobile/Diesel/Gas,"
10124,Industrial/Commercial Sales & Service,00010208021002,Modern Group Power Systems, 295 New Commerce Blvd.,,Wilkes Barre,PA ,18706,USA,,800-404-7291,"Sales,Service,Up To 2MW,Mobile/Diesel/Gas,"
10124,Industrial/Commercial Sales & Service,00010208021002,Modern Group Power Systems, 66A South Gate Blvd.,,New Castle,DE ,19720,USA,,800-404-7291,"Sales,Service,Up To 2MW,Mobile/Diesel/Gas,"
10124,Industrial/Commercial Sales & Service,00010000931002,"EMERGENCY POWER SYSTEMS, LLC", 35 HAMILTON LANE,,GLENMONT,NY ,12077,USA,,800-914-1465,"Service,Up To 2MW,Mobile/Diesel/Gas,"
10124,Industrial/Commercial Sales & Service,00010000931002,"EMERGENCY POWER SYSTEMS, LLC", 35 HAMILTON LANE,,GLENMONT,NY ,12077,USA,,800-914-1465,"Service,"
10124,Industrial/Commercial Sales & Service,00010208021002,Modern Group Power Systems, 3480 Board Road,,York,PA ,17402,USA,,800-404-7291,"Sales,Service,Up To 2MW,Mobile/Diesel/Gas,"
10124,Industrial/Commercial Sales & Service,00010001731002,AUTHORIZED SERVICES OF NEW ENGLAND, 410 FOREST STREET,,MARLBOROUGH,MA ,01752,USA,,888-890-9886,"Sales,"
10124,Industrial/Commercial Sales & Service,00010001761002,"GENSERVE, INC.", 100 NEWTOWN RD,,PLAINVIEW,NY ,11803,USA,www.genserveinc.com,631-435-0437,"Service,"
10124,Industrial/Commercial Sales & Service,00111209521002,LONG ISLAND EMERGENCY POWER -QO, 2 Ocean Avenue,,DEER PARK,NY ,11729,USA,,631-586-7513,"Sales,"
10124,Industrial/Commercial Sales & Service,00010139211002,POWERPRO SERVICE CO. INC., 608 JOHNSON AVE. UNIT 6,,BOHEMIA,NY ,11716,USA,,631-567-2700,"Sales,Service,Up To 600kW,Mobile/Diesel/Gas,"
10124,Industrial/Commercial Sales & Service,00010134071002,PEAK POWER SYSTEMS, 99 SPRAGUE AVENUE,,MIDDLETOWN,NY ,10940,USA,www.peakpowersystems.com,845-344-1975,"Sales,Service,Up To 600kW,Mobile/Diesel/Gas,Rental,"
10124,Industrial/Commercial Sales & Service,00111209531002,HUNTINGTON POWER - LONG ISLAND, PO BOX 2040,,SHELTON,CT ,06484,USA,,631-586-7513,"Sales,"
10124,Industrial/Commercial Sales & Service,00010001761002,"GENSERVE, INC.", 115A TWINBRIDGE DR.,,PENNSAUKEN,NJ ,08110,USA,www.genserveinc.com,856-324-0459,"Service,"
10124,Industrial/Commercial Sales & Service,00111184131002,HUNTER & LOMISON, 1956 W FOURTH ST,,WILLIAMSPORT,PA ,17701,USA,www.hunterlomison.com,570-326-1764,"Sales,Service,Up To 600kW,Mobile/Diesel/Gas,Rental,"
10124,Industrial/Commercial Sales & Service,00010000881002,HUNTER & LOMISON INC., 1956 W. 4TH STREET,,WILLIAMSPORT,PA ,17701,USA,www.hunterlomison.com,570-326-1764,"Service,Up To 600kW,Mobile/Diesel/Gas,"
10124,Industrial/Commercial Sales & Service,00010001621002,BROOKFIELD SERVICE, 708 GLEBE ROAD,,WESTMORELAND,NH ,03467,USA,www.brookfieldservice.com,802-485-6567,"Service,Up To 600kW,Mobile/Diesel/Gas,"
10124,Industrial/Commercial Sales & Service,00010021101002,SOUTH SHORE GENERATOR INC-Quote, 2696A CRANBERRY HWY,,WAREHAM,MA ,02571,USA,,508-295-7336,"Sales,Service,Up To 600kW,Mobile/Diesel/Gas,"
10124,Industrial/Commercial Sales & Service,00010001701002,SOUTH SHORE GENERATOR INC, ,,EAST WAREHAM,MA ,02538,USA,,508-295-7336,"Financing,Sales,Service,Up To 600kW,Mobile/Diesel/Gas,"
10124,Industrial/Commercial Sales & Service,00111207431002,WARSHAUER ELECTRIC SUPPLY CO INC, 800 SHREWSBURY AVE,,TINTON FALLS,NJ ,07724,USA,www.warshauer.com,732-741-6400,"Service,"
10124,Industrial/Commercial Sales & Service,00010157021002,Mechanical Service Co, 1145 Oak St.,,Pittston,PA ,18640,USA,,570-654-2445,"Service,"
10125,Industrial/Commercial Sales & Service,00010001611002,Huntington Power, 230 Long Hill Cross Rd,,Shelton,CT ,06484,USA,www.huntingtonpower.com,203-929-3203,"Sales,Service,Up To 2MW,Mobile/Diesel/Gas,Training,Rental,"
10125,Industrial/Commercial Sales & Service,00010214161002,"R.L. Kistler, Inc", 300 Mile Crossing Blvd.,,Rochester,NY ,14624,USA,rlkistler.com,585-436-1940,"Sales,"
10125,Industrial/Commercial Sales & Service,00010214161002,"R.L. KISTLER, INC.", 35 HAMILTON LANE,,GLENMONT,NY ,12077,USA,,585-436-1940,"Sales,Service,"
10125,Industrial/Commercial Sales & Service,00010001611002,Huntington Power, 68 Enter Ln,,Islandia,NY ,11749,USA,,631-563-4943,"Sales,Service,Up To 2MW,Mobile/Diesel/Gas,"
10125,Industrial/Commercial Sales & Service,00010001611002,Huntington Power, 34 E DUDLEY TOWN RD.,,BLOOMFIELD,CT ,06002,USA,,860-289-8790,"Sales,Service,Rental,"
10125,Industrial/Commercial Sales & Service,00010214161002,"R.L. Kistler, Inc", 5615 Business Ave.,,N. Syracuse,NY ,13208,USA,,315-458-2875,"Sales,"
10125,Industrial/Commercial Sales & Service,00010214161002,"R.L. Kistler, Inc", 5615 Business Ave.,,N. Syracuse,NY ,13208,USA,,315-458-2875,"Sales,"
10125,Industrial/Commercial Sales & Service,00010208021002,Modern Group Power Systems, 2501 Durham Road,,Bristol,PA ,19007,USA,www.moderngroup.com,800-404-7291,"Sales,Service,Up To 2MW,Mobile/Diesel/Gas,Training,Rental,"
10125,Industrial/Commercial Sales & Service,00010001731002,Authorized Services Of New England, 410 Forest Street,,Marlborough,MA ,01752,USA,www.asne.com,888-890-9886,"Financing,Sales,Service,Up To 2MW,Mobile/Diesel/Gas,Training,Rental,"
10125,Industrial/Commercial Sales & Service,00010008091002,MODERN HANDLING EQUIP, 75 NEW STREET,,EDISON,NJ ,08837,USA,www.moderngroup.com,800-779-5116,"Sales,Service,Up To 2MW,Mobile/Diesel/Gas,"
10125,Industrial/Commercial Sales & Service,00010208021002,Modern Group Power Systems, 6352 Chapmans Rd,,Allentown,PA ,18106,USA,,800-404-7291,"Sales,Service,Up To 2MW,Mobile/Diesel/Gas,"
10125,Industrial/Commercial Sales & Service,00010208021002,Modern Group Power Systems, 200 Allied Parkway,,West Berlin,NJ ,08091,USA,,800-404-7291,"Sales,Service,Up To 2MW,Mobile/Diesel/Gas,"
10125,Industrial/Commercial Sales & Service,00010208021002,Modern Group Power Systems, 295 New Commerce Blvd.,,Wilkes Barre,PA ,18706,USA,,800-404-7291,"Sales,Service,Up To 2MW,Mobile/Diesel/Gas,"
10125,Industrial/Commercial Sales & Service,00010208021002,Modern Group Power Systems, 66A South Gate Blvd.,,New Castle,DE ,19720,USA,,800-404-7291,"Sales,Service,Up To 2MW,Mobile/Diesel/Gas,"
10125,Industrial/Commercial Sales & Service,00010000931002,"EMERGENCY POWER SYSTEMS, LLC", 35 HAMILTON LANE,,GLENMONT,NY ,12077,USA,,800-914-1465,"Service,Up To 2MW,Mobile/Diesel/Gas,"
10125,Industrial/Commercial Sales & Service,00010000931002,"EMERGENCY POWER SYSTEMS, LLC", 35 HAMILTON LANE,,GLENMONT,NY ,12077,USA,,800-914-1465,"Service,"
10125,Industrial/Commercial Sales & Service,00010208021002,Modern Group Power Systems, 3480 Board Road,,York,PA ,17402,USA,,800-404-7291,"Sales,Service,Up To 2MW,Mobile/Diesel/Gas,"
10125,Industrial/Commercial Sales & Service,00010001731002,AUTHORIZED SERVICES OF NEW ENGLAND, 410 FOREST STREET,,MARLBOROUGH,MA ,01752,USA,,888-890-9886,"Sales,"
10125,Industrial/Commercial Sales & Service,00010001691002,Kelly Generator & Equipment, 1955 Dale Ln,,Owings,MD ,20736,USA,www.kge.com,410-257-5225,"Sales,Service,Up To 2MW,Mobile/Diesel/Gas,Training,Rental,"
10125,Industrial/Commercial Sales & Service,00010001761002,"GENSERVE, INC.", 100 NEWTOWN RD,,PLAINVIEW,NY ,11803,USA,www.genserveinc.com,631-435-0437,"Service,"
10125,Industrial/Commercial Sales & Service,00111209521002,LONG ISLAND EMERGENCY POWER -QO, 2 Ocean Avenue,,DEER PARK,NY ,11729,USA,,631-586-7513,"Sales,"
10125,Industrial/Commercial Sales & Service,00010139211002,POWERPRO SERVICE CO. INC., 608 JOHNSON AVE. UNIT 6,,BOHEMIA,NY ,11716,USA,,631-567-2700,"Sales,Service,Up To 600kW,Mobile/Diesel/Gas,"
10125,Industrial/Commercial Sales & Service,00010134071002,PEAK POWER SYSTEMS, 99 SPRAGUE AVENUE,,MIDDLETOWN,NY ,10940,USA,www.peakpowersystems.com,845-344-1975,"Sales,Service,Up To 600kW,Mobile/Diesel/Gas,Rental,"
10125,Industrial/Commercial Sales & Service,00111209531002,HUNTINGTON POWER - LONG ISLAND, PO BOX 2040,,SHELTON,CT ,06484,USA,,631-586-7513,"Sales,"
10125,Industrial/Commercial Sales & Service,00010001761002,"GENSERVE, INC.", 115A TWINBRIDGE DR.,,PENNSAUKEN,NJ ,08110,USA,www.genserveinc.com,856-324-0459,"Service,"
10125,Industrial/Commercial Sales & Service,00111184131002,HUNTER & LOMISON, 1956 W FOURTH ST,,WILLIAMSPORT,PA ,17701,USA,www.hunterlomison.com,570-326-1764,"Sales,Service,Up To 600kW,Mobile/Diesel/Gas,Rental,"
10125,Industrial/Commercial Sales & Service,00010000881002,HUNTER & LOMISON INC., 1956 W. 4TH STREET,,WILLIAMSPORT,PA ,17701,USA,www.hunterlomison.com,570-326-1764,"Service,Up To 600kW,Mobile/Diesel/Gas,"
10125,Industrial/Commercial Sales & Service,00010001621002,BROOKFIELD SERVICE, 708 GLEBE ROAD,,WESTMORELAND,NH ,03467,USA,www.brookfieldservice.com,802-485-6567,"Service,Up To 600kW,Mobile/Diesel/Gas,"
10125,Industrial/Commercial Sales & Service,00010021101002,SOUTH SHORE GENERATOR INC-Quote, 2696A CRANBERRY HWY,,WAREHAM,MA ,02571,USA,,508-295-7336,"Sales,Service,Up To 600kW,Mobile/Diesel/Gas,"
10125,Industrial/Commercial Sales & Service,00010001701002,SOUTH SHORE GENERATOR INC, ,,EAST WAREHAM,MA ,02538,USA,,508-295-7336,"Financing,Sales,Service,Up To 600kW,Mobile/Diesel/Gas,"
10125,Industrial/Commercial Sales & Service,00111207431002,WARSHAUER ELECTRIC SUPPLY CO INC, 800 SHREWSBURY AVE,,TINTON FALLS,NJ ,07724,USA,www.warshauer.com,732-741-6400,"Service,"
10125,Industrial/Commercial Sales & Service,00010157021002,Mechanical Service Co, 1145 Oak St.,,Pittston,PA ,18640,USA,,570-654-2445,"Service,"
10126,Industrial/Commercial Sales & Service,00010214161002,"R.L. KISTLER, INC.", 35 HAMILTON LANE,,GLENMONT,NY ,12077,USA,,585-436-1940,"Sales,Service,"
10126,Industrial/Commercial Sales & Service,00010001611002,Huntington Power, 230 Long Hill Cross Rd,,Shelton,CT ,06484,USA,www.huntingtonpower.com,203-929-3203,"Sales,Service,Up To 2MW,Mobile/Diesel/Gas,Training,Rental,"
10126,Industrial/Commercial Sales & Service,00010214161002,"R.L. Kistler, Inc", 300 Mile Crossing Blvd.,,Rochester,NY ,14624,USA,rlkistler.com,585-436-1940,"Sales,"
10126,Industrial/Commercial Sales & Service,00010214161002,"R.L. Kistler, Inc", 5615 Business Ave.,,N. Syracuse,NY ,13208,USA,,315-458-2875,"Sales,"
10126,Industrial/Commercial Sales & Service,00010001611002,Huntington Power, 68 Enter Ln,,Islandia,NY ,11749,USA,,631-563-4943,"Sales,Service,Up To 2MW,Mobile/Diesel/Gas,"
10126,Industrial/Commercial Sales & Service,00010001611002,Huntington Power, 34 E DUDLEY TOWN RD.,,BLOOMFIELD,CT ,06002,USA,,860-289-8790,"Sales,Service,Rental,"
10126,Industrial/Commercial Sales & Service,00010214161002,"R.L. Kistler, Inc", 5615 Business Ave.,,N. Syracuse,NY ,13208,USA,,315-458-2875,"Sales,"
10126,Industrial/Commercial Sales & Service,00010208021002,Modern Group Power Systems, 2501 Durham Road,,Bristol,PA ,19007,USA,www.moderngroup.com,800-404-7291,"Sales,Service,Up To 2MW,Mobile/Diesel/Gas,Training,Rental,"
10126,Industrial/Commercial Sales & Service,00010001731002,Authorized Services Of New England, 410 Forest Street,,Marlborough,MA ,01752,USA,www.asne.com,888-890-9886,"Financing,Sales,Service,Up To 2MW,Mobile/Diesel/Gas,Training,Rental,"
10126,Industrial/Commercial Sales & Service,00010008091002,MODERN HANDLING EQUIP, 75 NEW STREET,,EDISON,NJ ,08837,USA,www.moderngroup.com,800-779-5116,"Sales,Service,Up To 2MW,Mobile/Diesel/Gas,"
10126,Industrial/Commercial Sales & Service,00010208021002,Modern Group Power Systems, 6352 Chapmans Rd,,Allentown,PA ,18106,USA,,800-404-7291,"Sales,Service,Up To 2MW,Mobile/Diesel/Gas,"
10126,Industrial/Commercial Sales & Service,00010208021002,Modern Group Power Systems, 200 Allied Parkway,,West Berlin,NJ ,08091,USA,,800-404-7291,"Sales,Service,Up To 2MW,Mobile/Diesel/Gas,"
10126,Industrial/Commercial Sales & Service,00010208021002,Modern Group Power Systems, 295 New Commerce Blvd.,,Wilkes Barre,PA ,18706,USA,,800-404-7291,"Sales,Service,Up To 2MW,Mobile/Diesel/Gas,"
10126,Industrial/Commercial Sales & Service,00010208021002,Modern Group Power Systems, 66A South Gate Blvd.,,New Castle,DE ,19720,USA,,800-404-7291,"Sales,Service,Up To 2MW,Mobile/Diesel/Gas,"
10126,Industrial/Commercial Sales & Service,00010000931002,"EMERGENCY POWER SYSTEMS, LLC", 35 HAMILTON LANE,,GLENMONT,NY ,12077,USA,,800-914-1465,"Service,Up To 2MW,Mobile/Diesel/Gas,"
10126,Industrial/Commercial Sales & Service,00010000931002,"EMERGENCY POWER SYSTEMS, LLC", 35 HAMILTON LANE,,GLENMONT,NY ,12077,USA,,800-914-1465,"Service,"
10126,Industrial/Commercial Sales & Service,00010208021002,Modern Group Power Systems, 3480 Board Road,,York,PA ,17402,USA,,800-404-7291,"Sales,Service,Up To 2MW,Mobile/Diesel/Gas,"
10126,Industrial/Commercial Sales & Service,00010001731002,AUTHORIZED SERVICES OF NEW ENGLAND, 410 FOREST STREET,,MARLBOROUGH,MA ,01752,USA,,888-890-9886,"Sales,"
10126,Industrial/Commercial Sales & Service,00010001761002,"GENSERVE, INC.", 100 NEWTOWN RD,,PLAINVIEW,NY ,11803,USA,www.genserveinc.com,631-435-0437,"Service,"
10126,Industrial/Commercial Sales & Service,00111209521002,LONG ISLAND EMERGENCY POWER -QO, 2 Ocean Avenue,,DEER PARK,NY ,11729,USA,,631-586-7513,"Sales,"
10126,Industrial/Commercial Sales & Service,00010139211002,POWERPRO SERVICE CO. INC., 608 JOHNSON AVE. UNIT 6,,BOHEMIA,NY ,11716,USA,,631-567-2700,"Sales,Service,Up To 600kW,Mobile/Diesel/Gas,"
10126,Industrial/Commercial Sales & Service,00010134071002,PEAK POWER SYSTEMS, 99 SPRAGUE AVENUE,,MIDDLETOWN,NY ,10940,USA,www.peakpowersystems.com,845-344-1975,"Sales,Service,Up To 600kW,Mobile/Diesel/Gas,Rental,"
10126,Industrial/Commercial Sales & Service,00111209531002,HUNTINGTON POWER - LONG ISLAND, PO BOX 2040,,SHELTON,CT ,06484,USA,,631-586-7513,"Sales,"
10126,Industrial/Commercial Sales & Service,00010001761002,"GENSERVE, INC.", 115A TWINBRIDGE DR.,,PENNSAUKEN,NJ ,08110,USA,www.genserveinc.com,856-324-0459,"Service,"
10126,Industrial/Commercial Sales & Service,00111184131002,HUNTER & LOMISON, 1956 W FOURTH ST,,WILLIAMSPORT,PA ,17701,USA,www.hunterlomison.com,570-326-1764,"Sales,Service,Up To 600kW,Mobile/Diesel/Gas,Rental,"
10126,Industrial/Commercial Sales & Service,00010000881002,HUNTER & LOMISON INC., 1956 W. 4TH STREET,,WILLIAMSPORT,PA ,17701,USA,www.hunterlomison.com,570-326-1764,"Service,Up To 600kW,Mobile/Diesel/Gas,"
10126,Industrial/Commercial Sales & Service,00010001621002,BROOKFIELD SERVICE, 708 GLEBE ROAD,,WESTMORELAND,NH ,03467,USA,www.brookfieldservice.com,802-485-6567,"Service,Up To 600kW,Mobile/Diesel/Gas,"
10126,Industrial/Commercial Sales & Service,00010021101002,SOUTH SHORE GENERATOR INC-Quote, 2696A CRANBERRY HWY,,WAREHAM,MA ,02571,USA,,508-295-7336,"Sales,Service,Up To 600kW,Mobile/Diesel/Gas,"
10126,Industrial/Commercial Sales & Service,00010001701002,SOUTH SHORE GENERATOR INC, ,,EAST WAREHAM,MA ,02538,USA,,508-295-7336,"Financing,Sales,Service,Up To 600kW,Mobile/Diesel/Gas,"
10126,Industrial/Commercial Sales & Service,00111207431002,WARSHAUER ELECTRIC SUPPLY CO INC, 800 SHREWSBURY AVE,,TINTON FALLS,NJ ,07724,USA,www.warshauer.com,732-741-6400,"Service,"
10126,Industrial/Commercial Sales & Service,00010157021002,Mechanical Service Co, 1145 Oak St.,,Pittston,PA ,18640,USA,,570-654-2445,"Service,"
10128,Industrial/Commercial Sales & Service,00010214161002,"R.L. KISTLER, INC.", 35 HAMILTON LANE,,GLENMONT,NY ,12077,USA,,585-436-1940,"Sales,Service,"
10128,Industrial/Commercial Sales & Service,00010001611002,Huntington Power, 230 Long Hill Cross Rd,,Shelton,CT ,06484,USA,www.huntingtonpower.com,203-929-3203,"Sales,Service,Up To 2MW,Mobile/Diesel/Gas,Training,Rental,"
10128,Industrial/Commercial Sales & Service,00010214161002,"R.L. Kistler, Inc", 300 Mile Crossing Blvd.,,Rochester,NY ,14624,USA,rlkistler.com,585-436-1940,"Sales,"
10128,Industrial/Commercial Sales & Service,00010214161002,"R.L. Kistler, Inc", 5615 Business Ave.,,N. Syracuse,NY ,13208,USA,,315-458-2875,"Sales,"
10128,Industrial/Commercial Sales & Service,00010001611002,Huntington Power, 68 Enter Ln,,Islandia,NY ,11749,USA,,631-563-4943,"Sales,Service,Up To 2MW,Mobile/Diesel/Gas,"
10128,Industrial/Commercial Sales & Service,00010001611002,Huntington Power, 34 E DUDLEY TOWN RD.,,BLOOMFIELD,CT ,06002,USA,,860-289-8790,"Sales,Service,Rental,"
10128,Industrial/Commercial Sales & Service,00010214161002,"R.L. Kistler, Inc", 5615 Business Ave.,,N. Syracuse,NY ,13208,USA,,315-458-2875,"Sales,"
10128,Industrial/Commercial Sales & Service,00010208021002,Modern Group Power Systems, 2501 Durham Road,,Bristol,PA ,19007,USA,www.moderngroup.com,800-404-7291,"Sales,Service,Up To 2MW,Mobile/Diesel/Gas,Training,Rental,"
10128,Industrial/Commercial Sales & Service,00010001731002,Authorized Services Of New England, 410 Forest Street,,Marlborough,MA ,01752,USA,www.asne.com,888-890-9886,"Financing,Sales,Service,Up To 2MW,Mobile/Diesel/Gas,Training,Rental,"
10128,Industrial/Commercial Sales & Service,00010008091002,MODERN HANDLING EQUIP, 75 NEW STREET,,EDISON,NJ ,08837,USA,www.moderngroup.com,800-779-5116,"Sales,Service,Up To 2MW,Mobile/Diesel/Gas,"
10128,Industrial/Commercial Sales & Service,00010208021002,Modern Group Power Systems, 6352 Chapmans Rd,,Allentown,PA ,18106,USA,,800-404-7291,"Sales,Service,Up To 2MW,Mobile/Diesel/Gas,"
10128,Industrial/Commercial Sales & Service,00010208021002,Modern Group Power Systems, 200 Allied Parkway,,West Berlin,NJ ,08091,USA,,800-404-7291,"Sales,Service,Up To 2MW,Mobile/Diesel/Gas,"
10128,Industrial/Commercial Sales & Service,00010208021002,Modern Group Power Systems, 295 New Commerce Blvd.,,Wilkes Barre,PA ,18706,USA,,800-404-7291,"Sales,Service,Up To 2MW,Mobile/Diesel/Gas,"
10128,Industrial/Commercial Sales & Service,00010208021002,Modern Group Power Systems, 66A South Gate Blvd.,,New Castle,DE ,19720,USA,,800-404-7291,"Sales,Service,Up To 2MW,Mobile/Diesel/Gas,"
10128,Industrial/Commercial Sales & Service,00010000931002,"EMERGENCY POWER SYSTEMS, LLC", 35 HAMILTON LANE,,GLENMONT,NY ,12077,USA,,800-914-1465,"Service,Up To 2MW,Mobile/Diesel/Gas,"
10128,Industrial/Commercial Sales & Service,00010000931002,"EMERGENCY POWER SYSTEMS, LLC", 35 HAMILTON LANE,,GLENMONT,NY ,12077,USA,,800-914-1465,"Service,"
10128,Industrial/Commercial Sales & Service,00010208021002,Modern Group Power Systems, 3480 Board Road,,York,PA ,17402,USA,,800-404-7291,"Sales,Service,Up To 2MW,Mobile/Diesel/Gas,"
10128,Industrial/Commercial Sales & Service,00010001731002,AUTHORIZED SERVICES OF NEW ENGLAND, 410 FOREST STREET,,MARLBOROUGH,MA ,01752,USA,,888-890-9886,"Sales,"
10128,Industrial/Commercial Sales & Service,00010001761002,"GENSERVE, INC.", 100 NEWTOWN RD,,PLAINVIEW,NY ,11803,USA,www.genserveinc.com,631-435-0437,"Service,"
10128,Industrial/Commercial Sales & Service,00111209521002,LONG ISLAND EMERGENCY POWER -QO, 2 Ocean Avenue,,DEER PARK,NY ,11729,USA,,631-586-7513,"Sales,"
10128,Industrial/Commercial Sales & Service,00010139211002,POWERPRO SERVICE CO. INC., 608 JOHNSON AVE. UNIT 6,,BOHEMIA,NY ,11716,USA,,631-567-2700,"Sales,Service,Up To 600kW,Mobile/Diesel/Gas,"
10128,Industrial/Commercial Sales & Service,00010134071002,PEAK POWER SYSTEMS, 99 SPRAGUE AVENUE,,MIDDLETOWN,NY ,10940,USA,www.peakpowersystems.com,845-344-1975,"Sales,Service,Up To 600kW,Mobile/Diesel/Gas,Rental,"
10128,Industrial/Commercial Sales & Service,00111209531002,HUNTINGTON POWER - LONG ISLAND, PO BOX 2040,,SHELTON,CT ,06484,USA,,631-586-7513,"Sales,"
10128,Industrial/Commercial Sales & Service,00010001761002,"GENSERVE, INC.", 115A TWINBRIDGE DR.,,PENNSAUKEN,NJ ,08110,USA,www.genserveinc.com,856-324-0459,"Service,"
10128,Industrial/Commercial Sales & Service,00111184131002,HUNTER & LOMISON, 1956 W FOURTH ST,,WILLIAMSPORT,PA ,17701,USA,www.hunterlomison.com,570-326-1764,"Sales,Service,Up To 600kW,Mobile/Diesel/Gas,Rental,"
10128,Industrial/Commercial Sales & Service,00010000881002,HUNTER & LOMISON INC., 1956 W. 4TH STREET,,WILLIAMSPORT,PA ,17701,USA,www.hunterlomison.com,570-326-1764,"Service,Up To 600kW,Mobile/Diesel/Gas,"
10128,Industrial/Commercial Sales & Service,00010001621002,BROOKFIELD SERVICE, 708 GLEBE ROAD,,WESTMORELAND,NH ,03467,USA,www.brookfieldservice.com,802-485-6567,"Service,Up To 600kW,Mobile/Diesel/Gas,"
10128,Industrial/Commercial Sales & Service,00010021101002,SOUTH SHORE GENERATOR INC-Quote, 2696A CRANBERRY HWY,,WAREHAM,MA ,02571,USA,,508-295-7336,"Sales,Service,Up To 600kW,Mobile/Diesel/Gas,"
10128,Industrial/Commercial Sales & Service,00010001701002,SOUTH SHORE GENERATOR INC, ,,EAST WAREHAM,MA ,02538,USA,,508-295-7336,"Financing,Sales,Service,Up To 600kW,Mobile/Diesel/Gas,"
10128,Industrial/Commercial Sales & Service,00111207431002,WARSHAUER ELECTRIC SUPPLY CO INC, 800 SHREWSBURY AVE,,TINTON FALLS,NJ ,07724,USA,www.warshauer.com,732-741-6400,"Service,"
10128,Industrial/Commercial Sales & Service,00010157021002,Mechanical Service Co, 1145 Oak St.,,Pittston,PA ,18640,USA,,570-654-2445,"Service,"
10129,Industrial/Commercial Sales & Service,00010214161002,"R.L. KISTLER, INC.", 35 HAMILTON LANE,,GLENMONT,NY ,12077,USA,,585-436-1940,"Sales,Service,"
10129,Industrial/Commercial Sales & Service,00010214161002,"R.L. Kistler, Inc", 300 Mile Crossing Blvd.,,Rochester,NY ,14624,USA,rlkistler.com,585-436-1940,"Sales,"
10129,Industrial/Commercial Sales & Service,00010001611002,Huntington Power, 230 Long Hill Cross Rd,,Shelton,CT ,06484,USA,www.huntingtonpower.com,203-929-3203,"Sales,Service,Up To 2MW,Mobile/Diesel/Gas,Training,Rental,"
10129,Industrial/Commercial Sales & Service,00010214161002,"R.L. Kistler, Inc", 5615 Business Ave.,,N. Syracuse,NY ,13208,USA,,315-458-2875,"Sales,"
10129,Industrial/Commercial Sales & Service,00010214161002,"R.L. Kistler, Inc", 5615 Business Ave.,,N. Syracuse,NY ,13208,USA,,315-458-2875,"Sales,"
10129,Industrial/Commercial Sales & Service,00010001611002,Huntington Power, 68 Enter Ln,,Islandia,NY ,11749,USA,,631-563-4943,"Sales,Service,Up To 2MW,Mobile/Diesel/Gas,"
10129,Industrial/Commercial Sales & Service,00010001611002,Huntington Power, 34 E DUDLEY TOWN RD.,,BLOOMFIELD,CT ,06002,USA,,860-289-8790,"Sales,Service,Rental,"
10129,Industrial/Commercial Sales & Service,00010208021002,Modern Group Power Systems, 2501 Durham Road,,Bristol,PA ,19007,USA,www.moderngroup.com,800-404-7291,"Sales,Service,Up To 2MW,Mobile/Diesel/Gas,Training,Rental,"
10129,Industrial/Commercial Sales & Service,00010001731002,Authorized Services Of New England, 410 Forest Street,,Marlborough,MA ,01752,USA,www.asne.com,888-890-9886,"Financing,Sales,Service,Up To 2MW,Mobile/Diesel/Gas,Training,Rental,"
10129,Industrial/Commercial Sales & Service,00010008091002,MODERN HANDLING EQUIP, 75 NEW STREET,,EDISON,NJ ,08837,USA,www.moderngroup.com,800-779-5116,"Sales,Service,Up To 2MW,Mobile/Diesel/Gas,"
10129,Industrial/Commercial Sales & Service,00010208021002,Modern Group Power Systems, 6352 Chapmans Rd,,Allentown,PA ,18106,USA,,800-404-7291,"Sales,Service,Up To 2MW,Mobile/Diesel/Gas,"
10129,Industrial/Commercial Sales & Service,00010208021002,Modern Group Power Systems, 200 Allied Parkway,,West Berlin,NJ ,08091,USA,,800-404-7291,"Sales,Service,Up To 2MW,Mobile/Diesel/Gas,"
10129,Industrial/Commercial Sales & Service,00010208021002,Modern Group Power Systems, 295 New Commerce Blvd.,,Wilkes Barre,PA ,18706,USA,,800-404-7291,"Sales,Service,Up To 2MW,Mobile/Diesel/Gas,"
10129,Industrial/Commercial Sales & Service,00010208021002,Modern Group Power Systems, 66A South Gate Blvd.,,New Castle,DE ,19720,USA,,800-404-7291,"Sales,Service,Up To 2MW,Mobile/Diesel/Gas,"
10129,Industrial/Commercial Sales & Service,00010000931002,"EMERGENCY POWER SYSTEMS, LLC", 35 HAMILTON LANE,,GLENMONT,NY ,12077,USA,,800-914-1465,"Service,Up To 2MW,Mobile/Diesel/Gas,"
10129,Industrial/Commercial Sales & Service,00010000931002,"EMERGENCY POWER SYSTEMS, LLC", 35 HAMILTON LANE,,GLENMONT,NY ,12077,USA,,800-914-1465,"Service,"
10129,Industrial/Commercial Sales & Service,00010208021002,Modern Group Power Systems, 3480 Board Road,,York,PA ,17402,USA,,800-404-7291,"Sales,Service,Up To 2MW,Mobile/Diesel/Gas,"
10129,Industrial/Commercial Sales & Service,00010001731002,AUTHORIZED SERVICES OF NEW ENGLAND, 410 FOREST STREET,,MARLBOROUGH,MA ,01752,USA,,888-890-9886,"Sales,"
10129,Industrial/Commercial Sales & Service,00010001691002,Kelly Generator & Equipment, 1955 Dale Ln,,Owings,MD ,20736,USA,www.kge.com,410-257-5225,"Sales,Service,Up To 2MW,Mobile/Diesel/Gas,Training,Rental,"
10129,Industrial/Commercial Sales & Service,00010001761002,"GENSERVE, INC.", 100 NEWTOWN RD,,PLAINVIEW,NY ,11803,USA,www.genserveinc.com,631-435-0437,"Service,"
10129,Industrial/Commercial Sales & Service,00111209521002,LONG ISLAND EMERGENCY POWER -QO, 2 Ocean Avenue,,DEER PARK,NY ,11729,USA,,631-586-7513,"Sales,"
10129,Industrial/Commercial Sales & Service,00010139211002,POWERPRO SERVICE CO. INC., 608 JOHNSON AVE. UNIT 6,,BOHEMIA,NY ,11716,USA,,631-567-2700,"Sales,Service,Up To 600kW,Mobile/Diesel/Gas,"
10129,Industrial/Commercial Sales & Service,00010134071002,PEAK POWER SYSTEMS, 99 SPRAGUE AVENUE,,MIDDLETOWN,NY ,10940,USA,www.peakpowersystems.com,845-344-1975,"Sales,Service,Up To 600kW,Mobile/Diesel/Gas,Rental,"
10129,Industrial/Commercial Sales & Service,00111209531002,HUNTINGTON POWER - LONG ISLAND, PO BOX 2040,,SHELTON,CT ,06484,USA,,631-586-7513,"Sales,"
10129,Industrial/Commercial Sales & Service,00010001761002,"GENSERVE, INC.", 115A TWINBRIDGE DR.,,PENNSAUKEN,NJ ,08110,USA,www.genserveinc.com,856-324-0459,"Service,"
10129,Industrial/Commercial Sales & Service,00111184131002,HUNTER & LOMISON, 1956 W FOURTH ST,,WILLIAMSPORT,PA ,17701,USA,www.hunterlomison.com,570-326-1764,"Sales,Service,Up To 600kW,Mobile/Diesel/Gas,Rental,"
10129,Industrial/Commercial Sales & Service,00010000881002,HUNTER & LOMISON INC., 1956 W. 4TH STREET,,WILLIAMSPORT,PA ,17701,USA,www.hunterlomison.com,570-326-1764,"Service,Up To 600kW,Mobile/Diesel/Gas,"
10129,Industrial/Commercial Sales & Service,00010001621002,BROOKFIELD SERVICE, 708 GLEBE ROAD,,WESTMORELAND,NH ,03467,USA,www.brookfieldservice.com,802-485-6567,"Service,Up To 600kW,Mobile/Diesel/Gas,"
10129,Industrial/Commercial Sales & Service,00010021101002,SOUTH SHORE GENERATOR INC-Quote, 2696A CRANBERRY HWY,,WAREHAM,MA ,02571,USA,,508-295-7336,"Sales,Service,Up To 600kW,Mobile/Diesel/Gas,"
10129,Industrial/Commercial Sales & Service,00010001701002,SOUTH SHORE GENERATOR INC, ,,EAST WAREHAM,MA ,02538,USA,,508-295-7336,"Financing,Sales,Service,Up To 600kW,Mobile/Diesel/Gas,"
10129,Industrial/Commercial Sales & Service,00111207431002,WARSHAUER ELECTRIC SUPPLY CO INC, 800 SHREWSBURY AVE,,TINTON FALLS,NJ ,07724,USA,www.warshauer.com,732-741-6400,"Service,"
10129,Industrial/Commercial Sales & Service,00010157021002,Mechanical Service Co, 1145 Oak St.,,Pittston,PA ,18640,USA,,570-654-2445,"Service,"
10130,Industrial/Commercial Sales & Service,00010214161002,"R.L. KISTLER, INC.", 35 HAMILTON LANE,,GLENMONT,NY ,12077,USA,,585-436-1940,"Sales,Service,"
10130,Industrial/Commercial Sales & Service,00010214161002,"R.L. Kistler, Inc", 300 Mile Crossing Blvd.,,Rochester,NY ,14624,USA,rlkistler.com,585-436-1940,"Sales,"
10130,Industrial/Commercial Sales & Service,00010001611002,Huntington Power, 230 Long Hill Cross Rd,,Shelton,CT ,06484,USA,www.huntingtonpower.com,203-929-3203,"Sales,Service,Up To 2MW,Mobile/Diesel/Gas,Training,Rental,"
10130,Industrial/Commercial Sales & Service,00010214161002,"R.L. Kistler, Inc", 5615 Business Ave.,,N. Syracuse,NY ,13208,USA,,315-458-2875,"Sales,"
10130,Industrial/Commercial Sales & Service,00010214161002,"R.L. Kistler, Inc", 5615 Business Ave.,,N. Syracuse,NY ,13208,USA,,315-458-2875,"Sales,"
10130,Industrial/Commercial Sales & Service,00010001611002,Huntington Power, 68 Enter Ln,,Islandia,NY ,11749,USA,,631-563-4943,"Sales,Service,Up To 2MW,Mobile/Diesel/Gas,"
10130,Industrial/Commercial Sales & Service,00010001611002,Huntington Power, 34 E DUDLEY TOWN RD.,,BLOOMFIELD,CT ,06002,USA,,860-289-8790,"Sales,Service,Rental,"
10130,Industrial/Commercial Sales & Service,00010208021002,Modern Group Power Systems, 2501 Durham Road,,Bristol,PA ,19007,USA,www.moderngroup.com,800-404-7291,"Sales,Service,Up To 2MW,Mobile/Diesel/Gas,Training,Rental,"
10130,Industrial/Commercial Sales & Service,00010001731002,Authorized Services Of New England, 410 Forest Street,,Marlborough,MA ,01752,USA,www.asne.com,888-890-9886,"Financing,Sales,Service,Up To 2MW,Mobile/Diesel/Gas,Training,Rental,"
10130,Industrial/Commercial Sales & Service,00010008091002,MODERN HANDLING EQUIP, 75 NEW STREET,,EDISON,NJ ,08837,USA,www.moderngroup.com,800-779-5116,"Sales,Service,Up To 2MW,Mobile/Diesel/Gas,"
10130,Industrial/Commercial Sales & Service,00010208021002,Modern Group Power Systems, 6352 Chapmans Rd,,Allentown,PA ,18106,USA,,800-404-7291,"Sales,Service,Up To 2MW,Mobile/Diesel/Gas,"
10130,Industrial/Commercial Sales & Service,00010208021002,Modern Group Power Systems, 200 Allied Parkway,,West Berlin,NJ ,08091,USA,,800-404-7291,"Sales,Service,Up To 2MW,Mobile/Diesel/Gas,"
10130,Industrial/Commercial Sales & Service,00010208021002,Modern Group Power Systems, 295 New Commerce Blvd.,,Wilkes Barre,PA ,18706,USA,,800-404-7291,"Sales,Service,Up To 2MW,Mobile/Diesel/Gas,"
10130,Industrial/Commercial Sales & Service,00010208021002,Modern Group Power Systems, 66A South Gate Blvd.,,New Castle,DE ,19720,USA,,800-404-7291,"Sales,Service,Up To 2MW,Mobile/Diesel/Gas,"
10130,Industrial/Commercial Sales & Service,00010000931002,"EMERGENCY POWER SYSTEMS, LLC", 35 HAMILTON LANE,,GLENMONT,NY ,12077,USA,,800-914-1465,"Service,Up To 2MW,Mobile/Diesel/Gas,"
10130,Industrial/Commercial Sales & Service,00010000931002,"EMERGENCY POWER SYSTEMS, LLC", 35 HAMILTON LANE,,GLENMONT,NY ,12077,USA,,800-914-1465,"Service,"
10130,Industrial/Commercial Sales & Service,00010208021002,Modern Group Power Systems, 3480 Board Road,,York,PA ,17402,USA,,800-404-7291,"Sales,Service,Up To 2MW,Mobile/Diesel/Gas,"
10130,Industrial/Commercial Sales & Service,00010001731002,AUTHORIZED SERVICES OF NEW ENGLAND, 410 FOREST STREET,,MARLBOROUGH,MA ,01752,USA,,888-890-9886,"Sales,"
10130,Industrial/Commercial Sales & Service,00010001691002,Kelly Generator & Equipment, 1955 Dale Ln,,Owings,MD ,20736,USA,www.kge.com,410-257-5225,"Sales,Service,Up To 2MW,Mobile/Diesel/Gas,Training,Rental,"
10130,Industrial/Commercial Sales & Service,00010001761002,"GENSERVE, INC.", 100 NEWTOWN RD,,PLAINVIEW,NY ,11803,USA,www.genserveinc.com,631-435-0437,"Service,"
10130,Industrial/Commercial Sales & Service,00111209521002,LONG ISLAND EMERGENCY POWER -QO, 2 Ocean Avenue,,DEER PARK,NY ,11729,USA,,631-586-7513,"Sales,"
10130,Industrial/Commercial Sales & Service,00010139211002,POWERPRO SERVICE CO. INC., 608 JOHNSON AVE. UNIT 6,,BOHEMIA,NY ,11716,USA,,631-567-2700,"Sales,Service,Up To 600kW,Mobile/Diesel/Gas,"
10130,Industrial/Commercial Sales & Service,00010134071002,PEAK POWER SYSTEMS, 99 SPRAGUE AVENUE,,MIDDLETOWN,NY ,10940,USA,www.peakpowersystems.com,845-344-1975,"Sales,Service,Up To 600kW,Mobile/Diesel/Gas,Rental,"
10130,Industrial/Commercial Sales & Service,00111209531002,HUNTINGTON POWER - LONG ISLAND, PO BOX 2040,,SHELTON,CT ,06484,USA,,631-586-7513,"Sales,"
10130,Industrial/Commercial Sales & Service,00010001761002,"GENSERVE, INC.", 115A TWINBRIDGE DR.,,PENNSAUKEN,NJ ,08110,USA,www.genserveinc.com,856-324-0459,"Service,"
10130,Industrial/Commercial Sales & Service,00111184131002,HUNTER & LOMISON, 1956 W FOURTH ST,,WILLIAMSPORT,PA ,17701,USA,www.hunterlomison.com,570-326-1764,"Sales,Service,Up To 600kW,Mobile/Diesel/Gas,Rental,"
10130,Industrial/Commercial Sales & Service,00010000881002,HUNTER & LOMISON INC., 1956 W. 4TH STREET,,WILLIAMSPORT,PA ,17701,USA,www.hunterlomison.com,570-326-1764,"Service,Up To 600kW,Mobile/Diesel/Gas,"
10130,Industrial/Commercial Sales & Service,00010001621002,BROOKFIELD SERVICE, 708 GLEBE ROAD,,WESTMORELAND,NH ,03467,USA,www.brookfieldservice.com,802-485-6567,"Service,Up To 600kW,Mobile/Diesel/Gas,"
10130,Industrial/Commercial Sales & Service,00010021101002,SOUTH SHORE GENERATOR INC-Quote, 2696A CRANBERRY HWY,,WAREHAM,MA ,02571,USA,,508-295-7336,"Sales,Service,Up To 600kW,Mobile/Diesel/Gas,"
10130,Industrial/Commercial Sales & Service,00010001701002,SOUTH SHORE GENERATOR INC, ,,EAST WAREHAM,MA ,02538,USA,,508-295-7336,"Financing,Sales,Service,Up To 600kW,Mobile/Diesel/Gas,"
10130,Industrial/Commercial Sales & Service,00111207431002,WARSHAUER ELECTRIC SUPPLY CO INC, 800 SHREWSBURY AVE,,TINTON FALLS,NJ ,07724,USA,www.warshauer.com,732-741-6400,"Service,"
10130,Industrial/Commercial Sales & Service,00010157021002,Mechanical Service Co, 1145 Oak St.,,Pittston,PA ,18640,USA,,570-654-2445,"Service,"
10131,Industrial/Commercial Sales & Service,00010001611002,Huntington Power, 230 Long Hill Cross Rd,,Shelton,CT ,06484,USA,www.huntingtonpower.com,203-929-3203,"Sales,Service,Up To 2MW,Mobile/Diesel/Gas,Training,Rental,"
10131,Industrial/Commercial Sales & Service,00010214161002,"R.L. Kistler, Inc", 300 Mile Crossing Blvd.,,Rochester,NY ,14624,USA,rlkistler.com,585-436-1940,"Sales,"
10131,Industrial/Commercial Sales & Service,00010214161002,"R.L. KISTLER, INC.", 35 HAMILTON LANE,,GLENMONT,NY ,12077,USA,,585-436-1940,"Sales,Service,"
10131,Industrial/Commercial Sales & Service,00010001611002,Huntington Power, 68 Enter Ln,,Islandia,NY ,11749,USA,,631-563-4943,"Sales,Service,Up To 2MW,Mobile/Diesel/Gas,"
10131,Industrial/Commercial Sales & Service,00010001611002,Huntington Power, 34 E DUDLEY TOWN RD.,,BLOOMFIELD,CT ,06002,USA,,860-289-8790,"Sales,Service,Rental,"
10131,Industrial/Commercial Sales & Service,00010214161002,"R.L. Kistler, Inc", 5615 Business Ave.,,N. Syracuse,NY ,13208,USA,,315-458-2875,"Sales,"
10131,Industrial/Commercial Sales & Service,00010214161002,"R.L. Kistler, Inc", 5615 Business Ave.,,N. Syracuse,NY ,13208,USA,,315-458-2875,"Sales,"
10131,Industrial/Commercial Sales & Service,00010208021002,Modern Group Power Systems, 2501 Durham Road,,Bristol,PA ,19007,USA,www.moderngroup.com,800-404-7291,"Sales,Service,Up To 2MW,Mobile/Diesel/Gas,Training,Rental,"
10131,Industrial/Commercial Sales & Service,00010001731002,Authorized Services Of New England, 410 Forest Street,,Marlborough,MA ,01752,USA,www.asne.com,888-890-9886,"Financing,Sales,Service,Up To 2MW,Mobile/Diesel/Gas,Training,Rental,"
10131,Industrial/Commercial Sales & Service,00010008091002,MODERN HANDLING EQUIP, 75 NEW STREET,,EDISON,NJ ,08837,USA,www.moderngroup.com,800-779-5116,"Sales,Service,Up To 2MW,Mobile/Diesel/Gas,"
10131,Industrial/Commercial Sales & Service,00010208021002,Modern Group Power Systems, 6352 Chapmans Rd,,Allentown,PA ,18106,USA,,800-404-7291,"Sales,Service,Up To 2MW,Mobile/Diesel/Gas,"
10131,Industrial/Commercial Sales & Service,00010208021002,Modern Group Power Systems, 200 Allied Parkway,,West Berlin,NJ ,08091,USA,,800-404-7291,"Sales,Service,Up To 2MW,Mobile/Diesel/Gas,"
10131,Industrial/Commercial Sales & Service,00010208021002,Modern Group Power Systems, 295 New Commerce Blvd.,,Wilkes Barre,PA ,18706,USA,,800-404-7291,"Sales,Service,Up To 2MW,Mobile/Diesel/Gas,"
10131,Industrial/Commercial Sales & Service,00010208021002,Modern Group Power Systems, 66A South Gate Blvd.,,New Castle,DE ,19720,USA,,800-404-7291,"Sales,Service,Up To 2MW,Mobile/Diesel/Gas,"
10131,Industrial/Commercial Sales & Service,00010000931002,"EMERGENCY POWER SYSTEMS, LLC", 35 HAMILTON LANE,,GLENMONT,NY ,12077,USA,,800-914-1465,"Service,Up To 2MW,Mobile/Diesel/Gas,"
10131,Industrial/Commercial Sales & Service,00010000931002,"EMERGENCY POWER SYSTEMS, LLC", 35 HAMILTON LANE,,GLENMONT,NY ,12077,USA,,800-914-1465,"Service,"
10131,Industrial/Commercial Sales & Service,00010208021002,Modern Group Power Systems, 3480 Board Road,,York,PA ,17402,USA,,800-404-7291,"Sales,Service,Up To 2MW,Mobile/Diesel/Gas,"
10131,Industrial/Commercial Sales & Service,00010001731002,AUTHORIZED SERVICES OF NEW ENGLAND, 410 FOREST STREET,,MARLBOROUGH,MA ,01752,USA,,888-890-9886,"Sales,"
10131,Industrial/Commercial Sales & Service,00010001761002,"GENSERVE, INC.", 100 NEWTOWN RD,,PLAINVIEW,NY ,11803,USA,www.genserveinc.com,631-435-0437,"Service,"
10131,Industrial/Commercial Sales & Service,00111209521002,LONG ISLAND EMERGENCY POWER -QO, 2 Ocean Avenue,,DEER PARK,NY ,11729,USA,,631-586-7513,"Sales,"
10131,Industrial/Commercial Sales & Service,00010139211002,POWERPRO SERVICE CO. INC., 608 JOHNSON AVE. UNIT 6,,BOHEMIA,NY ,11716,USA,,631-567-2700,"Sales,Service,Up To 600kW,Mobile/Diesel/Gas,"
10131,Industrial/Commercial Sales & Service,00010134071002,PEAK POWER SYSTEMS, 99 SPRAGUE AVENUE,,MIDDLETOWN,NY ,10940,USA,www.peakpowersystems.com,845-344-1975,"Sales,Service,Up To 600kW,Mobile/Diesel/Gas,Rental,"
10131,Industrial/Commercial Sales & Service,00111209531002,HUNTINGTON POWER - LONG ISLAND, PO BOX 2040,,SHELTON,CT ,06484,USA,,631-586-7513,"Sales,"
10131,Industrial/Commercial Sales & Service,00010001761002,"GENSERVE, INC.", 115A TWINBRIDGE DR.,,PENNSAUKEN,NJ ,08110,USA,www.genserveinc.com,856-324-0459,"Service,"
10131,Industrial/Commercial Sales & Service,00111184131002,HUNTER & LOMISON, 1956 W FOURTH ST,,WILLIAMSPORT,PA ,17701,USA,www.hunterlomison.com,570-326-1764,"Sales,Service,Up To 600kW,Mobile/Diesel/Gas,Rental,"
10131,Industrial/Commercial Sales & Service,00010000881002,HUNTER & LOMISON INC., 1956 W. 4TH STREET,,WILLIAMSPORT,PA ,17701,USA,www.hunterlomison.com,570-326-1764,"Service,Up To 600kW,Mobile/Diesel/Gas,"
10131,Industrial/Commercial Sales & Service,00010001621002,BROOKFIELD SERVICE, 708 GLEBE ROAD,,WESTMORELAND,NH ,03467,USA,www.brookfieldservice.com,802-485-6567,"Service,Up To 600kW,Mobile/Diesel/Gas,"
10131,Industrial/Commercial Sales & Service,00010021101002,SOUTH SHORE GENERATOR INC-Quote, 2696A CRANBERRY HWY,,WAREHAM,MA ,02571,USA,,508-295-7336,"Sales,Service,Up To 600kW,Mobile/Diesel/Gas,"
10131,Industrial/Commercial Sales & Service,00010001701002,SOUTH SHORE GENERATOR INC, ,,EAST WAREHAM,MA ,02538,USA,,508-295-7336,"Financing,Sales,Service,Up To 600kW,Mobile/Diesel/Gas,"
10131,Industrial/Commercial Sales & Service,00111207431002,WARSHAUER ELECTRIC SUPPLY CO INC, 800 SHREWSBURY AVE,,TINTON FALLS,NJ ,07724,USA,www.warshauer.com,732-741-6400,"Service,"
10131,Industrial/Commercial Sales & Service,00010157021002,Mechanical Service Co, 1145 Oak St.,,Pittston,PA ,18640,USA,,570-654-2445,"Service,"
10132,Industrial/Commercial Sales & Service,00010214161002,"R.L. Kistler, Inc", 300 Mile Crossing Blvd.,,Rochester,NY ,14624,USA,rlkistler.com,585-436-1940,"Sales,"
10132,Industrial/Commercial Sales & Service,00010214161002,"R.L. KISTLER, INC.", 35 HAMILTON LANE,,GLENMONT,NY ,12077,USA,,585-436-1940,"Sales,Service,"
10132,Industrial/Commercial Sales & Service,00010001611002,Huntington Power, 230 Long Hill Cross Rd,,Shelton,CT ,06484,USA,www.huntingtonpower.com,203-929-3203,"Sales,Service,Up To 2MW,Mobile/Diesel/Gas,Training,Rental,"
10132,Industrial/Commercial Sales & Service,00010214161002,"R.L. Kistler, Inc", 5615 Business Ave.,,N. Syracuse,NY ,13208,USA,,315-458-2875,"Sales,"
10132,Industrial/Commercial Sales & Service,00010214161002,"R.L. Kistler, Inc", 5615 Business Ave.,,N. Syracuse,NY ,13208,USA,,315-458-2875,"Sales,"
10132,Industrial/Commercial Sales & Service,00010001611002,Huntington Power, 68 Enter Ln,,Islandia,NY ,11749,USA,,631-563-4943,"Sales,Service,Up To 2MW,Mobile/Diesel/Gas,"
10132,Industrial/Commercial Sales & Service,00010001611002,Huntington Power, 34 E DUDLEY TOWN RD.,,BLOOMFIELD,CT ,06002,USA,,860-289-8790,"Sales,Service,Rental,"
10132,Industrial/Commercial Sales & Service,00010208021002,Modern Group Power Systems, 2501 Durham Road,,Bristol,PA ,19007,USA,www.moderngroup.com,800-404-7291,"Sales,Service,Up To 2MW,Mobile/Diesel/Gas,Training,Rental,"
10132,Industrial/Commercial Sales & Service,00010001731002,Authorized Services Of New England, 410 Forest Street,,Marlborough,MA ,01752,USA,www.asne.com,888-890-9886,"Financing,Sales,Service,Up To 2MW,Mobile/Diesel/Gas,Training,Rental,"
10132,Industrial/Commercial Sales & Service,00010008091002,MODERN HANDLING EQUIP, 75 NEW STREET,,EDISON,NJ ,08837,USA,www.moderngroup.com,800-779-5116,"Sales,Service,Up To 2MW,Mobile/Diesel/Gas,"
10132,Industrial/Commercial Sales & Service,00010208021002,Modern Group Power Systems, 6352 Chapmans Rd,,Allentown,PA ,18106,USA,,800-404-7291,"Sales,Service,Up To 2MW,Mobile/Diesel/Gas,"
10132,Industrial/Commercial Sales & Service,00010208021002,Modern Group Power Systems, 200 Allied Parkway,,West Berlin,NJ ,08091,USA,,800-404-7291,"Sales,Service,Up To 2MW,Mobile/Diesel/Gas,"
10132,Industrial/Commercial Sales & Service,00010208021002,Modern Group Power Systems, 295 New Commerce Blvd.,,Wilkes Barre,PA ,18706,USA,,800-404-7291,"Sales,Service,Up To 2MW,Mobile/Diesel/Gas,"
10132,Industrial/Commercial Sales & Service,00010208021002,Modern Group Power Systems, 66A South Gate Blvd.,,New Castle,DE ,19720,USA,,800-404-7291,"Sales,Service,Up To 2MW,Mobile/Diesel/Gas,"
10132,Industrial/Commercial Sales & Service,00010000931002,"EMERGENCY POWER SYSTEMS, LLC", 35 HAMILTON LANE,,GLENMONT,NY ,12077,USA,,800-914-1465,"Service,Up To 2MW,Mobile/Diesel/Gas,"
10132,Industrial/Commercial Sales & Service,00010000931002,"EMERGENCY POWER SYSTEMS, LLC", 35 HAMILTON LANE,,GLENMONT,NY ,12077,USA,,800-914-1465,"Service,"
10132,Industrial/Commercial Sales & Service,00010208021002,Modern Group Power Systems, 3480 Board Road,,York,PA ,17402,USA,,800-404-7291,"Sales,Service,Up To 2MW,Mobile/Diesel/Gas,"
10132,Industrial/Commercial Sales & Service,00010001731002,AUTHORIZED SERVICES OF NEW ENGLAND, 410 FOREST STREET,,MARLBOROUGH,MA ,01752,USA,,888-890-9886,"Sales,"
10132,Industrial/Commercial Sales & Service,00010001761002,"GENSERVE, INC.", 100 NEWTOWN RD,,PLAINVIEW,NY ,11803,USA,www.genserveinc.com,631-435-0437,"Service,"
10132,Industrial/Commercial Sales & Service,00111209521002,LONG ISLAND EMERGENCY POWER -QO, 2 Ocean Avenue,,DEER PARK,NY ,11729,USA,,631-586-7513,"Sales,"
10132,Industrial/Commercial Sales & Service,00010139211002,POWERPRO SERVICE CO. INC., 608 JOHNSON AVE. UNIT 6,,BOHEMIA,NY ,11716,USA,,631-567-2700,"Sales,Service,Up To 600kW,Mobile/Diesel/Gas,"
10132,Industrial/Commercial Sales & Service,00010134071002,PEAK POWER SYSTEMS, 99 SPRAGUE AVENUE,,MIDDLETOWN,NY ,10940,USA,www.peakpowersystems.com,845-344-1975,"Sales,Service,Up To 600kW,Mobile/Diesel/Gas,Rental,"
10132,Industrial/Commercial Sales & Service,00111209531002,HUNTINGTON POWER - LONG ISLAND, PO BOX 2040,,SHELTON,CT ,06484,USA,,631-586-7513,"Sales,"
10132,Industrial/Commercial Sales & Service,00010001761002,"GENSERVE, INC.", 115A TWINBRIDGE DR.,,PENNSAUKEN,NJ ,08110,USA,www.genserveinc.com,856-324-0459,"Service,"
10132,Industrial/Commercial Sales & Service,00111184131002,HUNTER & LOMISON, 1956 W FOURTH ST,,WILLIAMSPORT,PA ,17701,USA,www.hunterlomison.com,570-326-1764,"Sales,Service,Up To 600kW,Mobile/Diesel/Gas,Rental,"
10132,Industrial/Commercial Sales & Service,00010000881002,HUNTER & LOMISON INC., 1956 W. 4TH STREET,,WILLIAMSPORT,PA ,17701,USA,www.hunterlomison.com,570-326-1764,"Service,Up To 600kW,Mobile/Diesel/Gas,"
10132,Industrial/Commercial Sales & Service,00010001621002,BROOKFIELD SERVICE, 708 GLEBE ROAD,,WESTMORELAND,NH ,03467,USA,www.brookfieldservice.com,802-485-6567,"Service,Up To 600kW,Mobile/Diesel/Gas,"
10132,Industrial/Commercial Sales & Service,00010021101002,SOUTH SHORE GENERATOR INC-Quote, 2696A CRANBERRY HWY,,WAREHAM,MA ,02571,USA,,508-295-7336,"Sales,Service,Up To 600kW,Mobile/Diesel/Gas,"
10132,Industrial/Commercial Sales & Service,00010001701002,SOUTH SHORE GENERATOR INC, ,,EAST WAREHAM,MA ,02538,USA,,508-295-7336,"Financing,Sales,Service,Up To 600kW,Mobile/Diesel/Gas,"
10132,Industrial/Commercial Sales & Service,00111207431002,WARSHAUER ELECTRIC SUPPLY CO INC, 800 SHREWSBURY AVE,,TINTON FALLS,NJ ,07724,USA,www.warshauer.com,732-741-6400,"Service,"
10132,Industrial/Commercial Sales & Service,00010157021002,Mechanical Service Co, 1145 Oak St.,,Pittston,PA ,18640,USA,,570-654-2445,"Service,"
10133,Industrial/Commercial Sales & Service,00010214161002,"R.L. Kistler, Inc", 300 Mile Crossing Blvd.,,Rochester,NY ,14624,USA,rlkistler.com,585-436-1940,"Sales,"
10133,Industrial/Commercial Sales & Service,00010214161002,"R.L. KISTLER, INC.", 35 HAMILTON LANE,,GLENMONT,NY ,12077,USA,,585-436-1940,"Sales,Service,"
10133,Industrial/Commercial Sales & Service,00010001611002,Huntington Power, 230 Long Hill Cross Rd,,Shelton,CT ,06484,USA,www.huntingtonpower.com,203-929-3203,"Sales,Service,Up To 2MW,Mobile/Diesel/Gas,Training,Rental,"
10133,Industrial/Commercial Sales & Service,00010214161002,"R.L. Kistler, Inc", 5615 Business Ave.,,N. Syracuse,NY ,13208,USA,,315-458-2875,"Sales,"
10133,Industrial/Commercial Sales & Service,00010214161002,"R.L. Kistler, Inc", 5615 Business Ave.,,N. Syracuse,NY ,13208,USA,,315-458-2875,"Sales,"
10133,Industrial/Commercial Sales & Service,00010001611002,Huntington Power, 68 Enter Ln,,Islandia,NY ,11749,USA,,631-563-4943,"Sales,Service,Up To 2MW,Mobile/Diesel/Gas,"
10133,Industrial/Commercial Sales & Service,00010001611002,Huntington Power, 34 E DUDLEY TOWN RD.,,BLOOMFIELD,CT ,06002,USA,,860-289-8790,"Sales,Service,Rental,"
10133,Industrial/Commercial Sales & Service,00010208021002,Modern Group Power Systems, 2501 Durham Road,,Bristol,PA ,19007,USA,www.moderngroup.com,800-404-7291,"Sales,Service,Up To 2MW,Mobile/Diesel/Gas,Training,Rental,"
10133,Industrial/Commercial Sales & Service,00010001731002,Authorized Services Of New England, 410 Forest Street,,Marlborough,MA ,01752,USA,www.asne.com,888-890-9886,"Financing,Sales,Service,Up To 2MW,Mobile/Diesel/Gas,Training,Rental,"
10133,Industrial/Commercial Sales & Service,00010008091002,MODERN HANDLING EQUIP, 75 NEW STREET,,EDISON,NJ ,08837,USA,www.moderngroup.com,800-779-5116,"Sales,Service,Up To 2MW,Mobile/Diesel/Gas,"
10133,Industrial/Commercial Sales & Service,00010208021002,Modern Group Power Systems, 6352 Chapmans Rd,,Allentown,PA ,18106,USA,,800-404-7291,"Sales,Service,Up To 2MW,Mobile/Diesel/Gas,"
10133,Industrial/Commercial Sales & Service,00010208021002,Modern Group Power Systems, 200 Allied Parkway,,West Berlin,NJ ,08091,USA,,800-404-7291,"Sales,Service,Up To 2MW,Mobile/Diesel/Gas,"
10133,Industrial/Commercial Sales & Service,00010208021002,Modern Group Power Systems, 295 New Commerce Blvd.,,Wilkes Barre,PA ,18706,USA,,800-404-7291,"Sales,Service,Up To 2MW,Mobile/Diesel/Gas,"
10133,Industrial/Commercial Sales & Service,00010208021002,Modern Group Power Systems, 66A South Gate Blvd.,,New Castle,DE ,19720,USA,,800-404-7291,"Sales,Service,Up To 2MW,Mobile/Diesel/Gas,"
10133,Industrial/Commercial Sales & Service,00010000931002,"EMERGENCY POWER SYSTEMS, LLC", 35 HAMILTON LANE,,GLENMONT,NY ,12077,USA,,800-914-1465,"Service,Up To 2MW,Mobile/Diesel/Gas,"
10133,Industrial/Commercial Sales & Service,00010000931002,"EMERGENCY POWER SYSTEMS, LLC", 35 HAMILTON LANE,,GLENMONT,NY ,12077,USA,,800-914-1465,"Service,"
10133,Industrial/Commercial Sales & Service,00010208021002,Modern Group Power Systems, 3480 Board Road,,York,PA ,17402,USA,,800-404-7291,"Sales,Service,Up To 2MW,Mobile/Diesel/Gas,"
10133,Industrial/Commercial Sales & Service,00010001731002,AUTHORIZED SERVICES OF NEW ENGLAND, 410 FOREST STREET,,MARLBOROUGH,MA ,01752,USA,,888-890-9886,"Sales,"
10133,Industrial/Commercial Sales & Service,00010001761002,"GENSERVE, INC.", 100 NEWTOWN RD,,PLAINVIEW,NY ,11803,USA,www.genserveinc.com,631-435-0437,"Service,"
10133,Industrial/Commercial Sales & Service,00111209521002,LONG ISLAND EMERGENCY POWER -QO, 2 Ocean Avenue,,DEER PARK,NY ,11729,USA,,631-586-7513,"Sales,"
10133,Industrial/Commercial Sales & Service,00010139211002,POWERPRO SERVICE CO. INC., 608 JOHNSON AVE. UNIT 6,,BOHEMIA,NY ,11716,USA,,631-567-2700,"Sales,Service,Up To 600kW,Mobile/Diesel/Gas,"
10133,Industrial/Commercial Sales & Service,00010134071002,PEAK POWER SYSTEMS, 99 SPRAGUE AVENUE,,MIDDLETOWN,NY ,10940,USA,www.peakpowersystems.com,845-344-1975,"Sales,Service,Up To 600kW,Mobile/Diesel/Gas,Rental,"
10133,Industrial/Commercial Sales & Service,00111209531002,HUNTINGTON POWER - LONG ISLAND, PO BOX 2040,,SHELTON,CT ,06484,USA,,631-586-7513,"Sales,"
10133,Industrial/Commercial Sales & Service,00010001761002,"GENSERVE, INC.", 115A TWINBRIDGE DR.,,PENNSAUKEN,NJ ,08110,USA,www.genserveinc.com,856-324-0459,"Service,"
10133,Industrial/Commercial Sales & Service,00111184131002,HUNTER & LOMISON, 1956 W FOURTH ST,,WILLIAMSPORT,PA ,17701,USA,www.hunterlomison.com,570-326-1764,"Sales,Service,Up To 600kW,Mobile/Diesel/Gas,Rental,"
10133,Industrial/Commercial Sales & Service,00010000881002,HUNTER & LOMISON INC., 1956 W. 4TH STREET,,WILLIAMSPORT,PA ,17701,USA,www.hunterlomison.com,570-326-1764,"Service,Up To 600kW,Mobile/Diesel/Gas,"
10133,Industrial/Commercial Sales & Service,00010001621002,BROOKFIELD SERVICE, 708 GLEBE ROAD,,WESTMORELAND,NH ,03467,USA,www.brookfieldservice.com,802-485-6567,"Service,Up To 600kW,Mobile/Diesel/Gas,"
10133,Industrial/Commercial Sales & Service,00010021101002,SOUTH SHORE GENERATOR INC-Quote, 2696A CRANBERRY HWY,,WAREHAM,MA ,02571,USA,,508-295-7336,"Sales,Service,Up To 600kW,Mobile/Diesel/Gas,"
10133,Industrial/Commercial Sales & Service,00010001701002,SOUTH SHORE GENERATOR INC, ,,EAST WAREHAM,MA ,02538,USA,,508-295-7336,"Financing,Sales,Service,Up To 600kW,Mobile/Diesel/Gas,"
10133,Industrial/Commercial Sales & Service,00111207431002,WARSHAUER ELECTRIC SUPPLY CO INC, 800 SHREWSBURY AVE,,TINTON FALLS,NJ ,07724,USA,www.warshauer.com,732-741-6400,"Service,"
10133,Industrial/Commercial Sales & Service,00010157021002,Mechanical Service Co, 1145 Oak St.,,Pittston,PA ,18640,USA,,570-654-2445,"Service,"
10138,Industrial/Commercial Sales & Service,00010214161002,"R.L. KISTLER, INC.", 35 HAMILTON LANE,,GLENMONT,NY ,12077,USA,,585-436-1940,"Sales,Service,"
10138,Industrial/Commercial Sales & Service,00010001611002,Huntington Power, 230 Long Hill Cross Rd,,Shelton,CT ,06484,USA,www.huntingtonpower.com,203-929-3203,"Sales,Service,Up To 2MW,Mobile/Diesel/Gas,Training,Rental,"
10138,Industrial/Commercial Sales & Service,00010214161002,"R.L. Kistler, Inc", 300 Mile Crossing Blvd.,,Rochester,NY ,14624,USA,rlkistler.com,585-436-1940,"Sales,"
10138,Industrial/Commercial Sales & Service,00010214161002,"R.L. Kistler, Inc", 5615 Business Ave.,,N. Syracuse,NY ,13208,USA,,315-458-2875,"Sales,"
10138,Industrial/Commercial Sales & Service,00010001611002,Huntington Power, 68 Enter Ln,,Islandia,NY ,11749,USA,,631-563-4943,"Sales,Service,Up To 2MW,Mobile/Diesel/Gas,"
10138,Industrial/Commercial Sales & Service,00010001611002,Huntington Power, 34 E DUDLEY TOWN RD.,,BLOOMFIELD,CT ,06002,USA,,860-289-8790,"Sales,Service,Rental,"
10138,Industrial/Commercial Sales & Service,00010214161002,"R.L. Kistler, Inc", 5615 Business Ave.,,N. Syracuse,NY ,13208,USA,,315-458-2875,"Sales,"
10138,Industrial/Commercial Sales & Service,00010208021002,Modern Group Power Systems, 2501 Durham Road,,Bristol,PA ,19007,USA,www.moderngroup.com,800-404-7291,"Sales,Service,Up To 2MW,Mobile/Diesel/Gas,Training,Rental,"
10138,Industrial/Commercial Sales & Service,00010001731002,Authorized Services Of New England, 410 Forest Street,,Marlborough,MA ,01752,USA,www.asne.com,888-890-9886,"Financing,Sales,Service,Up To 2MW,Mobile/Diesel/Gas,Training,Rental,"
10138,Industrial/Commercial Sales & Service,00010008091002,MODERN HANDLING EQUIP, 75 NEW STREET,,EDISON,NJ ,08837,USA,www.moderngroup.com,800-779-5116,"Sales,Service,Up To 2MW,Mobile/Diesel/Gas,"
10138,Industrial/Commercial Sales & Service,00010208021002,Modern Group Power Systems, 6352 Chapmans Rd,,Allentown,PA ,18106,USA,,800-404-7291,"Sales,Service,Up To 2MW,Mobile/Diesel/Gas,"
10138,Industrial/Commercial Sales & Service,00010208021002,Modern Group Power Systems, 200 Allied Parkway,,West Berlin,NJ ,08091,USA,,800-404-7291,"Sales,Service,Up To 2MW,Mobile/Diesel/Gas,"
10138,Industrial/Commercial Sales & Service,00010208021002,Modern Group Power Systems, 295 New Commerce Blvd.,,Wilkes Barre,PA ,18706,USA,,800-404-7291,"Sales,Service,Up To 2MW,Mobile/Diesel/Gas,"
10138,Industrial/Commercial Sales & Service,00010208021002,Modern Group Power Systems, 66A South Gate Blvd.,,New Castle,DE ,19720,USA,,800-404-7291,"Sales,Service,Up To 2MW,Mobile/Diesel/Gas,"
10138,Industrial/Commercial Sales & Service,00010000931002,"EMERGENCY POWER SYSTEMS, LLC", 35 HAMILTON LANE,,GLENMONT,NY ,12077,USA,,800-914-1465,"Service,Up To 2MW,Mobile/Diesel/Gas,"
10138,Industrial/Commercial Sales & Service,00010000931002,"EMERGENCY POWER SYSTEMS, LLC", 35 HAMILTON LANE,,GLENMONT,NY ,12077,USA,,800-914-1465,"Service,"
10138,Industrial/Commercial Sales & Service,00010208021002,Modern Group Power Systems, 3480 Board Road,,York,PA ,17402,USA,,800-404-7291,"Sales,Service,Up To 2MW,Mobile/Diesel/Gas,"
10138,Industrial/Commercial Sales & Service,00010001731002,AUTHORIZED SERVICES OF NEW ENGLAND, 410 FOREST STREET,,MARLBOROUGH,MA ,01752,USA,,888-890-9886,"Sales,"
10138,Industrial/Commercial Sales & Service,00010001691002,Kelly Generator & Equipment, 1955 Dale Ln,,Owings,MD ,20736,USA,www.kge.com,410-257-5225,"Sales,Service,Up To 2MW,Mobile/Diesel/Gas,Training,Rental,"
10138,Industrial/Commercial Sales & Service,00010001761002,"GENSERVE, INC.", 100 NEWTOWN RD,,PLAINVIEW,NY ,11803,USA,www.genserveinc.com,631-435-0437,"Service,"
10138,Industrial/Commercial Sales & Service,00111209521002,LONG ISLAND EMERGENCY POWER -QO, 2 Ocean Avenue,,DEER PARK,NY ,11729,USA,,631-586-7513,"Sales,"
10138,Industrial/Commercial Sales & Service,00010139211002,POWERPRO SERVICE CO. INC., 608 JOHNSON AVE. UNIT 6,,BOHEMIA,NY ,11716,USA,,631-567-2700,"Sales,Service,Up To 600kW,Mobile/Diesel/Gas,"
10138,Industrial/Commercial Sales & Service,00010134071002,PEAK POWER SYSTEMS, 99 SPRAGUE AVENUE,,MIDDLETOWN,NY ,10940,USA,www.peakpowersystems.com,845-344-1975,"Sales,Service,Up To 600kW,Mobile/Diesel/Gas,Rental,"
10138,Industrial/Commercial Sales & Service,00111209531002,HUNTINGTON POWER - LONG ISLAND, PO BOX 2040,,SHELTON,CT ,06484,USA,,631-586-7513,"Sales,"
10138,Industrial/Commercial Sales & Service,00010001761002,"GENSERVE, INC.", 115A TWINBRIDGE DR.,,PENNSAUKEN,NJ ,08110,USA,www.genserveinc.com,856-324-0459,"Service,"
10138,Industrial/Commercial Sales & Service,00111184131002,HUNTER & LOMISON, 1956 W FOURTH ST,,WILLIAMSPORT,PA ,17701,USA,www.hunterlomison.com,570-326-1764,"Sales,Service,Up To 600kW,Mobile/Diesel/Gas,Rental,"
10138,Industrial/Commercial Sales & Service,00010000881002,HUNTER & LOMISON INC., 1956 W. 4TH STREET,,WILLIAMSPORT,PA ,17701,USA,www.hunterlomison.com,570-326-1764,"Service,Up To 600kW,Mobile/Diesel/Gas,"
10138,Industrial/Commercial Sales & Service,00010001621002,BROOKFIELD SERVICE, 708 GLEBE ROAD,,WESTMORELAND,NH ,03467,USA,www.brookfieldservice.com,802-485-6567,"Service,Up To 600kW,Mobile/Diesel/Gas,"
10138,Industrial/Commercial Sales & Service,00010021101002,SOUTH SHORE GENERATOR INC-Quote, 2696A CRANBERRY HWY,,WAREHAM,MA ,02571,USA,,508-295-7336,"Sales,Service,Up To 600kW,Mobile/Diesel/Gas,"
10138,Industrial/Commercial Sales & Service,00010001701002,SOUTH SHORE GENERATOR INC, ,,EAST WAREHAM,MA ,02538,USA,,508-295-7336,"Financing,Sales,Service,Up To 600kW,Mobile/Diesel/Gas,"
10138,Industrial/Commercial Sales & Service,00111207431002,WARSHAUER ELECTRIC SUPPLY CO INC, 800 SHREWSBURY AVE,,TINTON FALLS,NJ ,07724,USA,www.warshauer.com,732-741-6400,"Service,"
10138,Industrial/Commercial Sales & Service,00010157021002,Mechanical Service Co, 1145 Oak St.,,Pittston,PA ,18640,USA,,570-654-2445,"Service,"
10150,Industrial/Commercial Sales & Service,00010214161002,"R.L. Kistler, Inc", 300 Mile Crossing Blvd.,,Rochester,NY ,14624,USA,rlkistler.com,585-436-1940,"Sales,"
10150,Industrial/Commercial Sales & Service,00010001611002,Huntington Power, 230 Long Hill Cross Rd,,Shelton,CT ,06484,USA,www.huntingtonpower.com,203-929-3203,"Sales,Service,Up To 2MW,Mobile/Diesel/Gas,Training,Rental,"
10150,Industrial/Commercial Sales & Service,00010214161002,"R.L. KISTLER, INC.", 35 HAMILTON LANE,,GLENMONT,NY ,12077,USA,,585-436-1940,"Sales,Service,"
10150,Industrial/Commercial Sales & Service,00010214161002,"R.L. Kistler, Inc", 5615 Business Ave.,,N. Syracuse,NY ,13208,USA,,315-458-2875,"Sales,"
10150,Industrial/Commercial Sales & Service,00010001611002,Huntington Power, 68 Enter Ln,,Islandia,NY ,11749,USA,,631-563-4943,"Sales,Service,Up To 2MW,Mobile/Diesel/Gas,"
10150,Industrial/Commercial Sales & Service,00010001611002,Huntington Power, 34 E DUDLEY TOWN RD.,,BLOOMFIELD,CT ,06002,USA,,860-289-8790,"Sales,Service,Rental,"
10150,Industrial/Commercial Sales & Service,00010214161002,"R.L. Kistler, Inc", 5615 Business Ave.,,N. Syracuse,NY ,13208,USA,,315-458-2875,"Sales,"
10150,Industrial/Commercial Sales & Service,00010208021002,Modern Group Power Systems, 2501 Durham Road,,Bristol,PA ,19007,USA,www.moderngroup.com,800-404-7291,"Sales,Service,Up To 2MW,Mobile/Diesel/Gas,Training,Rental,"
10150,Industrial/Commercial Sales & Service,00010001731002,Authorized Services Of New England, 410 Forest Street,,Marlborough,MA ,01752,USA,www.asne.com,888-890-9886,"Financing,Sales,Service,Up To 2MW,Mobile/Diesel/Gas,Training,Rental,"
10150,Industrial/Commercial Sales & Service,00010008091002,MODERN HANDLING EQUIP, 75 NEW STREET,,EDISON,NJ ,08837,USA,www.moderngroup.com,800-779-5116,"Sales,Service,Up To 2MW,Mobile/Diesel/Gas,"
10150,Industrial/Commercial Sales & Service,00010208021002,Modern Group Power Systems, 200 Allied Parkway,,West Berlin,NJ ,08091,USA,,800-404-7291,"Sales,Service,Up To 2MW,Mobile/Diesel/Gas,"
10150,Industrial/Commercial Sales & Service,00010208021002,Modern Group Power Systems, 6352 Chapmans Rd,,Allentown,PA ,18106,USA,,800-404-7291,"Sales,Service,Up To 2MW,Mobile/Diesel/Gas,"
10150,Industrial/Commercial Sales & Service,00010208021002,Modern Group Power Systems, 295 New Commerce Blvd.,,Wilkes Barre,PA ,18706,USA,,800-404-7291,"Sales,Service,Up To 2MW,Mobile/Diesel/Gas,"
10150,Industrial/Commercial Sales & Service,00010208021002,Modern Group Power Systems, 66A South Gate Blvd.,,New Castle,DE ,19720,USA,,800-404-7291,"Sales,Service,Up To 2MW,Mobile/Diesel/Gas,"
10150,Industrial/Commercial Sales & Service,00010000931002,"EMERGENCY POWER SYSTEMS, LLC", 35 HAMILTON LANE,,GLENMONT,NY ,12077,USA,,800-914-1465,"Service,Up To 2MW,Mobile/Diesel/Gas,"
10150,Industrial/Commercial Sales & Service,00010000931002,"EMERGENCY POWER SYSTEMS, LLC", 35 HAMILTON LANE,,GLENMONT,NY ,12077,USA,,800-914-1465,"Service,"
10150,Industrial/Commercial Sales & Service,00010208021002,Modern Group Power Systems, 3480 Board Road,,York,PA ,17402,USA,,800-404-7291,"Sales,Service,Up To 2MW,Mobile/Diesel/Gas,"
10150,Industrial/Commercial Sales & Service,00010001731002,AUTHORIZED SERVICES OF NEW ENGLAND, 410 FOREST STREET,,MARLBOROUGH,MA ,01752,USA,,888-890-9886,"Sales,"
10150,Industrial/Commercial Sales & Service,00010001761002,"GENSERVE, INC.", 100 NEWTOWN RD,,PLAINVIEW,NY ,11803,USA,www.genserveinc.com,631-435-0437,"Service,"
10150,Industrial/Commercial Sales & Service,00111209521002,LONG ISLAND EMERGENCY POWER -QO, 2 Ocean Avenue,,DEER PARK,NY ,11729,USA,,631-586-7513,"Sales,"
10150,Industrial/Commercial Sales & Service,00010139211002,POWERPRO SERVICE CO. INC., 608 JOHNSON AVE. UNIT 6,,BOHEMIA,NY ,11716,USA,,631-567-2700,"Sales,Service,Up To 600kW,Mobile/Diesel/Gas,"
10150,Industrial/Commercial Sales & Service,00010134071002,PEAK POWER SYSTEMS, 99 SPRAGUE AVENUE,,MIDDLETOWN,NY ,10940,USA,www.peakpowersystems.com,845-344-1975,"Sales,Service,Up To 600kW,Mobile/Diesel/Gas,Rental,"
10150,Industrial/Commercial Sales & Service,00111209531002,HUNTINGTON POWER - LONG ISLAND, PO BOX 2040,,SHELTON,CT ,06484,USA,,631-586-7513,"Sales,"
10150,Industrial/Commercial Sales & Service,00010001761002,"GENSERVE, INC.", 115A TWINBRIDGE DR.,,PENNSAUKEN,NJ ,08110,USA,www.genserveinc.com,856-324-0459,"Service,"
10150,Industrial/Commercial Sales & Service,00111184131002,HUNTER & LOMISON, 1956 W FOURTH ST,,WILLIAMSPORT,PA ,17701,USA,www.hunterlomison.com,570-326-1764,"Sales,Service,Up To 600kW,Mobile/Diesel/Gas,Rental,"
10150,Industrial/Commercial Sales & Service,00010000881002,HUNTER & LOMISON INC., 1956 W. 4TH STREET,,WILLIAMSPORT,PA ,17701,USA,www.hunterlomison.com,570-326-1764,"Service,Up To 600kW,Mobile/Diesel/Gas,"
10150,Industrial/Commercial Sales & Service,00010001621002,BROOKFIELD SERVICE, 708 GLEBE ROAD,,WESTMORELAND,NH ,03467,USA,www.brookfieldservice.com,802-485-6567,"Service,Up To 600kW,Mobile/Diesel/Gas,"
10150,Industrial/Commercial Sales & Service,00010021101002,SOUTH SHORE GENERATOR INC-Quote, 2696A CRANBERRY HWY,,WAREHAM,MA ,02571,USA,,508-295-7336,"Sales,Service,Up To 600kW,Mobile/Diesel/Gas,"
10150,Industrial/Commercial Sales & Service,00010001701002,SOUTH SHORE GENERATOR INC, ,,EAST WAREHAM,MA ,02538,USA,,508-295-7336,"Financing,Sales,Service,Up To 600kW,Mobile/Diesel/Gas,"
10150,Industrial/Commercial Sales & Service,00111207431002,WARSHAUER ELECTRIC SUPPLY CO INC, 800 SHREWSBURY AVE,,TINTON FALLS,NJ ,07724,USA,www.warshauer.com,732-741-6400,"Service,"
10150,Industrial/Commercial Sales & Service,00010157021002,Mechanical Service Co, 1145 Oak St.,,Pittston,PA ,18640,USA,,570-654-2445,"Service,"
10151,Industrial/Commercial Sales & Service,00010214161002,"R.L. Kistler, Inc", 300 Mile Crossing Blvd.,,Rochester,NY ,14624,USA,rlkistler.com,585-436-1940,"Sales,"
10151,Industrial/Commercial Sales & Service,00010001611002,Huntington Power, 230 Long Hill Cross Rd,,Shelton,CT ,06484,USA,www.huntingtonpower.com,203-929-3203,"Sales,Service,Up To 2MW,Mobile/Diesel/Gas,Training,Rental,"
10151,Industrial/Commercial Sales & Service,00010214161002,"R.L. KISTLER, INC.", 35 HAMILTON LANE,,GLENMONT,NY ,12077,USA,,585-436-1940,"Sales,Service,"
10151,Industrial/Commercial Sales & Service,00010214161002,"R.L. Kistler, Inc", 5615 Business Ave.,,N. Syracuse,NY ,13208,USA,,315-458-2875,"Sales,"
10151,Industrial/Commercial Sales & Service,00010001611002,Huntington Power, 68 Enter Ln,,Islandia,NY ,11749,USA,,631-563-4943,"Sales,Service,Up To 2MW,Mobile/Diesel/Gas,"
10151,Industrial/Commercial Sales & Service,00010001611002,Huntington Power, 34 E DUDLEY TOWN RD.,,BLOOMFIELD,CT ,06002,USA,,860-289-8790,"Sales,Service,Rental,"
10151,Industrial/Commercial Sales & Service,00010214161002,"R.L. Kistler, Inc", 5615 Business Ave.,,N. Syracuse,NY ,13208,USA,,315-458-2875,"Sales,"
10151,Industrial/Commercial Sales & Service,00010208021002,Modern Group Power Systems, 2501 Durham Road,,Bristol,PA ,19007,USA,www.moderngroup.com,800-404-7291,"Sales,Service,Up To 2MW,Mobile/Diesel/Gas,Training,Rental,"
10151,Industrial/Commercial Sales & Service,00010001731002,Authorized Services Of New England, 410 Forest Street,,Marlborough,MA ,01752,USA,www.asne.com,888-890-9886,"Financing,Sales,Service,Up To 2MW,Mobile/Diesel/Gas,Training,Rental,"
10151,Industrial/Commercial Sales & Service,00010008091002,MODERN HANDLING EQUIP, 75 NEW STREET,,EDISON,NJ ,08837,USA,www.moderngroup.com,800-779-5116,"Sales,Service,Up To 2MW,Mobile/Diesel/Gas,"
10151,Industrial/Commercial Sales & Service,00010208021002,Modern Group Power Systems, 6352 Chapmans Rd,,Allentown,PA ,18106,USA,,800-404-7291,"Sales,Service,Up To 2MW,Mobile/Diesel/Gas,"
10151,Industrial/Commercial Sales & Service,00010208021002,Modern Group Power Systems, 200 Allied Parkway,,West Berlin,NJ ,08091,USA,,800-404-7291,"Sales,Service,Up To 2MW,Mobile/Diesel/Gas,"
10151,Industrial/Commercial Sales & Service,00010208021002,Modern Group Power Systems, 295 New Commerce Blvd.,,Wilkes Barre,PA ,18706,USA,,800-404-7291,"Sales,Service,Up To 2MW,Mobile/Diesel/Gas,"
10151,Industrial/Commercial Sales & Service,00010208021002,Modern Group Power Systems, 66A South Gate Blvd.,,New Castle,DE ,19720,USA,,800-404-7291,"Sales,Service,Up To 2MW,Mobile/Diesel/Gas,"
10151,Industrial/Commercial Sales & Service,00010000931002,"EMERGENCY POWER SYSTEMS, LLC", 35 HAMILTON LANE,,GLENMONT,NY ,12077,USA,,800-914-1465,"Service,Up To 2MW,Mobile/Diesel/Gas,"
10151,Industrial/Commercial Sales & Service,00010000931002,"EMERGENCY POWER SYSTEMS, LLC", 35 HAMILTON LANE,,GLENMONT,NY ,12077,USA,,800-914-1465,"Service,"
10151,Industrial/Commercial Sales & Service,00010208021002,Modern Group Power Systems, 3480 Board Road,,York,PA ,17402,USA,,800-404-7291,"Sales,Service,Up To 2MW,Mobile/Diesel/Gas,"
10151,Industrial/Commercial Sales & Service,00010001731002,AUTHORIZED SERVICES OF NEW ENGLAND, 410 FOREST STREET,,MARLBOROUGH,MA ,01752,USA,,888-890-9886,"Sales,"
10151,Industrial/Commercial Sales & Service,00010001761002,"GENSERVE, INC.", 100 NEWTOWN RD,,PLAINVIEW,NY ,11803,USA,www.genserveinc.com,631-435-0437,"Service,"
10151,Industrial/Commercial Sales & Service,00111209521002,LONG ISLAND EMERGENCY POWER -QO, 2 Ocean Avenue,,DEER PARK,NY ,11729,USA,,631-586-7513,"Sales,"
10151,Industrial/Commercial Sales & Service,00010139211002,POWERPRO SERVICE CO. INC., 608 JOHNSON AVE. UNIT 6,,BOHEMIA,NY ,11716,USA,,631-567-2700,"Sales,Service,Up To 600kW,Mobile/Diesel/Gas,"
10151,Industrial/Commercial Sales & Service,00010134071002,PEAK POWER SYSTEMS, 99 SPRAGUE AVENUE,,MIDDLETOWN,NY ,10940,USA,www.peakpowersystems.com,845-344-1975,"Sales,Service,Up To 600kW,Mobile/Diesel/Gas,Rental,"
10151,Industrial/Commercial Sales & Service,00111209531002,HUNTINGTON POWER - LONG ISLAND, PO BOX 2040,,SHELTON,CT ,06484,USA,,631-586-7513,"Sales,"
10151,Industrial/Commercial Sales & Service,00010001761002,"GENSERVE, INC.", 115A TWINBRIDGE DR.,,PENNSAUKEN,NJ ,08110,USA,www.genserveinc.com,856-324-0459,"Service,"
10151,Industrial/Commercial Sales & Service,00111184131002,HUNTER & LOMISON, 1956 W FOURTH ST,,WILLIAMSPORT,PA ,17701,USA,www.hunterlomison.com,570-326-1764,"Sales,Service,Up To 600kW,Mobile/Diesel/Gas,Rental,"
10151,Industrial/Commercial Sales & Service,00010000881002,HUNTER & LOMISON INC., 1956 W. 4TH STREET,,WILLIAMSPORT,PA ,17701,USA,www.hunterlomison.com,570-326-1764,"Service,Up To 600kW,Mobile/Diesel/Gas,"
10151,Industrial/Commercial Sales & Service,00010001621002,BROOKFIELD SERVICE, 708 GLEBE ROAD,,WESTMORELAND,NH ,03467,USA,www.brookfieldservice.com,802-485-6567,"Service,Up To 600kW,Mobile/Diesel/Gas,"
10151,Industrial/Commercial Sales & Service,00010021101002,SOUTH SHORE GENERATOR INC-Quote, 2696A CRANBERRY HWY,,WAREHAM,MA ,02571,USA,,508-295-7336,"Sales,Service,Up To 600kW,Mobile/Diesel/Gas,"
10151,Industrial/Commercial Sales & Service,00010001701002,SOUTH SHORE GENERATOR INC, ,,EAST WAREHAM,MA ,02538,USA,,508-295-7336,"Financing,Sales,Service,Up To 600kW,Mobile/Diesel/Gas,"
10151,Industrial/Commercial Sales & Service,00111207431002,WARSHAUER ELECTRIC SUPPLY CO INC, 800 SHREWSBURY AVE,,TINTON FALLS,NJ ,07724,USA,www.warshauer.com,732-741-6400,"Service,"
10151,Industrial/Commercial Sales & Service,00010157021002,Mechanical Service Co, 1145 Oak St.,,Pittston,PA ,18640,USA,,570-654-2445,"Service,"
10152,Industrial/Commercial Sales & Service,00010214161002,"R.L. Kistler, Inc", 300 Mile Crossing Blvd.,,Rochester,NY ,14624,USA,rlkistler.com,585-436-1940,"Sales,"
10152,Industrial/Commercial Sales & Service,00010214161002,"R.L. KISTLER, INC.", 35 HAMILTON LANE,,GLENMONT,NY ,12077,USA,,585-436-1940,"Sales,Service,"
10152,Industrial/Commercial Sales & Service,00010001611002,Huntington Power, 230 Long Hill Cross Rd,,Shelton,CT ,06484,USA,www.huntingtonpower.com,203-929-3203,"Sales,Service,Up To 2MW,Mobile/Diesel/Gas,Training,Rental,"
10152,Industrial/Commercial Sales & Service,00010214161002,"R.L. Kistler, Inc", 5615 Business Ave.,,N. Syracuse,NY ,13208,USA,,315-458-2875,"Sales,"
10152,Industrial/Commercial Sales & Service,00010214161002,"R.L. Kistler, Inc", 5615 Business Ave.,,N. Syracuse,NY ,13208,USA,,315-458-2875,"Sales,"
10152,Industrial/Commercial Sales & Service,00010001611002,Huntington Power, 68 Enter Ln,,Islandia,NY ,11749,USA,,631-563-4943,"Sales,Service,Up To 2MW,Mobile/Diesel/Gas,"
10152,Industrial/Commercial Sales & Service,00010001611002,Huntington Power, 34 E DUDLEY TOWN RD.,,BLOOMFIELD,CT ,06002,USA,,860-289-8790,"Sales,Service,Rental,"
10152,Industrial/Commercial Sales & Service,00010208021002,Modern Group Power Systems, 2501 Durham Road,,Bristol,PA ,19007,USA,www.moderngroup.com,800-404-7291,"Sales,Service,Up To 2MW,Mobile/Diesel/Gas,Training,Rental,"
10152,Industrial/Commercial Sales & Service,00010001731002,Authorized Services Of New England, 410 Forest Street,,Marlborough,MA ,01752,USA,www.asne.com,888-890-9886,"Financing,Sales,Service,Up To 2MW,Mobile/Diesel/Gas,Training,Rental,"
10152,Industrial/Commercial Sales & Service,00010008091002,MODERN HANDLING EQUIP, 75 NEW STREET,,EDISON,NJ ,08837,USA,www.moderngroup.com,800-779-5116,"Sales,Service,Up To 2MW,Mobile/Diesel/Gas,"
10152,Industrial/Commercial Sales & Service,00010208021002,Modern Group Power Systems, 6352 Chapmans Rd,,Allentown,PA ,18106,USA,,800-404-7291,"Sales,Service,Up To 2MW,Mobile/Diesel/Gas,"
10152,Industrial/Commercial Sales & Service,00010208021002,Modern Group Power Systems, 200 Allied Parkway,,West Berlin,NJ ,08091,USA,,800-404-7291,"Sales,Service,Up To 2MW,Mobile/Diesel/Gas,"
10152,Industrial/Commercial Sales & Service,00010208021002,Modern Group Power Systems, 295 New Commerce Blvd.,,Wilkes Barre,PA ,18706,USA,,800-404-7291,"Sales,Service,Up To 2MW,Mobile/Diesel/Gas,"
10152,Industrial/Commercial Sales & Service,00010208021002,Modern Group Power Systems, 66A South Gate Blvd.,,New Castle,DE ,19720,USA,,800-404-7291,"Sales,Service,Up To 2MW,Mobile/Diesel/Gas,"
10152,Industrial/Commercial Sales & Service,00010000931002,"EMERGENCY POWER SYSTEMS, LLC", 35 HAMILTON LANE,,GLENMONT,NY ,12077,USA,,800-914-1465,"Service,Up To 2MW,Mobile/Diesel/Gas,"
10152,Industrial/Commercial Sales & Service,00010000931002,"EMERGENCY POWER SYSTEMS, LLC", 35 HAMILTON LANE,,GLENMONT,NY ,12077,USA,,800-914-1465,"Service,"
10152,Industrial/Commercial Sales & Service,00010208021002,Modern Group Power Systems, 3480 Board Road,,York,PA ,17402,USA,,800-404-7291,"Sales,Service,Up To 2MW,Mobile/Diesel/Gas,"
10152,Industrial/Commercial Sales & Service,00010001731002,AUTHORIZED SERVICES OF NEW ENGLAND, 410 FOREST STREET,,MARLBOROUGH,MA ,01752,USA,,888-890-9886,"Sales,"
10152,Industrial/Commercial Sales & Service,00010001761002,"GENSERVE, INC.", 100 NEWTOWN RD,,PLAINVIEW,NY ,11803,USA,www.genserveinc.com,631-435-0437,"Service,"
10152,Industrial/Commercial Sales & Service,00111209521002,LONG ISLAND EMERGENCY POWER -QO, 2 Ocean Avenue,,DEER PARK,NY ,11729,USA,,631-586-7513,"Sales,"
10152,Industrial/Commercial Sales & Service,00010139211002,POWERPRO SERVICE CO. INC., 608 JOHNSON AVE. UNIT 6,,BOHEMIA,NY ,11716,USA,,631-567-2700,"Sales,Service,Up To 600kW,Mobile/Diesel/Gas,"
10152,Industrial/Commercial Sales & Service,00010134071002,PEAK POWER SYSTEMS, 99 SPRAGUE AVENUE,,MIDDLETOWN,NY ,10940,USA,www.peakpowersystems.com,845-344-1975,"Sales,Service,Up To 600kW,Mobile/Diesel/Gas,Rental,"
10152,Industrial/Commercial Sales & Service,00111209531002,HUNTINGTON POWER - LONG ISLAND, PO BOX 2040,,SHELTON,CT ,06484,USA,,631-586-7513,"Sales,"
10152,Industrial/Commercial Sales & Service,00010001761002,"GENSERVE, INC.", 115A TWINBRIDGE DR.,,PENNSAUKEN,NJ ,08110,USA,www.genserveinc.com,856-324-0459,"Service,"
10152,Industrial/Commercial Sales & Service,00111184131002,HUNTER & LOMISON, 1956 W FOURTH ST,,WILLIAMSPORT,PA ,17701,USA,www.hunterlomison.com,570-326-1764,"Sales,Service,Up To 600kW,Mobile/Diesel/Gas,Rental,"
10152,Industrial/Commercial Sales & Service,00010000881002,HUNTER & LOMISON INC., 1956 W. 4TH STREET,,WILLIAMSPORT,PA ,17701,USA,www.hunterlomison.com,570-326-1764,"Service,Up To 600kW,Mobile/Diesel/Gas,"
10152,Industrial/Commercial Sales & Service,00010001621002,BROOKFIELD SERVICE, 708 GLEBE ROAD,,WESTMORELAND,NH ,03467,USA,www.brookfieldservice.com,802-485-6567,"Service,Up To 600kW,Mobile/Diesel/Gas,"
10152,Industrial/Commercial Sales & Service,00010021101002,SOUTH SHORE GENERATOR INC-Quote, 2696A CRANBERRY HWY,,WAREHAM,MA ,02571,USA,,508-295-7336,"Sales,Service,Up To 600kW,Mobile/Diesel/Gas,"
10152,Industrial/Commercial Sales & Service,00010001701002,SOUTH SHORE GENERATOR INC, ,,EAST WAREHAM,MA ,02538,USA,,508-295-7336,"Financing,Sales,Service,Up To 600kW,Mobile/Diesel/Gas,"
10152,Industrial/Commercial Sales & Service,00111207431002,WARSHAUER ELECTRIC SUPPLY CO INC, 800 SHREWSBURY AVE,,TINTON FALLS,NJ ,07724,USA,www.warshauer.com,732-741-6400,"Service,"
10152,Industrial/Commercial Sales & Service,00010157021002,Mechanical Service Co, 1145 Oak St.,,Pittston,PA ,18640,USA,,570-654-2445,"Service,"
10153,Industrial/Commercial Sales & Service,00010001611002,Huntington Power, 230 Long Hill Cross Rd,,Shelton,CT ,06484,USA,www.huntingtonpower.com,203-929-3203,"Sales,Service,Up To 2MW,Mobile/Diesel/Gas,Training,Rental,"
10153,Industrial/Commercial Sales & Service,00010214161002,"R.L. Kistler, Inc", 300 Mile Crossing Blvd.,,Rochester,NY ,14624,USA,rlkistler.com,585-436-1940,"Sales,"
10153,Industrial/Commercial Sales & Service,00010214161002,"R.L. KISTLER, INC.", 35 HAMILTON LANE,,GLENMONT,NY ,12077,USA,,585-436-1940,"Sales,Service,"
10153,Industrial/Commercial Sales & Service,00010001611002,Huntington Power, 68 Enter Ln,,Islandia,NY ,11749,USA,,631-563-4943,"Sales,Service,Up To 2MW,Mobile/Diesel/Gas,"
10153,Industrial/Commercial Sales & Service,00010001611002,Huntington Power, 34 E DUDLEY TOWN RD.,,BLOOMFIELD,CT ,06002,USA,,860-289-8790,"Sales,Service,Rental,"
10153,Industrial/Commercial Sales & Service,00010214161002,"R.L. Kistler, Inc", 5615 Business Ave.,,N. Syracuse,NY ,13208,USA,,315-458-2875,"Sales,"
10153,Industrial/Commercial Sales & Service,00010214161002,"R.L. Kistler, Inc", 5615 Business Ave.,,N. Syracuse,NY ,13208,USA,,315-458-2875,"Sales,"
10153,Industrial/Commercial Sales & Service,00010208021002,Modern Group Power Systems, 2501 Durham Road,,Bristol,PA ,19007,USA,www.moderngroup.com,800-404-7291,"Sales,Service,Up To 2MW,Mobile/Diesel/Gas,Training,Rental,"
10153,Industrial/Commercial Sales & Service,00010001731002,Authorized Services Of New England, 410 Forest Street,,Marlborough,MA ,01752,USA,www.asne.com,888-890-9886,"Financing,Sales,Service,Up To 2MW,Mobile/Diesel/Gas,Training,Rental,"
10153,Industrial/Commercial Sales & Service,00010008091002,MODERN HANDLING EQUIP, 75 NEW STREET,,EDISON,NJ ,08837,USA,www.moderngroup.com,800-779-5116,"Sales,Service,Up To 2MW,Mobile/Diesel/Gas,"
10153,Industrial/Commercial Sales & Service,00010208021002,Modern Group Power Systems, 6352 Chapmans Rd,,Allentown,PA ,18106,USA,,800-404-7291,"Sales,Service,Up To 2MW,Mobile/Diesel/Gas,"
10153,Industrial/Commercial Sales & Service,00010208021002,Modern Group Power Systems, 200 Allied Parkway,,West Berlin,NJ ,08091,USA,,800-404-7291,"Sales,Service,Up To 2MW,Mobile/Diesel/Gas,"
10153,Industrial/Commercial Sales & Service,00010208021002,Modern Group Power Systems, 295 New Commerce Blvd.,,Wilkes Barre,PA ,18706,USA,,800-404-7291,"Sales,Service,Up To 2MW,Mobile/Diesel/Gas,"
10153,Industrial/Commercial Sales & Service,00010208021002,Modern Group Power Systems, 66A South Gate Blvd.,,New Castle,DE ,19720,USA,,800-404-7291,"Sales,Service,Up To 2MW,Mobile/Diesel/Gas,"
10153,Industrial/Commercial Sales & Service,00010000931002,"EMERGENCY POWER SYSTEMS, LLC", 35 HAMILTON LANE,,GLENMONT,NY ,12077,USA,,800-914-1465,"Service,Up To 2MW,Mobile/Diesel/Gas,"
10153,Industrial/Commercial Sales & Service,00010000931002,"EMERGENCY POWER SYSTEMS, LLC", 35 HAMILTON LANE,,GLENMONT,NY ,12077,USA,,800-914-1465,"Service,"
10153,Industrial/Commercial Sales & Service,00010208021002,Modern Group Power Systems, 3480 Board Road,,York,PA ,17402,USA,,800-404-7291,"Sales,Service,Up To 2MW,Mobile/Diesel/Gas,"
10153,Industrial/Commercial Sales & Service,00010001731002,AUTHORIZED SERVICES OF NEW ENGLAND, 410 FOREST STREET,,MARLBOROUGH,MA ,01752,USA,,888-890-9886,"Sales,"
10153,Industrial/Commercial Sales & Service,00010001761002,"GENSERVE, INC.", 100 NEWTOWN RD,,PLAINVIEW,NY ,11803,USA,www.genserveinc.com,631-435-0437,"Service,"
10153,Industrial/Commercial Sales & Service,00111209521002,LONG ISLAND EMERGENCY POWER -QO, 2 Ocean Avenue,,DEER PARK,NY ,11729,USA,,631-586-7513,"Sales,"
10153,Industrial/Commercial Sales & Service,00010139211002,POWERPRO SERVICE CO. INC., 608 JOHNSON AVE. UNIT 6,,BOHEMIA,NY ,11716,USA,,631-567-2700,"Sales,Service,Up To 600kW,Mobile/Diesel/Gas,"
10153,Industrial/Commercial Sales & Service,00010134071002,PEAK POWER SYSTEMS, 99 SPRAGUE AVENUE,,MIDDLETOWN,NY ,10940,USA,www.peakpowersystems.com,845-344-1975,"Sales,Service,Up To 600kW,Mobile/Diesel/Gas,Rental,"
10153,Industrial/Commercial Sales & Service,00111209531002,HUNTINGTON POWER - LONG ISLAND, PO BOX 2040,,SHELTON,CT ,06484,USA,,631-586-7513,"Sales,"
10153,Industrial/Commercial Sales & Service,00010001761002,"GENSERVE, INC.", 115A TWINBRIDGE DR.,,PENNSAUKEN,NJ ,08110,USA,www.genserveinc.com,856-324-0459,"Service,"
10153,Industrial/Commercial Sales & Service,00111184131002,HUNTER & LOMISON, 1956 W FOURTH ST,,WILLIAMSPORT,PA ,17701,USA,www.hunterlomison.com,570-326-1764,"Sales,Service,Up To 600kW,Mobile/Diesel/Gas,Rental,"
10153,Industrial/Commercial Sales & Service,00010000881002,HUNTER & LOMISON INC., 1956 W. 4TH STREET,,WILLIAMSPORT,PA ,17701,USA,www.hunterlomison.com,570-326-1764,"Service,Up To 600kW,Mobile/Diesel/Gas,"
10153,Industrial/Commercial Sales & Service,00010001621002,BROOKFIELD SERVICE, 708 GLEBE ROAD,,WESTMORELAND,NH ,03467,USA,www.brookfieldservice.com,802-485-6567,"Service,Up To 600kW,Mobile/Diesel/Gas,"
10153,Industrial/Commercial Sales & Service,00010021101002,SOUTH SHORE GENERATOR INC-Quote, 2696A CRANBERRY HWY,,WAREHAM,MA ,02571,USA,,508-295-7336,"Sales,Service,Up To 600kW,Mobile/Diesel/Gas,"
10153,Industrial/Commercial Sales & Service,00010001701002,SOUTH SHORE GENERATOR INC, ,,EAST WAREHAM,MA ,02538,USA,,508-295-7336,"Financing,Sales,Service,Up To 600kW,Mobile/Diesel/Gas,"
10153,Industrial/Commercial Sales & Service,00111207431002,WARSHAUER ELECTRIC SUPPLY CO INC, 800 SHREWSBURY AVE,,TINTON FALLS,NJ ,07724,USA,www.warshauer.com,732-741-6400,"Service,"
10153,Industrial/Commercial Sales & Service,00010157021002,Mechanical Service Co, 1145 Oak St.,,Pittston,PA ,18640,USA,,570-654-2445,"Service,"
10154,Industrial/Commercial Sales & Service,00010001611002,Huntington Power, 230 Long Hill Cross Rd,,Shelton,CT ,06484,USA,www.huntingtonpower.com,203-929-3203,"Sales,Service,Up To 2MW,Mobile/Diesel/Gas,Training,Rental,"
10154,Industrial/Commercial Sales & Service,00010214161002,"R.L. KISTLER, INC.", 35 HAMILTON LANE,,GLENMONT,NY ,12077,USA,,585-436-1940,"Sales,Service,"
10154,Industrial/Commercial Sales & Service,00010214161002,"R.L. Kistler, Inc", 300 Mile Crossing Blvd.,,Rochester,NY ,14624,USA,rlkistler.com,585-436-1940,"Sales,"
10154,Industrial/Commercial Sales & Service,00010001611002,Huntington Power, 68 Enter Ln,,Islandia,NY ,11749,USA,,631-563-4943,"Sales,Service,Up To 2MW,Mobile/Diesel/Gas,"
10154,Industrial/Commercial Sales & Service,00010001611002,Huntington Power, 34 E DUDLEY TOWN RD.,,BLOOMFIELD,CT ,06002,USA,,860-289-8790,"Sales,Service,Rental,"
10154,Industrial/Commercial Sales & Service,00010214161002,"R.L. Kistler, Inc", 5615 Business Ave.,,N. Syracuse,NY ,13208,USA,,315-458-2875,"Sales,"
10154,Industrial/Commercial Sales & Service,00010214161002,"R.L. Kistler, Inc", 5615 Business Ave.,,N. Syracuse,NY ,13208,USA,,315-458-2875,"Sales,"
10154,Industrial/Commercial Sales & Service,00010208021002,Modern Group Power Systems, 2501 Durham Road,,Bristol,PA ,19007,USA,www.moderngroup.com,800-404-7291,"Sales,Service,Up To 2MW,Mobile/Diesel/Gas,Training,Rental,"
10154,Industrial/Commercial Sales & Service,00010001731002,Authorized Services Of New England, 410 Forest Street,,Marlborough,MA ,01752,USA,www.asne.com,888-890-9886,"Financing,Sales,Service,Up To 2MW,Mobile/Diesel/Gas,Training,Rental,"
10154,Industrial/Commercial Sales & Service,00010008091002,MODERN HANDLING EQUIP, 75 NEW STREET,,EDISON,NJ ,08837,USA,www.moderngroup.com,800-779-5116,"Sales,Service,Up To 2MW,Mobile/Diesel/Gas,"
10154,Industrial/Commercial Sales & Service,00010208021002,Modern Group Power Systems, 200 Allied Parkway,,West Berlin,NJ ,08091,USA,,800-404-7291,"Sales,Service,Up To 2MW,Mobile/Diesel/Gas,"
10154,Industrial/Commercial Sales & Service,00010208021002,Modern Group Power Systems, 6352 Chapmans Rd,,Allentown,PA ,18106,USA,,800-404-7291,"Sales,Service,Up To 2MW,Mobile/Diesel/Gas,"
10154,Industrial/Commercial Sales & Service,00010208021002,Modern Group Power Systems, 295 New Commerce Blvd.,,Wilkes Barre,PA ,18706,USA,,800-404-7291,"Sales,Service,Up To 2MW,Mobile/Diesel/Gas,"
10154,Industrial/Commercial Sales & Service,00010208021002,Modern Group Power Systems, 66A South Gate Blvd.,,New Castle,DE ,19720,USA,,800-404-7291,"Sales,Service,Up To 2MW,Mobile/Diesel/Gas,"
10154,Industrial/Commercial Sales & Service,00010000931002,"EMERGENCY POWER SYSTEMS, LLC", 35 HAMILTON LANE,,GLENMONT,NY ,12077,USA,,800-914-1465,"Service,Up To 2MW,Mobile/Diesel/Gas,"
10154,Industrial/Commercial Sales & Service,00010000931002,"EMERGENCY POWER SYSTEMS, LLC", 35 HAMILTON LANE,,GLENMONT,NY ,12077,USA,,800-914-1465,"Service,"
10154,Industrial/Commercial Sales & Service,00010208021002,Modern Group Power Systems, 3480 Board Road,,York,PA ,17402,USA,,800-404-7291,"Sales,Service,Up To 2MW,Mobile/Diesel/Gas,"
10154,Industrial/Commercial Sales & Service,00010001731002,AUTHORIZED SERVICES OF NEW ENGLAND, 410 FOREST STREET,,MARLBOROUGH,MA ,01752,USA,,888-890-9886,"Sales,"
10154,Industrial/Commercial Sales & Service,00010001761002,"GENSERVE, INC.", 100 NEWTOWN RD,,PLAINVIEW,NY ,11803,USA,www.genserveinc.com,631-435-0437,"Service,"
10154,Industrial/Commercial Sales & Service,00111209521002,LONG ISLAND EMERGENCY POWER -QO, 2 Ocean Avenue,,DEER PARK,NY ,11729,USA,,631-586-7513,"Sales,"
10154,Industrial/Commercial Sales & Service,00010139211002,POWERPRO SERVICE CO. INC., 608 JOHNSON AVE. UNIT 6,,BOHEMIA,NY ,11716,USA,,631-567-2700,"Sales,Service,Up To 600kW,Mobile/Diesel/Gas,"
10154,Industrial/Commercial Sales & Service,00010134071002,PEAK POWER SYSTEMS, 99 SPRAGUE AVENUE,,MIDDLETOWN,NY ,10940,USA,www.peakpowersystems.com,845-344-1975,"Sales,Service,Up To 600kW,Mobile/Diesel/Gas,Rental,"
10154,Industrial/Commercial Sales & Service,00111209531002,HUNTINGTON POWER - LONG ISLAND, PO BOX 2040,,SHELTON,CT ,06484,USA,,631-586-7513,"Sales,"
10154,Industrial/Commercial Sales & Service,00010001761002,"GENSERVE, INC.", 115A TWINBRIDGE DR.,,PENNSAUKEN,NJ ,08110,USA,www.genserveinc.com,856-324-0459,"Service,"
10154,Industrial/Commercial Sales & Service,00111184131002,HUNTER & LOMISON, 1956 W FOURTH ST,,WILLIAMSPORT,PA ,17701,USA,www.hunterlomison.com,570-326-1764,"Sales,Service,Up To 600kW,Mobile/Diesel/Gas,Rental,"
10154,Industrial/Commercial Sales & Service,00010000881002,HUNTER & LOMISON INC., 1956 W. 4TH STREET,,WILLIAMSPORT,PA ,17701,USA,www.hunterlomison.com,570-326-1764,"Service,Up To 600kW,Mobile/Diesel/Gas,"
10154,Industrial/Commercial Sales & Service,00010001621002,BROOKFIELD SERVICE, 708 GLEBE ROAD,,WESTMORELAND,NH ,03467,USA,www.brookfieldservice.com,802-485-6567,"Service,Up To 600kW,Mobile/Diesel/Gas,"
10154,Industrial/Commercial Sales & Service,00010021101002,SOUTH SHORE GENERATOR INC-Quote, 2696A CRANBERRY HWY,,WAREHAM,MA ,02571,USA,,508-295-7336,"Sales,Service,Up To 600kW,Mobile/Diesel/Gas,"
10154,Industrial/Commercial Sales & Service,00010001701002,SOUTH SHORE GENERATOR INC, ,,EAST WAREHAM,MA ,02538,USA,,508-295-7336,"Financing,Sales,Service,Up To 600kW,Mobile/Diesel/Gas,"
10154,Industrial/Commercial Sales & Service,00111207431002,WARSHAUER ELECTRIC SUPPLY CO INC, 800 SHREWSBURY AVE,,TINTON FALLS,NJ ,07724,USA,www.warshauer.com,732-741-6400,"Service,"
10154,Industrial/Commercial Sales & Service,00010157021002,Mechanical Service Co, 1145 Oak St.,,Pittston,PA ,18640,USA,,570-654-2445,"Service,"
10155,Industrial/Commercial Sales & Service,00010001611002,Huntington Power, 230 Long Hill Cross Rd,,Shelton,CT ,06484,USA,www.huntingtonpower.com,203-929-3203,"Sales,Service,Up To 2MW,Mobile/Diesel/Gas,Training,Rental,"
10155,Industrial/Commercial Sales & Service,00010214161002,"R.L. KISTLER, INC.", 35 HAMILTON LANE,,GLENMONT,NY ,12077,USA,,585-436-1940,"Sales,Service,"
10155,Industrial/Commercial Sales & Service,00010214161002,"R.L. Kistler, Inc", 300 Mile Crossing Blvd.,,Rochester,NY ,14624,USA,rlkistler.com,585-436-1940,"Sales,"
10155,Industrial/Commercial Sales & Service,00010001611002,Huntington Power, 68 Enter Ln,,Islandia,NY ,11749,USA,,631-563-4943,"Sales,Service,Up To 2MW,Mobile/Diesel/Gas,"
10155,Industrial/Commercial Sales & Service,00010001611002,Huntington Power, 34 E DUDLEY TOWN RD.,,BLOOMFIELD,CT ,06002,USA,,860-289-8790,"Sales,Service,Rental,"
10155,Industrial/Commercial Sales & Service,00010214161002,"R.L. Kistler, Inc", 5615 Business Ave.,,N. Syracuse,NY ,13208,USA,,315-458-2875,"Sales,"
10155,Industrial/Commercial Sales & Service,00010214161002,"R.L. Kistler, Inc", 5615 Business Ave.,,N. Syracuse,NY ,13208,USA,,315-458-2875,"Sales,"
10155,Industrial/Commercial Sales & Service,00010208021002,Modern Group Power Systems, 2501 Durham Road,,Bristol,PA ,19007,USA,www.moderngroup.com,800-404-7291,"Sales,Service,Up To 2MW,Mobile/Diesel/Gas,Training,Rental,"
10155,Industrial/Commercial Sales & Service,00010001731002,Authorized Services Of New England, 410 Forest Street,,Marlborough,MA ,01752,USA,www.asne.com,888-890-9886,"Financing,Sales,Service,Up To 2MW,Mobile/Diesel/Gas,Training,Rental,"
10155,Industrial/Commercial Sales & Service,00010008091002,MODERN HANDLING EQUIP, 75 NEW STREET,,EDISON,NJ ,08837,USA,www.moderngroup.com,800-779-5116,"Sales,Service,Up To 2MW,Mobile/Diesel/Gas,"
10155,Industrial/Commercial Sales & Service,00010208021002,Modern Group Power Systems, 200 Allied Parkway,,West Berlin,NJ ,08091,USA,,800-404-7291,"Sales,Service,Up To 2MW,Mobile/Diesel/Gas,"
10155,Industrial/Commercial Sales & Service,00010208021002,Modern Group Power Systems, 6352 Chapmans Rd,,Allentown,PA ,18106,USA,,800-404-7291,"Sales,Service,Up To 2MW,Mobile/Diesel/Gas,"
10155,Industrial/Commercial Sales & Service,00010208021002,Modern Group Power Systems, 295 New Commerce Blvd.,,Wilkes Barre,PA ,18706,USA,,800-404-7291,"Sales,Service,Up To 2MW,Mobile/Diesel/Gas,"
10155,Industrial/Commercial Sales & Service,00010208021002,Modern Group Power Systems, 66A South Gate Blvd.,,New Castle,DE ,19720,USA,,800-404-7291,"Sales,Service,Up To 2MW,Mobile/Diesel/Gas,"
10155,Industrial/Commercial Sales & Service,00010000931002,"EMERGENCY POWER SYSTEMS, LLC", 35 HAMILTON LANE,,GLENMONT,NY ,12077,USA,,800-914-1465,"Service,Up To 2MW,Mobile/Diesel/Gas,"
10155,Industrial/Commercial Sales & Service,00010000931002,"EMERGENCY POWER SYSTEMS, LLC", 35 HAMILTON LANE,,GLENMONT,NY ,12077,USA,,800-914-1465,"Service,"
10155,Industrial/Commercial Sales & Service,00010208021002,Modern Group Power Systems, 3480 Board Road,,York,PA ,17402,USA,,800-404-7291,"Sales,Service,Up To 2MW,Mobile/Diesel/Gas,"
10155,Industrial/Commercial Sales & Service,00010001731002,AUTHORIZED SERVICES OF NEW ENGLAND, 410 FOREST STREET,,MARLBOROUGH,MA ,01752,USA,,888-890-9886,"Sales,"
10155,Industrial/Commercial Sales & Service,00010001761002,"GENSERVE, INC.", 100 NEWTOWN RD,,PLAINVIEW,NY ,11803,USA,www.genserveinc.com,631-435-0437,"Service,"
10155,Industrial/Commercial Sales & Service,00111209521002,LONG ISLAND EMERGENCY POWER -QO, 2 Ocean Avenue,,DEER PARK,NY ,11729,USA,,631-586-7513,"Sales,"
10155,Industrial/Commercial Sales & Service,00010139211002,POWERPRO SERVICE CO. INC., 608 JOHNSON AVE. UNIT 6,,BOHEMIA,NY ,11716,USA,,631-567-2700,"Sales,Service,Up To 600kW,Mobile/Diesel/Gas,"
10155,Industrial/Commercial Sales & Service,00010134071002,PEAK POWER SYSTEMS, 99 SPRAGUE AVENUE,,MIDDLETOWN,NY ,10940,USA,www.peakpowersystems.com,845-344-1975,"Sales,Service,Up To 600kW,Mobile/Diesel/Gas,Rental,"
10155,Industrial/Commercial Sales & Service,00111209531002,HUNTINGTON POWER - LONG ISLAND, PO BOX 2040,,SHELTON,CT ,06484,USA,,631-586-7513,"Sales,"
10155,Industrial/Commercial Sales & Service,00010001761002,"GENSERVE, INC.", 115A TWINBRIDGE DR.,,PENNSAUKEN,NJ ,08110,USA,www.genserveinc.com,856-324-0459,"Service,"
10155,Industrial/Commercial Sales & Service,00111184131002,HUNTER & LOMISON, 1956 W FOURTH ST,,WILLIAMSPORT,PA ,17701,USA,www.hunterlomison.com,570-326-1764,"Sales,Service,Up To 600kW,Mobile/Diesel/Gas,Rental,"
10155,Industrial/Commercial Sales & Service,00010000881002,HUNTER & LOMISON INC., 1956 W. 4TH STREET,,WILLIAMSPORT,PA ,17701,USA,www.hunterlomison.com,570-326-1764,"Service,Up To 600kW,Mobile/Diesel/Gas,"
10155,Industrial/Commercial Sales & Service,00010001621002,BROOKFIELD SERVICE, 708 GLEBE ROAD,,WESTMORELAND,NH ,03467,USA,www.brookfieldservice.com,802-485-6567,"Service,Up To 600kW,Mobile/Diesel/Gas,"
10155,Industrial/Commercial Sales & Service,00010021101002,SOUTH SHORE GENERATOR INC-Quote, 2696A CRANBERRY HWY,,WAREHAM,MA ,02571,USA,,508-295-7336,"Sales,Service,Up To 600kW,Mobile/Diesel/Gas,"
10155,Industrial/Commercial Sales & Service,00010001701002,SOUTH SHORE GENERATOR INC, ,,EAST WAREHAM,MA ,02538,USA,,508-295-7336,"Financing,Sales,Service,Up To 600kW,Mobile/Diesel/Gas,"
10155,Industrial/Commercial Sales & Service,00111207431002,WARSHAUER ELECTRIC SUPPLY CO INC, 800 SHREWSBURY AVE,,TINTON FALLS,NJ ,07724,USA,www.warshauer.com,732-741-6400,"Service,"
10155,Industrial/Commercial Sales & Service,00010157021002,Mechanical Service Co, 1145 Oak St.,,Pittston,PA ,18640,USA,,570-654-2445,"Service,"
10156,Industrial/Commercial Sales & Service,00010214161002,"R.L. Kistler, Inc", 300 Mile Crossing Blvd.,,Rochester,NY ,14624,USA,rlkistler.com,585-436-1940,"Sales,"
10156,Industrial/Commercial Sales & Service,00010214161002,"R.L. KISTLER, INC.", 35 HAMILTON LANE,,GLENMONT,NY ,12077,USA,,585-436-1940,"Sales,Service,"
10156,Industrial/Commercial Sales & Service,00010001611002,Huntington Power, 230 Long Hill Cross Rd,,Shelton,CT ,06484,USA,www.huntingtonpower.com,203-929-3203,"Sales,Service,Up To 2MW,Mobile/Diesel/Gas,Training,Rental,"
10156,Industrial/Commercial Sales & Service,00010214161002,"R.L. Kistler, Inc", 5615 Business Ave.,,N. Syracuse,NY ,13208,USA,,315-458-2875,"Sales,"
10156,Industrial/Commercial Sales & Service,00010214161002,"R.L. Kistler, Inc", 5615 Business Ave.,,N. Syracuse,NY ,13208,USA,,315-458-2875,"Sales,"
10156,Industrial/Commercial Sales & Service,00010001611002,Huntington Power, 68 Enter Ln,,Islandia,NY ,11749,USA,,631-563-4943,"Sales,Service,Up To 2MW,Mobile/Diesel/Gas,"
10156,Industrial/Commercial Sales & Service,00010001611002,Huntington Power, 34 E DUDLEY TOWN RD.,,BLOOMFIELD,CT ,06002,USA,,860-289-8790,"Sales,Service,Rental,"
10156,Industrial/Commercial Sales & Service,00010208021002,Modern Group Power Systems, 2501 Durham Road,,Bristol,PA ,19007,USA,www.moderngroup.com,800-404-7291,"Sales,Service,Up To 2MW,Mobile/Diesel/Gas,Training,Rental,"
10156,Industrial/Commercial Sales & Service,00010001731002,Authorized Services Of New England, 410 Forest Street,,Marlborough,MA ,01752,USA,www.asne.com,888-890-9886,"Financing,Sales,Service,Up To 2MW,Mobile/Diesel/Gas,Training,Rental,"
10156,Industrial/Commercial Sales & Service,00010008091002,MODERN HANDLING EQUIP, 75 NEW STREET,,EDISON,NJ ,08837,USA,www.moderngroup.com,800-779-5116,"Sales,Service,Up To 2MW,Mobile/Diesel/Gas,"
10156,Industrial/Commercial Sales & Service,00010208021002,Modern Group Power Systems, 200 Allied Parkway,,West Berlin,NJ ,08091,USA,,800-404-7291,"Sales,Service,Up To 2MW,Mobile/Diesel/Gas,"
10156,Industrial/Commercial Sales & Service,00010208021002,Modern Group Power Systems, 6352 Chapmans Rd,,Allentown,PA ,18106,USA,,800-404-7291,"Sales,Service,Up To 2MW,Mobile/Diesel/Gas,"
10156,Industrial/Commercial Sales & Service,00010208021002,Modern Group Power Systems, 295 New Commerce Blvd.,,Wilkes Barre,PA ,18706,USA,,800-404-7291,"Sales,Service,Up To 2MW,Mobile/Diesel/Gas,"
10156,Industrial/Commercial Sales & Service,00010208021002,Modern Group Power Systems, 66A South Gate Blvd.,,New Castle,DE ,19720,USA,,800-404-7291,"Sales,Service,Up To 2MW,Mobile/Diesel/Gas,"
10156,Industrial/Commercial Sales & Service,00010000931002,"EMERGENCY POWER SYSTEMS, LLC", 35 HAMILTON LANE,,GLENMONT,NY ,12077,USA,,800-914-1465,"Service,Up To 2MW,Mobile/Diesel/Gas,"
10156,Industrial/Commercial Sales & Service,00010000931002,"EMERGENCY POWER SYSTEMS, LLC", 35 HAMILTON LANE,,GLENMONT,NY ,12077,USA,,800-914-1465,"Service,"
10156,Industrial/Commercial Sales & Service,00010208021002,Modern Group Power Systems, 3480 Board Road,,York,PA ,17402,USA,,800-404-7291,"Sales,Service,Up To 2MW,Mobile/Diesel/Gas,"
10156,Industrial/Commercial Sales & Service,00010001731002,AUTHORIZED SERVICES OF NEW ENGLAND, 410 FOREST STREET,,MARLBOROUGH,MA ,01752,USA,,888-890-9886,"Sales,"
10156,Industrial/Commercial Sales & Service,00010001691002,Kelly Generator & Equipment, 1955 Dale Ln,,Owings,MD ,20736,USA,www.kge.com,410-257-5225,"Sales,Service,Up To 2MW,Mobile/Diesel/Gas,Training,Rental,"
10156,Industrial/Commercial Sales & Service,00010001761002,"GENSERVE, INC.", 100 NEWTOWN RD,,PLAINVIEW,NY ,11803,USA,www.genserveinc.com,631-435-0437,"Service,"
10156,Industrial/Commercial Sales & Service,00111209521002,LONG ISLAND EMERGENCY POWER -QO, 2 Ocean Avenue,,DEER PARK,NY ,11729,USA,,631-586-7513,"Sales,"
10156,Industrial/Commercial Sales & Service,00010139211002,POWERPRO SERVICE CO. INC., 608 JOHNSON AVE. UNIT 6,,BOHEMIA,NY ,11716,USA,,631-567-2700,"Sales,Service,Up To 600kW,Mobile/Diesel/Gas,"
10156,Industrial/Commercial Sales & Service,00010134071002,PEAK POWER SYSTEMS, 99 SPRAGUE AVENUE,,MIDDLETOWN,NY ,10940,USA,www.peakpowersystems.com,845-344-1975,"Sales,Service,Up To 600kW,Mobile/Diesel/Gas,Rental,"
10156,Industrial/Commercial Sales & Service,00111209531002,HUNTINGTON POWER - LONG ISLAND, PO BOX 2040,,SHELTON,CT ,06484,USA,,631-586-7513,"Sales,"
10156,Industrial/Commercial Sales & Service,00010001761002,"GENSERVE, INC.", 115A TWINBRIDGE DR.,,PENNSAUKEN,NJ ,08110,USA,www.genserveinc.com,856-324-0459,"Service,"
10156,Industrial/Commercial Sales & Service,00111184131002,HUNTER & LOMISON, 1956 W FOURTH ST,,WILLIAMSPORT,PA ,17701,USA,www.hunterlomison.com,570-326-1764,"Sales,Service,Up To 600kW,Mobile/Diesel/Gas,Rental,"
10156,Industrial/Commercial Sales & Service,00010000881002,HUNTER & LOMISON INC., 1956 W. 4TH STREET,,WILLIAMSPORT,PA ,17701,USA,www.hunterlomison.com,570-326-1764,"Service,Up To 600kW,Mobile/Diesel/Gas,"
10156,Industrial/Commercial Sales & Service,00010001621002,BROOKFIELD SERVICE, 708 GLEBE ROAD,,WESTMORELAND,NH ,03467,USA,www.brookfieldservice.com,802-485-6567,"Service,Up To 600kW,Mobile/Diesel/Gas,"
10156,Industrial/Commercial Sales & Service,00010021101002,SOUTH SHORE GENERATOR INC-Quote, 2696A CRANBERRY HWY,,WAREHAM,MA ,02571,USA,,508-295-7336,"Sales,Service,Up To 600kW,Mobile/Diesel/Gas,"
10156,Industrial/Commercial Sales & Service,00010001701002,SOUTH SHORE GENERATOR INC, ,,EAST WAREHAM,MA ,02538,USA,,508-295-7336,"Financing,Sales,Service,Up To 600kW,Mobile/Diesel/Gas,"
10156,Industrial/Commercial Sales & Service,00111207431002,WARSHAUER ELECTRIC SUPPLY CO INC, 800 SHREWSBURY AVE,,TINTON FALLS,NJ ,07724,USA,www.warshauer.com,732-741-6400,"Service,"
10156,Industrial/Commercial Sales & Service,00010157021002,Mechanical Service Co, 1145 Oak St.,,Pittston,PA ,18640,USA,,570-654-2445,"Service,"
10157,Industrial/Commercial Sales & Service,00010214161002,"R.L. Kistler, Inc", 300 Mile Crossing Blvd.,,Rochester,NY ,14624,USA,rlkistler.com,585-436-1940,"Sales,"
10157,Industrial/Commercial Sales & Service,00010214161002,"R.L. KISTLER, INC.", 35 HAMILTON LANE,,GLENMONT,NY ,12077,USA,,585-436-1940,"Sales,Service,"
10157,Industrial/Commercial Sales & Service,00010001611002,Huntington Power, 230 Long Hill Cross Rd,,Shelton,CT ,06484,USA,www.huntingtonpower.com,203-929-3203,"Sales,Service,Up To 2MW,Mobile/Diesel/Gas,Training,Rental,"
10157,Industrial/Commercial Sales & Service,00010214161002,"R.L. Kistler, Inc", 5615 Business Ave.,,N. Syracuse,NY ,13208,USA,,315-458-2875,"Sales,"
10157,Industrial/Commercial Sales & Service,00010214161002,"R.L. Kistler, Inc", 5615 Business Ave.,,N. Syracuse,NY ,13208,USA,,315-458-2875,"Sales,"
10157,Industrial/Commercial Sales & Service,00010001611002,Huntington Power, 68 Enter Ln,,Islandia,NY ,11749,USA,,631-563-4943,"Sales,Service,Up To 2MW,Mobile/Diesel/Gas,"
10157,Industrial/Commercial Sales & Service,00010001611002,Huntington Power, 34 E DUDLEY TOWN RD.,,BLOOMFIELD,CT ,06002,USA,,860-289-8790,"Sales,Service,Rental,"
10157,Industrial/Commercial Sales & Service,00010208021002,Modern Group Power Systems, 2501 Durham Road,,Bristol,PA ,19007,USA,www.moderngroup.com,800-404-7291,"Sales,Service,Up To 2MW,Mobile/Diesel/Gas,Training,Rental,"
10157,Industrial/Commercial Sales & Service,00010001731002,Authorized Services Of New England, 410 Forest Street,,Marlborough,MA ,01752,USA,www.asne.com,888-890-9886,"Financing,Sales,Service,Up To 2MW,Mobile/Diesel/Gas,Training,Rental,"
10157,Industrial/Commercial Sales & Service,00010008091002,MODERN HANDLING EQUIP, 75 NEW STREET,,EDISON,NJ ,08837,USA,www.moderngroup.com,800-779-5116,"Sales,Service,Up To 2MW,Mobile/Diesel/Gas,"
10157,Industrial/Commercial Sales & Service,00010208021002,Modern Group Power Systems, 200 Allied Parkway,,West Berlin,NJ ,08091,USA,,800-404-7291,"Sales,Service,Up To 2MW,Mobile/Diesel/Gas,"
10157,Industrial/Commercial Sales & Service,00010208021002,Modern Group Power Systems, 6352 Chapmans Rd,,Allentown,PA ,18106,USA,,800-404-7291,"Sales,Service,Up To 2MW,Mobile/Diesel/Gas,"
10157,Industrial/Commercial Sales & Service,00010208021002,Modern Group Power Systems, 295 New Commerce Blvd.,,Wilkes Barre,PA ,18706,USA,,800-404-7291,"Sales,Service,Up To 2MW,Mobile/Diesel/Gas,"
10157,Industrial/Commercial Sales & Service,00010208021002,Modern Group Power Systems, 66A South Gate Blvd.,,New Castle,DE ,19720,USA,,800-404-7291,"Sales,Service,Up To 2MW,Mobile/Diesel/Gas,"
10157,Industrial/Commercial Sales & Service,00010000931002,"EMERGENCY POWER SYSTEMS, LLC", 35 HAMILTON LANE,,GLENMONT,NY ,12077,USA,,800-914-1465,"Service,Up To 2MW,Mobile/Diesel/Gas,"
10157,Industrial/Commercial Sales & Service,00010000931002,"EMERGENCY POWER SYSTEMS, LLC", 35 HAMILTON LANE,,GLENMONT,NY ,12077,USA,,800-914-1465,"Service,"
10157,Industrial/Commercial Sales & Service,00010208021002,Modern Group Power Systems, 3480 Board Road,,York,PA ,17402,USA,,800-404-7291,"Sales,Service,Up To 2MW,Mobile/Diesel/Gas,"
10157,Industrial/Commercial Sales & Service,00010001731002,AUTHORIZED SERVICES OF NEW ENGLAND, 410 FOREST STREET,,MARLBOROUGH,MA ,01752,USA,,888-890-9886,"Sales,"
10157,Industrial/Commercial Sales & Service,00010001691002,Kelly Generator & Equipment, 1955 Dale Ln,,Owings,MD ,20736,USA,www.kge.com,410-257-5225,"Sales,Service,Up To 2MW,Mobile/Diesel/Gas,Training,Rental,"
10157,Industrial/Commercial Sales & Service,00010001761002,"GENSERVE, INC.", 100 NEWTOWN RD,,PLAINVIEW,NY ,11803,USA,www.genserveinc.com,631-435-0437,"Service,"
10157,Industrial/Commercial Sales & Service,00111209521002,LONG ISLAND EMERGENCY POWER -QO, 2 Ocean Avenue,,DEER PARK,NY ,11729,USA,,631-586-7513,"Sales,"
10157,Industrial/Commercial Sales & Service,00010139211002,POWERPRO SERVICE CO. INC., 608 JOHNSON AVE. UNIT 6,,BOHEMIA,NY ,11716,USA,,631-567-2700,"Sales,Service,Up To 600kW,Mobile/Diesel/Gas,"
10157,Industrial/Commercial Sales & Service,00010134071002,PEAK POWER SYSTEMS, 99 SPRAGUE AVENUE,,MIDDLETOWN,NY ,10940,USA,www.peakpowersystems.com,845-344-1975,"Sales,Service,Up To 600kW,Mobile/Diesel/Gas,Rental,"
10157,Industrial/Commercial Sales & Service,00111209531002,HUNTINGTON POWER - LONG ISLAND, PO BOX 2040,,SHELTON,CT ,06484,USA,,631-586-7513,"Sales,"
10157,Industrial/Commercial Sales & Service,00010001761002,"GENSERVE, INC.", 115A TWINBRIDGE DR.,,PENNSAUKEN,NJ ,08110,USA,www.genserveinc.com,856-324-0459,"Service,"
10157,Industrial/Commercial Sales & Service,00111184131002,HUNTER & LOMISON, 1956 W FOURTH ST,,WILLIAMSPORT,PA ,17701,USA,www.hunterlomison.com,570-326-1764,"Sales,Service,Up To 600kW,Mobile/Diesel/Gas,Rental,"
10157,Industrial/Commercial Sales & Service,00010000881002,HUNTER & LOMISON INC., 1956 W. 4TH STREET,,WILLIAMSPORT,PA ,17701,USA,www.hunterlomison.com,570-326-1764,"Service,Up To 600kW,Mobile/Diesel/Gas,"
10157,Industrial/Commercial Sales & Service,00010001621002,BROOKFIELD SERVICE, 708 GLEBE ROAD,,WESTMORELAND,NH ,03467,USA,www.brookfieldservice.com,802-485-6567,"Service,Up To 600kW,Mobile/Diesel/Gas,"
10157,Industrial/Commercial Sales & Service,00010021101002,SOUTH SHORE GENERATOR INC-Quote, 2696A CRANBERRY HWY,,WAREHAM,MA ,02571,USA,,508-295-7336,"Sales,Service,Up To 600kW,Mobile/Diesel/Gas,"
10157,Industrial/Commercial Sales & Service,00010001701002,SOUTH SHORE GENERATOR INC, ,,EAST WAREHAM,MA ,02538,USA,,508-295-7336,"Financing,Sales,Service,Up To 600kW,Mobile/Diesel/Gas,"
10157,Industrial/Commercial Sales & Service,00111207431002,WARSHAUER ELECTRIC SUPPLY CO INC, 800 SHREWSBURY AVE,,TINTON FALLS,NJ ,07724,USA,www.warshauer.com,732-741-6400,"Service,"
10157,Industrial/Commercial Sales & Service,00010157021002,Mechanical Service Co, 1145 Oak St.,,Pittston,PA ,18640,USA,,570-654-2445,"Service,"
10158,Industrial/Commercial Sales & Service,00010001611002,Huntington Power, 230 Long Hill Cross Rd,,Shelton,CT ,06484,USA,www.huntingtonpower.com,203-929-3203,"Sales,Service,Up To 2MW,Mobile/Diesel/Gas,Training,Rental,"
10158,Industrial/Commercial Sales & Service,00010214161002,"R.L. KISTLER, INC.", 35 HAMILTON LANE,,GLENMONT,NY ,12077,USA,,585-436-1940,"Sales,Service,"
10158,Industrial/Commercial Sales & Service,00010214161002,"R.L. Kistler, Inc", 300 Mile Crossing Blvd.,,Rochester,NY ,14624,USA,rlkistler.com,585-436-1940,"Sales,"
10158,Industrial/Commercial Sales & Service,00010001611002,Huntington Power, 68 Enter Ln,,Islandia,NY ,11749,USA,,631-563-4943,"Sales,Service,Up To 2MW,Mobile/Diesel/Gas,"
10158,Industrial/Commercial Sales & Service,00010001611002,Huntington Power, 34 E DUDLEY TOWN RD.,,BLOOMFIELD,CT ,06002,USA,,860-289-8790,"Sales,Service,Rental,"
10158,Industrial/Commercial Sales & Service,00010214161002,"R.L. Kistler, Inc", 5615 Business Ave.,,N. Syracuse,NY ,13208,USA,,315-458-2875,"Sales,"
10158,Industrial/Commercial Sales & Service,00010214161002,"R.L. Kistler, Inc", 5615 Business Ave.,,N. Syracuse,NY ,13208,USA,,315-458-2875,"Sales,"
10158,Industrial/Commercial Sales & Service,00010208021002,Modern Group Power Systems, 2501 Durham Road,,Bristol,PA ,19007,USA,www.moderngroup.com,800-404-7291,"Sales,Service,Up To 2MW,Mobile/Diesel/Gas,Training,Rental,"
10158,Industrial/Commercial Sales & Service,00010001731002,Authorized Services Of New England, 410 Forest Street,,Marlborough,MA ,01752,USA,www.asne.com,888-890-9886,"Financing,Sales,Service,Up To 2MW,Mobile/Diesel/Gas,Training,Rental,"
10158,Industrial/Commercial Sales & Service,00010008091002,MODERN HANDLING EQUIP, 75 NEW STREET,,EDISON,NJ ,08837,USA,www.moderngroup.com,800-779-5116,"Sales,Service,Up To 2MW,Mobile/Diesel/Gas,"
10158,Industrial/Commercial Sales & Service,00010208021002,Modern Group Power Systems, 200 Allied Parkway,,West Berlin,NJ ,08091,USA,,800-404-7291,"Sales,Service,Up To 2MW,Mobile/Diesel/Gas,"
10158,Industrial/Commercial Sales & Service,00010208021002,Modern Group Power Systems, 6352 Chapmans Rd,,Allentown,PA ,18106,USA,,800-404-7291,"Sales,Service,Up To 2MW,Mobile/Diesel/Gas,"
10158,Industrial/Commercial Sales & Service,00010208021002,Modern Group Power Systems, 295 New Commerce Blvd.,,Wilkes Barre,PA ,18706,USA,,800-404-7291,"Sales,Service,Up To 2MW,Mobile/Diesel/Gas,"
10158,Industrial/Commercial Sales & Service,00010208021002,Modern Group Power Systems, 66A South Gate Blvd.,,New Castle,DE ,19720,USA,,800-404-7291,"Sales,Service,Up To 2MW,Mobile/Diesel/Gas,"
10158,Industrial/Commercial Sales & Service,00010000931002,"EMERGENCY POWER SYSTEMS, LLC", 35 HAMILTON LANE,,GLENMONT,NY ,12077,USA,,800-914-1465,"Service,Up To 2MW,Mobile/Diesel/Gas,"
10158,Industrial/Commercial Sales & Service,00010000931002,"EMERGENCY POWER SYSTEMS, LLC", 35 HAMILTON LANE,,GLENMONT,NY ,12077,USA,,800-914-1465,"Service,"
10158,Industrial/Commercial Sales & Service,00010208021002,Modern Group Power Systems, 3480 Board Road,,York,PA ,17402,USA,,800-404-7291,"Sales,Service,Up To 2MW,Mobile/Diesel/Gas,"
10158,Industrial/Commercial Sales & Service,00010001731002,AUTHORIZED SERVICES OF NEW ENGLAND, 410 FOREST STREET,,MARLBOROUGH,MA ,01752,USA,,888-890-9886,"Sales,"
10158,Industrial/Commercial Sales & Service,00010001761002,"GENSERVE, INC.", 100 NEWTOWN RD,,PLAINVIEW,NY ,11803,USA,www.genserveinc.com,631-435-0437,"Service,"
10158,Industrial/Commercial Sales & Service,00111209521002,LONG ISLAND EMERGENCY POWER -QO, 2 Ocean Avenue,,DEER PARK,NY ,11729,USA,,631-586-7513,"Sales,"
10158,Industrial/Commercial Sales & Service,00010139211002,POWERPRO SERVICE CO. INC., 608 JOHNSON AVE. UNIT 6,,BOHEMIA,NY ,11716,USA,,631-567-2700,"Sales,Service,Up To 600kW,Mobile/Diesel/Gas,"
10158,Industrial/Commercial Sales & Service,00010134071002,PEAK POWER SYSTEMS, 99 SPRAGUE AVENUE,,MIDDLETOWN,NY ,10940,USA,www.peakpowersystems.com,845-344-1975,"Sales,Service,Up To 600kW,Mobile/Diesel/Gas,Rental,"
10158,Industrial/Commercial Sales & Service,00111209531002,HUNTINGTON POWER - LONG ISLAND, PO BOX 2040,,SHELTON,CT ,06484,USA,,631-586-7513,"Sales,"
10158,Industrial/Commercial Sales & Service,00010001761002,"GENSERVE, INC.", 115A TWINBRIDGE DR.,,PENNSAUKEN,NJ ,08110,USA,www.genserveinc.com,856-324-0459,"Service,"
10158,Industrial/Commercial Sales & Service,00111184131002,HUNTER & LOMISON, 1956 W FOURTH ST,,WILLIAMSPORT,PA ,17701,USA,www.hunterlomison.com,570-326-1764,"Sales,Service,Up To 600kW,Mobile/Diesel/Gas,Rental,"
10158,Industrial/Commercial Sales & Service,00010000881002,HUNTER & LOMISON INC., 1956 W. 4TH STREET,,WILLIAMSPORT,PA ,17701,USA,www.hunterlomison.com,570-326-1764,"Service,Up To 600kW,Mobile/Diesel/Gas,"
10158,Industrial/Commercial Sales & Service,00010001621002,BROOKFIELD SERVICE, 708 GLEBE ROAD,,WESTMORELAND,NH ,03467,USA,www.brookfieldservice.com,802-485-6567,"Service,Up To 600kW,Mobile/Diesel/Gas,"
10158,Industrial/Commercial Sales & Service,00010021101002,SOUTH SHORE GENERATOR INC-Quote, 2696A CRANBERRY HWY,,WAREHAM,MA ,02571,USA,,508-295-7336,"Sales,Service,Up To 600kW,Mobile/Diesel/Gas,"
10158,Industrial/Commercial Sales & Service,00010001701002,SOUTH SHORE GENERATOR INC, ,,EAST WAREHAM,MA ,02538,USA,,508-295-7336,"Financing,Sales,Service,Up To 600kW,Mobile/Diesel/Gas,"
10158,Industrial/Commercial Sales & Service,00111207431002,WARSHAUER ELECTRIC SUPPLY CO INC, 800 SHREWSBURY AVE,,TINTON FALLS,NJ ,07724,USA,www.warshauer.com,732-741-6400,"Service,"
10158,Industrial/Commercial Sales & Service,00010157021002,Mechanical Service Co, 1145 Oak St.,,Pittston,PA ,18640,USA,,570-654-2445,"Service,"
10159,Industrial/Commercial Sales & Service,00010214161002,"R.L. Kistler, Inc", 300 Mile Crossing Blvd.,,Rochester,NY ,14624,USA,rlkistler.com,585-436-1940,"Sales,"
10159,Industrial/Commercial Sales & Service,00010214161002,"R.L. KISTLER, INC.", 35 HAMILTON LANE,,GLENMONT,NY ,12077,USA,,585-436-1940,"Sales,Service,"
10159,Industrial/Commercial Sales & Service,00010001611002,Huntington Power, 230 Long Hill Cross Rd,,Shelton,CT ,06484,USA,www.huntingtonpower.com,203-929-3203,"Sales,Service,Up To 2MW,Mobile/Diesel/Gas,Training,Rental,"
10159,Industrial/Commercial Sales & Service,00010214161002,"R.L. Kistler, Inc", 5615 Business Ave.,,N. Syracuse,NY ,13208,USA,,315-458-2875,"Sales,"
10159,Industrial/Commercial Sales & Service,00010214161002,"R.L. Kistler, Inc", 5615 Business Ave.,,N. Syracuse,NY ,13208,USA,,315-458-2875,"Sales,"
10159,Industrial/Commercial Sales & Service,00010001611002,Huntington Power, 68 Enter Ln,,Islandia,NY ,11749,USA,,631-563-4943,"Sales,Service,Up To 2MW,Mobile/Diesel/Gas,"
10159,Industrial/Commercial Sales & Service,00010001611002,Huntington Power, 34 E DUDLEY TOWN RD.,,BLOOMFIELD,CT ,06002,USA,,860-289-8790,"Sales,Service,Rental,"
10159,Industrial/Commercial Sales & Service,00010208021002,Modern Group Power Systems, 2501 Durham Road,,Bristol,PA ,19007,USA,www.moderngroup.com,800-404-7291,"Sales,Service,Up To 2MW,Mobile/Diesel/Gas,Training,Rental,"
10159,Industrial/Commercial Sales & Service,00010001731002,Authorized Services Of New England, 410 Forest Street,,Marlborough,MA ,01752,USA,www.asne.com,888-890-9886,"Financing,Sales,Service,Up To 2MW,Mobile/Diesel/Gas,Training,Rental,"
10159,Industrial/Commercial Sales & Service,00010008091002,MODERN HANDLING EQUIP, 75 NEW STREET,,EDISON,NJ ,08837,USA,www.moderngroup.com,800-779-5116,"Sales,Service,Up To 2MW,Mobile/Diesel/Gas,"
10159,Industrial/Commercial Sales & Service,00010208021002,Modern Group Power Systems, 200 Allied Parkway,,West Berlin,NJ ,08091,USA,,800-404-7291,"Sales,Service,Up To 2MW,Mobile/Diesel/Gas,"
10159,Industrial/Commercial Sales & Service,00010208021002,Modern Group Power Systems, 6352 Chapmans Rd,,Allentown,PA ,18106,USA,,800-404-7291,"Sales,Service,Up To 2MW,Mobile/Diesel/Gas,"
10159,Industrial/Commercial Sales & Service,00010208021002,Modern Group Power Systems, 295 New Commerce Blvd.,,Wilkes Barre,PA ,18706,USA,,800-404-7291,"Sales,Service,Up To 2MW,Mobile/Diesel/Gas,"
10159,Industrial/Commercial Sales & Service,00010208021002,Modern Group Power Systems, 66A South Gate Blvd.,,New Castle,DE ,19720,USA,,800-404-7291,"Sales,Service,Up To 2MW,Mobile/Diesel/Gas,"
10159,Industrial/Commercial Sales & Service,00010000931002,"EMERGENCY POWER SYSTEMS, LLC", 35 HAMILTON LANE,,GLENMONT,NY ,12077,USA,,800-914-1465,"Service,Up To 2MW,Mobile/Diesel/Gas,"
10159,Industrial/Commercial Sales & Service,00010000931002,"EMERGENCY POWER SYSTEMS, LLC", 35 HAMILTON LANE,,GLENMONT,NY ,12077,USA,,800-914-1465,"Service,"
10159,Industrial/Commercial Sales & Service,00010208021002,Modern Group Power Systems, 3480 Board Road,,York,PA ,17402,USA,,800-404-7291,"Sales,Service,Up To 2MW,Mobile/Diesel/Gas,"
10159,Industrial/Commercial Sales & Service,00010001731002,AUTHORIZED SERVICES OF NEW ENGLAND, 410 FOREST STREET,,MARLBOROUGH,MA ,01752,USA,,888-890-9886,"Sales,"
10159,Industrial/Commercial Sales & Service,00010001691002,Kelly Generator & Equipment, 1955 Dale Ln,,Owings,MD ,20736,USA,www.kge.com,410-257-5225,"Sales,Service,Up To 2MW,Mobile/Diesel/Gas,Training,Rental,"
10159,Industrial/Commercial Sales & Service,00010001761002,"GENSERVE, INC.", 100 NEWTOWN RD,,PLAINVIEW,NY ,11803,USA,www.genserveinc.com,631-435-0437,"Service,"
10159,Industrial/Commercial Sales & Service,00111209521002,LONG ISLAND EMERGENCY POWER -QO, 2 Ocean Avenue,,DEER PARK,NY ,11729,USA,,631-586-7513,"Sales,"
10159,Industrial/Commercial Sales & Service,00010139211002,POWERPRO SERVICE CO. INC., 608 JOHNSON AVE. UNIT 6,,BOHEMIA,NY ,11716,USA,,631-567-2700,"Sales,Service,Up To 600kW,Mobile/Diesel/Gas,"
10159,Industrial/Commercial Sales & Service,00010134071002,PEAK POWER SYSTEMS, 99 SPRAGUE AVENUE,,MIDDLETOWN,NY ,10940,USA,www.peakpowersystems.com,845-344-1975,"Sales,Service,Up To 600kW,Mobile/Diesel/Gas,Rental,"
10159,Industrial/Commercial Sales & Service,00111209531002,HUNTINGTON POWER - LONG ISLAND, PO BOX 2040,,SHELTON,CT ,06484,USA,,631-586-7513,"Sales,"
10159,Industrial/Commercial Sales & Service,00010001761002,"GENSERVE, INC.", 115A TWINBRIDGE DR.,,PENNSAUKEN,NJ ,08110,USA,www.genserveinc.com,856-324-0459,"Service,"
10159,Industrial/Commercial Sales & Service,00111184131002,HUNTER & LOMISON, 1956 W FOURTH ST,,WILLIAMSPORT,PA ,17701,USA,www.hunterlomison.com,570-326-1764,"Sales,Service,Up To 600kW,Mobile/Diesel/Gas,Rental,"
10159,Industrial/Commercial Sales & Service,00010000881002,HUNTER & LOMISON INC., 1956 W. 4TH STREET,,WILLIAMSPORT,PA ,17701,USA,www.hunterlomison.com,570-326-1764,"Service,Up To 600kW,Mobile/Diesel/Gas,"
10159,Industrial/Commercial Sales & Service,00010001621002,BROOKFIELD SERVICE, 708 GLEBE ROAD,,WESTMORELAND,NH ,03467,USA,www.brookfieldservice.com,802-485-6567,"Service,Up To 600kW,Mobile/Diesel/Gas,"
10159,Industrial/Commercial Sales & Service,00010021101002,SOUTH SHORE GENERATOR INC-Quote, 2696A CRANBERRY HWY,,WAREHAM,MA ,02571,USA,,508-295-7336,"Sales,Service,Up To 600kW,Mobile/Diesel/Gas,"
10159,Industrial/Commercial Sales & Service,00010001701002,SOUTH SHORE GENERATOR INC, ,,EAST WAREHAM,MA ,02538,USA,,508-295-7336,"Financing,Sales,Service,Up To 600kW,Mobile/Diesel/Gas,"
10159,Industrial/Commercial Sales & Service,00111207431002,WARSHAUER ELECTRIC SUPPLY CO INC, 800 SHREWSBURY AVE,,TINTON FALLS,NJ ,07724,USA,www.warshauer.com,732-741-6400,"Service,"
10159,Industrial/Commercial Sales & Service,00010157021002,Mechanical Service Co, 1145 Oak St.,,Pittston,PA ,18640,USA,,570-654-2445,"Service,"
10160,Industrial/Commercial Sales & Service,00010214161002,"R.L. KISTLER, INC.", 35 HAMILTON LANE,,GLENMONT,NY ,12077,USA,,585-436-1940,"Sales,Service,"
10160,Industrial/Commercial Sales & Service,00010214161002,"R.L. Kistler, Inc", 300 Mile Crossing Blvd.,,Rochester,NY ,14624,USA,rlkistler.com,585-436-1940,"Sales,"
10160,Industrial/Commercial Sales & Service,00010001611002,Huntington Power, 230 Long Hill Cross Rd,,Shelton,CT ,06484,USA,www.huntingtonpower.com,203-929-3203,"Sales,Service,Up To 2MW,Mobile/Diesel/Gas,Training,Rental,"
10160,Industrial/Commercial Sales & Service,00010214161002,"R.L. Kistler, Inc", 5615 Business Ave.,,N. Syracuse,NY ,13208,USA,,315-458-2875,"Sales,"
10160,Industrial/Commercial Sales & Service,00010214161002,"R.L. Kistler, Inc", 5615 Business Ave.,,N. Syracuse,NY ,13208,USA,,315-458-2875,"Sales,"
10160,Industrial/Commercial Sales & Service,00010001611002,Huntington Power, 68 Enter Ln,,Islandia,NY ,11749,USA,,631-563-4943,"Sales,Service,Up To 2MW,Mobile/Diesel/Gas,"
10160,Industrial/Commercial Sales & Service,00010001611002,Huntington Power, 34 E DUDLEY TOWN RD.,,BLOOMFIELD,CT ,06002,USA,,860-289-8790,"Sales,Service,Rental,"
10160,Industrial/Commercial Sales & Service,00010208021002,Modern Group Power Systems, 2501 Durham Road,,Bristol,PA ,19007,USA,www.moderngroup.com,800-404-7291,"Sales,Service,Up To 2MW,Mobile/Diesel/Gas,Training,Rental,"
10160,Industrial/Commercial Sales & Service,00010001731002,Authorized Services Of New England, 410 Forest Street,,Marlborough,MA ,01752,USA,www.asne.com,888-890-9886,"Financing,Sales,Service,Up To 2MW,Mobile/Diesel/Gas,Training,Rental,"
10160,Industrial/Commercial Sales & Service,00010008091002,MODERN HANDLING EQUIP, 75 NEW STREET,,EDISON,NJ ,08837,USA,www.moderngroup.com,800-779-5116,"Sales,Service,Up To 2MW,Mobile/Diesel/Gas,"
10160,Industrial/Commercial Sales & Service,00010208021002,Modern Group Power Systems, 200 Allied Parkway,,West Berlin,NJ ,08091,USA,,800-404-7291,"Sales,Service,Up To 2MW,Mobile/Diesel/Gas,"
10160,Industrial/Commercial Sales & Service,00010208021002,Modern Group Power Systems, 6352 Chapmans Rd,,Allentown,PA ,18106,USA,,800-404-7291,"Sales,Service,Up To 2MW,Mobile/Diesel/Gas,"
10160,Industrial/Commercial Sales & Service,00010208021002,Modern Group Power Systems, 295 New Commerce Blvd.,,Wilkes Barre,PA ,18706,USA,,800-404-7291,"Sales,Service,Up To 2MW,Mobile/Diesel/Gas,"
10160,Industrial/Commercial Sales & Service,00010208021002,Modern Group Power Systems, 66A South Gate Blvd.,,New Castle,DE ,19720,USA,,800-404-7291,"Sales,Service,Up To 2MW,Mobile/Diesel/Gas,"
10160,Industrial/Commercial Sales & Service,00010000931002,"EMERGENCY POWER SYSTEMS, LLC", 35 HAMILTON LANE,,GLENMONT,NY ,12077,USA,,800-914-1465,"Service,Up To 2MW,Mobile/Diesel/Gas,"
10160,Industrial/Commercial Sales & Service,00010000931002,"EMERGENCY POWER SYSTEMS, LLC", 35 HAMILTON LANE,,GLENMONT,NY ,12077,USA,,800-914-1465,"Service,"
10160,Industrial/Commercial Sales & Service,00010208021002,Modern Group Power Systems, 3480 Board Road,,York,PA ,17402,USA,,800-404-7291,"Sales,Service,Up To 2MW,Mobile/Diesel/Gas,"
10160,Industrial/Commercial Sales & Service,00010001731002,AUTHORIZED SERVICES OF NEW ENGLAND, 410 FOREST STREET,,MARLBOROUGH,MA ,01752,USA,,888-890-9886,"Sales,"
10160,Industrial/Commercial Sales & Service,00010001691002,Kelly Generator & Equipment, 1955 Dale Ln,,Owings,MD ,20736,USA,www.kge.com,410-257-5225,"Sales,Service,Up To 2MW,Mobile/Diesel/Gas,Training,Rental,"
10160,Industrial/Commercial Sales & Service,00010001761002,"GENSERVE, INC.", 100 NEWTOWN RD,,PLAINVIEW,NY ,11803,USA,www.genserveinc.com,631-435-0437,"Service,"
10160,Industrial/Commercial Sales & Service,00111209521002,LONG ISLAND EMERGENCY POWER -QO, 2 Ocean Avenue,,DEER PARK,NY ,11729,USA,,631-586-7513,"Sales,"
10160,Industrial/Commercial Sales & Service,00010139211002,POWERPRO SERVICE CO. INC., 608 JOHNSON AVE. UNIT 6,,BOHEMIA,NY ,11716,USA,,631-567-2700,"Sales,Service,Up To 600kW,Mobile/Diesel/Gas,"
10160,Industrial/Commercial Sales & Service,00010134071002,PEAK POWER SYSTEMS, 99 SPRAGUE AVENUE,,MIDDLETOWN,NY ,10940,USA,www.peakpowersystems.com,845-344-1975,"Sales,Service,Up To 600kW,Mobile/Diesel/Gas,Rental,"
10160,Industrial/Commercial Sales & Service,00111209531002,HUNTINGTON POWER - LONG ISLAND, PO BOX 2040,,SHELTON,CT ,06484,USA,,631-586-7513,"Sales,"
10160,Industrial/Commercial Sales & Service,00010001761002,"GENSERVE, INC.", 115A TWINBRIDGE DR.,,PENNSAUKEN,NJ ,08110,USA,www.genserveinc.com,856-324-0459,"Service,"
10160,Industrial/Commercial Sales & Service,00111184131002,HUNTER & LOMISON, 1956 W FOURTH ST,,WILLIAMSPORT,PA ,17701,USA,www.hunterlomison.com,570-326-1764,"Sales,Service,Up To 600kW,Mobile/Diesel/Gas,Rental,"
10160,Industrial/Commercial Sales & Service,00010000881002,HUNTER & LOMISON INC., 1956 W. 4TH STREET,,WILLIAMSPORT,PA ,17701,USA,www.hunterlomison.com,570-326-1764,"Service,Up To 600kW,Mobile/Diesel/Gas,"
10160,Industrial/Commercial Sales & Service,00010001621002,BROOKFIELD SERVICE, 708 GLEBE ROAD,,WESTMORELAND,NH ,03467,USA,www.brookfieldservice.com,802-485-6567,"Service,Up To 600kW,Mobile/Diesel/Gas,"
10160,Industrial/Commercial Sales & Service,00010021101002,SOUTH SHORE GENERATOR INC-Quote, 2696A CRANBERRY HWY,,WAREHAM,MA ,02571,USA,,508-295-7336,"Sales,Service,Up To 600kW,Mobile/Diesel/Gas,"
10160,Industrial/Commercial Sales & Service,00010001701002,SOUTH SHORE GENERATOR INC, ,,EAST WAREHAM,MA ,02538,USA,,508-295-7336,"Financing,Sales,Service,Up To 600kW,Mobile/Diesel/Gas,"
10160,Industrial/Commercial Sales & Service,00111207431002,WARSHAUER ELECTRIC SUPPLY CO INC, 800 SHREWSBURY AVE,,TINTON FALLS,NJ ,07724,USA,www.warshauer.com,732-741-6400,"Service,"
10160,Industrial/Commercial Sales & Service,00010157021002,Mechanical Service Co, 1145 Oak St.,,Pittston,PA ,18640,USA,,570-654-2445,"Service,"
10161,Industrial/Commercial Sales & Service,00010001611002,Huntington Power, 230 Long Hill Cross Rd,,Shelton,CT ,06484,USA,www.huntingtonpower.com,203-929-3203,"Sales,Service,Up To 2MW,Mobile/Diesel/Gas,Training,Rental,"
10161,Industrial/Commercial Sales & Service,00010214161002,"R.L. KISTLER, INC.", 35 HAMILTON LANE,,GLENMONT,NY ,12077,USA,,585-436-1940,"Sales,Service,"
10161,Industrial/Commercial Sales & Service,00010214161002,"R.L. Kistler, Inc", 300 Mile Crossing Blvd.,,Rochester,NY ,14624,USA,rlkistler.com,585-436-1940,"Sales,"
10161,Industrial/Commercial Sales & Service,00010001611002,Huntington Power, 68 Enter Ln,,Islandia,NY ,11749,USA,,631-563-4943,"Sales,Service,Up To 2MW,Mobile/Diesel/Gas,"
10161,Industrial/Commercial Sales & Service,00010001611002,Huntington Power, 34 E DUDLEY TOWN RD.,,BLOOMFIELD,CT ,06002,USA,,860-289-8790,"Sales,Service,Rental,"
10161,Industrial/Commercial Sales & Service,00010214161002,"R.L. Kistler, Inc", 5615 Business Ave.,,N. Syracuse,NY ,13208,USA,,315-458-2875,"Sales,"
10161,Industrial/Commercial Sales & Service,00010214161002,"R.L. Kistler, Inc", 5615 Business Ave.,,N. Syracuse,NY ,13208,USA,,315-458-2875,"Sales,"
10161,Industrial/Commercial Sales & Service,00010208021002,Modern Group Power Systems, 2501 Durham Road,,Bristol,PA ,19007,USA,www.moderngroup.com,800-404-7291,"Sales,Service,Up To 2MW,Mobile/Diesel/Gas,Training,Rental,"
10161,Industrial/Commercial Sales & Service,00010001731002,Authorized Services Of New England, 410 Forest Street,,Marlborough,MA ,01752,USA,www.asne.com,888-890-9886,"Financing,Sales,Service,Up To 2MW,Mobile/Diesel/Gas,Training,Rental,"
10161,Industrial/Commercial Sales & Service,00010008091002,MODERN HANDLING EQUIP, 75 NEW STREET,,EDISON,NJ ,08837,USA,www.moderngroup.com,800-779-5116,"Sales,Service,Up To 2MW,Mobile/Diesel/Gas,"
10161,Industrial/Commercial Sales & Service,00010208021002,Modern Group Power Systems, 6352 Chapmans Rd,,Allentown,PA ,18106,USA,,800-404-7291,"Sales,Service,Up To 2MW,Mobile/Diesel/Gas,"
10161,Industrial/Commercial Sales & Service,00010208021002,Modern Group Power Systems, 200 Allied Parkway,,West Berlin,NJ ,08091,USA,,800-404-7291,"Sales,Service,Up To 2MW,Mobile/Diesel/Gas,"
10161,Industrial/Commercial Sales & Service,00010208021002,Modern Group Power Systems, 295 New Commerce Blvd.,,Wilkes Barre,PA ,18706,USA,,800-404-7291,"Sales,Service,Up To 2MW,Mobile/Diesel/Gas,"
10161,Industrial/Commercial Sales & Service,00010208021002,Modern Group Power Systems, 66A South Gate Blvd.,,New Castle,DE ,19720,USA,,800-404-7291,"Sales,Service,Up To 2MW,Mobile/Diesel/Gas,"
10161,Industrial/Commercial Sales & Service,00010000931002,"EMERGENCY POWER SYSTEMS, LLC", 35 HAMILTON LANE,,GLENMONT,NY ,12077,USA,,800-914-1465,"Service,Up To 2MW,Mobile/Diesel/Gas,"
10161,Industrial/Commercial Sales & Service,00010000931002,"EMERGENCY POWER SYSTEMS, LLC", 35 HAMILTON LANE,,GLENMONT,NY ,12077,USA,,800-914-1465,"Service,"
10161,Industrial/Commercial Sales & Service,00010208021002,Modern Group Power Systems, 3480 Board Road,,York,PA ,17402,USA,,800-404-7291,"Sales,Service,Up To 2MW,Mobile/Diesel/Gas,"
10161,Industrial/Commercial Sales & Service,00010001731002,AUTHORIZED SERVICES OF NEW ENGLAND, 410 FOREST STREET,,MARLBOROUGH,MA ,01752,USA,,888-890-9886,"Sales,"
10161,Industrial/Commercial Sales & Service,00010001691002,Kelly Generator & Equipment, 1955 Dale Ln,,Owings,MD ,20736,USA,www.kge.com,410-257-5225,"Sales,Service,Up To 2MW,Mobile/Diesel/Gas,Training,Rental,"
10161,Industrial/Commercial Sales & Service,00010001761002,"GENSERVE, INC.", 100 NEWTOWN RD,,PLAINVIEW,NY ,11803,USA,www.genserveinc.com,631-435-0437,"Service,"
10161,Industrial/Commercial Sales & Service,00111209521002,LONG ISLAND EMERGENCY POWER -QO, 2 Ocean Avenue,,DEER PARK,NY ,11729,USA,,631-586-7513,"Sales,"
10161,Industrial/Commercial Sales & Service,00010139211002,POWERPRO SERVICE CO. INC., 608 JOHNSON AVE. UNIT 6,,BOHEMIA,NY ,11716,USA,,631-567-2700,"Sales,Service,Up To 600kW,Mobile/Diesel/Gas,"
10161,Industrial/Commercial Sales & Service,00010134071002,PEAK POWER SYSTEMS, 99 SPRAGUE AVENUE,,MIDDLETOWN,NY ,10940,USA,www.peakpowersystems.com,845-344-1975,"Sales,Service,Up To 600kW,Mobile/Diesel/Gas,Rental,"
10161,Industrial/Commercial Sales & Service,00111209531002,HUNTINGTON POWER - LONG ISLAND, PO BOX 2040,,SHELTON,CT ,06484,USA,,631-586-7513,"Sales,"
10161,Industrial/Commercial Sales & Service,00010001761002,"GENSERVE, INC.", 115A TWINBRIDGE DR.,,PENNSAUKEN,NJ ,08110,USA,www.genserveinc.com,856-324-0459,"Service,"
10161,Industrial/Commercial Sales & Service,00111184131002,HUNTER & LOMISON, 1956 W FOURTH ST,,WILLIAMSPORT,PA ,17701,USA,www.hunterlomison.com,570-326-1764,"Sales,Service,Up To 600kW,Mobile/Diesel/Gas,Rental,"
10161,Industrial/Commercial Sales & Service,00010000881002,HUNTER & LOMISON INC., 1956 W. 4TH STREET,,WILLIAMSPORT,PA ,17701,USA,www.hunterlomison.com,570-326-1764,"Service,Up To 600kW,Mobile/Diesel/Gas,"
10161,Industrial/Commercial Sales & Service,00010001621002,BROOKFIELD SERVICE, 708 GLEBE ROAD,,WESTMORELAND,NH ,03467,USA,www.brookfieldservice.com,802-485-6567,"Service,Up To 600kW,Mobile/Diesel/Gas,"
10161,Industrial/Commercial Sales & Service,00010021101002,SOUTH SHORE GENERATOR INC-Quote, 2696A CRANBERRY HWY,,WAREHAM,MA ,02571,USA,,508-295-7336,"Sales,Service,Up To 600kW,Mobile/Diesel/Gas,"
10161,Industrial/Commercial Sales & Service,00010001701002,SOUTH SHORE GENERATOR INC, ,,EAST WAREHAM,MA ,02538,USA,,508-295-7336,"Financing,Sales,Service,Up To 600kW,Mobile/Diesel/Gas,"
10161,Industrial/Commercial Sales & Service,00111207431002,WARSHAUER ELECTRIC SUPPLY CO INC, 800 SHREWSBURY AVE,,TINTON FALLS,NJ ,07724,USA,www.warshauer.com,732-741-6400,"Service,"
10161,Industrial/Commercial Sales & Service,00010157021002,Mechanical Service Co, 1145 Oak St.,,Pittston,PA ,18640,USA,,570-654-2445,"Service,"
10162,Industrial/Commercial Sales & Service,00010214161002,"R.L. Kistler, Inc", 300 Mile Crossing Blvd.,,Rochester,NY ,14624,USA,rlkistler.com,585-436-1940,"Sales,"
10162,Industrial/Commercial Sales & Service,00010001611002,Huntington Power, 230 Long Hill Cross Rd,,Shelton,CT ,06484,USA,www.huntingtonpower.com,203-929-3203,"Sales,Service,Up To 2MW,Mobile/Diesel/Gas,Training,Rental,"
10162,Industrial/Commercial Sales & Service,00010214161002,"R.L. KISTLER, INC.", 35 HAMILTON LANE,,GLENMONT,NY ,12077,USA,,585-436-1940,"Sales,Service,"
10162,Industrial/Commercial Sales & Service,00010214161002,"R.L. Kistler, Inc", 5615 Business Ave.,,N. Syracuse,NY ,13208,USA,,315-458-2875,"Sales,"
10162,Industrial/Commercial Sales & Service,00010001611002,Huntington Power, 68 Enter Ln,,Islandia,NY ,11749,USA,,631-563-4943,"Sales,Service,Up To 2MW,Mobile/Diesel/Gas,"
10162,Industrial/Commercial Sales & Service,00010001611002,Huntington Power, 34 E DUDLEY TOWN RD.,,BLOOMFIELD,CT ,06002,USA,,860-289-8790,"Sales,Service,Rental,"
10162,Industrial/Commercial Sales & Service,00010214161002,"R.L. Kistler, Inc", 5615 Business Ave.,,N. Syracuse,NY ,13208,USA,,315-458-2875,"Sales,"
10162,Industrial/Commercial Sales & Service,00010208021002,Modern Group Power Systems, 2501 Durham Road,,Bristol,PA ,19007,USA,www.moderngroup.com,800-404-7291,"Sales,Service,Up To 2MW,Mobile/Diesel/Gas,Training,Rental,"
10162,Industrial/Commercial Sales & Service,00010001731002,Authorized Services Of New England, 410 Forest Street,,Marlborough,MA ,01752,USA,www.asne.com,888-890-9886,"Financing,Sales,Service,Up To 2MW,Mobile/Diesel/Gas,Training,Rental,"
10162,Industrial/Commercial Sales & Service,00010008091002,MODERN HANDLING EQUIP, 75 NEW STREET,,EDISON,NJ ,08837,USA,www.moderngroup.com,800-779-5116,"Sales,Service,Up To 2MW,Mobile/Diesel/Gas,"
10162,Industrial/Commercial Sales & Service,00010208021002,Modern Group Power Systems, 6352 Chapmans Rd,,Allentown,PA ,18106,USA,,800-404-7291,"Sales,Service,Up To 2MW,Mobile/Diesel/Gas,"
10162,Industrial/Commercial Sales & Service,00010208021002,Modern Group Power Systems, 200 Allied Parkway,,West Berlin,NJ ,08091,USA,,800-404-7291,"Sales,Service,Up To 2MW,Mobile/Diesel/Gas,"
10162,Industrial/Commercial Sales & Service,00010208021002,Modern Group Power Systems, 295 New Commerce Blvd.,,Wilkes Barre,PA ,18706,USA,,800-404-7291,"Sales,Service,Up To 2MW,Mobile/Diesel/Gas,"
10162,Industrial/Commercial Sales & Service,00010208021002,Modern Group Power Systems, 66A South Gate Blvd.,,New Castle,DE ,19720,USA,,800-404-7291,"Sales,Service,Up To 2MW,Mobile/Diesel/Gas,"
10162,Industrial/Commercial Sales & Service,00010000931002,"EMERGENCY POWER SYSTEMS, LLC", 35 HAMILTON LANE,,GLENMONT,NY ,12077,USA,,800-914-1465,"Service,Up To 2MW,Mobile/Diesel/Gas,"
10162,Industrial/Commercial Sales & Service,00010000931002,"EMERGENCY POWER SYSTEMS, LLC", 35 HAMILTON LANE,,GLENMONT,NY ,12077,USA,,800-914-1465,"Service,"
10162,Industrial/Commercial Sales & Service,00010208021002,Modern Group Power Systems, 3480 Board Road,,York,PA ,17402,USA,,800-404-7291,"Sales,Service,Up To 2MW,Mobile/Diesel/Gas,"
10162,Industrial/Commercial Sales & Service,00010001731002,AUTHORIZED SERVICES OF NEW ENGLAND, 410 FOREST STREET,,MARLBOROUGH,MA ,01752,USA,,888-890-9886,"Sales,"
10162,Industrial/Commercial Sales & Service,00010001761002,"GENSERVE, INC.", 100 NEWTOWN RD,,PLAINVIEW,NY ,11803,USA,www.genserveinc.com,631-435-0437,"Service,"
10162,Industrial/Commercial Sales & Service,00111209521002,LONG ISLAND EMERGENCY POWER -QO, 2 Ocean Avenue,,DEER PARK,NY ,11729,USA,,631-586-7513,"Sales,"
10162,Industrial/Commercial Sales & Service,00010139211002,POWERPRO SERVICE CO. INC., 608 JOHNSON AVE. UNIT 6,,BOHEMIA,NY ,11716,USA,,631-567-2700,"Sales,Service,Up To 600kW,Mobile/Diesel/Gas,"
10162,Industrial/Commercial Sales & Service,00010134071002,PEAK POWER SYSTEMS, 99 SPRAGUE AVENUE,,MIDDLETOWN,NY ,10940,USA,www.peakpowersystems.com,845-344-1975,"Sales,Service,Up To 600kW,Mobile/Diesel/Gas,Rental,"
10162,Industrial/Commercial Sales & Service,00111209531002,HUNTINGTON POWER - LONG ISLAND, PO BOX 2040,,SHELTON,CT ,06484,USA,,631-586-7513,"Sales,"
10162,Industrial/Commercial Sales & Service,00010001761002,"GENSERVE, INC.", 115A TWINBRIDGE DR.,,PENNSAUKEN,NJ ,08110,USA,www.genserveinc.com,856-324-0459,"Service,"
10162,Industrial/Commercial Sales & Service,00111184131002,HUNTER & LOMISON, 1956 W FOURTH ST,,WILLIAMSPORT,PA ,17701,USA,www.hunterlomison.com,570-326-1764,"Sales,Service,Up To 600kW,Mobile/Diesel/Gas,Rental,"
10162,Industrial/Commercial Sales & Service,00010000881002,HUNTER & LOMISON INC., 1956 W. 4TH STREET,,WILLIAMSPORT,PA ,17701,USA,www.hunterlomison.com,570-326-1764,"Service,Up To 600kW,Mobile/Diesel/Gas,"
10162,Industrial/Commercial Sales & Service,00010001621002,BROOKFIELD SERVICE, 708 GLEBE ROAD,,WESTMORELAND,NH ,03467,USA,www.brookfieldservice.com,802-485-6567,"Service,Up To 600kW,Mobile/Diesel/Gas,"
10162,Industrial/Commercial Sales & Service,00010021101002,SOUTH SHORE GENERATOR INC-Quote, 2696A CRANBERRY HWY,,WAREHAM,MA ,02571,USA,,508-295-7336,"Sales,Service,Up To 600kW,Mobile/Diesel/Gas,"
10162,Industrial/Commercial Sales & Service,00010001701002,SOUTH SHORE GENERATOR INC, ,,EAST WAREHAM,MA ,02538,USA,,508-295-7336,"Financing,Sales,Service,Up To 600kW,Mobile/Diesel/Gas,"
10162,Industrial/Commercial Sales & Service,00111207431002,WARSHAUER ELECTRIC SUPPLY CO INC, 800 SHREWSBURY AVE,,TINTON FALLS,NJ ,07724,USA,www.warshauer.com,732-741-6400,"Service,"
10162,Industrial/Commercial Sales & Service,00010157021002,Mechanical Service Co, 1145 Oak St.,,Pittston,PA ,18640,USA,,570-654-2445,"Service,"
10163,Industrial/Commercial Sales & Service,00010214161002,"R.L. KISTLER, INC.", 35 HAMILTON LANE,,GLENMONT,NY ,12077,USA,,585-436-1940,"Sales,Service,"
10163,Industrial/Commercial Sales & Service,00010001611002,Huntington Power, 230 Long Hill Cross Rd,,Shelton,CT ,06484,USA,www.huntingtonpower.com,203-929-3203,"Sales,Service,Up To 2MW,Mobile/Diesel/Gas,Training,Rental,"
10163,Industrial/Commercial Sales & Service,00010214161002,"R.L. Kistler, Inc", 300 Mile Crossing Blvd.,,Rochester,NY ,14624,USA,rlkistler.com,585-436-1940,"Sales,"
10163,Industrial/Commercial Sales & Service,00010214161002,"R.L. Kistler, Inc", 5615 Business Ave.,,N. Syracuse,NY ,13208,USA,,315-458-2875,"Sales,"
10163,Industrial/Commercial Sales & Service,00010001611002,Huntington Power, 68 Enter Ln,,Islandia,NY ,11749,USA,,631-563-4943,"Sales,Service,Up To 2MW,Mobile/Diesel/Gas,"
10163,Industrial/Commercial Sales & Service,00010001611002,Huntington Power, 34 E DUDLEY TOWN RD.,,BLOOMFIELD,CT ,06002,USA,,860-289-8790,"Sales,Service,Rental,"
10163,Industrial/Commercial Sales & Service,00010214161002,"R.L. Kistler, Inc", 5615 Business Ave.,,N. Syracuse,NY ,13208,USA,,315-458-2875,"Sales,"
10163,Industrial/Commercial Sales & Service,00010208021002,Modern Group Power Systems, 2501 Durham Road,,Bristol,PA ,19007,USA,www.moderngroup.com,800-404-7291,"Sales,Service,Up To 2MW,Mobile/Diesel/Gas,Training,Rental,"
10163,Industrial/Commercial Sales & Service,00010001731002,Authorized Services Of New England, 410 Forest Street,,Marlborough,MA ,01752,USA,www.asne.com,888-890-9886,"Financing,Sales,Service,Up To 2MW,Mobile/Diesel/Gas,Training,Rental,"
10163,Industrial/Commercial Sales & Service,00010008091002,MODERN HANDLING EQUIP, 75 NEW STREET,,EDISON,NJ ,08837,USA,www.moderngroup.com,800-779-5116,"Sales,Service,Up To 2MW,Mobile/Diesel/Gas,"
10163,Industrial/Commercial Sales & Service,00010208021002,Modern Group Power Systems, 6352 Chapmans Rd,,Allentown,PA ,18106,USA,,800-404-7291,"Sales,Service,Up To 2MW,Mobile/Diesel/Gas,"
10163,Industrial/Commercial Sales & Service,00010208021002,Modern Group Power Systems, 200 Allied Parkway,,West Berlin,NJ ,08091,USA,,800-404-7291,"Sales,Service,Up To 2MW,Mobile/Diesel/Gas,"
10163,Industrial/Commercial Sales & Service,00010208021002,Modern Group Power Systems, 295 New Commerce Blvd.,,Wilkes Barre,PA ,18706,USA,,800-404-7291,"Sales,Service,Up To 2MW,Mobile/Diesel/Gas,"
10163,Industrial/Commercial Sales & Service,00010208021002,Modern Group Power Systems, 66A South Gate Blvd.,,New Castle,DE ,19720,USA,,800-404-7291,"Sales,Service,Up To 2MW,Mobile/Diesel/Gas,"
10163,Industrial/Commercial Sales & Service,00010000931002,"EMERGENCY POWER SYSTEMS, LLC", 35 HAMILTON LANE,,GLENMONT,NY ,12077,USA,,800-914-1465,"Service,Up To 2MW,Mobile/Diesel/Gas,"
10163,Industrial/Commercial Sales & Service,00010000931002,"EMERGENCY POWER SYSTEMS, LLC", 35 HAMILTON LANE,,GLENMONT,NY ,12077,USA,,800-914-1465,"Service,"
10163,Industrial/Commercial Sales & Service,00010208021002,Modern Group Power Systems, 3480 Board Road,,York,PA ,17402,USA,,800-404-7291,"Sales,Service,Up To 2MW,Mobile/Diesel/Gas,"
10163,Industrial/Commercial Sales & Service,00010001731002,AUTHORIZED SERVICES OF NEW ENGLAND, 410 FOREST STREET,,MARLBOROUGH,MA ,01752,USA,,888-890-9886,"Sales,"
10163,Industrial/Commercial Sales & Service,00010001691002,Kelly Generator & Equipment, 1955 Dale Ln,,Owings,MD ,20736,USA,www.kge.com,410-257-5225,"Sales,Service,Up To 2MW,Mobile/Diesel/Gas,Training,Rental,"
10163,Industrial/Commercial Sales & Service,00010001761002,"GENSERVE, INC.", 100 NEWTOWN RD,,PLAINVIEW,NY ,11803,USA,www.genserveinc.com,631-435-0437,"Service,"
10163,Industrial/Commercial Sales & Service,00111209521002,LONG ISLAND EMERGENCY POWER -QO, 2 Ocean Avenue,,DEER PARK,NY ,11729,USA,,631-586-7513,"Sales,"
10163,Industrial/Commercial Sales & Service,00010139211002,POWERPRO SERVICE CO. INC., 608 JOHNSON AVE. UNIT 6,,BOHEMIA,NY ,11716,USA,,631-567-2700,"Sales,Service,Up To 600kW,Mobile/Diesel/Gas,"
10163,Industrial/Commercial Sales & Service,00010134071002,PEAK POWER SYSTEMS, 99 SPRAGUE AVENUE,,MIDDLETOWN,NY ,10940,USA,www.peakpowersystems.com,845-344-1975,"Sales,Service,Up To 600kW,Mobile/Diesel/Gas,Rental,"
10163,Industrial/Commercial Sales & Service,00111209531002,HUNTINGTON POWER - LONG ISLAND, PO BOX 2040,,SHELTON,CT ,06484,USA,,631-586-7513,"Sales,"
10163,Industrial/Commercial Sales & Service,00010001761002,"GENSERVE, INC.", 115A TWINBRIDGE DR.,,PENNSAUKEN,NJ ,08110,USA,www.genserveinc.com,856-324-0459,"Service,"
10163,Industrial/Commercial Sales & Service,00111184131002,HUNTER & LOMISON, 1956 W FOURTH ST,,WILLIAMSPORT,PA ,17701,USA,www.hunterlomison.com,570-326-1764,"Sales,Service,Up To 600kW,Mobile/Diesel/Gas,Rental,"
10163,Industrial/Commercial Sales & Service,00010000881002,HUNTER & LOMISON INC., 1956 W. 4TH STREET,,WILLIAMSPORT,PA ,17701,USA,www.hunterlomison.com,570-326-1764,"Service,Up To 600kW,Mobile/Diesel/Gas,"
10163,Industrial/Commercial Sales & Service,00010001621002,BROOKFIELD SERVICE, 708 GLEBE ROAD,,WESTMORELAND,NH ,03467,USA,www.brookfieldservice.com,802-485-6567,"Service,Up To 600kW,Mobile/Diesel/Gas,"
10163,Industrial/Commercial Sales & Service,00010021101002,SOUTH SHORE GENERATOR INC-Quote, 2696A CRANBERRY HWY,,WAREHAM,MA ,02571,USA,,508-295-7336,"Sales,Service,Up To 600kW,Mobile/Diesel/Gas,"
10163,Industrial/Commercial Sales & Service,00010001701002,SOUTH SHORE GENERATOR INC, ,,EAST WAREHAM,MA ,02538,USA,,508-295-7336,"Financing,Sales,Service,Up To 600kW,Mobile/Diesel/Gas,"
10163,Industrial/Commercial Sales & Service,00111207431002,WARSHAUER ELECTRIC SUPPLY CO INC, 800 SHREWSBURY AVE,,TINTON FALLS,NJ ,07724,USA,www.warshauer.com,732-741-6400,"Service,"
10163,Industrial/Commercial Sales & Service,00010157021002,Mechanical Service Co, 1145 Oak St.,,Pittston,PA ,18640,USA,,570-654-2445,"Service,"
10164,Industrial/Commercial Sales & Service,00010214161002,"R.L. Kistler, Inc", 300 Mile Crossing Blvd.,,Rochester,NY ,14624,USA,rlkistler.com,585-436-1940,"Sales,"
10164,Industrial/Commercial Sales & Service,00010214161002,"R.L. KISTLER, INC.", 35 HAMILTON LANE,,GLENMONT,NY ,12077,USA,,585-436-1940,"Sales,Service,"
10164,Industrial/Commercial Sales & Service,00010001611002,Huntington Power, 230 Long Hill Cross Rd,,Shelton,CT ,06484,USA,www.huntingtonpower.com,203-929-3203,"Sales,Service,Up To 2MW,Mobile/Diesel/Gas,Training,Rental,"
10164,Industrial/Commercial Sales & Service,00010214161002,"R.L. Kistler, Inc", 5615 Business Ave.,,N. Syracuse,NY ,13208,USA,,315-458-2875,"Sales,"
10164,Industrial/Commercial Sales & Service,00010214161002,"R.L. Kistler, Inc", 5615 Business Ave.,,N. Syracuse,NY ,13208,USA,,315-458-2875,"Sales,"
10164,Industrial/Commercial Sales & Service,00010001611002,Huntington Power, 68 Enter Ln,,Islandia,NY ,11749,USA,,631-563-4943,"Sales,Service,Up To 2MW,Mobile/Diesel/Gas,"
10164,Industrial/Commercial Sales & Service,00010001611002,Huntington Power, 34 E DUDLEY TOWN RD.,,BLOOMFIELD,CT ,06002,USA,,860-289-8790,"Sales,Service,Rental,"
10164,Industrial/Commercial Sales & Service,00010208021002,Modern Group Power Systems, 2501 Durham Road,,Bristol,PA ,19007,USA,www.moderngroup.com,800-404-7291,"Sales,Service,Up To 2MW,Mobile/Diesel/Gas,Training,Rental,"
10164,Industrial/Commercial Sales & Service,00010001731002,Authorized Services Of New England, 410 Forest Street,,Marlborough,MA ,01752,USA,www.asne.com,888-890-9886,"Financing,Sales,Service,Up To 2MW,Mobile/Diesel/Gas,Training,Rental,"
10164,Industrial/Commercial Sales & Service,00010008091002,MODERN HANDLING EQUIP, 75 NEW STREET,,EDISON,NJ ,08837,USA,www.moderngroup.com,800-779-5116,"Sales,Service,Up To 2MW,Mobile/Diesel/Gas,"
10164,Industrial/Commercial Sales & Service,00010208021002,Modern Group Power Systems, 6352 Chapmans Rd,,Allentown,PA ,18106,USA,,800-404-7291,"Sales,Service,Up To 2MW,Mobile/Diesel/Gas,"
10164,Industrial/Commercial Sales & Service,00010208021002,Modern Group Power Systems, 200 Allied Parkway,,West Berlin,NJ ,08091,USA,,800-404-7291,"Sales,Service,Up To 2MW,Mobile/Diesel/Gas,"
10164,Industrial/Commercial Sales & Service,00010208021002,Modern Group Power Systems, 295 New Commerce Blvd.,,Wilkes Barre,PA ,18706,USA,,800-404-7291,"Sales,Service,Up To 2MW,Mobile/Diesel/Gas,"
10164,Industrial/Commercial Sales & Service,00010208021002,Modern Group Power Systems, 66A South Gate Blvd.,,New Castle,DE ,19720,USA,,800-404-7291,"Sales,Service,Up To 2MW,Mobile/Diesel/Gas,"
10164,Industrial/Commercial Sales & Service,00010000931002,"EMERGENCY POWER SYSTEMS, LLC", 35 HAMILTON LANE,,GLENMONT,NY ,12077,USA,,800-914-1465,"Service,Up To 2MW,Mobile/Diesel/Gas,"
10164,Industrial/Commercial Sales & Service,00010000931002,"EMERGENCY POWER SYSTEMS, LLC", 35 HAMILTON LANE,,GLENMONT,NY ,12077,USA,,800-914-1465,"Service,"
10164,Industrial/Commercial Sales & Service,00010208021002,Modern Group Power Systems, 3480 Board Road,,York,PA ,17402,USA,,800-404-7291,"Sales,Service,Up To 2MW,Mobile/Diesel/Gas,"
10164,Industrial/Commercial Sales & Service,00010001731002,AUTHORIZED SERVICES OF NEW ENGLAND, 410 FOREST STREET,,MARLBOROUGH,MA ,01752,USA,,888-890-9886,"Sales,"
10164,Industrial/Commercial Sales & Service,00010001691002,Kelly Generator & Equipment, 1955 Dale Ln,,Owings,MD ,20736,USA,www.kge.com,410-257-5225,"Sales,Service,Up To 2MW,Mobile/Diesel/Gas,Training,Rental,"
10164,Industrial/Commercial Sales & Service,00010001761002,"GENSERVE, INC.", 100 NEWTOWN RD,,PLAINVIEW,NY ,11803,USA,www.genserveinc.com,631-435-0437,"Service,"
10164,Industrial/Commercial Sales & Service,00111209521002,LONG ISLAND EMERGENCY POWER -QO, 2 Ocean Avenue,,DEER PARK,NY ,11729,USA,,631-586-7513,"Sales,"
10164,Industrial/Commercial Sales & Service,00010139211002,POWERPRO SERVICE CO. INC., 608 JOHNSON AVE. UNIT 6,,BOHEMIA,NY ,11716,USA,,631-567-2700,"Sales,Service,Up To 600kW,Mobile/Diesel/Gas,"
10164,Industrial/Commercial Sales & Service,00010134071002,PEAK POWER SYSTEMS, 99 SPRAGUE AVENUE,,MIDDLETOWN,NY ,10940,USA,www.peakpowersystems.com,845-344-1975,"Sales,Service,Up To 600kW,Mobile/Diesel/Gas,Rental,"
10164,Industrial/Commercial Sales & Service,00111209531002,HUNTINGTON POWER - LONG ISLAND, PO BOX 2040,,SHELTON,CT ,06484,USA,,631-586-7513,"Sales,"
10164,Industrial/Commercial Sales & Service,00010001761002,"GENSERVE, INC.", 115A TWINBRIDGE DR.,,PENNSAUKEN,NJ ,08110,USA,www.genserveinc.com,856-324-0459,"Service,"
10164,Industrial/Commercial Sales & Service,00111184131002,HUNTER & LOMISON, 1956 W FOURTH ST,,WILLIAMSPORT,PA ,17701,USA,www.hunterlomison.com,570-326-1764,"Sales,Service,Up To 600kW,Mobile/Diesel/Gas,Rental,"
10164,Industrial/Commercial Sales & Service,00010000881002,HUNTER & LOMISON INC., 1956 W. 4TH STREET,,WILLIAMSPORT,PA ,17701,USA,www.hunterlomison.com,570-326-1764,"Service,Up To 600kW,Mobile/Diesel/Gas,"
10164,Industrial/Commercial Sales & Service,00010001621002,BROOKFIELD SERVICE, 708 GLEBE ROAD,,WESTMORELAND,NH ,03467,USA,www.brookfieldservice.com,802-485-6567,"Service,Up To 600kW,Mobile/Diesel/Gas,"
10164,Industrial/Commercial Sales & Service,00010021101002,SOUTH SHORE GENERATOR INC-Quote, 2696A CRANBERRY HWY,,WAREHAM,MA ,02571,USA,,508-295-7336,"Sales,Service,Up To 600kW,Mobile/Diesel/Gas,"
10164,Industrial/Commercial Sales & Service,00010001701002,SOUTH SHORE GENERATOR INC, ,,EAST WAREHAM,MA ,02538,USA,,508-295-7336,"Financing,Sales,Service,Up To 600kW,Mobile/Diesel/Gas,"
10164,Industrial/Commercial Sales & Service,00111207431002,WARSHAUER ELECTRIC SUPPLY CO INC, 800 SHREWSBURY AVE,,TINTON FALLS,NJ ,07724,USA,www.warshauer.com,732-741-6400,"Service,"
10164,Industrial/Commercial Sales & Service,00010157021002,Mechanical Service Co, 1145 Oak St.,,Pittston,PA ,18640,USA,,570-654-2445,"Service,"
10165,Industrial/Commercial Sales & Service,00010214161002,"R.L. KISTLER, INC.", 35 HAMILTON LANE,,GLENMONT,NY ,12077,USA,,585-436-1940,"Sales,Service,"
10165,Industrial/Commercial Sales & Service,00010214161002,"R.L. Kistler, Inc", 300 Mile Crossing Blvd.,,Rochester,NY ,14624,USA,rlkistler.com,585-436-1940,"Sales,"
10165,Industrial/Commercial Sales & Service,00010001611002,Huntington Power, 230 Long Hill Cross Rd,,Shelton,CT ,06484,USA,www.huntingtonpower.com,203-929-3203,"Sales,Service,Up To 2MW,Mobile/Diesel/Gas,Training,Rental,"
10165,Industrial/Commercial Sales & Service,00010214161002,"R.L. Kistler, Inc", 5615 Business Ave.,,N. Syracuse,NY ,13208,USA,,315-458-2875,"Sales,"
10165,Industrial/Commercial Sales & Service,00010214161002,"R.L. Kistler, Inc", 5615 Business Ave.,,N. Syracuse,NY ,13208,USA,,315-458-2875,"Sales,"
10165,Industrial/Commercial Sales & Service,00010001611002,Huntington Power, 68 Enter Ln,,Islandia,NY ,11749,USA,,631-563-4943,"Sales,Service,Up To 2MW,Mobile/Diesel/Gas,"
10165,Industrial/Commercial Sales & Service,00010001611002,Huntington Power, 34 E DUDLEY TOWN RD.,,BLOOMFIELD,CT ,06002,USA,,860-289-8790,"Sales,Service,Rental,"
10165,Industrial/Commercial Sales & Service,00010208021002,Modern Group Power Systems, 2501 Durham Road,,Bristol,PA ,19007,USA,www.moderngroup.com,800-404-7291,"Sales,Service,Up To 2MW,Mobile/Diesel/Gas,Training,Rental,"
10165,Industrial/Commercial Sales & Service,00010001731002,Authorized Services Of New England, 410 Forest Street,,Marlborough,MA ,01752,USA,www.asne.com,888-890-9886,"Financing,Sales,Service,Up To 2MW,Mobile/Diesel/Gas,Training,Rental,"
10165,Industrial/Commercial Sales & Service,00010008091002,MODERN HANDLING EQUIP, 75 NEW STREET,,EDISON,NJ ,08837,USA,www.moderngroup.com,800-779-5116,"Sales,Service,Up To 2MW,Mobile/Diesel/Gas,"
10165,Industrial/Commercial Sales & Service,00010208021002,Modern Group Power Systems, 6352 Chapmans Rd,,Allentown,PA ,18106,USA,,800-404-7291,"Sales,Service,Up To 2MW,Mobile/Diesel/Gas,"
10165,Industrial/Commercial Sales & Service,00010208021002,Modern Group Power Systems, 200 Allied Parkway,,West Berlin,NJ ,08091,USA,,800-404-7291,"Sales,Service,Up To 2MW,Mobile/Diesel/Gas,"
10165,Industrial/Commercial Sales & Service,00010208021002,Modern Group Power Systems, 295 New Commerce Blvd.,,Wilkes Barre,PA ,18706,USA,,800-404-7291,"Sales,Service,Up To 2MW,Mobile/Diesel/Gas,"
10165,Industrial/Commercial Sales & Service,00010208021002,Modern Group Power Systems, 66A South Gate Blvd.,,New Castle,DE ,19720,USA,,800-404-7291,"Sales,Service,Up To 2MW,Mobile/Diesel/Gas,"
10165,Industrial/Commercial Sales & Service,00010000931002,"EMERGENCY POWER SYSTEMS, LLC", 35 HAMILTON LANE,,GLENMONT,NY ,12077,USA,,800-914-1465,"Service,Up To 2MW,Mobile/Diesel/Gas,"
10165,Industrial/Commercial Sales & Service,00010000931002,"EMERGENCY POWER SYSTEMS, LLC", 35 HAMILTON LANE,,GLENMONT,NY ,12077,USA,,800-914-1465,"Service,"
10165,Industrial/Commercial Sales & Service,00010208021002,Modern Group Power Systems, 3480 Board Road,,York,PA ,17402,USA,,800-404-7291,"Sales,Service,Up To 2MW,Mobile/Diesel/Gas,"
10165,Industrial/Commercial Sales & Service,00010001731002,AUTHORIZED SERVICES OF NEW ENGLAND, 410 FOREST STREET,,MARLBOROUGH,MA ,01752,USA,,888-890-9886,"Sales,"
10165,Industrial/Commercial Sales & Service,00010001691002,Kelly Generator & Equipment, 1955 Dale Ln,,Owings,MD ,20736,USA,www.kge.com,410-257-5225,"Sales,Service,Up To 2MW,Mobile/Diesel/Gas,Training,Rental,"
10165,Industrial/Commercial Sales & Service,00010001761002,"GENSERVE, INC.", 100 NEWTOWN RD,,PLAINVIEW,NY ,11803,USA,www.genserveinc.com,631-435-0437,"Service,"
10165,Industrial/Commercial Sales & Service,00111209521002,LONG ISLAND EMERGENCY POWER -QO, 2 Ocean Avenue,,DEER PARK,NY ,11729,USA,,631-586-7513,"Sales,"
10165,Industrial/Commercial Sales & Service,00010139211002,POWERPRO SERVICE CO. INC., 608 JOHNSON AVE. UNIT 6,,BOHEMIA,NY ,11716,USA,,631-567-2700,"Sales,Service,Up To 600kW,Mobile/Diesel/Gas,"
10165,Industrial/Commercial Sales & Service,00010134071002,PEAK POWER SYSTEMS, 99 SPRAGUE AVENUE,,MIDDLETOWN,NY ,10940,USA,www.peakpowersystems.com,845-344-1975,"Sales,Service,Up To 600kW,Mobile/Diesel/Gas,Rental,"
10165,Industrial/Commercial Sales & Service,00111209531002,HUNTINGTON POWER - LONG ISLAND, PO BOX 2040,,SHELTON,CT ,06484,USA,,631-586-7513,"Sales,"
10165,Industrial/Commercial Sales & Service,00010001761002,"GENSERVE, INC.", 115A TWINBRIDGE DR.,,PENNSAUKEN,NJ ,08110,USA,www.genserveinc.com,856-324-0459,"Service,"
10165,Industrial/Commercial Sales & Service,00111184131002,HUNTER & LOMISON, 1956 W FOURTH ST,,WILLIAMSPORT,PA ,17701,USA,www.hunterlomison.com,570-326-1764,"Sales,Service,Up To 600kW,Mobile/Diesel/Gas,Rental,"
10165,Industrial/Commercial Sales & Service,00010000881002,HUNTER & LOMISON INC., 1956 W. 4TH STREET,,WILLIAMSPORT,PA ,17701,USA,www.hunterlomison.com,570-326-1764,"Service,Up To 600kW,Mobile/Diesel/Gas,"
10165,Industrial/Commercial Sales & Service,00010001621002,BROOKFIELD SERVICE, 708 GLEBE ROAD,,WESTMORELAND,NH ,03467,USA,www.brookfieldservice.com,802-485-6567,"Service,Up To 600kW,Mobile/Diesel/Gas,"
10165,Industrial/Commercial Sales & Service,00010021101002,SOUTH SHORE GENERATOR INC-Quote, 2696A CRANBERRY HWY,,WAREHAM,MA ,02571,USA,,508-295-7336,"Sales,Service,Up To 600kW,Mobile/Diesel/Gas,"
10165,Industrial/Commercial Sales & Service,00010001701002,SOUTH SHORE GENERATOR INC, ,,EAST WAREHAM,MA ,02538,USA,,508-295-7336,"Financing,Sales,Service,Up To 600kW,Mobile/Diesel/Gas,"
10165,Industrial/Commercial Sales & Service,00111207431002,WARSHAUER ELECTRIC SUPPLY CO INC, 800 SHREWSBURY AVE,,TINTON FALLS,NJ ,07724,USA,www.warshauer.com,732-741-6400,"Service,"
10165,Industrial/Commercial Sales & Service,00010157021002,Mechanical Service Co, 1145 Oak St.,,Pittston,PA ,18640,USA,,570-654-2445,"Service,"
10166,Industrial/Commercial Sales & Service,00010214161002,"R.L. KISTLER, INC.", 35 HAMILTON LANE,,GLENMONT,NY ,12077,USA,,585-436-1940,"Sales,Service,"
10166,Industrial/Commercial Sales & Service,00010001611002,Huntington Power, 230 Long Hill Cross Rd,,Shelton,CT ,06484,USA,www.huntingtonpower.com,203-929-3203,"Sales,Service,Up To 2MW,Mobile/Diesel/Gas,Training,Rental,"
10166,Industrial/Commercial Sales & Service,00010214161002,"R.L. Kistler, Inc", 300 Mile Crossing Blvd.,,Rochester,NY ,14624,USA,rlkistler.com,585-436-1940,"Sales,"
10166,Industrial/Commercial Sales & Service,00010214161002,"R.L. Kistler, Inc", 5615 Business Ave.,,N. Syracuse,NY ,13208,USA,,315-458-2875,"Sales,"
10166,Industrial/Commercial Sales & Service,00010001611002,Huntington Power, 68 Enter Ln,,Islandia,NY ,11749,USA,,631-563-4943,"Sales,Service,Up To 2MW,Mobile/Diesel/Gas,"
10166,Industrial/Commercial Sales & Service,00010001611002,Huntington Power, 34 E DUDLEY TOWN RD.,,BLOOMFIELD,CT ,06002,USA,,860-289-8790,"Sales,Service,Rental,"
10166,Industrial/Commercial Sales & Service,00010214161002,"R.L. Kistler, Inc", 5615 Business Ave.,,N. Syracuse,NY ,13208,USA,,315-458-2875,"Sales,"
10166,Industrial/Commercial Sales & Service,00010208021002,Modern Group Power Systems, 2501 Durham Road,,Bristol,PA ,19007,USA,www.moderngroup.com,800-404-7291,"Sales,Service,Up To 2MW,Mobile/Diesel/Gas,Training,Rental,"
10166,Industrial/Commercial Sales & Service,00010001731002,Authorized Services Of New England, 410 Forest Street,,Marlborough,MA ,01752,USA,www.asne.com,888-890-9886,"Financing,Sales,Service,Up To 2MW,Mobile/Diesel/Gas,Training,Rental,"
10166,Industrial/Commercial Sales & Service,00010008091002,MODERN HANDLING EQUIP, 75 NEW STREET,,EDISON,NJ ,08837,USA,www.moderngroup.com,800-779-5116,"Sales,Service,Up To 2MW,Mobile/Diesel/Gas,"
10166,Industrial/Commercial Sales & Service,00010208021002,Modern Group Power Systems, 6352 Chapmans Rd,,Allentown,PA ,18106,USA,,800-404-7291,"Sales,Service,Up To 2MW,Mobile/Diesel/Gas,"
10166,Industrial/Commercial Sales & Service,00010208021002,Modern Group Power Systems, 200 Allied Parkway,,West Berlin,NJ ,08091,USA,,800-404-7291,"Sales,Service,Up To 2MW,Mobile/Diesel/Gas,"
10166,Industrial/Commercial Sales & Service,00010208021002,Modern Group Power Systems, 295 New Commerce Blvd.,,Wilkes Barre,PA ,18706,USA,,800-404-7291,"Sales,Service,Up To 2MW,Mobile/Diesel/Gas,"
10166,Industrial/Commercial Sales & Service,00010208021002,Modern Group Power Systems, 66A South Gate Blvd.,,New Castle,DE ,19720,USA,,800-404-7291,"Sales,Service,Up To 2MW,Mobile/Diesel/Gas,"
10166,Industrial/Commercial Sales & Service,00010000931002,"EMERGENCY POWER SYSTEMS, LLC", 35 HAMILTON LANE,,GLENMONT,NY ,12077,USA,,800-914-1465,"Service,Up To 2MW,Mobile/Diesel/Gas,"
10166,Industrial/Commercial Sales & Service,00010000931002,"EMERGENCY POWER SYSTEMS, LLC", 35 HAMILTON LANE,,GLENMONT,NY ,12077,USA,,800-914-1465,"Service,"
10166,Industrial/Commercial Sales & Service,00010208021002,Modern Group Power Systems, 3480 Board Road,,York,PA ,17402,USA,,800-404-7291,"Sales,Service,Up To 2MW,Mobile/Diesel/Gas,"
10166,Industrial/Commercial Sales & Service,00010001731002,AUTHORIZED SERVICES OF NEW ENGLAND, 410 FOREST STREET,,MARLBOROUGH,MA ,01752,USA,,888-890-9886,"Sales,"
10166,Industrial/Commercial Sales & Service,00010001691002,Kelly Generator & Equipment, 1955 Dale Ln,,Owings,MD ,20736,USA,www.kge.com,410-257-5225,"Sales,Service,Up To 2MW,Mobile/Diesel/Gas,Training,Rental,"
10166,Industrial/Commercial Sales & Service,00010001761002,"GENSERVE, INC.", 100 NEWTOWN RD,,PLAINVIEW,NY ,11803,USA,www.genserveinc.com,631-435-0437,"Service,"
10166,Industrial/Commercial Sales & Service,00111209521002,LONG ISLAND EMERGENCY POWER -QO, 2 Ocean Avenue,,DEER PARK,NY ,11729,USA,,631-586-7513,"Sales,"
10166,Industrial/Commercial Sales & Service,00010139211002,POWERPRO SERVICE CO. INC., 608 JOHNSON AVE. UNIT 6,,BOHEMIA,NY ,11716,USA,,631-567-2700,"Sales,Service,Up To 600kW,Mobile/Diesel/Gas,"
10166,Industrial/Commercial Sales & Service,00010134071002,PEAK POWER SYSTEMS, 99 SPRAGUE AVENUE,,MIDDLETOWN,NY ,10940,USA,www.peakpowersystems.com,845-344-1975,"Sales,Service,Up To 600kW,Mobile/Diesel/Gas,Rental,"
10166,Industrial/Commercial Sales & Service,00111209531002,HUNTINGTON POWER - LONG ISLAND, PO BOX 2040,,SHELTON,CT ,06484,USA,,631-586-7513,"Sales,"
10166,Industrial/Commercial Sales & Service,00010001761002,"GENSERVE, INC.", 115A TWINBRIDGE DR.,,PENNSAUKEN,NJ ,08110,USA,www.genserveinc.com,856-324-0459,"Service,"
10166,Industrial/Commercial Sales & Service,00111184131002,HUNTER & LOMISON, 1956 W FOURTH ST,,WILLIAMSPORT,PA ,17701,USA,www.hunterlomison.com,570-326-1764,"Sales,Service,Up To 600kW,Mobile/Diesel/Gas,Rental,"
10166,Industrial/Commercial Sales & Service,00010000881002,HUNTER & LOMISON INC., 1956 W. 4TH STREET,,WILLIAMSPORT,PA ,17701,USA,www.hunterlomison.com,570-326-1764,"Service,Up To 600kW,Mobile/Diesel/Gas,"
10166,Industrial/Commercial Sales & Service,00010001621002,BROOKFIELD SERVICE, 708 GLEBE ROAD,,WESTMORELAND,NH ,03467,USA,www.brookfieldservice.com,802-485-6567,"Service,Up To 600kW,Mobile/Diesel/Gas,"
10166,Industrial/Commercial Sales & Service,00010021101002,SOUTH SHORE GENERATOR INC-Quote, 2696A CRANBERRY HWY,,WAREHAM,MA ,02571,USA,,508-295-7336,"Sales,Service,Up To 600kW,Mobile/Diesel/Gas,"
10166,Industrial/Commercial Sales & Service,00010001701002,SOUTH SHORE GENERATOR INC, ,,EAST WAREHAM,MA ,02538,USA,,508-295-7336,"Financing,Sales,Service,Up To 600kW,Mobile/Diesel/Gas,"
10166,Industrial/Commercial Sales & Service,00111207431002,WARSHAUER ELECTRIC SUPPLY CO INC, 800 SHREWSBURY AVE,,TINTON FALLS,NJ ,07724,USA,www.warshauer.com,732-741-6400,"Service,"
10166,Industrial/Commercial Sales & Service,00010157021002,Mechanical Service Co, 1145 Oak St.,,Pittston,PA ,18640,USA,,570-654-2445,"Service,"
10167,Industrial/Commercial Sales & Service,00010214161002,"R.L. Kistler, Inc", 300 Mile Crossing Blvd.,,Rochester,NY ,14624,USA,rlkistler.com,585-436-1940,"Sales,"
10167,Industrial/Commercial Sales & Service,00010214161002,"R.L. KISTLER, INC.", 35 HAMILTON LANE,,GLENMONT,NY ,12077,USA,,585-436-1940,"Sales,Service,"
10167,Industrial/Commercial Sales & Service,00010001611002,Huntington Power, 230 Long Hill Cross Rd,,Shelton,CT ,06484,USA,www.huntingtonpower.com,203-929-3203,"Sales,Service,Up To 2MW,Mobile/Diesel/Gas,Training,Rental,"
10167,Industrial/Commercial Sales & Service,00010214161002,"R.L. Kistler, Inc", 5615 Business Ave.,,N. Syracuse,NY ,13208,USA,,315-458-2875,"Sales,"
10167,Industrial/Commercial Sales & Service,00010214161002,"R.L. Kistler, Inc", 5615 Business Ave.,,N. Syracuse,NY ,13208,USA,,315-458-2875,"Sales,"
10167,Industrial/Commercial Sales & Service,00010001611002,Huntington Power, 68 Enter Ln,,Islandia,NY ,11749,USA,,631-563-4943,"Sales,Service,Up To 2MW,Mobile/Diesel/Gas,"
10167,Industrial/Commercial Sales & Service,00010001611002,Huntington Power, 34 E DUDLEY TOWN RD.,,BLOOMFIELD,CT ,06002,USA,,860-289-8790,"Sales,Service,Rental,"
10167,Industrial/Commercial Sales & Service,00010208021002,Modern Group Power Systems, 2501 Durham Road,,Bristol,PA ,19007,USA,www.moderngroup.com,800-404-7291,"Sales,Service,Up To 2MW,Mobile/Diesel/Gas,Training,Rental,"
10167,Industrial/Commercial Sales & Service,00010001731002,Authorized Services Of New England, 410 Forest Street,,Marlborough,MA ,01752,USA,www.asne.com,888-890-9886,"Financing,Sales,Service,Up To 2MW,Mobile/Diesel/Gas,Training,Rental,"
10167,Industrial/Commercial Sales & Service,00010008091002,MODERN HANDLING EQUIP, 75 NEW STREET,,EDISON,NJ ,08837,USA,www.moderngroup.com,800-779-5116,"Sales,Service,Up To 2MW,Mobile/Diesel/Gas,"
10167,Industrial/Commercial Sales & Service,00010208021002,Modern Group Power Systems, 6352 Chapmans Rd,,Allentown,PA ,18106,USA,,800-404-7291,"Sales,Service,Up To 2MW,Mobile/Diesel/Gas,"
10167,Industrial/Commercial Sales & Service,00010208021002,Modern Group Power Systems, 200 Allied Parkway,,West Berlin,NJ ,08091,USA,,800-404-7291,"Sales,Service,Up To 2MW,Mobile/Diesel/Gas,"
10167,Industrial/Commercial Sales & Service,00010208021002,Modern Group Power Systems, 295 New Commerce Blvd.,,Wilkes Barre,PA ,18706,USA,,800-404-7291,"Sales,Service,Up To 2MW,Mobile/Diesel/Gas,"
10167,Industrial/Commercial Sales & Service,00010208021002,Modern Group Power Systems, 66A South Gate Blvd.,,New Castle,DE ,19720,USA,,800-404-7291,"Sales,Service,Up To 2MW,Mobile/Diesel/Gas,"
10167,Industrial/Commercial Sales & Service,00010000931002,"EMERGENCY POWER SYSTEMS, LLC", 35 HAMILTON LANE,,GLENMONT,NY ,12077,USA,,800-914-1465,"Service,Up To 2MW,Mobile/Diesel/Gas,"
10167,Industrial/Commercial Sales & Service,00010000931002,"EMERGENCY POWER SYSTEMS, LLC", 35 HAMILTON LANE,,GLENMONT,NY ,12077,USA,,800-914-1465,"Service,"
10167,Industrial/Commercial Sales & Service,00010208021002,Modern Group Power Systems, 3480 Board Road,,York,PA ,17402,USA,,800-404-7291,"Sales,Service,Up To 2MW,Mobile/Diesel/Gas,"
10167,Industrial/Commercial Sales & Service,00010001731002,AUTHORIZED SERVICES OF NEW ENGLAND, 410 FOREST STREET,,MARLBOROUGH,MA ,01752,USA,,888-890-9886,"Sales,"
10167,Industrial/Commercial Sales & Service,00010001691002,Kelly Generator & Equipment, 1955 Dale Ln,,Owings,MD ,20736,USA,www.kge.com,410-257-5225,"Sales,Service,Up To 2MW,Mobile/Diesel/Gas,Training,Rental,"
10167,Industrial/Commercial Sales & Service,00010001761002,"GENSERVE, INC.", 100 NEWTOWN RD,,PLAINVIEW,NY ,11803,USA,www.genserveinc.com,631-435-0437,"Service,"
10167,Industrial/Commercial Sales & Service,00111209521002,LONG ISLAND EMERGENCY POWER -QO, 2 Ocean Avenue,,DEER PARK,NY ,11729,USA,,631-586-7513,"Sales,"
10167,Industrial/Commercial Sales & Service,00010139211002,POWERPRO SERVICE CO. INC., 608 JOHNSON AVE. UNIT 6,,BOHEMIA,NY ,11716,USA,,631-567-2700,"Sales,Service,Up To 600kW,Mobile/Diesel/Gas,"
10167,Industrial/Commercial Sales & Service,00010134071002,PEAK POWER SYSTEMS, 99 SPRAGUE AVENUE,,MIDDLETOWN,NY ,10940,USA,www.peakpowersystems.com,845-344-1975,"Sales,Service,Up To 600kW,Mobile/Diesel/Gas,Rental,"
10167,Industrial/Commercial Sales & Service,00111209531002,HUNTINGTON POWER - LONG ISLAND, PO BOX 2040,,SHELTON,CT ,06484,USA,,631-586-7513,"Sales,"
10167,Industrial/Commercial Sales & Service,00010001761002,"GENSERVE, INC.", 115A TWINBRIDGE DR.,,PENNSAUKEN,NJ ,08110,USA,www.genserveinc.com,856-324-0459,"Service,"
10167,Industrial/Commercial Sales & Service,00111184131002,HUNTER & LOMISON, 1956 W FOURTH ST,,WILLIAMSPORT,PA ,17701,USA,www.hunterlomison.com,570-326-1764,"Sales,Service,Up To 600kW,Mobile/Diesel/Gas,Rental,"
10167,Industrial/Commercial Sales & Service,00010000881002,HUNTER & LOMISON INC., 1956 W. 4TH STREET,,WILLIAMSPORT,PA ,17701,USA,www.hunterlomison.com,570-326-1764,"Service,Up To 600kW,Mobile/Diesel/Gas,"
10167,Industrial/Commercial Sales & Service,00010001621002,BROOKFIELD SERVICE, 708 GLEBE ROAD,,WESTMORELAND,NH ,03467,USA,www.brookfieldservice.com,802-485-6567,"Service,Up To 600kW,Mobile/Diesel/Gas,"
10167,Industrial/Commercial Sales & Service,00010021101002,SOUTH SHORE GENERATOR INC-Quote, 2696A CRANBERRY HWY,,WAREHAM,MA ,02571,USA,,508-295-7336,"Sales,Service,Up To 600kW,Mobile/Diesel/Gas,"
10167,Industrial/Commercial Sales & Service,00010001701002,SOUTH SHORE GENERATOR INC, ,,EAST WAREHAM,MA ,02538,USA,,508-295-7336,"Financing,Sales,Service,Up To 600kW,Mobile/Diesel/Gas,"
10167,Industrial/Commercial Sales & Service,00111207431002,WARSHAUER ELECTRIC SUPPLY CO INC, 800 SHREWSBURY AVE,,TINTON FALLS,NJ ,07724,USA,www.warshauer.com,732-741-6400,"Service,"
10167,Industrial/Commercial Sales & Service,00010157021002,Mechanical Service Co, 1145 Oak St.,,Pittston,PA ,18640,USA,,570-654-2445,"Service,"
10168,Industrial/Commercial Sales & Service,00010214161002,"R.L. Kistler, Inc", 300 Mile Crossing Blvd.,,Rochester,NY ,14624,USA,rlkistler.com,585-436-1940,"Sales,"
10168,Industrial/Commercial Sales & Service,00010214161002,"R.L. KISTLER, INC.", 35 HAMILTON LANE,,GLENMONT,NY ,12077,USA,,585-436-1940,"Sales,Service,"
10168,Industrial/Commercial Sales & Service,00010001611002,Huntington Power, 230 Long Hill Cross Rd,,Shelton,CT ,06484,USA,www.huntingtonpower.com,203-929-3203,"Sales,Service,Up To 2MW,Mobile/Diesel/Gas,Training,Rental,"
10168,Industrial/Commercial Sales & Service,00010214161002,"R.L. Kistler, Inc", 5615 Business Ave.,,N. Syracuse,NY ,13208,USA,,315-458-2875,"Sales,"
10168,Industrial/Commercial Sales & Service,00010214161002,"R.L. Kistler, Inc", 5615 Business Ave.,,N. Syracuse,NY ,13208,USA,,315-458-2875,"Sales,"
10168,Industrial/Commercial Sales & Service,00010001611002,Huntington Power, 68 Enter Ln,,Islandia,NY ,11749,USA,,631-563-4943,"Sales,Service,Up To 2MW,Mobile/Diesel/Gas,"
10168,Industrial/Commercial Sales & Service,00010001611002,Huntington Power, 34 E DUDLEY TOWN RD.,,BLOOMFIELD,CT ,06002,USA,,860-289-8790,"Sales,Service,Rental,"
10168,Industrial/Commercial Sales & Service,00010208021002,Modern Group Power Systems, 2501 Durham Road,,Bristol,PA ,19007,USA,www.moderngroup.com,800-404-7291,"Sales,Service,Up To 2MW,Mobile/Diesel/Gas,Training,Rental,"
10168,Industrial/Commercial Sales & Service,00010001731002,Authorized Services Of New England, 410 Forest Street,,Marlborough,MA ,01752,USA,www.asne.com,888-890-9886,"Financing,Sales,Service,Up To 2MW,Mobile/Diesel/Gas,Training,Rental,"
10168,Industrial/Commercial Sales & Service,00010008091002,MODERN HANDLING EQUIP, 75 NEW STREET,,EDISON,NJ ,08837,USA,www.moderngroup.com,800-779-5116,"Sales,Service,Up To 2MW,Mobile/Diesel/Gas,"
10168,Industrial/Commercial Sales & Service,00010208021002,Modern Group Power Systems, 6352 Chapmans Rd,,Allentown,PA ,18106,USA,,800-404-7291,"Sales,Service,Up To 2MW,Mobile/Diesel/Gas,"
10168,Industrial/Commercial Sales & Service,00010208021002,Modern Group Power Systems, 200 Allied Parkway,,West Berlin,NJ ,08091,USA,,800-404-7291,"Sales,Service,Up To 2MW,Mobile/Diesel/Gas,"
10168,Industrial/Commercial Sales & Service,00010208021002,Modern Group Power Systems, 295 New Commerce Blvd.,,Wilkes Barre,PA ,18706,USA,,800-404-7291,"Sales,Service,Up To 2MW,Mobile/Diesel/Gas,"
10168,Industrial/Commercial Sales & Service,00010208021002,Modern Group Power Systems, 66A South Gate Blvd.,,New Castle,DE ,19720,USA,,800-404-7291,"Sales,Service,Up To 2MW,Mobile/Diesel/Gas,"
10168,Industrial/Commercial Sales & Service,00010000931002,"EMERGENCY POWER SYSTEMS, LLC", 35 HAMILTON LANE,,GLENMONT,NY ,12077,USA,,800-914-1465,"Service,Up To 2MW,Mobile/Diesel/Gas,"
10168,Industrial/Commercial Sales & Service,00010000931002,"EMERGENCY POWER SYSTEMS, LLC", 35 HAMILTON LANE,,GLENMONT,NY ,12077,USA,,800-914-1465,"Service,"
10168,Industrial/Commercial Sales & Service,00010208021002,Modern Group Power Systems, 3480 Board Road,,York,PA ,17402,USA,,800-404-7291,"Sales,Service,Up To 2MW,Mobile/Diesel/Gas,"
10168,Industrial/Commercial Sales & Service,00010001731002,AUTHORIZED SERVICES OF NEW ENGLAND, 410 FOREST STREET,,MARLBOROUGH,MA ,01752,USA,,888-890-9886,"Sales,"
10168,Industrial/Commercial Sales & Service,00010001691002,Kelly Generator & Equipment, 1955 Dale Ln,,Owings,MD ,20736,USA,www.kge.com,410-257-5225,"Sales,Service,Up To 2MW,Mobile/Diesel/Gas,Training,Rental,"
10168,Industrial/Commercial Sales & Service,00010001761002,"GENSERVE, INC.", 100 NEWTOWN RD,,PLAINVIEW,NY ,11803,USA,www.genserveinc.com,631-435-0437,"Service,"
10168,Industrial/Commercial Sales & Service,00111209521002,LONG ISLAND EMERGENCY POWER -QO, 2 Ocean Avenue,,DEER PARK,NY ,11729,USA,,631-586-7513,"Sales,"
10168,Industrial/Commercial Sales & Service,00010139211002,POWERPRO SERVICE CO. INC., 608 JOHNSON AVE. UNIT 6,,BOHEMIA,NY ,11716,USA,,631-567-2700,"Sales,Service,Up To 600kW,Mobile/Diesel/Gas,"
10168,Industrial/Commercial Sales & Service,00010134071002,PEAK POWER SYSTEMS, 99 SPRAGUE AVENUE,,MIDDLETOWN,NY ,10940,USA,www.peakpowersystems.com,845-344-1975,"Sales,Service,Up To 600kW,Mobile/Diesel/Gas,Rental,"
10168,Industrial/Commercial Sales & Service,00111209531002,HUNTINGTON POWER - LONG ISLAND, PO BOX 2040,,SHELTON,CT ,06484,USA,,631-586-7513,"Sales,"
10168,Industrial/Commercial Sales & Service,00010001761002,"GENSERVE, INC.", 115A TWINBRIDGE DR.,,PENNSAUKEN,NJ ,08110,USA,www.genserveinc.com,856-324-0459,"Service,"
10168,Industrial/Commercial Sales & Service,00111184131002,HUNTER & LOMISON, 1956 W FOURTH ST,,WILLIAMSPORT,PA ,17701,USA,www.hunterlomison.com,570-326-1764,"Sales,Service,Up To 600kW,Mobile/Diesel/Gas,Rental,"
10168,Industrial/Commercial Sales & Service,00010000881002,HUNTER & LOMISON INC., 1956 W. 4TH STREET,,WILLIAMSPORT,PA ,17701,USA,www.hunterlomison.com,570-326-1764,"Service,Up To 600kW,Mobile/Diesel/Gas,"
10168,Industrial/Commercial Sales & Service,00010001621002,BROOKFIELD SERVICE, 708 GLEBE ROAD,,WESTMORELAND,NH ,03467,USA,www.brookfieldservice.com,802-485-6567,"Service,Up To 600kW,Mobile/Diesel/Gas,"
10168,Industrial/Commercial Sales & Service,00010021101002,SOUTH SHORE GENERATOR INC-Quote, 2696A CRANBERRY HWY,,WAREHAM,MA ,02571,USA,,508-295-7336,"Sales,Service,Up To 600kW,Mobile/Diesel/Gas,"
10168,Industrial/Commercial Sales & Service,00010001701002,SOUTH SHORE GENERATOR INC, ,,EAST WAREHAM,MA ,02538,USA,,508-295-7336,"Financing,Sales,Service,Up To 600kW,Mobile/Diesel/Gas,"
10168,Industrial/Commercial Sales & Service,00111207431002,WARSHAUER ELECTRIC SUPPLY CO INC, 800 SHREWSBURY AVE,,TINTON FALLS,NJ ,07724,USA,www.warshauer.com,732-741-6400,"Service,"
10168,Industrial/Commercial Sales & Service,00010157021002,Mechanical Service Co, 1145 Oak St.,,Pittston,PA ,18640,USA,,570-654-2445,"Service,"
10169,Industrial/Commercial Sales & Service,00010001611002,Huntington Power, 230 Long Hill Cross Rd,,Shelton,CT ,06484,USA,www.huntingtonpower.com,203-929-3203,"Sales,Service,Up To 2MW,Mobile/Diesel/Gas,Training,Rental,"
10169,Industrial/Commercial Sales & Service,00010214161002,"R.L. Kistler, Inc", 300 Mile Crossing Blvd.,,Rochester,NY ,14624,USA,rlkistler.com,585-436-1940,"Sales,"
10169,Industrial/Commercial Sales & Service,00010214161002,"R.L. KISTLER, INC.", 35 HAMILTON LANE,,GLENMONT,NY ,12077,USA,,585-436-1940,"Sales,Service,"
10169,Industrial/Commercial Sales & Service,00010001611002,Huntington Power, 68 Enter Ln,,Islandia,NY ,11749,USA,,631-563-4943,"Sales,Service,Up To 2MW,Mobile/Diesel/Gas,"
10169,Industrial/Commercial Sales & Service,00010001611002,Huntington Power, 34 E DUDLEY TOWN RD.,,BLOOMFIELD,CT ,06002,USA,,860-289-8790,"Sales,Service,Rental,"
10169,Industrial/Commercial Sales & Service,00010214161002,"R.L. Kistler, Inc", 5615 Business Ave.,,N. Syracuse,NY ,13208,USA,,315-458-2875,"Sales,"
10169,Industrial/Commercial Sales & Service,00010214161002,"R.L. Kistler, Inc", 5615 Business Ave.,,N. Syracuse,NY ,13208,USA,,315-458-2875,"Sales,"
10169,Industrial/Commercial Sales & Service,00010208021002,Modern Group Power Systems, 2501 Durham Road,,Bristol,PA ,19007,USA,www.moderngroup.com,800-404-7291,"Sales,Service,Up To 2MW,Mobile/Diesel/Gas,Training,Rental,"
10169,Industrial/Commercial Sales & Service,00010001731002,Authorized Services Of New England, 410 Forest Street,,Marlborough,MA ,01752,USA,www.asne.com,888-890-9886,"Financing,Sales,Service,Up To 2MW,Mobile/Diesel/Gas,Training,Rental,"
10169,Industrial/Commercial Sales & Service,00010008091002,MODERN HANDLING EQUIP, 75 NEW STREET,,EDISON,NJ ,08837,USA,www.moderngroup.com,800-779-5116,"Sales,Service,Up To 2MW,Mobile/Diesel/Gas,"
10169,Industrial/Commercial Sales & Service,00010208021002,Modern Group Power Systems, 6352 Chapmans Rd,,Allentown,PA ,18106,USA,,800-404-7291,"Sales,Service,Up To 2MW,Mobile/Diesel/Gas,"
10169,Industrial/Commercial Sales & Service,00010208021002,Modern Group Power Systems, 200 Allied Parkway,,West Berlin,NJ ,08091,USA,,800-404-7291,"Sales,Service,Up To 2MW,Mobile/Diesel/Gas,"
10169,Industrial/Commercial Sales & Service,00010208021002,Modern Group Power Systems, 295 New Commerce Blvd.,,Wilkes Barre,PA ,18706,USA,,800-404-7291,"Sales,Service,Up To 2MW,Mobile/Diesel/Gas,"
10169,Industrial/Commercial Sales & Service,00010208021002,Modern Group Power Systems, 66A South Gate Blvd.,,New Castle,DE ,19720,USA,,800-404-7291,"Sales,Service,Up To 2MW,Mobile/Diesel/Gas,"
10169,Industrial/Commercial Sales & Service,00010000931002,"EMERGENCY POWER SYSTEMS, LLC", 35 HAMILTON LANE,,GLENMONT,NY ,12077,USA,,800-914-1465,"Service,Up To 2MW,Mobile/Diesel/Gas,"
10169,Industrial/Commercial Sales & Service,00010000931002,"EMERGENCY POWER SYSTEMS, LLC", 35 HAMILTON LANE,,GLENMONT,NY ,12077,USA,,800-914-1465,"Service,"
10169,Industrial/Commercial Sales & Service,00010208021002,Modern Group Power Systems, 3480 Board Road,,York,PA ,17402,USA,,800-404-7291,"Sales,Service,Up To 2MW,Mobile/Diesel/Gas,"
10169,Industrial/Commercial Sales & Service,00010001731002,AUTHORIZED SERVICES OF NEW ENGLAND, 410 FOREST STREET,,MARLBOROUGH,MA ,01752,USA,,888-890-9886,"Sales,"
10169,Industrial/Commercial Sales & Service,00010001761002,"GENSERVE, INC.", 100 NEWTOWN RD,,PLAINVIEW,NY ,11803,USA,www.genserveinc.com,631-435-0437,"Service,"
10169,Industrial/Commercial Sales & Service,00111209521002,LONG ISLAND EMERGENCY POWER -QO, 2 Ocean Avenue,,DEER PARK,NY ,11729,USA,,631-586-7513,"Sales,"
10169,Industrial/Commercial Sales & Service,00010139211002,POWERPRO SERVICE CO. INC., 608 JOHNSON AVE. UNIT 6,,BOHEMIA,NY ,11716,USA,,631-567-2700,"Sales,Service,Up To 600kW,Mobile/Diesel/Gas,"
10169,Industrial/Commercial Sales & Service,00010134071002,PEAK POWER SYSTEMS, 99 SPRAGUE AVENUE,,MIDDLETOWN,NY ,10940,USA,www.peakpowersystems.com,845-344-1975,"Sales,Service,Up To 600kW,Mobile/Diesel/Gas,Rental,"
10169,Industrial/Commercial Sales & Service,00111209531002,HUNTINGTON POWER - LONG ISLAND, PO BOX 2040,,SHELTON,CT ,06484,USA,,631-586-7513,"Sales,"
10169,Industrial/Commercial Sales & Service,00010001761002,"GENSERVE, INC.", 115A TWINBRIDGE DR.,,PENNSAUKEN,NJ ,08110,USA,www.genserveinc.com,856-324-0459,"Service,"
10169,Industrial/Commercial Sales & Service,00111184131002,HUNTER & LOMISON, 1956 W FOURTH ST,,WILLIAMSPORT,PA ,17701,USA,www.hunterlomison.com,570-326-1764,"Sales,Service,Up To 600kW,Mobile/Diesel/Gas,Rental,"
10169,Industrial/Commercial Sales & Service,00010000881002,HUNTER & LOMISON INC., 1956 W. 4TH STREET,,WILLIAMSPORT,PA ,17701,USA,www.hunterlomison.com,570-326-1764,"Service,Up To 600kW,Mobile/Diesel/Gas,"
10169,Industrial/Commercial Sales & Service,00010001621002,BROOKFIELD SERVICE, 708 GLEBE ROAD,,WESTMORELAND,NH ,03467,USA,www.brookfieldservice.com,802-485-6567,"Service,Up To 600kW,Mobile/Diesel/Gas,"
10169,Industrial/Commercial Sales & Service,00010021101002,SOUTH SHORE GENERATOR INC-Quote, 2696A CRANBERRY HWY,,WAREHAM,MA ,02571,USA,,508-295-7336,"Sales,Service,Up To 600kW,Mobile/Diesel/Gas,"
10169,Industrial/Commercial Sales & Service,00010001701002,SOUTH SHORE GENERATOR INC, ,,EAST WAREHAM,MA ,02538,USA,,508-295-7336,"Financing,Sales,Service,Up To 600kW,Mobile/Diesel/Gas,"
10169,Industrial/Commercial Sales & Service,00111207431002,WARSHAUER ELECTRIC SUPPLY CO INC, 800 SHREWSBURY AVE,,TINTON FALLS,NJ ,07724,USA,www.warshauer.com,732-741-6400,"Service,"
10169,Industrial/Commercial Sales & Service,00010157021002,Mechanical Service Co, 1145 Oak St.,,Pittston,PA ,18640,USA,,570-654-2445,"Service,"
10170,Industrial/Commercial Sales & Service,00010001611002,Huntington Power, 230 Long Hill Cross Rd,,Shelton,CT ,06484,USA,www.huntingtonpower.com,203-929-3203,"Sales,Service,Up To 2MW,Mobile/Diesel/Gas,Training,Rental,"
10170,Industrial/Commercial Sales & Service,00010214161002,"R.L. Kistler, Inc", 300 Mile Crossing Blvd.,,Rochester,NY ,14624,USA,rlkistler.com,585-436-1940,"Sales,"
10170,Industrial/Commercial Sales & Service,00010214161002,"R.L. KISTLER, INC.", 35 HAMILTON LANE,,GLENMONT,NY ,12077,USA,,585-436-1940,"Sales,Service,"
10170,Industrial/Commercial Sales & Service,00010001611002,Huntington Power, 68 Enter Ln,,Islandia,NY ,11749,USA,,631-563-4943,"Sales,Service,Up To 2MW,Mobile/Diesel/Gas,"
10170,Industrial/Commercial Sales & Service,00010001611002,Huntington Power, 34 E DUDLEY TOWN RD.,,BLOOMFIELD,CT ,06002,USA,,860-289-8790,"Sales,Service,Rental,"
10170,Industrial/Commercial Sales & Service,00010214161002,"R.L. Kistler, Inc", 5615 Business Ave.,,N. Syracuse,NY ,13208,USA,,315-458-2875,"Sales,"
10170,Industrial/Commercial Sales & Service,00010214161002,"R.L. Kistler, Inc", 5615 Business Ave.,,N. Syracuse,NY ,13208,USA,,315-458-2875,"Sales,"
10170,Industrial/Commercial Sales & Service,00010208021002,Modern Group Power Systems, 2501 Durham Road,,Bristol,PA ,19007,USA,www.moderngroup.com,800-404-7291,"Sales,Service,Up To 2MW,Mobile/Diesel/Gas,Training,Rental,"
10170,Industrial/Commercial Sales & Service,00010001731002,Authorized Services Of New England, 410 Forest Street,,Marlborough,MA ,01752,USA,www.asne.com,888-890-9886,"Financing,Sales,Service,Up To 2MW,Mobile/Diesel/Gas,Training,Rental,"
10170,Industrial/Commercial Sales & Service,00010008091002,MODERN HANDLING EQUIP, 75 NEW STREET,,EDISON,NJ ,08837,USA,www.moderngroup.com,800-779-5116,"Sales,Service,Up To 2MW,Mobile/Diesel/Gas,"
10170,Industrial/Commercial Sales & Service,00010208021002,Modern Group Power Systems, 6352 Chapmans Rd,,Allentown,PA ,18106,USA,,800-404-7291,"Sales,Service,Up To 2MW,Mobile/Diesel/Gas,"
10170,Industrial/Commercial Sales & Service,00010208021002,Modern Group Power Systems, 200 Allied Parkway,,West Berlin,NJ ,08091,USA,,800-404-7291,"Sales,Service,Up To 2MW,Mobile/Diesel/Gas,"
10170,Industrial/Commercial Sales & Service,00010208021002,Modern Group Power Systems, 295 New Commerce Blvd.,,Wilkes Barre,PA ,18706,USA,,800-404-7291,"Sales,Service,Up To 2MW,Mobile/Diesel/Gas,"
10170,Industrial/Commercial Sales & Service,00010208021002,Modern Group Power Systems, 66A South Gate Blvd.,,New Castle,DE ,19720,USA,,800-404-7291,"Sales,Service,Up To 2MW,Mobile/Diesel/Gas,"
10170,Industrial/Commercial Sales & Service,00010000931002,"EMERGENCY POWER SYSTEMS, LLC", 35 HAMILTON LANE,,GLENMONT,NY ,12077,USA,,800-914-1465,"Service,Up To 2MW,Mobile/Diesel/Gas,"
10170,Industrial/Commercial Sales & Service,00010000931002,"EMERGENCY POWER SYSTEMS, LLC", 35 HAMILTON LANE,,GLENMONT,NY ,12077,USA,,800-914-1465,"Service,"
10170,Industrial/Commercial Sales & Service,00010208021002,Modern Group Power Systems, 3480 Board Road,,York,PA ,17402,USA,,800-404-7291,"Sales,Service,Up To 2MW,Mobile/Diesel/Gas,"
10170,Industrial/Commercial Sales & Service,00010001731002,AUTHORIZED SERVICES OF NEW ENGLAND, 410 FOREST STREET,,MARLBOROUGH,MA ,01752,USA,,888-890-9886,"Sales,"
10170,Industrial/Commercial Sales & Service,00010001691002,Kelly Generator & Equipment, 1955 Dale Ln,,Owings,MD ,20736,USA,www.kge.com,410-257-5225,"Sales,Service,Up To 2MW,Mobile/Diesel/Gas,Training,Rental,"
10170,Industrial/Commercial Sales & Service,00010001761002,"GENSERVE, INC.", 100 NEWTOWN RD,,PLAINVIEW,NY ,11803,USA,www.genserveinc.com,631-435-0437,"Service,"
10170,Industrial/Commercial Sales & Service,00111209521002,LONG ISLAND EMERGENCY POWER -QO, 2 Ocean Avenue,,DEER PARK,NY ,11729,USA,,631-586-7513,"Sales,"
10170,Industrial/Commercial Sales & Service,00010139211002,POWERPRO SERVICE CO. INC., 608 JOHNSON AVE. UNIT 6,,BOHEMIA,NY ,11716,USA,,631-567-2700,"Sales,Service,Up To 600kW,Mobile/Diesel/Gas,"
10170,Industrial/Commercial Sales & Service,00010134071002,PEAK POWER SYSTEMS, 99 SPRAGUE AVENUE,,MIDDLETOWN,NY ,10940,USA,www.peakpowersystems.com,845-344-1975,"Sales,Service,Up To 600kW,Mobile/Diesel/Gas,Rental,"
10170,Industrial/Commercial Sales & Service,00111209531002,HUNTINGTON POWER - LONG ISLAND, PO BOX 2040,,SHELTON,CT ,06484,USA,,631-586-7513,"Sales,"
10170,Industrial/Commercial Sales & Service,00010001761002,"GENSERVE, INC.", 115A TWINBRIDGE DR.,,PENNSAUKEN,NJ ,08110,USA,www.genserveinc.com,856-324-0459,"Service,"
10170,Industrial/Commercial Sales & Service,00111184131002,HUNTER & LOMISON, 1956 W FOURTH ST,,WILLIAMSPORT,PA ,17701,USA,www.hunterlomison.com,570-326-1764,"Sales,Service,Up To 600kW,Mobile/Diesel/Gas,Rental,"
10170,Industrial/Commercial Sales & Service,00010000881002,HUNTER & LOMISON INC., 1956 W. 4TH STREET,,WILLIAMSPORT,PA ,17701,USA,www.hunterlomison.com,570-326-1764,"Service,Up To 600kW,Mobile/Diesel/Gas,"
10170,Industrial/Commercial Sales & Service,00010001621002,BROOKFIELD SERVICE, 708 GLEBE ROAD,,WESTMORELAND,NH ,03467,USA,www.brookfieldservice.com,802-485-6567,"Service,Up To 600kW,Mobile/Diesel/Gas,"
10170,Industrial/Commercial Sales & Service,00010021101002,SOUTH SHORE GENERATOR INC-Quote, 2696A CRANBERRY HWY,,WAREHAM,MA ,02571,USA,,508-295-7336,"Sales,Service,Up To 600kW,Mobile/Diesel/Gas,"
10170,Industrial/Commercial Sales & Service,00010001701002,SOUTH SHORE GENERATOR INC, ,,EAST WAREHAM,MA ,02538,USA,,508-295-7336,"Financing,Sales,Service,Up To 600kW,Mobile/Diesel/Gas,"
10170,Industrial/Commercial Sales & Service,00111207431002,WARSHAUER ELECTRIC SUPPLY CO INC, 800 SHREWSBURY AVE,,TINTON FALLS,NJ ,07724,USA,www.warshauer.com,732-741-6400,"Service,"
10170,Industrial/Commercial Sales & Service,00010157021002,Mechanical Service Co, 1145 Oak St.,,Pittston,PA ,18640,USA,,570-654-2445,"Service,"
10171,Industrial/Commercial Sales & Service,00010214161002,"R.L. Kistler, Inc", 300 Mile Crossing Blvd.,,Rochester,NY ,14624,USA,rlkistler.com,585-436-1940,"Sales,"
10171,Industrial/Commercial Sales & Service,00010001611002,Huntington Power, 230 Long Hill Cross Rd,,Shelton,CT ,06484,USA,www.huntingtonpower.com,203-929-3203,"Sales,Service,Up To 2MW,Mobile/Diesel/Gas,Training,Rental,"
10171,Industrial/Commercial Sales & Service,00010214161002,"R.L. KISTLER, INC.", 35 HAMILTON LANE,,GLENMONT,NY ,12077,USA,,585-436-1940,"Sales,Service,"
10171,Industrial/Commercial Sales & Service,00010214161002,"R.L. Kistler, Inc", 5615 Business Ave.,,N. Syracuse,NY ,13208,USA,,315-458-2875,"Sales,"
10171,Industrial/Commercial Sales & Service,00010001611002,Huntington Power, 68 Enter Ln,,Islandia,NY ,11749,USA,,631-563-4943,"Sales,Service,Up To 2MW,Mobile/Diesel/Gas,"
10171,Industrial/Commercial Sales & Service,00010001611002,Huntington Power, 34 E DUDLEY TOWN RD.,,BLOOMFIELD,CT ,06002,USA,,860-289-8790,"Sales,Service,Rental,"
10171,Industrial/Commercial Sales & Service,00010214161002,"R.L. Kistler, Inc", 5615 Business Ave.,,N. Syracuse,NY ,13208,USA,,315-458-2875,"Sales,"
10171,Industrial/Commercial Sales & Service,00010208021002,Modern Group Power Systems, 2501 Durham Road,,Bristol,PA ,19007,USA,www.moderngroup.com,800-404-7291,"Sales,Service,Up To 2MW,Mobile/Diesel/Gas,Training,Rental,"
10171,Industrial/Commercial Sales & Service,00010001731002,Authorized Services Of New England, 410 Forest Street,,Marlborough,MA ,01752,USA,www.asne.com,888-890-9886,"Financing,Sales,Service,Up To 2MW,Mobile/Diesel/Gas,Training,Rental,"
10171,Industrial/Commercial Sales & Service,00010008091002,MODERN HANDLING EQUIP, 75 NEW STREET,,EDISON,NJ ,08837,USA,www.moderngroup.com,800-779-5116,"Sales,Service,Up To 2MW,Mobile/Diesel/Gas,"
10171,Industrial/Commercial Sales & Service,00010208021002,Modern Group Power Systems, 6352 Chapmans Rd,,Allentown,PA ,18106,USA,,800-404-7291,"Sales,Service,Up To 2MW,Mobile/Diesel/Gas,"
10171,Industrial/Commercial Sales & Service,00010208021002,Modern Group Power Systems, 200 Allied Parkway,,West Berlin,NJ ,08091,USA,,800-404-7291,"Sales,Service,Up To 2MW,Mobile/Diesel/Gas,"
10171,Industrial/Commercial Sales & Service,00010208021002,Modern Group Power Systems, 295 New Commerce Blvd.,,Wilkes Barre,PA ,18706,USA,,800-404-7291,"Sales,Service,Up To 2MW,Mobile/Diesel/Gas,"
10171,Industrial/Commercial Sales & Service,00010208021002,Modern Group Power Systems, 66A South Gate Blvd.,,New Castle,DE ,19720,USA,,800-404-7291,"Sales,Service,Up To 2MW,Mobile/Diesel/Gas,"
10171,Industrial/Commercial Sales & Service,00010000931002,"EMERGENCY POWER SYSTEMS, LLC", 35 HAMILTON LANE,,GLENMONT,NY ,12077,USA,,800-914-1465,"Service,Up To 2MW,Mobile/Diesel/Gas,"
10171,Industrial/Commercial Sales & Service,00010000931002,"EMERGENCY POWER SYSTEMS, LLC", 35 HAMILTON LANE,,GLENMONT,NY ,12077,USA,,800-914-1465,"Service,"
10171,Industrial/Commercial Sales & Service,00010208021002,Modern Group Power Systems, 3480 Board Road,,York,PA ,17402,USA,,800-404-7291,"Sales,Service,Up To 2MW,Mobile/Diesel/Gas,"
10171,Industrial/Commercial Sales & Service,00010001731002,AUTHORIZED SERVICES OF NEW ENGLAND, 410 FOREST STREET,,MARLBOROUGH,MA ,01752,USA,,888-890-9886,"Sales,"
10171,Industrial/Commercial Sales & Service,00010001691002,Kelly Generator & Equipment, 1955 Dale Ln,,Owings,MD ,20736,USA,www.kge.com,410-257-5225,"Sales,Service,Up To 2MW,Mobile/Diesel/Gas,Training,Rental,"
10171,Industrial/Commercial Sales & Service,00010001761002,"GENSERVE, INC.", 100 NEWTOWN RD,,PLAINVIEW,NY ,11803,USA,www.genserveinc.com,631-435-0437,"Service,"
10171,Industrial/Commercial Sales & Service,00111209521002,LONG ISLAND EMERGENCY POWER -QO, 2 Ocean Avenue,,DEER PARK,NY ,11729,USA,,631-586-7513,"Sales,"
10171,Industrial/Commercial Sales & Service,00010139211002,POWERPRO SERVICE CO. INC., 608 JOHNSON AVE. UNIT 6,,BOHEMIA,NY ,11716,USA,,631-567-2700,"Sales,Service,Up To 600kW,Mobile/Diesel/Gas,"
10171,Industrial/Commercial Sales & Service,00010134071002,PEAK POWER SYSTEMS, 99 SPRAGUE AVENUE,,MIDDLETOWN,NY ,10940,USA,www.peakpowersystems.com,845-344-1975,"Sales,Service,Up To 600kW,Mobile/Diesel/Gas,Rental,"
10171,Industrial/Commercial Sales & Service,00111209531002,HUNTINGTON POWER - LONG ISLAND, PO BOX 2040,,SHELTON,CT ,06484,USA,,631-586-7513,"Sales,"
10171,Industrial/Commercial Sales & Service,00010001761002,"GENSERVE, INC.", 115A TWINBRIDGE DR.,,PENNSAUKEN,NJ ,08110,USA,www.genserveinc.com,856-324-0459,"Service,"
10171,Industrial/Commercial Sales & Service,00111184131002,HUNTER & LOMISON, 1956 W FOURTH ST,,WILLIAMSPORT,PA ,17701,USA,www.hunterlomison.com,570-326-1764,"Sales,Service,Up To 600kW,Mobile/Diesel/Gas,Rental,"
10171,Industrial/Commercial Sales & Service,00010000881002,HUNTER & LOMISON INC., 1956 W. 4TH STREET,,WILLIAMSPORT,PA ,17701,USA,www.hunterlomison.com,570-326-1764,"Service,Up To 600kW,Mobile/Diesel/Gas,"
10171,Industrial/Commercial Sales & Service,00010001621002,BROOKFIELD SERVICE, 708 GLEBE ROAD,,WESTMORELAND,NH ,03467,USA,www.brookfieldservice.com,802-485-6567,"Service,Up To 600kW,Mobile/Diesel/Gas,"
10171,Industrial/Commercial Sales & Service,00010021101002,SOUTH SHORE GENERATOR INC-Quote, 2696A CRANBERRY HWY,,WAREHAM,MA ,02571,USA,,508-295-7336,"Sales,Service,Up To 600kW,Mobile/Diesel/Gas,"
10171,Industrial/Commercial Sales & Service,00010001701002,SOUTH SHORE GENERATOR INC, ,,EAST WAREHAM,MA ,02538,USA,,508-295-7336,"Financing,Sales,Service,Up To 600kW,Mobile/Diesel/Gas,"
10171,Industrial/Commercial Sales & Service,00111207431002,WARSHAUER ELECTRIC SUPPLY CO INC, 800 SHREWSBURY AVE,,TINTON FALLS,NJ ,07724,USA,www.warshauer.com,732-741-6400,"Service,"
10171,Industrial/Commercial Sales & Service,00010157021002,Mechanical Service Co, 1145 Oak St.,,Pittston,PA ,18640,USA,,570-654-2445,"Service,"
10172,Industrial/Commercial Sales & Service,00010214161002,"R.L. KISTLER, INC.", 35 HAMILTON LANE,,GLENMONT,NY ,12077,USA,,585-436-1940,"Sales,Service,"
10172,Industrial/Commercial Sales & Service,00010214161002,"R.L. Kistler, Inc", 300 Mile Crossing Blvd.,,Rochester,NY ,14624,USA,rlkistler.com,585-436-1940,"Sales,"
10172,Industrial/Commercial Sales & Service,00010001611002,Huntington Power, 230 Long Hill Cross Rd,,Shelton,CT ,06484,USA,www.huntingtonpower.com,203-929-3203,"Sales,Service,Up To 2MW,Mobile/Diesel/Gas,Training,Rental,"
10172,Industrial/Commercial Sales & Service,00010214161002,"R.L. Kistler, Inc", 5615 Business Ave.,,N. Syracuse,NY ,13208,USA,,315-458-2875,"Sales,"
10172,Industrial/Commercial Sales & Service,00010214161002,"R.L. Kistler, Inc", 5615 Business Ave.,,N. Syracuse,NY ,13208,USA,,315-458-2875,"Sales,"
10172,Industrial/Commercial Sales & Service,00010001611002,Huntington Power, 68 Enter Ln,,Islandia,NY ,11749,USA,,631-563-4943,"Sales,Service,Up To 2MW,Mobile/Diesel/Gas,"
10172,Industrial/Commercial Sales & Service,00010001611002,Huntington Power, 34 E DUDLEY TOWN RD.,,BLOOMFIELD,CT ,06002,USA,,860-289-8790,"Sales,Service,Rental,"
10172,Industrial/Commercial Sales & Service,00010208021002,Modern Group Power Systems, 2501 Durham Road,,Bristol,PA ,19007,USA,www.moderngroup.com,800-404-7291,"Sales,Service,Up To 2MW,Mobile/Diesel/Gas,Training,Rental,"
10172,Industrial/Commercial Sales & Service,00010001731002,Authorized Services Of New England, 410 Forest Street,,Marlborough,MA ,01752,USA,www.asne.com,888-890-9886,"Financing,Sales,Service,Up To 2MW,Mobile/Diesel/Gas,Training,Rental,"
10172,Industrial/Commercial Sales & Service,00010008091002,MODERN HANDLING EQUIP, 75 NEW STREET,,EDISON,NJ ,08837,USA,www.moderngroup.com,800-779-5116,"Sales,Service,Up To 2MW,Mobile/Diesel/Gas,"
10172,Industrial/Commercial Sales & Service,00010208021002,Modern Group Power Systems, 6352 Chapmans Rd,,Allentown,PA ,18106,USA,,800-404-7291,"Sales,Service,Up To 2MW,Mobile/Diesel/Gas,"
10172,Industrial/Commercial Sales & Service,00010208021002,Modern Group Power Systems, 200 Allied Parkway,,West Berlin,NJ ,08091,USA,,800-404-7291,"Sales,Service,Up To 2MW,Mobile/Diesel/Gas,"
10172,Industrial/Commercial Sales & Service,00010208021002,Modern Group Power Systems, 295 New Commerce Blvd.,,Wilkes Barre,PA ,18706,USA,,800-404-7291,"Sales,Service,Up To 2MW,Mobile/Diesel/Gas,"
10172,Industrial/Commercial Sales & Service,00010208021002,Modern Group Power Systems, 66A South Gate Blvd.,,New Castle,DE ,19720,USA,,800-404-7291,"Sales,Service,Up To 2MW,Mobile/Diesel/Gas,"
10172,Industrial/Commercial Sales & Service,00010000931002,"EMERGENCY POWER SYSTEMS, LLC", 35 HAMILTON LANE,,GLENMONT,NY ,12077,USA,,800-914-1465,"Service,Up To 2MW,Mobile/Diesel/Gas,"
10172,Industrial/Commercial Sales & Service,00010000931002,"EMERGENCY POWER SYSTEMS, LLC", 35 HAMILTON LANE,,GLENMONT,NY ,12077,USA,,800-914-1465,"Service,"
10172,Industrial/Commercial Sales & Service,00010208021002,Modern Group Power Systems, 3480 Board Road,,York,PA ,17402,USA,,800-404-7291,"Sales,Service,Up To 2MW,Mobile/Diesel/Gas,"
10172,Industrial/Commercial Sales & Service,00010001731002,AUTHORIZED SERVICES OF NEW ENGLAND, 410 FOREST STREET,,MARLBOROUGH,MA ,01752,USA,,888-890-9886,"Sales,"
10172,Industrial/Commercial Sales & Service,00010001691002,Kelly Generator & Equipment, 1955 Dale Ln,,Owings,MD ,20736,USA,www.kge.com,410-257-5225,"Sales,Service,Up To 2MW,Mobile/Diesel/Gas,Training,Rental,"
10172,Industrial/Commercial Sales & Service,00010001761002,"GENSERVE, INC.", 100 NEWTOWN RD,,PLAINVIEW,NY ,11803,USA,www.genserveinc.com,631-435-0437,"Service,"
10172,Industrial/Commercial Sales & Service,00111209521002,LONG ISLAND EMERGENCY POWER -QO, 2 Ocean Avenue,,DEER PARK,NY ,11729,USA,,631-586-7513,"Sales,"
10172,Industrial/Commercial Sales & Service,00010139211002,POWERPRO SERVICE CO. INC., 608 JOHNSON AVE. UNIT 6,,BOHEMIA,NY ,11716,USA,,631-567-2700,"Sales,Service,Up To 600kW,Mobile/Diesel/Gas,"
10172,Industrial/Commercial Sales & Service,00010134071002,PEAK POWER SYSTEMS, 99 SPRAGUE AVENUE,,MIDDLETOWN,NY ,10940,USA,www.peakpowersystems.com,845-344-1975,"Sales,Service,Up To 600kW,Mobile/Diesel/Gas,Rental,"
10172,Industrial/Commercial Sales & Service,00111209531002,HUNTINGTON POWER - LONG ISLAND, PO BOX 2040,,SHELTON,CT ,06484,USA,,631-586-7513,"Sales,"
10172,Industrial/Commercial Sales & Service,00010001761002,"GENSERVE, INC.", 115A TWINBRIDGE DR.,,PENNSAUKEN,NJ ,08110,USA,www.genserveinc.com,856-324-0459,"Service,"
10172,Industrial/Commercial Sales & Service,00111184131002,HUNTER & LOMISON, 1956 W FOURTH ST,,WILLIAMSPORT,PA ,17701,USA,www.hunterlomison.com,570-326-1764,"Sales,Service,Up To 600kW,Mobile/Diesel/Gas,Rental,"
10172,Industrial/Commercial Sales & Service,00010000881002,HUNTER & LOMISON INC., 1956 W. 4TH STREET,,WILLIAMSPORT,PA ,17701,USA,www.hunterlomison.com,570-326-1764,"Service,Up To 600kW,Mobile/Diesel/Gas,"
10172,Industrial/Commercial Sales & Service,00010001621002,BROOKFIELD SERVICE, 708 GLEBE ROAD,,WESTMORELAND,NH ,03467,USA,www.brookfieldservice.com,802-485-6567,"Service,Up To 600kW,Mobile/Diesel/Gas,"
10172,Industrial/Commercial Sales & Service,00010021101002,SOUTH SHORE GENERATOR INC-Quote, 2696A CRANBERRY HWY,,WAREHAM,MA ,02571,USA,,508-295-7336,"Sales,Service,Up To 600kW,Mobile/Diesel/Gas,"
10172,Industrial/Commercial Sales & Service,00010001701002,SOUTH SHORE GENERATOR INC, ,,EAST WAREHAM,MA ,02538,USA,,508-295-7336,"Financing,Sales,Service,Up To 600kW,Mobile/Diesel/Gas,"
10172,Industrial/Commercial Sales & Service,00111207431002,WARSHAUER ELECTRIC SUPPLY CO INC, 800 SHREWSBURY AVE,,TINTON FALLS,NJ ,07724,USA,www.warshauer.com,732-741-6400,"Service,"
10172,Industrial/Commercial Sales & Service,00010157021002,Mechanical Service Co, 1145 Oak St.,,Pittston,PA ,18640,USA,,570-654-2445,"Service,"
10173,Industrial/Commercial Sales & Service,00010214161002,"R.L. Kistler, Inc", 300 Mile Crossing Blvd.,,Rochester,NY ,14624,USA,rlkistler.com,585-436-1940,"Sales,"
10173,Industrial/Commercial Sales & Service,00010214161002,"R.L. KISTLER, INC.", 35 HAMILTON LANE,,GLENMONT,NY ,12077,USA,,585-436-1940,"Sales,Service,"
10173,Industrial/Commercial Sales & Service,00010001611002,Huntington Power, 230 Long Hill Cross Rd,,Shelton,CT ,06484,USA,www.huntingtonpower.com,203-929-3203,"Sales,Service,Up To 2MW,Mobile/Diesel/Gas,Training,Rental,"
10173,Industrial/Commercial Sales & Service,00010214161002,"R.L. Kistler, Inc", 5615 Business Ave.,,N. Syracuse,NY ,13208,USA,,315-458-2875,"Sales,"
10173,Industrial/Commercial Sales & Service,00010214161002,"R.L. Kistler, Inc", 5615 Business Ave.,,N. Syracuse,NY ,13208,USA,,315-458-2875,"Sales,"
10173,Industrial/Commercial Sales & Service,00010001611002,Huntington Power, 68 Enter Ln,,Islandia,NY ,11749,USA,,631-563-4943,"Sales,Service,Up To 2MW,Mobile/Diesel/Gas,"
10173,Industrial/Commercial Sales & Service,00010001611002,Huntington Power, 34 E DUDLEY TOWN RD.,,BLOOMFIELD,CT ,06002,USA,,860-289-8790,"Sales,Service,Rental,"
10173,Industrial/Commercial Sales & Service,00010208021002,Modern Group Power Systems, 2501 Durham Road,,Bristol,PA ,19007,USA,www.moderngroup.com,800-404-7291,"Sales,Service,Up To 2MW,Mobile/Diesel/Gas,Training,Rental,"
10173,Industrial/Commercial Sales & Service,00010001731002,Authorized Services Of New England, 410 Forest Street,,Marlborough,MA ,01752,USA,www.asne.com,888-890-9886,"Financing,Sales,Service,Up To 2MW,Mobile/Diesel/Gas,Training,Rental,"
10173,Industrial/Commercial Sales & Service,00010008091002,MODERN HANDLING EQUIP, 75 NEW STREET,,EDISON,NJ ,08837,USA,www.moderngroup.com,800-779-5116,"Sales,Service,Up To 2MW,Mobile/Diesel/Gas,"
10173,Industrial/Commercial Sales & Service,00010208021002,Modern Group Power Systems, 6352 Chapmans Rd,,Allentown,PA ,18106,USA,,800-404-7291,"Sales,Service,Up To 2MW,Mobile/Diesel/Gas,"
10173,Industrial/Commercial Sales & Service,00010208021002,Modern Group Power Systems, 200 Allied Parkway,,West Berlin,NJ ,08091,USA,,800-404-7291,"Sales,Service,Up To 2MW,Mobile/Diesel/Gas,"
10173,Industrial/Commercial Sales & Service,00010208021002,Modern Group Power Systems, 295 New Commerce Blvd.,,Wilkes Barre,PA ,18706,USA,,800-404-7291,"Sales,Service,Up To 2MW,Mobile/Diesel/Gas,"
10173,Industrial/Commercial Sales & Service,00010208021002,Modern Group Power Systems, 66A South Gate Blvd.,,New Castle,DE ,19720,USA,,800-404-7291,"Sales,Service,Up To 2MW,Mobile/Diesel/Gas,"
10173,Industrial/Commercial Sales & Service,00010000931002,"EMERGENCY POWER SYSTEMS, LLC", 35 HAMILTON LANE,,GLENMONT,NY ,12077,USA,,800-914-1465,"Service,Up To 2MW,Mobile/Diesel/Gas,"
10173,Industrial/Commercial Sales & Service,00010000931002,"EMERGENCY POWER SYSTEMS, LLC", 35 HAMILTON LANE,,GLENMONT,NY ,12077,USA,,800-914-1465,"Service,"
10173,Industrial/Commercial Sales & Service,00010208021002,Modern Group Power Systems, 3480 Board Road,,York,PA ,17402,USA,,800-404-7291,"Sales,Service,Up To 2MW,Mobile/Diesel/Gas,"
10173,Industrial/Commercial Sales & Service,00010001731002,AUTHORIZED SERVICES OF NEW ENGLAND, 410 FOREST STREET,,MARLBOROUGH,MA ,01752,USA,,888-890-9886,"Sales,"
10173,Industrial/Commercial Sales & Service,00010001691002,Kelly Generator & Equipment, 1955 Dale Ln,,Owings,MD ,20736,USA,www.kge.com,410-257-5225,"Sales,Service,Up To 2MW,Mobile/Diesel/Gas,Training,Rental,"
10173,Industrial/Commercial Sales & Service,00010001761002,"GENSERVE, INC.", 100 NEWTOWN RD,,PLAINVIEW,NY ,11803,USA,www.genserveinc.com,631-435-0437,"Service,"
10173,Industrial/Commercial Sales & Service,00111209521002,LONG ISLAND EMERGENCY POWER -QO, 2 Ocean Avenue,,DEER PARK,NY ,11729,USA,,631-586-7513,"Sales,"
10173,Industrial/Commercial Sales & Service,00010139211002,POWERPRO SERVICE CO. INC., 608 JOHNSON AVE. UNIT 6,,BOHEMIA,NY ,11716,USA,,631-567-2700,"Sales,Service,Up To 600kW,Mobile/Diesel/Gas,"
10173,Industrial/Commercial Sales & Service,00010134071002,PEAK POWER SYSTEMS, 99 SPRAGUE AVENUE,,MIDDLETOWN,NY ,10940,USA,www.peakpowersystems.com,845-344-1975,"Sales,Service,Up To 600kW,Mobile/Diesel/Gas,Rental,"
10173,Industrial/Commercial Sales & Service,00111209531002,HUNTINGTON POWER - LONG ISLAND, PO BOX 2040,,SHELTON,CT ,06484,USA,,631-586-7513,"Sales,"
10173,Industrial/Commercial Sales & Service,00010001761002,"GENSERVE, INC.", 115A TWINBRIDGE DR.,,PENNSAUKEN,NJ ,08110,USA,www.genserveinc.com,856-324-0459,"Service,"
10173,Industrial/Commercial Sales & Service,00111184131002,HUNTER & LOMISON, 1956 W FOURTH ST,,WILLIAMSPORT,PA ,17701,USA,www.hunterlomison.com,570-326-1764,"Sales,Service,Up To 600kW,Mobile/Diesel/Gas,Rental,"
10173,Industrial/Commercial Sales & Service,00010000881002,HUNTER & LOMISON INC., 1956 W. 4TH STREET,,WILLIAMSPORT,PA ,17701,USA,www.hunterlomison.com,570-326-1764,"Service,Up To 600kW,Mobile/Diesel/Gas,"
10173,Industrial/Commercial Sales & Service,00010001621002,BROOKFIELD SERVICE, 708 GLEBE ROAD,,WESTMORELAND,NH ,03467,USA,www.brookfieldservice.com,802-485-6567,"Service,Up To 600kW,Mobile/Diesel/Gas,"
10173,Industrial/Commercial Sales & Service,00010021101002,SOUTH SHORE GENERATOR INC-Quote, 2696A CRANBERRY HWY,,WAREHAM,MA ,02571,USA,,508-295-7336,"Sales,Service,Up To 600kW,Mobile/Diesel/Gas,"
10173,Industrial/Commercial Sales & Service,00010001701002,SOUTH SHORE GENERATOR INC, ,,EAST WAREHAM,MA ,02538,USA,,508-295-7336,"Financing,Sales,Service,Up To 600kW,Mobile/Diesel/Gas,"
10173,Industrial/Commercial Sales & Service,00111207431002,WARSHAUER ELECTRIC SUPPLY CO INC, 800 SHREWSBURY AVE,,TINTON FALLS,NJ ,07724,USA,www.warshauer.com,732-741-6400,"Service,"
10173,Industrial/Commercial Sales & Service,00010157021002,Mechanical Service Co, 1145 Oak St.,,Pittston,PA ,18640,USA,,570-654-2445,"Service,"
10174,Industrial/Commercial Sales & Service,00010214161002,"R.L. KISTLER, INC.", 35 HAMILTON LANE,,GLENMONT,NY ,12077,USA,,585-436-1940,"Sales,Service,"
10174,Industrial/Commercial Sales & Service,00010001611002,Huntington Power, 230 Long Hill Cross Rd,,Shelton,CT ,06484,USA,www.huntingtonpower.com,203-929-3203,"Sales,Service,Up To 2MW,Mobile/Diesel/Gas,Training,Rental,"
10174,Industrial/Commercial Sales & Service,00010214161002,"R.L. Kistler, Inc", 300 Mile Crossing Blvd.,,Rochester,NY ,14624,USA,rlkistler.com,585-436-1940,"Sales,"
10174,Industrial/Commercial Sales & Service,00010214161002,"R.L. Kistler, Inc", 5615 Business Ave.,,N. Syracuse,NY ,13208,USA,,315-458-2875,"Sales,"
10174,Industrial/Commercial Sales & Service,00010001611002,Huntington Power, 68 Enter Ln,,Islandia,NY ,11749,USA,,631-563-4943,"Sales,Service,Up To 2MW,Mobile/Diesel/Gas,"
10174,Industrial/Commercial Sales & Service,00010001611002,Huntington Power, 34 E DUDLEY TOWN RD.,,BLOOMFIELD,CT ,06002,USA,,860-289-8790,"Sales,Service,Rental,"
10174,Industrial/Commercial Sales & Service,00010214161002,"R.L. Kistler, Inc", 5615 Business Ave.,,N. Syracuse,NY ,13208,USA,,315-458-2875,"Sales,"
10174,Industrial/Commercial Sales & Service,00010208021002,Modern Group Power Systems, 2501 Durham Road,,Bristol,PA ,19007,USA,www.moderngroup.com,800-404-7291,"Sales,Service,Up To 2MW,Mobile/Diesel/Gas,Training,Rental,"
10174,Industrial/Commercial Sales & Service,00010001731002,Authorized Services Of New England, 410 Forest Street,,Marlborough,MA ,01752,USA,www.asne.com,888-890-9886,"Financing,Sales,Service,Up To 2MW,Mobile/Diesel/Gas,Training,Rental,"
10174,Industrial/Commercial Sales & Service,00010008091002,MODERN HANDLING EQUIP, 75 NEW STREET,,EDISON,NJ ,08837,USA,www.moderngroup.com,800-779-5116,"Sales,Service,Up To 2MW,Mobile/Diesel/Gas,"
10174,Industrial/Commercial Sales & Service,00010208021002,Modern Group Power Systems, 6352 Chapmans Rd,,Allentown,PA ,18106,USA,,800-404-7291,"Sales,Service,Up To 2MW,Mobile/Diesel/Gas,"
10174,Industrial/Commercial Sales & Service,00010208021002,Modern Group Power Systems, 200 Allied Parkway,,West Berlin,NJ ,08091,USA,,800-404-7291,"Sales,Service,Up To 2MW,Mobile/Diesel/Gas,"
10174,Industrial/Commercial Sales & Service,00010208021002,Modern Group Power Systems, 295 New Commerce Blvd.,,Wilkes Barre,PA ,18706,USA,,800-404-7291,"Sales,Service,Up To 2MW,Mobile/Diesel/Gas,"
10174,Industrial/Commercial Sales & Service,00010208021002,Modern Group Power Systems, 66A South Gate Blvd.,,New Castle,DE ,19720,USA,,800-404-7291,"Sales,Service,Up To 2MW,Mobile/Diesel/Gas,"
10174,Industrial/Commercial Sales & Service,00010000931002,"EMERGENCY POWER SYSTEMS, LLC", 35 HAMILTON LANE,,GLENMONT,NY ,12077,USA,,800-914-1465,"Service,Up To 2MW,Mobile/Diesel/Gas,"
10174,Industrial/Commercial Sales & Service,00010000931002,"EMERGENCY POWER SYSTEMS, LLC", 35 HAMILTON LANE,,GLENMONT,NY ,12077,USA,,800-914-1465,"Service,"
10174,Industrial/Commercial Sales & Service,00010208021002,Modern Group Power Systems, 3480 Board Road,,York,PA ,17402,USA,,800-404-7291,"Sales,Service,Up To 2MW,Mobile/Diesel/Gas,"
10174,Industrial/Commercial Sales & Service,00010001731002,AUTHORIZED SERVICES OF NEW ENGLAND, 410 FOREST STREET,,MARLBOROUGH,MA ,01752,USA,,888-890-9886,"Sales,"
10174,Industrial/Commercial Sales & Service,00010001691002,Kelly Generator & Equipment, 1955 Dale Ln,,Owings,MD ,20736,USA,www.kge.com,410-257-5225,"Sales,Service,Up To 2MW,Mobile/Diesel/Gas,Training,Rental,"
10174,Industrial/Commercial Sales & Service,00010001761002,"GENSERVE, INC.", 100 NEWTOWN RD,,PLAINVIEW,NY ,11803,USA,www.genserveinc.com,631-435-0437,"Service,"
10174,Industrial/Commercial Sales & Service,00111209521002,LONG ISLAND EMERGENCY POWER -QO, 2 Ocean Avenue,,DEER PARK,NY ,11729,USA,,631-586-7513,"Sales,"
10174,Industrial/Commercial Sales & Service,00010139211002,POWERPRO SERVICE CO. INC., 608 JOHNSON AVE. UNIT 6,,BOHEMIA,NY ,11716,USA,,631-567-2700,"Sales,Service,Up To 600kW,Mobile/Diesel/Gas,"
10174,Industrial/Commercial Sales & Service,00010134071002,PEAK POWER SYSTEMS, 99 SPRAGUE AVENUE,,MIDDLETOWN,NY ,10940,USA,www.peakpowersystems.com,845-344-1975,"Sales,Service,Up To 600kW,Mobile/Diesel/Gas,Rental,"
10174,Industrial/Commercial Sales & Service,00111209531002,HUNTINGTON POWER - LONG ISLAND, PO BOX 2040,,SHELTON,CT ,06484,USA,,631-586-7513,"Sales,"
10174,Industrial/Commercial Sales & Service,00010001761002,"GENSERVE, INC.", 115A TWINBRIDGE DR.,,PENNSAUKEN,NJ ,08110,USA,www.genserveinc.com,856-324-0459,"Service,"
10174,Industrial/Commercial Sales & Service,00111184131002,HUNTER & LOMISON, 1956 W FOURTH ST,,WILLIAMSPORT,PA ,17701,USA,www.hunterlomison.com,570-326-1764,"Sales,Service,Up To 600kW,Mobile/Diesel/Gas,Rental,"
10174,Industrial/Commercial Sales & Service,00010000881002,HUNTER & LOMISON INC., 1956 W. 4TH STREET,,WILLIAMSPORT,PA ,17701,USA,www.hunterlomison.com,570-326-1764,"Service,Up To 600kW,Mobile/Diesel/Gas,"
10174,Industrial/Commercial Sales & Service,00010001621002,BROOKFIELD SERVICE, 708 GLEBE ROAD,,WESTMORELAND,NH ,03467,USA,www.brookfieldservice.com,802-485-6567,"Service,Up To 600kW,Mobile/Diesel/Gas,"
10174,Industrial/Commercial Sales & Service,00010021101002,SOUTH SHORE GENERATOR INC-Quote, 2696A CRANBERRY HWY,,WAREHAM,MA ,02571,USA,,508-295-7336,"Sales,Service,Up To 600kW,Mobile/Diesel/Gas,"
10174,Industrial/Commercial Sales & Service,00010001701002,SOUTH SHORE GENERATOR INC, ,,EAST WAREHAM,MA ,02538,USA,,508-295-7336,"Financing,Sales,Service,Up To 600kW,Mobile/Diesel/Gas,"
10174,Industrial/Commercial Sales & Service,00111207431002,WARSHAUER ELECTRIC SUPPLY CO INC, 800 SHREWSBURY AVE,,TINTON FALLS,NJ ,07724,USA,www.warshauer.com,732-741-6400,"Service,"
10174,Industrial/Commercial Sales & Service,00010157021002,Mechanical Service Co, 1145 Oak St.,,Pittston,PA ,18640,USA,,570-654-2445,"Service,"
10175,Industrial/Commercial Sales & Service,00010214161002,"R.L. Kistler, Inc", 300 Mile Crossing Blvd.,,Rochester,NY ,14624,USA,rlkistler.com,585-436-1940,"Sales,"
10175,Industrial/Commercial Sales & Service,00010214161002,"R.L. KISTLER, INC.", 35 HAMILTON LANE,,GLENMONT,NY ,12077,USA,,585-436-1940,"Sales,Service,"
10175,Industrial/Commercial Sales & Service,00010001611002,Huntington Power, 230 Long Hill Cross Rd,,Shelton,CT ,06484,USA,www.huntingtonpower.com,203-929-3203,"Sales,Service,Up To 2MW,Mobile/Diesel/Gas,Training,Rental,"
10175,Industrial/Commercial Sales & Service,00010214161002,"R.L. Kistler, Inc", 5615 Business Ave.,,N. Syracuse,NY ,13208,USA,,315-458-2875,"Sales,"
10175,Industrial/Commercial Sales & Service,00010214161002,"R.L. Kistler, Inc", 5615 Business Ave.,,N. Syracuse,NY ,13208,USA,,315-458-2875,"Sales,"
10175,Industrial/Commercial Sales & Service,00010001611002,Huntington Power, 68 Enter Ln,,Islandia,NY ,11749,USA,,631-563-4943,"Sales,Service,Up To 2MW,Mobile/Diesel/Gas,"
10175,Industrial/Commercial Sales & Service,00010001611002,Huntington Power, 34 E DUDLEY TOWN RD.,,BLOOMFIELD,CT ,06002,USA,,860-289-8790,"Sales,Service,Rental,"
10175,Industrial/Commercial Sales & Service,00010208021002,Modern Group Power Systems, 2501 Durham Road,,Bristol,PA ,19007,USA,www.moderngroup.com,800-404-7291,"Sales,Service,Up To 2MW,Mobile/Diesel/Gas,Training,Rental,"
10175,Industrial/Commercial Sales & Service,00010001731002,Authorized Services Of New England, 410 Forest Street,,Marlborough,MA ,01752,USA,www.asne.com,888-890-9886,"Financing,Sales,Service,Up To 2MW,Mobile/Diesel/Gas,Training,Rental,"
10175,Industrial/Commercial Sales & Service,00010008091002,MODERN HANDLING EQUIP, 75 NEW STREET,,EDISON,NJ ,08837,USA,www.moderngroup.com,800-779-5116,"Sales,Service,Up To 2MW,Mobile/Diesel/Gas,"
10175,Industrial/Commercial Sales & Service,00010208021002,Modern Group Power Systems, 6352 Chapmans Rd,,Allentown,PA ,18106,USA,,800-404-7291,"Sales,Service,Up To 2MW,Mobile/Diesel/Gas,"
10175,Industrial/Commercial Sales & Service,00010208021002,Modern Group Power Systems, 200 Allied Parkway,,West Berlin,NJ ,08091,USA,,800-404-7291,"Sales,Service,Up To 2MW,Mobile/Diesel/Gas,"
10175,Industrial/Commercial Sales & Service,00010208021002,Modern Group Power Systems, 295 New Commerce Blvd.,,Wilkes Barre,PA ,18706,USA,,800-404-7291,"Sales,Service,Up To 2MW,Mobile/Diesel/Gas,"
10175,Industrial/Commercial Sales & Service,00010208021002,Modern Group Power Systems, 66A South Gate Blvd.,,New Castle,DE ,19720,USA,,800-404-7291,"Sales,Service,Up To 2MW,Mobile/Diesel/Gas,"
10175,Industrial/Commercial Sales & Service,00010000931002,"EMERGENCY POWER SYSTEMS, LLC", 35 HAMILTON LANE,,GLENMONT,NY ,12077,USA,,800-914-1465,"Service,Up To 2MW,Mobile/Diesel/Gas,"
10175,Industrial/Commercial Sales & Service,00010000931002,"EMERGENCY POWER SYSTEMS, LLC", 35 HAMILTON LANE,,GLENMONT,NY ,12077,USA,,800-914-1465,"Service,"
10175,Industrial/Commercial Sales & Service,00010208021002,Modern Group Power Systems, 3480 Board Road,,York,PA ,17402,USA,,800-404-7291,"Sales,Service,Up To 2MW,Mobile/Diesel/Gas,"
10175,Industrial/Commercial Sales & Service,00010001731002,AUTHORIZED SERVICES OF NEW ENGLAND, 410 FOREST STREET,,MARLBOROUGH,MA ,01752,USA,,888-890-9886,"Sales,"
10175,Industrial/Commercial Sales & Service,00010001691002,Kelly Generator & Equipment, 1955 Dale Ln,,Owings,MD ,20736,USA,www.kge.com,410-257-5225,"Sales,Service,Up To 2MW,Mobile/Diesel/Gas,Training,Rental,"
10175,Industrial/Commercial Sales & Service,00010001761002,"GENSERVE, INC.", 100 NEWTOWN RD,,PLAINVIEW,NY ,11803,USA,www.genserveinc.com,631-435-0437,"Service,"
10175,Industrial/Commercial Sales & Service,00111209521002,LONG ISLAND EMERGENCY POWER -QO, 2 Ocean Avenue,,DEER PARK,NY ,11729,USA,,631-586-7513,"Sales,"
10175,Industrial/Commercial Sales & Service,00010139211002,POWERPRO SERVICE CO. INC., 608 JOHNSON AVE. UNIT 6,,BOHEMIA,NY ,11716,USA,,631-567-2700,"Sales,Service,Up To 600kW,Mobile/Diesel/Gas,"
10175,Industrial/Commercial Sales & Service,00010134071002,PEAK POWER SYSTEMS, 99 SPRAGUE AVENUE,,MIDDLETOWN,NY ,10940,USA,www.peakpowersystems.com,845-344-1975,"Sales,Service,Up To 600kW,Mobile/Diesel/Gas,Rental,"
10175,Industrial/Commercial Sales & Service,00111209531002,HUNTINGTON POWER - LONG ISLAND, PO BOX 2040,,SHELTON,CT ,06484,USA,,631-586-7513,"Sales,"
10175,Industrial/Commercial Sales & Service,00010001761002,"GENSERVE, INC.", 115A TWINBRIDGE DR.,,PENNSAUKEN,NJ ,08110,USA,www.genserveinc.com,856-324-0459,"Service,"
10175,Industrial/Commercial Sales & Service,00111184131002,HUNTER & LOMISON, 1956 W FOURTH ST,,WILLIAMSPORT,PA ,17701,USA,www.hunterlomison.com,570-326-1764,"Sales,Service,Up To 600kW,Mobile/Diesel/Gas,Rental,"
10175,Industrial/Commercial Sales & Service,00010000881002,HUNTER & LOMISON INC., 1956 W. 4TH STREET,,WILLIAMSPORT,PA ,17701,USA,www.hunterlomison.com,570-326-1764,"Service,Up To 600kW,Mobile/Diesel/Gas,"
10175,Industrial/Commercial Sales & Service,00010001621002,BROOKFIELD SERVICE, 708 GLEBE ROAD,,WESTMORELAND,NH ,03467,USA,www.brookfieldservice.com,802-485-6567,"Service,Up To 600kW,Mobile/Diesel/Gas,"
10175,Industrial/Commercial Sales & Service,00010021101002,SOUTH SHORE GENERATOR INC-Quote, 2696A CRANBERRY HWY,,WAREHAM,MA ,02571,USA,,508-295-7336,"Sales,Service,Up To 600kW,Mobile/Diesel/Gas,"
10175,Industrial/Commercial Sales & Service,00010001701002,SOUTH SHORE GENERATOR INC, ,,EAST WAREHAM,MA ,02538,USA,,508-295-7336,"Financing,Sales,Service,Up To 600kW,Mobile/Diesel/Gas,"
10175,Industrial/Commercial Sales & Service,00111207431002,WARSHAUER ELECTRIC SUPPLY CO INC, 800 SHREWSBURY AVE,,TINTON FALLS,NJ ,07724,USA,www.warshauer.com,732-741-6400,"Service,"
10175,Industrial/Commercial Sales & Service,00010157021002,Mechanical Service Co, 1145 Oak St.,,Pittston,PA ,18640,USA,,570-654-2445,"Service,"
10176,Industrial/Commercial Sales & Service,00010214161002,"R.L. Kistler, Inc", 300 Mile Crossing Blvd.,,Rochester,NY ,14624,USA,rlkistler.com,585-436-1940,"Sales,"
10176,Industrial/Commercial Sales & Service,00010001611002,Huntington Power, 230 Long Hill Cross Rd,,Shelton,CT ,06484,USA,www.huntingtonpower.com,203-929-3203,"Sales,Service,Up To 2MW,Mobile/Diesel/Gas,Training,Rental,"
10176,Industrial/Commercial Sales & Service,00010214161002,"R.L. KISTLER, INC.", 35 HAMILTON LANE,,GLENMONT,NY ,12077,USA,,585-436-1940,"Sales,Service,"
10176,Industrial/Commercial Sales & Service,00010214161002,"R.L. Kistler, Inc", 5615 Business Ave.,,N. Syracuse,NY ,13208,USA,,315-458-2875,"Sales,"
10176,Industrial/Commercial Sales & Service,00010001611002,Huntington Power, 68 Enter Ln,,Islandia,NY ,11749,USA,,631-563-4943,"Sales,Service,Up To 2MW,Mobile/Diesel/Gas,"
10176,Industrial/Commercial Sales & Service,00010001611002,Huntington Power, 34 E DUDLEY TOWN RD.,,BLOOMFIELD,CT ,06002,USA,,860-289-8790,"Sales,Service,Rental,"
10176,Industrial/Commercial Sales & Service,00010214161002,"R.L. Kistler, Inc", 5615 Business Ave.,,N. Syracuse,NY ,13208,USA,,315-458-2875,"Sales,"
10176,Industrial/Commercial Sales & Service,00010208021002,Modern Group Power Systems, 2501 Durham Road,,Bristol,PA ,19007,USA,www.moderngroup.com,800-404-7291,"Sales,Service,Up To 2MW,Mobile/Diesel/Gas,Training,Rental,"
10176,Industrial/Commercial Sales & Service,00010001731002,Authorized Services Of New England, 410 Forest Street,,Marlborough,MA ,01752,USA,www.asne.com,888-890-9886,"Financing,Sales,Service,Up To 2MW,Mobile/Diesel/Gas,Training,Rental,"
10176,Industrial/Commercial Sales & Service,00010008091002,MODERN HANDLING EQUIP, 75 NEW STREET,,EDISON,NJ ,08837,USA,www.moderngroup.com,800-779-5116,"Sales,Service,Up To 2MW,Mobile/Diesel/Gas,"
10176,Industrial/Commercial Sales & Service,00010208021002,Modern Group Power Systems, 6352 Chapmans Rd,,Allentown,PA ,18106,USA,,800-404-7291,"Sales,Service,Up To 2MW,Mobile/Diesel/Gas,"
10176,Industrial/Commercial Sales & Service,00010208021002,Modern Group Power Systems, 200 Allied Parkway,,West Berlin,NJ ,08091,USA,,800-404-7291,"Sales,Service,Up To 2MW,Mobile/Diesel/Gas,"
10176,Industrial/Commercial Sales & Service,00010208021002,Modern Group Power Systems, 295 New Commerce Blvd.,,Wilkes Barre,PA ,18706,USA,,800-404-7291,"Sales,Service,Up To 2MW,Mobile/Diesel/Gas,"
10176,Industrial/Commercial Sales & Service,00010208021002,Modern Group Power Systems, 66A South Gate Blvd.,,New Castle,DE ,19720,USA,,800-404-7291,"Sales,Service,Up To 2MW,Mobile/Diesel/Gas,"
10176,Industrial/Commercial Sales & Service,00010000931002,"EMERGENCY POWER SYSTEMS, LLC", 35 HAMILTON LANE,,GLENMONT,NY ,12077,USA,,800-914-1465,"Service,Up To 2MW,Mobile/Diesel/Gas,"
10176,Industrial/Commercial Sales & Service,00010000931002,"EMERGENCY POWER SYSTEMS, LLC", 35 HAMILTON LANE,,GLENMONT,NY ,12077,USA,,800-914-1465,"Service,"
10176,Industrial/Commercial Sales & Service,00010208021002,Modern Group Power Systems, 3480 Board Road,,York,PA ,17402,USA,,800-404-7291,"Sales,Service,Up To 2MW,Mobile/Diesel/Gas,"
10176,Industrial/Commercial Sales & Service,00010001731002,AUTHORIZED SERVICES OF NEW ENGLAND, 410 FOREST STREET,,MARLBOROUGH,MA ,01752,USA,,888-890-9886,"Sales,"
10176,Industrial/Commercial Sales & Service,00010001691002,Kelly Generator & Equipment, 1955 Dale Ln,,Owings,MD ,20736,USA,www.kge.com,410-257-5225,"Sales,Service,Up To 2MW,Mobile/Diesel/Gas,Training,Rental,"
10176,Industrial/Commercial Sales & Service,00010001761002,"GENSERVE, INC.", 100 NEWTOWN RD,,PLAINVIEW,NY ,11803,USA,www.genserveinc.com,631-435-0437,"Service,"
10176,Industrial/Commercial Sales & Service,00111209521002,LONG ISLAND EMERGENCY POWER -QO, 2 Ocean Avenue,,DEER PARK,NY ,11729,USA,,631-586-7513,"Sales,"
10176,Industrial/Commercial Sales & Service,00010139211002,POWERPRO SERVICE CO. INC., 608 JOHNSON AVE. UNIT 6,,BOHEMIA,NY ,11716,USA,,631-567-2700,"Sales,Service,Up To 600kW,Mobile/Diesel/Gas,"
10176,Industrial/Commercial Sales & Service,00010134071002,PEAK POWER SYSTEMS, 99 SPRAGUE AVENUE,,MIDDLETOWN,NY ,10940,USA,www.peakpowersystems.com,845-344-1975,"Sales,Service,Up To 600kW,Mobile/Diesel/Gas,Rental,"
10176,Industrial/Commercial Sales & Service,00111209531002,HUNTINGTON POWER - LONG ISLAND, PO BOX 2040,,SHELTON,CT ,06484,USA,,631-586-7513,"Sales,"
10176,Industrial/Commercial Sales & Service,00010001761002,"GENSERVE, INC.", 115A TWINBRIDGE DR.,,PENNSAUKEN,NJ ,08110,USA,www.genserveinc.com,856-324-0459,"Service,"
10176,Industrial/Commercial Sales & Service,00111184131002,HUNTER & LOMISON, 1956 W FOURTH ST,,WILLIAMSPORT,PA ,17701,USA,www.hunterlomison.com,570-326-1764,"Sales,Service,Up To 600kW,Mobile/Diesel/Gas,Rental,"
10176,Industrial/Commercial Sales & Service,00010000881002,HUNTER & LOMISON INC., 1956 W. 4TH STREET,,WILLIAMSPORT,PA ,17701,USA,www.hunterlomison.com,570-326-1764,"Service,Up To 600kW,Mobile/Diesel/Gas,"
10176,Industrial/Commercial Sales & Service,00010001621002,BROOKFIELD SERVICE, 708 GLEBE ROAD,,WESTMORELAND,NH ,03467,USA,www.brookfieldservice.com,802-485-6567,"Service,Up To 600kW,Mobile/Diesel/Gas,"
10176,Industrial/Commercial Sales & Service,00010021101002,SOUTH SHORE GENERATOR INC-Quote, 2696A CRANBERRY HWY,,WAREHAM,MA ,02571,USA,,508-295-7336,"Sales,Service,Up To 600kW,Mobile/Diesel/Gas,"
10176,Industrial/Commercial Sales & Service,00010001701002,SOUTH SHORE GENERATOR INC, ,,EAST WAREHAM,MA ,02538,USA,,508-295-7336,"Financing,Sales,Service,Up To 600kW,Mobile/Diesel/Gas,"
10176,Industrial/Commercial Sales & Service,00111207431002,WARSHAUER ELECTRIC SUPPLY CO INC, 800 SHREWSBURY AVE,,TINTON FALLS,NJ ,07724,USA,www.warshauer.com,732-741-6400,"Service,"
10176,Industrial/Commercial Sales & Service,00010157021002,Mechanical Service Co, 1145 Oak St.,,Pittston,PA ,18640,USA,,570-654-2445,"Service,"
10177,Industrial/Commercial Sales & Service,00010214161002,"R.L. Kistler, Inc", 300 Mile Crossing Blvd.,,Rochester,NY ,14624,USA,rlkistler.com,585-436-1940,"Sales,"
10177,Industrial/Commercial Sales & Service,00010001611002,Huntington Power, 230 Long Hill Cross Rd,,Shelton,CT ,06484,USA,www.huntingtonpower.com,203-929-3203,"Sales,Service,Up To 2MW,Mobile/Diesel/Gas,Training,Rental,"
10177,Industrial/Commercial Sales & Service,00010214161002,"R.L. KISTLER, INC.", 35 HAMILTON LANE,,GLENMONT,NY ,12077,USA,,585-436-1940,"Sales,Service,"
10177,Industrial/Commercial Sales & Service,00010214161002,"R.L. Kistler, Inc", 5615 Business Ave.,,N. Syracuse,NY ,13208,USA,,315-458-2875,"Sales,"
10177,Industrial/Commercial Sales & Service,00010001611002,Huntington Power, 68 Enter Ln,,Islandia,NY ,11749,USA,,631-563-4943,"Sales,Service,Up To 2MW,Mobile/Diesel/Gas,"
10177,Industrial/Commercial Sales & Service,00010001611002,Huntington Power, 34 E DUDLEY TOWN RD.,,BLOOMFIELD,CT ,06002,USA,,860-289-8790,"Sales,Service,Rental,"
10177,Industrial/Commercial Sales & Service,00010214161002,"R.L. Kistler, Inc", 5615 Business Ave.,,N. Syracuse,NY ,13208,USA,,315-458-2875,"Sales,"
10177,Industrial/Commercial Sales & Service,00010208021002,Modern Group Power Systems, 2501 Durham Road,,Bristol,PA ,19007,USA,www.moderngroup.com,800-404-7291,"Sales,Service,Up To 2MW,Mobile/Diesel/Gas,Training,Rental,"
10177,Industrial/Commercial Sales & Service,00010001731002,Authorized Services Of New England, 410 Forest Street,,Marlborough,MA ,01752,USA,www.asne.com,888-890-9886,"Financing,Sales,Service,Up To 2MW,Mobile/Diesel/Gas,Training,Rental,"
10177,Industrial/Commercial Sales & Service,00010008091002,MODERN HANDLING EQUIP, 75 NEW STREET,,EDISON,NJ ,08837,USA,www.moderngroup.com,800-779-5116,"Sales,Service,Up To 2MW,Mobile/Diesel/Gas,"
10177,Industrial/Commercial Sales & Service,00010208021002,Modern Group Power Systems, 6352 Chapmans Rd,,Allentown,PA ,18106,USA,,800-404-7291,"Sales,Service,Up To 2MW,Mobile/Diesel/Gas,"
10177,Industrial/Commercial Sales & Service,00010208021002,Modern Group Power Systems, 200 Allied Parkway,,West Berlin,NJ ,08091,USA,,800-404-7291,"Sales,Service,Up To 2MW,Mobile/Diesel/Gas,"
10177,Industrial/Commercial Sales & Service,00010208021002,Modern Group Power Systems, 295 New Commerce Blvd.,,Wilkes Barre,PA ,18706,USA,,800-404-7291,"Sales,Service,Up To 2MW,Mobile/Diesel/Gas,"
10177,Industrial/Commercial Sales & Service,00010208021002,Modern Group Power Systems, 66A South Gate Blvd.,,New Castle,DE ,19720,USA,,800-404-7291,"Sales,Service,Up To 2MW,Mobile/Diesel/Gas,"
10177,Industrial/Commercial Sales & Service,00010000931002,"EMERGENCY POWER SYSTEMS, LLC", 35 HAMILTON LANE,,GLENMONT,NY ,12077,USA,,800-914-1465,"Service,Up To 2MW,Mobile/Diesel/Gas,"
10177,Industrial/Commercial Sales & Service,00010000931002,"EMERGENCY POWER SYSTEMS, LLC", 35 HAMILTON LANE,,GLENMONT,NY ,12077,USA,,800-914-1465,"Service,"
10177,Industrial/Commercial Sales & Service,00010208021002,Modern Group Power Systems, 3480 Board Road,,York,PA ,17402,USA,,800-404-7291,"Sales,Service,Up To 2MW,Mobile/Diesel/Gas,"
10177,Industrial/Commercial Sales & Service,00010001731002,AUTHORIZED SERVICES OF NEW ENGLAND, 410 FOREST STREET,,MARLBOROUGH,MA ,01752,USA,,888-890-9886,"Sales,"
10177,Industrial/Commercial Sales & Service,00010001691002,Kelly Generator & Equipment, 1955 Dale Ln,,Owings,MD ,20736,USA,www.kge.com,410-257-5225,"Sales,Service,Up To 2MW,Mobile/Diesel/Gas,Training,Rental,"
10177,Industrial/Commercial Sales & Service,00010001761002,"GENSERVE, INC.", 100 NEWTOWN RD,,PLAINVIEW,NY ,11803,USA,www.genserveinc.com,631-435-0437,"Service,"
10177,Industrial/Commercial Sales & Service,00111209521002,LONG ISLAND EMERGENCY POWER -QO, 2 Ocean Avenue,,DEER PARK,NY ,11729,USA,,631-586-7513,"Sales,"
10177,Industrial/Commercial Sales & Service,00010139211002,POWERPRO SERVICE CO. INC., 608 JOHNSON AVE. UNIT 6,,BOHEMIA,NY ,11716,USA,,631-567-2700,"Sales,Service,Up To 600kW,Mobile/Diesel/Gas,"
10177,Industrial/Commercial Sales & Service,00010134071002,PEAK POWER SYSTEMS, 99 SPRAGUE AVENUE,,MIDDLETOWN,NY ,10940,USA,www.peakpowersystems.com,845-344-1975,"Sales,Service,Up To 600kW,Mobile/Diesel/Gas,Rental,"
10177,Industrial/Commercial Sales & Service,00111209531002,HUNTINGTON POWER - LONG ISLAND, PO BOX 2040,,SHELTON,CT ,06484,USA,,631-586-7513,"Sales,"
10177,Industrial/Commercial Sales & Service,00010001761002,"GENSERVE, INC.", 115A TWINBRIDGE DR.,,PENNSAUKEN,NJ ,08110,USA,www.genserveinc.com,856-324-0459,"Service,"
10177,Industrial/Commercial Sales & Service,00111184131002,HUNTER & LOMISON, 1956 W FOURTH ST,,WILLIAMSPORT,PA ,17701,USA,www.hunterlomison.com,570-326-1764,"Sales,Service,Up To 600kW,Mobile/Diesel/Gas,Rental,"
10177,Industrial/Commercial Sales & Service,00010000881002,HUNTER & LOMISON INC., 1956 W. 4TH STREET,,WILLIAMSPORT,PA ,17701,USA,www.hunterlomison.com,570-326-1764,"Service,Up To 600kW,Mobile/Diesel/Gas,"
10177,Industrial/Commercial Sales & Service,00010001621002,BROOKFIELD SERVICE, 708 GLEBE ROAD,,WESTMORELAND,NH ,03467,USA,www.brookfieldservice.com,802-485-6567,"Service,Up To 600kW,Mobile/Diesel/Gas,"
10177,Industrial/Commercial Sales & Service,00010021101002,SOUTH SHORE GENERATOR INC-Quote, 2696A CRANBERRY HWY,,WAREHAM,MA ,02571,USA,,508-295-7336,"Sales,Service,Up To 600kW,Mobile/Diesel/Gas,"
10177,Industrial/Commercial Sales & Service,00010001701002,SOUTH SHORE GENERATOR INC, ,,EAST WAREHAM,MA ,02538,USA,,508-295-7336,"Financing,Sales,Service,Up To 600kW,Mobile/Diesel/Gas,"
10177,Industrial/Commercial Sales & Service,00111207431002,WARSHAUER ELECTRIC SUPPLY CO INC, 800 SHREWSBURY AVE,,TINTON FALLS,NJ ,07724,USA,www.warshauer.com,732-741-6400,"Service,"
10177,Industrial/Commercial Sales & Service,00010157021002,Mechanical Service Co, 1145 Oak St.,,Pittston,PA ,18640,USA,,570-654-2445,"Service,"
10178,Industrial/Commercial Sales & Service,00010214161002,"R.L. Kistler, Inc", 300 Mile Crossing Blvd.,,Rochester,NY ,14624,USA,rlkistler.com,585-436-1940,"Sales,"
10178,Industrial/Commercial Sales & Service,00010001611002,Huntington Power, 230 Long Hill Cross Rd,,Shelton,CT ,06484,USA,www.huntingtonpower.com,203-929-3203,"Sales,Service,Up To 2MW,Mobile/Diesel/Gas,Training,Rental,"
10178,Industrial/Commercial Sales & Service,00010214161002,"R.L. KISTLER, INC.", 35 HAMILTON LANE,,GLENMONT,NY ,12077,USA,,585-436-1940,"Sales,Service,"
10178,Industrial/Commercial Sales & Service,00010214161002,"R.L. Kistler, Inc", 5615 Business Ave.,,N. Syracuse,NY ,13208,USA,,315-458-2875,"Sales,"
10178,Industrial/Commercial Sales & Service,00010001611002,Huntington Power, 68 Enter Ln,,Islandia,NY ,11749,USA,,631-563-4943,"Sales,Service,Up To 2MW,Mobile/Diesel/Gas,"
10178,Industrial/Commercial Sales & Service,00010001611002,Huntington Power, 34 E DUDLEY TOWN RD.,,BLOOMFIELD,CT ,06002,USA,,860-289-8790,"Sales,Service,Rental,"
10178,Industrial/Commercial Sales & Service,00010214161002,"R.L. Kistler, Inc", 5615 Business Ave.,,N. Syracuse,NY ,13208,USA,,315-458-2875,"Sales,"
10178,Industrial/Commercial Sales & Service,00010208021002,Modern Group Power Systems, 2501 Durham Road,,Bristol,PA ,19007,USA,www.moderngroup.com,800-404-7291,"Sales,Service,Up To 2MW,Mobile/Diesel/Gas,Training,Rental,"
10178,Industrial/Commercial Sales & Service,00010001731002,Authorized Services Of New England, 410 Forest Street,,Marlborough,MA ,01752,USA,www.asne.com,888-890-9886,"Financing,Sales,Service,Up To 2MW,Mobile/Diesel/Gas,Training,Rental,"
10178,Industrial/Commercial Sales & Service,00010008091002,MODERN HANDLING EQUIP, 75 NEW STREET,,EDISON,NJ ,08837,USA,www.moderngroup.com,800-779-5116,"Sales,Service,Up To 2MW,Mobile/Diesel/Gas,"
10178,Industrial/Commercial Sales & Service,00010208021002,Modern Group Power Systems, 200 Allied Parkway,,West Berlin,NJ ,08091,USA,,800-404-7291,"Sales,Service,Up To 2MW,Mobile/Diesel/Gas,"
10178,Industrial/Commercial Sales & Service,00010208021002,Modern Group Power Systems, 6352 Chapmans Rd,,Allentown,PA ,18106,USA,,800-404-7291,"Sales,Service,Up To 2MW,Mobile/Diesel/Gas,"
10178,Industrial/Commercial Sales & Service,00010208021002,Modern Group Power Systems, 295 New Commerce Blvd.,,Wilkes Barre,PA ,18706,USA,,800-404-7291,"Sales,Service,Up To 2MW,Mobile/Diesel/Gas,"
10178,Industrial/Commercial Sales & Service,00010208021002,Modern Group Power Systems, 66A South Gate Blvd.,,New Castle,DE ,19720,USA,,800-404-7291,"Sales,Service,Up To 2MW,Mobile/Diesel/Gas,"
10178,Industrial/Commercial Sales & Service,00010000931002,"EMERGENCY POWER SYSTEMS, LLC", 35 HAMILTON LANE,,GLENMONT,NY ,12077,USA,,800-914-1465,"Service,Up To 2MW,Mobile/Diesel/Gas,"
10178,Industrial/Commercial Sales & Service,00010000931002,"EMERGENCY POWER SYSTEMS, LLC", 35 HAMILTON LANE,,GLENMONT,NY ,12077,USA,,800-914-1465,"Service,"
10178,Industrial/Commercial Sales & Service,00010208021002,Modern Group Power Systems, 3480 Board Road,,York,PA ,17402,USA,,800-404-7291,"Sales,Service,Up To 2MW,Mobile/Diesel/Gas,"
10178,Industrial/Commercial Sales & Service,00010001731002,AUTHORIZED SERVICES OF NEW ENGLAND, 410 FOREST STREET,,MARLBOROUGH,MA ,01752,USA,,888-890-9886,"Sales,"
10178,Industrial/Commercial Sales & Service,00010001691002,Kelly Generator & Equipment, 1955 Dale Ln,,Owings,MD ,20736,USA,www.kge.com,410-257-5225,"Sales,Service,Up To 2MW,Mobile/Diesel/Gas,Training,Rental,"
10178,Industrial/Commercial Sales & Service,00010001761002,"GENSERVE, INC.", 100 NEWTOWN RD,,PLAINVIEW,NY ,11803,USA,www.genserveinc.com,631-435-0437,"Service,"
10178,Industrial/Commercial Sales & Service,00111209521002,LONG ISLAND EMERGENCY POWER -QO, 2 Ocean Avenue,,DEER PARK,NY ,11729,USA,,631-586-7513,"Sales,"
10178,Industrial/Commercial Sales & Service,00010139211002,POWERPRO SERVICE CO. INC., 608 JOHNSON AVE. UNIT 6,,BOHEMIA,NY ,11716,USA,,631-567-2700,"Sales,Service,Up To 600kW,Mobile/Diesel/Gas,"
10178,Industrial/Commercial Sales & Service,00010134071002,PEAK POWER SYSTEMS, 99 SPRAGUE AVENUE,,MIDDLETOWN,NY ,10940,USA,www.peakpowersystems.com,845-344-1975,"Sales,Service,Up To 600kW,Mobile/Diesel/Gas,Rental,"
10178,Industrial/Commercial Sales & Service,00111209531002,HUNTINGTON POWER - LONG ISLAND, PO BOX 2040,,SHELTON,CT ,06484,USA,,631-586-7513,"Sales,"
10178,Industrial/Commercial Sales & Service,00010001761002,"GENSERVE, INC.", 115A TWINBRIDGE DR.,,PENNSAUKEN,NJ ,08110,USA,www.genserveinc.com,856-324-0459,"Service,"
10178,Industrial/Commercial Sales & Service,00111184131002,HUNTER & LOMISON, 1956 W FOURTH ST,,WILLIAMSPORT,PA ,17701,USA,www.hunterlomison.com,570-326-1764,"Sales,Service,Up To 600kW,Mobile/Diesel/Gas,Rental,"
10178,Industrial/Commercial Sales & Service,00010000881002,HUNTER & LOMISON INC., 1956 W. 4TH STREET,,WILLIAMSPORT,PA ,17701,USA,www.hunterlomison.com,570-326-1764,"Service,Up To 600kW,Mobile/Diesel/Gas,"
10178,Industrial/Commercial Sales & Service,00010001621002,BROOKFIELD SERVICE, 708 GLEBE ROAD,,WESTMORELAND,NH ,03467,USA,www.brookfieldservice.com,802-485-6567,"Service,Up To 600kW,Mobile/Diesel/Gas,"
10178,Industrial/Commercial Sales & Service,00010021101002,SOUTH SHORE GENERATOR INC-Quote, 2696A CRANBERRY HWY,,WAREHAM,MA ,02571,USA,,508-295-7336,"Sales,Service,Up To 600kW,Mobile/Diesel/Gas,"
10178,Industrial/Commercial Sales & Service,00010001701002,SOUTH SHORE GENERATOR INC, ,,EAST WAREHAM,MA ,02538,USA,,508-295-7336,"Financing,Sales,Service,Up To 600kW,Mobile/Diesel/Gas,"
10178,Industrial/Commercial Sales & Service,00111207431002,WARSHAUER ELECTRIC SUPPLY CO INC, 800 SHREWSBURY AVE,,TINTON FALLS,NJ ,07724,USA,www.warshauer.com,732-741-6400,"Service,"
10178,Industrial/Commercial Sales & Service,00010157021002,Mechanical Service Co, 1145 Oak St.,,Pittston,PA ,18640,USA,,570-654-2445,"Service,"
10179,Industrial/Commercial Sales & Service,00010001611002,Huntington Power, 230 Long Hill Cross Rd,,Shelton,CT ,06484,USA,www.huntingtonpower.com,203-929-3203,"Sales,Service,Up To 2MW,Mobile/Diesel/Gas,Training,Rental,"
10179,Industrial/Commercial Sales & Service,00010214161002,"R.L. KISTLER, INC.", 35 HAMILTON LANE,,GLENMONT,NY ,12077,USA,,585-436-1940,"Sales,Service,"
10179,Industrial/Commercial Sales & Service,00010214161002,"R.L. Kistler, Inc", 300 Mile Crossing Blvd.,,Rochester,NY ,14624,USA,rlkistler.com,585-436-1940,"Sales,"
10179,Industrial/Commercial Sales & Service,00010001611002,Huntington Power, 68 Enter Ln,,Islandia,NY ,11749,USA,,631-563-4943,"Sales,Service,Up To 2MW,Mobile/Diesel/Gas,"
10179,Industrial/Commercial Sales & Service,00010001611002,Huntington Power, 34 E DUDLEY TOWN RD.,,BLOOMFIELD,CT ,06002,USA,,860-289-8790,"Sales,Service,Rental,"
10179,Industrial/Commercial Sales & Service,00010214161002,"R.L. Kistler, Inc", 5615 Business Ave.,,N. Syracuse,NY ,13208,USA,,315-458-2875,"Sales,"
10179,Industrial/Commercial Sales & Service,00010214161002,"R.L. Kistler, Inc", 5615 Business Ave.,,N. Syracuse,NY ,13208,USA,,315-458-2875,"Sales,"
10179,Industrial/Commercial Sales & Service,00010208021002,Modern Group Power Systems, 2501 Durham Road,,Bristol,PA ,19007,USA,www.moderngroup.com,800-404-7291,"Sales,Service,Up To 2MW,Mobile/Diesel/Gas,Training,Rental,"
10179,Industrial/Commercial Sales & Service,00010001731002,Authorized Services Of New England, 410 Forest Street,,Marlborough,MA ,01752,USA,www.asne.com,888-890-9886,"Financing,Sales,Service,Up To 2MW,Mobile/Diesel/Gas,Training,Rental,"
10179,Industrial/Commercial Sales & Service,00010008091002,MODERN HANDLING EQUIP, 75 NEW STREET,,EDISON,NJ ,08837,USA,www.moderngroup.com,800-779-5116,"Sales,Service,Up To 2MW,Mobile/Diesel/Gas,"
10179,Industrial/Commercial Sales & Service,00010208021002,Modern Group Power Systems, 6352 Chapmans Rd,,Allentown,PA ,18106,USA,,800-404-7291,"Sales,Service,Up To 2MW,Mobile/Diesel/Gas,"
10179,Industrial/Commercial Sales & Service,00010208021002,Modern Group Power Systems, 200 Allied Parkway,,West Berlin,NJ ,08091,USA,,800-404-7291,"Sales,Service,Up To 2MW,Mobile/Diesel/Gas,"
10179,Industrial/Commercial Sales & Service,00010208021002,Modern Group Power Systems, 295 New Commerce Blvd.,,Wilkes Barre,PA ,18706,USA,,800-404-7291,"Sales,Service,Up To 2MW,Mobile/Diesel/Gas,"
10179,Industrial/Commercial Sales & Service,00010208021002,Modern Group Power Systems, 66A South Gate Blvd.,,New Castle,DE ,19720,USA,,800-404-7291,"Sales,Service,Up To 2MW,Mobile/Diesel/Gas,"
10179,Industrial/Commercial Sales & Service,00010000931002,"EMERGENCY POWER SYSTEMS, LLC", 35 HAMILTON LANE,,GLENMONT,NY ,12077,USA,,800-914-1465,"Service,Up To 2MW,Mobile/Diesel/Gas,"
10179,Industrial/Commercial Sales & Service,00010000931002,"EMERGENCY POWER SYSTEMS, LLC", 35 HAMILTON LANE,,GLENMONT,NY ,12077,USA,,800-914-1465,"Service,"
10179,Industrial/Commercial Sales & Service,00010208021002,Modern Group Power Systems, 3480 Board Road,,York,PA ,17402,USA,,800-404-7291,"Sales,Service,Up To 2MW,Mobile/Diesel/Gas,"
10179,Industrial/Commercial Sales & Service,00010001731002,AUTHORIZED SERVICES OF NEW ENGLAND, 410 FOREST STREET,,MARLBOROUGH,MA ,01752,USA,,888-890-9886,"Sales,"
10179,Industrial/Commercial Sales & Service,00010001691002,Kelly Generator & Equipment, 1955 Dale Ln,,Owings,MD ,20736,USA,www.kge.com,410-257-5225,"Sales,Service,Up To 2MW,Mobile/Diesel/Gas,Training,Rental,"
10179,Industrial/Commercial Sales & Service,00010001761002,"GENSERVE, INC.", 100 NEWTOWN RD,,PLAINVIEW,NY ,11803,USA,www.genserveinc.com,631-435-0437,"Service,"
10179,Industrial/Commercial Sales & Service,00111209521002,LONG ISLAND EMERGENCY POWER -QO, 2 Ocean Avenue,,DEER PARK,NY ,11729,USA,,631-586-7513,"Sales,"
10179,Industrial/Commercial Sales & Service,00010139211002,POWERPRO SERVICE CO. INC., 608 JOHNSON AVE. UNIT 6,,BOHEMIA,NY ,11716,USA,,631-567-2700,"Sales,Service,Up To 600kW,Mobile/Diesel/Gas,"
10179,Industrial/Commercial Sales & Service,00010134071002,PEAK POWER SYSTEMS, 99 SPRAGUE AVENUE,,MIDDLETOWN,NY ,10940,USA,www.peakpowersystems.com,845-344-1975,"Sales,Service,Up To 600kW,Mobile/Diesel/Gas,Rental,"
10179,Industrial/Commercial Sales & Service,00111209531002,HUNTINGTON POWER - LONG ISLAND, PO BOX 2040,,SHELTON,CT ,06484,USA,,631-586-7513,"Sales,"
10179,Industrial/Commercial Sales & Service,00010001761002,"GENSERVE, INC.", 115A TWINBRIDGE DR.,,PENNSAUKEN,NJ ,08110,USA,www.genserveinc.com,856-324-0459,"Service,"
10179,Industrial/Commercial Sales & Service,00111184131002,HUNTER & LOMISON, 1956 W FOURTH ST,,WILLIAMSPORT,PA ,17701,USA,www.hunterlomison.com,570-326-1764,"Sales,Service,Up To 600kW,Mobile/Diesel/Gas,Rental,"
10179,Industrial/Commercial Sales & Service,00010000881002,HUNTER & LOMISON INC., 1956 W. 4TH STREET,,WILLIAMSPORT,PA ,17701,USA,www.hunterlomison.com,570-326-1764,"Service,Up To 600kW,Mobile/Diesel/Gas,"
10179,Industrial/Commercial Sales & Service,00010001621002,BROOKFIELD SERVICE, 708 GLEBE ROAD,,WESTMORELAND,NH ,03467,USA,www.brookfieldservice.com,802-485-6567,"Service,Up To 600kW,Mobile/Diesel/Gas,"
10179,Industrial/Commercial Sales & Service,00010021101002,SOUTH SHORE GENERATOR INC-Quote, 2696A CRANBERRY HWY,,WAREHAM,MA ,02571,USA,,508-295-7336,"Sales,Service,Up To 600kW,Mobile/Diesel/Gas,"
10179,Industrial/Commercial Sales & Service,00010001701002,SOUTH SHORE GENERATOR INC, ,,EAST WAREHAM,MA ,02538,USA,,508-295-7336,"Financing,Sales,Service,Up To 600kW,Mobile/Diesel/Gas,"
10179,Industrial/Commercial Sales & Service,00111207431002,WARSHAUER ELECTRIC SUPPLY CO INC, 800 SHREWSBURY AVE,,TINTON FALLS,NJ ,07724,USA,www.warshauer.com,732-741-6400,"Service,"
10179,Industrial/Commercial Sales & Service,00010157021002,Mechanical Service Co, 1145 Oak St.,,Pittston,PA ,18640,USA,,570-654-2445,"Service,"
10185,Industrial/Commercial Sales & Service,00010214161002,"R.L. KISTLER, INC.", 35 HAMILTON LANE,,GLENMONT,NY ,12077,USA,,585-436-1940,"Sales,Service,"
10185,Industrial/Commercial Sales & Service,00010214161002,"R.L. Kistler, Inc", 300 Mile Crossing Blvd.,,Rochester,NY ,14624,USA,rlkistler.com,585-436-1940,"Sales,"
10185,Industrial/Commercial Sales & Service,00010001611002,Huntington Power, 230 Long Hill Cross Rd,,Shelton,CT ,06484,USA,www.huntingtonpower.com,203-929-3203,"Sales,Service,Up To 2MW,Mobile/Diesel/Gas,Training,Rental,"
10185,Industrial/Commercial Sales & Service,00010214161002,"R.L. Kistler, Inc", 5615 Business Ave.,,N. Syracuse,NY ,13208,USA,,315-458-2875,"Sales,"
10185,Industrial/Commercial Sales & Service,00010214161002,"R.L. Kistler, Inc", 5615 Business Ave.,,N. Syracuse,NY ,13208,USA,,315-458-2875,"Sales,"
10185,Industrial/Commercial Sales & Service,00010001611002,Huntington Power, 68 Enter Ln,,Islandia,NY ,11749,USA,,631-563-4943,"Sales,Service,Up To 2MW,Mobile/Diesel/Gas,"
10185,Industrial/Commercial Sales & Service,00010001611002,Huntington Power, 34 E DUDLEY TOWN RD.,,BLOOMFIELD,CT ,06002,USA,,860-289-8790,"Sales,Service,Rental,"
10185,Industrial/Commercial Sales & Service,00010208021002,Modern Group Power Systems, 2501 Durham Road,,Bristol,PA ,19007,USA,www.moderngroup.com,800-404-7291,"Sales,Service,Up To 2MW,Mobile/Diesel/Gas,Training,Rental,"
10185,Industrial/Commercial Sales & Service,00010001731002,Authorized Services Of New England, 410 Forest Street,,Marlborough,MA ,01752,USA,www.asne.com,888-890-9886,"Financing,Sales,Service,Up To 2MW,Mobile/Diesel/Gas,Training,Rental,"
10185,Industrial/Commercial Sales & Service,00010008091002,MODERN HANDLING EQUIP, 75 NEW STREET,,EDISON,NJ ,08837,USA,www.moderngroup.com,800-779-5116,"Sales,Service,Up To 2MW,Mobile/Diesel/Gas,"
10185,Industrial/Commercial Sales & Service,00010208021002,Modern Group Power Systems, 6352 Chapmans Rd,,Allentown,PA ,18106,USA,,800-404-7291,"Sales,Service,Up To 2MW,Mobile/Diesel/Gas,"
10185,Industrial/Commercial Sales & Service,00010208021002,Modern Group Power Systems, 200 Allied Parkway,,West Berlin,NJ ,08091,USA,,800-404-7291,"Sales,Service,Up To 2MW,Mobile/Diesel/Gas,"
10185,Industrial/Commercial Sales & Service,00010208021002,Modern Group Power Systems, 295 New Commerce Blvd.,,Wilkes Barre,PA ,18706,USA,,800-404-7291,"Sales,Service,Up To 2MW,Mobile/Diesel/Gas,"
10185,Industrial/Commercial Sales & Service,00010208021002,Modern Group Power Systems, 66A South Gate Blvd.,,New Castle,DE ,19720,USA,,800-404-7291,"Sales,Service,Up To 2MW,Mobile/Diesel/Gas,"
10185,Industrial/Commercial Sales & Service,00010000931002,"EMERGENCY POWER SYSTEMS, LLC", 35 HAMILTON LANE,,GLENMONT,NY ,12077,USA,,800-914-1465,"Service,Up To 2MW,Mobile/Diesel/Gas,"
10185,Industrial/Commercial Sales & Service,00010000931002,"EMERGENCY POWER SYSTEMS, LLC", 35 HAMILTON LANE,,GLENMONT,NY ,12077,USA,,800-914-1465,"Service,"
10185,Industrial/Commercial Sales & Service,00010208021002,Modern Group Power Systems, 3480 Board Road,,York,PA ,17402,USA,,800-404-7291,"Sales,Service,Up To 2MW,Mobile/Diesel/Gas,"
10185,Industrial/Commercial Sales & Service,00010001731002,AUTHORIZED SERVICES OF NEW ENGLAND, 410 FOREST STREET,,MARLBOROUGH,MA ,01752,USA,,888-890-9886,"Sales,"
10185,Industrial/Commercial Sales & Service,00010001691002,Kelly Generator & Equipment, 1955 Dale Ln,,Owings,MD ,20736,USA,www.kge.com,410-257-5225,"Sales,Service,Up To 2MW,Mobile/Diesel/Gas,Training,Rental,"
10185,Industrial/Commercial Sales & Service,00010001761002,"GENSERVE, INC.", 100 NEWTOWN RD,,PLAINVIEW,NY ,11803,USA,www.genserveinc.com,631-435-0437,"Service,"
10185,Industrial/Commercial Sales & Service,00111209521002,LONG ISLAND EMERGENCY POWER -QO, 2 Ocean Avenue,,DEER PARK,NY ,11729,USA,,631-586-7513,"Sales,"
10185,Industrial/Commercial Sales & Service,00010139211002,POWERPRO SERVICE CO. INC., 608 JOHNSON AVE. UNIT 6,,BOHEMIA,NY ,11716,USA,,631-567-2700,"Sales,Service,Up To 600kW,Mobile/Diesel/Gas,"
10185,Industrial/Commercial Sales & Service,00010134071002,PEAK POWER SYSTEMS, 99 SPRAGUE AVENUE,,MIDDLETOWN,NY ,10940,USA,www.peakpowersystems.com,845-344-1975,"Sales,Service,Up To 600kW,Mobile/Diesel/Gas,Rental,"
10185,Industrial/Commercial Sales & Service,00111209531002,HUNTINGTON POWER - LONG ISLAND, PO BOX 2040,,SHELTON,CT ,06484,USA,,631-586-7513,"Sales,"
10185,Industrial/Commercial Sales & Service,00010001761002,"GENSERVE, INC.", 115A TWINBRIDGE DR.,,PENNSAUKEN,NJ ,08110,USA,www.genserveinc.com,856-324-0459,"Service,"
10185,Industrial/Commercial Sales & Service,00111184131002,HUNTER & LOMISON, 1956 W FOURTH ST,,WILLIAMSPORT,PA ,17701,USA,www.hunterlomison.com,570-326-1764,"Sales,Service,Up To 600kW,Mobile/Diesel/Gas,Rental,"
10185,Industrial/Commercial Sales & Service,00010000881002,HUNTER & LOMISON INC., 1956 W. 4TH STREET,,WILLIAMSPORT,PA ,17701,USA,www.hunterlomison.com,570-326-1764,"Service,Up To 600kW,Mobile/Diesel/Gas,"
10185,Industrial/Commercial Sales & Service,00010001621002,BROOKFIELD SERVICE, 708 GLEBE ROAD,,WESTMORELAND,NH ,03467,USA,www.brookfieldservice.com,802-485-6567,"Service,Up To 600kW,Mobile/Diesel/Gas,"
10185,Industrial/Commercial Sales & Service,00010021101002,SOUTH SHORE GENERATOR INC-Quote, 2696A CRANBERRY HWY,,WAREHAM,MA ,02571,USA,,508-295-7336,"Sales,Service,Up To 600kW,Mobile/Diesel/Gas,"
10185,Industrial/Commercial Sales & Service,00010001701002,SOUTH SHORE GENERATOR INC, ,,EAST WAREHAM,MA ,02538,USA,,508-295-7336,"Financing,Sales,Service,Up To 600kW,Mobile/Diesel/Gas,"
10185,Industrial/Commercial Sales & Service,00111207431002,WARSHAUER ELECTRIC SUPPLY CO INC, 800 SHREWSBURY AVE,,TINTON FALLS,NJ ,07724,USA,www.warshauer.com,732-741-6400,"Service,"
10185,Industrial/Commercial Sales & Service,00010157021002,Mechanical Service Co, 1145 Oak St.,,Pittston,PA ,18640,USA,,570-654-2445,"Service,"
10199,Industrial/Commercial Sales & Service,00010001611002,Huntington Power, 230 Long Hill Cross Rd,,Shelton,CT ,06484,USA,www.huntingtonpower.com,203-929-3203,"Sales,Service,Up To 2MW,Mobile/Diesel/Gas,Training,Rental,"
10199,Industrial/Commercial Sales & Service,00010214161002,"R.L. KISTLER, INC.", 35 HAMILTON LANE,,GLENMONT,NY ,12077,USA,,585-436-1940,"Sales,Service,"
10199,Industrial/Commercial Sales & Service,00010214161002,"R.L. Kistler, Inc", 300 Mile Crossing Blvd.,,Rochester,NY ,14624,USA,rlkistler.com,585-436-1940,"Sales,"
10199,Industrial/Commercial Sales & Service,00010001611002,Huntington Power, 68 Enter Ln,,Islandia,NY ,11749,USA,,631-563-4943,"Sales,Service,Up To 2MW,Mobile/Diesel/Gas,"
10199,Industrial/Commercial Sales & Service,00010001611002,Huntington Power, 34 E DUDLEY TOWN RD.,,BLOOMFIELD,CT ,06002,USA,,860-289-8790,"Sales,Service,Rental,"
10199,Industrial/Commercial Sales & Service,00010214161002,"R.L. Kistler, Inc", 5615 Business Ave.,,N. Syracuse,NY ,13208,USA,,315-458-2875,"Sales,"
10199,Industrial/Commercial Sales & Service,00010214161002,"R.L. Kistler, Inc", 5615 Business Ave.,,N. Syracuse,NY ,13208,USA,,315-458-2875,"Sales,"
10199,Industrial/Commercial Sales & Service,00010208021002,Modern Group Power Systems, 2501 Durham Road,,Bristol,PA ,19007,USA,www.moderngroup.com,800-404-7291,"Sales,Service,Up To 2MW,Mobile/Diesel/Gas,Training,Rental,"
10199,Industrial/Commercial Sales & Service,00010001731002,Authorized Services Of New England, 410 Forest Street,,Marlborough,MA ,01752,USA,www.asne.com,888-890-9886,"Financing,Sales,Service,Up To 2MW,Mobile/Diesel/Gas,Training,Rental,"
10199,Industrial/Commercial Sales & Service,00010008091002,MODERN HANDLING EQUIP, 75 NEW STREET,,EDISON,NJ ,08837,USA,www.moderngroup.com,800-779-5116,"Sales,Service,Up To 2MW,Mobile/Diesel/Gas,"
10199,Industrial/Commercial Sales & Service,00010208021002,Modern Group Power Systems, 200 Allied Parkway,,West Berlin,NJ ,08091,USA,,800-404-7291,"Sales,Service,Up To 2MW,Mobile/Diesel/Gas,"
10199,Industrial/Commercial Sales & Service,00010208021002,Modern Group Power Systems, 6352 Chapmans Rd,,Allentown,PA ,18106,USA,,800-404-7291,"Sales,Service,Up To 2MW,Mobile/Diesel/Gas,"
10199,Industrial/Commercial Sales & Service,00010208021002,Modern Group Power Systems, 295 New Commerce Blvd.,,Wilkes Barre,PA ,18706,USA,,800-404-7291,"Sales,Service,Up To 2MW,Mobile/Diesel/Gas,"
10199,Industrial/Commercial Sales & Service,00010208021002,Modern Group Power Systems, 66A South Gate Blvd.,,New Castle,DE ,19720,USA,,800-404-7291,"Sales,Service,Up To 2MW,Mobile/Diesel/Gas,"
10199,Industrial/Commercial Sales & Service,00010000931002,"EMERGENCY POWER SYSTEMS, LLC", 35 HAMILTON LANE,,GLENMONT,NY ,12077,USA,,800-914-1465,"Service,Up To 2MW,Mobile/Diesel/Gas,"
10199,Industrial/Commercial Sales & Service,00010000931002,"EMERGENCY POWER SYSTEMS, LLC", 35 HAMILTON LANE,,GLENMONT,NY ,12077,USA,,800-914-1465,"Service,"
10199,Industrial/Commercial Sales & Service,00010208021002,Modern Group Power Systems, 3480 Board Road,,York,PA ,17402,USA,,800-404-7291,"Sales,Service,Up To 2MW,Mobile/Diesel/Gas,"
10199,Industrial/Commercial Sales & Service,00010001731002,AUTHORIZED SERVICES OF NEW ENGLAND, 410 FOREST STREET,,MARLBOROUGH,MA ,01752,USA,,888-890-9886,"Sales,"
10199,Industrial/Commercial Sales & Service,00010001691002,Kelly Generator & Equipment, 1955 Dale Ln,,Owings,MD ,20736,USA,www.kge.com,410-257-5225,"Sales,Service,Up To 2MW,Mobile/Diesel/Gas,Training,Rental,"
10199,Industrial/Commercial Sales & Service,00010001761002,"GENSERVE, INC.", 100 NEWTOWN RD,,PLAINVIEW,NY ,11803,USA,www.genserveinc.com,631-435-0437,"Service,"
10199,Industrial/Commercial Sales & Service,00111209521002,LONG ISLAND EMERGENCY POWER -QO, 2 Ocean Avenue,,DEER PARK,NY ,11729,USA,,631-586-7513,"Sales,"
10199,Industrial/Commercial Sales & Service,00010139211002,POWERPRO SERVICE CO. INC., 608 JOHNSON AVE. UNIT 6,,BOHEMIA,NY ,11716,USA,,631-567-2700,"Sales,Service,Up To 600kW,Mobile/Diesel/Gas,"
10199,Industrial/Commercial Sales & Service,00010134071002,PEAK POWER SYSTEMS, 99 SPRAGUE AVENUE,,MIDDLETOWN,NY ,10940,USA,www.peakpowersystems.com,845-344-1975,"Sales,Service,Up To 600kW,Mobile/Diesel/Gas,Rental,"
10199,Industrial/Commercial Sales & Service,00111209531002,HUNTINGTON POWER - LONG ISLAND, PO BOX 2040,,SHELTON,CT ,06484,USA,,631-586-7513,"Sales,"
10199,Industrial/Commercial Sales & Service,00010001761002,"GENSERVE, INC.", 115A TWINBRIDGE DR.,,PENNSAUKEN,NJ ,08110,USA,www.genserveinc.com,856-324-0459,"Service,"
10199,Industrial/Commercial Sales & Service,00111184131002,HUNTER & LOMISON, 1956 W FOURTH ST,,WILLIAMSPORT,PA ,17701,USA,www.hunterlomison.com,570-326-1764,"Sales,Service,Up To 600kW,Mobile/Diesel/Gas,Rental,"
10199,Industrial/Commercial Sales & Service,00010000881002,HUNTER & LOMISON INC., 1956 W. 4TH STREET,,WILLIAMSPORT,PA ,17701,USA,www.hunterlomison.com,570-326-1764,"Service,Up To 600kW,Mobile/Diesel/Gas,"
10199,Industrial/Commercial Sales & Service,00010001621002,BROOKFIELD SERVICE, 708 GLEBE ROAD,,WESTMORELAND,NH ,03467,USA,www.brookfieldservice.com,802-485-6567,"Service,Up To 600kW,Mobile/Diesel/Gas,"
10199,Industrial/Commercial Sales & Service,00010021101002,SOUTH SHORE GENERATOR INC-Quote, 2696A CRANBERRY HWY,,WAREHAM,MA ,02571,USA,,508-295-7336,"Sales,Service,Up To 600kW,Mobile/Diesel/Gas,"
10199,Industrial/Commercial Sales & Service,00010001701002,SOUTH SHORE GENERATOR INC, ,,EAST WAREHAM,MA ,02538,USA,,508-295-7336,"Financing,Sales,Service,Up To 600kW,Mobile/Diesel/Gas,"
10199,Industrial/Commercial Sales & Service,00111207431002,WARSHAUER ELECTRIC SUPPLY CO INC, 800 SHREWSBURY AVE,,TINTON FALLS,NJ ,07724,USA,www.warshauer.com,732-741-6400,"Service,"
10199,Industrial/Commercial Sales & Service,00010157021002,Mechanical Service Co, 1145 Oak St.,,Pittston,PA ,18640,USA,,570-654-2445,"Service,"
10203,Industrial/Commercial Sales & Service,00010214161002,"R.L. KISTLER, INC.", 35 HAMILTON LANE,,GLENMONT,NY ,12077,USA,,585-436-1940,"Sales,Service,"
10203,Industrial/Commercial Sales & Service,00010001611002,Huntington Power, 230 Long Hill Cross Rd,,Shelton,CT ,06484,USA,www.huntingtonpower.com,203-929-3203,"Sales,Service,Up To 2MW,Mobile/Diesel/Gas,Training,Rental,"
10203,Industrial/Commercial Sales & Service,00010214161002,"R.L. Kistler, Inc", 300 Mile Crossing Blvd.,,Rochester,NY ,14624,USA,rlkistler.com,585-436-1940,"Sales,"
10203,Industrial/Commercial Sales & Service,00010214161002,"R.L. Kistler, Inc", 5615 Business Ave.,,N. Syracuse,NY ,13208,USA,,315-458-2875,"Sales,"
10203,Industrial/Commercial Sales & Service,00010001611002,Huntington Power, 68 Enter Ln,,Islandia,NY ,11749,USA,,631-563-4943,"Sales,Service,Up To 2MW,Mobile/Diesel/Gas,"
10203,Industrial/Commercial Sales & Service,00010001611002,Huntington Power, 34 E DUDLEY TOWN RD.,,BLOOMFIELD,CT ,06002,USA,,860-289-8790,"Sales,Service,Rental,"
10203,Industrial/Commercial Sales & Service,00010214161002,"R.L. Kistler, Inc", 5615 Business Ave.,,N. Syracuse,NY ,13208,USA,,315-458-2875,"Sales,"
10203,Industrial/Commercial Sales & Service,00010208021002,Modern Group Power Systems, 2501 Durham Road,,Bristol,PA ,19007,USA,www.moderngroup.com,800-404-7291,"Sales,Service,Up To 2MW,Mobile/Diesel/Gas,Training,Rental,"
10203,Industrial/Commercial Sales & Service,00010001731002,Authorized Services Of New England, 410 Forest Street,,Marlborough,MA ,01752,USA,www.asne.com,888-890-9886,"Financing,Sales,Service,Up To 2MW,Mobile/Diesel/Gas,Training,Rental,"
10203,Industrial/Commercial Sales & Service,00010008091002,MODERN HANDLING EQUIP, 75 NEW STREET,,EDISON,NJ ,08837,USA,www.moderngroup.com,800-779-5116,"Sales,Service,Up To 2MW,Mobile/Diesel/Gas,"
10203,Industrial/Commercial Sales & Service,00010208021002,Modern Group Power Systems, 200 Allied Parkway,,West Berlin,NJ ,08091,USA,,800-404-7291,"Sales,Service,Up To 2MW,Mobile/Diesel/Gas,"
10203,Industrial/Commercial Sales & Service,00010208021002,Modern Group Power Systems, 6352 Chapmans Rd,,Allentown,PA ,18106,USA,,800-404-7291,"Sales,Service,Up To 2MW,Mobile/Diesel/Gas,"
10203,Industrial/Commercial Sales & Service,00010208021002,Modern Group Power Systems, 295 New Commerce Blvd.,,Wilkes Barre,PA ,18706,USA,,800-404-7291,"Sales,Service,Up To 2MW,Mobile/Diesel/Gas,"
10203,Industrial/Commercial Sales & Service,00010208021002,Modern Group Power Systems, 66A South Gate Blvd.,,New Castle,DE ,19720,USA,,800-404-7291,"Sales,Service,Up To 2MW,Mobile/Diesel/Gas,"
10203,Industrial/Commercial Sales & Service,00010000931002,"EMERGENCY POWER SYSTEMS, LLC", 35 HAMILTON LANE,,GLENMONT,NY ,12077,USA,,800-914-1465,"Service,Up To 2MW,Mobile/Diesel/Gas,"
10203,Industrial/Commercial Sales & Service,00010000931002,"EMERGENCY POWER SYSTEMS, LLC", 35 HAMILTON LANE,,GLENMONT,NY ,12077,USA,,800-914-1465,"Service,"
10203,Industrial/Commercial Sales & Service,00010208021002,Modern Group Power Systems, 3480 Board Road,,York,PA ,17402,USA,,800-404-7291,"Sales,Service,Up To 2MW,Mobile/Diesel/Gas,"
10203,Industrial/Commercial Sales & Service,00010001731002,AUTHORIZED SERVICES OF NEW ENGLAND, 410 FOREST STREET,,MARLBOROUGH,MA ,01752,USA,,888-890-9886,"Sales,"
10203,Industrial/Commercial Sales & Service,00010001691002,Kelly Generator & Equipment, 1955 Dale Ln,,Owings,MD ,20736,USA,www.kge.com,410-257-5225,"Sales,Service,Up To 2MW,Mobile/Diesel/Gas,Training,Rental,"
10203,Industrial/Commercial Sales & Service,00010001761002,"GENSERVE, INC.", 100 NEWTOWN RD,,PLAINVIEW,NY ,11803,USA,www.genserveinc.com,631-435-0437,"Service,"
10203,Industrial/Commercial Sales & Service,00111209521002,LONG ISLAND EMERGENCY POWER -QO, 2 Ocean Avenue,,DEER PARK,NY ,11729,USA,,631-586-7513,"Sales,"
10203,Industrial/Commercial Sales & Service,00010139211002,POWERPRO SERVICE CO. INC., 608 JOHNSON AVE. UNIT 6,,BOHEMIA,NY ,11716,USA,,631-567-2700,"Sales,Service,Up To 600kW,Mobile/Diesel/Gas,"
10203,Industrial/Commercial Sales & Service,00010134071002,PEAK POWER SYSTEMS, 99 SPRAGUE AVENUE,,MIDDLETOWN,NY ,10940,USA,www.peakpowersystems.com,845-344-1975,"Sales,Service,Up To 600kW,Mobile/Diesel/Gas,Rental,"
10203,Industrial/Commercial Sales & Service,00111209531002,HUNTINGTON POWER - LONG ISLAND, PO BOX 2040,,SHELTON,CT ,06484,USA,,631-586-7513,"Sales,"
10203,Industrial/Commercial Sales & Service,00010001761002,"GENSERVE, INC.", 115A TWINBRIDGE DR.,,PENNSAUKEN,NJ ,08110,USA,www.genserveinc.com,856-324-0459,"Service,"
10203,Industrial/Commercial Sales & Service,00111184131002,HUNTER & LOMISON, 1956 W FOURTH ST,,WILLIAMSPORT,PA ,17701,USA,www.hunterlomison.com,570-326-1764,"Sales,Service,Up To 600kW,Mobile/Diesel/Gas,Rental,"
10203,Industrial/Commercial Sales & Service,00010000881002,HUNTER & LOMISON INC., 1956 W. 4TH STREET,,WILLIAMSPORT,PA ,17701,USA,www.hunterlomison.com,570-326-1764,"Service,Up To 600kW,Mobile/Diesel/Gas,"
10203,Industrial/Commercial Sales & Service,00010001621002,BROOKFIELD SERVICE, 708 GLEBE ROAD,,WESTMORELAND,NH ,03467,USA,www.brookfieldservice.com,802-485-6567,"Service,Up To 600kW,Mobile/Diesel/Gas,"
10203,Industrial/Commercial Sales & Service,00010021101002,SOUTH SHORE GENERATOR INC-Quote, 2696A CRANBERRY HWY,,WAREHAM,MA ,02571,USA,,508-295-7336,"Sales,Service,Up To 600kW,Mobile/Diesel/Gas,"
10203,Industrial/Commercial Sales & Service,00010001701002,SOUTH SHORE GENERATOR INC, ,,EAST WAREHAM,MA ,02538,USA,,508-295-7336,"Financing,Sales,Service,Up To 600kW,Mobile/Diesel/Gas,"
10203,Industrial/Commercial Sales & Service,00111207431002,WARSHAUER ELECTRIC SUPPLY CO INC, 800 SHREWSBURY AVE,,TINTON FALLS,NJ ,07724,USA,www.warshauer.com,732-741-6400,"Service,"
10203,Industrial/Commercial Sales & Service,00010157021002,Mechanical Service Co, 1145 Oak St.,,Pittston,PA ,18640,USA,,570-654-2445,"Service,"
10211,Industrial/Commercial Sales & Service,00010214161002,"R.L. Kistler, Inc", 300 Mile Crossing Blvd.,,Rochester,NY ,14624,USA,rlkistler.com,585-436-1940,"Sales,"
10211,Industrial/Commercial Sales & Service,00010001611002,Huntington Power, 230 Long Hill Cross Rd,,Shelton,CT ,06484,USA,www.huntingtonpower.com,203-929-3203,"Sales,Service,Up To 2MW,Mobile/Diesel/Gas,Training,Rental,"
10211,Industrial/Commercial Sales & Service,00010214161002,"R.L. KISTLER, INC.", 35 HAMILTON LANE,,GLENMONT,NY ,12077,USA,,585-436-1940,"Sales,Service,"
10211,Industrial/Commercial Sales & Service,00010214161002,"R.L. Kistler, Inc", 5615 Business Ave.,,N. Syracuse,NY ,13208,USA,,315-458-2875,"Sales,"
10211,Industrial/Commercial Sales & Service,00010001611002,Huntington Power, 68 Enter Ln,,Islandia,NY ,11749,USA,,631-563-4943,"Sales,Service,Up To 2MW,Mobile/Diesel/Gas,"
10211,Industrial/Commercial Sales & Service,00010001611002,Huntington Power, 34 E DUDLEY TOWN RD.,,BLOOMFIELD,CT ,06002,USA,,860-289-8790,"Sales,Service,Rental,"
10211,Industrial/Commercial Sales & Service,00010214161002,"R.L. Kistler, Inc", 5615 Business Ave.,,N. Syracuse,NY ,13208,USA,,315-458-2875,"Sales,"
10211,Industrial/Commercial Sales & Service,00010208021002,Modern Group Power Systems, 2501 Durham Road,,Bristol,PA ,19007,USA,www.moderngroup.com,800-404-7291,"Sales,Service,Up To 2MW,Mobile/Diesel/Gas,Training,Rental,"
10211,Industrial/Commercial Sales & Service,00010001731002,Authorized Services Of New England, 410 Forest Street,,Marlborough,MA ,01752,USA,www.asne.com,888-890-9886,"Financing,Sales,Service,Up To 2MW,Mobile/Diesel/Gas,Training,Rental,"
10211,Industrial/Commercial Sales & Service,00010008091002,MODERN HANDLING EQUIP, 75 NEW STREET,,EDISON,NJ ,08837,USA,www.moderngroup.com,800-779-5116,"Sales,Service,Up To 2MW,Mobile/Diesel/Gas,"
10211,Industrial/Commercial Sales & Service,00010208021002,Modern Group Power Systems, 200 Allied Parkway,,West Berlin,NJ ,08091,USA,,800-404-7291,"Sales,Service,Up To 2MW,Mobile/Diesel/Gas,"
10211,Industrial/Commercial Sales & Service,00010208021002,Modern Group Power Systems, 6352 Chapmans Rd,,Allentown,PA ,18106,USA,,800-404-7291,"Sales,Service,Up To 2MW,Mobile/Diesel/Gas,"
10211,Industrial/Commercial Sales & Service,00010208021002,Modern Group Power Systems, 295 New Commerce Blvd.,,Wilkes Barre,PA ,18706,USA,,800-404-7291,"Sales,Service,Up To 2MW,Mobile/Diesel/Gas,"
10211,Industrial/Commercial Sales & Service,00010208021002,Modern Group Power Systems, 66A South Gate Blvd.,,New Castle,DE ,19720,USA,,800-404-7291,"Sales,Service,Up To 2MW,Mobile/Diesel/Gas,"
10211,Industrial/Commercial Sales & Service,00010000931002,"EMERGENCY POWER SYSTEMS, LLC", 35 HAMILTON LANE,,GLENMONT,NY ,12077,USA,,800-914-1465,"Service,Up To 2MW,Mobile/Diesel/Gas,"
10211,Industrial/Commercial Sales & Service,00010000931002,"EMERGENCY POWER SYSTEMS, LLC", 35 HAMILTON LANE,,GLENMONT,NY ,12077,USA,,800-914-1465,"Service,"
10211,Industrial/Commercial Sales & Service,00010208021002,Modern Group Power Systems, 3480 Board Road,,York,PA ,17402,USA,,800-404-7291,"Sales,Service,Up To 2MW,Mobile/Diesel/Gas,"
10211,Industrial/Commercial Sales & Service,00010001731002,AUTHORIZED SERVICES OF NEW ENGLAND, 410 FOREST STREET,,MARLBOROUGH,MA ,01752,USA,,888-890-9886,"Sales,"
10211,Industrial/Commercial Sales & Service,00010001691002,Kelly Generator & Equipment, 1955 Dale Ln,,Owings,MD ,20736,USA,www.kge.com,410-257-5225,"Sales,Service,Up To 2MW,Mobile/Diesel/Gas,Training,Rental,"
10211,Industrial/Commercial Sales & Service,00010001761002,"GENSERVE, INC.", 100 NEWTOWN RD,,PLAINVIEW,NY ,11803,USA,www.genserveinc.com,631-435-0437,"Service,"
10211,Industrial/Commercial Sales & Service,00111209521002,LONG ISLAND EMERGENCY POWER -QO, 2 Ocean Avenue,,DEER PARK,NY ,11729,USA,,631-586-7513,"Sales,"
10211,Industrial/Commercial Sales & Service,00010139211002,POWERPRO SERVICE CO. INC., 608 JOHNSON AVE. UNIT 6,,BOHEMIA,NY ,11716,USA,,631-567-2700,"Sales,Service,Up To 600kW,Mobile/Diesel/Gas,"
10211,Industrial/Commercial Sales & Service,00010134071002,PEAK POWER SYSTEMS, 99 SPRAGUE AVENUE,,MIDDLETOWN,NY ,10940,USA,www.peakpowersystems.com,845-344-1975,"Sales,Service,Up To 600kW,Mobile/Diesel/Gas,Rental,"
10211,Industrial/Commercial Sales & Service,00111209531002,HUNTINGTON POWER - LONG ISLAND, PO BOX 2040,,SHELTON,CT ,06484,USA,,631-586-7513,"Sales,"
10211,Industrial/Commercial Sales & Service,00010001761002,"GENSERVE, INC.", 115A TWINBRIDGE DR.,,PENNSAUKEN,NJ ,08110,USA,www.genserveinc.com,856-324-0459,"Service,"
10211,Industrial/Commercial Sales & Service,00111184131002,HUNTER & LOMISON, 1956 W FOURTH ST,,WILLIAMSPORT,PA ,17701,USA,www.hunterlomison.com,570-326-1764,"Sales,Service,Up To 600kW,Mobile/Diesel/Gas,Rental,"
10211,Industrial/Commercial Sales & Service,00010000881002,HUNTER & LOMISON INC., 1956 W. 4TH STREET,,WILLIAMSPORT,PA ,17701,USA,www.hunterlomison.com,570-326-1764,"Service,Up To 600kW,Mobile/Diesel/Gas,"
10211,Industrial/Commercial Sales & Service,00010001621002,BROOKFIELD SERVICE, 708 GLEBE ROAD,,WESTMORELAND,NH ,03467,USA,www.brookfieldservice.com,802-485-6567,"Service,Up To 600kW,Mobile/Diesel/Gas,"
10211,Industrial/Commercial Sales & Service,00010021101002,SOUTH SHORE GENERATOR INC-Quote, 2696A CRANBERRY HWY,,WAREHAM,MA ,02571,USA,,508-295-7336,"Sales,Service,Up To 600kW,Mobile/Diesel/Gas,"
10211,Industrial/Commercial Sales & Service,00010001701002,SOUTH SHORE GENERATOR INC, ,,EAST WAREHAM,MA ,02538,USA,,508-295-7336,"Financing,Sales,Service,Up To 600kW,Mobile/Diesel/Gas,"
10211,Industrial/Commercial Sales & Service,00111207431002,WARSHAUER ELECTRIC SUPPLY CO INC, 800 SHREWSBURY AVE,,TINTON FALLS,NJ ,07724,USA,www.warshauer.com,732-741-6400,"Service,"
10211,Industrial/Commercial Sales & Service,00010157021002,Mechanical Service Co, 1145 Oak St.,,Pittston,PA ,18640,USA,,570-654-2445,"Service,"
10212,Industrial/Commercial Sales & Service,00010214161002,"R.L. KISTLER, INC.", 35 HAMILTON LANE,,GLENMONT,NY ,12077,USA,,585-436-1940,"Sales,Service,"
10212,Industrial/Commercial Sales & Service,00010001611002,Huntington Power, 230 Long Hill Cross Rd,,Shelton,CT ,06484,USA,www.huntingtonpower.com,203-929-3203,"Sales,Service,Up To 2MW,Mobile/Diesel/Gas,Training,Rental,"
10212,Industrial/Commercial Sales & Service,00010214161002,"R.L. Kistler, Inc", 300 Mile Crossing Blvd.,,Rochester,NY ,14624,USA,rlkistler.com,585-436-1940,"Sales,"
10212,Industrial/Commercial Sales & Service,00010214161002,"R.L. Kistler, Inc", 5615 Business Ave.,,N. Syracuse,NY ,13208,USA,,315-458-2875,"Sales,"
10212,Industrial/Commercial Sales & Service,00010001611002,Huntington Power, 68 Enter Ln,,Islandia,NY ,11749,USA,,631-563-4943,"Sales,Service,Up To 2MW,Mobile/Diesel/Gas,"
10212,Industrial/Commercial Sales & Service,00010001611002,Huntington Power, 34 E DUDLEY TOWN RD.,,BLOOMFIELD,CT ,06002,USA,,860-289-8790,"Sales,Service,Rental,"
10212,Industrial/Commercial Sales & Service,00010214161002,"R.L. Kistler, Inc", 5615 Business Ave.,,N. Syracuse,NY ,13208,USA,,315-458-2875,"Sales,"
10212,Industrial/Commercial Sales & Service,00010208021002,Modern Group Power Systems, 2501 Durham Road,,Bristol,PA ,19007,USA,www.moderngroup.com,800-404-7291,"Sales,Service,Up To 2MW,Mobile/Diesel/Gas,Training,Rental,"
10212,Industrial/Commercial Sales & Service,00010001731002,Authorized Services Of New England, 410 Forest Street,,Marlborough,MA ,01752,USA,www.asne.com,888-890-9886,"Financing,Sales,Service,Up To 2MW,Mobile/Diesel/Gas,Training,Rental,"
10212,Industrial/Commercial Sales & Service,00010008091002,MODERN HANDLING EQUIP, 75 NEW STREET,,EDISON,NJ ,08837,USA,www.moderngroup.com,800-779-5116,"Sales,Service,Up To 2MW,Mobile/Diesel/Gas,"
10212,Industrial/Commercial Sales & Service,00010208021002,Modern Group Power Systems, 200 Allied Parkway,,West Berlin,NJ ,08091,USA,,800-404-7291,"Sales,Service,Up To 2MW,Mobile/Diesel/Gas,"
10212,Industrial/Commercial Sales & Service,00010208021002,Modern Group Power Systems, 6352 Chapmans Rd,,Allentown,PA ,18106,USA,,800-404-7291,"Sales,Service,Up To 2MW,Mobile/Diesel/Gas,"
10212,Industrial/Commercial Sales & Service,00010208021002,Modern Group Power Systems, 295 New Commerce Blvd.,,Wilkes Barre,PA ,18706,USA,,800-404-7291,"Sales,Service,Up To 2MW,Mobile/Diesel/Gas,"
10212,Industrial/Commercial Sales & Service,00010208021002,Modern Group Power Systems, 66A South Gate Blvd.,,New Castle,DE ,19720,USA,,800-404-7291,"Sales,Service,Up To 2MW,Mobile/Diesel/Gas,"
10212,Industrial/Commercial Sales & Service,00010000931002,"EMERGENCY POWER SYSTEMS, LLC", 35 HAMILTON LANE,,GLENMONT,NY ,12077,USA,,800-914-1465,"Service,Up To 2MW,Mobile/Diesel/Gas,"
10212,Industrial/Commercial Sales & Service,00010000931002,"EMERGENCY POWER SYSTEMS, LLC", 35 HAMILTON LANE,,GLENMONT,NY ,12077,USA,,800-914-1465,"Service,"
10212,Industrial/Commercial Sales & Service,00010208021002,Modern Group Power Systems, 3480 Board Road,,York,PA ,17402,USA,,800-404-7291,"Sales,Service,Up To 2MW,Mobile/Diesel/Gas,"
10212,Industrial/Commercial Sales & Service,00010001731002,AUTHORIZED SERVICES OF NEW ENGLAND, 410 FOREST STREET,,MARLBOROUGH,MA ,01752,USA,,888-890-9886,"Sales,"
10212,Industrial/Commercial Sales & Service,00010001691002,Kelly Generator & Equipment, 1955 Dale Ln,,Owings,MD ,20736,USA,www.kge.com,410-257-5225,"Sales,Service,Up To 2MW,Mobile/Diesel/Gas,Training,Rental,"
10212,Industrial/Commercial Sales & Service,00010001761002,"GENSERVE, INC.", 100 NEWTOWN RD,,PLAINVIEW,NY ,11803,USA,www.genserveinc.com,631-435-0437,"Service,"
10212,Industrial/Commercial Sales & Service,00111209521002,LONG ISLAND EMERGENCY POWER -QO, 2 Ocean Avenue,,DEER PARK,NY ,11729,USA,,631-586-7513,"Sales,"
10212,Industrial/Commercial Sales & Service,00010139211002,POWERPRO SERVICE CO. INC., 608 JOHNSON AVE. UNIT 6,,BOHEMIA,NY ,11716,USA,,631-567-2700,"Sales,Service,Up To 600kW,Mobile/Diesel/Gas,"
10212,Industrial/Commercial Sales & Service,00010134071002,PEAK POWER SYSTEMS, 99 SPRAGUE AVENUE,,MIDDLETOWN,NY ,10940,USA,www.peakpowersystems.com,845-344-1975,"Sales,Service,Up To 600kW,Mobile/Diesel/Gas,Rental,"
10212,Industrial/Commercial Sales & Service,00111209531002,HUNTINGTON POWER - LONG ISLAND, PO BOX 2040,,SHELTON,CT ,06484,USA,,631-586-7513,"Sales,"
10212,Industrial/Commercial Sales & Service,00010001761002,"GENSERVE, INC.", 115A TWINBRIDGE DR.,,PENNSAUKEN,NJ ,08110,USA,www.genserveinc.com,856-324-0459,"Service,"
10212,Industrial/Commercial Sales & Service,00111184131002,HUNTER & LOMISON, 1956 W FOURTH ST,,WILLIAMSPORT,PA ,17701,USA,www.hunterlomison.com,570-326-1764,"Sales,Service,Up To 600kW,Mobile/Diesel/Gas,Rental,"
10212,Industrial/Commercial Sales & Service,00010000881002,HUNTER & LOMISON INC., 1956 W. 4TH STREET,,WILLIAMSPORT,PA ,17701,USA,www.hunterlomison.com,570-326-1764,"Service,Up To 600kW,Mobile/Diesel/Gas,"
10212,Industrial/Commercial Sales & Service,00010001621002,BROOKFIELD SERVICE, 708 GLEBE ROAD,,WESTMORELAND,NH ,03467,USA,www.brookfieldservice.com,802-485-6567,"Service,Up To 600kW,Mobile/Diesel/Gas,"
10212,Industrial/Commercial Sales & Service,00010021101002,SOUTH SHORE GENERATOR INC-Quote, 2696A CRANBERRY HWY,,WAREHAM,MA ,02571,USA,,508-295-7336,"Sales,Service,Up To 600kW,Mobile/Diesel/Gas,"
10212,Industrial/Commercial Sales & Service,00010001701002,SOUTH SHORE GENERATOR INC, ,,EAST WAREHAM,MA ,02538,USA,,508-295-7336,"Financing,Sales,Service,Up To 600kW,Mobile/Diesel/Gas,"
10212,Industrial/Commercial Sales & Service,00111207431002,WARSHAUER ELECTRIC SUPPLY CO INC, 800 SHREWSBURY AVE,,TINTON FALLS,NJ ,07724,USA,www.warshauer.com,732-741-6400,"Service,"
10212,Industrial/Commercial Sales & Service,00010157021002,Mechanical Service Co, 1145 Oak St.,,Pittston,PA ,18640,USA,,570-654-2445,"Service,"
10213,Industrial/Commercial Sales & Service,00010214161002,"R.L. Kistler, Inc", 300 Mile Crossing Blvd.,,Rochester,NY ,14624,USA,rlkistler.com,585-436-1940,"Sales,"
10213,Industrial/Commercial Sales & Service,00010214161002,"R.L. KISTLER, INC.", 35 HAMILTON LANE,,GLENMONT,NY ,12077,USA,,585-436-1940,"Sales,Service,"
10213,Industrial/Commercial Sales & Service,00010001611002,Huntington Power, 230 Long Hill Cross Rd,,Shelton,CT ,06484,USA,www.huntingtonpower.com,203-929-3203,"Sales,Service,Up To 2MW,Mobile/Diesel/Gas,Training,Rental,"
10213,Industrial/Commercial Sales & Service,00010214161002,"R.L. Kistler, Inc", 5615 Business Ave.,,N. Syracuse,NY ,13208,USA,,315-458-2875,"Sales,"
10213,Industrial/Commercial Sales & Service,00010214161002,"R.L. Kistler, Inc", 5615 Business Ave.,,N. Syracuse,NY ,13208,USA,,315-458-2875,"Sales,"
10213,Industrial/Commercial Sales & Service,00010001611002,Huntington Power, 68 Enter Ln,,Islandia,NY ,11749,USA,,631-563-4943,"Sales,Service,Up To 2MW,Mobile/Diesel/Gas,"
10213,Industrial/Commercial Sales & Service,00010001611002,Huntington Power, 34 E DUDLEY TOWN RD.,,BLOOMFIELD,CT ,06002,USA,,860-289-8790,"Sales,Service,Rental,"
10213,Industrial/Commercial Sales & Service,00010208021002,Modern Group Power Systems, 2501 Durham Road,,Bristol,PA ,19007,USA,www.moderngroup.com,800-404-7291,"Sales,Service,Up To 2MW,Mobile/Diesel/Gas,Training,Rental,"
10213,Industrial/Commercial Sales & Service,00010001731002,Authorized Services Of New England, 410 Forest Street,,Marlborough,MA ,01752,USA,www.asne.com,888-890-9886,"Financing,Sales,Service,Up To 2MW,Mobile/Diesel/Gas,Training,Rental,"
10213,Industrial/Commercial Sales & Service,00010008091002,MODERN HANDLING EQUIP, 75 NEW STREET,,EDISON,NJ ,08837,USA,www.moderngroup.com,800-779-5116,"Sales,Service,Up To 2MW,Mobile/Diesel/Gas,"
10213,Industrial/Commercial Sales & Service,00010208021002,Modern Group Power Systems, 200 Allied Parkway,,West Berlin,NJ ,08091,USA,,800-404-7291,"Sales,Service,Up To 2MW,Mobile/Diesel/Gas,"
10213,Industrial/Commercial Sales & Service,00010208021002,Modern Group Power Systems, 6352 Chapmans Rd,,Allentown,PA ,18106,USA,,800-404-7291,"Sales,Service,Up To 2MW,Mobile/Diesel/Gas,"
10213,Industrial/Commercial Sales & Service,00010208021002,Modern Group Power Systems, 295 New Commerce Blvd.,,Wilkes Barre,PA ,18706,USA,,800-404-7291,"Sales,Service,Up To 2MW,Mobile/Diesel/Gas,"
10213,Industrial/Commercial Sales & Service,00010208021002,Modern Group Power Systems, 66A South Gate Blvd.,,New Castle,DE ,19720,USA,,800-404-7291,"Sales,Service,Up To 2MW,Mobile/Diesel/Gas,"
10213,Industrial/Commercial Sales & Service,00010000931002,"EMERGENCY POWER SYSTEMS, LLC", 35 HAMILTON LANE,,GLENMONT,NY ,12077,USA,,800-914-1465,"Service,Up To 2MW,Mobile/Diesel/Gas,"
10213,Industrial/Commercial Sales & Service,00010000931002,"EMERGENCY POWER SYSTEMS, LLC", 35 HAMILTON LANE,,GLENMONT,NY ,12077,USA,,800-914-1465,"Service,"
10213,Industrial/Commercial Sales & Service,00010208021002,Modern Group Power Systems, 3480 Board Road,,York,PA ,17402,USA,,800-404-7291,"Sales,Service,Up To 2MW,Mobile/Diesel/Gas,"
10213,Industrial/Commercial Sales & Service,00010001731002,AUTHORIZED SERVICES OF NEW ENGLAND, 410 FOREST STREET,,MARLBOROUGH,MA ,01752,USA,,888-890-9886,"Sales,"
10213,Industrial/Commercial Sales & Service,00010001691002,Kelly Generator & Equipment, 1955 Dale Ln,,Owings,MD ,20736,USA,www.kge.com,410-257-5225,"Sales,Service,Up To 2MW,Mobile/Diesel/Gas,Training,Rental,"
10213,Industrial/Commercial Sales & Service,00010001761002,"GENSERVE, INC.", 100 NEWTOWN RD,,PLAINVIEW,NY ,11803,USA,www.genserveinc.com,631-435-0437,"Service,"
10213,Industrial/Commercial Sales & Service,00111209521002,LONG ISLAND EMERGENCY POWER -QO, 2 Ocean Avenue,,DEER PARK,NY ,11729,USA,,631-586-7513,"Sales,"
10213,Industrial/Commercial Sales & Service,00010139211002,POWERPRO SERVICE CO. INC., 608 JOHNSON AVE. UNIT 6,,BOHEMIA,NY ,11716,USA,,631-567-2700,"Sales,Service,Up To 600kW,Mobile/Diesel/Gas,"
10213,Industrial/Commercial Sales & Service,00010134071002,PEAK POWER SYSTEMS, 99 SPRAGUE AVENUE,,MIDDLETOWN,NY ,10940,USA,www.peakpowersystems.com,845-344-1975,"Sales,Service,Up To 600kW,Mobile/Diesel/Gas,Rental,"
10213,Industrial/Commercial Sales & Service,00111209531002,HUNTINGTON POWER - LONG ISLAND, PO BOX 2040,,SHELTON,CT ,06484,USA,,631-586-7513,"Sales,"
10213,Industrial/Commercial Sales & Service,00010001761002,"GENSERVE, INC.", 115A TWINBRIDGE DR.,,PENNSAUKEN,NJ ,08110,USA,www.genserveinc.com,856-324-0459,"Service,"
10213,Industrial/Commercial Sales & Service,00111184131002,HUNTER & LOMISON, 1956 W FOURTH ST,,WILLIAMSPORT,PA ,17701,USA,www.hunterlomison.com,570-326-1764,"Sales,Service,Up To 600kW,Mobile/Diesel/Gas,Rental,"
10213,Industrial/Commercial Sales & Service,00010000881002,HUNTER & LOMISON INC., 1956 W. 4TH STREET,,WILLIAMSPORT,PA ,17701,USA,www.hunterlomison.com,570-326-1764,"Service,Up To 600kW,Mobile/Diesel/Gas,"
10213,Industrial/Commercial Sales & Service,00010001621002,BROOKFIELD SERVICE, 708 GLEBE ROAD,,WESTMORELAND,NH ,03467,USA,www.brookfieldservice.com,802-485-6567,"Service,Up To 600kW,Mobile/Diesel/Gas,"
10213,Industrial/Commercial Sales & Service,00010021101002,SOUTH SHORE GENERATOR INC-Quote, 2696A CRANBERRY HWY,,WAREHAM,MA ,02571,USA,,508-295-7336,"Sales,Service,Up To 600kW,Mobile/Diesel/Gas,"
10213,Industrial/Commercial Sales & Service,00010001701002,SOUTH SHORE GENERATOR INC, ,,EAST WAREHAM,MA ,02538,USA,,508-295-7336,"Financing,Sales,Service,Up To 600kW,Mobile/Diesel/Gas,"
10213,Industrial/Commercial Sales & Service,00111207431002,WARSHAUER ELECTRIC SUPPLY CO INC, 800 SHREWSBURY AVE,,TINTON FALLS,NJ ,07724,USA,www.warshauer.com,732-741-6400,"Service,"
10213,Industrial/Commercial Sales & Service,00010157021002,Mechanical Service Co, 1145 Oak St.,,Pittston,PA ,18640,USA,,570-654-2445,"Service,"
10242,Industrial/Commercial Sales & Service,00010214161002,"R.L. Kistler, Inc", 300 Mile Crossing Blvd.,,Rochester,NY ,14624,USA,rlkistler.com,585-436-1940,"Sales,"
10242,Industrial/Commercial Sales & Service,00010001611002,Huntington Power, 230 Long Hill Cross Rd,,Shelton,CT ,06484,USA,www.huntingtonpower.com,203-929-3203,"Sales,Service,Up To 2MW,Mobile/Diesel/Gas,Training,Rental,"
10242,Industrial/Commercial Sales & Service,00010214161002,"R.L. KISTLER, INC.", 35 HAMILTON LANE,,GLENMONT,NY ,12077,USA,,585-436-1940,"Sales,Service,"
10242,Industrial/Commercial Sales & Service,00010214161002,"R.L. Kistler, Inc", 5615 Business Ave.,,N. Syracuse,NY ,13208,USA,,315-458-2875,"Sales,"
10242,Industrial/Commercial Sales & Service,00010001611002,Huntington Power, 68 Enter Ln,,Islandia,NY ,11749,USA,,631-563-4943,"Sales,Service,Up To 2MW,Mobile/Diesel/Gas,"
10242,Industrial/Commercial Sales & Service,00010001611002,Huntington Power, 34 E DUDLEY TOWN RD.,,BLOOMFIELD,CT ,06002,USA,,860-289-8790,"Sales,Service,Rental,"
10242,Industrial/Commercial Sales & Service,00010214161002,"R.L. Kistler, Inc", 5615 Business Ave.,,N. Syracuse,NY ,13208,USA,,315-458-2875,"Sales,"
10242,Industrial/Commercial Sales & Service,00010208021002,Modern Group Power Systems, 2501 Durham Road,,Bristol,PA ,19007,USA,www.moderngroup.com,800-404-7291,"Sales,Service,Up To 2MW,Mobile/Diesel/Gas,Training,Rental,"
10242,Industrial/Commercial Sales & Service,00010001731002,Authorized Services Of New England, 410 Forest Street,,Marlborough,MA ,01752,USA,www.asne.com,888-890-9886,"Financing,Sales,Service,Up To 2MW,Mobile/Diesel/Gas,Training,Rental,"
10242,Industrial/Commercial Sales & Service,00010008091002,MODERN HANDLING EQUIP, 75 NEW STREET,,EDISON,NJ ,08837,USA,www.moderngroup.com,800-779-5116,"Sales,Service,Up To 2MW,Mobile/Diesel/Gas,"
10242,Industrial/Commercial Sales & Service,00010208021002,Modern Group Power Systems, 200 Allied Parkway,,West Berlin,NJ ,08091,USA,,800-404-7291,"Sales,Service,Up To 2MW,Mobile/Diesel/Gas,"
10242,Industrial/Commercial Sales & Service,00010208021002,Modern Group Power Systems, 6352 Chapmans Rd,,Allentown,PA ,18106,USA,,800-404-7291,"Sales,Service,Up To 2MW,Mobile/Diesel/Gas,"
10242,Industrial/Commercial Sales & Service,00010208021002,Modern Group Power Systems, 295 New Commerce Blvd.,,Wilkes Barre,PA ,18706,USA,,800-404-7291,"Sales,Service,Up To 2MW,Mobile/Diesel/Gas,"
10242,Industrial/Commercial Sales & Service,00010208021002,Modern Group Power Systems, 66A South Gate Blvd.,,New Castle,DE ,19720,USA,,800-404-7291,"Sales,Service,Up To 2MW,Mobile/Diesel/Gas,"
10242,Industrial/Commercial Sales & Service,00010000931002,"EMERGENCY POWER SYSTEMS, LLC", 35 HAMILTON LANE,,GLENMONT,NY ,12077,USA,,800-914-1465,"Service,Up To 2MW,Mobile/Diesel/Gas,"
10242,Industrial/Commercial Sales & Service,00010000931002,"EMERGENCY POWER SYSTEMS, LLC", 35 HAMILTON LANE,,GLENMONT,NY ,12077,USA,,800-914-1465,"Service,"
10242,Industrial/Commercial Sales & Service,00010208021002,Modern Group Power Systems, 3480 Board Road,,York,PA ,17402,USA,,800-404-7291,"Sales,Service,Up To 2MW,Mobile/Diesel/Gas,"
10242,Industrial/Commercial Sales & Service,00010001731002,AUTHORIZED SERVICES OF NEW ENGLAND, 410 FOREST STREET,,MARLBOROUGH,MA ,01752,USA,,888-890-9886,"Sales,"
10242,Industrial/Commercial Sales & Service,00010001691002,Kelly Generator & Equipment, 1955 Dale Ln,,Owings,MD ,20736,USA,www.kge.com,410-257-5225,"Sales,Service,Up To 2MW,Mobile/Diesel/Gas,Training,Rental,"
10242,Industrial/Commercial Sales & Service,00010001761002,"GENSERVE, INC.", 100 NEWTOWN RD,,PLAINVIEW,NY ,11803,USA,www.genserveinc.com,631-435-0437,"Service,"
10242,Industrial/Commercial Sales & Service,00111209521002,LONG ISLAND EMERGENCY POWER -QO, 2 Ocean Avenue,,DEER PARK,NY ,11729,USA,,631-586-7513,"Sales,"
10242,Industrial/Commercial Sales & Service,00010139211002,POWERPRO SERVICE CO. INC., 608 JOHNSON AVE. UNIT 6,,BOHEMIA,NY ,11716,USA,,631-567-2700,"Sales,Service,Up To 600kW,Mobile/Diesel/Gas,"
10242,Industrial/Commercial Sales & Service,00010134071002,PEAK POWER SYSTEMS, 99 SPRAGUE AVENUE,,MIDDLETOWN,NY ,10940,USA,www.peakpowersystems.com,845-344-1975,"Sales,Service,Up To 600kW,Mobile/Diesel/Gas,Rental,"
10242,Industrial/Commercial Sales & Service,00111209531002,HUNTINGTON POWER - LONG ISLAND, PO BOX 2040,,SHELTON,CT ,06484,USA,,631-586-7513,"Sales,"
10242,Industrial/Commercial Sales & Service,00010001761002,"GENSERVE, INC.", 115A TWINBRIDGE DR.,,PENNSAUKEN,NJ ,08110,USA,www.genserveinc.com,856-324-0459,"Service,"
10242,Industrial/Commercial Sales & Service,00111184131002,HUNTER & LOMISON, 1956 W FOURTH ST,,WILLIAMSPORT,PA ,17701,USA,www.hunterlomison.com,570-326-1764,"Sales,Service,Up To 600kW,Mobile/Diesel/Gas,Rental,"
10242,Industrial/Commercial Sales & Service,00010000881002,HUNTER & LOMISON INC., 1956 W. 4TH STREET,,WILLIAMSPORT,PA ,17701,USA,www.hunterlomison.com,570-326-1764,"Service,Up To 600kW,Mobile/Diesel/Gas,"
10242,Industrial/Commercial Sales & Service,00010001621002,BROOKFIELD SERVICE, 708 GLEBE ROAD,,WESTMORELAND,NH ,03467,USA,www.brookfieldservice.com,802-485-6567,"Service,Up To 600kW,Mobile/Diesel/Gas,"
10242,Industrial/Commercial Sales & Service,00010021101002,SOUTH SHORE GENERATOR INC-Quote, 2696A CRANBERRY HWY,,WAREHAM,MA ,02571,USA,,508-295-7336,"Sales,Service,Up To 600kW,Mobile/Diesel/Gas,"
10242,Industrial/Commercial Sales & Service,00010001701002,SOUTH SHORE GENERATOR INC, ,,EAST WAREHAM,MA ,02538,USA,,508-295-7336,"Financing,Sales,Service,Up To 600kW,Mobile/Diesel/Gas,"
10242,Industrial/Commercial Sales & Service,00111207431002,WARSHAUER ELECTRIC SUPPLY CO INC, 800 SHREWSBURY AVE,,TINTON FALLS,NJ ,07724,USA,www.warshauer.com,732-741-6400,"Service,"
10242,Industrial/Commercial Sales & Service,00010157021002,Mechanical Service Co, 1145 Oak St.,,Pittston,PA ,18640,USA,,570-654-2445,"Service,"
10249,Industrial/Commercial Sales & Service,00010001611002,Huntington Power, 230 Long Hill Cross Rd,,Shelton,CT ,06484,USA,www.huntingtonpower.com,203-929-3203,"Sales,Service,Up To 2MW,Mobile/Diesel/Gas,Training,Rental,"
10249,Industrial/Commercial Sales & Service,00010214161002,"R.L. Kistler, Inc", 300 Mile Crossing Blvd.,,Rochester,NY ,14624,USA,rlkistler.com,585-436-1940,"Sales,"
10249,Industrial/Commercial Sales & Service,00010214161002,"R.L. KISTLER, INC.", 35 HAMILTON LANE,,GLENMONT,NY ,12077,USA,,585-436-1940,"Sales,Service,"
10249,Industrial/Commercial Sales & Service,00010001611002,Huntington Power, 68 Enter Ln,,Islandia,NY ,11749,USA,,631-563-4943,"Sales,Service,Up To 2MW,Mobile/Diesel/Gas,"
10249,Industrial/Commercial Sales & Service,00010001611002,Huntington Power, 34 E DUDLEY TOWN RD.,,BLOOMFIELD,CT ,06002,USA,,860-289-8790,"Sales,Service,Rental,"
10249,Industrial/Commercial Sales & Service,00010214161002,"R.L. Kistler, Inc", 5615 Business Ave.,,N. Syracuse,NY ,13208,USA,,315-458-2875,"Sales,"
10249,Industrial/Commercial Sales & Service,00010214161002,"R.L. Kistler, Inc", 5615 Business Ave.,,N. Syracuse,NY ,13208,USA,,315-458-2875,"Sales,"
10249,Industrial/Commercial Sales & Service,00010208021002,Modern Group Power Systems, 2501 Durham Road,,Bristol,PA ,19007,USA,www.moderngroup.com,800-404-7291,"Sales,Service,Up To 2MW,Mobile/Diesel/Gas,Training,Rental,"
10249,Industrial/Commercial Sales & Service,00010001731002,Authorized Services Of New England, 410 Forest Street,,Marlborough,MA ,01752,USA,www.asne.com,888-890-9886,"Financing,Sales,Service,Up To 2MW,Mobile/Diesel/Gas,Training,Rental,"
10249,Industrial/Commercial Sales & Service,00010008091002,MODERN HANDLING EQUIP, 75 NEW STREET,,EDISON,NJ ,08837,USA,www.moderngroup.com,800-779-5116,"Sales,Service,Up To 2MW,Mobile/Diesel/Gas,"
10249,Industrial/Commercial Sales & Service,00010208021002,Modern Group Power Systems, 200 Allied Parkway,,West Berlin,NJ ,08091,USA,,800-404-7291,"Sales,Service,Up To 2MW,Mobile/Diesel/Gas,"
10249,Industrial/Commercial Sales & Service,00010208021002,Modern Group Power Systems, 6352 Chapmans Rd,,Allentown,PA ,18106,USA,,800-404-7291,"Sales,Service,Up To 2MW,Mobile/Diesel/Gas,"
10249,Industrial/Commercial Sales & Service,00010208021002,Modern Group Power Systems, 295 New Commerce Blvd.,,Wilkes Barre,PA ,18706,USA,,800-404-7291,"Sales,Service,Up To 2MW,Mobile/Diesel/Gas,"
10249,Industrial/Commercial Sales & Service,00010208021002,Modern Group Power Systems, 66A South Gate Blvd.,,New Castle,DE ,19720,USA,,800-404-7291,"Sales,Service,Up To 2MW,Mobile/Diesel/Gas,"
10249,Industrial/Commercial Sales & Service,00010000931002,"EMERGENCY POWER SYSTEMS, LLC", 35 HAMILTON LANE,,GLENMONT,NY ,12077,USA,,800-914-1465,"Service,Up To 2MW,Mobile/Diesel/Gas,"
10249,Industrial/Commercial Sales & Service,00010000931002,"EMERGENCY POWER SYSTEMS, LLC", 35 HAMILTON LANE,,GLENMONT,NY ,12077,USA,,800-914-1465,"Service,"
10249,Industrial/Commercial Sales & Service,00010208021002,Modern Group Power Systems, 3480 Board Road,,York,PA ,17402,USA,,800-404-7291,"Sales,Service,Up To 2MW,Mobile/Diesel/Gas,"
10249,Industrial/Commercial Sales & Service,00010001731002,AUTHORIZED SERVICES OF NEW ENGLAND, 410 FOREST STREET,,MARLBOROUGH,MA ,01752,USA,,888-890-9886,"Sales,"
10249,Industrial/Commercial Sales & Service,00010001691002,Kelly Generator & Equipment, 1955 Dale Ln,,Owings,MD ,20736,USA,www.kge.com,410-257-5225,"Sales,Service,Up To 2MW,Mobile/Diesel/Gas,Training,Rental,"
10249,Industrial/Commercial Sales & Service,00010001761002,"GENSERVE, INC.", 100 NEWTOWN RD,,PLAINVIEW,NY ,11803,USA,www.genserveinc.com,631-435-0437,"Service,"
10249,Industrial/Commercial Sales & Service,00111209521002,LONG ISLAND EMERGENCY POWER -QO, 2 Ocean Avenue,,DEER PARK,NY ,11729,USA,,631-586-7513,"Sales,"
10249,Industrial/Commercial Sales & Service,00010139211002,POWERPRO SERVICE CO. INC., 608 JOHNSON AVE. UNIT 6,,BOHEMIA,NY ,11716,USA,,631-567-2700,"Sales,Service,Up To 600kW,Mobile/Diesel/Gas,"
10249,Industrial/Commercial Sales & Service,00010134071002,PEAK POWER SYSTEMS, 99 SPRAGUE AVENUE,,MIDDLETOWN,NY ,10940,USA,www.peakpowersystems.com,845-344-1975,"Sales,Service,Up To 600kW,Mobile/Diesel/Gas,Rental,"
10249,Industrial/Commercial Sales & Service,00111209531002,HUNTINGTON POWER - LONG ISLAND, PO BOX 2040,,SHELTON,CT ,06484,USA,,631-586-7513,"Sales,"
10249,Industrial/Commercial Sales & Service,00010001761002,"GENSERVE, INC.", 115A TWINBRIDGE DR.,,PENNSAUKEN,NJ ,08110,USA,www.genserveinc.com,856-324-0459,"Service,"
10249,Industrial/Commercial Sales & Service,00111184131002,HUNTER & LOMISON, 1956 W FOURTH ST,,WILLIAMSPORT,PA ,17701,USA,www.hunterlomison.com,570-326-1764,"Sales,Service,Up To 600kW,Mobile/Diesel/Gas,Rental,"
10249,Industrial/Commercial Sales & Service,00010000881002,HUNTER & LOMISON INC., 1956 W. 4TH STREET,,WILLIAMSPORT,PA ,17701,USA,www.hunterlomison.com,570-326-1764,"Service,Up To 600kW,Mobile/Diesel/Gas,"
10249,Industrial/Commercial Sales & Service,00010001621002,BROOKFIELD SERVICE, 708 GLEBE ROAD,,WESTMORELAND,NH ,03467,USA,www.brookfieldservice.com,802-485-6567,"Service,Up To 600kW,Mobile/Diesel/Gas,"
10249,Industrial/Commercial Sales & Service,00010021101002,SOUTH SHORE GENERATOR INC-Quote, 2696A CRANBERRY HWY,,WAREHAM,MA ,02571,USA,,508-295-7336,"Sales,Service,Up To 600kW,Mobile/Diesel/Gas,"
10249,Industrial/Commercial Sales & Service,00010001701002,SOUTH SHORE GENERATOR INC, ,,EAST WAREHAM,MA ,02538,USA,,508-295-7336,"Financing,Sales,Service,Up To 600kW,Mobile/Diesel/Gas,"
10249,Industrial/Commercial Sales & Service,00111207431002,WARSHAUER ELECTRIC SUPPLY CO INC, 800 SHREWSBURY AVE,,TINTON FALLS,NJ ,07724,USA,www.warshauer.com,732-741-6400,"Service,"
10249,Industrial/Commercial Sales & Service,00010157021002,Mechanical Service Co, 1145 Oak St.,,Pittston,PA ,18640,USA,,570-654-2445,"Service,"
10256,Industrial/Commercial Sales & Service,00010214161002,"R.L. KISTLER, INC.", 35 HAMILTON LANE,,GLENMONT,NY ,12077,USA,,585-436-1940,"Sales,Service,"
10256,Industrial/Commercial Sales & Service,00010214161002,"R.L. Kistler, Inc", 300 Mile Crossing Blvd.,,Rochester,NY ,14624,USA,rlkistler.com,585-436-1940,"Sales,"
10256,Industrial/Commercial Sales & Service,00010001611002,Huntington Power, 230 Long Hill Cross Rd,,Shelton,CT ,06484,USA,www.huntingtonpower.com,203-929-3203,"Sales,Service,Up To 2MW,Mobile/Diesel/Gas,Training,Rental,"
10256,Industrial/Commercial Sales & Service,00010214161002,"R.L. Kistler, Inc", 5615 Business Ave.,,N. Syracuse,NY ,13208,USA,,315-458-2875,"Sales,"
10256,Industrial/Commercial Sales & Service,00010214161002,"R.L. Kistler, Inc", 5615 Business Ave.,,N. Syracuse,NY ,13208,USA,,315-458-2875,"Sales,"
10256,Industrial/Commercial Sales & Service,00010001611002,Huntington Power, 68 Enter Ln,,Islandia,NY ,11749,USA,,631-563-4943,"Sales,Service,Up To 2MW,Mobile/Diesel/Gas,"
10256,Industrial/Commercial Sales & Service,00010001611002,Huntington Power, 34 E DUDLEY TOWN RD.,,BLOOMFIELD,CT ,06002,USA,,860-289-8790,"Sales,Service,Rental,"
10256,Industrial/Commercial Sales & Service,00010208021002,Modern Group Power Systems, 2501 Durham Road,,Bristol,PA ,19007,USA,www.moderngroup.com,800-404-7291,"Sales,Service,Up To 2MW,Mobile/Diesel/Gas,Training,Rental,"
10256,Industrial/Commercial Sales & Service,00010001731002,Authorized Services Of New England, 410 Forest Street,,Marlborough,MA ,01752,USA,www.asne.com,888-890-9886,"Financing,Sales,Service,Up To 2MW,Mobile/Diesel/Gas,Training,Rental,"
10256,Industrial/Commercial Sales & Service,00010008091002,MODERN HANDLING EQUIP, 75 NEW STREET,,EDISON,NJ ,08837,USA,www.moderngroup.com,800-779-5116,"Sales,Service,Up To 2MW,Mobile/Diesel/Gas,"
10256,Industrial/Commercial Sales & Service,00010208021002,Modern Group Power Systems, 200 Allied Parkway,,West Berlin,NJ ,08091,USA,,800-404-7291,"Sales,Service,Up To 2MW,Mobile/Diesel/Gas,"
10256,Industrial/Commercial Sales & Service,00010208021002,Modern Group Power Systems, 6352 Chapmans Rd,,Allentown,PA ,18106,USA,,800-404-7291,"Sales,Service,Up To 2MW,Mobile/Diesel/Gas,"
10256,Industrial/Commercial Sales & Service,00010208021002,Modern Group Power Systems, 295 New Commerce Blvd.,,Wilkes Barre,PA ,18706,USA,,800-404-7291,"Sales,Service,Up To 2MW,Mobile/Diesel/Gas,"
10256,Industrial/Commercial Sales & Service,00010208021002,Modern Group Power Systems, 66A South Gate Blvd.,,New Castle,DE ,19720,USA,,800-404-7291,"Sales,Service,Up To 2MW,Mobile/Diesel/Gas,"
10256,Industrial/Commercial Sales & Service,00010000931002,"EMERGENCY POWER SYSTEMS, LLC", 35 HAMILTON LANE,,GLENMONT,NY ,12077,USA,,800-914-1465,"Service,Up To 2MW,Mobile/Diesel/Gas,"
10256,Industrial/Commercial Sales & Service,00010000931002,"EMERGENCY POWER SYSTEMS, LLC", 35 HAMILTON LANE,,GLENMONT,NY ,12077,USA,,800-914-1465,"Service,"
10256,Industrial/Commercial Sales & Service,00010208021002,Modern Group Power Systems, 3480 Board Road,,York,PA ,17402,USA,,800-404-7291,"Sales,Service,Up To 2MW,Mobile/Diesel/Gas,"
10256,Industrial/Commercial Sales & Service,00010001731002,AUTHORIZED SERVICES OF NEW ENGLAND, 410 FOREST STREET,,MARLBOROUGH,MA ,01752,USA,,888-890-9886,"Sales,"
10256,Industrial/Commercial Sales & Service,00010001691002,Kelly Generator & Equipment, 1955 Dale Ln,,Owings,MD ,20736,USA,www.kge.com,410-257-5225,"Sales,Service,Up To 2MW,Mobile/Diesel/Gas,Training,Rental,"
10256,Industrial/Commercial Sales & Service,00010001761002,"GENSERVE, INC.", 100 NEWTOWN RD,,PLAINVIEW,NY ,11803,USA,www.genserveinc.com,631-435-0437,"Service,"
10256,Industrial/Commercial Sales & Service,00111209521002,LONG ISLAND EMERGENCY POWER -QO, 2 Ocean Avenue,,DEER PARK,NY ,11729,USA,,631-586-7513,"Sales,"
10256,Industrial/Commercial Sales & Service,00010139211002,POWERPRO SERVICE CO. INC., 608 JOHNSON AVE. UNIT 6,,BOHEMIA,NY ,11716,USA,,631-567-2700,"Sales,Service,Up To 600kW,Mobile/Diesel/Gas,"
10256,Industrial/Commercial Sales & Service,00010134071002,PEAK POWER SYSTEMS, 99 SPRAGUE AVENUE,,MIDDLETOWN,NY ,10940,USA,www.peakpowersystems.com,845-344-1975,"Sales,Service,Up To 600kW,Mobile/Diesel/Gas,Rental,"
10256,Industrial/Commercial Sales & Service,00111209531002,HUNTINGTON POWER - LONG ISLAND, PO BOX 2040,,SHELTON,CT ,06484,USA,,631-586-7513,"Sales,"
10256,Industrial/Commercial Sales & Service,00010001761002,"GENSERVE, INC.", 115A TWINBRIDGE DR.,,PENNSAUKEN,NJ ,08110,USA,www.genserveinc.com,856-324-0459,"Service,"
10256,Industrial/Commercial Sales & Service,00111184131002,HUNTER & LOMISON, 1956 W FOURTH ST,,WILLIAMSPORT,PA ,17701,USA,www.hunterlomison.com,570-326-1764,"Sales,Service,Up To 600kW,Mobile/Diesel/Gas,Rental,"
10256,Industrial/Commercial Sales & Service,00010000881002,HUNTER & LOMISON INC., 1956 W. 4TH STREET,,WILLIAMSPORT,PA ,17701,USA,www.hunterlomison.com,570-326-1764,"Service,Up To 600kW,Mobile/Diesel/Gas,"
10256,Industrial/Commercial Sales & Service,00010001621002,BROOKFIELD SERVICE, 708 GLEBE ROAD,,WESTMORELAND,NH ,03467,USA,www.brookfieldservice.com,802-485-6567,"Service,Up To 600kW,Mobile/Diesel/Gas,"
10256,Industrial/Commercial Sales & Service,00010021101002,SOUTH SHORE GENERATOR INC-Quote, 2696A CRANBERRY HWY,,WAREHAM,MA ,02571,USA,,508-295-7336,"Sales,Service,Up To 600kW,Mobile/Diesel/Gas,"
10256,Industrial/Commercial Sales & Service,00010001701002,SOUTH SHORE GENERATOR INC, ,,EAST WAREHAM,MA ,02538,USA,,508-295-7336,"Financing,Sales,Service,Up To 600kW,Mobile/Diesel/Gas,"
10256,Industrial/Commercial Sales & Service,00111207431002,WARSHAUER ELECTRIC SUPPLY CO INC, 800 SHREWSBURY AVE,,TINTON FALLS,NJ ,07724,USA,www.warshauer.com,732-741-6400,"Service,"
10256,Industrial/Commercial Sales & Service,00010157021002,Mechanical Service Co, 1145 Oak St.,,Pittston,PA ,18640,USA,,570-654-2445,"Service,"
10257,Industrial/Commercial Sales & Service,00010214161002,"R.L. KISTLER, INC.", 35 HAMILTON LANE,,GLENMONT,NY ,12077,USA,,585-436-1940,"Sales,Service,"
10257,Industrial/Commercial Sales & Service,00010214161002,"R.L. Kistler, Inc", 300 Mile Crossing Blvd.,,Rochester,NY ,14624,USA,rlkistler.com,585-436-1940,"Sales,"
10257,Industrial/Commercial Sales & Service,00010001611002,Huntington Power, 230 Long Hill Cross Rd,,Shelton,CT ,06484,USA,www.huntingtonpower.com,203-929-3203,"Sales,Service,Up To 2MW,Mobile/Diesel/Gas,Training,Rental,"
10257,Industrial/Commercial Sales & Service,00010214161002,"R.L. Kistler, Inc", 5615 Business Ave.,,N. Syracuse,NY ,13208,USA,,315-458-2875,"Sales,"
10257,Industrial/Commercial Sales & Service,00010214161002,"R.L. Kistler, Inc", 5615 Business Ave.,,N. Syracuse,NY ,13208,USA,,315-458-2875,"Sales,"
10257,Industrial/Commercial Sales & Service,00010001611002,Huntington Power, 68 Enter Ln,,Islandia,NY ,11749,USA,,631-563-4943,"Sales,Service,Up To 2MW,Mobile/Diesel/Gas,"
10257,Industrial/Commercial Sales & Service,00010001611002,Huntington Power, 34 E DUDLEY TOWN RD.,,BLOOMFIELD,CT ,06002,USA,,860-289-8790,"Sales,Service,Rental,"
10257,Industrial/Commercial Sales & Service,00010208021002,Modern Group Power Systems, 2501 Durham Road,,Bristol,PA ,19007,USA,www.moderngroup.com,800-404-7291,"Sales,Service,Up To 2MW,Mobile/Diesel/Gas,Training,Rental,"
10257,Industrial/Commercial Sales & Service,00010001731002,Authorized Services Of New England, 410 Forest Street,,Marlborough,MA ,01752,USA,www.asne.com,888-890-9886,"Financing,Sales,Service,Up To 2MW,Mobile/Diesel/Gas,Training,Rental,"
10257,Industrial/Commercial Sales & Service,00010008091002,MODERN HANDLING EQUIP, 75 NEW STREET,,EDISON,NJ ,08837,USA,www.moderngroup.com,800-779-5116,"Sales,Service,Up To 2MW,Mobile/Diesel/Gas,"
10257,Industrial/Commercial Sales & Service,00010208021002,Modern Group Power Systems, 200 Allied Parkway,,West Berlin,NJ ,08091,USA,,800-404-7291,"Sales,Service,Up To 2MW,Mobile/Diesel/Gas,"
10257,Industrial/Commercial Sales & Service,00010208021002,Modern Group Power Systems, 6352 Chapmans Rd,,Allentown,PA ,18106,USA,,800-404-7291,"Sales,Service,Up To 2MW,Mobile/Diesel/Gas,"
10257,Industrial/Commercial Sales & Service,00010208021002,Modern Group Power Systems, 295 New Commerce Blvd.,,Wilkes Barre,PA ,18706,USA,,800-404-7291,"Sales,Service,Up To 2MW,Mobile/Diesel/Gas,"
10257,Industrial/Commercial Sales & Service,00010208021002,Modern Group Power Systems, 66A South Gate Blvd.,,New Castle,DE ,19720,USA,,800-404-7291,"Sales,Service,Up To 2MW,Mobile/Diesel/Gas,"
10257,Industrial/Commercial Sales & Service,00010000931002,"EMERGENCY POWER SYSTEMS, LLC", 35 HAMILTON LANE,,GLENMONT,NY ,12077,USA,,800-914-1465,"Service,Up To 2MW,Mobile/Diesel/Gas,"
10257,Industrial/Commercial Sales & Service,00010000931002,"EMERGENCY POWER SYSTEMS, LLC", 35 HAMILTON LANE,,GLENMONT,NY ,12077,USA,,800-914-1465,"Service,"
10257,Industrial/Commercial Sales & Service,00010208021002,Modern Group Power Systems, 3480 Board Road,,York,PA ,17402,USA,,800-404-7291,"Sales,Service,Up To 2MW,Mobile/Diesel/Gas,"
10257,Industrial/Commercial Sales & Service,00010001731002,AUTHORIZED SERVICES OF NEW ENGLAND, 410 FOREST STREET,,MARLBOROUGH,MA ,01752,USA,,888-890-9886,"Sales,"
10257,Industrial/Commercial Sales & Service,00010001691002,Kelly Generator & Equipment, 1955 Dale Ln,,Owings,MD ,20736,USA,www.kge.com,410-257-5225,"Sales,Service,Up To 2MW,Mobile/Diesel/Gas,Training,Rental,"
10257,Industrial/Commercial Sales & Service,00010001761002,"GENSERVE, INC.", 100 NEWTOWN RD,,PLAINVIEW,NY ,11803,USA,www.genserveinc.com,631-435-0437,"Service,"
10257,Industrial/Commercial Sales & Service,00111209521002,LONG ISLAND EMERGENCY POWER -QO, 2 Ocean Avenue,,DEER PARK,NY ,11729,USA,,631-586-7513,"Sales,"
10257,Industrial/Commercial Sales & Service,00010139211002,POWERPRO SERVICE CO. INC., 608 JOHNSON AVE. UNIT 6,,BOHEMIA,NY ,11716,USA,,631-567-2700,"Sales,Service,Up To 600kW,Mobile/Diesel/Gas,"
10257,Industrial/Commercial Sales & Service,00010134071002,PEAK POWER SYSTEMS, 99 SPRAGUE AVENUE,,MIDDLETOWN,NY ,10940,USA,www.peakpowersystems.com,845-344-1975,"Sales,Service,Up To 600kW,Mobile/Diesel/Gas,Rental,"
10257,Industrial/Commercial Sales & Service,00111209531002,HUNTINGTON POWER - LONG ISLAND, PO BOX 2040,,SHELTON,CT ,06484,USA,,631-586-7513,"Sales,"
10257,Industrial/Commercial Sales & Service,00010001761002,"GENSERVE, INC.", 115A TWINBRIDGE DR.,,PENNSAUKEN,NJ ,08110,USA,www.genserveinc.com,856-324-0459,"Service,"
10257,Industrial/Commercial Sales & Service,00111184131002,HUNTER & LOMISON, 1956 W FOURTH ST,,WILLIAMSPORT,PA ,17701,USA,www.hunterlomison.com,570-326-1764,"Sales,Service,Up To 600kW,Mobile/Diesel/Gas,Rental,"
10257,Industrial/Commercial Sales & Service,00010000881002,HUNTER & LOMISON INC., 1956 W. 4TH STREET,,WILLIAMSPORT,PA ,17701,USA,www.hunterlomison.com,570-326-1764,"Service,Up To 600kW,Mobile/Diesel/Gas,"
10257,Industrial/Commercial Sales & Service,00010001621002,BROOKFIELD SERVICE, 708 GLEBE ROAD,,WESTMORELAND,NH ,03467,USA,www.brookfieldservice.com,802-485-6567,"Service,Up To 600kW,Mobile/Diesel/Gas,"
10257,Industrial/Commercial Sales & Service,00010021101002,SOUTH SHORE GENERATOR INC-Quote, 2696A CRANBERRY HWY,,WAREHAM,MA ,02571,USA,,508-295-7336,"Sales,Service,Up To 600kW,Mobile/Diesel/Gas,"
10257,Industrial/Commercial Sales & Service,00010001701002,SOUTH SHORE GENERATOR INC, ,,EAST WAREHAM,MA ,02538,USA,,508-295-7336,"Financing,Sales,Service,Up To 600kW,Mobile/Diesel/Gas,"
10257,Industrial/Commercial Sales & Service,00111207431002,WARSHAUER ELECTRIC SUPPLY CO INC, 800 SHREWSBURY AVE,,TINTON FALLS,NJ ,07724,USA,www.warshauer.com,732-741-6400,"Service,"
10257,Industrial/Commercial Sales & Service,00010157021002,Mechanical Service Co, 1145 Oak St.,,Pittston,PA ,18640,USA,,570-654-2445,"Service,"
10258,Industrial/Commercial Sales & Service,00010001611002,Huntington Power, 230 Long Hill Cross Rd,,Shelton,CT ,06484,USA,www.huntingtonpower.com,203-929-3203,"Sales,Service,Up To 2MW,Mobile/Diesel/Gas,Training,Rental,"
10258,Industrial/Commercial Sales & Service,00010214161002,"R.L. KISTLER, INC.", 35 HAMILTON LANE,,GLENMONT,NY ,12077,USA,,585-436-1940,"Sales,Service,"
10258,Industrial/Commercial Sales & Service,00010214161002,"R.L. Kistler, Inc", 300 Mile Crossing Blvd.,,Rochester,NY ,14624,USA,rlkistler.com,585-436-1940,"Sales,"
10258,Industrial/Commercial Sales & Service,00010001611002,Huntington Power, 68 Enter Ln,,Islandia,NY ,11749,USA,,631-563-4943,"Sales,Service,Up To 2MW,Mobile/Diesel/Gas,"
10258,Industrial/Commercial Sales & Service,00010001611002,Huntington Power, 34 E DUDLEY TOWN RD.,,BLOOMFIELD,CT ,06002,USA,,860-289-8790,"Sales,Service,Rental,"
10258,Industrial/Commercial Sales & Service,00010214161002,"R.L. Kistler, Inc", 5615 Business Ave.,,N. Syracuse,NY ,13208,USA,,315-458-2875,"Sales,"
10258,Industrial/Commercial Sales & Service,00010214161002,"R.L. Kistler, Inc", 5615 Business Ave.,,N. Syracuse,NY ,13208,USA,,315-458-2875,"Sales,"
10258,Industrial/Commercial Sales & Service,00010208021002,Modern Group Power Systems, 2501 Durham Road,,Bristol,PA ,19007,USA,www.moderngroup.com,800-404-7291,"Sales,Service,Up To 2MW,Mobile/Diesel/Gas,Training,Rental,"
10258,Industrial/Commercial Sales & Service,00010001731002,Authorized Services Of New England, 410 Forest Street,,Marlborough,MA ,01752,USA,www.asne.com,888-890-9886,"Financing,Sales,Service,Up To 2MW,Mobile/Diesel/Gas,Training,Rental,"
10258,Industrial/Commercial Sales & Service,00010008091002,MODERN HANDLING EQUIP, 75 NEW STREET,,EDISON,NJ ,08837,USA,www.moderngroup.com,800-779-5116,"Sales,Service,Up To 2MW,Mobile/Diesel/Gas,"
10258,Industrial/Commercial Sales & Service,00010208021002,Modern Group Power Systems, 200 Allied Parkway,,West Berlin,NJ ,08091,USA,,800-404-7291,"Sales,Service,Up To 2MW,Mobile/Diesel/Gas,"
10258,Industrial/Commercial Sales & Service,00010208021002,Modern Group Power Systems, 6352 Chapmans Rd,,Allentown,PA ,18106,USA,,800-404-7291,"Sales,Service,Up To 2MW,Mobile/Diesel/Gas,"
10258,Industrial/Commercial Sales & Service,00010208021002,Modern Group Power Systems, 295 New Commerce Blvd.,,Wilkes Barre,PA ,18706,USA,,800-404-7291,"Sales,Service,Up To 2MW,Mobile/Diesel/Gas,"
10258,Industrial/Commercial Sales & Service,00010208021002,Modern Group Power Systems, 66A South Gate Blvd.,,New Castle,DE ,19720,USA,,800-404-7291,"Sales,Service,Up To 2MW,Mobile/Diesel/Gas,"
10258,Industrial/Commercial Sales & Service,00010000931002,"EMERGENCY POWER SYSTEMS, LLC", 35 HAMILTON LANE,,GLENMONT,NY ,12077,USA,,800-914-1465,"Service,Up To 2MW,Mobile/Diesel/Gas,"
10258,Industrial/Commercial Sales & Service,00010000931002,"EMERGENCY POWER SYSTEMS, LLC", 35 HAMILTON LANE,,GLENMONT,NY ,12077,USA,,800-914-1465,"Service,"
10258,Industrial/Commercial Sales & Service,00010208021002,Modern Group Power Systems, 3480 Board Road,,York,PA ,17402,USA,,800-404-7291,"Sales,Service,Up To 2MW,Mobile/Diesel/Gas,"
10258,Industrial/Commercial Sales & Service,00010001731002,AUTHORIZED SERVICES OF NEW ENGLAND, 410 FOREST STREET,,MARLBOROUGH,MA ,01752,USA,,888-890-9886,"Sales,"
10258,Industrial/Commercial Sales & Service,00010001691002,Kelly Generator & Equipment, 1955 Dale Ln,,Owings,MD ,20736,USA,www.kge.com,410-257-5225,"Sales,Service,Up To 2MW,Mobile/Diesel/Gas,Training,Rental,"
10258,Industrial/Commercial Sales & Service,00010001761002,"GENSERVE, INC.", 100 NEWTOWN RD,,PLAINVIEW,NY ,11803,USA,www.genserveinc.com,631-435-0437,"Service,"
10258,Industrial/Commercial Sales & Service,00111209521002,LONG ISLAND EMERGENCY POWER -QO, 2 Ocean Avenue,,DEER PARK,NY ,11729,USA,,631-586-7513,"Sales,"
10258,Industrial/Commercial Sales & Service,00010139211002,POWERPRO SERVICE CO. INC., 608 JOHNSON AVE. UNIT 6,,BOHEMIA,NY ,11716,USA,,631-567-2700,"Sales,Service,Up To 600kW,Mobile/Diesel/Gas,"
10258,Industrial/Commercial Sales & Service,00010134071002,PEAK POWER SYSTEMS, 99 SPRAGUE AVENUE,,MIDDLETOWN,NY ,10940,USA,www.peakpowersystems.com,845-344-1975,"Sales,Service,Up To 600kW,Mobile/Diesel/Gas,Rental,"
10258,Industrial/Commercial Sales & Service,00111209531002,HUNTINGTON POWER - LONG ISLAND, PO BOX 2040,,SHELTON,CT ,06484,USA,,631-586-7513,"Sales,"
10258,Industrial/Commercial Sales & Service,00010001761002,"GENSERVE, INC.", 115A TWINBRIDGE DR.,,PENNSAUKEN,NJ ,08110,USA,www.genserveinc.com,856-324-0459,"Service,"
10258,Industrial/Commercial Sales & Service,00111184131002,HUNTER & LOMISON, 1956 W FOURTH ST,,WILLIAMSPORT,PA ,17701,USA,www.hunterlomison.com,570-326-1764,"Sales,Service,Up To 600kW,Mobile/Diesel/Gas,Rental,"
10258,Industrial/Commercial Sales & Service,00010000881002,HUNTER & LOMISON INC., 1956 W. 4TH STREET,,WILLIAMSPORT,PA ,17701,USA,www.hunterlomison.com,570-326-1764,"Service,Up To 600kW,Mobile/Diesel/Gas,"
10258,Industrial/Commercial Sales & Service,00010001621002,BROOKFIELD SERVICE, 708 GLEBE ROAD,,WESTMORELAND,NH ,03467,USA,www.brookfieldservice.com,802-485-6567,"Service,Up To 600kW,Mobile/Diesel/Gas,"
10258,Industrial/Commercial Sales & Service,00010021101002,SOUTH SHORE GENERATOR INC-Quote, 2696A CRANBERRY HWY,,WAREHAM,MA ,02571,USA,,508-295-7336,"Sales,Service,Up To 600kW,Mobile/Diesel/Gas,"
10258,Industrial/Commercial Sales & Service,00010001701002,SOUTH SHORE GENERATOR INC, ,,EAST WAREHAM,MA ,02538,USA,,508-295-7336,"Financing,Sales,Service,Up To 600kW,Mobile/Diesel/Gas,"
10258,Industrial/Commercial Sales & Service,00111207431002,WARSHAUER ELECTRIC SUPPLY CO INC, 800 SHREWSBURY AVE,,TINTON FALLS,NJ ,07724,USA,www.warshauer.com,732-741-6400,"Service,"
10258,Industrial/Commercial Sales & Service,00010157021002,Mechanical Service Co, 1145 Oak St.,,Pittston,PA ,18640,USA,,570-654-2445,"Service,"
10259,Industrial/Commercial Sales & Service,00010214161002,"R.L. KISTLER, INC.", 35 HAMILTON LANE,,GLENMONT,NY ,12077,USA,,585-436-1940,"Sales,Service,"
10259,Industrial/Commercial Sales & Service,00010214161002,"R.L. Kistler, Inc", 300 Mile Crossing Blvd.,,Rochester,NY ,14624,USA,rlkistler.com,585-436-1940,"Sales,"
10259,Industrial/Commercial Sales & Service,00010001611002,Huntington Power, 230 Long Hill Cross Rd,,Shelton,CT ,06484,USA,www.huntingtonpower.com,203-929-3203,"Sales,Service,Up To 2MW,Mobile/Diesel/Gas,Training,Rental,"
10259,Industrial/Commercial Sales & Service,00010214161002,"R.L. Kistler, Inc", 5615 Business Ave.,,N. Syracuse,NY ,13208,USA,,315-458-2875,"Sales,"
10259,Industrial/Commercial Sales & Service,00010214161002,"R.L. Kistler, Inc", 5615 Business Ave.,,N. Syracuse,NY ,13208,USA,,315-458-2875,"Sales,"
10259,Industrial/Commercial Sales & Service,00010001611002,Huntington Power, 68 Enter Ln,,Islandia,NY ,11749,USA,,631-563-4943,"Sales,Service,Up To 2MW,Mobile/Diesel/Gas,"
10259,Industrial/Commercial Sales & Service,00010001611002,Huntington Power, 34 E DUDLEY TOWN RD.,,BLOOMFIELD,CT ,06002,USA,,860-289-8790,"Sales,Service,Rental,"
10259,Industrial/Commercial Sales & Service,00010208021002,Modern Group Power Systems, 2501 Durham Road,,Bristol,PA ,19007,USA,www.moderngroup.com,800-404-7291,"Sales,Service,Up To 2MW,Mobile/Diesel/Gas,Training,Rental,"
10259,Industrial/Commercial Sales & Service,00010001731002,Authorized Services Of New England, 410 Forest Street,,Marlborough,MA ,01752,USA,www.asne.com,888-890-9886,"Financing,Sales,Service,Up To 2MW,Mobile/Diesel/Gas,Training,Rental,"
10259,Industrial/Commercial Sales & Service,00010008091002,MODERN HANDLING EQUIP, 75 NEW STREET,,EDISON,NJ ,08837,USA,www.moderngroup.com,800-779-5116,"Sales,Service,Up To 2MW,Mobile/Diesel/Gas,"
10259,Industrial/Commercial Sales & Service,00010208021002,Modern Group Power Systems, 6352 Chapmans Rd,,Allentown,PA ,18106,USA,,800-404-7291,"Sales,Service,Up To 2MW,Mobile/Diesel/Gas,"
10259,Industrial/Commercial Sales & Service,00010208021002,Modern Group Power Systems, 200 Allied Parkway,,West Berlin,NJ ,08091,USA,,800-404-7291,"Sales,Service,Up To 2MW,Mobile/Diesel/Gas,"
10259,Industrial/Commercial Sales & Service,00010208021002,Modern Group Power Systems, 295 New Commerce Blvd.,,Wilkes Barre,PA ,18706,USA,,800-404-7291,"Sales,Service,Up To 2MW,Mobile/Diesel/Gas,"
10259,Industrial/Commercial Sales & Service,00010208021002,Modern Group Power Systems, 66A South Gate Blvd.,,New Castle,DE ,19720,USA,,800-404-7291,"Sales,Service,Up To 2MW,Mobile/Diesel/Gas,"
10259,Industrial/Commercial Sales & Service,00010000931002,"EMERGENCY POWER SYSTEMS, LLC", 35 HAMILTON LANE,,GLENMONT,NY ,12077,USA,,800-914-1465,"Service,Up To 2MW,Mobile/Diesel/Gas,"
10259,Industrial/Commercial Sales & Service,00010000931002,"EMERGENCY POWER SYSTEMS, LLC", 35 HAMILTON LANE,,GLENMONT,NY ,12077,USA,,800-914-1465,"Service,"
10259,Industrial/Commercial Sales & Service,00010208021002,Modern Group Power Systems, 3480 Board Road,,York,PA ,17402,USA,,800-404-7291,"Sales,Service,Up To 2MW,Mobile/Diesel/Gas,"
10259,Industrial/Commercial Sales & Service,00010001731002,AUTHORIZED SERVICES OF NEW ENGLAND, 410 FOREST STREET,,MARLBOROUGH,MA ,01752,USA,,888-890-9886,"Sales,"
10259,Industrial/Commercial Sales & Service,00010001691002,Kelly Generator & Equipment, 1955 Dale Ln,,Owings,MD ,20736,USA,www.kge.com,410-257-5225,"Sales,Service,Up To 2MW,Mobile/Diesel/Gas,Training,Rental,"
10259,Industrial/Commercial Sales & Service,00010001761002,"GENSERVE, INC.", 100 NEWTOWN RD,,PLAINVIEW,NY ,11803,USA,www.genserveinc.com,631-435-0437,"Service,"
10259,Industrial/Commercial Sales & Service,00111209521002,LONG ISLAND EMERGENCY POWER -QO, 2 Ocean Avenue,,DEER PARK,NY ,11729,USA,,631-586-7513,"Sales,"
10259,Industrial/Commercial Sales & Service,00010139211002,POWERPRO SERVICE CO. INC., 608 JOHNSON AVE. UNIT 6,,BOHEMIA,NY ,11716,USA,,631-567-2700,"Sales,Service,Up To 600kW,Mobile/Diesel/Gas,"
10259,Industrial/Commercial Sales & Service,00010134071002,PEAK POWER SYSTEMS, 99 SPRAGUE AVENUE,,MIDDLETOWN,NY ,10940,USA,www.peakpowersystems.com,845-344-1975,"Sales,Service,Up To 600kW,Mobile/Diesel/Gas,Rental,"
10259,Industrial/Commercial Sales & Service,00111209531002,HUNTINGTON POWER - LONG ISLAND, PO BOX 2040,,SHELTON,CT ,06484,USA,,631-586-7513,"Sales,"
10259,Industrial/Commercial Sales & Service,00010001761002,"GENSERVE, INC.", 115A TWINBRIDGE DR.,,PENNSAUKEN,NJ ,08110,USA,www.genserveinc.com,856-324-0459,"Service,"
10259,Industrial/Commercial Sales & Service,00111184131002,HUNTER & LOMISON, 1956 W FOURTH ST,,WILLIAMSPORT,PA ,17701,USA,www.hunterlomison.com,570-326-1764,"Sales,Service,Up To 600kW,Mobile/Diesel/Gas,Rental,"
10259,Industrial/Commercial Sales & Service,00010000881002,HUNTER & LOMISON INC., 1956 W. 4TH STREET,,WILLIAMSPORT,PA ,17701,USA,www.hunterlomison.com,570-326-1764,"Service,Up To 600kW,Mobile/Diesel/Gas,"
10259,Industrial/Commercial Sales & Service,00010001621002,BROOKFIELD SERVICE, 708 GLEBE ROAD,,WESTMORELAND,NH ,03467,USA,www.brookfieldservice.com,802-485-6567,"Service,Up To 600kW,Mobile/Diesel/Gas,"
10259,Industrial/Commercial Sales & Service,00010021101002,SOUTH SHORE GENERATOR INC-Quote, 2696A CRANBERRY HWY,,WAREHAM,MA ,02571,USA,,508-295-7336,"Sales,Service,Up To 600kW,Mobile/Diesel/Gas,"
10259,Industrial/Commercial Sales & Service,00010001701002,SOUTH SHORE GENERATOR INC, ,,EAST WAREHAM,MA ,02538,USA,,508-295-7336,"Financing,Sales,Service,Up To 600kW,Mobile/Diesel/Gas,"
10259,Industrial/Commercial Sales & Service,00111207431002,WARSHAUER ELECTRIC SUPPLY CO INC, 800 SHREWSBURY AVE,,TINTON FALLS,NJ ,07724,USA,www.warshauer.com,732-741-6400,"Service,"
10259,Industrial/Commercial Sales & Service,00010157021002,Mechanical Service Co, 1145 Oak St.,,Pittston,PA ,18640,USA,,570-654-2445,"Service,"
10260,Industrial/Commercial Sales & Service,00010214161002,"R.L. KISTLER, INC.", 35 HAMILTON LANE,,GLENMONT,NY ,12077,USA,,585-436-1940,"Sales,Service,"
10260,Industrial/Commercial Sales & Service,00010001611002,Huntington Power, 230 Long Hill Cross Rd,,Shelton,CT ,06484,USA,www.huntingtonpower.com,203-929-3203,"Sales,Service,Up To 2MW,Mobile/Diesel/Gas,Training,Rental,"
10260,Industrial/Commercial Sales & Service,00010214161002,"R.L. Kistler, Inc", 300 Mile Crossing Blvd.,,Rochester,NY ,14624,USA,rlkistler.com,585-436-1940,"Sales,"
10260,Industrial/Commercial Sales & Service,00010214161002,"R.L. Kistler, Inc", 5615 Business Ave.,,N. Syracuse,NY ,13208,USA,,315-458-2875,"Sales,"
10260,Industrial/Commercial Sales & Service,00010001611002,Huntington Power, 68 Enter Ln,,Islandia,NY ,11749,USA,,631-563-4943,"Sales,Service,Up To 2MW,Mobile/Diesel/Gas,"
10260,Industrial/Commercial Sales & Service,00010001611002,Huntington Power, 34 E DUDLEY TOWN RD.,,BLOOMFIELD,CT ,06002,USA,,860-289-8790,"Sales,Service,Rental,"
10260,Industrial/Commercial Sales & Service,00010214161002,"R.L. Kistler, Inc", 5615 Business Ave.,,N. Syracuse,NY ,13208,USA,,315-458-2875,"Sales,"
10260,Industrial/Commercial Sales & Service,00010208021002,Modern Group Power Systems, 2501 Durham Road,,Bristol,PA ,19007,USA,www.moderngroup.com,800-404-7291,"Sales,Service,Up To 2MW,Mobile/Diesel/Gas,Training,Rental,"
10260,Industrial/Commercial Sales & Service,00010001731002,Authorized Services Of New England, 410 Forest Street,,Marlborough,MA ,01752,USA,www.asne.com,888-890-9886,"Financing,Sales,Service,Up To 2MW,Mobile/Diesel/Gas,Training,Rental,"
10260,Industrial/Commercial Sales & Service,00010008091002,MODERN HANDLING EQUIP, 75 NEW STREET,,EDISON,NJ ,08837,USA,www.moderngroup.com,800-779-5116,"Sales,Service,Up To 2MW,Mobile/Diesel/Gas,"
10260,Industrial/Commercial Sales & Service,00010208021002,Modern Group Power Systems, 200 Allied Parkway,,West Berlin,NJ ,08091,USA,,800-404-7291,"Sales,Service,Up To 2MW,Mobile/Diesel/Gas,"
10260,Industrial/Commercial Sales & Service,00010208021002,Modern Group Power Systems, 6352 Chapmans Rd,,Allentown,PA ,18106,USA,,800-404-7291,"Sales,Service,Up To 2MW,Mobile/Diesel/Gas,"
10260,Industrial/Commercial Sales & Service,00010208021002,Modern Group Power Systems, 295 New Commerce Blvd.,,Wilkes Barre,PA ,18706,USA,,800-404-7291,"Sales,Service,Up To 2MW,Mobile/Diesel/Gas,"
10260,Industrial/Commercial Sales & Service,00010208021002,Modern Group Power Systems, 66A South Gate Blvd.,,New Castle,DE ,19720,USA,,800-404-7291,"Sales,Service,Up To 2MW,Mobile/Diesel/Gas,"
10260,Industrial/Commercial Sales & Service,00010000931002,"EMERGENCY POWER SYSTEMS, LLC", 35 HAMILTON LANE,,GLENMONT,NY ,12077,USA,,800-914-1465,"Service,Up To 2MW,Mobile/Diesel/Gas,"
10260,Industrial/Commercial Sales & Service,00010000931002,"EMERGENCY POWER SYSTEMS, LLC", 35 HAMILTON LANE,,GLENMONT,NY ,12077,USA,,800-914-1465,"Service,"
10260,Industrial/Commercial Sales & Service,00010208021002,Modern Group Power Systems, 3480 Board Road,,York,PA ,17402,USA,,800-404-7291,"Sales,Service,Up To 2MW,Mobile/Diesel/Gas,"
10260,Industrial/Commercial Sales & Service,00010001731002,AUTHORIZED SERVICES OF NEW ENGLAND, 410 FOREST STREET,,MARLBOROUGH,MA ,01752,USA,,888-890-9886,"Sales,"
10260,Industrial/Commercial Sales & Service,00010001691002,Kelly Generator & Equipment, 1955 Dale Ln,,Owings,MD ,20736,USA,www.kge.com,410-257-5225,"Sales,Service,Up To 2MW,Mobile/Diesel/Gas,Training,Rental,"
10260,Industrial/Commercial Sales & Service,00010001761002,"GENSERVE, INC.", 100 NEWTOWN RD,,PLAINVIEW,NY ,11803,USA,www.genserveinc.com,631-435-0437,"Service,"
10260,Industrial/Commercial Sales & Service,00111209521002,LONG ISLAND EMERGENCY POWER -QO, 2 Ocean Avenue,,DEER PARK,NY ,11729,USA,,631-586-7513,"Sales,"
10260,Industrial/Commercial Sales & Service,00010139211002,POWERPRO SERVICE CO. INC., 608 JOHNSON AVE. UNIT 6,,BOHEMIA,NY ,11716,USA,,631-567-2700,"Sales,Service,Up To 600kW,Mobile/Diesel/Gas,"
10260,Industrial/Commercial Sales & Service,00010134071002,PEAK POWER SYSTEMS, 99 SPRAGUE AVENUE,,MIDDLETOWN,NY ,10940,USA,www.peakpowersystems.com,845-344-1975,"Sales,Service,Up To 600kW,Mobile/Diesel/Gas,Rental,"
10260,Industrial/Commercial Sales & Service,00111209531002,HUNTINGTON POWER - LONG ISLAND, PO BOX 2040,,SHELTON,CT ,06484,USA,,631-586-7513,"Sales,"
10260,Industrial/Commercial Sales & Service,00010001761002,"GENSERVE, INC.", 115A TWINBRIDGE DR.,,PENNSAUKEN,NJ ,08110,USA,www.genserveinc.com,856-324-0459,"Service,"
10260,Industrial/Commercial Sales & Service,00111184131002,HUNTER & LOMISON, 1956 W FOURTH ST,,WILLIAMSPORT,PA ,17701,USA,www.hunterlomison.com,570-326-1764,"Sales,Service,Up To 600kW,Mobile/Diesel/Gas,Rental,"
10260,Industrial/Commercial Sales & Service,00010000881002,HUNTER & LOMISON INC., 1956 W. 4TH STREET,,WILLIAMSPORT,PA ,17701,USA,www.hunterlomison.com,570-326-1764,"Service,Up To 600kW,Mobile/Diesel/Gas,"
10260,Industrial/Commercial Sales & Service,00010001621002,BROOKFIELD SERVICE, 708 GLEBE ROAD,,WESTMORELAND,NH ,03467,USA,www.brookfieldservice.com,802-485-6567,"Service,Up To 600kW,Mobile/Diesel/Gas,"
10260,Industrial/Commercial Sales & Service,00010021101002,SOUTH SHORE GENERATOR INC-Quote, 2696A CRANBERRY HWY,,WAREHAM,MA ,02571,USA,,508-295-7336,"Sales,Service,Up To 600kW,Mobile/Diesel/Gas,"
10260,Industrial/Commercial Sales & Service,00010001701002,SOUTH SHORE GENERATOR INC, ,,EAST WAREHAM,MA ,02538,USA,,508-295-7336,"Financing,Sales,Service,Up To 600kW,Mobile/Diesel/Gas,"
10260,Industrial/Commercial Sales & Service,00111207431002,WARSHAUER ELECTRIC SUPPLY CO INC, 800 SHREWSBURY AVE,,TINTON FALLS,NJ ,07724,USA,www.warshauer.com,732-741-6400,"Service,"
10260,Industrial/Commercial Sales & Service,00010157021002,Mechanical Service Co, 1145 Oak St.,,Pittston,PA ,18640,USA,,570-654-2445,"Service,"
10261,Industrial/Commercial Sales & Service,00010001611002,Huntington Power, 230 Long Hill Cross Rd,,Shelton,CT ,06484,USA,www.huntingtonpower.com,203-929-3203,"Sales,Service,Up To 2MW,Mobile/Diesel/Gas,Training,Rental,"
10261,Industrial/Commercial Sales & Service,00010214161002,"R.L. KISTLER, INC.", 35 HAMILTON LANE,,GLENMONT,NY ,12077,USA,,585-436-1940,"Sales,Service,"
10261,Industrial/Commercial Sales & Service,00010214161002,"R.L. Kistler, Inc", 300 Mile Crossing Blvd.,,Rochester,NY ,14624,USA,rlkistler.com,585-436-1940,"Sales,"
10261,Industrial/Commercial Sales & Service,00010001611002,Huntington Power, 68 Enter Ln,,Islandia,NY ,11749,USA,,631-563-4943,"Sales,Service,Up To 2MW,Mobile/Diesel/Gas,"
10261,Industrial/Commercial Sales & Service,00010001611002,Huntington Power, 34 E DUDLEY TOWN RD.,,BLOOMFIELD,CT ,06002,USA,,860-289-8790,"Sales,Service,Rental,"
10261,Industrial/Commercial Sales & Service,00010214161002,"R.L. Kistler, Inc", 5615 Business Ave.,,N. Syracuse,NY ,13208,USA,,315-458-2875,"Sales,"
10261,Industrial/Commercial Sales & Service,00010214161002,"R.L. Kistler, Inc", 5615 Business Ave.,,N. Syracuse,NY ,13208,USA,,315-458-2875,"Sales,"
10261,Industrial/Commercial Sales & Service,00010208021002,Modern Group Power Systems, 2501 Durham Road,,Bristol,PA ,19007,USA,www.moderngroup.com,800-404-7291,"Sales,Service,Up To 2MW,Mobile/Diesel/Gas,Training,Rental,"
10261,Industrial/Commercial Sales & Service,00010001731002,Authorized Services Of New England, 410 Forest Street,,Marlborough,MA ,01752,USA,www.asne.com,888-890-9886,"Financing,Sales,Service,Up To 2MW,Mobile/Diesel/Gas,Training,Rental,"
10261,Industrial/Commercial Sales & Service,00010008091002,MODERN HANDLING EQUIP, 75 NEW STREET,,EDISON,NJ ,08837,USA,www.moderngroup.com,800-779-5116,"Sales,Service,Up To 2MW,Mobile/Diesel/Gas,"
10261,Industrial/Commercial Sales & Service,00010208021002,Modern Group Power Systems, 6352 Chapmans Rd,,Allentown,PA ,18106,USA,,800-404-7291,"Sales,Service,Up To 2MW,Mobile/Diesel/Gas,"
10261,Industrial/Commercial Sales & Service,00010208021002,Modern Group Power Systems, 200 Allied Parkway,,West Berlin,NJ ,08091,USA,,800-404-7291,"Sales,Service,Up To 2MW,Mobile/Diesel/Gas,"
10261,Industrial/Commercial Sales & Service,00010208021002,Modern Group Power Systems, 295 New Commerce Blvd.,,Wilkes Barre,PA ,18706,USA,,800-404-7291,"Sales,Service,Up To 2MW,Mobile/Diesel/Gas,"
10261,Industrial/Commercial Sales & Service,00010208021002,Modern Group Power Systems, 66A South Gate Blvd.,,New Castle,DE ,19720,USA,,800-404-7291,"Sales,Service,Up To 2MW,Mobile/Diesel/Gas,"
10261,Industrial/Commercial Sales & Service,00010000931002,"EMERGENCY POWER SYSTEMS, LLC", 35 HAMILTON LANE,,GLENMONT,NY ,12077,USA,,800-914-1465,"Service,Up To 2MW,Mobile/Diesel/Gas,"
10261,Industrial/Commercial Sales & Service,00010000931002,"EMERGENCY POWER SYSTEMS, LLC", 35 HAMILTON LANE,,GLENMONT,NY ,12077,USA,,800-914-1465,"Service,"
10261,Industrial/Commercial Sales & Service,00010208021002,Modern Group Power Systems, 3480 Board Road,,York,PA ,17402,USA,,800-404-7291,"Sales,Service,Up To 2MW,Mobile/Diesel/Gas,"
10261,Industrial/Commercial Sales & Service,00010001731002,AUTHORIZED SERVICES OF NEW ENGLAND, 410 FOREST STREET,,MARLBOROUGH,MA ,01752,USA,,888-890-9886,"Sales,"
10261,Industrial/Commercial Sales & Service,00010001691002,Kelly Generator & Equipment, 1955 Dale Ln,,Owings,MD ,20736,USA,www.kge.com,410-257-5225,"Sales,Service,Up To 2MW,Mobile/Diesel/Gas,Training,Rental,"
10261,Industrial/Commercial Sales & Service,00010001761002,"GENSERVE, INC.", 100 NEWTOWN RD,,PLAINVIEW,NY ,11803,USA,www.genserveinc.com,631-435-0437,"Service,"
10261,Industrial/Commercial Sales & Service,00111209521002,LONG ISLAND EMERGENCY POWER -QO, 2 Ocean Avenue,,DEER PARK,NY ,11729,USA,,631-586-7513,"Sales,"
10261,Industrial/Commercial Sales & Service,00010139211002,POWERPRO SERVICE CO. INC., 608 JOHNSON AVE. UNIT 6,,BOHEMIA,NY ,11716,USA,,631-567-2700,"Sales,Service,Up To 600kW,Mobile/Diesel/Gas,"
10261,Industrial/Commercial Sales & Service,00010134071002,PEAK POWER SYSTEMS, 99 SPRAGUE AVENUE,,MIDDLETOWN,NY ,10940,USA,www.peakpowersystems.com,845-344-1975,"Sales,Service,Up To 600kW,Mobile/Diesel/Gas,Rental,"
10261,Industrial/Commercial Sales & Service,00111209531002,HUNTINGTON POWER - LONG ISLAND, PO BOX 2040,,SHELTON,CT ,06484,USA,,631-586-7513,"Sales,"
10261,Industrial/Commercial Sales & Service,00010001761002,"GENSERVE, INC.", 115A TWINBRIDGE DR.,,PENNSAUKEN,NJ ,08110,USA,www.genserveinc.com,856-324-0459,"Service,"
10261,Industrial/Commercial Sales & Service,00111184131002,HUNTER & LOMISON, 1956 W FOURTH ST,,WILLIAMSPORT,PA ,17701,USA,www.hunterlomison.com,570-326-1764,"Sales,Service,Up To 600kW,Mobile/Diesel/Gas,Rental,"
10261,Industrial/Commercial Sales & Service,00010000881002,HUNTER & LOMISON INC., 1956 W. 4TH STREET,,WILLIAMSPORT,PA ,17701,USA,www.hunterlomison.com,570-326-1764,"Service,Up To 600kW,Mobile/Diesel/Gas,"
10261,Industrial/Commercial Sales & Service,00010001621002,BROOKFIELD SERVICE, 708 GLEBE ROAD,,WESTMORELAND,NH ,03467,USA,www.brookfieldservice.com,802-485-6567,"Service,Up To 600kW,Mobile/Diesel/Gas,"
10261,Industrial/Commercial Sales & Service,00010021101002,SOUTH SHORE GENERATOR INC-Quote, 2696A CRANBERRY HWY,,WAREHAM,MA ,02571,USA,,508-295-7336,"Sales,Service,Up To 600kW,Mobile/Diesel/Gas,"
10261,Industrial/Commercial Sales & Service,00010001701002,SOUTH SHORE GENERATOR INC, ,,EAST WAREHAM,MA ,02538,USA,,508-295-7336,"Financing,Sales,Service,Up To 600kW,Mobile/Diesel/Gas,"
10261,Industrial/Commercial Sales & Service,00111207431002,WARSHAUER ELECTRIC SUPPLY CO INC, 800 SHREWSBURY AVE,,TINTON FALLS,NJ ,07724,USA,www.warshauer.com,732-741-6400,"Service,"
10261,Industrial/Commercial Sales & Service,00010157021002,Mechanical Service Co, 1145 Oak St.,,Pittston,PA ,18640,USA,,570-654-2445,"Service,"
10265,Industrial/Commercial Sales & Service,00010214161002,"R.L. Kistler, Inc", 300 Mile Crossing Blvd.,,Rochester,NY ,14624,USA,rlkistler.com,585-436-1940,"Sales,"
10265,Industrial/Commercial Sales & Service,00010001611002,Huntington Power, 230 Long Hill Cross Rd,,Shelton,CT ,06484,USA,www.huntingtonpower.com,203-929-3203,"Sales,Service,Up To 2MW,Mobile/Diesel/Gas,Training,Rental,"
10265,Industrial/Commercial Sales & Service,00010214161002,"R.L. KISTLER, INC.", 35 HAMILTON LANE,,GLENMONT,NY ,12077,USA,,585-436-1940,"Sales,Service,"
10265,Industrial/Commercial Sales & Service,00010214161002,"R.L. Kistler, Inc", 5615 Business Ave.,,N. Syracuse,NY ,13208,USA,,315-458-2875,"Sales,"
10265,Industrial/Commercial Sales & Service,00010001611002,Huntington Power, 68 Enter Ln,,Islandia,NY ,11749,USA,,631-563-4943,"Sales,Service,Up To 2MW,Mobile/Diesel/Gas,"
10265,Industrial/Commercial Sales & Service,00010001611002,Huntington Power, 34 E DUDLEY TOWN RD.,,BLOOMFIELD,CT ,06002,USA,,860-289-8790,"Sales,Service,Rental,"
10265,Industrial/Commercial Sales & Service,00010214161002,"R.L. Kistler, Inc", 5615 Business Ave.,,N. Syracuse,NY ,13208,USA,,315-458-2875,"Sales,"
10265,Industrial/Commercial Sales & Service,00010208021002,Modern Group Power Systems, 2501 Durham Road,,Bristol,PA ,19007,USA,www.moderngroup.com,800-404-7291,"Sales,Service,Up To 2MW,Mobile/Diesel/Gas,Training,Rental,"
10265,Industrial/Commercial Sales & Service,00010001731002,Authorized Services Of New England, 410 Forest Street,,Marlborough,MA ,01752,USA,www.asne.com,888-890-9886,"Financing,Sales,Service,Up To 2MW,Mobile/Diesel/Gas,Training,Rental,"
10265,Industrial/Commercial Sales & Service,00010008091002,MODERN HANDLING EQUIP, 75 NEW STREET,,EDISON,NJ ,08837,USA,www.moderngroup.com,800-779-5116,"Sales,Service,Up To 2MW,Mobile/Diesel/Gas,"
10265,Industrial/Commercial Sales & Service,00010208021002,Modern Group Power Systems, 200 Allied Parkway,,West Berlin,NJ ,08091,USA,,800-404-7291,"Sales,Service,Up To 2MW,Mobile/Diesel/Gas,"
10265,Industrial/Commercial Sales & Service,00010208021002,Modern Group Power Systems, 6352 Chapmans Rd,,Allentown,PA ,18106,USA,,800-404-7291,"Sales,Service,Up To 2MW,Mobile/Diesel/Gas,"
10265,Industrial/Commercial Sales & Service,00010208021002,Modern Group Power Systems, 295 New Commerce Blvd.,,Wilkes Barre,PA ,18706,USA,,800-404-7291,"Sales,Service,Up To 2MW,Mobile/Diesel/Gas,"
10265,Industrial/Commercial Sales & Service,00010208021002,Modern Group Power Systems, 66A South Gate Blvd.,,New Castle,DE ,19720,USA,,800-404-7291,"Sales,Service,Up To 2MW,Mobile/Diesel/Gas,"
10265,Industrial/Commercial Sales & Service,00010000931002,"EMERGENCY POWER SYSTEMS, LLC", 35 HAMILTON LANE,,GLENMONT,NY ,12077,USA,,800-914-1465,"Service,Up To 2MW,Mobile/Diesel/Gas,"
10265,Industrial/Commercial Sales & Service,00010000931002,"EMERGENCY POWER SYSTEMS, LLC", 35 HAMILTON LANE,,GLENMONT,NY ,12077,USA,,800-914-1465,"Service,"
10265,Industrial/Commercial Sales & Service,00010208021002,Modern Group Power Systems, 3480 Board Road,,York,PA ,17402,USA,,800-404-7291,"Sales,Service,Up To 2MW,Mobile/Diesel/Gas,"
10265,Industrial/Commercial Sales & Service,00010001731002,AUTHORIZED SERVICES OF NEW ENGLAND, 410 FOREST STREET,,MARLBOROUGH,MA ,01752,USA,,888-890-9886,"Sales,"
10265,Industrial/Commercial Sales & Service,00010001691002,Kelly Generator & Equipment, 1955 Dale Ln,,Owings,MD ,20736,USA,www.kge.com,410-257-5225,"Sales,Service,Up To 2MW,Mobile/Diesel/Gas,Training,Rental,"
10265,Industrial/Commercial Sales & Service,00010001761002,"GENSERVE, INC.", 100 NEWTOWN RD,,PLAINVIEW,NY ,11803,USA,www.genserveinc.com,631-435-0437,"Service,"
10265,Industrial/Commercial Sales & Service,00111209521002,LONG ISLAND EMERGENCY POWER -QO, 2 Ocean Avenue,,DEER PARK,NY ,11729,USA,,631-586-7513,"Sales,"
10265,Industrial/Commercial Sales & Service,00010139211002,POWERPRO SERVICE CO. INC., 608 JOHNSON AVE. UNIT 6,,BOHEMIA,NY ,11716,USA,,631-567-2700,"Sales,Service,Up To 600kW,Mobile/Diesel/Gas,"
10265,Industrial/Commercial Sales & Service,00010134071002,PEAK POWER SYSTEMS, 99 SPRAGUE AVENUE,,MIDDLETOWN,NY ,10940,USA,www.peakpowersystems.com,845-344-1975,"Sales,Service,Up To 600kW,Mobile/Diesel/Gas,Rental,"
10265,Industrial/Commercial Sales & Service,00111209531002,HUNTINGTON POWER - LONG ISLAND, PO BOX 2040,,SHELTON,CT ,06484,USA,,631-586-7513,"Sales,"
10265,Industrial/Commercial Sales & Service,00010001761002,"GENSERVE, INC.", 115A TWINBRIDGE DR.,,PENNSAUKEN,NJ ,08110,USA,www.genserveinc.com,856-324-0459,"Service,"
10265,Industrial/Commercial Sales & Service,00111184131002,HUNTER & LOMISON, 1956 W FOURTH ST,,WILLIAMSPORT,PA ,17701,USA,www.hunterlomison.com,570-326-1764,"Sales,Service,Up To 600kW,Mobile/Diesel/Gas,Rental,"
10265,Industrial/Commercial Sales & Service,00010000881002,HUNTER & LOMISON INC., 1956 W. 4TH STREET,,WILLIAMSPORT,PA ,17701,USA,www.hunterlomison.com,570-326-1764,"Service,Up To 600kW,Mobile/Diesel/Gas,"
10265,Industrial/Commercial Sales & Service,00010001621002,BROOKFIELD SERVICE, 708 GLEBE ROAD,,WESTMORELAND,NH ,03467,USA,www.brookfieldservice.com,802-485-6567,"Service,Up To 600kW,Mobile/Diesel/Gas,"
10265,Industrial/Commercial Sales & Service,00010021101002,SOUTH SHORE GENERATOR INC-Quote, 2696A CRANBERRY HWY,,WAREHAM,MA ,02571,USA,,508-295-7336,"Sales,Service,Up To 600kW,Mobile/Diesel/Gas,"
10265,Industrial/Commercial Sales & Service,00010001701002,SOUTH SHORE GENERATOR INC, ,,EAST WAREHAM,MA ,02538,USA,,508-295-7336,"Financing,Sales,Service,Up To 600kW,Mobile/Diesel/Gas,"
10265,Industrial/Commercial Sales & Service,00111207431002,WARSHAUER ELECTRIC SUPPLY CO INC, 800 SHREWSBURY AVE,,TINTON FALLS,NJ ,07724,USA,www.warshauer.com,732-741-6400,"Service,"
10265,Industrial/Commercial Sales & Service,00010157021002,Mechanical Service Co, 1145 Oak St.,,Pittston,PA ,18640,USA,,570-654-2445,"Service,"
10268,Industrial/Commercial Sales & Service,00010214161002,"R.L. Kistler, Inc", 300 Mile Crossing Blvd.,,Rochester,NY ,14624,USA,rlkistler.com,585-436-1940,"Sales,"
10268,Industrial/Commercial Sales & Service,00010214161002,"R.L. KISTLER, INC.", 35 HAMILTON LANE,,GLENMONT,NY ,12077,USA,,585-436-1940,"Sales,Service,"
10268,Industrial/Commercial Sales & Service,00010001611002,Huntington Power, 230 Long Hill Cross Rd,,Shelton,CT ,06484,USA,www.huntingtonpower.com,203-929-3203,"Sales,Service,Up To 2MW,Mobile/Diesel/Gas,Training,Rental,"
10268,Industrial/Commercial Sales & Service,00010214161002,"R.L. Kistler, Inc", 5615 Business Ave.,,N. Syracuse,NY ,13208,USA,,315-458-2875,"Sales,"
10268,Industrial/Commercial Sales & Service,00010214161002,"R.L. Kistler, Inc", 5615 Business Ave.,,N. Syracuse,NY ,13208,USA,,315-458-2875,"Sales,"
10268,Industrial/Commercial Sales & Service,00010001611002,Huntington Power, 68 Enter Ln,,Islandia,NY ,11749,USA,,631-563-4943,"Sales,Service,Up To 2MW,Mobile/Diesel/Gas,"
10268,Industrial/Commercial Sales & Service,00010001611002,Huntington Power, 34 E DUDLEY TOWN RD.,,BLOOMFIELD,CT ,06002,USA,,860-289-8790,"Sales,Service,Rental,"
10268,Industrial/Commercial Sales & Service,00010208021002,Modern Group Power Systems, 2501 Durham Road,,Bristol,PA ,19007,USA,www.moderngroup.com,800-404-7291,"Sales,Service,Up To 2MW,Mobile/Diesel/Gas,Training,Rental,"
10268,Industrial/Commercial Sales & Service,00010001731002,Authorized Services Of New England, 410 Forest Street,,Marlborough,MA ,01752,USA,www.asne.com,888-890-9886,"Financing,Sales,Service,Up To 2MW,Mobile/Diesel/Gas,Training,Rental,"
10268,Industrial/Commercial Sales & Service,00010008091002,MODERN HANDLING EQUIP, 75 NEW STREET,,EDISON,NJ ,08837,USA,www.moderngroup.com,800-779-5116,"Sales,Service,Up To 2MW,Mobile/Diesel/Gas,"
10268,Industrial/Commercial Sales & Service,00010208021002,Modern Group Power Systems, 200 Allied Parkway,,West Berlin,NJ ,08091,USA,,800-404-7291,"Sales,Service,Up To 2MW,Mobile/Diesel/Gas,"
10268,Industrial/Commercial Sales & Service,00010208021002,Modern Group Power Systems, 6352 Chapmans Rd,,Allentown,PA ,18106,USA,,800-404-7291,"Sales,Service,Up To 2MW,Mobile/Diesel/Gas,"
10268,Industrial/Commercial Sales & Service,00010208021002,Modern Group Power Systems, 295 New Commerce Blvd.,,Wilkes Barre,PA ,18706,USA,,800-404-7291,"Sales,Service,Up To 2MW,Mobile/Diesel/Gas,"
10268,Industrial/Commercial Sales & Service,00010208021002,Modern Group Power Systems, 66A South Gate Blvd.,,New Castle,DE ,19720,USA,,800-404-7291,"Sales,Service,Up To 2MW,Mobile/Diesel/Gas,"
10268,Industrial/Commercial Sales & Service,00010000931002,"EMERGENCY POWER SYSTEMS, LLC", 35 HAMILTON LANE,,GLENMONT,NY ,12077,USA,,800-914-1465,"Service,Up To 2MW,Mobile/Diesel/Gas,"
10268,Industrial/Commercial Sales & Service,00010000931002,"EMERGENCY POWER SYSTEMS, LLC", 35 HAMILTON LANE,,GLENMONT,NY ,12077,USA,,800-914-1465,"Service,"
10268,Industrial/Commercial Sales & Service,00010208021002,Modern Group Power Systems, 3480 Board Road,,York,PA ,17402,USA,,800-404-7291,"Sales,Service,Up To 2MW,Mobile/Diesel/Gas,"
10268,Industrial/Commercial Sales & Service,00010001731002,AUTHORIZED SERVICES OF NEW ENGLAND, 410 FOREST STREET,,MARLBOROUGH,MA ,01752,USA,,888-890-9886,"Sales,"
10268,Industrial/Commercial Sales & Service,00010001691002,Kelly Generator & Equipment, 1955 Dale Ln,,Owings,MD ,20736,USA,www.kge.com,410-257-5225,"Sales,Service,Up To 2MW,Mobile/Diesel/Gas,Training,Rental,"
10268,Industrial/Commercial Sales & Service,00010001761002,"GENSERVE, INC.", 100 NEWTOWN RD,,PLAINVIEW,NY ,11803,USA,www.genserveinc.com,631-435-0437,"Service,"
10268,Industrial/Commercial Sales & Service,00111209521002,LONG ISLAND EMERGENCY POWER -QO, 2 Ocean Avenue,,DEER PARK,NY ,11729,USA,,631-586-7513,"Sales,"
10268,Industrial/Commercial Sales & Service,00010139211002,POWERPRO SERVICE CO. INC., 608 JOHNSON AVE. UNIT 6,,BOHEMIA,NY ,11716,USA,,631-567-2700,"Sales,Service,Up To 600kW,Mobile/Diesel/Gas,"
10268,Industrial/Commercial Sales & Service,00010134071002,PEAK POWER SYSTEMS, 99 SPRAGUE AVENUE,,MIDDLETOWN,NY ,10940,USA,www.peakpowersystems.com,845-344-1975,"Sales,Service,Up To 600kW,Mobile/Diesel/Gas,Rental,"
10268,Industrial/Commercial Sales & Service,00111209531002,HUNTINGTON POWER - LONG ISLAND, PO BOX 2040,,SHELTON,CT ,06484,USA,,631-586-7513,"Sales,"
10268,Industrial/Commercial Sales & Service,00010001761002,"GENSERVE, INC.", 115A TWINBRIDGE DR.,,PENNSAUKEN,NJ ,08110,USA,www.genserveinc.com,856-324-0459,"Service,"
10268,Industrial/Commercial Sales & Service,00111184131002,HUNTER & LOMISON, 1956 W FOURTH ST,,WILLIAMSPORT,PA ,17701,USA,www.hunterlomison.com,570-326-1764,"Sales,Service,Up To 600kW,Mobile/Diesel/Gas,Rental,"
10268,Industrial/Commercial Sales & Service,00010000881002,HUNTER & LOMISON INC., 1956 W. 4TH STREET,,WILLIAMSPORT,PA ,17701,USA,www.hunterlomison.com,570-326-1764,"Service,Up To 600kW,Mobile/Diesel/Gas,"
10268,Industrial/Commercial Sales & Service,00010001621002,BROOKFIELD SERVICE, 708 GLEBE ROAD,,WESTMORELAND,NH ,03467,USA,www.brookfieldservice.com,802-485-6567,"Service,Up To 600kW,Mobile/Diesel/Gas,"
10268,Industrial/Commercial Sales & Service,00010021101002,SOUTH SHORE GENERATOR INC-Quote, 2696A CRANBERRY HWY,,WAREHAM,MA ,02571,USA,,508-295-7336,"Sales,Service,Up To 600kW,Mobile/Diesel/Gas,"
10268,Industrial/Commercial Sales & Service,00010001701002,SOUTH SHORE GENERATOR INC, ,,EAST WAREHAM,MA ,02538,USA,,508-295-7336,"Financing,Sales,Service,Up To 600kW,Mobile/Diesel/Gas,"
10268,Industrial/Commercial Sales & Service,00111207431002,WARSHAUER ELECTRIC SUPPLY CO INC, 800 SHREWSBURY AVE,,TINTON FALLS,NJ ,07724,USA,www.warshauer.com,732-741-6400,"Service,"
10268,Industrial/Commercial Sales & Service,00010157021002,Mechanical Service Co, 1145 Oak St.,,Pittston,PA ,18640,USA,,570-654-2445,"Service,"
10269,Industrial/Commercial Sales & Service,00010214161002,"R.L. KISTLER, INC.", 35 HAMILTON LANE,,GLENMONT,NY ,12077,USA,,585-436-1940,"Sales,Service,"
10269,Industrial/Commercial Sales & Service,00010001611002,Huntington Power, 230 Long Hill Cross Rd,,Shelton,CT ,06484,USA,www.huntingtonpower.com,203-929-3203,"Sales,Service,Up To 2MW,Mobile/Diesel/Gas,Training,Rental,"
10269,Industrial/Commercial Sales & Service,00010214161002,"R.L. Kistler, Inc", 300 Mile Crossing Blvd.,,Rochester,NY ,14624,USA,rlkistler.com,585-436-1940,"Sales,"
10269,Industrial/Commercial Sales & Service,00010214161002,"R.L. Kistler, Inc", 5615 Business Ave.,,N. Syracuse,NY ,13208,USA,,315-458-2875,"Sales,"
10269,Industrial/Commercial Sales & Service,00010001611002,Huntington Power, 68 Enter Ln,,Islandia,NY ,11749,USA,,631-563-4943,"Sales,Service,Up To 2MW,Mobile/Diesel/Gas,"
10269,Industrial/Commercial Sales & Service,00010001611002,Huntington Power, 34 E DUDLEY TOWN RD.,,BLOOMFIELD,CT ,06002,USA,,860-289-8790,"Sales,Service,Rental,"
10269,Industrial/Commercial Sales & Service,00010214161002,"R.L. Kistler, Inc", 5615 Business Ave.,,N. Syracuse,NY ,13208,USA,,315-458-2875,"Sales,"
10269,Industrial/Commercial Sales & Service,00010208021002,Modern Group Power Systems, 2501 Durham Road,,Bristol,PA ,19007,USA,www.moderngroup.com,800-404-7291,"Sales,Service,Up To 2MW,Mobile/Diesel/Gas,Training,Rental,"
10269,Industrial/Commercial Sales & Service,00010001731002,Authorized Services Of New England, 410 Forest Street,,Marlborough,MA ,01752,USA,www.asne.com,888-890-9886,"Financing,Sales,Service,Up To 2MW,Mobile/Diesel/Gas,Training,Rental,"
10269,Industrial/Commercial Sales & Service,00010008091002,MODERN HANDLING EQUIP, 75 NEW STREET,,EDISON,NJ ,08837,USA,www.moderngroup.com,800-779-5116,"Sales,Service,Up To 2MW,Mobile/Diesel/Gas,"
10269,Industrial/Commercial Sales & Service,00010208021002,Modern Group Power Systems, 200 Allied Parkway,,West Berlin,NJ ,08091,USA,,800-404-7291,"Sales,Service,Up To 2MW,Mobile/Diesel/Gas,"
10269,Industrial/Commercial Sales & Service,00010208021002,Modern Group Power Systems, 6352 Chapmans Rd,,Allentown,PA ,18106,USA,,800-404-7291,"Sales,Service,Up To 2MW,Mobile/Diesel/Gas,"
10269,Industrial/Commercial Sales & Service,00010208021002,Modern Group Power Systems, 295 New Commerce Blvd.,,Wilkes Barre,PA ,18706,USA,,800-404-7291,"Sales,Service,Up To 2MW,Mobile/Diesel/Gas,"
10269,Industrial/Commercial Sales & Service,00010208021002,Modern Group Power Systems, 66A South Gate Blvd.,,New Castle,DE ,19720,USA,,800-404-7291,"Sales,Service,Up To 2MW,Mobile/Diesel/Gas,"
10269,Industrial/Commercial Sales & Service,00010000931002,"EMERGENCY POWER SYSTEMS, LLC", 35 HAMILTON LANE,,GLENMONT,NY ,12077,USA,,800-914-1465,"Service,Up To 2MW,Mobile/Diesel/Gas,"
10269,Industrial/Commercial Sales & Service,00010000931002,"EMERGENCY POWER SYSTEMS, LLC", 35 HAMILTON LANE,,GLENMONT,NY ,12077,USA,,800-914-1465,"Service,"
10269,Industrial/Commercial Sales & Service,00010208021002,Modern Group Power Systems, 3480 Board Road,,York,PA ,17402,USA,,800-404-7291,"Sales,Service,Up To 2MW,Mobile/Diesel/Gas,"
10269,Industrial/Commercial Sales & Service,00010001731002,AUTHORIZED SERVICES OF NEW ENGLAND, 410 FOREST STREET,,MARLBOROUGH,MA ,01752,USA,,888-890-9886,"Sales,"
10269,Industrial/Commercial Sales & Service,00010001691002,Kelly Generator & Equipment, 1955 Dale Ln,,Owings,MD ,20736,USA,www.kge.com,410-257-5225,"Sales,Service,Up To 2MW,Mobile/Diesel/Gas,Training,Rental,"
10269,Industrial/Commercial Sales & Service,00010001761002,"GENSERVE, INC.", 100 NEWTOWN RD,,PLAINVIEW,NY ,11803,USA,www.genserveinc.com,631-435-0437,"Service,"
10269,Industrial/Commercial Sales & Service,00111209521002,LONG ISLAND EMERGENCY POWER -QO, 2 Ocean Avenue,,DEER PARK,NY ,11729,USA,,631-586-7513,"Sales,"
10269,Industrial/Commercial Sales & Service,00010139211002,POWERPRO SERVICE CO. INC., 608 JOHNSON AVE. UNIT 6,,BOHEMIA,NY ,11716,USA,,631-567-2700,"Sales,Service,Up To 600kW,Mobile/Diesel/Gas,"
10269,Industrial/Commercial Sales & Service,00010134071002,PEAK POWER SYSTEMS, 99 SPRAGUE AVENUE,,MIDDLETOWN,NY ,10940,USA,www.peakpowersystems.com,845-344-1975,"Sales,Service,Up To 600kW,Mobile/Diesel/Gas,Rental,"
10269,Industrial/Commercial Sales & Service,00111209531002,HUNTINGTON POWER - LONG ISLAND, PO BOX 2040,,SHELTON,CT ,06484,USA,,631-586-7513,"Sales,"
10269,Industrial/Commercial Sales & Service,00010001761002,"GENSERVE, INC.", 115A TWINBRIDGE DR.,,PENNSAUKEN,NJ ,08110,USA,www.genserveinc.com,856-324-0459,"Service,"
10269,Industrial/Commercial Sales & Service,00111184131002,HUNTER & LOMISON, 1956 W FOURTH ST,,WILLIAMSPORT,PA ,17701,USA,www.hunterlomison.com,570-326-1764,"Sales,Service,Up To 600kW,Mobile/Diesel/Gas,Rental,"
10269,Industrial/Commercial Sales & Service,00010000881002,HUNTER & LOMISON INC., 1956 W. 4TH STREET,,WILLIAMSPORT,PA ,17701,USA,www.hunterlomison.com,570-326-1764,"Service,Up To 600kW,Mobile/Diesel/Gas,"
10269,Industrial/Commercial Sales & Service,00010001621002,BROOKFIELD SERVICE, 708 GLEBE ROAD,,WESTMORELAND,NH ,03467,USA,www.brookfieldservice.com,802-485-6567,"Service,Up To 600kW,Mobile/Diesel/Gas,"
10269,Industrial/Commercial Sales & Service,00010021101002,SOUTH SHORE GENERATOR INC-Quote, 2696A CRANBERRY HWY,,WAREHAM,MA ,02571,USA,,508-295-7336,"Sales,Service,Up To 600kW,Mobile/Diesel/Gas,"
10269,Industrial/Commercial Sales & Service,00010001701002,SOUTH SHORE GENERATOR INC, ,,EAST WAREHAM,MA ,02538,USA,,508-295-7336,"Financing,Sales,Service,Up To 600kW,Mobile/Diesel/Gas,"
10269,Industrial/Commercial Sales & Service,00111207431002,WARSHAUER ELECTRIC SUPPLY CO INC, 800 SHREWSBURY AVE,,TINTON FALLS,NJ ,07724,USA,www.warshauer.com,732-741-6400,"Service,"
10269,Industrial/Commercial Sales & Service,00010157021002,Mechanical Service Co, 1145 Oak St.,,Pittston,PA ,18640,USA,,570-654-2445,"Service,"
10270,Industrial/Commercial Sales & Service,00010001611002,Huntington Power, 230 Long Hill Cross Rd,,Shelton,CT ,06484,USA,www.huntingtonpower.com,203-929-3203,"Sales,Service,Up To 2MW,Mobile/Diesel/Gas,Training,Rental,"
10270,Industrial/Commercial Sales & Service,00010214161002,"R.L. Kistler, Inc", 300 Mile Crossing Blvd.,,Rochester,NY ,14624,USA,rlkistler.com,585-436-1940,"Sales,"
10270,Industrial/Commercial Sales & Service,00010214161002,"R.L. KISTLER, INC.", 35 HAMILTON LANE,,GLENMONT,NY ,12077,USA,,585-436-1940,"Sales,Service,"
10270,Industrial/Commercial Sales & Service,00010001611002,Huntington Power, 68 Enter Ln,,Islandia,NY ,11749,USA,,631-563-4943,"Sales,Service,Up To 2MW,Mobile/Diesel/Gas,"
10270,Industrial/Commercial Sales & Service,00010001611002,Huntington Power, 34 E DUDLEY TOWN RD.,,BLOOMFIELD,CT ,06002,USA,,860-289-8790,"Sales,Service,Rental,"
10270,Industrial/Commercial Sales & Service,00010214161002,"R.L. Kistler, Inc", 5615 Business Ave.,,N. Syracuse,NY ,13208,USA,,315-458-2875,"Sales,"
10270,Industrial/Commercial Sales & Service,00010214161002,"R.L. Kistler, Inc", 5615 Business Ave.,,N. Syracuse,NY ,13208,USA,,315-458-2875,"Sales,"
10270,Industrial/Commercial Sales & Service,00010208021002,Modern Group Power Systems, 2501 Durham Road,,Bristol,PA ,19007,USA,www.moderngroup.com,800-404-7291,"Sales,Service,Up To 2MW,Mobile/Diesel/Gas,Training,Rental,"
10270,Industrial/Commercial Sales & Service,00010001731002,Authorized Services Of New England, 410 Forest Street,,Marlborough,MA ,01752,USA,www.asne.com,888-890-9886,"Financing,Sales,Service,Up To 2MW,Mobile/Diesel/Gas,Training,Rental,"
10270,Industrial/Commercial Sales & Service,00010008091002,MODERN HANDLING EQUIP, 75 NEW STREET,,EDISON,NJ ,08837,USA,www.moderngroup.com,800-779-5116,"Sales,Service,Up To 2MW,Mobile/Diesel/Gas,"
10270,Industrial/Commercial Sales & Service,00010208021002,Modern Group Power Systems, 200 Allied Parkway,,West Berlin,NJ ,08091,USA,,800-404-7291,"Sales,Service,Up To 2MW,Mobile/Diesel/Gas,"
10270,Industrial/Commercial Sales & Service,00010208021002,Modern Group Power Systems, 6352 Chapmans Rd,,Allentown,PA ,18106,USA,,800-404-7291,"Sales,Service,Up To 2MW,Mobile/Diesel/Gas,"
10270,Industrial/Commercial Sales & Service,00010208021002,Modern Group Power Systems, 295 New Commerce Blvd.,,Wilkes Barre,PA ,18706,USA,,800-404-7291,"Sales,Service,Up To 2MW,Mobile/Diesel/Gas,"
10270,Industrial/Commercial Sales & Service,00010208021002,Modern Group Power Systems, 66A South Gate Blvd.,,New Castle,DE ,19720,USA,,800-404-7291,"Sales,Service,Up To 2MW,Mobile/Diesel/Gas,"
10270,Industrial/Commercial Sales & Service,00010000931002,"EMERGENCY POWER SYSTEMS, LLC", 35 HAMILTON LANE,,GLENMONT,NY ,12077,USA,,800-914-1465,"Service,Up To 2MW,Mobile/Diesel/Gas,"
10270,Industrial/Commercial Sales & Service,00010000931002,"EMERGENCY POWER SYSTEMS, LLC", 35 HAMILTON LANE,,GLENMONT,NY ,12077,USA,,800-914-1465,"Service,"
10270,Industrial/Commercial Sales & Service,00010208021002,Modern Group Power Systems, 3480 Board Road,,York,PA ,17402,USA,,800-404-7291,"Sales,Service,Up To 2MW,Mobile/Diesel/Gas,"
10270,Industrial/Commercial Sales & Service,00010001731002,AUTHORIZED SERVICES OF NEW ENGLAND, 410 FOREST STREET,,MARLBOROUGH,MA ,01752,USA,,888-890-9886,"Sales,"
10270,Industrial/Commercial Sales & Service,00010001691002,Kelly Generator & Equipment, 1955 Dale Ln,,Owings,MD ,20736,USA,www.kge.com,410-257-5225,"Sales,Service,Up To 2MW,Mobile/Diesel/Gas,Training,Rental,"
10270,Industrial/Commercial Sales & Service,00010001761002,"GENSERVE, INC.", 100 NEWTOWN RD,,PLAINVIEW,NY ,11803,USA,www.genserveinc.com,631-435-0437,"Service,"
10270,Industrial/Commercial Sales & Service,00111209521002,LONG ISLAND EMERGENCY POWER -QO, 2 Ocean Avenue,,DEER PARK,NY ,11729,USA,,631-586-7513,"Sales,"
10270,Industrial/Commercial Sales & Service,00010139211002,POWERPRO SERVICE CO. INC., 608 JOHNSON AVE. UNIT 6,,BOHEMIA,NY ,11716,USA,,631-567-2700,"Sales,Service,Up To 600kW,Mobile/Diesel/Gas,"
10270,Industrial/Commercial Sales & Service,00010134071002,PEAK POWER SYSTEMS, 99 SPRAGUE AVENUE,,MIDDLETOWN,NY ,10940,USA,www.peakpowersystems.com,845-344-1975,"Sales,Service,Up To 600kW,Mobile/Diesel/Gas,Rental,"
10270,Industrial/Commercial Sales & Service,00111209531002,HUNTINGTON POWER - LONG ISLAND, PO BOX 2040,,SHELTON,CT ,06484,USA,,631-586-7513,"Sales,"
10270,Industrial/Commercial Sales & Service,00010001761002,"GENSERVE, INC.", 115A TWINBRIDGE DR.,,PENNSAUKEN,NJ ,08110,USA,www.genserveinc.com,856-324-0459,"Service,"
10270,Industrial/Commercial Sales & Service,00111184131002,HUNTER & LOMISON, 1956 W FOURTH ST,,WILLIAMSPORT,PA ,17701,USA,www.hunterlomison.com,570-326-1764,"Sales,Service,Up To 600kW,Mobile/Diesel/Gas,Rental,"
10270,Industrial/Commercial Sales & Service,00010000881002,HUNTER & LOMISON INC., 1956 W. 4TH STREET,,WILLIAMSPORT,PA ,17701,USA,www.hunterlomison.com,570-326-1764,"Service,Up To 600kW,Mobile/Diesel/Gas,"
10270,Industrial/Commercial Sales & Service,00010001621002,BROOKFIELD SERVICE, 708 GLEBE ROAD,,WESTMORELAND,NH ,03467,USA,www.brookfieldservice.com,802-485-6567,"Service,Up To 600kW,Mobile/Diesel/Gas,"
10270,Industrial/Commercial Sales & Service,00010021101002,SOUTH SHORE GENERATOR INC-Quote, 2696A CRANBERRY HWY,,WAREHAM,MA ,02571,USA,,508-295-7336,"Sales,Service,Up To 600kW,Mobile/Diesel/Gas,"
10270,Industrial/Commercial Sales & Service,00010001701002,SOUTH SHORE GENERATOR INC, ,,EAST WAREHAM,MA ,02538,USA,,508-295-7336,"Financing,Sales,Service,Up To 600kW,Mobile/Diesel/Gas,"
10270,Industrial/Commercial Sales & Service,00111207431002,WARSHAUER ELECTRIC SUPPLY CO INC, 800 SHREWSBURY AVE,,TINTON FALLS,NJ ,07724,USA,www.warshauer.com,732-741-6400,"Service,"
10270,Industrial/Commercial Sales & Service,00010157021002,Mechanical Service Co, 1145 Oak St.,,Pittston,PA ,18640,USA,,570-654-2445,"Service,"
10271,Industrial/Commercial Sales & Service,00010214161002,"R.L. KISTLER, INC.", 35 HAMILTON LANE,,GLENMONT,NY ,12077,USA,,585-436-1940,"Sales,Service,"
10271,Industrial/Commercial Sales & Service,00010001611002,Huntington Power, 230 Long Hill Cross Rd,,Shelton,CT ,06484,USA,www.huntingtonpower.com,203-929-3203,"Sales,Service,Up To 2MW,Mobile/Diesel/Gas,Training,Rental,"
10271,Industrial/Commercial Sales & Service,00010214161002,"R.L. Kistler, Inc", 300 Mile Crossing Blvd.,,Rochester,NY ,14624,USA,rlkistler.com,585-436-1940,"Sales,"
10271,Industrial/Commercial Sales & Service,00010214161002,"R.L. Kistler, Inc", 5615 Business Ave.,,N. Syracuse,NY ,13208,USA,,315-458-2875,"Sales,"
10271,Industrial/Commercial Sales & Service,00010001611002,Huntington Power, 68 Enter Ln,,Islandia,NY ,11749,USA,,631-563-4943,"Sales,Service,Up To 2MW,Mobile/Diesel/Gas,"
10271,Industrial/Commercial Sales & Service,00010001611002,Huntington Power, 34 E DUDLEY TOWN RD.,,BLOOMFIELD,CT ,06002,USA,,860-289-8790,"Sales,Service,Rental,"
10271,Industrial/Commercial Sales & Service,00010214161002,"R.L. Kistler, Inc", 5615 Business Ave.,,N. Syracuse,NY ,13208,USA,,315-458-2875,"Sales,"
10271,Industrial/Commercial Sales & Service,00010208021002,Modern Group Power Systems, 2501 Durham Road,,Bristol,PA ,19007,USA,www.moderngroup.com,800-404-7291,"Sales,Service,Up To 2MW,Mobile/Diesel/Gas,Training,Rental,"
10271,Industrial/Commercial Sales & Service,00010001731002,Authorized Services Of New England, 410 Forest Street,,Marlborough,MA ,01752,USA,www.asne.com,888-890-9886,"Financing,Sales,Service,Up To 2MW,Mobile/Diesel/Gas,Training,Rental,"
10271,Industrial/Commercial Sales & Service,00010008091002,MODERN HANDLING EQUIP, 75 NEW STREET,,EDISON,NJ ,08837,USA,www.moderngroup.com,800-779-5116,"Sales,Service,Up To 2MW,Mobile/Diesel/Gas,"
10271,Industrial/Commercial Sales & Service,00010208021002,Modern Group Power Systems, 200 Allied Parkway,,West Berlin,NJ ,08091,USA,,800-404-7291,"Sales,Service,Up To 2MW,Mobile/Diesel/Gas,"
10271,Industrial/Commercial Sales & Service,00010208021002,Modern Group Power Systems, 6352 Chapmans Rd,,Allentown,PA ,18106,USA,,800-404-7291,"Sales,Service,Up To 2MW,Mobile/Diesel/Gas,"
10271,Industrial/Commercial Sales & Service,00010208021002,Modern Group Power Systems, 295 New Commerce Blvd.,,Wilkes Barre,PA ,18706,USA,,800-404-7291,"Sales,Service,Up To 2MW,Mobile/Diesel/Gas,"
10271,Industrial/Commercial Sales & Service,00010208021002,Modern Group Power Systems, 66A South Gate Blvd.,,New Castle,DE ,19720,USA,,800-404-7291,"Sales,Service,Up To 2MW,Mobile/Diesel/Gas,"
10271,Industrial/Commercial Sales & Service,00010000931002,"EMERGENCY POWER SYSTEMS, LLC", 35 HAMILTON LANE,,GLENMONT,NY ,12077,USA,,800-914-1465,"Service,Up To 2MW,Mobile/Diesel/Gas,"
10271,Industrial/Commercial Sales & Service,00010000931002,"EMERGENCY POWER SYSTEMS, LLC", 35 HAMILTON LANE,,GLENMONT,NY ,12077,USA,,800-914-1465,"Service,"
10271,Industrial/Commercial Sales & Service,00010208021002,Modern Group Power Systems, 3480 Board Road,,York,PA ,17402,USA,,800-404-7291,"Sales,Service,Up To 2MW,Mobile/Diesel/Gas,"
10271,Industrial/Commercial Sales & Service,00010001731002,AUTHORIZED SERVICES OF NEW ENGLAND, 410 FOREST STREET,,MARLBOROUGH,MA ,01752,USA,,888-890-9886,"Sales,"
10271,Industrial/Commercial Sales & Service,00010001691002,Kelly Generator & Equipment, 1955 Dale Ln,,Owings,MD ,20736,USA,www.kge.com,410-257-5225,"Sales,Service,Up To 2MW,Mobile/Diesel/Gas,Training,Rental,"
10271,Industrial/Commercial Sales & Service,00010001761002,"GENSERVE, INC.", 100 NEWTOWN RD,,PLAINVIEW,NY ,11803,USA,www.genserveinc.com,631-435-0437,"Service,"
10271,Industrial/Commercial Sales & Service,00111209521002,LONG ISLAND EMERGENCY POWER -QO, 2 Ocean Avenue,,DEER PARK,NY ,11729,USA,,631-586-7513,"Sales,"
10271,Industrial/Commercial Sales & Service,00010139211002,POWERPRO SERVICE CO. INC., 608 JOHNSON AVE. UNIT 6,,BOHEMIA,NY ,11716,USA,,631-567-2700,"Sales,Service,Up To 600kW,Mobile/Diesel/Gas,"
10271,Industrial/Commercial Sales & Service,00010134071002,PEAK POWER SYSTEMS, 99 SPRAGUE AVENUE,,MIDDLETOWN,NY ,10940,USA,www.peakpowersystems.com,845-344-1975,"Sales,Service,Up To 600kW,Mobile/Diesel/Gas,Rental,"
10271,Industrial/Commercial Sales & Service,00111209531002,HUNTINGTON POWER - LONG ISLAND, PO BOX 2040,,SHELTON,CT ,06484,USA,,631-586-7513,"Sales,"
10271,Industrial/Commercial Sales & Service,00010001761002,"GENSERVE, INC.", 115A TWINBRIDGE DR.,,PENNSAUKEN,NJ ,08110,USA,www.genserveinc.com,856-324-0459,"Service,"
10271,Industrial/Commercial Sales & Service,00111184131002,HUNTER & LOMISON, 1956 W FOURTH ST,,WILLIAMSPORT,PA ,17701,USA,www.hunterlomison.com,570-326-1764,"Sales,Service,Up To 600kW,Mobile/Diesel/Gas,Rental,"
10271,Industrial/Commercial Sales & Service,00010000881002,HUNTER & LOMISON INC., 1956 W. 4TH STREET,,WILLIAMSPORT,PA ,17701,USA,www.hunterlomison.com,570-326-1764,"Service,Up To 600kW,Mobile/Diesel/Gas,"
10271,Industrial/Commercial Sales & Service,00010001621002,BROOKFIELD SERVICE, 708 GLEBE ROAD,,WESTMORELAND,NH ,03467,USA,www.brookfieldservice.com,802-485-6567,"Service,Up To 600kW,Mobile/Diesel/Gas,"
10271,Industrial/Commercial Sales & Service,00010021101002,SOUTH SHORE GENERATOR INC-Quote, 2696A CRANBERRY HWY,,WAREHAM,MA ,02571,USA,,508-295-7336,"Sales,Service,Up To 600kW,Mobile/Diesel/Gas,"
10271,Industrial/Commercial Sales & Service,00010001701002,SOUTH SHORE GENERATOR INC, ,,EAST WAREHAM,MA ,02538,USA,,508-295-7336,"Financing,Sales,Service,Up To 600kW,Mobile/Diesel/Gas,"
10271,Industrial/Commercial Sales & Service,00111207431002,WARSHAUER ELECTRIC SUPPLY CO INC, 800 SHREWSBURY AVE,,TINTON FALLS,NJ ,07724,USA,www.warshauer.com,732-741-6400,"Service,"
10271,Industrial/Commercial Sales & Service,00010157021002,Mechanical Service Co, 1145 Oak St.,,Pittston,PA ,18640,USA,,570-654-2445,"Service,"
10272,Industrial/Commercial Sales & Service,00010214161002,"R.L. Kistler, Inc", 300 Mile Crossing Blvd.,,Rochester,NY ,14624,USA,rlkistler.com,585-436-1940,"Sales,"
10272,Industrial/Commercial Sales & Service,00010001611002,Huntington Power, 230 Long Hill Cross Rd,,Shelton,CT ,06484,USA,www.huntingtonpower.com,203-929-3203,"Sales,Service,Up To 2MW,Mobile/Diesel/Gas,Training,Rental,"
10272,Industrial/Commercial Sales & Service,00010214161002,"R.L. KISTLER, INC.", 35 HAMILTON LANE,,GLENMONT,NY ,12077,USA,,585-436-1940,"Sales,Service,"
10272,Industrial/Commercial Sales & Service,00010214161002,"R.L. Kistler, Inc", 5615 Business Ave.,,N. Syracuse,NY ,13208,USA,,315-458-2875,"Sales,"
10272,Industrial/Commercial Sales & Service,00010001611002,Huntington Power, 68 Enter Ln,,Islandia,NY ,11749,USA,,631-563-4943,"Sales,Service,Up To 2MW,Mobile/Diesel/Gas,"
10272,Industrial/Commercial Sales & Service,00010001611002,Huntington Power, 34 E DUDLEY TOWN RD.,,BLOOMFIELD,CT ,06002,USA,,860-289-8790,"Sales,Service,Rental,"
10272,Industrial/Commercial Sales & Service,00010214161002,"R.L. Kistler, Inc", 5615 Business Ave.,,N. Syracuse,NY ,13208,USA,,315-458-2875,"Sales,"
10272,Industrial/Commercial Sales & Service,00010208021002,Modern Group Power Systems, 2501 Durham Road,,Bristol,PA ,19007,USA,www.moderngroup.com,800-404-7291,"Sales,Service,Up To 2MW,Mobile/Diesel/Gas,Training,Rental,"
10272,Industrial/Commercial Sales & Service,00010001731002,Authorized Services Of New England, 410 Forest Street,,Marlborough,MA ,01752,USA,www.asne.com,888-890-9886,"Financing,Sales,Service,Up To 2MW,Mobile/Diesel/Gas,Training,Rental,"
10272,Industrial/Commercial Sales & Service,00010008091002,MODERN HANDLING EQUIP, 75 NEW STREET,,EDISON,NJ ,08837,USA,www.moderngroup.com,800-779-5116,"Sales,Service,Up To 2MW,Mobile/Diesel/Gas,"
10272,Industrial/Commercial Sales & Service,00010208021002,Modern Group Power Systems, 6352 Chapmans Rd,,Allentown,PA ,18106,USA,,800-404-7291,"Sales,Service,Up To 2MW,Mobile/Diesel/Gas,"
10272,Industrial/Commercial Sales & Service,00010208021002,Modern Group Power Systems, 200 Allied Parkway,,West Berlin,NJ ,08091,USA,,800-404-7291,"Sales,Service,Up To 2MW,Mobile/Diesel/Gas,"
10272,Industrial/Commercial Sales & Service,00010208021002,Modern Group Power Systems, 295 New Commerce Blvd.,,Wilkes Barre,PA ,18706,USA,,800-404-7291,"Sales,Service,Up To 2MW,Mobile/Diesel/Gas,"
10272,Industrial/Commercial Sales & Service,00010208021002,Modern Group Power Systems, 66A South Gate Blvd.,,New Castle,DE ,19720,USA,,800-404-7291,"Sales,Service,Up To 2MW,Mobile/Diesel/Gas,"
10272,Industrial/Commercial Sales & Service,00010000931002,"EMERGENCY POWER SYSTEMS, LLC", 35 HAMILTON LANE,,GLENMONT,NY ,12077,USA,,800-914-1465,"Service,Up To 2MW,Mobile/Diesel/Gas,"
10272,Industrial/Commercial Sales & Service,00010000931002,"EMERGENCY POWER SYSTEMS, LLC", 35 HAMILTON LANE,,GLENMONT,NY ,12077,USA,,800-914-1465,"Service,"
10272,Industrial/Commercial Sales & Service,00010208021002,Modern Group Power Systems, 3480 Board Road,,York,PA ,17402,USA,,800-404-7291,"Sales,Service,Up To 2MW,Mobile/Diesel/Gas,"
10272,Industrial/Commercial Sales & Service,00010001731002,AUTHORIZED SERVICES OF NEW ENGLAND, 410 FOREST STREET,,MARLBOROUGH,MA ,01752,USA,,888-890-9886,"Sales,"
10272,Industrial/Commercial Sales & Service,00010001691002,Kelly Generator & Equipment, 1955 Dale Ln,,Owings,MD ,20736,USA,www.kge.com,410-257-5225,"Sales,Service,Up To 2MW,Mobile/Diesel/Gas,Training,Rental,"
10272,Industrial/Commercial Sales & Service,00010001761002,"GENSERVE, INC.", 100 NEWTOWN RD,,PLAINVIEW,NY ,11803,USA,www.genserveinc.com,631-435-0437,"Service,"
10272,Industrial/Commercial Sales & Service,00111209521002,LONG ISLAND EMERGENCY POWER -QO, 2 Ocean Avenue,,DEER PARK,NY ,11729,USA,,631-586-7513,"Sales,"
10272,Industrial/Commercial Sales & Service,00010139211002,POWERPRO SERVICE CO. INC., 608 JOHNSON AVE. UNIT 6,,BOHEMIA,NY ,11716,USA,,631-567-2700,"Sales,Service,Up To 600kW,Mobile/Diesel/Gas,"
10272,Industrial/Commercial Sales & Service,00010134071002,PEAK POWER SYSTEMS, 99 SPRAGUE AVENUE,,MIDDLETOWN,NY ,10940,USA,www.peakpowersystems.com,845-344-1975,"Sales,Service,Up To 600kW,Mobile/Diesel/Gas,Rental,"
10272,Industrial/Commercial Sales & Service,00111209531002,HUNTINGTON POWER - LONG ISLAND, PO BOX 2040,,SHELTON,CT ,06484,USA,,631-586-7513,"Sales,"
10272,Industrial/Commercial Sales & Service,00010001761002,"GENSERVE, INC.", 115A TWINBRIDGE DR.,,PENNSAUKEN,NJ ,08110,USA,www.genserveinc.com,856-324-0459,"Service,"
10272,Industrial/Commercial Sales & Service,00111184131002,HUNTER & LOMISON, 1956 W FOURTH ST,,WILLIAMSPORT,PA ,17701,USA,www.hunterlomison.com,570-326-1764,"Sales,Service,Up To 600kW,Mobile/Diesel/Gas,Rental,"
10272,Industrial/Commercial Sales & Service,00010000881002,HUNTER & LOMISON INC., 1956 W. 4TH STREET,,WILLIAMSPORT,PA ,17701,USA,www.hunterlomison.com,570-326-1764,"Service,Up To 600kW,Mobile/Diesel/Gas,"
10272,Industrial/Commercial Sales & Service,00010001621002,BROOKFIELD SERVICE, 708 GLEBE ROAD,,WESTMORELAND,NH ,03467,USA,www.brookfieldservice.com,802-485-6567,"Service,Up To 600kW,Mobile/Diesel/Gas,"
10272,Industrial/Commercial Sales & Service,00010021101002,SOUTH SHORE GENERATOR INC-Quote, 2696A CRANBERRY HWY,,WAREHAM,MA ,02571,USA,,508-295-7336,"Sales,Service,Up To 600kW,Mobile/Diesel/Gas,"
10272,Industrial/Commercial Sales & Service,00010001701002,SOUTH SHORE GENERATOR INC, ,,EAST WAREHAM,MA ,02538,USA,,508-295-7336,"Financing,Sales,Service,Up To 600kW,Mobile/Diesel/Gas,"
10272,Industrial/Commercial Sales & Service,00111207431002,WARSHAUER ELECTRIC SUPPLY CO INC, 800 SHREWSBURY AVE,,TINTON FALLS,NJ ,07724,USA,www.warshauer.com,732-741-6400,"Service,"
10272,Industrial/Commercial Sales & Service,00010157021002,Mechanical Service Co, 1145 Oak St.,,Pittston,PA ,18640,USA,,570-654-2445,"Service,"
10273,Industrial/Commercial Sales & Service,00010001611002,Huntington Power, 230 Long Hill Cross Rd,,Shelton,CT ,06484,USA,www.huntingtonpower.com,203-929-3203,"Sales,Service,Up To 2MW,Mobile/Diesel/Gas,Training,Rental,"
10273,Industrial/Commercial Sales & Service,00010214161002,"R.L. KISTLER, INC.", 35 HAMILTON LANE,,GLENMONT,NY ,12077,USA,,585-436-1940,"Sales,Service,"
10273,Industrial/Commercial Sales & Service,00010214161002,"R.L. Kistler, Inc", 300 Mile Crossing Blvd.,,Rochester,NY ,14624,USA,rlkistler.com,585-436-1940,"Sales,"
10273,Industrial/Commercial Sales & Service,00010001611002,Huntington Power, 68 Enter Ln,,Islandia,NY ,11749,USA,,631-563-4943,"Sales,Service,Up To 2MW,Mobile/Diesel/Gas,"
10273,Industrial/Commercial Sales & Service,00010001611002,Huntington Power, 34 E DUDLEY TOWN RD.,,BLOOMFIELD,CT ,06002,USA,,860-289-8790,"Sales,Service,Rental,"
10273,Industrial/Commercial Sales & Service,00010214161002,"R.L. Kistler, Inc", 5615 Business Ave.,,N. Syracuse,NY ,13208,USA,,315-458-2875,"Sales,"
10273,Industrial/Commercial Sales & Service,00010214161002,"R.L. Kistler, Inc", 5615 Business Ave.,,N. Syracuse,NY ,13208,USA,,315-458-2875,"Sales,"
10273,Industrial/Commercial Sales & Service,00010208021002,Modern Group Power Systems, 2501 Durham Road,,Bristol,PA ,19007,USA,www.moderngroup.com,800-404-7291,"Sales,Service,Up To 2MW,Mobile/Diesel/Gas,Training,Rental,"
10273,Industrial/Commercial Sales & Service,00010001731002,Authorized Services Of New England, 410 Forest Street,,Marlborough,MA ,01752,USA,www.asne.com,888-890-9886,"Financing,Sales,Service,Up To 2MW,Mobile/Diesel/Gas,Training,Rental,"
10273,Industrial/Commercial Sales & Service,00010008091002,MODERN HANDLING EQUIP, 75 NEW STREET,,EDISON,NJ ,08837,USA,www.moderngroup.com,800-779-5116,"Sales,Service,Up To 2MW,Mobile/Diesel/Gas,"
10273,Industrial/Commercial Sales & Service,00010208021002,Modern Group Power Systems, 200 Allied Parkway,,West Berlin,NJ ,08091,USA,,800-404-7291,"Sales,Service,Up To 2MW,Mobile/Diesel/Gas,"
10273,Industrial/Commercial Sales & Service,00010208021002,Modern Group Power Systems, 6352 Chapmans Rd,,Allentown,PA ,18106,USA,,800-404-7291,"Sales,Service,Up To 2MW,Mobile/Diesel/Gas,"
10273,Industrial/Commercial Sales & Service,00010208021002,Modern Group Power Systems, 295 New Commerce Blvd.,,Wilkes Barre,PA ,18706,USA,,800-404-7291,"Sales,Service,Up To 2MW,Mobile/Diesel/Gas,"
10273,Industrial/Commercial Sales & Service,00010208021002,Modern Group Power Systems, 66A South Gate Blvd.,,New Castle,DE ,19720,USA,,800-404-7291,"Sales,Service,Up To 2MW,Mobile/Diesel/Gas,"
10273,Industrial/Commercial Sales & Service,00010000931002,"EMERGENCY POWER SYSTEMS, LLC", 35 HAMILTON LANE,,GLENMONT,NY ,12077,USA,,800-914-1465,"Service,Up To 2MW,Mobile/Diesel/Gas,"
10273,Industrial/Commercial Sales & Service,00010000931002,"EMERGENCY POWER SYSTEMS, LLC", 35 HAMILTON LANE,,GLENMONT,NY ,12077,USA,,800-914-1465,"Service,"
10273,Industrial/Commercial Sales & Service,00010208021002,Modern Group Power Systems, 3480 Board Road,,York,PA ,17402,USA,,800-404-7291,"Sales,Service,Up To 2MW,Mobile/Diesel/Gas,"
10273,Industrial/Commercial Sales & Service,00010001731002,AUTHORIZED SERVICES OF NEW ENGLAND, 410 FOREST STREET,,MARLBOROUGH,MA ,01752,USA,,888-890-9886,"Sales,"
10273,Industrial/Commercial Sales & Service,00010001691002,Kelly Generator & Equipment, 1955 Dale Ln,,Owings,MD ,20736,USA,www.kge.com,410-257-5225,"Sales,Service,Up To 2MW,Mobile/Diesel/Gas,Training,Rental,"
10273,Industrial/Commercial Sales & Service,00010001761002,"GENSERVE, INC.", 100 NEWTOWN RD,,PLAINVIEW,NY ,11803,USA,www.genserveinc.com,631-435-0437,"Service,"
10273,Industrial/Commercial Sales & Service,00111209521002,LONG ISLAND EMERGENCY POWER -QO, 2 Ocean Avenue,,DEER PARK,NY ,11729,USA,,631-586-7513,"Sales,"
10273,Industrial/Commercial Sales & Service,00010139211002,POWERPRO SERVICE CO. INC., 608 JOHNSON AVE. UNIT 6,,BOHEMIA,NY ,11716,USA,,631-567-2700,"Sales,Service,Up To 600kW,Mobile/Diesel/Gas,"
10273,Industrial/Commercial Sales & Service,00010134071002,PEAK POWER SYSTEMS, 99 SPRAGUE AVENUE,,MIDDLETOWN,NY ,10940,USA,www.peakpowersystems.com,845-344-1975,"Sales,Service,Up To 600kW,Mobile/Diesel/Gas,Rental,"
10273,Industrial/Commercial Sales & Service,00111209531002,HUNTINGTON POWER - LONG ISLAND, PO BOX 2040,,SHELTON,CT ,06484,USA,,631-586-7513,"Sales,"
10273,Industrial/Commercial Sales & Service,00010001761002,"GENSERVE, INC.", 115A TWINBRIDGE DR.,,PENNSAUKEN,NJ ,08110,USA,www.genserveinc.com,856-324-0459,"Service,"
10273,Industrial/Commercial Sales & Service,00111184131002,HUNTER & LOMISON, 1956 W FOURTH ST,,WILLIAMSPORT,PA ,17701,USA,www.hunterlomison.com,570-326-1764,"Sales,Service,Up To 600kW,Mobile/Diesel/Gas,Rental,"
10273,Industrial/Commercial Sales & Service,00010000881002,HUNTER & LOMISON INC., 1956 W. 4TH STREET,,WILLIAMSPORT,PA ,17701,USA,www.hunterlomison.com,570-326-1764,"Service,Up To 600kW,Mobile/Diesel/Gas,"
10273,Industrial/Commercial Sales & Service,00010001621002,BROOKFIELD SERVICE, 708 GLEBE ROAD,,WESTMORELAND,NH ,03467,USA,www.brookfieldservice.com,802-485-6567,"Service,Up To 600kW,Mobile/Diesel/Gas,"
10273,Industrial/Commercial Sales & Service,00010021101002,SOUTH SHORE GENERATOR INC-Quote, 2696A CRANBERRY HWY,,WAREHAM,MA ,02571,USA,,508-295-7336,"Sales,Service,Up To 600kW,Mobile/Diesel/Gas,"
10273,Industrial/Commercial Sales & Service,00010001701002,SOUTH SHORE GENERATOR INC, ,,EAST WAREHAM,MA ,02538,USA,,508-295-7336,"Financing,Sales,Service,Up To 600kW,Mobile/Diesel/Gas,"
10273,Industrial/Commercial Sales & Service,00111207431002,WARSHAUER ELECTRIC SUPPLY CO INC, 800 SHREWSBURY AVE,,TINTON FALLS,NJ ,07724,USA,www.warshauer.com,732-741-6400,"Service,"
10273,Industrial/Commercial Sales & Service,00010157021002,Mechanical Service Co, 1145 Oak St.,,Pittston,PA ,18640,USA,,570-654-2445,"Service,"
10274,Industrial/Commercial Sales & Service,00010214161002,"R.L. Kistler, Inc", 300 Mile Crossing Blvd.,,Rochester,NY ,14624,USA,rlkistler.com,585-436-1940,"Sales,"
10274,Industrial/Commercial Sales & Service,00010214161002,"R.L. KISTLER, INC.", 35 HAMILTON LANE,,GLENMONT,NY ,12077,USA,,585-436-1940,"Sales,Service,"
10274,Industrial/Commercial Sales & Service,00010001611002,Huntington Power, 230 Long Hill Cross Rd,,Shelton,CT ,06484,USA,www.huntingtonpower.com,203-929-3203,"Sales,Service,Up To 2MW,Mobile/Diesel/Gas,Training,Rental,"
10274,Industrial/Commercial Sales & Service,00010214161002,"R.L. Kistler, Inc", 5615 Business Ave.,,N. Syracuse,NY ,13208,USA,,315-458-2875,"Sales,"
10274,Industrial/Commercial Sales & Service,00010214161002,"R.L. Kistler, Inc", 5615 Business Ave.,,N. Syracuse,NY ,13208,USA,,315-458-2875,"Sales,"
10274,Industrial/Commercial Sales & Service,00010001611002,Huntington Power, 68 Enter Ln,,Islandia,NY ,11749,USA,,631-563-4943,"Sales,Service,Up To 2MW,Mobile/Diesel/Gas,"
10274,Industrial/Commercial Sales & Service,00010001611002,Huntington Power, 34 E DUDLEY TOWN RD.,,BLOOMFIELD,CT ,06002,USA,,860-289-8790,"Sales,Service,Rental,"
10274,Industrial/Commercial Sales & Service,00010208021002,Modern Group Power Systems, 2501 Durham Road,,Bristol,PA ,19007,USA,www.moderngroup.com,800-404-7291,"Sales,Service,Up To 2MW,Mobile/Diesel/Gas,Training,Rental,"
10274,Industrial/Commercial Sales & Service,00010001731002,Authorized Services Of New England, 410 Forest Street,,Marlborough,MA ,01752,USA,www.asne.com,888-890-9886,"Financing,Sales,Service,Up To 2MW,Mobile/Diesel/Gas,Training,Rental,"
10274,Industrial/Commercial Sales & Service,00010008091002,MODERN HANDLING EQUIP, 75 NEW STREET,,EDISON,NJ ,08837,USA,www.moderngroup.com,800-779-5116,"Sales,Service,Up To 2MW,Mobile/Diesel/Gas,"
10274,Industrial/Commercial Sales & Service,00010208021002,Modern Group Power Systems, 200 Allied Parkway,,West Berlin,NJ ,08091,USA,,800-404-7291,"Sales,Service,Up To 2MW,Mobile/Diesel/Gas,"
10274,Industrial/Commercial Sales & Service,00010208021002,Modern Group Power Systems, 6352 Chapmans Rd,,Allentown,PA ,18106,USA,,800-404-7291,"Sales,Service,Up To 2MW,Mobile/Diesel/Gas,"
10274,Industrial/Commercial Sales & Service,00010208021002,Modern Group Power Systems, 295 New Commerce Blvd.,,Wilkes Barre,PA ,18706,USA,,800-404-7291,"Sales,Service,Up To 2MW,Mobile/Diesel/Gas,"
10274,Industrial/Commercial Sales & Service,00010208021002,Modern Group Power Systems, 66A South Gate Blvd.,,New Castle,DE ,19720,USA,,800-404-7291,"Sales,Service,Up To 2MW,Mobile/Diesel/Gas,"
10274,Industrial/Commercial Sales & Service,00010000931002,"EMERGENCY POWER SYSTEMS, LLC", 35 HAMILTON LANE,,GLENMONT,NY ,12077,USA,,800-914-1465,"Service,Up To 2MW,Mobile/Diesel/Gas,"
10274,Industrial/Commercial Sales & Service,00010000931002,"EMERGENCY POWER SYSTEMS, LLC", 35 HAMILTON LANE,,GLENMONT,NY ,12077,USA,,800-914-1465,"Service,"
10274,Industrial/Commercial Sales & Service,00010208021002,Modern Group Power Systems, 3480 Board Road,,York,PA ,17402,USA,,800-404-7291,"Sales,Service,Up To 2MW,Mobile/Diesel/Gas,"
10274,Industrial/Commercial Sales & Service,00010001731002,AUTHORIZED SERVICES OF NEW ENGLAND, 410 FOREST STREET,,MARLBOROUGH,MA ,01752,USA,,888-890-9886,"Sales,"
10274,Industrial/Commercial Sales & Service,00010001691002,Kelly Generator & Equipment, 1955 Dale Ln,,Owings,MD ,20736,USA,www.kge.com,410-257-5225,"Sales,Service,Up To 2MW,Mobile/Diesel/Gas,Training,Rental,"
10274,Industrial/Commercial Sales & Service,00010001761002,"GENSERVE, INC.", 100 NEWTOWN RD,,PLAINVIEW,NY ,11803,USA,www.genserveinc.com,631-435-0437,"Service,"
10274,Industrial/Commercial Sales & Service,00111209521002,LONG ISLAND EMERGENCY POWER -QO, 2 Ocean Avenue,,DEER PARK,NY ,11729,USA,,631-586-7513,"Sales,"
10274,Industrial/Commercial Sales & Service,00010139211002,POWERPRO SERVICE CO. INC., 608 JOHNSON AVE. UNIT 6,,BOHEMIA,NY ,11716,USA,,631-567-2700,"Sales,Service,Up To 600kW,Mobile/Diesel/Gas,"
10274,Industrial/Commercial Sales & Service,00010134071002,PEAK POWER SYSTEMS, 99 SPRAGUE AVENUE,,MIDDLETOWN,NY ,10940,USA,www.peakpowersystems.com,845-344-1975,"Sales,Service,Up To 600kW,Mobile/Diesel/Gas,Rental,"
10274,Industrial/Commercial Sales & Service,00111209531002,HUNTINGTON POWER - LONG ISLAND, PO BOX 2040,,SHELTON,CT ,06484,USA,,631-586-7513,"Sales,"
10274,Industrial/Commercial Sales & Service,00010001761002,"GENSERVE, INC.", 115A TWINBRIDGE DR.,,PENNSAUKEN,NJ ,08110,USA,www.genserveinc.com,856-324-0459,"Service,"
10274,Industrial/Commercial Sales & Service,00111184131002,HUNTER & LOMISON, 1956 W FOURTH ST,,WILLIAMSPORT,PA ,17701,USA,www.hunterlomison.com,570-326-1764,"Sales,Service,Up To 600kW,Mobile/Diesel/Gas,Rental,"
10274,Industrial/Commercial Sales & Service,00010000881002,HUNTER & LOMISON INC., 1956 W. 4TH STREET,,WILLIAMSPORT,PA ,17701,USA,www.hunterlomison.com,570-326-1764,"Service,Up To 600kW,Mobile/Diesel/Gas,"
10274,Industrial/Commercial Sales & Service,00010001621002,BROOKFIELD SERVICE, 708 GLEBE ROAD,,WESTMORELAND,NH ,03467,USA,www.brookfieldservice.com,802-485-6567,"Service,Up To 600kW,Mobile/Diesel/Gas,"
10274,Industrial/Commercial Sales & Service,00010021101002,SOUTH SHORE GENERATOR INC-Quote, 2696A CRANBERRY HWY,,WAREHAM,MA ,02571,USA,,508-295-7336,"Sales,Service,Up To 600kW,Mobile/Diesel/Gas,"
10274,Industrial/Commercial Sales & Service,00010001701002,SOUTH SHORE GENERATOR INC, ,,EAST WAREHAM,MA ,02538,USA,,508-295-7336,"Financing,Sales,Service,Up To 600kW,Mobile/Diesel/Gas,"
10274,Industrial/Commercial Sales & Service,00111207431002,WARSHAUER ELECTRIC SUPPLY CO INC, 800 SHREWSBURY AVE,,TINTON FALLS,NJ ,07724,USA,www.warshauer.com,732-741-6400,"Service,"
10274,Industrial/Commercial Sales & Service,00010157021002,Mechanical Service Co, 1145 Oak St.,,Pittston,PA ,18640,USA,,570-654-2445,"Service,"
10275,Industrial/Commercial Sales & Service,00010001611002,Huntington Power, 230 Long Hill Cross Rd,,Shelton,CT ,06484,USA,www.huntingtonpower.com,203-929-3203,"Sales,Service,Up To 2MW,Mobile/Diesel/Gas,Training,Rental,"
10275,Industrial/Commercial Sales & Service,00010214161002,"R.L. KISTLER, INC.", 35 HAMILTON LANE,,GLENMONT,NY ,12077,USA,,585-436-1940,"Sales,Service,"
10275,Industrial/Commercial Sales & Service,00010214161002,"R.L. Kistler, Inc", 300 Mile Crossing Blvd.,,Rochester,NY ,14624,USA,rlkistler.com,585-436-1940,"Sales,"
10275,Industrial/Commercial Sales & Service,00010001611002,Huntington Power, 68 Enter Ln,,Islandia,NY ,11749,USA,,631-563-4943,"Sales,Service,Up To 2MW,Mobile/Diesel/Gas,"
10275,Industrial/Commercial Sales & Service,00010001611002,Huntington Power, 34 E DUDLEY TOWN RD.,,BLOOMFIELD,CT ,06002,USA,,860-289-8790,"Sales,Service,Rental,"
10275,Industrial/Commercial Sales & Service,00010214161002,"R.L. Kistler, Inc", 5615 Business Ave.,,N. Syracuse,NY ,13208,USA,,315-458-2875,"Sales,"
10275,Industrial/Commercial Sales & Service,00010214161002,"R.L. Kistler, Inc", 5615 Business Ave.,,N. Syracuse,NY ,13208,USA,,315-458-2875,"Sales,"
10275,Industrial/Commercial Sales & Service,00010208021002,Modern Group Power Systems, 2501 Durham Road,,Bristol,PA ,19007,USA,www.moderngroup.com,800-404-7291,"Sales,Service,Up To 2MW,Mobile/Diesel/Gas,Training,Rental,"
10275,Industrial/Commercial Sales & Service,00010001731002,Authorized Services Of New England, 410 Forest Street,,Marlborough,MA ,01752,USA,www.asne.com,888-890-9886,"Financing,Sales,Service,Up To 2MW,Mobile/Diesel/Gas,Training,Rental,"
10275,Industrial/Commercial Sales & Service,00010008091002,MODERN HANDLING EQUIP, 75 NEW STREET,,EDISON,NJ ,08837,USA,www.moderngroup.com,800-779-5116,"Sales,Service,Up To 2MW,Mobile/Diesel/Gas,"
10275,Industrial/Commercial Sales & Service,00010208021002,Modern Group Power Systems, 200 Allied Parkway,,West Berlin,NJ ,08091,USA,,800-404-7291,"Sales,Service,Up To 2MW,Mobile/Diesel/Gas,"
10275,Industrial/Commercial Sales & Service,00010208021002,Modern Group Power Systems, 6352 Chapmans Rd,,Allentown,PA ,18106,USA,,800-404-7291,"Sales,Service,Up To 2MW,Mobile/Diesel/Gas,"
10275,Industrial/Commercial Sales & Service,00010208021002,Modern Group Power Systems, 295 New Commerce Blvd.,,Wilkes Barre,PA ,18706,USA,,800-404-7291,"Sales,Service,Up To 2MW,Mobile/Diesel/Gas,"
10275,Industrial/Commercial Sales & Service,00010208021002,Modern Group Power Systems, 66A South Gate Blvd.,,New Castle,DE ,19720,USA,,800-404-7291,"Sales,Service,Up To 2MW,Mobile/Diesel/Gas,"
10275,Industrial/Commercial Sales & Service,00010000931002,"EMERGENCY POWER SYSTEMS, LLC", 35 HAMILTON LANE,,GLENMONT,NY ,12077,USA,,800-914-1465,"Service,Up To 2MW,Mobile/Diesel/Gas,"
10275,Industrial/Commercial Sales & Service,00010000931002,"EMERGENCY POWER SYSTEMS, LLC", 35 HAMILTON LANE,,GLENMONT,NY ,12077,USA,,800-914-1465,"Service,"
10275,Industrial/Commercial Sales & Service,00010208021002,Modern Group Power Systems, 3480 Board Road,,York,PA ,17402,USA,,800-404-7291,"Sales,Service,Up To 2MW,Mobile/Diesel/Gas,"
10275,Industrial/Commercial Sales & Service,00010001731002,AUTHORIZED SERVICES OF NEW ENGLAND, 410 FOREST STREET,,MARLBOROUGH,MA ,01752,USA,,888-890-9886,"Sales,"
10275,Industrial/Commercial Sales & Service,00010001691002,Kelly Generator & Equipment, 1955 Dale Ln,,Owings,MD ,20736,USA,www.kge.com,410-257-5225,"Sales,Service,Up To 2MW,Mobile/Diesel/Gas,Training,Rental,"
10275,Industrial/Commercial Sales & Service,00010001761002,"GENSERVE, INC.", 100 NEWTOWN RD,,PLAINVIEW,NY ,11803,USA,www.genserveinc.com,631-435-0437,"Service,"
10275,Industrial/Commercial Sales & Service,00111209521002,LONG ISLAND EMERGENCY POWER -QO, 2 Ocean Avenue,,DEER PARK,NY ,11729,USA,,631-586-7513,"Sales,"
10275,Industrial/Commercial Sales & Service,00010139211002,POWERPRO SERVICE CO. INC., 608 JOHNSON AVE. UNIT 6,,BOHEMIA,NY ,11716,USA,,631-567-2700,"Sales,Service,Up To 600kW,Mobile/Diesel/Gas,"
10275,Industrial/Commercial Sales & Service,00010134071002,PEAK POWER SYSTEMS, 99 SPRAGUE AVENUE,,MIDDLETOWN,NY ,10940,USA,www.peakpowersystems.com,845-344-1975,"Sales,Service,Up To 600kW,Mobile/Diesel/Gas,Rental,"
10275,Industrial/Commercial Sales & Service,00111209531002,HUNTINGTON POWER - LONG ISLAND, PO BOX 2040,,SHELTON,CT ,06484,USA,,631-586-7513,"Sales,"
10275,Industrial/Commercial Sales & Service,00010001761002,"GENSERVE, INC.", 115A TWINBRIDGE DR.,,PENNSAUKEN,NJ ,08110,USA,www.genserveinc.com,856-324-0459,"Service,"
10275,Industrial/Commercial Sales & Service,00111184131002,HUNTER & LOMISON, 1956 W FOURTH ST,,WILLIAMSPORT,PA ,17701,USA,www.hunterlomison.com,570-326-1764,"Sales,Service,Up To 600kW,Mobile/Diesel/Gas,Rental,"
10275,Industrial/Commercial Sales & Service,00010000881002,HUNTER & LOMISON INC., 1956 W. 4TH STREET,,WILLIAMSPORT,PA ,17701,USA,www.hunterlomison.com,570-326-1764,"Service,Up To 600kW,Mobile/Diesel/Gas,"
10275,Industrial/Commercial Sales & Service,00010001621002,BROOKFIELD SERVICE, 708 GLEBE ROAD,,WESTMORELAND,NH ,03467,USA,www.brookfieldservice.com,802-485-6567,"Service,Up To 600kW,Mobile/Diesel/Gas,"
10275,Industrial/Commercial Sales & Service,00010021101002,SOUTH SHORE GENERATOR INC-Quote, 2696A CRANBERRY HWY,,WAREHAM,MA ,02571,USA,,508-295-7336,"Sales,Service,Up To 600kW,Mobile/Diesel/Gas,"
10275,Industrial/Commercial Sales & Service,00010001701002,SOUTH SHORE GENERATOR INC, ,,EAST WAREHAM,MA ,02538,USA,,508-295-7336,"Financing,Sales,Service,Up To 600kW,Mobile/Diesel/Gas,"
10275,Industrial/Commercial Sales & Service,00111207431002,WARSHAUER ELECTRIC SUPPLY CO INC, 800 SHREWSBURY AVE,,TINTON FALLS,NJ ,07724,USA,www.warshauer.com,732-741-6400,"Service,"
10275,Industrial/Commercial Sales & Service,00010157021002,Mechanical Service Co, 1145 Oak St.,,Pittston,PA ,18640,USA,,570-654-2445,"Service,"
10276,Industrial/Commercial Sales & Service,00010214161002,"R.L. KISTLER, INC.", 35 HAMILTON LANE,,GLENMONT,NY ,12077,USA,,585-436-1940,"Sales,Service,"
10276,Industrial/Commercial Sales & Service,00010001611002,Huntington Power, 230 Long Hill Cross Rd,,Shelton,CT ,06484,USA,www.huntingtonpower.com,203-929-3203,"Sales,Service,Up To 2MW,Mobile/Diesel/Gas,Training,Rental,"
10276,Industrial/Commercial Sales & Service,00010214161002,"R.L. Kistler, Inc", 300 Mile Crossing Blvd.,,Rochester,NY ,14624,USA,rlkistler.com,585-436-1940,"Sales,"
10276,Industrial/Commercial Sales & Service,00010214161002,"R.L. Kistler, Inc", 5615 Business Ave.,,N. Syracuse,NY ,13208,USA,,315-458-2875,"Sales,"
10276,Industrial/Commercial Sales & Service,00010001611002,Huntington Power, 68 Enter Ln,,Islandia,NY ,11749,USA,,631-563-4943,"Sales,Service,Up To 2MW,Mobile/Diesel/Gas,"
10276,Industrial/Commercial Sales & Service,00010001611002,Huntington Power, 34 E DUDLEY TOWN RD.,,BLOOMFIELD,CT ,06002,USA,,860-289-8790,"Sales,Service,Rental,"
10276,Industrial/Commercial Sales & Service,00010214161002,"R.L. Kistler, Inc", 5615 Business Ave.,,N. Syracuse,NY ,13208,USA,,315-458-2875,"Sales,"
10276,Industrial/Commercial Sales & Service,00010208021002,Modern Group Power Systems, 2501 Durham Road,,Bristol,PA ,19007,USA,www.moderngroup.com,800-404-7291,"Sales,Service,Up To 2MW,Mobile/Diesel/Gas,Training,Rental,"
10276,Industrial/Commercial Sales & Service,00010001731002,Authorized Services Of New England, 410 Forest Street,,Marlborough,MA ,01752,USA,www.asne.com,888-890-9886,"Financing,Sales,Service,Up To 2MW,Mobile/Diesel/Gas,Training,Rental,"
10276,Industrial/Commercial Sales & Service,00010008091002,MODERN HANDLING EQUIP, 75 NEW STREET,,EDISON,NJ ,08837,USA,www.moderngroup.com,800-779-5116,"Sales,Service,Up To 2MW,Mobile/Diesel/Gas,"
10276,Industrial/Commercial Sales & Service,00010208021002,Modern Group Power Systems, 200 Allied Parkway,,West Berlin,NJ ,08091,USA,,800-404-7291,"Sales,Service,Up To 2MW,Mobile/Diesel/Gas,"
10276,Industrial/Commercial Sales & Service,00010208021002,Modern Group Power Systems, 6352 Chapmans Rd,,Allentown,PA ,18106,USA,,800-404-7291,"Sales,Service,Up To 2MW,Mobile/Diesel/Gas,"
10276,Industrial/Commercial Sales & Service,00010208021002,Modern Group Power Systems, 295 New Commerce Blvd.,,Wilkes Barre,PA ,18706,USA,,800-404-7291,"Sales,Service,Up To 2MW,Mobile/Diesel/Gas,"
10276,Industrial/Commercial Sales & Service,00010208021002,Modern Group Power Systems, 66A South Gate Blvd.,,New Castle,DE ,19720,USA,,800-404-7291,"Sales,Service,Up To 2MW,Mobile/Diesel/Gas,"
10276,Industrial/Commercial Sales & Service,00010000931002,"EMERGENCY POWER SYSTEMS, LLC", 35 HAMILTON LANE,,GLENMONT,NY ,12077,USA,,800-914-1465,"Service,Up To 2MW,Mobile/Diesel/Gas,"
10276,Industrial/Commercial Sales & Service,00010000931002,"EMERGENCY POWER SYSTEMS, LLC", 35 HAMILTON LANE,,GLENMONT,NY ,12077,USA,,800-914-1465,"Service,"
10276,Industrial/Commercial Sales & Service,00010208021002,Modern Group Power Systems, 3480 Board Road,,York,PA ,17402,USA,,800-404-7291,"Sales,Service,Up To 2MW,Mobile/Diesel/Gas,"
10276,Industrial/Commercial Sales & Service,00010001731002,AUTHORIZED SERVICES OF NEW ENGLAND, 410 FOREST STREET,,MARLBOROUGH,MA ,01752,USA,,888-890-9886,"Sales,"
10276,Industrial/Commercial Sales & Service,00010001691002,Kelly Generator & Equipment, 1955 Dale Ln,,Owings,MD ,20736,USA,www.kge.com,410-257-5225,"Sales,Service,Up To 2MW,Mobile/Diesel/Gas,Training,Rental,"
10276,Industrial/Commercial Sales & Service,00010001761002,"GENSERVE, INC.", 100 NEWTOWN RD,,PLAINVIEW,NY ,11803,USA,www.genserveinc.com,631-435-0437,"Service,"
10276,Industrial/Commercial Sales & Service,00111209521002,LONG ISLAND EMERGENCY POWER -QO, 2 Ocean Avenue,,DEER PARK,NY ,11729,USA,,631-586-7513,"Sales,"
10276,Industrial/Commercial Sales & Service,00010139211002,POWERPRO SERVICE CO. INC., 608 JOHNSON AVE. UNIT 6,,BOHEMIA,NY ,11716,USA,,631-567-2700,"Sales,Service,Up To 600kW,Mobile/Diesel/Gas,"
10276,Industrial/Commercial Sales & Service,00010134071002,PEAK POWER SYSTEMS, 99 SPRAGUE AVENUE,,MIDDLETOWN,NY ,10940,USA,www.peakpowersystems.com,845-344-1975,"Sales,Service,Up To 600kW,Mobile/Diesel/Gas,Rental,"
10276,Industrial/Commercial Sales & Service,00111209531002,HUNTINGTON POWER - LONG ISLAND, PO BOX 2040,,SHELTON,CT ,06484,USA,,631-586-7513,"Sales,"
10276,Industrial/Commercial Sales & Service,00010001761002,"GENSERVE, INC.", 115A TWINBRIDGE DR.,,PENNSAUKEN,NJ ,08110,USA,www.genserveinc.com,856-324-0459,"Service,"
10276,Industrial/Commercial Sales & Service,00111184131002,HUNTER & LOMISON, 1956 W FOURTH ST,,WILLIAMSPORT,PA ,17701,USA,www.hunterlomison.com,570-326-1764,"Sales,Service,Up To 600kW,Mobile/Diesel/Gas,Rental,"
10276,Industrial/Commercial Sales & Service,00010000881002,HUNTER & LOMISON INC., 1956 W. 4TH STREET,,WILLIAMSPORT,PA ,17701,USA,www.hunterlomison.com,570-326-1764,"Service,Up To 600kW,Mobile/Diesel/Gas,"
10276,Industrial/Commercial Sales & Service,00010001621002,BROOKFIELD SERVICE, 708 GLEBE ROAD,,WESTMORELAND,NH ,03467,USA,www.brookfieldservice.com,802-485-6567,"Service,Up To 600kW,Mobile/Diesel/Gas,"
10276,Industrial/Commercial Sales & Service,00010021101002,SOUTH SHORE GENERATOR INC-Quote, 2696A CRANBERRY HWY,,WAREHAM,MA ,02571,USA,,508-295-7336,"Sales,Service,Up To 600kW,Mobile/Diesel/Gas,"
10276,Industrial/Commercial Sales & Service,00010001701002,SOUTH SHORE GENERATOR INC, ,,EAST WAREHAM,MA ,02538,USA,,508-295-7336,"Financing,Sales,Service,Up To 600kW,Mobile/Diesel/Gas,"
10276,Industrial/Commercial Sales & Service,00111207431002,WARSHAUER ELECTRIC SUPPLY CO INC, 800 SHREWSBURY AVE,,TINTON FALLS,NJ ,07724,USA,www.warshauer.com,732-741-6400,"Service,"
10276,Industrial/Commercial Sales & Service,00010157021002,Mechanical Service Co, 1145 Oak St.,,Pittston,PA ,18640,USA,,570-654-2445,"Service,"
10277,Industrial/Commercial Sales & Service,00010001611002,Huntington Power, 230 Long Hill Cross Rd,,Shelton,CT ,06484,USA,www.huntingtonpower.com,203-929-3203,"Sales,Service,Up To 2MW,Mobile/Diesel/Gas,Training,Rental,"
10277,Industrial/Commercial Sales & Service,00010214161002,"R.L. KISTLER, INC.", 35 HAMILTON LANE,,GLENMONT,NY ,12077,USA,,585-436-1940,"Sales,Service,"
10277,Industrial/Commercial Sales & Service,00010214161002,"R.L. Kistler, Inc", 300 Mile Crossing Blvd.,,Rochester,NY ,14624,USA,rlkistler.com,585-436-1940,"Sales,"
10277,Industrial/Commercial Sales & Service,00010001611002,Huntington Power, 68 Enter Ln,,Islandia,NY ,11749,USA,,631-563-4943,"Sales,Service,Up To 2MW,Mobile/Diesel/Gas,"
10277,Industrial/Commercial Sales & Service,00010001611002,Huntington Power, 34 E DUDLEY TOWN RD.,,BLOOMFIELD,CT ,06002,USA,,860-289-8790,"Sales,Service,Rental,"
10277,Industrial/Commercial Sales & Service,00010214161002,"R.L. Kistler, Inc", 5615 Business Ave.,,N. Syracuse,NY ,13208,USA,,315-458-2875,"Sales,"
10277,Industrial/Commercial Sales & Service,00010214161002,"R.L. Kistler, Inc", 5615 Business Ave.,,N. Syracuse,NY ,13208,USA,,315-458-2875,"Sales,"
10277,Industrial/Commercial Sales & Service,00010208021002,Modern Group Power Systems, 2501 Durham Road,,Bristol,PA ,19007,USA,www.moderngroup.com,800-404-7291,"Sales,Service,Up To 2MW,Mobile/Diesel/Gas,Training,Rental,"
10277,Industrial/Commercial Sales & Service,00010001731002,Authorized Services Of New England, 410 Forest Street,,Marlborough,MA ,01752,USA,www.asne.com,888-890-9886,"Financing,Sales,Service,Up To 2MW,Mobile/Diesel/Gas,Training,Rental,"
10277,Industrial/Commercial Sales & Service,00010008091002,MODERN HANDLING EQUIP, 75 NEW STREET,,EDISON,NJ ,08837,USA,www.moderngroup.com,800-779-5116,"Sales,Service,Up To 2MW,Mobile/Diesel/Gas,"
10277,Industrial/Commercial Sales & Service,00010208021002,Modern Group Power Systems, 200 Allied Parkway,,West Berlin,NJ ,08091,USA,,800-404-7291,"Sales,Service,Up To 2MW,Mobile/Diesel/Gas,"
10277,Industrial/Commercial Sales & Service,00010208021002,Modern Group Power Systems, 6352 Chapmans Rd,,Allentown,PA ,18106,USA,,800-404-7291,"Sales,Service,Up To 2MW,Mobile/Diesel/Gas,"
10277,Industrial/Commercial Sales & Service,00010208021002,Modern Group Power Systems, 295 New Commerce Blvd.,,Wilkes Barre,PA ,18706,USA,,800-404-7291,"Sales,Service,Up To 2MW,Mobile/Diesel/Gas,"
10277,Industrial/Commercial Sales & Service,00010208021002,Modern Group Power Systems, 66A South Gate Blvd.,,New Castle,DE ,19720,USA,,800-404-7291,"Sales,Service,Up To 2MW,Mobile/Diesel/Gas,"
10277,Industrial/Commercial Sales & Service,00010000931002,"EMERGENCY POWER SYSTEMS, LLC", 35 HAMILTON LANE,,GLENMONT,NY ,12077,USA,,800-914-1465,"Service,Up To 2MW,Mobile/Diesel/Gas,"
10277,Industrial/Commercial Sales & Service,00010000931002,"EMERGENCY POWER SYSTEMS, LLC", 35 HAMILTON LANE,,GLENMONT,NY ,12077,USA,,800-914-1465,"Service,"
10277,Industrial/Commercial Sales & Service,00010208021002,Modern Group Power Systems, 3480 Board Road,,York,PA ,17402,USA,,800-404-7291,"Sales,Service,Up To 2MW,Mobile/Diesel/Gas,"
10277,Industrial/Commercial Sales & Service,00010001731002,AUTHORIZED SERVICES OF NEW ENGLAND, 410 FOREST STREET,,MARLBOROUGH,MA ,01752,USA,,888-890-9886,"Sales,"
10277,Industrial/Commercial Sales & Service,00010001691002,Kelly Generator & Equipment, 1955 Dale Ln,,Owings,MD ,20736,USA,www.kge.com,410-257-5225,"Sales,Service,Up To 2MW,Mobile/Diesel/Gas,Training,Rental,"
10277,Industrial/Commercial Sales & Service,00010001761002,"GENSERVE, INC.", 100 NEWTOWN RD,,PLAINVIEW,NY ,11803,USA,www.genserveinc.com,631-435-0437,"Service,"
10277,Industrial/Commercial Sales & Service,00111209521002,LONG ISLAND EMERGENCY POWER -QO, 2 Ocean Avenue,,DEER PARK,NY ,11729,USA,,631-586-7513,"Sales,"
10277,Industrial/Commercial Sales & Service,00010139211002,POWERPRO SERVICE CO. INC., 608 JOHNSON AVE. UNIT 6,,BOHEMIA,NY ,11716,USA,,631-567-2700,"Sales,Service,Up To 600kW,Mobile/Diesel/Gas,"
10277,Industrial/Commercial Sales & Service,00010134071002,PEAK POWER SYSTEMS, 99 SPRAGUE AVENUE,,MIDDLETOWN,NY ,10940,USA,www.peakpowersystems.com,845-344-1975,"Sales,Service,Up To 600kW,Mobile/Diesel/Gas,Rental,"
10277,Industrial/Commercial Sales & Service,00111209531002,HUNTINGTON POWER - LONG ISLAND, PO BOX 2040,,SHELTON,CT ,06484,USA,,631-586-7513,"Sales,"
10277,Industrial/Commercial Sales & Service,00010001761002,"GENSERVE, INC.", 115A TWINBRIDGE DR.,,PENNSAUKEN,NJ ,08110,USA,www.genserveinc.com,856-324-0459,"Service,"
10277,Industrial/Commercial Sales & Service,00111184131002,HUNTER & LOMISON, 1956 W FOURTH ST,,WILLIAMSPORT,PA ,17701,USA,www.hunterlomison.com,570-326-1764,"Sales,Service,Up To 600kW,Mobile/Diesel/Gas,Rental,"
10277,Industrial/Commercial Sales & Service,00010000881002,HUNTER & LOMISON INC., 1956 W. 4TH STREET,,WILLIAMSPORT,PA ,17701,USA,www.hunterlomison.com,570-326-1764,"Service,Up To 600kW,Mobile/Diesel/Gas,"
10277,Industrial/Commercial Sales & Service,00010001621002,BROOKFIELD SERVICE, 708 GLEBE ROAD,,WESTMORELAND,NH ,03467,USA,www.brookfieldservice.com,802-485-6567,"Service,Up To 600kW,Mobile/Diesel/Gas,"
10277,Industrial/Commercial Sales & Service,00010021101002,SOUTH SHORE GENERATOR INC-Quote, 2696A CRANBERRY HWY,,WAREHAM,MA ,02571,USA,,508-295-7336,"Sales,Service,Up To 600kW,Mobile/Diesel/Gas,"
10277,Industrial/Commercial Sales & Service,00010001701002,SOUTH SHORE GENERATOR INC, ,,EAST WAREHAM,MA ,02538,USA,,508-295-7336,"Financing,Sales,Service,Up To 600kW,Mobile/Diesel/Gas,"
10277,Industrial/Commercial Sales & Service,00111207431002,WARSHAUER ELECTRIC SUPPLY CO INC, 800 SHREWSBURY AVE,,TINTON FALLS,NJ ,07724,USA,www.warshauer.com,732-741-6400,"Service,"
10277,Industrial/Commercial Sales & Service,00010157021002,Mechanical Service Co, 1145 Oak St.,,Pittston,PA ,18640,USA,,570-654-2445,"Service,"
10278,Industrial/Commercial Sales & Service,00010001611002,Huntington Power, 230 Long Hill Cross Rd,,Shelton,CT ,06484,USA,www.huntingtonpower.com,203-929-3203,"Sales,Service,Up To 2MW,Mobile/Diesel/Gas,Training,Rental,"
10278,Industrial/Commercial Sales & Service,00010214161002,"R.L. KISTLER, INC.", 35 HAMILTON LANE,,GLENMONT,NY ,12077,USA,,585-436-1940,"Sales,Service,"
10278,Industrial/Commercial Sales & Service,00010214161002,"R.L. Kistler, Inc", 300 Mile Crossing Blvd.,,Rochester,NY ,14624,USA,rlkistler.com,585-436-1940,"Sales,"
10278,Industrial/Commercial Sales & Service,00010001611002,Huntington Power, 68 Enter Ln,,Islandia,NY ,11749,USA,,631-563-4943,"Sales,Service,Up To 2MW,Mobile/Diesel/Gas,"
10278,Industrial/Commercial Sales & Service,00010001611002,Huntington Power, 34 E DUDLEY TOWN RD.,,BLOOMFIELD,CT ,06002,USA,,860-289-8790,"Sales,Service,Rental,"
10278,Industrial/Commercial Sales & Service,00010214161002,"R.L. Kistler, Inc", 5615 Business Ave.,,N. Syracuse,NY ,13208,USA,,315-458-2875,"Sales,"
10278,Industrial/Commercial Sales & Service,00010214161002,"R.L. Kistler, Inc", 5615 Business Ave.,,N. Syracuse,NY ,13208,USA,,315-458-2875,"Sales,"
10278,Industrial/Commercial Sales & Service,00010208021002,Modern Group Power Systems, 2501 Durham Road,,Bristol,PA ,19007,USA,www.moderngroup.com,800-404-7291,"Sales,Service,Up To 2MW,Mobile/Diesel/Gas,Training,Rental,"
10278,Industrial/Commercial Sales & Service,00010001731002,Authorized Services Of New England, 410 Forest Street,,Marlborough,MA ,01752,USA,www.asne.com,888-890-9886,"Financing,Sales,Service,Up To 2MW,Mobile/Diesel/Gas,Training,Rental,"
10278,Industrial/Commercial Sales & Service,00010008091002,MODERN HANDLING EQUIP, 75 NEW STREET,,EDISON,NJ ,08837,USA,www.moderngroup.com,800-779-5116,"Sales,Service,Up To 2MW,Mobile/Diesel/Gas,"
10278,Industrial/Commercial Sales & Service,00010208021002,Modern Group Power Systems, 200 Allied Parkway,,West Berlin,NJ ,08091,USA,,800-404-7291,"Sales,Service,Up To 2MW,Mobile/Diesel/Gas,"
10278,Industrial/Commercial Sales & Service,00010208021002,Modern Group Power Systems, 6352 Chapmans Rd,,Allentown,PA ,18106,USA,,800-404-7291,"Sales,Service,Up To 2MW,Mobile/Diesel/Gas,"
10278,Industrial/Commercial Sales & Service,00010208021002,Modern Group Power Systems, 295 New Commerce Blvd.,,Wilkes Barre,PA ,18706,USA,,800-404-7291,"Sales,Service,Up To 2MW,Mobile/Diesel/Gas,"
10278,Industrial/Commercial Sales & Service,00010208021002,Modern Group Power Systems, 66A South Gate Blvd.,,New Castle,DE ,19720,USA,,800-404-7291,"Sales,Service,Up To 2MW,Mobile/Diesel/Gas,"
10278,Industrial/Commercial Sales & Service,00010000931002,"EMERGENCY POWER SYSTEMS, LLC", 35 HAMILTON LANE,,GLENMONT,NY ,12077,USA,,800-914-1465,"Service,Up To 2MW,Mobile/Diesel/Gas,"
10278,Industrial/Commercial Sales & Service,00010000931002,"EMERGENCY POWER SYSTEMS, LLC", 35 HAMILTON LANE,,GLENMONT,NY ,12077,USA,,800-914-1465,"Service,"
10278,Industrial/Commercial Sales & Service,00010208021002,Modern Group Power Systems, 3480 Board Road,,York,PA ,17402,USA,,800-404-7291,"Sales,Service,Up To 2MW,Mobile/Diesel/Gas,"
10278,Industrial/Commercial Sales & Service,00010001731002,AUTHORIZED SERVICES OF NEW ENGLAND, 410 FOREST STREET,,MARLBOROUGH,MA ,01752,USA,,888-890-9886,"Sales,"
10278,Industrial/Commercial Sales & Service,00010001691002,Kelly Generator & Equipment, 1955 Dale Ln,,Owings,MD ,20736,USA,www.kge.com,410-257-5225,"Sales,Service,Up To 2MW,Mobile/Diesel/Gas,Training,Rental,"
10278,Industrial/Commercial Sales & Service,00010001761002,"GENSERVE, INC.", 100 NEWTOWN RD,,PLAINVIEW,NY ,11803,USA,www.genserveinc.com,631-435-0437,"Service,"
10278,Industrial/Commercial Sales & Service,00111209521002,LONG ISLAND EMERGENCY POWER -QO, 2 Ocean Avenue,,DEER PARK,NY ,11729,USA,,631-586-7513,"Sales,"
10278,Industrial/Commercial Sales & Service,00010139211002,POWERPRO SERVICE CO. INC., 608 JOHNSON AVE. UNIT 6,,BOHEMIA,NY ,11716,USA,,631-567-2700,"Sales,Service,Up To 600kW,Mobile/Diesel/Gas,"
10278,Industrial/Commercial Sales & Service,00010134071002,PEAK POWER SYSTEMS, 99 SPRAGUE AVENUE,,MIDDLETOWN,NY ,10940,USA,www.peakpowersystems.com,845-344-1975,"Sales,Service,Up To 600kW,Mobile/Diesel/Gas,Rental,"
10278,Industrial/Commercial Sales & Service,00111209531002,HUNTINGTON POWER - LONG ISLAND, PO BOX 2040,,SHELTON,CT ,06484,USA,,631-586-7513,"Sales,"
10278,Industrial/Commercial Sales & Service,00010001761002,"GENSERVE, INC.", 115A TWINBRIDGE DR.,,PENNSAUKEN,NJ ,08110,USA,www.genserveinc.com,856-324-0459,"Service,"
10278,Industrial/Commercial Sales & Service,00111184131002,HUNTER & LOMISON, 1956 W FOURTH ST,,WILLIAMSPORT,PA ,17701,USA,www.hunterlomison.com,570-326-1764,"Sales,Service,Up To 600kW,Mobile/Diesel/Gas,Rental,"
10278,Industrial/Commercial Sales & Service,00010000881002,HUNTER & LOMISON INC., 1956 W. 4TH STREET,,WILLIAMSPORT,PA ,17701,USA,www.hunterlomison.com,570-326-1764,"Service,Up To 600kW,Mobile/Diesel/Gas,"
10278,Industrial/Commercial Sales & Service,00010001621002,BROOKFIELD SERVICE, 708 GLEBE ROAD,,WESTMORELAND,NH ,03467,USA,www.brookfieldservice.com,802-485-6567,"Service,Up To 600kW,Mobile/Diesel/Gas,"
10278,Industrial/Commercial Sales & Service,00010021101002,SOUTH SHORE GENERATOR INC-Quote, 2696A CRANBERRY HWY,,WAREHAM,MA ,02571,USA,,508-295-7336,"Sales,Service,Up To 600kW,Mobile/Diesel/Gas,"
10278,Industrial/Commercial Sales & Service,00010001701002,SOUTH SHORE GENERATOR INC, ,,EAST WAREHAM,MA ,02538,USA,,508-295-7336,"Financing,Sales,Service,Up To 600kW,Mobile/Diesel/Gas,"
10278,Industrial/Commercial Sales & Service,00111207431002,WARSHAUER ELECTRIC SUPPLY CO INC, 800 SHREWSBURY AVE,,TINTON FALLS,NJ ,07724,USA,www.warshauer.com,732-741-6400,"Service,"
10278,Industrial/Commercial Sales & Service,00010157021002,Mechanical Service Co, 1145 Oak St.,,Pittston,PA ,18640,USA,,570-654-2445,"Service,"
10279,Industrial/Commercial Sales & Service,00010214161002,"R.L. KISTLER, INC.", 35 HAMILTON LANE,,GLENMONT,NY ,12077,USA,,585-436-1940,"Sales,Service,"
10279,Industrial/Commercial Sales & Service,00010214161002,"R.L. Kistler, Inc", 300 Mile Crossing Blvd.,,Rochester,NY ,14624,USA,rlkistler.com,585-436-1940,"Sales,"
10279,Industrial/Commercial Sales & Service,00010001611002,Huntington Power, 230 Long Hill Cross Rd,,Shelton,CT ,06484,USA,www.huntingtonpower.com,203-929-3203,"Sales,Service,Up To 2MW,Mobile/Diesel/Gas,Training,Rental,"
10279,Industrial/Commercial Sales & Service,00010214161002,"R.L. Kistler, Inc", 5615 Business Ave.,,N. Syracuse,NY ,13208,USA,,315-458-2875,"Sales,"
10279,Industrial/Commercial Sales & Service,00010214161002,"R.L. Kistler, Inc", 5615 Business Ave.,,N. Syracuse,NY ,13208,USA,,315-458-2875,"Sales,"
10279,Industrial/Commercial Sales & Service,00010001611002,Huntington Power, 68 Enter Ln,,Islandia,NY ,11749,USA,,631-563-4943,"Sales,Service,Up To 2MW,Mobile/Diesel/Gas,"
10279,Industrial/Commercial Sales & Service,00010001611002,Huntington Power, 34 E DUDLEY TOWN RD.,,BLOOMFIELD,CT ,06002,USA,,860-289-8790,"Sales,Service,Rental,"
10279,Industrial/Commercial Sales & Service,00010208021002,Modern Group Power Systems, 2501 Durham Road,,Bristol,PA ,19007,USA,www.moderngroup.com,800-404-7291,"Sales,Service,Up To 2MW,Mobile/Diesel/Gas,Training,Rental,"
10279,Industrial/Commercial Sales & Service,00010001731002,Authorized Services Of New England, 410 Forest Street,,Marlborough,MA ,01752,USA,www.asne.com,888-890-9886,"Financing,Sales,Service,Up To 2MW,Mobile/Diesel/Gas,Training,Rental,"
10279,Industrial/Commercial Sales & Service,00010008091002,MODERN HANDLING EQUIP, 75 NEW STREET,,EDISON,NJ ,08837,USA,www.moderngroup.com,800-779-5116,"Sales,Service,Up To 2MW,Mobile/Diesel/Gas,"
10279,Industrial/Commercial Sales & Service,00010208021002,Modern Group Power Systems, 200 Allied Parkway,,West Berlin,NJ ,08091,USA,,800-404-7291,"Sales,Service,Up To 2MW,Mobile/Diesel/Gas,"
10279,Industrial/Commercial Sales & Service,00010208021002,Modern Group Power Systems, 6352 Chapmans Rd,,Allentown,PA ,18106,USA,,800-404-7291,"Sales,Service,Up To 2MW,Mobile/Diesel/Gas,"
10279,Industrial/Commercial Sales & Service,00010208021002,Modern Group Power Systems, 295 New Commerce Blvd.,,Wilkes Barre,PA ,18706,USA,,800-404-7291,"Sales,Service,Up To 2MW,Mobile/Diesel/Gas,"
10279,Industrial/Commercial Sales & Service,00010208021002,Modern Group Power Systems, 66A South Gate Blvd.,,New Castle,DE ,19720,USA,,800-404-7291,"Sales,Service,Up To 2MW,Mobile/Diesel/Gas,"
10279,Industrial/Commercial Sales & Service,00010000931002,"EMERGENCY POWER SYSTEMS, LLC", 35 HAMILTON LANE,,GLENMONT,NY ,12077,USA,,800-914-1465,"Service,Up To 2MW,Mobile/Diesel/Gas,"
10279,Industrial/Commercial Sales & Service,00010000931002,"EMERGENCY POWER SYSTEMS, LLC", 35 HAMILTON LANE,,GLENMONT,NY ,12077,USA,,800-914-1465,"Service,"
10279,Industrial/Commercial Sales & Service,00010208021002,Modern Group Power Systems, 3480 Board Road,,York,PA ,17402,USA,,800-404-7291,"Sales,Service,Up To 2MW,Mobile/Diesel/Gas,"
10279,Industrial/Commercial Sales & Service,00010001731002,AUTHORIZED SERVICES OF NEW ENGLAND, 410 FOREST STREET,,MARLBOROUGH,MA ,01752,USA,,888-890-9886,"Sales,"
10279,Industrial/Commercial Sales & Service,00010001691002,Kelly Generator & Equipment, 1955 Dale Ln,,Owings,MD ,20736,USA,www.kge.com,410-257-5225,"Sales,Service,Up To 2MW,Mobile/Diesel/Gas,Training,Rental,"
10279,Industrial/Commercial Sales & Service,00010001761002,"GENSERVE, INC.", 100 NEWTOWN RD,,PLAINVIEW,NY ,11803,USA,www.genserveinc.com,631-435-0437,"Service,"
10279,Industrial/Commercial Sales & Service,00111209521002,LONG ISLAND EMERGENCY POWER -QO, 2 Ocean Avenue,,DEER PARK,NY ,11729,USA,,631-586-7513,"Sales,"
10279,Industrial/Commercial Sales & Service,00010139211002,POWERPRO SERVICE CO. INC., 608 JOHNSON AVE. UNIT 6,,BOHEMIA,NY ,11716,USA,,631-567-2700,"Sales,Service,Up To 600kW,Mobile/Diesel/Gas,"
10279,Industrial/Commercial Sales & Service,00010134071002,PEAK POWER SYSTEMS, 99 SPRAGUE AVENUE,,MIDDLETOWN,NY ,10940,USA,www.peakpowersystems.com,845-344-1975,"Sales,Service,Up To 600kW,Mobile/Diesel/Gas,Rental,"
10279,Industrial/Commercial Sales & Service,00111209531002,HUNTINGTON POWER - LONG ISLAND, PO BOX 2040,,SHELTON,CT ,06484,USA,,631-586-7513,"Sales,"
10279,Industrial/Commercial Sales & Service,00010001761002,"GENSERVE, INC.", 115A TWINBRIDGE DR.,,PENNSAUKEN,NJ ,08110,USA,www.genserveinc.com,856-324-0459,"Service,"
10279,Industrial/Commercial Sales & Service,00111184131002,HUNTER & LOMISON, 1956 W FOURTH ST,,WILLIAMSPORT,PA ,17701,USA,www.hunterlomison.com,570-326-1764,"Sales,Service,Up To 600kW,Mobile/Diesel/Gas,Rental,"
10279,Industrial/Commercial Sales & Service,00010000881002,HUNTER & LOMISON INC., 1956 W. 4TH STREET,,WILLIAMSPORT,PA ,17701,USA,www.hunterlomison.com,570-326-1764,"Service,Up To 600kW,Mobile/Diesel/Gas,"
10279,Industrial/Commercial Sales & Service,00010001621002,BROOKFIELD SERVICE, 708 GLEBE ROAD,,WESTMORELAND,NH ,03467,USA,www.brookfieldservice.com,802-485-6567,"Service,Up To 600kW,Mobile/Diesel/Gas,"
10279,Industrial/Commercial Sales & Service,00010021101002,SOUTH SHORE GENERATOR INC-Quote, 2696A CRANBERRY HWY,,WAREHAM,MA ,02571,USA,,508-295-7336,"Sales,Service,Up To 600kW,Mobile/Diesel/Gas,"
10279,Industrial/Commercial Sales & Service,00010001701002,SOUTH SHORE GENERATOR INC, ,,EAST WAREHAM,MA ,02538,USA,,508-295-7336,"Financing,Sales,Service,Up To 600kW,Mobile/Diesel/Gas,"
10279,Industrial/Commercial Sales & Service,00111207431002,WARSHAUER ELECTRIC SUPPLY CO INC, 800 SHREWSBURY AVE,,TINTON FALLS,NJ ,07724,USA,www.warshauer.com,732-741-6400,"Service,"
10279,Industrial/Commercial Sales & Service,00010157021002,Mechanical Service Co, 1145 Oak St.,,Pittston,PA ,18640,USA,,570-654-2445,"Service,"
10280,Industrial/Commercial Sales & Service,00010214161002,"R.L. Kistler, Inc", 300 Mile Crossing Blvd.,,Rochester,NY ,14624,USA,rlkistler.com,585-436-1940,"Sales,"
10280,Industrial/Commercial Sales & Service,00010001611002,Huntington Power, 230 Long Hill Cross Rd,,Shelton,CT ,06484,USA,www.huntingtonpower.com,203-929-3203,"Sales,Service,Up To 2MW,Mobile/Diesel/Gas,Training,Rental,"
10280,Industrial/Commercial Sales & Service,00010214161002,"R.L. KISTLER, INC.", 35 HAMILTON LANE,,GLENMONT,NY ,12077,USA,,585-436-1940,"Sales,Service,"
10280,Industrial/Commercial Sales & Service,00010214161002,"R.L. Kistler, Inc", 5615 Business Ave.,,N. Syracuse,NY ,13208,USA,,315-458-2875,"Sales,"
10280,Industrial/Commercial Sales & Service,00010001611002,Huntington Power, 68 Enter Ln,,Islandia,NY ,11749,USA,,631-563-4943,"Sales,Service,Up To 2MW,Mobile/Diesel/Gas,"
10280,Industrial/Commercial Sales & Service,00010001611002,Huntington Power, 34 E DUDLEY TOWN RD.,,BLOOMFIELD,CT ,06002,USA,,860-289-8790,"Sales,Service,Rental,"
10280,Industrial/Commercial Sales & Service,00010214161002,"R.L. Kistler, Inc", 5615 Business Ave.,,N. Syracuse,NY ,13208,USA,,315-458-2875,"Sales,"
10280,Industrial/Commercial Sales & Service,00010208021002,Modern Group Power Systems, 2501 Durham Road,,Bristol,PA ,19007,USA,www.moderngroup.com,800-404-7291,"Sales,Service,Up To 2MW,Mobile/Diesel/Gas,Training,Rental,"
10280,Industrial/Commercial Sales & Service,00010001731002,Authorized Services Of New England, 410 Forest Street,,Marlborough,MA ,01752,USA,www.asne.com,888-890-9886,"Financing,Sales,Service,Up To 2MW,Mobile/Diesel/Gas,Training,Rental,"
10280,Industrial/Commercial Sales & Service,00010008091002,MODERN HANDLING EQUIP, 75 NEW STREET,,EDISON,NJ ,08837,USA,www.moderngroup.com,800-779-5116,"Sales,Service,Up To 2MW,Mobile/Diesel/Gas,"
10280,Industrial/Commercial Sales & Service,00010208021002,Modern Group Power Systems, 200 Allied Parkway,,West Berlin,NJ ,08091,USA,,800-404-7291,"Sales,Service,Up To 2MW,Mobile/Diesel/Gas,"
10280,Industrial/Commercial Sales & Service,00010208021002,Modern Group Power Systems, 6352 Chapmans Rd,,Allentown,PA ,18106,USA,,800-404-7291,"Sales,Service,Up To 2MW,Mobile/Diesel/Gas,"
10280,Industrial/Commercial Sales & Service,00010208021002,Modern Group Power Systems, 295 New Commerce Blvd.,,Wilkes Barre,PA ,18706,USA,,800-404-7291,"Sales,Service,Up To 2MW,Mobile/Diesel/Gas,"
10280,Industrial/Commercial Sales & Service,00010208021002,Modern Group Power Systems, 66A South Gate Blvd.,,New Castle,DE ,19720,USA,,800-404-7291,"Sales,Service,Up To 2MW,Mobile/Diesel/Gas,"
10280,Industrial/Commercial Sales & Service,00010000931002,"EMERGENCY POWER SYSTEMS, LLC", 35 HAMILTON LANE,,GLENMONT,NY ,12077,USA,,800-914-1465,"Service,Up To 2MW,Mobile/Diesel/Gas,"
10280,Industrial/Commercial Sales & Service,00010000931002,"EMERGENCY POWER SYSTEMS, LLC", 35 HAMILTON LANE,,GLENMONT,NY ,12077,USA,,800-914-1465,"Service,"
10280,Industrial/Commercial Sales & Service,00010208021002,Modern Group Power Systems, 3480 Board Road,,York,PA ,17402,USA,,800-404-7291,"Sales,Service,Up To 2MW,Mobile/Diesel/Gas,"
10280,Industrial/Commercial Sales & Service,00010001731002,AUTHORIZED SERVICES OF NEW ENGLAND, 410 FOREST STREET,,MARLBOROUGH,MA ,01752,USA,,888-890-9886,"Sales,"
10280,Industrial/Commercial Sales & Service,00010001691002,Kelly Generator & Equipment, 1955 Dale Ln,,Owings,MD ,20736,USA,www.kge.com,410-257-5225,"Sales,Service,Up To 2MW,Mobile/Diesel/Gas,Training,Rental,"
10280,Industrial/Commercial Sales & Service,00010001761002,"GENSERVE, INC.", 100 NEWTOWN RD,,PLAINVIEW,NY ,11803,USA,www.genserveinc.com,631-435-0437,"Service,"
10280,Industrial/Commercial Sales & Service,00111209521002,LONG ISLAND EMERGENCY POWER -QO, 2 Ocean Avenue,,DEER PARK,NY ,11729,USA,,631-586-7513,"Sales,"
10280,Industrial/Commercial Sales & Service,00010139211002,POWERPRO SERVICE CO. INC., 608 JOHNSON AVE. UNIT 6,,BOHEMIA,NY ,11716,USA,,631-567-2700,"Sales,Service,Up To 600kW,Mobile/Diesel/Gas,"
10280,Industrial/Commercial Sales & Service,00010134071002,PEAK POWER SYSTEMS, 99 SPRAGUE AVENUE,,MIDDLETOWN,NY ,10940,USA,www.peakpowersystems.com,845-344-1975,"Sales,Service,Up To 600kW,Mobile/Diesel/Gas,Rental,"
10280,Industrial/Commercial Sales & Service,00111209531002,HUNTINGTON POWER - LONG ISLAND, PO BOX 2040,,SHELTON,CT ,06484,USA,,631-586-7513,"Sales,"
10280,Industrial/Commercial Sales & Service,00010001761002,"GENSERVE, INC.", 115A TWINBRIDGE DR.,,PENNSAUKEN,NJ ,08110,USA,www.genserveinc.com,856-324-0459,"Service,"
10280,Industrial/Commercial Sales & Service,00111184131002,HUNTER & LOMISON, 1956 W FOURTH ST,,WILLIAMSPORT,PA ,17701,USA,www.hunterlomison.com,570-326-1764,"Sales,Service,Up To 600kW,Mobile/Diesel/Gas,Rental,"
10280,Industrial/Commercial Sales & Service,00010000881002,HUNTER & LOMISON INC., 1956 W. 4TH STREET,,WILLIAMSPORT,PA ,17701,USA,www.hunterlomison.com,570-326-1764,"Service,Up To 600kW,Mobile/Diesel/Gas,"
10280,Industrial/Commercial Sales & Service,00010001621002,BROOKFIELD SERVICE, 708 GLEBE ROAD,,WESTMORELAND,NH ,03467,USA,www.brookfieldservice.com,802-485-6567,"Service,Up To 600kW,Mobile/Diesel/Gas,"
10280,Industrial/Commercial Sales & Service,00010021101002,SOUTH SHORE GENERATOR INC-Quote, 2696A CRANBERRY HWY,,WAREHAM,MA ,02571,USA,,508-295-7336,"Sales,Service,Up To 600kW,Mobile/Diesel/Gas,"
10280,Industrial/Commercial Sales & Service,00010001701002,SOUTH SHORE GENERATOR INC, ,,EAST WAREHAM,MA ,02538,USA,,508-295-7336,"Financing,Sales,Service,Up To 600kW,Mobile/Diesel/Gas,"
10280,Industrial/Commercial Sales & Service,00111207431002,WARSHAUER ELECTRIC SUPPLY CO INC, 800 SHREWSBURY AVE,,TINTON FALLS,NJ ,07724,USA,www.warshauer.com,732-741-6400,"Service,"
10280,Industrial/Commercial Sales & Service,00010157021002,Mechanical Service Co, 1145 Oak St.,,Pittston,PA ,18640,USA,,570-654-2445,"Service,"
10281,Industrial/Commercial Sales & Service,00010001611002,Huntington Power, 230 Long Hill Cross Rd,,Shelton,CT ,06484,USA,www.huntingtonpower.com,203-929-3203,"Sales,Service,Up To 2MW,Mobile/Diesel/Gas,Training,Rental,"
10281,Industrial/Commercial Sales & Service,00010214161002,"R.L. KISTLER, INC.", 35 HAMILTON LANE,,GLENMONT,NY ,12077,USA,,585-436-1940,"Sales,Service,"
10281,Industrial/Commercial Sales & Service,00010214161002,"R.L. Kistler, Inc", 300 Mile Crossing Blvd.,,Rochester,NY ,14624,USA,rlkistler.com,585-436-1940,"Sales,"
10281,Industrial/Commercial Sales & Service,00010001611002,Huntington Power, 68 Enter Ln,,Islandia,NY ,11749,USA,,631-563-4943,"Sales,Service,Up To 2MW,Mobile/Diesel/Gas,"
10281,Industrial/Commercial Sales & Service,00010001611002,Huntington Power, 34 E DUDLEY TOWN RD.,,BLOOMFIELD,CT ,06002,USA,,860-289-8790,"Sales,Service,Rental,"
10281,Industrial/Commercial Sales & Service,00010214161002,"R.L. Kistler, Inc", 5615 Business Ave.,,N. Syracuse,NY ,13208,USA,,315-458-2875,"Sales,"
10281,Industrial/Commercial Sales & Service,00010214161002,"R.L. Kistler, Inc", 5615 Business Ave.,,N. Syracuse,NY ,13208,USA,,315-458-2875,"Sales,"
10281,Industrial/Commercial Sales & Service,00010208021002,Modern Group Power Systems, 2501 Durham Road,,Bristol,PA ,19007,USA,www.moderngroup.com,800-404-7291,"Sales,Service,Up To 2MW,Mobile/Diesel/Gas,Training,Rental,"
10281,Industrial/Commercial Sales & Service,00010001731002,Authorized Services Of New England, 410 Forest Street,,Marlborough,MA ,01752,USA,www.asne.com,888-890-9886,"Financing,Sales,Service,Up To 2MW,Mobile/Diesel/Gas,Training,Rental,"
10281,Industrial/Commercial Sales & Service,00010008091002,MODERN HANDLING EQUIP, 75 NEW STREET,,EDISON,NJ ,08837,USA,www.moderngroup.com,800-779-5116,"Sales,Service,Up To 2MW,Mobile/Diesel/Gas,"
10281,Industrial/Commercial Sales & Service,00010208021002,Modern Group Power Systems, 200 Allied Parkway,,West Berlin,NJ ,08091,USA,,800-404-7291,"Sales,Service,Up To 2MW,Mobile/Diesel/Gas,"
10281,Industrial/Commercial Sales & Service,00010208021002,Modern Group Power Systems, 6352 Chapmans Rd,,Allentown,PA ,18106,USA,,800-404-7291,"Sales,Service,Up To 2MW,Mobile/Diesel/Gas,"
10281,Industrial/Commercial Sales & Service,00010208021002,Modern Group Power Systems, 295 New Commerce Blvd.,,Wilkes Barre,PA ,18706,USA,,800-404-7291,"Sales,Service,Up To 2MW,Mobile/Diesel/Gas,"
10281,Industrial/Commercial Sales & Service,00010208021002,Modern Group Power Systems, 66A South Gate Blvd.,,New Castle,DE ,19720,USA,,800-404-7291,"Sales,Service,Up To 2MW,Mobile/Diesel/Gas,"
10281,Industrial/Commercial Sales & Service,00010000931002,"EMERGENCY POWER SYSTEMS, LLC", 35 HAMILTON LANE,,GLENMONT,NY ,12077,USA,,800-914-1465,"Service,Up To 2MW,Mobile/Diesel/Gas,"
10281,Industrial/Commercial Sales & Service,00010000931002,"EMERGENCY POWER SYSTEMS, LLC", 35 HAMILTON LANE,,GLENMONT,NY ,12077,USA,,800-914-1465,"Service,"
10281,Industrial/Commercial Sales & Service,00010208021002,Modern Group Power Systems, 3480 Board Road,,York,PA ,17402,USA,,800-404-7291,"Sales,Service,Up To 2MW,Mobile/Diesel/Gas,"
10281,Industrial/Commercial Sales & Service,00010001731002,AUTHORIZED SERVICES OF NEW ENGLAND, 410 FOREST STREET,,MARLBOROUGH,MA ,01752,USA,,888-890-9886,"Sales,"
10281,Industrial/Commercial Sales & Service,00010001691002,Kelly Generator & Equipment, 1955 Dale Ln,,Owings,MD ,20736,USA,www.kge.com,410-257-5225,"Sales,Service,Up To 2MW,Mobile/Diesel/Gas,Training,Rental,"
10281,Industrial/Commercial Sales & Service,00010001761002,"GENSERVE, INC.", 100 NEWTOWN RD,,PLAINVIEW,NY ,11803,USA,www.genserveinc.com,631-435-0437,"Service,"
10281,Industrial/Commercial Sales & Service,00111209521002,LONG ISLAND EMERGENCY POWER -QO, 2 Ocean Avenue,,DEER PARK,NY ,11729,USA,,631-586-7513,"Sales,"
10281,Industrial/Commercial Sales & Service,00010139211002,POWERPRO SERVICE CO. INC., 608 JOHNSON AVE. UNIT 6,,BOHEMIA,NY ,11716,USA,,631-567-2700,"Sales,Service,Up To 600kW,Mobile/Diesel/Gas,"
10281,Industrial/Commercial Sales & Service,00010134071002,PEAK POWER SYSTEMS, 99 SPRAGUE AVENUE,,MIDDLETOWN,NY ,10940,USA,www.peakpowersystems.com,845-344-1975,"Sales,Service,Up To 600kW,Mobile/Diesel/Gas,Rental,"
10281,Industrial/Commercial Sales & Service,00111209531002,HUNTINGTON POWER - LONG ISLAND, PO BOX 2040,,SHELTON,CT ,06484,USA,,631-586-7513,"Sales,"
10281,Industrial/Commercial Sales & Service,00010001761002,"GENSERVE, INC.", 115A TWINBRIDGE DR.,,PENNSAUKEN,NJ ,08110,USA,www.genserveinc.com,856-324-0459,"Service,"
10281,Industrial/Commercial Sales & Service,00111184131002,HUNTER & LOMISON, 1956 W FOURTH ST,,WILLIAMSPORT,PA ,17701,USA,www.hunterlomison.com,570-326-1764,"Sales,Service,Up To 600kW,Mobile/Diesel/Gas,Rental,"
10281,Industrial/Commercial Sales & Service,00010000881002,HUNTER & LOMISON INC., 1956 W. 4TH STREET,,WILLIAMSPORT,PA ,17701,USA,www.hunterlomison.com,570-326-1764,"Service,Up To 600kW,Mobile/Diesel/Gas,"
10281,Industrial/Commercial Sales & Service,00010001621002,BROOKFIELD SERVICE, 708 GLEBE ROAD,,WESTMORELAND,NH ,03467,USA,www.brookfieldservice.com,802-485-6567,"Service,Up To 600kW,Mobile/Diesel/Gas,"
10281,Industrial/Commercial Sales & Service,00010021101002,SOUTH SHORE GENERATOR INC-Quote, 2696A CRANBERRY HWY,,WAREHAM,MA ,02571,USA,,508-295-7336,"Sales,Service,Up To 600kW,Mobile/Diesel/Gas,"
10281,Industrial/Commercial Sales & Service,00010001701002,SOUTH SHORE GENERATOR INC, ,,EAST WAREHAM,MA ,02538,USA,,508-295-7336,"Financing,Sales,Service,Up To 600kW,Mobile/Diesel/Gas,"
10281,Industrial/Commercial Sales & Service,00111207431002,WARSHAUER ELECTRIC SUPPLY CO INC, 800 SHREWSBURY AVE,,TINTON FALLS,NJ ,07724,USA,www.warshauer.com,732-741-6400,"Service,"
10281,Industrial/Commercial Sales & Service,00010157021002,Mechanical Service Co, 1145 Oak St.,,Pittston,PA ,18640,USA,,570-654-2445,"Service,"
10282,Industrial/Commercial Sales & Service,00010214161002,"R.L. KISTLER, INC.", 35 HAMILTON LANE,,GLENMONT,NY ,12077,USA,,585-436-1940,"Sales,Service,"
10282,Industrial/Commercial Sales & Service,00010214161002,"R.L. Kistler, Inc", 300 Mile Crossing Blvd.,,Rochester,NY ,14624,USA,rlkistler.com,585-436-1940,"Sales,"
10282,Industrial/Commercial Sales & Service,00010001611002,Huntington Power, 230 Long Hill Cross Rd,,Shelton,CT ,06484,USA,www.huntingtonpower.com,203-929-3203,"Sales,Service,Up To 2MW,Mobile/Diesel/Gas,Training,Rental,"
10282,Industrial/Commercial Sales & Service,00010214161002,"R.L. Kistler, Inc", 5615 Business Ave.,,N. Syracuse,NY ,13208,USA,,315-458-2875,"Sales,"
10282,Industrial/Commercial Sales & Service,00010214161002,"R.L. Kistler, Inc", 5615 Business Ave.,,N. Syracuse,NY ,13208,USA,,315-458-2875,"Sales,"
10282,Industrial/Commercial Sales & Service,00010001611002,Huntington Power, 68 Enter Ln,,Islandia,NY ,11749,USA,,631-563-4943,"Sales,Service,Up To 2MW,Mobile/Diesel/Gas,"
10282,Industrial/Commercial Sales & Service,00010001611002,Huntington Power, 34 E DUDLEY TOWN RD.,,BLOOMFIELD,CT ,06002,USA,,860-289-8790,"Sales,Service,Rental,"
10282,Industrial/Commercial Sales & Service,00010208021002,Modern Group Power Systems, 2501 Durham Road,,Bristol,PA ,19007,USA,www.moderngroup.com,800-404-7291,"Sales,Service,Up To 2MW,Mobile/Diesel/Gas,Training,Rental,"
10282,Industrial/Commercial Sales & Service,00010001731002,Authorized Services Of New England, 410 Forest Street,,Marlborough,MA ,01752,USA,www.asne.com,888-890-9886,"Financing,Sales,Service,Up To 2MW,Mobile/Diesel/Gas,Training,Rental,"
10282,Industrial/Commercial Sales & Service,00010008091002,MODERN HANDLING EQUIP, 75 NEW STREET,,EDISON,NJ ,08837,USA,www.moderngroup.com,800-779-5116,"Sales,Service,Up To 2MW,Mobile/Diesel/Gas,"
10282,Industrial/Commercial Sales & Service,00010208021002,Modern Group Power Systems, 200 Allied Parkway,,West Berlin,NJ ,08091,USA,,800-404-7291,"Sales,Service,Up To 2MW,Mobile/Diesel/Gas,"
10282,Industrial/Commercial Sales & Service,00010208021002,Modern Group Power Systems, 6352 Chapmans Rd,,Allentown,PA ,18106,USA,,800-404-7291,"Sales,Service,Up To 2MW,Mobile/Diesel/Gas,"
10282,Industrial/Commercial Sales & Service,00010208021002,Modern Group Power Systems, 295 New Commerce Blvd.,,Wilkes Barre,PA ,18706,USA,,800-404-7291,"Sales,Service,Up To 2MW,Mobile/Diesel/Gas,"
10282,Industrial/Commercial Sales & Service,00010208021002,Modern Group Power Systems, 66A South Gate Blvd.,,New Castle,DE ,19720,USA,,800-404-7291,"Sales,Service,Up To 2MW,Mobile/Diesel/Gas,"
10282,Industrial/Commercial Sales & Service,00010000931002,"EMERGENCY POWER SYSTEMS, LLC", 35 HAMILTON LANE,,GLENMONT,NY ,12077,USA,,800-914-1465,"Service,Up To 2MW,Mobile/Diesel/Gas,"
10282,Industrial/Commercial Sales & Service,00010000931002,"EMERGENCY POWER SYSTEMS, LLC", 35 HAMILTON LANE,,GLENMONT,NY ,12077,USA,,800-914-1465,"Service,"
10282,Industrial/Commercial Sales & Service,00010208021002,Modern Group Power Systems, 3480 Board Road,,York,PA ,17402,USA,,800-404-7291,"Sales,Service,Up To 2MW,Mobile/Diesel/Gas,"
10282,Industrial/Commercial Sales & Service,00010001731002,AUTHORIZED SERVICES OF NEW ENGLAND, 410 FOREST STREET,,MARLBOROUGH,MA ,01752,USA,,888-890-9886,"Sales,"
10282,Industrial/Commercial Sales & Service,00010001691002,Kelly Generator & Equipment, 1955 Dale Ln,,Owings,MD ,20736,USA,www.kge.com,410-257-5225,"Sales,Service,Up To 2MW,Mobile/Diesel/Gas,Training,Rental,"
10282,Industrial/Commercial Sales & Service,00010001761002,"GENSERVE, INC.", 100 NEWTOWN RD,,PLAINVIEW,NY ,11803,USA,www.genserveinc.com,631-435-0437,"Service,"
10282,Industrial/Commercial Sales & Service,00111209521002,LONG ISLAND EMERGENCY POWER -QO, 2 Ocean Avenue,,DEER PARK,NY ,11729,USA,,631-586-7513,"Sales,"
10282,Industrial/Commercial Sales & Service,00010139211002,POWERPRO SERVICE CO. INC., 608 JOHNSON AVE. UNIT 6,,BOHEMIA,NY ,11716,USA,,631-567-2700,"Sales,Service,Up To 600kW,Mobile/Diesel/Gas,"
10282,Industrial/Commercial Sales & Service,00010134071002,PEAK POWER SYSTEMS, 99 SPRAGUE AVENUE,,MIDDLETOWN,NY ,10940,USA,www.peakpowersystems.com,845-344-1975,"Sales,Service,Up To 600kW,Mobile/Diesel/Gas,Rental,"
10282,Industrial/Commercial Sales & Service,00111209531002,HUNTINGTON POWER - LONG ISLAND, PO BOX 2040,,SHELTON,CT ,06484,USA,,631-586-7513,"Sales,"
10282,Industrial/Commercial Sales & Service,00010001761002,"GENSERVE, INC.", 115A TWINBRIDGE DR.,,PENNSAUKEN,NJ ,08110,USA,www.genserveinc.com,856-324-0459,"Service,"
10282,Industrial/Commercial Sales & Service,00111184131002,HUNTER & LOMISON, 1956 W FOURTH ST,,WILLIAMSPORT,PA ,17701,USA,www.hunterlomison.com,570-326-1764,"Sales,Service,Up To 600kW,Mobile/Diesel/Gas,Rental,"
10282,Industrial/Commercial Sales & Service,00010000881002,HUNTER & LOMISON INC., 1956 W. 4TH STREET,,WILLIAMSPORT,PA ,17701,USA,www.hunterlomison.com,570-326-1764,"Service,Up To 600kW,Mobile/Diesel/Gas,"
10282,Industrial/Commercial Sales & Service,00010001621002,BROOKFIELD SERVICE, 708 GLEBE ROAD,,WESTMORELAND,NH ,03467,USA,www.brookfieldservice.com,802-485-6567,"Service,Up To 600kW,Mobile/Diesel/Gas,"
10282,Industrial/Commercial Sales & Service,00010021101002,SOUTH SHORE GENERATOR INC-Quote, 2696A CRANBERRY HWY,,WAREHAM,MA ,02571,USA,,508-295-7336,"Sales,Service,Up To 600kW,Mobile/Diesel/Gas,"
10282,Industrial/Commercial Sales & Service,00010001701002,SOUTH SHORE GENERATOR INC, ,,EAST WAREHAM,MA ,02538,USA,,508-295-7336,"Financing,Sales,Service,Up To 600kW,Mobile/Diesel/Gas,"
10282,Industrial/Commercial Sales & Service,00111207431002,WARSHAUER ELECTRIC SUPPLY CO INC, 800 SHREWSBURY AVE,,TINTON FALLS,NJ ,07724,USA,www.warshauer.com,732-741-6400,"Service,"
10282,Industrial/Commercial Sales & Service,00010157021002,Mechanical Service Co, 1145 Oak St.,,Pittston,PA ,18640,USA,,570-654-2445,"Service,"
10285,Industrial/Commercial Sales & Service,00010214161002,"R.L. Kistler, Inc", 300 Mile Crossing Blvd.,,Rochester,NY ,14624,USA,rlkistler.com,585-436-1940,"Sales,"
10285,Industrial/Commercial Sales & Service,00010214161002,"R.L. KISTLER, INC.", 35 HAMILTON LANE,,GLENMONT,NY ,12077,USA,,585-436-1940,"Sales,Service,"
10285,Industrial/Commercial Sales & Service,00010001611002,Huntington Power, 230 Long Hill Cross Rd,,Shelton,CT ,06484,USA,www.huntingtonpower.com,203-929-3203,"Sales,Service,Up To 2MW,Mobile/Diesel/Gas,Training,Rental,"
10285,Industrial/Commercial Sales & Service,00010214161002,"R.L. Kistler, Inc", 5615 Business Ave.,,N. Syracuse,NY ,13208,USA,,315-458-2875,"Sales,"
10285,Industrial/Commercial Sales & Service,00010214161002,"R.L. Kistler, Inc", 5615 Business Ave.,,N. Syracuse,NY ,13208,USA,,315-458-2875,"Sales,"
10285,Industrial/Commercial Sales & Service,00010001611002,Huntington Power, 68 Enter Ln,,Islandia,NY ,11749,USA,,631-563-4943,"Sales,Service,Up To 2MW,Mobile/Diesel/Gas,"
10285,Industrial/Commercial Sales & Service,00010001611002,Huntington Power, 34 E DUDLEY TOWN RD.,,BLOOMFIELD,CT ,06002,USA,,860-289-8790,"Sales,Service,Rental,"
10285,Industrial/Commercial Sales & Service,00010208021002,Modern Group Power Systems, 2501 Durham Road,,Bristol,PA ,19007,USA,www.moderngroup.com,800-404-7291,"Sales,Service,Up To 2MW,Mobile/Diesel/Gas,Training,Rental,"
10285,Industrial/Commercial Sales & Service,00010001731002,Authorized Services Of New England, 410 Forest Street,,Marlborough,MA ,01752,USA,www.asne.com,888-890-9886,"Financing,Sales,Service,Up To 2MW,Mobile/Diesel/Gas,Training,Rental,"
10285,Industrial/Commercial Sales & Service,00010008091002,MODERN HANDLING EQUIP, 75 NEW STREET,,EDISON,NJ ,08837,USA,www.moderngroup.com,800-779-5116,"Sales,Service,Up To 2MW,Mobile/Diesel/Gas,"
10285,Industrial/Commercial Sales & Service,00010208021002,Modern Group Power Systems, 200 Allied Parkway,,West Berlin,NJ ,08091,USA,,800-404-7291,"Sales,Service,Up To 2MW,Mobile/Diesel/Gas,"
10285,Industrial/Commercial Sales & Service,00010208021002,Modern Group Power Systems, 6352 Chapmans Rd,,Allentown,PA ,18106,USA,,800-404-7291,"Sales,Service,Up To 2MW,Mobile/Diesel/Gas,"
10285,Industrial/Commercial Sales & Service,00010208021002,Modern Group Power Systems, 295 New Commerce Blvd.,,Wilkes Barre,PA ,18706,USA,,800-404-7291,"Sales,Service,Up To 2MW,Mobile/Diesel/Gas,"
10285,Industrial/Commercial Sales & Service,00010208021002,Modern Group Power Systems, 66A South Gate Blvd.,,New Castle,DE ,19720,USA,,800-404-7291,"Sales,Service,Up To 2MW,Mobile/Diesel/Gas,"
10285,Industrial/Commercial Sales & Service,00010000931002,"EMERGENCY POWER SYSTEMS, LLC", 35 HAMILTON LANE,,GLENMONT,NY ,12077,USA,,800-914-1465,"Service,Up To 2MW,Mobile/Diesel/Gas,"
10285,Industrial/Commercial Sales & Service,00010000931002,"EMERGENCY POWER SYSTEMS, LLC", 35 HAMILTON LANE,,GLENMONT,NY ,12077,USA,,800-914-1465,"Service,"
10285,Industrial/Commercial Sales & Service,00010208021002,Modern Group Power Systems, 3480 Board Road,,York,PA ,17402,USA,,800-404-7291,"Sales,Service,Up To 2MW,Mobile/Diesel/Gas,"
10285,Industrial/Commercial Sales & Service,00010001731002,AUTHORIZED SERVICES OF NEW ENGLAND, 410 FOREST STREET,,MARLBOROUGH,MA ,01752,USA,,888-890-9886,"Sales,"
10285,Industrial/Commercial Sales & Service,00010001691002,Kelly Generator & Equipment, 1955 Dale Ln,,Owings,MD ,20736,USA,www.kge.com,410-257-5225,"Sales,Service,Up To 2MW,Mobile/Diesel/Gas,Training,Rental,"
10285,Industrial/Commercial Sales & Service,00010001761002,"GENSERVE, INC.", 100 NEWTOWN RD,,PLAINVIEW,NY ,11803,USA,www.genserveinc.com,631-435-0437,"Service,"
10285,Industrial/Commercial Sales & Service,00111209521002,LONG ISLAND EMERGENCY POWER -QO, 2 Ocean Avenue,,DEER PARK,NY ,11729,USA,,631-586-7513,"Sales,"
10285,Industrial/Commercial Sales & Service,00010139211002,POWERPRO SERVICE CO. INC., 608 JOHNSON AVE. UNIT 6,,BOHEMIA,NY ,11716,USA,,631-567-2700,"Sales,Service,Up To 600kW,Mobile/Diesel/Gas,"
10285,Industrial/Commercial Sales & Service,00010134071002,PEAK POWER SYSTEMS, 99 SPRAGUE AVENUE,,MIDDLETOWN,NY ,10940,USA,www.peakpowersystems.com,845-344-1975,"Sales,Service,Up To 600kW,Mobile/Diesel/Gas,Rental,"
10285,Industrial/Commercial Sales & Service,00111209531002,HUNTINGTON POWER - LONG ISLAND, PO BOX 2040,,SHELTON,CT ,06484,USA,,631-586-7513,"Sales,"
10285,Industrial/Commercial Sales & Service,00010001761002,"GENSERVE, INC.", 115A TWINBRIDGE DR.,,PENNSAUKEN,NJ ,08110,USA,www.genserveinc.com,856-324-0459,"Service,"
10285,Industrial/Commercial Sales & Service,00111184131002,HUNTER & LOMISON, 1956 W FOURTH ST,,WILLIAMSPORT,PA ,17701,USA,www.hunterlomison.com,570-326-1764,"Sales,Service,Up To 600kW,Mobile/Diesel/Gas,Rental,"
10285,Industrial/Commercial Sales & Service,00010000881002,HUNTER & LOMISON INC., 1956 W. 4TH STREET,,WILLIAMSPORT,PA ,17701,USA,www.hunterlomison.com,570-326-1764,"Service,Up To 600kW,Mobile/Diesel/Gas,"
10285,Industrial/Commercial Sales & Service,00010001621002,BROOKFIELD SERVICE, 708 GLEBE ROAD,,WESTMORELAND,NH ,03467,USA,www.brookfieldservice.com,802-485-6567,"Service,Up To 600kW,Mobile/Diesel/Gas,"
10285,Industrial/Commercial Sales & Service,00010021101002,SOUTH SHORE GENERATOR INC-Quote, 2696A CRANBERRY HWY,,WAREHAM,MA ,02571,USA,,508-295-7336,"Sales,Service,Up To 600kW,Mobile/Diesel/Gas,"
10285,Industrial/Commercial Sales & Service,00010001701002,SOUTH SHORE GENERATOR INC, ,,EAST WAREHAM,MA ,02538,USA,,508-295-7336,"Financing,Sales,Service,Up To 600kW,Mobile/Diesel/Gas,"
10285,Industrial/Commercial Sales & Service,00111207431002,WARSHAUER ELECTRIC SUPPLY CO INC, 800 SHREWSBURY AVE,,TINTON FALLS,NJ ,07724,USA,www.warshauer.com,732-741-6400,"Service,"
10285,Industrial/Commercial Sales & Service,00010157021002,Mechanical Service Co, 1145 Oak St.,,Pittston,PA ,18640,USA,,570-654-2445,"Service,"
10286,Industrial/Commercial Sales & Service,00010214161002,"R.L. KISTLER, INC.", 35 HAMILTON LANE,,GLENMONT,NY ,12077,USA,,585-436-1940,"Sales,Service,"
10286,Industrial/Commercial Sales & Service,00010214161002,"R.L. Kistler, Inc", 300 Mile Crossing Blvd.,,Rochester,NY ,14624,USA,rlkistler.com,585-436-1940,"Sales,"
10286,Industrial/Commercial Sales & Service,00010001611002,Huntington Power, 230 Long Hill Cross Rd,,Shelton,CT ,06484,USA,www.huntingtonpower.com,203-929-3203,"Sales,Service,Up To 2MW,Mobile/Diesel/Gas,Training,Rental,"
10286,Industrial/Commercial Sales & Service,00010214161002,"R.L. Kistler, Inc", 5615 Business Ave.,,N. Syracuse,NY ,13208,USA,,315-458-2875,"Sales,"
10286,Industrial/Commercial Sales & Service,00010214161002,"R.L. Kistler, Inc", 5615 Business Ave.,,N. Syracuse,NY ,13208,USA,,315-458-2875,"Sales,"
10286,Industrial/Commercial Sales & Service,00010001611002,Huntington Power, 68 Enter Ln,,Islandia,NY ,11749,USA,,631-563-4943,"Sales,Service,Up To 2MW,Mobile/Diesel/Gas,"
10286,Industrial/Commercial Sales & Service,00010001611002,Huntington Power, 34 E DUDLEY TOWN RD.,,BLOOMFIELD,CT ,06002,USA,,860-289-8790,"Sales,Service,Rental,"
10286,Industrial/Commercial Sales & Service,00010208021002,Modern Group Power Systems, 2501 Durham Road,,Bristol,PA ,19007,USA,www.moderngroup.com,800-404-7291,"Sales,Service,Up To 2MW,Mobile/Diesel/Gas,Training,Rental,"
10286,Industrial/Commercial Sales & Service,00010001731002,Authorized Services Of New England, 410 Forest Street,,Marlborough,MA ,01752,USA,www.asne.com,888-890-9886,"Financing,Sales,Service,Up To 2MW,Mobile/Diesel/Gas,Training,Rental,"
10286,Industrial/Commercial Sales & Service,00010008091002,MODERN HANDLING EQUIP, 75 NEW STREET,,EDISON,NJ ,08837,USA,www.moderngroup.com,800-779-5116,"Sales,Service,Up To 2MW,Mobile/Diesel/Gas,"
10286,Industrial/Commercial Sales & Service,00010208021002,Modern Group Power Systems, 200 Allied Parkway,,West Berlin,NJ ,08091,USA,,800-404-7291,"Sales,Service,Up To 2MW,Mobile/Diesel/Gas,"
10286,Industrial/Commercial Sales & Service,00010208021002,Modern Group Power Systems, 6352 Chapmans Rd,,Allentown,PA ,18106,USA,,800-404-7291,"Sales,Service,Up To 2MW,Mobile/Diesel/Gas,"
10286,Industrial/Commercial Sales & Service,00010208021002,Modern Group Power Systems, 295 New Commerce Blvd.,,Wilkes Barre,PA ,18706,USA,,800-404-7291,"Sales,Service,Up To 2MW,Mobile/Diesel/Gas,"
10286,Industrial/Commercial Sales & Service,00010208021002,Modern Group Power Systems, 66A South Gate Blvd.,,New Castle,DE ,19720,USA,,800-404-7291,"Sales,Service,Up To 2MW,Mobile/Diesel/Gas,"
10286,Industrial/Commercial Sales & Service,00010000931002,"EMERGENCY POWER SYSTEMS, LLC", 35 HAMILTON LANE,,GLENMONT,NY ,12077,USA,,800-914-1465,"Service,Up To 2MW,Mobile/Diesel/Gas,"
10286,Industrial/Commercial Sales & Service,00010000931002,"EMERGENCY POWER SYSTEMS, LLC", 35 HAMILTON LANE,,GLENMONT,NY ,12077,USA,,800-914-1465,"Service,"
10286,Industrial/Commercial Sales & Service,00010208021002,Modern Group Power Systems, 3480 Board Road,,York,PA ,17402,USA,,800-404-7291,"Sales,Service,Up To 2MW,Mobile/Diesel/Gas,"
10286,Industrial/Commercial Sales & Service,00010001731002,AUTHORIZED SERVICES OF NEW ENGLAND, 410 FOREST STREET,,MARLBOROUGH,MA ,01752,USA,,888-890-9886,"Sales,"
10286,Industrial/Commercial Sales & Service,00010001691002,Kelly Generator & Equipment, 1955 Dale Ln,,Owings,MD ,20736,USA,www.kge.com,410-257-5225,"Sales,Service,Up To 2MW,Mobile/Diesel/Gas,Training,Rental,"
10286,Industrial/Commercial Sales & Service,00010001761002,"GENSERVE, INC.", 100 NEWTOWN RD,,PLAINVIEW,NY ,11803,USA,www.genserveinc.com,631-435-0437,"Service,"
10286,Industrial/Commercial Sales & Service,00111209521002,LONG ISLAND EMERGENCY POWER -QO, 2 Ocean Avenue,,DEER PARK,NY ,11729,USA,,631-586-7513,"Sales,"
10286,Industrial/Commercial Sales & Service,00010139211002,POWERPRO SERVICE CO. INC., 608 JOHNSON AVE. UNIT 6,,BOHEMIA,NY ,11716,USA,,631-567-2700,"Sales,Service,Up To 600kW,Mobile/Diesel/Gas,"
10286,Industrial/Commercial Sales & Service,00010134071002,PEAK POWER SYSTEMS, 99 SPRAGUE AVENUE,,MIDDLETOWN,NY ,10940,USA,www.peakpowersystems.com,845-344-1975,"Sales,Service,Up To 600kW,Mobile/Diesel/Gas,Rental,"
10286,Industrial/Commercial Sales & Service,00111209531002,HUNTINGTON POWER - LONG ISLAND, PO BOX 2040,,SHELTON,CT ,06484,USA,,631-586-7513,"Sales,"
10286,Industrial/Commercial Sales & Service,00010001761002,"GENSERVE, INC.", 115A TWINBRIDGE DR.,,PENNSAUKEN,NJ ,08110,USA,www.genserveinc.com,856-324-0459,"Service,"
10286,Industrial/Commercial Sales & Service,00111184131002,HUNTER & LOMISON, 1956 W FOURTH ST,,WILLIAMSPORT,PA ,17701,USA,www.hunterlomison.com,570-326-1764,"Sales,Service,Up To 600kW,Mobile/Diesel/Gas,Rental,"
10286,Industrial/Commercial Sales & Service,00010000881002,HUNTER & LOMISON INC., 1956 W. 4TH STREET,,WILLIAMSPORT,PA ,17701,USA,www.hunterlomison.com,570-326-1764,"Service,Up To 600kW,Mobile/Diesel/Gas,"
10286,Industrial/Commercial Sales & Service,00010001621002,BROOKFIELD SERVICE, 708 GLEBE ROAD,,WESTMORELAND,NH ,03467,USA,www.brookfieldservice.com,802-485-6567,"Service,Up To 600kW,Mobile/Diesel/Gas,"
10286,Industrial/Commercial Sales & Service,00010021101002,SOUTH SHORE GENERATOR INC-Quote, 2696A CRANBERRY HWY,,WAREHAM,MA ,02571,USA,,508-295-7336,"Sales,Service,Up To 600kW,Mobile/Diesel/Gas,"
10286,Industrial/Commercial Sales & Service,00010001701002,SOUTH SHORE GENERATOR INC, ,,EAST WAREHAM,MA ,02538,USA,,508-295-7336,"Financing,Sales,Service,Up To 600kW,Mobile/Diesel/Gas,"
10286,Industrial/Commercial Sales & Service,00111207431002,WARSHAUER ELECTRIC SUPPLY CO INC, 800 SHREWSBURY AVE,,TINTON FALLS,NJ ,07724,USA,www.warshauer.com,732-741-6400,"Service,"
10286,Industrial/Commercial Sales & Service,00010157021002,Mechanical Service Co, 1145 Oak St.,,Pittston,PA ,18640,USA,,570-654-2445,"Service,"
10292,Industrial/Commercial Sales & Service,00010214161002,"R.L. KISTLER, INC.", 35 HAMILTON LANE,,GLENMONT,NY ,12077,USA,,585-436-1940,"Sales,Service,"
10292,Industrial/Commercial Sales & Service,00010214161002,"R.L. Kistler, Inc", 300 Mile Crossing Blvd.,,Rochester,NY ,14624,USA,rlkistler.com,585-436-1940,"Sales,"
10292,Industrial/Commercial Sales & Service,00010001611002,Huntington Power, 230 Long Hill Cross Rd,,Shelton,CT ,06484,USA,www.huntingtonpower.com,203-929-3203,"Sales,Service,Up To 2MW,Mobile/Diesel/Gas,Training,Rental,"
10292,Industrial/Commercial Sales & Service,00010214161002,"R.L. Kistler, Inc", 5615 Business Ave.,,N. Syracuse,NY ,13208,USA,,315-458-2875,"Sales,"
10292,Industrial/Commercial Sales & Service,00010214161002,"R.L. Kistler, Inc", 5615 Business Ave.,,N. Syracuse,NY ,13208,USA,,315-458-2875,"Sales,"
10292,Industrial/Commercial Sales & Service,00010001611002,Huntington Power, 68 Enter Ln,,Islandia,NY ,11749,USA,,631-563-4943,"Sales,Service,Up To 2MW,Mobile/Diesel/Gas,"
10292,Industrial/Commercial Sales & Service,00010001611002,Huntington Power, 34 E DUDLEY TOWN RD.,,BLOOMFIELD,CT ,06002,USA,,860-289-8790,"Sales,Service,Rental,"
10292,Industrial/Commercial Sales & Service,00010208021002,Modern Group Power Systems, 2501 Durham Road,,Bristol,PA ,19007,USA,www.moderngroup.com,800-404-7291,"Sales,Service,Up To 2MW,Mobile/Diesel/Gas,Training,Rental,"
10292,Industrial/Commercial Sales & Service,00010001731002,Authorized Services Of New England, 410 Forest Street,,Marlborough,MA ,01752,USA,www.asne.com,888-890-9886,"Financing,Sales,Service,Up To 2MW,Mobile/Diesel/Gas,Training,Rental,"
10292,Industrial/Commercial Sales & Service,00010008091002,MODERN HANDLING EQUIP, 75 NEW STREET,,EDISON,NJ ,08837,USA,www.moderngroup.com,800-779-5116,"Sales,Service,Up To 2MW,Mobile/Diesel/Gas,"
10292,Industrial/Commercial Sales & Service,00010208021002,Modern Group Power Systems, 200 Allied Parkway,,West Berlin,NJ ,08091,USA,,800-404-7291,"Sales,Service,Up To 2MW,Mobile/Diesel/Gas,"
10292,Industrial/Commercial Sales & Service,00010208021002,Modern Group Power Systems, 6352 Chapmans Rd,,Allentown,PA ,18106,USA,,800-404-7291,"Sales,Service,Up To 2MW,Mobile/Diesel/Gas,"
10292,Industrial/Commercial Sales & Service,00010208021002,Modern Group Power Systems, 295 New Commerce Blvd.,,Wilkes Barre,PA ,18706,USA,,800-404-7291,"Sales,Service,Up To 2MW,Mobile/Diesel/Gas,"
10292,Industrial/Commercial Sales & Service,00010208021002,Modern Group Power Systems, 66A South Gate Blvd.,,New Castle,DE ,19720,USA,,800-404-7291,"Sales,Service,Up To 2MW,Mobile/Diesel/Gas,"
10292,Industrial/Commercial Sales & Service,00010000931002,"EMERGENCY POWER SYSTEMS, LLC", 35 HAMILTON LANE,,GLENMONT,NY ,12077,USA,,800-914-1465,"Service,Up To 2MW,Mobile/Diesel/Gas,"
10292,Industrial/Commercial Sales & Service,00010000931002,"EMERGENCY POWER SYSTEMS, LLC", 35 HAMILTON LANE,,GLENMONT,NY ,12077,USA,,800-914-1465,"Service,"
10292,Industrial/Commercial Sales & Service,00010208021002,Modern Group Power Systems, 3480 Board Road,,York,PA ,17402,USA,,800-404-7291,"Sales,Service,Up To 2MW,Mobile/Diesel/Gas,"
10292,Industrial/Commercial Sales & Service,00010001731002,AUTHORIZED SERVICES OF NEW ENGLAND, 410 FOREST STREET,,MARLBOROUGH,MA ,01752,USA,,888-890-9886,"Sales,"
10292,Industrial/Commercial Sales & Service,00010001691002,Kelly Generator & Equipment, 1955 Dale Ln,,Owings,MD ,20736,USA,www.kge.com,410-257-5225,"Sales,Service,Up To 2MW,Mobile/Diesel/Gas,Training,Rental,"
10292,Industrial/Commercial Sales & Service,00010001761002,"GENSERVE, INC.", 100 NEWTOWN RD,,PLAINVIEW,NY ,11803,USA,www.genserveinc.com,631-435-0437,"Service,"
10292,Industrial/Commercial Sales & Service,00111209521002,LONG ISLAND EMERGENCY POWER -QO, 2 Ocean Avenue,,DEER PARK,NY ,11729,USA,,631-586-7513,"Sales,"
10292,Industrial/Commercial Sales & Service,00010139211002,POWERPRO SERVICE CO. INC., 608 JOHNSON AVE. UNIT 6,,BOHEMIA,NY ,11716,USA,,631-567-2700,"Sales,Service,Up To 600kW,Mobile/Diesel/Gas,"
10292,Industrial/Commercial Sales & Service,00010134071002,PEAK POWER SYSTEMS, 99 SPRAGUE AVENUE,,MIDDLETOWN,NY ,10940,USA,www.peakpowersystems.com,845-344-1975,"Sales,Service,Up To 600kW,Mobile/Diesel/Gas,Rental,"
10292,Industrial/Commercial Sales & Service,00111209531002,HUNTINGTON POWER - LONG ISLAND, PO BOX 2040,,SHELTON,CT ,06484,USA,,631-586-7513,"Sales,"
10292,Industrial/Commercial Sales & Service,00010001761002,"GENSERVE, INC.", 115A TWINBRIDGE DR.,,PENNSAUKEN,NJ ,08110,USA,www.genserveinc.com,856-324-0459,"Service,"
10292,Industrial/Commercial Sales & Service,00111184131002,HUNTER & LOMISON, 1956 W FOURTH ST,,WILLIAMSPORT,PA ,17701,USA,www.hunterlomison.com,570-326-1764,"Sales,Service,Up To 600kW,Mobile/Diesel/Gas,Rental,"
10292,Industrial/Commercial Sales & Service,00010000881002,HUNTER & LOMISON INC., 1956 W. 4TH STREET,,WILLIAMSPORT,PA ,17701,USA,www.hunterlomison.com,570-326-1764,"Service,Up To 600kW,Mobile/Diesel/Gas,"
10292,Industrial/Commercial Sales & Service,00010001621002,BROOKFIELD SERVICE, 708 GLEBE ROAD,,WESTMORELAND,NH ,03467,USA,www.brookfieldservice.com,802-485-6567,"Service,Up To 600kW,Mobile/Diesel/Gas,"
10292,Industrial/Commercial Sales & Service,00010021101002,SOUTH SHORE GENERATOR INC-Quote, 2696A CRANBERRY HWY,,WAREHAM,MA ,02571,USA,,508-295-7336,"Sales,Service,Up To 600kW,Mobile/Diesel/Gas,"
10292,Industrial/Commercial Sales & Service,00010001701002,SOUTH SHORE GENERATOR INC, ,,EAST WAREHAM,MA ,02538,USA,,508-295-7336,"Financing,Sales,Service,Up To 600kW,Mobile/Diesel/Gas,"
10292,Industrial/Commercial Sales & Service,00111207431002,WARSHAUER ELECTRIC SUPPLY CO INC, 800 SHREWSBURY AVE,,TINTON FALLS,NJ ,07724,USA,www.warshauer.com,732-741-6400,"Service,"
10292,Industrial/Commercial Sales & Service,00010157021002,Mechanical Service Co, 1145 Oak St.,,Pittston,PA ,18640,USA,,570-654-2445,"Service,"
10301,Industrial/Commercial Sales & Service,00010001611002,Huntington Power, 230 Long Hill Cross Rd,,Shelton,CT ,06484,USA,www.huntingtonpower.com,203-929-3203,"Sales,Service,Up To 2MW,Mobile/Diesel/Gas,Training,Rental,"
10301,Industrial/Commercial Sales & Service,00010214161002,"R.L. KISTLER, INC.", 35 HAMILTON LANE,,GLENMONT,NY ,12077,USA,,585-436-1940,"Sales,Service,"
10301,Industrial/Commercial Sales & Service,00010214161002,"R.L. Kistler, Inc", 300 Mile Crossing Blvd.,,Rochester,NY ,14624,USA,rlkistler.com,585-436-1940,"Sales,"
10301,Industrial/Commercial Sales & Service,00010001611002,Huntington Power, 68 Enter Ln,,Islandia,NY ,11749,USA,,631-563-4943,"Sales,Service,Up To 2MW,Mobile/Diesel/Gas,"
10301,Industrial/Commercial Sales & Service,00010001611002,Huntington Power, 34 E DUDLEY TOWN RD.,,BLOOMFIELD,CT ,06002,USA,,860-289-8790,"Sales,Service,Rental,"
10301,Industrial/Commercial Sales & Service,00010214161002,"R.L. Kistler, Inc", 5615 Business Ave.,,N. Syracuse,NY ,13208,USA,,315-458-2875,"Sales,"
10301,Industrial/Commercial Sales & Service,00010214161002,"R.L. Kistler, Inc", 5615 Business Ave.,,N. Syracuse,NY ,13208,USA,,315-458-2875,"Sales,"
10301,Industrial/Commercial Sales & Service,00010208021002,Modern Group Power Systems, 2501 Durham Road,,Bristol,PA ,19007,USA,www.moderngroup.com,800-404-7291,"Sales,Service,Up To 2MW,Mobile/Diesel/Gas,Training,Rental,"
10301,Industrial/Commercial Sales & Service,00010001731002,Authorized Services Of New England, 410 Forest Street,,Marlborough,MA ,01752,USA,www.asne.com,888-890-9886,"Financing,Sales,Service,Up To 2MW,Mobile/Diesel/Gas,Training,Rental,"
10301,Industrial/Commercial Sales & Service,00010008091002,MODERN HANDLING EQUIP, 75 NEW STREET,,EDISON,NJ ,08837,USA,www.moderngroup.com,800-779-5116,"Sales,Service,Up To 2MW,Mobile/Diesel/Gas,"
10301,Industrial/Commercial Sales & Service,00010208021002,Modern Group Power Systems, 200 Allied Parkway,,West Berlin,NJ ,08091,USA,,800-404-7291,"Sales,Service,Up To 2MW,Mobile/Diesel/Gas,"
10301,Industrial/Commercial Sales & Service,00010208021002,Modern Group Power Systems, 6352 Chapmans Rd,,Allentown,PA ,18106,USA,,800-404-7291,"Sales,Service,Up To 2MW,Mobile/Diesel/Gas,"
10301,Industrial/Commercial Sales & Service,00010208021002,Modern Group Power Systems, 295 New Commerce Blvd.,,Wilkes Barre,PA ,18706,USA,,800-404-7291,"Sales,Service,Up To 2MW,Mobile/Diesel/Gas,"
10301,Industrial/Commercial Sales & Service,00010208021002,Modern Group Power Systems, 66A South Gate Blvd.,,New Castle,DE ,19720,USA,,800-404-7291,"Sales,Service,Up To 2MW,Mobile/Diesel/Gas,"
10301,Industrial/Commercial Sales & Service,00010000931002,"EMERGENCY POWER SYSTEMS, LLC", 35 HAMILTON LANE,,GLENMONT,NY ,12077,USA,,800-914-1465,"Service,Up To 2MW,Mobile/Diesel/Gas,"
10301,Industrial/Commercial Sales & Service,00010000931002,"EMERGENCY POWER SYSTEMS, LLC", 35 HAMILTON LANE,,GLENMONT,NY ,12077,USA,,800-914-1465,"Service,"
10301,Industrial/Commercial Sales & Service,00010208021002,Modern Group Power Systems, 3480 Board Road,,York,PA ,17402,USA,,800-404-7291,"Sales,Service,Up To 2MW,Mobile/Diesel/Gas,"
10301,Industrial/Commercial Sales & Service,00010001731002,AUTHORIZED SERVICES OF NEW ENGLAND, 410 FOREST STREET,,MARLBOROUGH,MA ,01752,USA,,888-890-9886,"Sales,"
10301,Industrial/Commercial Sales & Service,00010001691002,Kelly Generator & Equipment, 1955 Dale Ln,,Owings,MD ,20736,USA,www.kge.com,410-257-5225,"Sales,Service,Up To 2MW,Mobile/Diesel/Gas,Training,Rental,"
10301,Industrial/Commercial Sales & Service,00010001761002,"GENSERVE, INC.", 100 NEWTOWN RD,,PLAINVIEW,NY ,11803,USA,www.genserveinc.com,631-435-0437,"Service,"
10301,Industrial/Commercial Sales & Service,00111209521002,LONG ISLAND EMERGENCY POWER -QO, 2 Ocean Avenue,,DEER PARK,NY ,11729,USA,,631-586-7513,"Sales,"
10301,Industrial/Commercial Sales & Service,00010139211002,POWERPRO SERVICE CO. INC., 608 JOHNSON AVE. UNIT 6,,BOHEMIA,NY ,11716,USA,,631-567-2700,"Sales,Service,Up To 600kW,Mobile/Diesel/Gas,"
10301,Industrial/Commercial Sales & Service,00010134071002,PEAK POWER SYSTEMS, 99 SPRAGUE AVENUE,,MIDDLETOWN,NY ,10940,USA,www.peakpowersystems.com,845-344-1975,"Sales,Service,Up To 600kW,Mobile/Diesel/Gas,Rental,"
10301,Industrial/Commercial Sales & Service,00010001761002,"GENSERVE, INC.", 115A TWINBRIDGE DR.,,PENNSAUKEN,NJ ,08110,USA,www.genserveinc.com,856-324-0459,"Service,"
10301,Industrial/Commercial Sales & Service,00111209531002,HUNTINGTON POWER - LONG ISLAND, PO BOX 2040,,SHELTON,CT ,06484,USA,,631-586-7513,"Sales,"
10301,Industrial/Commercial Sales & Service,00111184131002,HUNTER & LOMISON, 1956 W FOURTH ST,,WILLIAMSPORT,PA ,17701,USA,www.hunterlomison.com,570-326-1764,"Sales,Service,Up To 600kW,Mobile/Diesel/Gas,Rental,"
10301,Industrial/Commercial Sales & Service,00010000881002,HUNTER & LOMISON INC., 1956 W. 4TH STREET,,WILLIAMSPORT,PA ,17701,USA,www.hunterlomison.com,570-326-1764,"Service,Up To 600kW,Mobile/Diesel/Gas,"
10301,Industrial/Commercial Sales & Service,00010001621002,BROOKFIELD SERVICE, 708 GLEBE ROAD,,WESTMORELAND,NH ,03467,USA,www.brookfieldservice.com,802-485-6567,"Service,Up To 600kW,Mobile/Diesel/Gas,"
10301,Industrial/Commercial Sales & Service,00010021101002,SOUTH SHORE GENERATOR INC-Quote, 2696A CRANBERRY HWY,,WAREHAM,MA ,02571,USA,,508-295-7336,"Sales,Service,Up To 600kW,Mobile/Diesel/Gas,"
10301,Industrial/Commercial Sales & Service,00010001701002,SOUTH SHORE GENERATOR INC, ,,EAST WAREHAM,MA ,02538,USA,,508-295-7336,"Financing,Sales,Service,Up To 600kW,Mobile/Diesel/Gas,"
10301,Industrial/Commercial Sales & Service,00111207431002,WARSHAUER ELECTRIC SUPPLY CO INC, 800 SHREWSBURY AVE,,TINTON FALLS,NJ ,07724,USA,www.warshauer.com,732-741-6400,"Service,"
10301,Industrial/Commercial Sales & Service,00010157021002,Mechanical Service Co, 1145 Oak St.,,Pittston,PA ,18640,USA,,570-654-2445,"Service,"
10302,Industrial/Commercial Sales & Service,00010214161002,"R.L. Kistler, Inc", 300 Mile Crossing Blvd.,,Rochester,NY ,14624,USA,rlkistler.com,585-436-1940,"Sales,"
10302,Industrial/Commercial Sales & Service,00010001611002,Huntington Power, 230 Long Hill Cross Rd,,Shelton,CT ,06484,USA,www.huntingtonpower.com,203-929-3203,"Sales,Service,Up To 2MW,Mobile/Diesel/Gas,Training,Rental,"
10302,Industrial/Commercial Sales & Service,00010214161002,"R.L. KISTLER, INC.", 35 HAMILTON LANE,,GLENMONT,NY ,12077,USA,,585-436-1940,"Sales,Service,"
10302,Industrial/Commercial Sales & Service,00010214161002,"R.L. Kistler, Inc", 5615 Business Ave.,,N. Syracuse,NY ,13208,USA,,315-458-2875,"Sales,"
10302,Industrial/Commercial Sales & Service,00010001611002,Huntington Power, 68 Enter Ln,,Islandia,NY ,11749,USA,,631-563-4943,"Sales,Service,Up To 2MW,Mobile/Diesel/Gas,"
10302,Industrial/Commercial Sales & Service,00010001611002,Huntington Power, 34 E DUDLEY TOWN RD.,,BLOOMFIELD,CT ,06002,USA,,860-289-8790,"Sales,Service,Rental,"
10302,Industrial/Commercial Sales & Service,00010214161002,"R.L. Kistler, Inc", 5615 Business Ave.,,N. Syracuse,NY ,13208,USA,,315-458-2875,"Sales,"
10302,Industrial/Commercial Sales & Service,00010208021002,Modern Group Power Systems, 2501 Durham Road,,Bristol,PA ,19007,USA,www.moderngroup.com,800-404-7291,"Sales,Service,Up To 2MW,Mobile/Diesel/Gas,Training,Rental,"
10302,Industrial/Commercial Sales & Service,00010001731002,Authorized Services Of New England, 410 Forest Street,,Marlborough,MA ,01752,USA,www.asne.com,888-890-9886,"Financing,Sales,Service,Up To 2MW,Mobile/Diesel/Gas,Training,Rental,"
10302,Industrial/Commercial Sales & Service,00010008091002,MODERN HANDLING EQUIP, 75 NEW STREET,,EDISON,NJ ,08837,USA,www.moderngroup.com,800-779-5116,"Sales,Service,Up To 2MW,Mobile/Diesel/Gas,"
10302,Industrial/Commercial Sales & Service,00010208021002,Modern Group Power Systems, 200 Allied Parkway,,West Berlin,NJ ,08091,USA,,800-404-7291,"Sales,Service,Up To 2MW,Mobile/Diesel/Gas,"
10302,Industrial/Commercial Sales & Service,00010208021002,Modern Group Power Systems, 6352 Chapmans Rd,,Allentown,PA ,18106,USA,,800-404-7291,"Sales,Service,Up To 2MW,Mobile/Diesel/Gas,"
10302,Industrial/Commercial Sales & Service,00010208021002,Modern Group Power Systems, 295 New Commerce Blvd.,,Wilkes Barre,PA ,18706,USA,,800-404-7291,"Sales,Service,Up To 2MW,Mobile/Diesel/Gas,"
10302,Industrial/Commercial Sales & Service,00010208021002,Modern Group Power Systems, 66A South Gate Blvd.,,New Castle,DE ,19720,USA,,800-404-7291,"Sales,Service,Up To 2MW,Mobile/Diesel/Gas,"
10302,Industrial/Commercial Sales & Service,00010000931002,"EMERGENCY POWER SYSTEMS, LLC", 35 HAMILTON LANE,,GLENMONT,NY ,12077,USA,,800-914-1465,"Service,Up To 2MW,Mobile/Diesel/Gas,"
10302,Industrial/Commercial Sales & Service,00010000931002,"EMERGENCY POWER SYSTEMS, LLC", 35 HAMILTON LANE,,GLENMONT,NY ,12077,USA,,800-914-1465,"Service,"
10302,Industrial/Commercial Sales & Service,00010208021002,Modern Group Power Systems, 3480 Board Road,,York,PA ,17402,USA,,800-404-7291,"Sales,Service,Up To 2MW,Mobile/Diesel/Gas,"
10302,Industrial/Commercial Sales & Service,00010001731002,AUTHORIZED SERVICES OF NEW ENGLAND, 410 FOREST STREET,,MARLBOROUGH,MA ,01752,USA,,888-890-9886,"Sales,"
10302,Industrial/Commercial Sales & Service,00010001691002,Kelly Generator & Equipment, 1955 Dale Ln,,Owings,MD ,20736,USA,www.kge.com,410-257-5225,"Sales,Service,Up To 2MW,Mobile/Diesel/Gas,Training,Rental,"
10302,Industrial/Commercial Sales & Service,00010001761002,"GENSERVE, INC.", 100 NEWTOWN RD,,PLAINVIEW,NY ,11803,USA,www.genserveinc.com,631-435-0437,"Service,"
10302,Industrial/Commercial Sales & Service,00111209521002,LONG ISLAND EMERGENCY POWER -QO, 2 Ocean Avenue,,DEER PARK,NY ,11729,USA,,631-586-7513,"Sales,"
10302,Industrial/Commercial Sales & Service,00010139211002,POWERPRO SERVICE CO. INC., 608 JOHNSON AVE. UNIT 6,,BOHEMIA,NY ,11716,USA,,631-567-2700,"Sales,Service,Up To 600kW,Mobile/Diesel/Gas,"
10302,Industrial/Commercial Sales & Service,00010134071002,PEAK POWER SYSTEMS, 99 SPRAGUE AVENUE,,MIDDLETOWN,NY ,10940,USA,www.peakpowersystems.com,845-344-1975,"Sales,Service,Up To 600kW,Mobile/Diesel/Gas,Rental,"
10302,Industrial/Commercial Sales & Service,00010001761002,"GENSERVE, INC.", 115A TWINBRIDGE DR.,,PENNSAUKEN,NJ ,08110,USA,www.genserveinc.com,856-324-0459,"Service,"
10302,Industrial/Commercial Sales & Service,00111209531002,HUNTINGTON POWER - LONG ISLAND, PO BOX 2040,,SHELTON,CT ,06484,USA,,631-586-7513,"Sales,"
10302,Industrial/Commercial Sales & Service,00111184131002,HUNTER & LOMISON, 1956 W FOURTH ST,,WILLIAMSPORT,PA ,17701,USA,www.hunterlomison.com,570-326-1764,"Sales,Service,Up To 600kW,Mobile/Diesel/Gas,Rental,"
10302,Industrial/Commercial Sales & Service,00010000881002,HUNTER & LOMISON INC., 1956 W. 4TH STREET,,WILLIAMSPORT,PA ,17701,USA,www.hunterlomison.com,570-326-1764,"Service,Up To 600kW,Mobile/Diesel/Gas,"
10302,Industrial/Commercial Sales & Service,00010001621002,BROOKFIELD SERVICE, 708 GLEBE ROAD,,WESTMORELAND,NH ,03467,USA,www.brookfieldservice.com,802-485-6567,"Service,Up To 600kW,Mobile/Diesel/Gas,"
10302,Industrial/Commercial Sales & Service,00010021101002,SOUTH SHORE GENERATOR INC-Quote, 2696A CRANBERRY HWY,,WAREHAM,MA ,02571,USA,,508-295-7336,"Sales,Service,Up To 600kW,Mobile/Diesel/Gas,"
10302,Industrial/Commercial Sales & Service,00010001701002,SOUTH SHORE GENERATOR INC, ,,EAST WAREHAM,MA ,02538,USA,,508-295-7336,"Financing,Sales,Service,Up To 600kW,Mobile/Diesel/Gas,"
10302,Industrial/Commercial Sales & Service,00111207431002,WARSHAUER ELECTRIC SUPPLY CO INC, 800 SHREWSBURY AVE,,TINTON FALLS,NJ ,07724,USA,www.warshauer.com,732-741-6400,"Service,"
10302,Industrial/Commercial Sales & Service,00010157021002,Mechanical Service Co, 1145 Oak St.,,Pittston,PA ,18640,USA,,570-654-2445,"Service,"
10303,Industrial/Commercial Sales & Service,00010214161002,"R.L. Kistler, Inc", 300 Mile Crossing Blvd.,,Rochester,NY ,14624,USA,rlkistler.com,585-436-1940,"Sales,"
10303,Industrial/Commercial Sales & Service,00010001611002,Huntington Power, 230 Long Hill Cross Rd,,Shelton,CT ,06484,USA,www.huntingtonpower.com,203-929-3203,"Sales,Service,Up To 2MW,Mobile/Diesel/Gas,Training,Rental,"
10303,Industrial/Commercial Sales & Service,00010214161002,"R.L. KISTLER, INC.", 35 HAMILTON LANE,,GLENMONT,NY ,12077,USA,,585-436-1940,"Sales,Service,"
10303,Industrial/Commercial Sales & Service,00010214161002,"R.L. Kistler, Inc", 5615 Business Ave.,,N. Syracuse,NY ,13208,USA,,315-458-2875,"Sales,"
10303,Industrial/Commercial Sales & Service,00010001611002,Huntington Power, 68 Enter Ln,,Islandia,NY ,11749,USA,,631-563-4943,"Sales,Service,Up To 2MW,Mobile/Diesel/Gas,"
10303,Industrial/Commercial Sales & Service,00010001611002,Huntington Power, 34 E DUDLEY TOWN RD.,,BLOOMFIELD,CT ,06002,USA,,860-289-8790,"Sales,Service,Rental,"
10303,Industrial/Commercial Sales & Service,00010214161002,"R.L. Kistler, Inc", 5615 Business Ave.,,N. Syracuse,NY ,13208,USA,,315-458-2875,"Sales,"
10303,Industrial/Commercial Sales & Service,00010208021002,Modern Group Power Systems, 2501 Durham Road,,Bristol,PA ,19007,USA,www.moderngroup.com,800-404-7291,"Sales,Service,Up To 2MW,Mobile/Diesel/Gas,Training,Rental,"
10303,Industrial/Commercial Sales & Service,00010001731002,Authorized Services Of New England, 410 Forest Street,,Marlborough,MA ,01752,USA,www.asne.com,888-890-9886,"Financing,Sales,Service,Up To 2MW,Mobile/Diesel/Gas,Training,Rental,"
10303,Industrial/Commercial Sales & Service,00010008091002,MODERN HANDLING EQUIP, 75 NEW STREET,,EDISON,NJ ,08837,USA,www.moderngroup.com,800-779-5116,"Sales,Service,Up To 2MW,Mobile/Diesel/Gas,"
10303,Industrial/Commercial Sales & Service,00010208021002,Modern Group Power Systems, 200 Allied Parkway,,West Berlin,NJ ,08091,USA,,800-404-7291,"Sales,Service,Up To 2MW,Mobile/Diesel/Gas,"
10303,Industrial/Commercial Sales & Service,00010208021002,Modern Group Power Systems, 6352 Chapmans Rd,,Allentown,PA ,18106,USA,,800-404-7291,"Sales,Service,Up To 2MW,Mobile/Diesel/Gas,"
10303,Industrial/Commercial Sales & Service,00010208021002,Modern Group Power Systems, 295 New Commerce Blvd.,,Wilkes Barre,PA ,18706,USA,,800-404-7291,"Sales,Service,Up To 2MW,Mobile/Diesel/Gas,"
10303,Industrial/Commercial Sales & Service,00010208021002,Modern Group Power Systems, 66A South Gate Blvd.,,New Castle,DE ,19720,USA,,800-404-7291,"Sales,Service,Up To 2MW,Mobile/Diesel/Gas,"
10303,Industrial/Commercial Sales & Service,00010000931002,"EMERGENCY POWER SYSTEMS, LLC", 35 HAMILTON LANE,,GLENMONT,NY ,12077,USA,,800-914-1465,"Service,Up To 2MW,Mobile/Diesel/Gas,"
10303,Industrial/Commercial Sales & Service,00010000931002,"EMERGENCY POWER SYSTEMS, LLC", 35 HAMILTON LANE,,GLENMONT,NY ,12077,USA,,800-914-1465,"Service,"
10303,Industrial/Commercial Sales & Service,00010208021002,Modern Group Power Systems, 3480 Board Road,,York,PA ,17402,USA,,800-404-7291,"Sales,Service,Up To 2MW,Mobile/Diesel/Gas,"
10303,Industrial/Commercial Sales & Service,00010001731002,AUTHORIZED SERVICES OF NEW ENGLAND, 410 FOREST STREET,,MARLBOROUGH,MA ,01752,USA,,888-890-9886,"Sales,"
10303,Industrial/Commercial Sales & Service,00010001691002,Kelly Generator & Equipment, 1955 Dale Ln,,Owings,MD ,20736,USA,www.kge.com,410-257-5225,"Sales,Service,Up To 2MW,Mobile/Diesel/Gas,Training,Rental,"
10303,Industrial/Commercial Sales & Service,00010001761002,"GENSERVE, INC.", 100 NEWTOWN RD,,PLAINVIEW,NY ,11803,USA,www.genserveinc.com,631-435-0437,"Service,"
10303,Industrial/Commercial Sales & Service,00111209521002,LONG ISLAND EMERGENCY POWER -QO, 2 Ocean Avenue,,DEER PARK,NY ,11729,USA,,631-586-7513,"Sales,"
10303,Industrial/Commercial Sales & Service,00010139211002,POWERPRO SERVICE CO. INC., 608 JOHNSON AVE. UNIT 6,,BOHEMIA,NY ,11716,USA,,631-567-2700,"Sales,Service,Up To 600kW,Mobile/Diesel/Gas,"
10303,Industrial/Commercial Sales & Service,00010134071002,PEAK POWER SYSTEMS, 99 SPRAGUE AVENUE,,MIDDLETOWN,NY ,10940,USA,www.peakpowersystems.com,845-344-1975,"Sales,Service,Up To 600kW,Mobile/Diesel/Gas,Rental,"
10303,Industrial/Commercial Sales & Service,00010001761002,"GENSERVE, INC.", 115A TWINBRIDGE DR.,,PENNSAUKEN,NJ ,08110,USA,www.genserveinc.com,856-324-0459,"Service,"
10303,Industrial/Commercial Sales & Service,00111209531002,HUNTINGTON POWER - LONG ISLAND, PO BOX 2040,,SHELTON,CT ,06484,USA,,631-586-7513,"Sales,"
10303,Industrial/Commercial Sales & Service,00111184131002,HUNTER & LOMISON, 1956 W FOURTH ST,,WILLIAMSPORT,PA ,17701,USA,www.hunterlomison.com,570-326-1764,"Sales,Service,Up To 600kW,Mobile/Diesel/Gas,Rental,"
10303,Industrial/Commercial Sales & Service,00010000881002,HUNTER & LOMISON INC., 1956 W. 4TH STREET,,WILLIAMSPORT,PA ,17701,USA,www.hunterlomison.com,570-326-1764,"Service,Up To 600kW,Mobile/Diesel/Gas,"
10303,Industrial/Commercial Sales & Service,00010001621002,BROOKFIELD SERVICE, 708 GLEBE ROAD,,WESTMORELAND,NH ,03467,USA,www.brookfieldservice.com,802-485-6567,"Service,Up To 600kW,Mobile/Diesel/Gas,"
10303,Industrial/Commercial Sales & Service,00010021101002,SOUTH SHORE GENERATOR INC-Quote, 2696A CRANBERRY HWY,,WAREHAM,MA ,02571,USA,,508-295-7336,"Sales,Service,Up To 600kW,Mobile/Diesel/Gas,"
10303,Industrial/Commercial Sales & Service,00010001701002,SOUTH SHORE GENERATOR INC, ,,EAST WAREHAM,MA ,02538,USA,,508-295-7336,"Financing,Sales,Service,Up To 600kW,Mobile/Diesel/Gas,"
10303,Industrial/Commercial Sales & Service,00111207431002,WARSHAUER ELECTRIC SUPPLY CO INC, 800 SHREWSBURY AVE,,TINTON FALLS,NJ ,07724,USA,www.warshauer.com,732-741-6400,"Service,"
10303,Industrial/Commercial Sales & Service,00010157021002,Mechanical Service Co, 1145 Oak St.,,Pittston,PA ,18640,USA,,570-654-2445,"Service,"
10304,Industrial/Commercial Sales & Service,00010001611002,Huntington Power, 230 Long Hill Cross Rd,,Shelton,CT ,06484,USA,www.huntingtonpower.com,203-929-3203,"Sales,Service,Up To 2MW,Mobile/Diesel/Gas,Training,Rental,"
10304,Industrial/Commercial Sales & Service,00010214161002,"R.L. KISTLER, INC.", 35 HAMILTON LANE,,GLENMONT,NY ,12077,USA,,585-436-1940,"Sales,Service,"
10304,Industrial/Commercial Sales & Service,00010214161002,"R.L. Kistler, Inc", 300 Mile Crossing Blvd.,,Rochester,NY ,14624,USA,rlkistler.com,585-436-1940,"Sales,"
10304,Industrial/Commercial Sales & Service,00010001611002,Huntington Power, 68 Enter Ln,,Islandia,NY ,11749,USA,,631-563-4943,"Sales,Service,Up To 2MW,Mobile/Diesel/Gas,"
10304,Industrial/Commercial Sales & Service,00010001611002,Huntington Power, 34 E DUDLEY TOWN RD.,,BLOOMFIELD,CT ,06002,USA,,860-289-8790,"Sales,Service,Rental,"
10304,Industrial/Commercial Sales & Service,00010214161002,"R.L. Kistler, Inc", 5615 Business Ave.,,N. Syracuse,NY ,13208,USA,,315-458-2875,"Sales,"
10304,Industrial/Commercial Sales & Service,00010214161002,"R.L. Kistler, Inc", 5615 Business Ave.,,N. Syracuse,NY ,13208,USA,,315-458-2875,"Sales,"
10304,Industrial/Commercial Sales & Service,00010208021002,Modern Group Power Systems, 2501 Durham Road,,Bristol,PA ,19007,USA,www.moderngroup.com,800-404-7291,"Sales,Service,Up To 2MW,Mobile/Diesel/Gas,Training,Rental,"
10304,Industrial/Commercial Sales & Service,00010001731002,Authorized Services Of New England, 410 Forest Street,,Marlborough,MA ,01752,USA,www.asne.com,888-890-9886,"Financing,Sales,Service,Up To 2MW,Mobile/Diesel/Gas,Training,Rental,"
10304,Industrial/Commercial Sales & Service,00010008091002,MODERN HANDLING EQUIP, 75 NEW STREET,,EDISON,NJ ,08837,USA,www.moderngroup.com,800-779-5116,"Sales,Service,Up To 2MW,Mobile/Diesel/Gas,"
10304,Industrial/Commercial Sales & Service,00010208021002,Modern Group Power Systems, 200 Allied Parkway,,West Berlin,NJ ,08091,USA,,800-404-7291,"Sales,Service,Up To 2MW,Mobile/Diesel/Gas,"
10304,Industrial/Commercial Sales & Service,00010208021002,Modern Group Power Systems, 6352 Chapmans Rd,,Allentown,PA ,18106,USA,,800-404-7291,"Sales,Service,Up To 2MW,Mobile/Diesel/Gas,"
10304,Industrial/Commercial Sales & Service,00010208021002,Modern Group Power Systems, 66A South Gate Blvd.,,New Castle,DE ,19720,USA,,800-404-7291,"Sales,Service,Up To 2MW,Mobile/Diesel/Gas,"
10304,Industrial/Commercial Sales & Service,00010208021002,Modern Group Power Systems, 295 New Commerce Blvd.,,Wilkes Barre,PA ,18706,USA,,800-404-7291,"Sales,Service,Up To 2MW,Mobile/Diesel/Gas,"
10304,Industrial/Commercial Sales & Service,00010000931002,"EMERGENCY POWER SYSTEMS, LLC", 35 HAMILTON LANE,,GLENMONT,NY ,12077,USA,,800-914-1465,"Service,Up To 2MW,Mobile/Diesel/Gas,"
10304,Industrial/Commercial Sales & Service,00010000931002,"EMERGENCY POWER SYSTEMS, LLC", 35 HAMILTON LANE,,GLENMONT,NY ,12077,USA,,800-914-1465,"Service,"
10304,Industrial/Commercial Sales & Service,00010208021002,Modern Group Power Systems, 3480 Board Road,,York,PA ,17402,USA,,800-404-7291,"Sales,Service,Up To 2MW,Mobile/Diesel/Gas,"
10304,Industrial/Commercial Sales & Service,00010001731002,AUTHORIZED SERVICES OF NEW ENGLAND, 410 FOREST STREET,,MARLBOROUGH,MA ,01752,USA,,888-890-9886,"Sales,"
10304,Industrial/Commercial Sales & Service,00010001691002,Kelly Generator & Equipment, 1955 Dale Ln,,Owings,MD ,20736,USA,www.kge.com,410-257-5225,"Sales,Service,Up To 2MW,Mobile/Diesel/Gas,Training,Rental,"
10304,Industrial/Commercial Sales & Service,00010001761002,"GENSERVE, INC.", 100 NEWTOWN RD,,PLAINVIEW,NY ,11803,USA,www.genserveinc.com,631-435-0437,"Service,"
10304,Industrial/Commercial Sales & Service,00111209521002,LONG ISLAND EMERGENCY POWER -QO, 2 Ocean Avenue,,DEER PARK,NY ,11729,USA,,631-586-7513,"Sales,"
10304,Industrial/Commercial Sales & Service,00010139211002,POWERPRO SERVICE CO. INC., 608 JOHNSON AVE. UNIT 6,,BOHEMIA,NY ,11716,USA,,631-567-2700,"Sales,Service,Up To 600kW,Mobile/Diesel/Gas,"
10304,Industrial/Commercial Sales & Service,00010134071002,PEAK POWER SYSTEMS, 99 SPRAGUE AVENUE,,MIDDLETOWN,NY ,10940,USA,www.peakpowersystems.com,845-344-1975,"Sales,Service,Up To 600kW,Mobile/Diesel/Gas,Rental,"
10304,Industrial/Commercial Sales & Service,00010001761002,"GENSERVE, INC.", 115A TWINBRIDGE DR.,,PENNSAUKEN,NJ ,08110,USA,www.genserveinc.com,856-324-0459,"Service,"
10304,Industrial/Commercial Sales & Service,00111209531002,HUNTINGTON POWER - LONG ISLAND, PO BOX 2040,,SHELTON,CT ,06484,USA,,631-586-7513,"Sales,"
10304,Industrial/Commercial Sales & Service,00111184131002,HUNTER & LOMISON, 1956 W FOURTH ST,,WILLIAMSPORT,PA ,17701,USA,www.hunterlomison.com,570-326-1764,"Sales,Service,Up To 600kW,Mobile/Diesel/Gas,Rental,"
10304,Industrial/Commercial Sales & Service,00010000881002,HUNTER & LOMISON INC., 1956 W. 4TH STREET,,WILLIAMSPORT,PA ,17701,USA,www.hunterlomison.com,570-326-1764,"Service,Up To 600kW,Mobile/Diesel/Gas,"
10304,Industrial/Commercial Sales & Service,00010001621002,BROOKFIELD SERVICE, 708 GLEBE ROAD,,WESTMORELAND,NH ,03467,USA,www.brookfieldservice.com,802-485-6567,"Service,Up To 600kW,Mobile/Diesel/Gas,"
10304,Industrial/Commercial Sales & Service,00010021101002,SOUTH SHORE GENERATOR INC-Quote, 2696A CRANBERRY HWY,,WAREHAM,MA ,02571,USA,,508-295-7336,"Sales,Service,Up To 600kW,Mobile/Diesel/Gas,"
10304,Industrial/Commercial Sales & Service,00010001701002,SOUTH SHORE GENERATOR INC, ,,EAST WAREHAM,MA ,02538,USA,,508-295-7336,"Financing,Sales,Service,Up To 600kW,Mobile/Diesel/Gas,"
10304,Industrial/Commercial Sales & Service,00111207431002,WARSHAUER ELECTRIC SUPPLY CO INC, 800 SHREWSBURY AVE,,TINTON FALLS,NJ ,07724,USA,www.warshauer.com,732-741-6400,"Service,"
10304,Industrial/Commercial Sales & Service,00010157021002,Mechanical Service Co, 1145 Oak St.,,Pittston,PA ,18640,USA,,570-654-2445,"Service,"
10305,Industrial/Commercial Sales & Service,00010214161002,"R.L. KISTLER, INC.", 35 HAMILTON LANE,,GLENMONT,NY ,12077,USA,,585-436-1940,"Sales,Service,"
10305,Industrial/Commercial Sales & Service,00010001611002,Huntington Power, 230 Long Hill Cross Rd,,Shelton,CT ,06484,USA,www.huntingtonpower.com,203-929-3203,"Sales,Service,Up To 2MW,Mobile/Diesel/Gas,Training,Rental,"
10305,Industrial/Commercial Sales & Service,00010214161002,"R.L. Kistler, Inc", 300 Mile Crossing Blvd.,,Rochester,NY ,14624,USA,rlkistler.com,585-436-1940,"Sales,"
10305,Industrial/Commercial Sales & Service,00010214161002,"R.L. Kistler, Inc", 5615 Business Ave.,,N. Syracuse,NY ,13208,USA,,315-458-2875,"Sales,"
10305,Industrial/Commercial Sales & Service,00010001611002,Huntington Power, 68 Enter Ln,,Islandia,NY ,11749,USA,,631-563-4943,"Sales,Service,Up To 2MW,Mobile/Diesel/Gas,"
10305,Industrial/Commercial Sales & Service,00010001611002,Huntington Power, 34 E DUDLEY TOWN RD.,,BLOOMFIELD,CT ,06002,USA,,860-289-8790,"Sales,Service,Rental,"
10305,Industrial/Commercial Sales & Service,00010214161002,"R.L. Kistler, Inc", 5615 Business Ave.,,N. Syracuse,NY ,13208,USA,,315-458-2875,"Sales,"
10305,Industrial/Commercial Sales & Service,00010208021002,Modern Group Power Systems, 2501 Durham Road,,Bristol,PA ,19007,USA,www.moderngroup.com,800-404-7291,"Sales,Service,Up To 2MW,Mobile/Diesel/Gas,Training,Rental,"
10305,Industrial/Commercial Sales & Service,00010001731002,Authorized Services Of New England, 410 Forest Street,,Marlborough,MA ,01752,USA,www.asne.com,888-890-9886,"Financing,Sales,Service,Up To 2MW,Mobile/Diesel/Gas,Training,Rental,"
10305,Industrial/Commercial Sales & Service,00010008091002,MODERN HANDLING EQUIP, 75 NEW STREET,,EDISON,NJ ,08837,USA,www.moderngroup.com,800-779-5116,"Sales,Service,Up To 2MW,Mobile/Diesel/Gas,"
10305,Industrial/Commercial Sales & Service,00010208021002,Modern Group Power Systems, 200 Allied Parkway,,West Berlin,NJ ,08091,USA,,800-404-7291,"Sales,Service,Up To 2MW,Mobile/Diesel/Gas,"
10305,Industrial/Commercial Sales & Service,00010208021002,Modern Group Power Systems, 6352 Chapmans Rd,,Allentown,PA ,18106,USA,,800-404-7291,"Sales,Service,Up To 2MW,Mobile/Diesel/Gas,"
10305,Industrial/Commercial Sales & Service,00010208021002,Modern Group Power Systems, 66A South Gate Blvd.,,New Castle,DE ,19720,USA,,800-404-7291,"Sales,Service,Up To 2MW,Mobile/Diesel/Gas,"
10305,Industrial/Commercial Sales & Service,00010208021002,Modern Group Power Systems, 295 New Commerce Blvd.,,Wilkes Barre,PA ,18706,USA,,800-404-7291,"Sales,Service,Up To 2MW,Mobile/Diesel/Gas,"
10305,Industrial/Commercial Sales & Service,00010000931002,"EMERGENCY POWER SYSTEMS, LLC", 35 HAMILTON LANE,,GLENMONT,NY ,12077,USA,,800-914-1465,"Service,Up To 2MW,Mobile/Diesel/Gas,"
10305,Industrial/Commercial Sales & Service,00010000931002,"EMERGENCY POWER SYSTEMS, LLC", 35 HAMILTON LANE,,GLENMONT,NY ,12077,USA,,800-914-1465,"Service,"
10305,Industrial/Commercial Sales & Service,00010208021002,Modern Group Power Systems, 3480 Board Road,,York,PA ,17402,USA,,800-404-7291,"Sales,Service,Up To 2MW,Mobile/Diesel/Gas,"
10305,Industrial/Commercial Sales & Service,00010001731002,AUTHORIZED SERVICES OF NEW ENGLAND, 410 FOREST STREET,,MARLBOROUGH,MA ,01752,USA,,888-890-9886,"Sales,"
10305,Industrial/Commercial Sales & Service,00010001691002,Kelly Generator & Equipment, 1955 Dale Ln,,Owings,MD ,20736,USA,www.kge.com,410-257-5225,"Sales,Service,Up To 2MW,Mobile/Diesel/Gas,Training,Rental,"
10305,Industrial/Commercial Sales & Service,00010001761002,"GENSERVE, INC.", 100 NEWTOWN RD,,PLAINVIEW,NY ,11803,USA,www.genserveinc.com,631-435-0437,"Service,"
10305,Industrial/Commercial Sales & Service,00111209521002,LONG ISLAND EMERGENCY POWER -QO, 2 Ocean Avenue,,DEER PARK,NY ,11729,USA,,631-586-7513,"Sales,"
10305,Industrial/Commercial Sales & Service,00010139211002,POWERPRO SERVICE CO. INC., 608 JOHNSON AVE. UNIT 6,,BOHEMIA,NY ,11716,USA,,631-567-2700,"Sales,Service,Up To 600kW,Mobile/Diesel/Gas,"
10305,Industrial/Commercial Sales & Service,00010134071002,PEAK POWER SYSTEMS, 99 SPRAGUE AVENUE,,MIDDLETOWN,NY ,10940,USA,www.peakpowersystems.com,845-344-1975,"Sales,Service,Up To 600kW,Mobile/Diesel/Gas,Rental,"
10305,Industrial/Commercial Sales & Service,00010001761002,"GENSERVE, INC.", 115A TWINBRIDGE DR.,,PENNSAUKEN,NJ ,08110,USA,www.genserveinc.com,856-324-0459,"Service,"
10305,Industrial/Commercial Sales & Service,00111209531002,HUNTINGTON POWER - LONG ISLAND, PO BOX 2040,,SHELTON,CT ,06484,USA,,631-586-7513,"Sales,"
10305,Industrial/Commercial Sales & Service,00111184131002,HUNTER & LOMISON, 1956 W FOURTH ST,,WILLIAMSPORT,PA ,17701,USA,www.hunterlomison.com,570-326-1764,"Sales,Service,Up To 600kW,Mobile/Diesel/Gas,Rental,"
10305,Industrial/Commercial Sales & Service,00010000881002,HUNTER & LOMISON INC., 1956 W. 4TH STREET,,WILLIAMSPORT,PA ,17701,USA,www.hunterlomison.com,570-326-1764,"Service,Up To 600kW,Mobile/Diesel/Gas,"
10305,Industrial/Commercial Sales & Service,00010001621002,BROOKFIELD SERVICE, 708 GLEBE ROAD,,WESTMORELAND,NH ,03467,USA,www.brookfieldservice.com,802-485-6567,"Service,Up To 600kW,Mobile/Diesel/Gas,"
10305,Industrial/Commercial Sales & Service,00010021101002,SOUTH SHORE GENERATOR INC-Quote, 2696A CRANBERRY HWY,,WAREHAM,MA ,02571,USA,,508-295-7336,"Sales,Service,Up To 600kW,Mobile/Diesel/Gas,"
10305,Industrial/Commercial Sales & Service,00010001701002,SOUTH SHORE GENERATOR INC, ,,EAST WAREHAM,MA ,02538,USA,,508-295-7336,"Financing,Sales,Service,Up To 600kW,Mobile/Diesel/Gas,"
10305,Industrial/Commercial Sales & Service,00111207431002,WARSHAUER ELECTRIC SUPPLY CO INC, 800 SHREWSBURY AVE,,TINTON FALLS,NJ ,07724,USA,www.warshauer.com,732-741-6400,"Service,"
10305,Industrial/Commercial Sales & Service,00010157021002,Mechanical Service Co, 1145 Oak St.,,Pittston,PA ,18640,USA,,570-654-2445,"Service,"
10306,Industrial/Commercial Sales & Service,00010001611002,Huntington Power, 230 Long Hill Cross Rd,,Shelton,CT ,06484,USA,www.huntingtonpower.com,203-929-3203,"Sales,Service,Up To 2MW,Mobile/Diesel/Gas,Training,Rental,"
10306,Industrial/Commercial Sales & Service,00010214161002,"R.L. Kistler, Inc", 300 Mile Crossing Blvd.,,Rochester,NY ,14624,USA,rlkistler.com,585-436-1940,"Sales,"
10306,Industrial/Commercial Sales & Service,00010214161002,"R.L. KISTLER, INC.", 35 HAMILTON LANE,,GLENMONT,NY ,12077,USA,,585-436-1940,"Sales,Service,"
10306,Industrial/Commercial Sales & Service,00010001611002,Huntington Power, 68 Enter Ln,,Islandia,NY ,11749,USA,,631-563-4943,"Sales,Service,Up To 2MW,Mobile/Diesel/Gas,"
10306,Industrial/Commercial Sales & Service,00010001611002,Huntington Power, 34 E DUDLEY TOWN RD.,,BLOOMFIELD,CT ,06002,USA,,860-289-8790,"Sales,Service,Rental,"
10306,Industrial/Commercial Sales & Service,00010214161002,"R.L. Kistler, Inc", 5615 Business Ave.,,N. Syracuse,NY ,13208,USA,,315-458-2875,"Sales,"
10306,Industrial/Commercial Sales & Service,00010214161002,"R.L. Kistler, Inc", 5615 Business Ave.,,N. Syracuse,NY ,13208,USA,,315-458-2875,"Sales,"
10306,Industrial/Commercial Sales & Service,00010208021002,Modern Group Power Systems, 2501 Durham Road,,Bristol,PA ,19007,USA,www.moderngroup.com,800-404-7291,"Sales,Service,Up To 2MW,Mobile/Diesel/Gas,Training,Rental,"
10306,Industrial/Commercial Sales & Service,00010001731002,Authorized Services Of New England, 410 Forest Street,,Marlborough,MA ,01752,USA,www.asne.com,888-890-9886,"Financing,Sales,Service,Up To 2MW,Mobile/Diesel/Gas,Training,Rental,"
10306,Industrial/Commercial Sales & Service,00010008091002,MODERN HANDLING EQUIP, 75 NEW STREET,,EDISON,NJ ,08837,USA,www.moderngroup.com,800-779-5116,"Sales,Service,Up To 2MW,Mobile/Diesel/Gas,"
10306,Industrial/Commercial Sales & Service,00010208021002,Modern Group Power Systems, 200 Allied Parkway,,West Berlin,NJ ,08091,USA,,800-404-7291,"Sales,Service,Up To 2MW,Mobile/Diesel/Gas,"
10306,Industrial/Commercial Sales & Service,00010208021002,Modern Group Power Systems, 6352 Chapmans Rd,,Allentown,PA ,18106,USA,,800-404-7291,"Sales,Service,Up To 2MW,Mobile/Diesel/Gas,"
10306,Industrial/Commercial Sales & Service,00010208021002,Modern Group Power Systems, 66A South Gate Blvd.,,New Castle,DE ,19720,USA,,800-404-7291,"Sales,Service,Up To 2MW,Mobile/Diesel/Gas,"
10306,Industrial/Commercial Sales & Service,00010208021002,Modern Group Power Systems, 295 New Commerce Blvd.,,Wilkes Barre,PA ,18706,USA,,800-404-7291,"Sales,Service,Up To 2MW,Mobile/Diesel/Gas,"
10306,Industrial/Commercial Sales & Service,00010000931002,"EMERGENCY POWER SYSTEMS, LLC", 35 HAMILTON LANE,,GLENMONT,NY ,12077,USA,,800-914-1465,"Service,Up To 2MW,Mobile/Diesel/Gas,"
10306,Industrial/Commercial Sales & Service,00010000931002,"EMERGENCY POWER SYSTEMS, LLC", 35 HAMILTON LANE,,GLENMONT,NY ,12077,USA,,800-914-1465,"Service,"
10306,Industrial/Commercial Sales & Service,00010208021002,Modern Group Power Systems, 3480 Board Road,,York,PA ,17402,USA,,800-404-7291,"Sales,Service,Up To 2MW,Mobile/Diesel/Gas,"
10306,Industrial/Commercial Sales & Service,00010001731002,AUTHORIZED SERVICES OF NEW ENGLAND, 410 FOREST STREET,,MARLBOROUGH,MA ,01752,USA,,888-890-9886,"Sales,"
10306,Industrial/Commercial Sales & Service,00010001691002,Kelly Generator & Equipment, 1955 Dale Ln,,Owings,MD ,20736,USA,www.kge.com,410-257-5225,"Sales,Service,Up To 2MW,Mobile/Diesel/Gas,Training,Rental,"
10306,Industrial/Commercial Sales & Service,00010001761002,"GENSERVE, INC.", 100 NEWTOWN RD,,PLAINVIEW,NY ,11803,USA,www.genserveinc.com,631-435-0437,"Service,"
10306,Industrial/Commercial Sales & Service,00111209521002,LONG ISLAND EMERGENCY POWER -QO, 2 Ocean Avenue,,DEER PARK,NY ,11729,USA,,631-586-7513,"Sales,"
10306,Industrial/Commercial Sales & Service,00010139211002,POWERPRO SERVICE CO. INC., 608 JOHNSON AVE. UNIT 6,,BOHEMIA,NY ,11716,USA,,631-567-2700,"Sales,Service,Up To 600kW,Mobile/Diesel/Gas,"
10306,Industrial/Commercial Sales & Service,00010134071002,PEAK POWER SYSTEMS, 99 SPRAGUE AVENUE,,MIDDLETOWN,NY ,10940,USA,www.peakpowersystems.com,845-344-1975,"Sales,Service,Up To 600kW,Mobile/Diesel/Gas,Rental,"
10306,Industrial/Commercial Sales & Service,00010001761002,"GENSERVE, INC.", 115A TWINBRIDGE DR.,,PENNSAUKEN,NJ ,08110,USA,www.genserveinc.com,856-324-0459,"Service,"
10306,Industrial/Commercial Sales & Service,00111209531002,HUNTINGTON POWER - LONG ISLAND, PO BOX 2040,,SHELTON,CT ,06484,USA,,631-586-7513,"Sales,"
10306,Industrial/Commercial Sales & Service,00111184131002,HUNTER & LOMISON, 1956 W FOURTH ST,,WILLIAMSPORT,PA ,17701,USA,www.hunterlomison.com,570-326-1764,"Sales,Service,Up To 600kW,Mobile/Diesel/Gas,Rental,"
10306,Industrial/Commercial Sales & Service,00010000881002,HUNTER & LOMISON INC., 1956 W. 4TH STREET,,WILLIAMSPORT,PA ,17701,USA,www.hunterlomison.com,570-326-1764,"Service,Up To 600kW,Mobile/Diesel/Gas,"
10306,Industrial/Commercial Sales & Service,00010001621002,BROOKFIELD SERVICE, 708 GLEBE ROAD,,WESTMORELAND,NH ,03467,USA,www.brookfieldservice.com,802-485-6567,"Service,Up To 600kW,Mobile/Diesel/Gas,"
10306,Industrial/Commercial Sales & Service,00010021101002,SOUTH SHORE GENERATOR INC-Quote, 2696A CRANBERRY HWY,,WAREHAM,MA ,02571,USA,,508-295-7336,"Sales,Service,Up To 600kW,Mobile/Diesel/Gas,"
10306,Industrial/Commercial Sales & Service,00010001701002,SOUTH SHORE GENERATOR INC, ,,EAST WAREHAM,MA ,02538,USA,,508-295-7336,"Financing,Sales,Service,Up To 600kW,Mobile/Diesel/Gas,"
10306,Industrial/Commercial Sales & Service,00111207431002,WARSHAUER ELECTRIC SUPPLY CO INC, 800 SHREWSBURY AVE,,TINTON FALLS,NJ ,07724,USA,www.warshauer.com,732-741-6400,"Service,"
10306,Industrial/Commercial Sales & Service,00010157021002,Mechanical Service Co, 1145 Oak St.,,Pittston,PA ,18640,USA,,570-654-2445,"Service,"
10307,Industrial/Commercial Sales & Service,00010001611002,Huntington Power, 230 Long Hill Cross Rd,,Shelton,CT ,06484,USA,www.huntingtonpower.com,203-929-3203,"Sales,Service,Up To 2MW,Mobile/Diesel/Gas,Training,Rental,"
10307,Industrial/Commercial Sales & Service,00010214161002,"R.L. Kistler, Inc", 300 Mile Crossing Blvd.,,Rochester,NY ,14624,USA,rlkistler.com,585-436-1940,"Sales,"
10307,Industrial/Commercial Sales & Service,00010214161002,"R.L. KISTLER, INC.", 35 HAMILTON LANE,,GLENMONT,NY ,12077,USA,,585-436-1940,"Sales,Service,"
10307,Industrial/Commercial Sales & Service,00010001611002,Huntington Power, 68 Enter Ln,,Islandia,NY ,11749,USA,,631-563-4943,"Sales,Service,Up To 2MW,Mobile/Diesel/Gas,"
10307,Industrial/Commercial Sales & Service,00010001611002,Huntington Power, 34 E DUDLEY TOWN RD.,,BLOOMFIELD,CT ,06002,USA,,860-289-8790,"Sales,Service,Rental,"
10307,Industrial/Commercial Sales & Service,00010214161002,"R.L. Kistler, Inc", 5615 Business Ave.,,N. Syracuse,NY ,13208,USA,,315-458-2875,"Sales,"
10307,Industrial/Commercial Sales & Service,00010214161002,"R.L. Kistler, Inc", 5615 Business Ave.,,N. Syracuse,NY ,13208,USA,,315-458-2875,"Sales,"
10307,Industrial/Commercial Sales & Service,00010208021002,Modern Group Power Systems, 2501 Durham Road,,Bristol,PA ,19007,USA,www.moderngroup.com,800-404-7291,"Sales,Service,Up To 2MW,Mobile/Diesel/Gas,Training,Rental,"
10307,Industrial/Commercial Sales & Service,00010001731002,Authorized Services Of New England, 410 Forest Street,,Marlborough,MA ,01752,USA,www.asne.com,888-890-9886,"Financing,Sales,Service,Up To 2MW,Mobile/Diesel/Gas,Training,Rental,"
10307,Industrial/Commercial Sales & Service,00010008091002,MODERN HANDLING EQUIP, 75 NEW STREET,,EDISON,NJ ,08837,USA,www.moderngroup.com,800-779-5116,"Sales,Service,Up To 2MW,Mobile/Diesel/Gas,"
10307,Industrial/Commercial Sales & Service,00010208021002,Modern Group Power Systems, 200 Allied Parkway,,West Berlin,NJ ,08091,USA,,800-404-7291,"Sales,Service,Up To 2MW,Mobile/Diesel/Gas,"
10307,Industrial/Commercial Sales & Service,00010208021002,Modern Group Power Systems, 6352 Chapmans Rd,,Allentown,PA ,18106,USA,,800-404-7291,"Sales,Service,Up To 2MW,Mobile/Diesel/Gas,"
10307,Industrial/Commercial Sales & Service,00010208021002,Modern Group Power Systems, 66A South Gate Blvd.,,New Castle,DE ,19720,USA,,800-404-7291,"Sales,Service,Up To 2MW,Mobile/Diesel/Gas,"
10307,Industrial/Commercial Sales & Service,00010208021002,Modern Group Power Systems, 295 New Commerce Blvd.,,Wilkes Barre,PA ,18706,USA,,800-404-7291,"Sales,Service,Up To 2MW,Mobile/Diesel/Gas,"
10307,Industrial/Commercial Sales & Service,00010208021002,Modern Group Power Systems, 3480 Board Road,,York,PA ,17402,USA,,800-404-7291,"Sales,Service,Up To 2MW,Mobile/Diesel/Gas,"
10307,Industrial/Commercial Sales & Service,00010000931002,"EMERGENCY POWER SYSTEMS, LLC", 35 HAMILTON LANE,,GLENMONT,NY ,12077,USA,,800-914-1465,"Service,Up To 2MW,Mobile/Diesel/Gas,"
10307,Industrial/Commercial Sales & Service,00010000931002,"EMERGENCY POWER SYSTEMS, LLC", 35 HAMILTON LANE,,GLENMONT,NY ,12077,USA,,800-914-1465,"Service,"
10307,Industrial/Commercial Sales & Service,00010001691002,Kelly Generator & Equipment, 1955 Dale Ln,,Owings,MD ,20736,USA,www.kge.com,410-257-5225,"Sales,Service,Up To 2MW,Mobile/Diesel/Gas,Training,Rental,"
10307,Industrial/Commercial Sales & Service,00010001731002,AUTHORIZED SERVICES OF NEW ENGLAND, 410 FOREST STREET,,MARLBOROUGH,MA ,01752,USA,,888-890-9886,"Sales,"
10307,Industrial/Commercial Sales & Service,00010001761002,"GENSERVE, INC.", 100 NEWTOWN RD,,PLAINVIEW,NY ,11803,USA,www.genserveinc.com,631-435-0437,"Service,"
10307,Industrial/Commercial Sales & Service,00111209521002,LONG ISLAND EMERGENCY POWER -QO, 2 Ocean Avenue,,DEER PARK,NY ,11729,USA,,631-586-7513,"Sales,"
10307,Industrial/Commercial Sales & Service,00010001761002,"GENSERVE, INC.", 115A TWINBRIDGE DR.,,PENNSAUKEN,NJ ,08110,USA,www.genserveinc.com,856-324-0459,"Service,"
10307,Industrial/Commercial Sales & Service,00010139211002,POWERPRO SERVICE CO. INC., 608 JOHNSON AVE. UNIT 6,,BOHEMIA,NY ,11716,USA,,631-567-2700,"Sales,Service,Up To 600kW,Mobile/Diesel/Gas,"
10307,Industrial/Commercial Sales & Service,00010134071002,PEAK POWER SYSTEMS, 99 SPRAGUE AVENUE,,MIDDLETOWN,NY ,10940,USA,www.peakpowersystems.com,845-344-1975,"Sales,Service,Up To 600kW,Mobile/Diesel/Gas,Rental,"
10307,Industrial/Commercial Sales & Service,00111209531002,HUNTINGTON POWER - LONG ISLAND, PO BOX 2040,,SHELTON,CT ,06484,USA,,631-586-7513,"Sales,"
10307,Industrial/Commercial Sales & Service,00111184131002,HUNTER & LOMISON, 1956 W FOURTH ST,,WILLIAMSPORT,PA ,17701,USA,www.hunterlomison.com,570-326-1764,"Sales,Service,Up To 600kW,Mobile/Diesel/Gas,Rental,"
10307,Industrial/Commercial Sales & Service,00010000881002,HUNTER & LOMISON INC., 1956 W. 4TH STREET,,WILLIAMSPORT,PA ,17701,USA,www.hunterlomison.com,570-326-1764,"Service,Up To 600kW,Mobile/Diesel/Gas,"
10307,Industrial/Commercial Sales & Service,00010001621002,BROOKFIELD SERVICE, 708 GLEBE ROAD,,WESTMORELAND,NH ,03467,USA,www.brookfieldservice.com,802-485-6567,"Service,Up To 600kW,Mobile/Diesel/Gas,"
10307,Industrial/Commercial Sales & Service,00111207431002,WARSHAUER ELECTRIC SUPPLY CO INC, 800 SHREWSBURY AVE,,TINTON FALLS,NJ ,07724,USA,www.warshauer.com,732-741-6400,"Service,"
10307,Industrial/Commercial Sales & Service,00010157021002,Mechanical Service Co, 1145 Oak St.,,Pittston,PA ,18640,USA,,570-654-2445,"Service,"
10308,Industrial/Commercial Sales & Service,00010001611002,Huntington Power, 230 Long Hill Cross Rd,,Shelton,CT ,06484,USA,www.huntingtonpower.com,203-929-3203,"Sales,Service,Up To 2MW,Mobile/Diesel/Gas,Training,Rental,"
10308,Industrial/Commercial Sales & Service,00010214161002,"R.L. Kistler, Inc", 300 Mile Crossing Blvd.,,Rochester,NY ,14624,USA,rlkistler.com,585-436-1940,"Sales,"
10308,Industrial/Commercial Sales & Service,00010214161002,"R.L. KISTLER, INC.", 35 HAMILTON LANE,,GLENMONT,NY ,12077,USA,,585-436-1940,"Sales,Service,"
10308,Industrial/Commercial Sales & Service,00010001611002,Huntington Power, 68 Enter Ln,,Islandia,NY ,11749,USA,,631-563-4943,"Sales,Service,Up To 2MW,Mobile/Diesel/Gas,"
10308,Industrial/Commercial Sales & Service,00010001611002,Huntington Power, 34 E DUDLEY TOWN RD.,,BLOOMFIELD,CT ,06002,USA,,860-289-8790,"Sales,Service,Rental,"
10308,Industrial/Commercial Sales & Service,00010214161002,"R.L. Kistler, Inc", 5615 Business Ave.,,N. Syracuse,NY ,13208,USA,,315-458-2875,"Sales,"
10308,Industrial/Commercial Sales & Service,00010214161002,"R.L. Kistler, Inc", 5615 Business Ave.,,N. Syracuse,NY ,13208,USA,,315-458-2875,"Sales,"
10308,Industrial/Commercial Sales & Service,00010208021002,Modern Group Power Systems, 2501 Durham Road,,Bristol,PA ,19007,USA,www.moderngroup.com,800-404-7291,"Sales,Service,Up To 2MW,Mobile/Diesel/Gas,Training,Rental,"
10308,Industrial/Commercial Sales & Service,00010001731002,Authorized Services Of New England, 410 Forest Street,,Marlborough,MA ,01752,USA,www.asne.com,888-890-9886,"Financing,Sales,Service,Up To 2MW,Mobile/Diesel/Gas,Training,Rental,"
10308,Industrial/Commercial Sales & Service,00010008091002,MODERN HANDLING EQUIP, 75 NEW STREET,,EDISON,NJ ,08837,USA,www.moderngroup.com,800-779-5116,"Sales,Service,Up To 2MW,Mobile/Diesel/Gas,"
10308,Industrial/Commercial Sales & Service,00010208021002,Modern Group Power Systems, 200 Allied Parkway,,West Berlin,NJ ,08091,USA,,800-404-7291,"Sales,Service,Up To 2MW,Mobile/Diesel/Gas,"
10308,Industrial/Commercial Sales & Service,00010208021002,Modern Group Power Systems, 6352 Chapmans Rd,,Allentown,PA ,18106,USA,,800-404-7291,"Sales,Service,Up To 2MW,Mobile/Diesel/Gas,"
10308,Industrial/Commercial Sales & Service,00010208021002,Modern Group Power Systems, 66A South Gate Blvd.,,New Castle,DE ,19720,USA,,800-404-7291,"Sales,Service,Up To 2MW,Mobile/Diesel/Gas,"
10308,Industrial/Commercial Sales & Service,00010208021002,Modern Group Power Systems, 295 New Commerce Blvd.,,Wilkes Barre,PA ,18706,USA,,800-404-7291,"Sales,Service,Up To 2MW,Mobile/Diesel/Gas,"
10308,Industrial/Commercial Sales & Service,00010208021002,Modern Group Power Systems, 3480 Board Road,,York,PA ,17402,USA,,800-404-7291,"Sales,Service,Up To 2MW,Mobile/Diesel/Gas,"
10308,Industrial/Commercial Sales & Service,00010000931002,"EMERGENCY POWER SYSTEMS, LLC", 35 HAMILTON LANE,,GLENMONT,NY ,12077,USA,,800-914-1465,"Service,Up To 2MW,Mobile/Diesel/Gas,"
10308,Industrial/Commercial Sales & Service,00010000931002,"EMERGENCY POWER SYSTEMS, LLC", 35 HAMILTON LANE,,GLENMONT,NY ,12077,USA,,800-914-1465,"Service,"
10308,Industrial/Commercial Sales & Service,00010001731002,AUTHORIZED SERVICES OF NEW ENGLAND, 410 FOREST STREET,,MARLBOROUGH,MA ,01752,USA,,888-890-9886,"Sales,"
10308,Industrial/Commercial Sales & Service,00010001691002,Kelly Generator & Equipment, 1955 Dale Ln,,Owings,MD ,20736,USA,www.kge.com,410-257-5225,"Sales,Service,Up To 2MW,Mobile/Diesel/Gas,Training,Rental,"
10308,Industrial/Commercial Sales & Service,00010001761002,"GENSERVE, INC.", 100 NEWTOWN RD,,PLAINVIEW,NY ,11803,USA,www.genserveinc.com,631-435-0437,"Service,"
10308,Industrial/Commercial Sales & Service,00111209521002,LONG ISLAND EMERGENCY POWER -QO, 2 Ocean Avenue,,DEER PARK,NY ,11729,USA,,631-586-7513,"Sales,"
10308,Industrial/Commercial Sales & Service,00010139211002,POWERPRO SERVICE CO. INC., 608 JOHNSON AVE. UNIT 6,,BOHEMIA,NY ,11716,USA,,631-567-2700,"Sales,Service,Up To 600kW,Mobile/Diesel/Gas,"
10308,Industrial/Commercial Sales & Service,00010001761002,"GENSERVE, INC.", 115A TWINBRIDGE DR.,,PENNSAUKEN,NJ ,08110,USA,www.genserveinc.com,856-324-0459,"Service,"
10308,Industrial/Commercial Sales & Service,00010134071002,PEAK POWER SYSTEMS, 99 SPRAGUE AVENUE,,MIDDLETOWN,NY ,10940,USA,www.peakpowersystems.com,845-344-1975,"Sales,Service,Up To 600kW,Mobile/Diesel/Gas,Rental,"
10308,Industrial/Commercial Sales & Service,00111209531002,HUNTINGTON POWER - LONG ISLAND, PO BOX 2040,,SHELTON,CT ,06484,USA,,631-586-7513,"Sales,"
10308,Industrial/Commercial Sales & Service,00111184131002,HUNTER & LOMISON, 1956 W FOURTH ST,,WILLIAMSPORT,PA ,17701,USA,www.hunterlomison.com,570-326-1764,"Sales,Service,Up To 600kW,Mobile/Diesel/Gas,Rental,"
10308,Industrial/Commercial Sales & Service,00010000881002,HUNTER & LOMISON INC., 1956 W. 4TH STREET,,WILLIAMSPORT,PA ,17701,USA,www.hunterlomison.com,570-326-1764,"Service,Up To 600kW,Mobile/Diesel/Gas,"
10308,Industrial/Commercial Sales & Service,00010001621002,BROOKFIELD SERVICE, 708 GLEBE ROAD,,WESTMORELAND,NH ,03467,USA,www.brookfieldservice.com,802-485-6567,"Service,Up To 600kW,Mobile/Diesel/Gas,"
10308,Industrial/Commercial Sales & Service,00010021101002,SOUTH SHORE GENERATOR INC-Quote, 2696A CRANBERRY HWY,,WAREHAM,MA ,02571,USA,,508-295-7336,"Sales,Service,Up To 600kW,Mobile/Diesel/Gas,"
10308,Industrial/Commercial Sales & Service,00111207431002,WARSHAUER ELECTRIC SUPPLY CO INC, 800 SHREWSBURY AVE,,TINTON FALLS,NJ ,07724,USA,www.warshauer.com,732-741-6400,"Service,"
10308,Industrial/Commercial Sales & Service,00010157021002,Mechanical Service Co, 1145 Oak St.,,Pittston,PA ,18640,USA,,570-654-2445,"Service,"
10309,Industrial/Commercial Sales & Service,00010001611002,Huntington Power, 230 Long Hill Cross Rd,,Shelton,CT ,06484,USA,www.huntingtonpower.com,203-929-3203,"Sales,Service,Up To 2MW,Mobile/Diesel/Gas,Training,Rental,"
10309,Industrial/Commercial Sales & Service,00010214161002,"R.L. KISTLER, INC.", 35 HAMILTON LANE,,GLENMONT,NY ,12077,USA,,585-436-1940,"Sales,Service,"
10309,Industrial/Commercial Sales & Service,00010214161002,"R.L. Kistler, Inc", 300 Mile Crossing Blvd.,,Rochester,NY ,14624,USA,rlkistler.com,585-436-1940,"Sales,"
10309,Industrial/Commercial Sales & Service,00010001611002,Huntington Power, 68 Enter Ln,,Islandia,NY ,11749,USA,,631-563-4943,"Sales,Service,Up To 2MW,Mobile/Diesel/Gas,"
10309,Industrial/Commercial Sales & Service,00010001611002,Huntington Power, 34 E DUDLEY TOWN RD.,,BLOOMFIELD,CT ,06002,USA,,860-289-8790,"Sales,Service,Rental,"
10309,Industrial/Commercial Sales & Service,00010214161002,"R.L. Kistler, Inc", 5615 Business Ave.,,N. Syracuse,NY ,13208,USA,,315-458-2875,"Sales,"
10309,Industrial/Commercial Sales & Service,00010214161002,"R.L. Kistler, Inc", 5615 Business Ave.,,N. Syracuse,NY ,13208,USA,,315-458-2875,"Sales,"
10309,Industrial/Commercial Sales & Service,00010208021002,Modern Group Power Systems, 2501 Durham Road,,Bristol,PA ,19007,USA,www.moderngroup.com,800-404-7291,"Sales,Service,Up To 2MW,Mobile/Diesel/Gas,Training,Rental,"
10309,Industrial/Commercial Sales & Service,00010001731002,Authorized Services Of New England, 410 Forest Street,,Marlborough,MA ,01752,USA,www.asne.com,888-890-9886,"Financing,Sales,Service,Up To 2MW,Mobile/Diesel/Gas,Training,Rental,"
10309,Industrial/Commercial Sales & Service,00010008091002,MODERN HANDLING EQUIP, 75 NEW STREET,,EDISON,NJ ,08837,USA,www.moderngroup.com,800-779-5116,"Sales,Service,Up To 2MW,Mobile/Diesel/Gas,"
10309,Industrial/Commercial Sales & Service,00010208021002,Modern Group Power Systems, 200 Allied Parkway,,West Berlin,NJ ,08091,USA,,800-404-7291,"Sales,Service,Up To 2MW,Mobile/Diesel/Gas,"
10309,Industrial/Commercial Sales & Service,00010208021002,Modern Group Power Systems, 6352 Chapmans Rd,,Allentown,PA ,18106,USA,,800-404-7291,"Sales,Service,Up To 2MW,Mobile/Diesel/Gas,"
10309,Industrial/Commercial Sales & Service,00010208021002,Modern Group Power Systems, 66A South Gate Blvd.,,New Castle,DE ,19720,USA,,800-404-7291,"Sales,Service,Up To 2MW,Mobile/Diesel/Gas,"
10309,Industrial/Commercial Sales & Service,00010208021002,Modern Group Power Systems, 295 New Commerce Blvd.,,Wilkes Barre,PA ,18706,USA,,800-404-7291,"Sales,Service,Up To 2MW,Mobile/Diesel/Gas,"
10309,Industrial/Commercial Sales & Service,00010208021002,Modern Group Power Systems, 3480 Board Road,,York,PA ,17402,USA,,800-404-7291,"Sales,Service,Up To 2MW,Mobile/Diesel/Gas,"
10309,Industrial/Commercial Sales & Service,00010000931002,"EMERGENCY POWER SYSTEMS, LLC", 35 HAMILTON LANE,,GLENMONT,NY ,12077,USA,,800-914-1465,"Service,Up To 2MW,Mobile/Diesel/Gas,"
10309,Industrial/Commercial Sales & Service,00010000931002,"EMERGENCY POWER SYSTEMS, LLC", 35 HAMILTON LANE,,GLENMONT,NY ,12077,USA,,800-914-1465,"Service,"
10309,Industrial/Commercial Sales & Service,00010001691002,Kelly Generator & Equipment, 1955 Dale Ln,,Owings,MD ,20736,USA,www.kge.com,410-257-5225,"Sales,Service,Up To 2MW,Mobile/Diesel/Gas,Training,Rental,"
10309,Industrial/Commercial Sales & Service,00010001731002,AUTHORIZED SERVICES OF NEW ENGLAND, 410 FOREST STREET,,MARLBOROUGH,MA ,01752,USA,,888-890-9886,"Sales,"
10309,Industrial/Commercial Sales & Service,00010001761002,"GENSERVE, INC.", 100 NEWTOWN RD,,PLAINVIEW,NY ,11803,USA,www.genserveinc.com,631-435-0437,"Service,"
10309,Industrial/Commercial Sales & Service,00111209521002,LONG ISLAND EMERGENCY POWER -QO, 2 Ocean Avenue,,DEER PARK,NY ,11729,USA,,631-586-7513,"Sales,"
10309,Industrial/Commercial Sales & Service,00010001761002,"GENSERVE, INC.", 115A TWINBRIDGE DR.,,PENNSAUKEN,NJ ,08110,USA,www.genserveinc.com,856-324-0459,"Service,"
10309,Industrial/Commercial Sales & Service,00010139211002,POWERPRO SERVICE CO. INC., 608 JOHNSON AVE. UNIT 6,,BOHEMIA,NY ,11716,USA,,631-567-2700,"Sales,Service,Up To 600kW,Mobile/Diesel/Gas,"
10309,Industrial/Commercial Sales & Service,00010134071002,PEAK POWER SYSTEMS, 99 SPRAGUE AVENUE,,MIDDLETOWN,NY ,10940,USA,www.peakpowersystems.com,845-344-1975,"Sales,Service,Up To 600kW,Mobile/Diesel/Gas,Rental,"
10309,Industrial/Commercial Sales & Service,00111209531002,HUNTINGTON POWER - LONG ISLAND, PO BOX 2040,,SHELTON,CT ,06484,USA,,631-586-7513,"Sales,"
10309,Industrial/Commercial Sales & Service,00111184131002,HUNTER & LOMISON, 1956 W FOURTH ST,,WILLIAMSPORT,PA ,17701,USA,www.hunterlomison.com,570-326-1764,"Sales,Service,Up To 600kW,Mobile/Diesel/Gas,Rental,"
10309,Industrial/Commercial Sales & Service,00010000881002,HUNTER & LOMISON INC., 1956 W. 4TH STREET,,WILLIAMSPORT,PA ,17701,USA,www.hunterlomison.com,570-326-1764,"Service,Up To 600kW,Mobile/Diesel/Gas,"
10309,Industrial/Commercial Sales & Service,00010001621002,BROOKFIELD SERVICE, 708 GLEBE ROAD,,WESTMORELAND,NH ,03467,USA,www.brookfieldservice.com,802-485-6567,"Service,Up To 600kW,Mobile/Diesel/Gas,"
10309,Industrial/Commercial Sales & Service,00111207431002,WARSHAUER ELECTRIC SUPPLY CO INC, 800 SHREWSBURY AVE,,TINTON FALLS,NJ ,07724,USA,www.warshauer.com,732-741-6400,"Service,"
10309,Industrial/Commercial Sales & Service,00010157021002,Mechanical Service Co, 1145 Oak St.,,Pittston,PA ,18640,USA,,570-654-2445,"Service,"
10310,Industrial/Commercial Sales & Service,00010001611002,Huntington Power, 230 Long Hill Cross Rd,,Shelton,CT ,06484,USA,www.huntingtonpower.com,203-929-3203,"Sales,Service,Up To 2MW,Mobile/Diesel/Gas,Training,Rental,"
10310,Industrial/Commercial Sales & Service,00010214161002,"R.L. Kistler, Inc", 300 Mile Crossing Blvd.,,Rochester,NY ,14624,USA,rlkistler.com,585-436-1940,"Sales,"
10310,Industrial/Commercial Sales & Service,00010214161002,"R.L. KISTLER, INC.", 35 HAMILTON LANE,,GLENMONT,NY ,12077,USA,,585-436-1940,"Sales,Service,"
10310,Industrial/Commercial Sales & Service,00010001611002,Huntington Power, 68 Enter Ln,,Islandia,NY ,11749,USA,,631-563-4943,"Sales,Service,Up To 2MW,Mobile/Diesel/Gas,"
10310,Industrial/Commercial Sales & Service,00010001611002,Huntington Power, 34 E DUDLEY TOWN RD.,,BLOOMFIELD,CT ,06002,USA,,860-289-8790,"Sales,Service,Rental,"
10310,Industrial/Commercial Sales & Service,00010214161002,"R.L. Kistler, Inc", 5615 Business Ave.,,N. Syracuse,NY ,13208,USA,,315-458-2875,"Sales,"
10310,Industrial/Commercial Sales & Service,00010214161002,"R.L. Kistler, Inc", 5615 Business Ave.,,N. Syracuse,NY ,13208,USA,,315-458-2875,"Sales,"
10310,Industrial/Commercial Sales & Service,00010208021002,Modern Group Power Systems, 2501 Durham Road,,Bristol,PA ,19007,USA,www.moderngroup.com,800-404-7291,"Sales,Service,Up To 2MW,Mobile/Diesel/Gas,Training,Rental,"
10310,Industrial/Commercial Sales & Service,00010001731002,Authorized Services Of New England, 410 Forest Street,,Marlborough,MA ,01752,USA,www.asne.com,888-890-9886,"Financing,Sales,Service,Up To 2MW,Mobile/Diesel/Gas,Training,Rental,"
10310,Industrial/Commercial Sales & Service,00010008091002,MODERN HANDLING EQUIP, 75 NEW STREET,,EDISON,NJ ,08837,USA,www.moderngroup.com,800-779-5116,"Sales,Service,Up To 2MW,Mobile/Diesel/Gas,"
10310,Industrial/Commercial Sales & Service,00010208021002,Modern Group Power Systems, 200 Allied Parkway,,West Berlin,NJ ,08091,USA,,800-404-7291,"Sales,Service,Up To 2MW,Mobile/Diesel/Gas,"
10310,Industrial/Commercial Sales & Service,00010208021002,Modern Group Power Systems, 6352 Chapmans Rd,,Allentown,PA ,18106,USA,,800-404-7291,"Sales,Service,Up To 2MW,Mobile/Diesel/Gas,"
10310,Industrial/Commercial Sales & Service,00010208021002,Modern Group Power Systems, 295 New Commerce Blvd.,,Wilkes Barre,PA ,18706,USA,,800-404-7291,"Sales,Service,Up To 2MW,Mobile/Diesel/Gas,"
10310,Industrial/Commercial Sales & Service,00010208021002,Modern Group Power Systems, 66A South Gate Blvd.,,New Castle,DE ,19720,USA,,800-404-7291,"Sales,Service,Up To 2MW,Mobile/Diesel/Gas,"
10310,Industrial/Commercial Sales & Service,00010000931002,"EMERGENCY POWER SYSTEMS, LLC", 35 HAMILTON LANE,,GLENMONT,NY ,12077,USA,,800-914-1465,"Service,Up To 2MW,Mobile/Diesel/Gas,"
10310,Industrial/Commercial Sales & Service,00010000931002,"EMERGENCY POWER SYSTEMS, LLC", 35 HAMILTON LANE,,GLENMONT,NY ,12077,USA,,800-914-1465,"Service,"
10310,Industrial/Commercial Sales & Service,00010208021002,Modern Group Power Systems, 3480 Board Road,,York,PA ,17402,USA,,800-404-7291,"Sales,Service,Up To 2MW,Mobile/Diesel/Gas,"
10310,Industrial/Commercial Sales & Service,00010001731002,AUTHORIZED SERVICES OF NEW ENGLAND, 410 FOREST STREET,,MARLBOROUGH,MA ,01752,USA,,888-890-9886,"Sales,"
10310,Industrial/Commercial Sales & Service,00010001691002,Kelly Generator & Equipment, 1955 Dale Ln,,Owings,MD ,20736,USA,www.kge.com,410-257-5225,"Sales,Service,Up To 2MW,Mobile/Diesel/Gas,Training,Rental,"
10310,Industrial/Commercial Sales & Service,00010001761002,"GENSERVE, INC.", 100 NEWTOWN RD,,PLAINVIEW,NY ,11803,USA,www.genserveinc.com,631-435-0437,"Service,"
10310,Industrial/Commercial Sales & Service,00111209521002,LONG ISLAND EMERGENCY POWER -QO, 2 Ocean Avenue,,DEER PARK,NY ,11729,USA,,631-586-7513,"Sales,"
10310,Industrial/Commercial Sales & Service,00010139211002,POWERPRO SERVICE CO. INC., 608 JOHNSON AVE. UNIT 6,,BOHEMIA,NY ,11716,USA,,631-567-2700,"Sales,Service,Up To 600kW,Mobile/Diesel/Gas,"
10310,Industrial/Commercial Sales & Service,00010134071002,PEAK POWER SYSTEMS, 99 SPRAGUE AVENUE,,MIDDLETOWN,NY ,10940,USA,www.peakpowersystems.com,845-344-1975,"Sales,Service,Up To 600kW,Mobile/Diesel/Gas,Rental,"
10310,Industrial/Commercial Sales & Service,00010001761002,"GENSERVE, INC.", 115A TWINBRIDGE DR.,,PENNSAUKEN,NJ ,08110,USA,www.genserveinc.com,856-324-0459,"Service,"
10310,Industrial/Commercial Sales & Service,00111209531002,HUNTINGTON POWER - LONG ISLAND, PO BOX 2040,,SHELTON,CT ,06484,USA,,631-586-7513,"Sales,"
10310,Industrial/Commercial Sales & Service,00111184131002,HUNTER & LOMISON, 1956 W FOURTH ST,,WILLIAMSPORT,PA ,17701,USA,www.hunterlomison.com,570-326-1764,"Sales,Service,Up To 600kW,Mobile/Diesel/Gas,Rental,"
10310,Industrial/Commercial Sales & Service,00010000881002,HUNTER & LOMISON INC., 1956 W. 4TH STREET,,WILLIAMSPORT,PA ,17701,USA,www.hunterlomison.com,570-326-1764,"Service,Up To 600kW,Mobile/Diesel/Gas,"
10310,Industrial/Commercial Sales & Service,00010001621002,BROOKFIELD SERVICE, 708 GLEBE ROAD,,WESTMORELAND,NH ,03467,USA,www.brookfieldservice.com,802-485-6567,"Service,Up To 600kW,Mobile/Diesel/Gas,"
10310,Industrial/Commercial Sales & Service,00010021101002,SOUTH SHORE GENERATOR INC-Quote, 2696A CRANBERRY HWY,,WAREHAM,MA ,02571,USA,,508-295-7336,"Sales,Service,Up To 600kW,Mobile/Diesel/Gas,"
10310,Industrial/Commercial Sales & Service,00010001701002,SOUTH SHORE GENERATOR INC, ,,EAST WAREHAM,MA ,02538,USA,,508-295-7336,"Financing,Sales,Service,Up To 600kW,Mobile/Diesel/Gas,"
10310,Industrial/Commercial Sales & Service,00111207431002,WARSHAUER ELECTRIC SUPPLY CO INC, 800 SHREWSBURY AVE,,TINTON FALLS,NJ ,07724,USA,www.warshauer.com,732-741-6400,"Service,"
10310,Industrial/Commercial Sales & Service,00010157021002,Mechanical Service Co, 1145 Oak St.,,Pittston,PA ,18640,USA,,570-654-2445,"Service,"
10311,Industrial/Commercial Sales & Service,00010214161002,"R.L. Kistler, Inc", 300 Mile Crossing Blvd.,,Rochester,NY ,14624,USA,rlkistler.com,585-436-1940,"Sales,"
10311,Industrial/Commercial Sales & Service,00010214161002,"R.L. KISTLER, INC.", 35 HAMILTON LANE,,GLENMONT,NY ,12077,USA,,585-436-1940,"Sales,Service,"
10311,Industrial/Commercial Sales & Service,00010001611002,Huntington Power, 230 Long Hill Cross Rd,,Shelton,CT ,06484,USA,www.huntingtonpower.com,203-929-3203,"Sales,Service,Up To 2MW,Mobile/Diesel/Gas,Training,Rental,"
10311,Industrial/Commercial Sales & Service,00010214161002,"R.L. Kistler, Inc", 5615 Business Ave.,,N. Syracuse,NY ,13208,USA,,315-458-2875,"Sales,"
10311,Industrial/Commercial Sales & Service,00010214161002,"R.L. Kistler, Inc", 5615 Business Ave.,,N. Syracuse,NY ,13208,USA,,315-458-2875,"Sales,"
10311,Industrial/Commercial Sales & Service,00010001611002,Huntington Power, 68 Enter Ln,,Islandia,NY ,11749,USA,,631-563-4943,"Sales,Service,Up To 2MW,Mobile/Diesel/Gas,"
10311,Industrial/Commercial Sales & Service,00010001611002,Huntington Power, 34 E DUDLEY TOWN RD.,,BLOOMFIELD,CT ,06002,USA,,860-289-8790,"Sales,Service,Rental,"
10311,Industrial/Commercial Sales & Service,00010208021002,Modern Group Power Systems, 2501 Durham Road,,Bristol,PA ,19007,USA,www.moderngroup.com,800-404-7291,"Sales,Service,Up To 2MW,Mobile/Diesel/Gas,Training,Rental,"
10311,Industrial/Commercial Sales & Service,00010001731002,Authorized Services Of New England, 410 Forest Street,,Marlborough,MA ,01752,USA,www.asne.com,888-890-9886,"Financing,Sales,Service,Up To 2MW,Mobile/Diesel/Gas,Training,Rental,"
10311,Industrial/Commercial Sales & Service,00010008091002,MODERN HANDLING EQUIP, 75 NEW STREET,,EDISON,NJ ,08837,USA,www.moderngroup.com,800-779-5116,"Sales,Service,Up To 2MW,Mobile/Diesel/Gas,"
10311,Industrial/Commercial Sales & Service,00010208021002,Modern Group Power Systems, 200 Allied Parkway,,West Berlin,NJ ,08091,USA,,800-404-7291,"Sales,Service,Up To 2MW,Mobile/Diesel/Gas,"
10311,Industrial/Commercial Sales & Service,00010208021002,Modern Group Power Systems, 6352 Chapmans Rd,,Allentown,PA ,18106,USA,,800-404-7291,"Sales,Service,Up To 2MW,Mobile/Diesel/Gas,"
10311,Industrial/Commercial Sales & Service,00010208021002,Modern Group Power Systems, 66A South Gate Blvd.,,New Castle,DE ,19720,USA,,800-404-7291,"Sales,Service,Up To 2MW,Mobile/Diesel/Gas,"
10311,Industrial/Commercial Sales & Service,00010208021002,Modern Group Power Systems, 295 New Commerce Blvd.,,Wilkes Barre,PA ,18706,USA,,800-404-7291,"Sales,Service,Up To 2MW,Mobile/Diesel/Gas,"
10311,Industrial/Commercial Sales & Service,00010000931002,"EMERGENCY POWER SYSTEMS, LLC", 35 HAMILTON LANE,,GLENMONT,NY ,12077,USA,,800-914-1465,"Service,Up To 2MW,Mobile/Diesel/Gas,"
10311,Industrial/Commercial Sales & Service,00010000931002,"EMERGENCY POWER SYSTEMS, LLC", 35 HAMILTON LANE,,GLENMONT,NY ,12077,USA,,800-914-1465,"Service,"
10311,Industrial/Commercial Sales & Service,00010208021002,Modern Group Power Systems, 3480 Board Road,,York,PA ,17402,USA,,800-404-7291,"Sales,Service,Up To 2MW,Mobile/Diesel/Gas,"
10311,Industrial/Commercial Sales & Service,00010001731002,AUTHORIZED SERVICES OF NEW ENGLAND, 410 FOREST STREET,,MARLBOROUGH,MA ,01752,USA,,888-890-9886,"Sales,"
10311,Industrial/Commercial Sales & Service,00010001691002,Kelly Generator & Equipment, 1955 Dale Ln,,Owings,MD ,20736,USA,www.kge.com,410-257-5225,"Sales,Service,Up To 2MW,Mobile/Diesel/Gas,Training,Rental,"
10311,Industrial/Commercial Sales & Service,00010001761002,"GENSERVE, INC.", 100 NEWTOWN RD,,PLAINVIEW,NY ,11803,USA,www.genserveinc.com,631-435-0437,"Service,"
10311,Industrial/Commercial Sales & Service,00111209521002,LONG ISLAND EMERGENCY POWER -QO, 2 Ocean Avenue,,DEER PARK,NY ,11729,USA,,631-586-7513,"Sales,"
10311,Industrial/Commercial Sales & Service,00010139211002,POWERPRO SERVICE CO. INC., 608 JOHNSON AVE. UNIT 6,,BOHEMIA,NY ,11716,USA,,631-567-2700,"Sales,Service,Up To 600kW,Mobile/Diesel/Gas,"
10311,Industrial/Commercial Sales & Service,00010134071002,PEAK POWER SYSTEMS, 99 SPRAGUE AVENUE,,MIDDLETOWN,NY ,10940,USA,www.peakpowersystems.com,845-344-1975,"Sales,Service,Up To 600kW,Mobile/Diesel/Gas,Rental,"
10311,Industrial/Commercial Sales & Service,00010001761002,"GENSERVE, INC.", 115A TWINBRIDGE DR.,,PENNSAUKEN,NJ ,08110,USA,www.genserveinc.com,856-324-0459,"Service,"
10311,Industrial/Commercial Sales & Service,00111209531002,HUNTINGTON POWER - LONG ISLAND, PO BOX 2040,,SHELTON,CT ,06484,USA,,631-586-7513,"Sales,"
10311,Industrial/Commercial Sales & Service,00111184131002,HUNTER & LOMISON, 1956 W FOURTH ST,,WILLIAMSPORT,PA ,17701,USA,www.hunterlomison.com,570-326-1764,"Sales,Service,Up To 600kW,Mobile/Diesel/Gas,Rental,"
10311,Industrial/Commercial Sales & Service,00010000881002,HUNTER & LOMISON INC., 1956 W. 4TH STREET,,WILLIAMSPORT,PA ,17701,USA,www.hunterlomison.com,570-326-1764,"Service,Up To 600kW,Mobile/Diesel/Gas,"
10311,Industrial/Commercial Sales & Service,00010001621002,BROOKFIELD SERVICE, 708 GLEBE ROAD,,WESTMORELAND,NH ,03467,USA,www.brookfieldservice.com,802-485-6567,"Service,Up To 600kW,Mobile/Diesel/Gas,"
10311,Industrial/Commercial Sales & Service,00010021101002,SOUTH SHORE GENERATOR INC-Quote, 2696A CRANBERRY HWY,,WAREHAM,MA ,02571,USA,,508-295-7336,"Sales,Service,Up To 600kW,Mobile/Diesel/Gas,"
10311,Industrial/Commercial Sales & Service,00111207431002,WARSHAUER ELECTRIC SUPPLY CO INC, 800 SHREWSBURY AVE,,TINTON FALLS,NJ ,07724,USA,www.warshauer.com,732-741-6400,"Service,"
10311,Industrial/Commercial Sales & Service,00010157021002,Mechanical Service Co, 1145 Oak St.,,Pittston,PA ,18640,USA,,570-654-2445,"Service,"
10312,Industrial/Commercial Sales & Service,00010001611002,Huntington Power, 230 Long Hill Cross Rd,,Shelton,CT ,06484,USA,www.huntingtonpower.com,203-929-3203,"Sales,Service,Up To 2MW,Mobile/Diesel/Gas,Training,Rental,"
10312,Industrial/Commercial Sales & Service,00010214161002,"R.L. KISTLER, INC.", 35 HAMILTON LANE,,GLENMONT,NY ,12077,USA,,585-436-1940,"Sales,Service,"
10312,Industrial/Commercial Sales & Service,00010214161002,"R.L. Kistler, Inc", 300 Mile Crossing Blvd.,,Rochester,NY ,14624,USA,rlkistler.com,585-436-1940,"Sales,"
10312,Industrial/Commercial Sales & Service,00010001611002,Huntington Power, 68 Enter Ln,,Islandia,NY ,11749,USA,,631-563-4943,"Sales,Service,Up To 2MW,Mobile/Diesel/Gas,"
10312,Industrial/Commercial Sales & Service,00010001611002,Huntington Power, 34 E DUDLEY TOWN RD.,,BLOOMFIELD,CT ,06002,USA,,860-289-8790,"Sales,Service,Rental,"
10312,Industrial/Commercial Sales & Service,00010214161002,"R.L. Kistler, Inc", 5615 Business Ave.,,N. Syracuse,NY ,13208,USA,,315-458-2875,"Sales,"
10312,Industrial/Commercial Sales & Service,00010214161002,"R.L. Kistler, Inc", 5615 Business Ave.,,N. Syracuse,NY ,13208,USA,,315-458-2875,"Sales,"
10312,Industrial/Commercial Sales & Service,00010208021002,Modern Group Power Systems, 2501 Durham Road,,Bristol,PA ,19007,USA,www.moderngroup.com,800-404-7291,"Sales,Service,Up To 2MW,Mobile/Diesel/Gas,Training,Rental,"
10312,Industrial/Commercial Sales & Service,00010001731002,Authorized Services Of New England, 410 Forest Street,,Marlborough,MA ,01752,USA,www.asne.com,888-890-9886,"Financing,Sales,Service,Up To 2MW,Mobile/Diesel/Gas,Training,Rental,"
10312,Industrial/Commercial Sales & Service,00010008091002,MODERN HANDLING EQUIP, 75 NEW STREET,,EDISON,NJ ,08837,USA,www.moderngroup.com,800-779-5116,"Sales,Service,Up To 2MW,Mobile/Diesel/Gas,"
10312,Industrial/Commercial Sales & Service,00010208021002,Modern Group Power Systems, 200 Allied Parkway,,West Berlin,NJ ,08091,USA,,800-404-7291,"Sales,Service,Up To 2MW,Mobile/Diesel/Gas,"
10312,Industrial/Commercial Sales & Service,00010208021002,Modern Group Power Systems, 6352 Chapmans Rd,,Allentown,PA ,18106,USA,,800-404-7291,"Sales,Service,Up To 2MW,Mobile/Diesel/Gas,"
10312,Industrial/Commercial Sales & Service,00010208021002,Modern Group Power Systems, 66A South Gate Blvd.,,New Castle,DE ,19720,USA,,800-404-7291,"Sales,Service,Up To 2MW,Mobile/Diesel/Gas,"
10312,Industrial/Commercial Sales & Service,00010208021002,Modern Group Power Systems, 295 New Commerce Blvd.,,Wilkes Barre,PA ,18706,USA,,800-404-7291,"Sales,Service,Up To 2MW,Mobile/Diesel/Gas,"
10312,Industrial/Commercial Sales & Service,00010208021002,Modern Group Power Systems, 3480 Board Road,,York,PA ,17402,USA,,800-404-7291,"Sales,Service,Up To 2MW,Mobile/Diesel/Gas,"
10312,Industrial/Commercial Sales & Service,00010000931002,"EMERGENCY POWER SYSTEMS, LLC", 35 HAMILTON LANE,,GLENMONT,NY ,12077,USA,,800-914-1465,"Service,Up To 2MW,Mobile/Diesel/Gas,"
10312,Industrial/Commercial Sales & Service,00010000931002,"EMERGENCY POWER SYSTEMS, LLC", 35 HAMILTON LANE,,GLENMONT,NY ,12077,USA,,800-914-1465,"Service,"
10312,Industrial/Commercial Sales & Service,00010001691002,Kelly Generator & Equipment, 1955 Dale Ln,,Owings,MD ,20736,USA,www.kge.com,410-257-5225,"Sales,Service,Up To 2MW,Mobile/Diesel/Gas,Training,Rental,"
10312,Industrial/Commercial Sales & Service,00010001731002,AUTHORIZED SERVICES OF NEW ENGLAND, 410 FOREST STREET,,MARLBOROUGH,MA ,01752,USA,,888-890-9886,"Sales,"
10312,Industrial/Commercial Sales & Service,00010001761002,"GENSERVE, INC.", 100 NEWTOWN RD,,PLAINVIEW,NY ,11803,USA,www.genserveinc.com,631-435-0437,"Service,"
10312,Industrial/Commercial Sales & Service,00111209521002,LONG ISLAND EMERGENCY POWER -QO, 2 Ocean Avenue,,DEER PARK,NY ,11729,USA,,631-586-7513,"Sales,"
10312,Industrial/Commercial Sales & Service,00010139211002,POWERPRO SERVICE CO. INC., 608 JOHNSON AVE. UNIT 6,,BOHEMIA,NY ,11716,USA,,631-567-2700,"Sales,Service,Up To 600kW,Mobile/Diesel/Gas,"
10312,Industrial/Commercial Sales & Service,00010001761002,"GENSERVE, INC.", 115A TWINBRIDGE DR.,,PENNSAUKEN,NJ ,08110,USA,www.genserveinc.com,856-324-0459,"Service,"
10312,Industrial/Commercial Sales & Service,00010134071002,PEAK POWER SYSTEMS, 99 SPRAGUE AVENUE,,MIDDLETOWN,NY ,10940,USA,www.peakpowersystems.com,845-344-1975,"Sales,Service,Up To 600kW,Mobile/Diesel/Gas,Rental,"
10312,Industrial/Commercial Sales & Service,00111209531002,HUNTINGTON POWER - LONG ISLAND, PO BOX 2040,,SHELTON,CT ,06484,USA,,631-586-7513,"Sales,"
10312,Industrial/Commercial Sales & Service,00111184131002,HUNTER & LOMISON, 1956 W FOURTH ST,,WILLIAMSPORT,PA ,17701,USA,www.hunterlomison.com,570-326-1764,"Sales,Service,Up To 600kW,Mobile/Diesel/Gas,Rental,"
10312,Industrial/Commercial Sales & Service,00010000881002,HUNTER & LOMISON INC., 1956 W. 4TH STREET,,WILLIAMSPORT,PA ,17701,USA,www.hunterlomison.com,570-326-1764,"Service,Up To 600kW,Mobile/Diesel/Gas,"
10312,Industrial/Commercial Sales & Service,00010001621002,BROOKFIELD SERVICE, 708 GLEBE ROAD,,WESTMORELAND,NH ,03467,USA,www.brookfieldservice.com,802-485-6567,"Service,Up To 600kW,Mobile/Diesel/Gas,"
10312,Industrial/Commercial Sales & Service,00010021101002,SOUTH SHORE GENERATOR INC-Quote, 2696A CRANBERRY HWY,,WAREHAM,MA ,02571,USA,,508-295-7336,"Sales,Service,Up To 600kW,Mobile/Diesel/Gas,"
10312,Industrial/Commercial Sales & Service,00111207431002,WARSHAUER ELECTRIC SUPPLY CO INC, 800 SHREWSBURY AVE,,TINTON FALLS,NJ ,07724,USA,www.warshauer.com,732-741-6400,"Service,"
10312,Industrial/Commercial Sales & Service,00010157021002,Mechanical Service Co, 1145 Oak St.,,Pittston,PA ,18640,USA,,570-654-2445,"Service,"
10313,Industrial/Commercial Sales & Service,00010214161002,"R.L. KISTLER, INC.", 35 HAMILTON LANE,,GLENMONT,NY ,12077,USA,,585-436-1940,"Sales,Service,"
10313,Industrial/Commercial Sales & Service,00010214161002,"R.L. Kistler, Inc", 300 Mile Crossing Blvd.,,Rochester,NY ,14624,USA,rlkistler.com,585-436-1940,"Sales,"
10313,Industrial/Commercial Sales & Service,00010001611002,Huntington Power, 230 Long Hill Cross Rd,,Shelton,CT ,06484,USA,www.huntingtonpower.com,203-929-3203,"Sales,Service,Up To 2MW,Mobile/Diesel/Gas,Training,Rental,"
10313,Industrial/Commercial Sales & Service,00010214161002,"R.L. Kistler, Inc", 5615 Business Ave.,,N. Syracuse,NY ,13208,USA,,315-458-2875,"Sales,"
10313,Industrial/Commercial Sales & Service,00010214161002,"R.L. Kistler, Inc", 5615 Business Ave.,,N. Syracuse,NY ,13208,USA,,315-458-2875,"Sales,"
10313,Industrial/Commercial Sales & Service,00010001611002,Huntington Power, 68 Enter Ln,,Islandia,NY ,11749,USA,,631-563-4943,"Sales,Service,Up To 2MW,Mobile/Diesel/Gas,"
10313,Industrial/Commercial Sales & Service,00010001611002,Huntington Power, 34 E DUDLEY TOWN RD.,,BLOOMFIELD,CT ,06002,USA,,860-289-8790,"Sales,Service,Rental,"
10313,Industrial/Commercial Sales & Service,00010208021002,Modern Group Power Systems, 2501 Durham Road,,Bristol,PA ,19007,USA,www.moderngroup.com,800-404-7291,"Sales,Service,Up To 2MW,Mobile/Diesel/Gas,Training,Rental,"
10313,Industrial/Commercial Sales & Service,00010001731002,Authorized Services Of New England, 410 Forest Street,,Marlborough,MA ,01752,USA,www.asne.com,888-890-9886,"Financing,Sales,Service,Up To 2MW,Mobile/Diesel/Gas,Training,Rental,"
10313,Industrial/Commercial Sales & Service,00010008091002,MODERN HANDLING EQUIP, 75 NEW STREET,,EDISON,NJ ,08837,USA,www.moderngroup.com,800-779-5116,"Sales,Service,Up To 2MW,Mobile/Diesel/Gas,"
10313,Industrial/Commercial Sales & Service,00010208021002,Modern Group Power Systems, 200 Allied Parkway,,West Berlin,NJ ,08091,USA,,800-404-7291,"Sales,Service,Up To 2MW,Mobile/Diesel/Gas,"
10313,Industrial/Commercial Sales & Service,00010208021002,Modern Group Power Systems, 6352 Chapmans Rd,,Allentown,PA ,18106,USA,,800-404-7291,"Sales,Service,Up To 2MW,Mobile/Diesel/Gas,"
10313,Industrial/Commercial Sales & Service,00010208021002,Modern Group Power Systems, 66A South Gate Blvd.,,New Castle,DE ,19720,USA,,800-404-7291,"Sales,Service,Up To 2MW,Mobile/Diesel/Gas,"
10313,Industrial/Commercial Sales & Service,00010208021002,Modern Group Power Systems, 295 New Commerce Blvd.,,Wilkes Barre,PA ,18706,USA,,800-404-7291,"Sales,Service,Up To 2MW,Mobile/Diesel/Gas,"
10313,Industrial/Commercial Sales & Service,00010000931002,"EMERGENCY POWER SYSTEMS, LLC", 35 HAMILTON LANE,,GLENMONT,NY ,12077,USA,,800-914-1465,"Service,Up To 2MW,Mobile/Diesel/Gas,"
10313,Industrial/Commercial Sales & Service,00010000931002,"EMERGENCY POWER SYSTEMS, LLC", 35 HAMILTON LANE,,GLENMONT,NY ,12077,USA,,800-914-1465,"Service,"
10313,Industrial/Commercial Sales & Service,00010208021002,Modern Group Power Systems, 3480 Board Road,,York,PA ,17402,USA,,800-404-7291,"Sales,Service,Up To 2MW,Mobile/Diesel/Gas,"
10313,Industrial/Commercial Sales & Service,00010001731002,AUTHORIZED SERVICES OF NEW ENGLAND, 410 FOREST STREET,,MARLBOROUGH,MA ,01752,USA,,888-890-9886,"Sales,"
10313,Industrial/Commercial Sales & Service,00010001691002,Kelly Generator & Equipment, 1955 Dale Ln,,Owings,MD ,20736,USA,www.kge.com,410-257-5225,"Sales,Service,Up To 2MW,Mobile/Diesel/Gas,Training,Rental,"
10313,Industrial/Commercial Sales & Service,00010001761002,"GENSERVE, INC.", 100 NEWTOWN RD,,PLAINVIEW,NY ,11803,USA,www.genserveinc.com,631-435-0437,"Service,"
10313,Industrial/Commercial Sales & Service,00111209521002,LONG ISLAND EMERGENCY POWER -QO, 2 Ocean Avenue,,DEER PARK,NY ,11729,USA,,631-586-7513,"Sales,"
10313,Industrial/Commercial Sales & Service,00010139211002,POWERPRO SERVICE CO. INC., 608 JOHNSON AVE. UNIT 6,,BOHEMIA,NY ,11716,USA,,631-567-2700,"Sales,Service,Up To 600kW,Mobile/Diesel/Gas,"
10313,Industrial/Commercial Sales & Service,00010134071002,PEAK POWER SYSTEMS, 99 SPRAGUE AVENUE,,MIDDLETOWN,NY ,10940,USA,www.peakpowersystems.com,845-344-1975,"Sales,Service,Up To 600kW,Mobile/Diesel/Gas,Rental,"
10313,Industrial/Commercial Sales & Service,00010001761002,"GENSERVE, INC.", 115A TWINBRIDGE DR.,,PENNSAUKEN,NJ ,08110,USA,www.genserveinc.com,856-324-0459,"Service,"
10313,Industrial/Commercial Sales & Service,00111209531002,HUNTINGTON POWER - LONG ISLAND, PO BOX 2040,,SHELTON,CT ,06484,USA,,631-586-7513,"Sales,"
10313,Industrial/Commercial Sales & Service,00111184131002,HUNTER & LOMISON, 1956 W FOURTH ST,,WILLIAMSPORT,PA ,17701,USA,www.hunterlomison.com,570-326-1764,"Sales,Service,Up To 600kW,Mobile/Diesel/Gas,Rental,"
10313,Industrial/Commercial Sales & Service,00010000881002,HUNTER & LOMISON INC., 1956 W. 4TH STREET,,WILLIAMSPORT,PA ,17701,USA,www.hunterlomison.com,570-326-1764,"Service,Up To 600kW,Mobile/Diesel/Gas,"
10313,Industrial/Commercial Sales & Service,00010001621002,BROOKFIELD SERVICE, 708 GLEBE ROAD,,WESTMORELAND,NH ,03467,USA,www.brookfieldservice.com,802-485-6567,"Service,Up To 600kW,Mobile/Diesel/Gas,"
10313,Industrial/Commercial Sales & Service,00010021101002,SOUTH SHORE GENERATOR INC-Quote, 2696A CRANBERRY HWY,,WAREHAM,MA ,02571,USA,,508-295-7336,"Sales,Service,Up To 600kW,Mobile/Diesel/Gas,"
10313,Industrial/Commercial Sales & Service,00010001701002,SOUTH SHORE GENERATOR INC, ,,EAST WAREHAM,MA ,02538,USA,,508-295-7336,"Financing,Sales,Service,Up To 600kW,Mobile/Diesel/Gas,"
10313,Industrial/Commercial Sales & Service,00111207431002,WARSHAUER ELECTRIC SUPPLY CO INC, 800 SHREWSBURY AVE,,TINTON FALLS,NJ ,07724,USA,www.warshauer.com,732-741-6400,"Service,"
10313,Industrial/Commercial Sales & Service,00010157021002,Mechanical Service Co, 1145 Oak St.,,Pittston,PA ,18640,USA,,570-654-2445,"Service,"
10314,Industrial/Commercial Sales & Service,00010214161002,"R.L. KISTLER, INC.", 35 HAMILTON LANE,,GLENMONT,NY ,12077,USA,,585-436-1940,"Sales,Service,"
10314,Industrial/Commercial Sales & Service,00010214161002,"R.L. Kistler, Inc", 300 Mile Crossing Blvd.,,Rochester,NY ,14624,USA,rlkistler.com,585-436-1940,"Sales,"
10314,Industrial/Commercial Sales & Service,00010001611002,Huntington Power, 230 Long Hill Cross Rd,,Shelton,CT ,06484,USA,www.huntingtonpower.com,203-929-3203,"Sales,Service,Up To 2MW,Mobile/Diesel/Gas,Training,Rental,"
10314,Industrial/Commercial Sales & Service,00010214161002,"R.L. Kistler, Inc", 5615 Business Ave.,,N. Syracuse,NY ,13208,USA,,315-458-2875,"Sales,"
10314,Industrial/Commercial Sales & Service,00010214161002,"R.L. Kistler, Inc", 5615 Business Ave.,,N. Syracuse,NY ,13208,USA,,315-458-2875,"Sales,"
10314,Industrial/Commercial Sales & Service,00010001611002,Huntington Power, 68 Enter Ln,,Islandia,NY ,11749,USA,,631-563-4943,"Sales,Service,Up To 2MW,Mobile/Diesel/Gas,"
10314,Industrial/Commercial Sales & Service,00010001611002,Huntington Power, 34 E DUDLEY TOWN RD.,,BLOOMFIELD,CT ,06002,USA,,860-289-8790,"Sales,Service,Rental,"
10314,Industrial/Commercial Sales & Service,00010208021002,Modern Group Power Systems, 2501 Durham Road,,Bristol,PA ,19007,USA,www.moderngroup.com,800-404-7291,"Sales,Service,Up To 2MW,Mobile/Diesel/Gas,Training,Rental,"
10314,Industrial/Commercial Sales & Service,00010001731002,Authorized Services Of New England, 410 Forest Street,,Marlborough,MA ,01752,USA,www.asne.com,888-890-9886,"Financing,Sales,Service,Up To 2MW,Mobile/Diesel/Gas,Training,Rental,"
10314,Industrial/Commercial Sales & Service,00010008091002,MODERN HANDLING EQUIP, 75 NEW STREET,,EDISON,NJ ,08837,USA,www.moderngroup.com,800-779-5116,"Sales,Service,Up To 2MW,Mobile/Diesel/Gas,"
10314,Industrial/Commercial Sales & Service,00010208021002,Modern Group Power Systems, 200 Allied Parkway,,West Berlin,NJ ,08091,USA,,800-404-7291,"Sales,Service,Up To 2MW,Mobile/Diesel/Gas,"
10314,Industrial/Commercial Sales & Service,00010208021002,Modern Group Power Systems, 6352 Chapmans Rd,,Allentown,PA ,18106,USA,,800-404-7291,"Sales,Service,Up To 2MW,Mobile/Diesel/Gas,"
10314,Industrial/Commercial Sales & Service,00010208021002,Modern Group Power Systems, 66A South Gate Blvd.,,New Castle,DE ,19720,USA,,800-404-7291,"Sales,Service,Up To 2MW,Mobile/Diesel/Gas,"
10314,Industrial/Commercial Sales & Service,00010208021002,Modern Group Power Systems, 295 New Commerce Blvd.,,Wilkes Barre,PA ,18706,USA,,800-404-7291,"Sales,Service,Up To 2MW,Mobile/Diesel/Gas,"
10314,Industrial/Commercial Sales & Service,00010000931002,"EMERGENCY POWER SYSTEMS, LLC", 35 HAMILTON LANE,,GLENMONT,NY ,12077,USA,,800-914-1465,"Service,Up To 2MW,Mobile/Diesel/Gas,"
10314,Industrial/Commercial Sales & Service,00010000931002,"EMERGENCY POWER SYSTEMS, LLC", 35 HAMILTON LANE,,GLENMONT,NY ,12077,USA,,800-914-1465,"Service,"
10314,Industrial/Commercial Sales & Service,00010208021002,Modern Group Power Systems, 3480 Board Road,,York,PA ,17402,USA,,800-404-7291,"Sales,Service,Up To 2MW,Mobile/Diesel/Gas,"
10314,Industrial/Commercial Sales & Service,00010001731002,AUTHORIZED SERVICES OF NEW ENGLAND, 410 FOREST STREET,,MARLBOROUGH,MA ,01752,USA,,888-890-9886,"Sales,"
10314,Industrial/Commercial Sales & Service,00010001691002,Kelly Generator & Equipment, 1955 Dale Ln,,Owings,MD ,20736,USA,www.kge.com,410-257-5225,"Sales,Service,Up To 2MW,Mobile/Diesel/Gas,Training,Rental,"
10314,Industrial/Commercial Sales & Service,00010001761002,"GENSERVE, INC.", 100 NEWTOWN RD,,PLAINVIEW,NY ,11803,USA,www.genserveinc.com,631-435-0437,"Service,"
10314,Industrial/Commercial Sales & Service,00111209521002,LONG ISLAND EMERGENCY POWER -QO, 2 Ocean Avenue,,DEER PARK,NY ,11729,USA,,631-586-7513,"Sales,"
10314,Industrial/Commercial Sales & Service,00010139211002,POWERPRO SERVICE CO. INC., 608 JOHNSON AVE. UNIT 6,,BOHEMIA,NY ,11716,USA,,631-567-2700,"Sales,Service,Up To 600kW,Mobile/Diesel/Gas,"
10314,Industrial/Commercial Sales & Service,00010134071002,PEAK POWER SYSTEMS, 99 SPRAGUE AVENUE,,MIDDLETOWN,NY ,10940,USA,www.peakpowersystems.com,845-344-1975,"Sales,Service,Up To 600kW,Mobile/Diesel/Gas,Rental,"
10314,Industrial/Commercial Sales & Service,00010001761002,"GENSERVE, INC.", 115A TWINBRIDGE DR.,,PENNSAUKEN,NJ ,08110,USA,www.genserveinc.com,856-324-0459,"Service,"
10314,Industrial/Commercial Sales & Service,00111209531002,HUNTINGTON POWER - LONG ISLAND, PO BOX 2040,,SHELTON,CT ,06484,USA,,631-586-7513,"Sales,"
10314,Industrial/Commercial Sales & Service,00111184131002,HUNTER & LOMISON, 1956 W FOURTH ST,,WILLIAMSPORT,PA ,17701,USA,www.hunterlomison.com,570-326-1764,"Sales,Service,Up To 600kW,Mobile/Diesel/Gas,Rental,"
10314,Industrial/Commercial Sales & Service,00010000881002,HUNTER & LOMISON INC., 1956 W. 4TH STREET,,WILLIAMSPORT,PA ,17701,USA,www.hunterlomison.com,570-326-1764,"Service,Up To 600kW,Mobile/Diesel/Gas,"
10314,Industrial/Commercial Sales & Service,00010001621002,BROOKFIELD SERVICE, 708 GLEBE ROAD,,WESTMORELAND,NH ,03467,USA,www.brookfieldservice.com,802-485-6567,"Service,Up To 600kW,Mobile/Diesel/Gas,"
10314,Industrial/Commercial Sales & Service,00010021101002,SOUTH SHORE GENERATOR INC-Quote, 2696A CRANBERRY HWY,,WAREHAM,MA ,02571,USA,,508-295-7336,"Sales,Service,Up To 600kW,Mobile/Diesel/Gas,"
10314,Industrial/Commercial Sales & Service,00010001701002,SOUTH SHORE GENERATOR INC, ,,EAST WAREHAM,MA ,02538,USA,,508-295-7336,"Financing,Sales,Service,Up To 600kW,Mobile/Diesel/Gas,"
10314,Industrial/Commercial Sales & Service,00111207431002,WARSHAUER ELECTRIC SUPPLY CO INC, 800 SHREWSBURY AVE,,TINTON FALLS,NJ ,07724,USA,www.warshauer.com,732-741-6400,"Service,"
10314,Industrial/Commercial Sales & Service,00010157021002,Mechanical Service Co, 1145 Oak St.,,Pittston,PA ,18640,USA,,570-654-2445,"Service,"
10451,Industrial/Commercial Sales & Service,00010214161002,"R.L. Kistler, Inc", 300 Mile Crossing Blvd.,,Rochester,NY ,14624,USA,rlkistler.com,585-436-1940,"Sales,"
10451,Industrial/Commercial Sales & Service,00010001611002,Huntington Power, 230 Long Hill Cross Rd,,Shelton,CT ,06484,USA,www.huntingtonpower.com,203-929-3203,"Sales,Service,Up To 2MW,Mobile/Diesel/Gas,Training,Rental,"
10451,Industrial/Commercial Sales & Service,00010214161002,"R.L. KISTLER, INC.", 35 HAMILTON LANE,,GLENMONT,NY ,12077,USA,,585-436-1940,"Sales,Service,"
10451,Industrial/Commercial Sales & Service,00010214161002,"R.L. Kistler, Inc", 5615 Business Ave.,,N. Syracuse,NY ,13208,USA,,315-458-2875,"Sales,"
10451,Industrial/Commercial Sales & Service,00010001611002,Huntington Power, 68 Enter Ln,,Islandia,NY ,11749,USA,,631-563-4943,"Sales,Service,Up To 2MW,Mobile/Diesel/Gas,"
10451,Industrial/Commercial Sales & Service,00010001611002,Huntington Power, 34 E DUDLEY TOWN RD.,,BLOOMFIELD,CT ,06002,USA,,860-289-8790,"Sales,Service,Rental,"
10451,Industrial/Commercial Sales & Service,00010214161002,"R.L. Kistler, Inc", 5615 Business Ave.,,N. Syracuse,NY ,13208,USA,,315-458-2875,"Sales,"
10451,Industrial/Commercial Sales & Service,00010208021002,Modern Group Power Systems, 2501 Durham Road,,Bristol,PA ,19007,USA,www.moderngroup.com,800-404-7291,"Sales,Service,Up To 2MW,Mobile/Diesel/Gas,Training,Rental,"
10451,Industrial/Commercial Sales & Service,00010001731002,Authorized Services Of New England, 410 Forest Street,,Marlborough,MA ,01752,USA,www.asne.com,888-890-9886,"Financing,Sales,Service,Up To 2MW,Mobile/Diesel/Gas,Training,Rental,"
10451,Industrial/Commercial Sales & Service,00010008091002,MODERN HANDLING EQUIP, 75 NEW STREET,,EDISON,NJ ,08837,USA,www.moderngroup.com,800-779-5116,"Sales,Service,Up To 2MW,Mobile/Diesel/Gas,"
10451,Industrial/Commercial Sales & Service,00010208021002,Modern Group Power Systems, 6352 Chapmans Rd,,Allentown,PA ,18106,USA,,800-404-7291,"Sales,Service,Up To 2MW,Mobile/Diesel/Gas,"
10451,Industrial/Commercial Sales & Service,00010208021002,Modern Group Power Systems, 200 Allied Parkway,,West Berlin,NJ ,08091,USA,,800-404-7291,"Sales,Service,Up To 2MW,Mobile/Diesel/Gas,"
10451,Industrial/Commercial Sales & Service,00010208021002,Modern Group Power Systems, 295 New Commerce Blvd.,,Wilkes Barre,PA ,18706,USA,,800-404-7291,"Sales,Service,Up To 2MW,Mobile/Diesel/Gas,"
10451,Industrial/Commercial Sales & Service,00010208021002,Modern Group Power Systems, 66A South Gate Blvd.,,New Castle,DE ,19720,USA,,800-404-7291,"Sales,Service,Up To 2MW,Mobile/Diesel/Gas,"
10451,Industrial/Commercial Sales & Service,00010000931002,"EMERGENCY POWER SYSTEMS, LLC", 35 HAMILTON LANE,,GLENMONT,NY ,12077,USA,,800-914-1465,"Service,Up To 2MW,Mobile/Diesel/Gas,"
10451,Industrial/Commercial Sales & Service,00010000931002,"EMERGENCY POWER SYSTEMS, LLC", 35 HAMILTON LANE,,GLENMONT,NY ,12077,USA,,800-914-1465,"Service,"
10451,Industrial/Commercial Sales & Service,00010208021002,Modern Group Power Systems, 3480 Board Road,,York,PA ,17402,USA,,800-404-7291,"Sales,Service,Up To 2MW,Mobile/Diesel/Gas,"
10451,Industrial/Commercial Sales & Service,00010001731002,AUTHORIZED SERVICES OF NEW ENGLAND, 410 FOREST STREET,,MARLBOROUGH,MA ,01752,USA,,888-890-9886,"Sales,"
10451,Industrial/Commercial Sales & Service,00010001761002,"GENSERVE, INC.", 100 NEWTOWN RD,,PLAINVIEW,NY ,11803,USA,www.genserveinc.com,631-435-0437,"Service,"
10451,Industrial/Commercial Sales & Service,00111209521002,LONG ISLAND EMERGENCY POWER -QO, 2 Ocean Avenue,,DEER PARK,NY ,11729,USA,,631-586-7513,"Sales,"
10451,Industrial/Commercial Sales & Service,00010139211002,POWERPRO SERVICE CO. INC., 608 JOHNSON AVE. UNIT 6,,BOHEMIA,NY ,11716,USA,,631-567-2700,"Sales,Service,Up To 600kW,Mobile/Diesel/Gas,"
10451,Industrial/Commercial Sales & Service,00010134071002,PEAK POWER SYSTEMS, 99 SPRAGUE AVENUE,,MIDDLETOWN,NY ,10940,USA,www.peakpowersystems.com,845-344-1975,"Sales,Service,Up To 600kW,Mobile/Diesel/Gas,Rental,"
10451,Industrial/Commercial Sales & Service,00111209531002,HUNTINGTON POWER - LONG ISLAND, PO BOX 2040,,SHELTON,CT ,06484,USA,,631-586-7513,"Sales,"
10451,Industrial/Commercial Sales & Service,00010001761002,"GENSERVE, INC.", 115A TWINBRIDGE DR.,,PENNSAUKEN,NJ ,08110,USA,www.genserveinc.com,856-324-0459,"Service,"
10451,Industrial/Commercial Sales & Service,00111184131002,HUNTER & LOMISON, 1956 W FOURTH ST,,WILLIAMSPORT,PA ,17701,USA,www.hunterlomison.com,570-326-1764,"Sales,Service,Up To 600kW,Mobile/Diesel/Gas,Rental,"
10451,Industrial/Commercial Sales & Service,00010000881002,HUNTER & LOMISON INC., 1956 W. 4TH STREET,,WILLIAMSPORT,PA ,17701,USA,www.hunterlomison.com,570-326-1764,"Service,Up To 600kW,Mobile/Diesel/Gas,"
10451,Industrial/Commercial Sales & Service,00010001621002,BROOKFIELD SERVICE, 708 GLEBE ROAD,,WESTMORELAND,NH ,03467,USA,www.brookfieldservice.com,802-485-6567,"Service,Up To 600kW,Mobile/Diesel/Gas,"
10451,Industrial/Commercial Sales & Service,00010021101002,SOUTH SHORE GENERATOR INC-Quote, 2696A CRANBERRY HWY,,WAREHAM,MA ,02571,USA,,508-295-7336,"Sales,Service,Up To 600kW,Mobile/Diesel/Gas,"
10451,Industrial/Commercial Sales & Service,00010001701002,SOUTH SHORE GENERATOR INC, ,,EAST WAREHAM,MA ,02538,USA,,508-295-7336,"Financing,Sales,Service,Up To 600kW,Mobile/Diesel/Gas,"
10451,Industrial/Commercial Sales & Service,00111207431002,WARSHAUER ELECTRIC SUPPLY CO INC, 800 SHREWSBURY AVE,,TINTON FALLS,NJ ,07724,USA,www.warshauer.com,732-741-6400,"Service,"
10451,Industrial/Commercial Sales & Service,00010157021002,Mechanical Service Co, 1145 Oak St.,,Pittston,PA ,18640,USA,,570-654-2445,"Service,"
10452,Industrial/Commercial Sales & Service,00010214161002,"R.L. KISTLER, INC.", 35 HAMILTON LANE,,GLENMONT,NY ,12077,USA,,585-436-1940,"Sales,Service,"
10452,Industrial/Commercial Sales & Service,00010001611002,Huntington Power, 230 Long Hill Cross Rd,,Shelton,CT ,06484,USA,www.huntingtonpower.com,203-929-3203,"Sales,Service,Up To 2MW,Mobile/Diesel/Gas,Training,Rental,"
10452,Industrial/Commercial Sales & Service,00010214161002,"R.L. Kistler, Inc", 300 Mile Crossing Blvd.,,Rochester,NY ,14624,USA,rlkistler.com,585-436-1940,"Sales,"
10452,Industrial/Commercial Sales & Service,00010214161002,"R.L. Kistler, Inc", 5615 Business Ave.,,N. Syracuse,NY ,13208,USA,,315-458-2875,"Sales,"
10452,Industrial/Commercial Sales & Service,00010001611002,Huntington Power, 68 Enter Ln,,Islandia,NY ,11749,USA,,631-563-4943,"Sales,Service,Up To 2MW,Mobile/Diesel/Gas,"
10452,Industrial/Commercial Sales & Service,00010001611002,Huntington Power, 34 E DUDLEY TOWN RD.,,BLOOMFIELD,CT ,06002,USA,,860-289-8790,"Sales,Service,Rental,"
10452,Industrial/Commercial Sales & Service,00010214161002,"R.L. Kistler, Inc", 5615 Business Ave.,,N. Syracuse,NY ,13208,USA,,315-458-2875,"Sales,"
10452,Industrial/Commercial Sales & Service,00010208021002,Modern Group Power Systems, 2501 Durham Road,,Bristol,PA ,19007,USA,www.moderngroup.com,800-404-7291,"Sales,Service,Up To 2MW,Mobile/Diesel/Gas,Training,Rental,"
10452,Industrial/Commercial Sales & Service,00010001731002,Authorized Services Of New England, 410 Forest Street,,Marlborough,MA ,01752,USA,www.asne.com,888-890-9886,"Financing,Sales,Service,Up To 2MW,Mobile/Diesel/Gas,Training,Rental,"
10452,Industrial/Commercial Sales & Service,00010008091002,MODERN HANDLING EQUIP, 75 NEW STREET,,EDISON,NJ ,08837,USA,www.moderngroup.com,800-779-5116,"Sales,Service,Up To 2MW,Mobile/Diesel/Gas,"
10452,Industrial/Commercial Sales & Service,00010208021002,Modern Group Power Systems, 6352 Chapmans Rd,,Allentown,PA ,18106,USA,,800-404-7291,"Sales,Service,Up To 2MW,Mobile/Diesel/Gas,"
10452,Industrial/Commercial Sales & Service,00010208021002,Modern Group Power Systems, 200 Allied Parkway,,West Berlin,NJ ,08091,USA,,800-404-7291,"Sales,Service,Up To 2MW,Mobile/Diesel/Gas,"
10452,Industrial/Commercial Sales & Service,00010208021002,Modern Group Power Systems, 295 New Commerce Blvd.,,Wilkes Barre,PA ,18706,USA,,800-404-7291,"Sales,Service,Up To 2MW,Mobile/Diesel/Gas,"
10452,Industrial/Commercial Sales & Service,00010208021002,Modern Group Power Systems, 66A South Gate Blvd.,,New Castle,DE ,19720,USA,,800-404-7291,"Sales,Service,Up To 2MW,Mobile/Diesel/Gas,"
10452,Industrial/Commercial Sales & Service,00010000931002,"EMERGENCY POWER SYSTEMS, LLC", 35 HAMILTON LANE,,GLENMONT,NY ,12077,USA,,800-914-1465,"Service,Up To 2MW,Mobile/Diesel/Gas,"
10452,Industrial/Commercial Sales & Service,00010000931002,"EMERGENCY POWER SYSTEMS, LLC", 35 HAMILTON LANE,,GLENMONT,NY ,12077,USA,,800-914-1465,"Service,"
10452,Industrial/Commercial Sales & Service,00010208021002,Modern Group Power Systems, 3480 Board Road,,York,PA ,17402,USA,,800-404-7291,"Sales,Service,Up To 2MW,Mobile/Diesel/Gas,"
10452,Industrial/Commercial Sales & Service,00010001731002,AUTHORIZED SERVICES OF NEW ENGLAND, 410 FOREST STREET,,MARLBOROUGH,MA ,01752,USA,,888-890-9886,"Sales,"
10452,Industrial/Commercial Sales & Service,00010001761002,"GENSERVE, INC.", 100 NEWTOWN RD,,PLAINVIEW,NY ,11803,USA,www.genserveinc.com,631-435-0437,"Service,"
10452,Industrial/Commercial Sales & Service,00111209521002,LONG ISLAND EMERGENCY POWER -QO, 2 Ocean Avenue,,DEER PARK,NY ,11729,USA,,631-586-7513,"Sales,"
10452,Industrial/Commercial Sales & Service,00010139211002,POWERPRO SERVICE CO. INC., 608 JOHNSON AVE. UNIT 6,,BOHEMIA,NY ,11716,USA,,631-567-2700,"Sales,Service,Up To 600kW,Mobile/Diesel/Gas,"
10452,Industrial/Commercial Sales & Service,00010134071002,PEAK POWER SYSTEMS, 99 SPRAGUE AVENUE,,MIDDLETOWN,NY ,10940,USA,www.peakpowersystems.com,845-344-1975,"Sales,Service,Up To 600kW,Mobile/Diesel/Gas,Rental,"
10452,Industrial/Commercial Sales & Service,00111209531002,HUNTINGTON POWER - LONG ISLAND, PO BOX 2040,,SHELTON,CT ,06484,USA,,631-586-7513,"Sales,"
10452,Industrial/Commercial Sales & Service,00010001761002,"GENSERVE, INC.", 115A TWINBRIDGE DR.,,PENNSAUKEN,NJ ,08110,USA,www.genserveinc.com,856-324-0459,"Service,"
10452,Industrial/Commercial Sales & Service,00111184131002,HUNTER & LOMISON, 1956 W FOURTH ST,,WILLIAMSPORT,PA ,17701,USA,www.hunterlomison.com,570-326-1764,"Sales,Service,Up To 600kW,Mobile/Diesel/Gas,Rental,"
10452,Industrial/Commercial Sales & Service,00010000881002,HUNTER & LOMISON INC., 1956 W. 4TH STREET,,WILLIAMSPORT,PA ,17701,USA,www.hunterlomison.com,570-326-1764,"Service,Up To 600kW,Mobile/Diesel/Gas,"
10452,Industrial/Commercial Sales & Service,00010001621002,BROOKFIELD SERVICE, 708 GLEBE ROAD,,WESTMORELAND,NH ,03467,USA,www.brookfieldservice.com,802-485-6567,"Service,Up To 600kW,Mobile/Diesel/Gas,"
10452,Industrial/Commercial Sales & Service,00010021101002,SOUTH SHORE GENERATOR INC-Quote, 2696A CRANBERRY HWY,,WAREHAM,MA ,02571,USA,,508-295-7336,"Sales,Service,Up To 600kW,Mobile/Diesel/Gas,"
10452,Industrial/Commercial Sales & Service,00010001701002,SOUTH SHORE GENERATOR INC, ,,EAST WAREHAM,MA ,02538,USA,,508-295-7336,"Financing,Sales,Service,Up To 600kW,Mobile/Diesel/Gas,"
10452,Industrial/Commercial Sales & Service,00111207431002,WARSHAUER ELECTRIC SUPPLY CO INC, 800 SHREWSBURY AVE,,TINTON FALLS,NJ ,07724,USA,www.warshauer.com,732-741-6400,"Service,"
10452,Industrial/Commercial Sales & Service,00010157021002,Mechanical Service Co, 1145 Oak St.,,Pittston,PA ,18640,USA,,570-654-2445,"Service,"
10453,Industrial/Commercial Sales & Service,00010214161002,"R.L. Kistler, Inc", 300 Mile Crossing Blvd.,,Rochester,NY ,14624,USA,rlkistler.com,585-436-1940,"Sales,"
10453,Industrial/Commercial Sales & Service,00010214161002,"R.L. KISTLER, INC.", 35 HAMILTON LANE,,GLENMONT,NY ,12077,USA,,585-436-1940,"Sales,Service,"
10453,Industrial/Commercial Sales & Service,00010001611002,Huntington Power, 230 Long Hill Cross Rd,,Shelton,CT ,06484,USA,www.huntingtonpower.com,203-929-3203,"Sales,Service,Up To 2MW,Mobile/Diesel/Gas,Training,Rental,"
10453,Industrial/Commercial Sales & Service,00010214161002,"R.L. Kistler, Inc", 5615 Business Ave.,,N. Syracuse,NY ,13208,USA,,315-458-2875,"Sales,"
10453,Industrial/Commercial Sales & Service,00010214161002,"R.L. Kistler, Inc", 5615 Business Ave.,,N. Syracuse,NY ,13208,USA,,315-458-2875,"Sales,"
10453,Industrial/Commercial Sales & Service,00010001611002,Huntington Power, 68 Enter Ln,,Islandia,NY ,11749,USA,,631-563-4943,"Sales,Service,Up To 2MW,Mobile/Diesel/Gas,"
10453,Industrial/Commercial Sales & Service,00010001611002,Huntington Power, 34 E DUDLEY TOWN RD.,,BLOOMFIELD,CT ,06002,USA,,860-289-8790,"Sales,Service,Rental,"
10453,Industrial/Commercial Sales & Service,00010208021002,Modern Group Power Systems, 2501 Durham Road,,Bristol,PA ,19007,USA,www.moderngroup.com,800-404-7291,"Sales,Service,Up To 2MW,Mobile/Diesel/Gas,Training,Rental,"
10453,Industrial/Commercial Sales & Service,00010001731002,Authorized Services Of New England, 410 Forest Street,,Marlborough,MA ,01752,USA,www.asne.com,888-890-9886,"Financing,Sales,Service,Up To 2MW,Mobile/Diesel/Gas,Training,Rental,"
10453,Industrial/Commercial Sales & Service,00010008091002,MODERN HANDLING EQUIP, 75 NEW STREET,,EDISON,NJ ,08837,USA,www.moderngroup.com,800-779-5116,"Sales,Service,Up To 2MW,Mobile/Diesel/Gas,"
10453,Industrial/Commercial Sales & Service,00010208021002,Modern Group Power Systems, 6352 Chapmans Rd,,Allentown,PA ,18106,USA,,800-404-7291,"Sales,Service,Up To 2MW,Mobile/Diesel/Gas,"
10453,Industrial/Commercial Sales & Service,00010208021002,Modern Group Power Systems, 200 Allied Parkway,,West Berlin,NJ ,08091,USA,,800-404-7291,"Sales,Service,Up To 2MW,Mobile/Diesel/Gas,"
10453,Industrial/Commercial Sales & Service,00010208021002,Modern Group Power Systems, 295 New Commerce Blvd.,,Wilkes Barre,PA ,18706,USA,,800-404-7291,"Sales,Service,Up To 2MW,Mobile/Diesel/Gas,"
10453,Industrial/Commercial Sales & Service,00010000931002,"EMERGENCY POWER SYSTEMS, LLC", 35 HAMILTON LANE,,GLENMONT,NY ,12077,USA,,800-914-1465,"Service,Up To 2MW,Mobile/Diesel/Gas,"
10453,Industrial/Commercial Sales & Service,00010000931002,"EMERGENCY POWER SYSTEMS, LLC", 35 HAMILTON LANE,,GLENMONT,NY ,12077,USA,,800-914-1465,"Service,"
10453,Industrial/Commercial Sales & Service,00010208021002,Modern Group Power Systems, 66A South Gate Blvd.,,New Castle,DE ,19720,USA,,800-404-7291,"Sales,Service,Up To 2MW,Mobile/Diesel/Gas,"
10453,Industrial/Commercial Sales & Service,00010208021002,Modern Group Power Systems, 3480 Board Road,,York,PA ,17402,USA,,800-404-7291,"Sales,Service,Up To 2MW,Mobile/Diesel/Gas,"
10453,Industrial/Commercial Sales & Service,00010001731002,AUTHORIZED SERVICES OF NEW ENGLAND, 410 FOREST STREET,,MARLBOROUGH,MA ,01752,USA,,888-890-9886,"Sales,"
10453,Industrial/Commercial Sales & Service,00010001761002,"GENSERVE, INC.", 100 NEWTOWN RD,,PLAINVIEW,NY ,11803,USA,www.genserveinc.com,631-435-0437,"Service,"
10453,Industrial/Commercial Sales & Service,00111209521002,LONG ISLAND EMERGENCY POWER -QO, 2 Ocean Avenue,,DEER PARK,NY ,11729,USA,,631-586-7513,"Sales,"
10453,Industrial/Commercial Sales & Service,00010139211002,POWERPRO SERVICE CO. INC., 608 JOHNSON AVE. UNIT 6,,BOHEMIA,NY ,11716,USA,,631-567-2700,"Sales,Service,Up To 600kW,Mobile/Diesel/Gas,"
10453,Industrial/Commercial Sales & Service,00010134071002,PEAK POWER SYSTEMS, 99 SPRAGUE AVENUE,,MIDDLETOWN,NY ,10940,USA,www.peakpowersystems.com,845-344-1975,"Sales,Service,Up To 600kW,Mobile/Diesel/Gas,Rental,"
10453,Industrial/Commercial Sales & Service,00111209531002,HUNTINGTON POWER - LONG ISLAND, PO BOX 2040,,SHELTON,CT ,06484,USA,,631-586-7513,"Sales,"
10453,Industrial/Commercial Sales & Service,00010001761002,"GENSERVE, INC.", 115A TWINBRIDGE DR.,,PENNSAUKEN,NJ ,08110,USA,www.genserveinc.com,856-324-0459,"Service,"
10453,Industrial/Commercial Sales & Service,00010001621002,BROOKFIELD SERVICE, 708 GLEBE ROAD,,WESTMORELAND,NH ,03467,USA,www.brookfieldservice.com,802-485-6567,"Service,Up To 600kW,Mobile/Diesel/Gas,"
10453,Industrial/Commercial Sales & Service,00111184131002,HUNTER & LOMISON, 1956 W FOURTH ST,,WILLIAMSPORT,PA ,17701,USA,www.hunterlomison.com,570-326-1764,"Sales,Service,Up To 600kW,Mobile/Diesel/Gas,Rental,"
10453,Industrial/Commercial Sales & Service,00010000881002,HUNTER & LOMISON INC., 1956 W. 4TH STREET,,WILLIAMSPORT,PA ,17701,USA,www.hunterlomison.com,570-326-1764,"Service,Up To 600kW,Mobile/Diesel/Gas,"
10453,Industrial/Commercial Sales & Service,00010021101002,SOUTH SHORE GENERATOR INC-Quote, 2696A CRANBERRY HWY,,WAREHAM,MA ,02571,USA,,508-295-7336,"Sales,Service,Up To 600kW,Mobile/Diesel/Gas,"
10453,Industrial/Commercial Sales & Service,00010001701002,SOUTH SHORE GENERATOR INC, ,,EAST WAREHAM,MA ,02538,USA,,508-295-7336,"Financing,Sales,Service,Up To 600kW,Mobile/Diesel/Gas,"
10453,Industrial/Commercial Sales & Service,00111207431002,WARSHAUER ELECTRIC SUPPLY CO INC, 800 SHREWSBURY AVE,,TINTON FALLS,NJ ,07724,USA,www.warshauer.com,732-741-6400,"Service,"
10453,Industrial/Commercial Sales & Service,00010157021002,Mechanical Service Co, 1145 Oak St.,,Pittston,PA ,18640,USA,,570-654-2445,"Service,"
10454,Industrial/Commercial Sales & Service,00010214161002,"R.L. Kistler, Inc", 300 Mile Crossing Blvd.,,Rochester,NY ,14624,USA,rlkistler.com,585-436-1940,"Sales,"
10454,Industrial/Commercial Sales & Service,00010214161002,"R.L. KISTLER, INC.", 35 HAMILTON LANE,,GLENMONT,NY ,12077,USA,,585-436-1940,"Sales,Service,"
10454,Industrial/Commercial Sales & Service,00010001611002,Huntington Power, 230 Long Hill Cross Rd,,Shelton,CT ,06484,USA,www.huntingtonpower.com,203-929-3203,"Sales,Service,Up To 2MW,Mobile/Diesel/Gas,Training,Rental,"
10454,Industrial/Commercial Sales & Service,00010214161002,"R.L. Kistler, Inc", 5615 Business Ave.,,N. Syracuse,NY ,13208,USA,,315-458-2875,"Sales,"
10454,Industrial/Commercial Sales & Service,00010214161002,"R.L. Kistler, Inc", 5615 Business Ave.,,N. Syracuse,NY ,13208,USA,,315-458-2875,"Sales,"
10454,Industrial/Commercial Sales & Service,00010001611002,Huntington Power, 68 Enter Ln,,Islandia,NY ,11749,USA,,631-563-4943,"Sales,Service,Up To 2MW,Mobile/Diesel/Gas,"
10454,Industrial/Commercial Sales & Service,00010001611002,Huntington Power, 34 E DUDLEY TOWN RD.,,BLOOMFIELD,CT ,06002,USA,,860-289-8790,"Sales,Service,Rental,"
10454,Industrial/Commercial Sales & Service,00010208021002,Modern Group Power Systems, 2501 Durham Road,,Bristol,PA ,19007,USA,www.moderngroup.com,800-404-7291,"Sales,Service,Up To 2MW,Mobile/Diesel/Gas,Training,Rental,"
10454,Industrial/Commercial Sales & Service,00010001731002,Authorized Services Of New England, 410 Forest Street,,Marlborough,MA ,01752,USA,www.asne.com,888-890-9886,"Financing,Sales,Service,Up To 2MW,Mobile/Diesel/Gas,Training,Rental,"
10454,Industrial/Commercial Sales & Service,00010008091002,MODERN HANDLING EQUIP, 75 NEW STREET,,EDISON,NJ ,08837,USA,www.moderngroup.com,800-779-5116,"Sales,Service,Up To 2MW,Mobile/Diesel/Gas,"
10454,Industrial/Commercial Sales & Service,00010208021002,Modern Group Power Systems, 6352 Chapmans Rd,,Allentown,PA ,18106,USA,,800-404-7291,"Sales,Service,Up To 2MW,Mobile/Diesel/Gas,"
10454,Industrial/Commercial Sales & Service,00010208021002,Modern Group Power Systems, 200 Allied Parkway,,West Berlin,NJ ,08091,USA,,800-404-7291,"Sales,Service,Up To 2MW,Mobile/Diesel/Gas,"
10454,Industrial/Commercial Sales & Service,00010208021002,Modern Group Power Systems, 295 New Commerce Blvd.,,Wilkes Barre,PA ,18706,USA,,800-404-7291,"Sales,Service,Up To 2MW,Mobile/Diesel/Gas,"
10454,Industrial/Commercial Sales & Service,00010208021002,Modern Group Power Systems, 66A South Gate Blvd.,,New Castle,DE ,19720,USA,,800-404-7291,"Sales,Service,Up To 2MW,Mobile/Diesel/Gas,"
10454,Industrial/Commercial Sales & Service,00010000931002,"EMERGENCY POWER SYSTEMS, LLC", 35 HAMILTON LANE,,GLENMONT,NY ,12077,USA,,800-914-1465,"Service,Up To 2MW,Mobile/Diesel/Gas,"
10454,Industrial/Commercial Sales & Service,00010000931002,"EMERGENCY POWER SYSTEMS, LLC", 35 HAMILTON LANE,,GLENMONT,NY ,12077,USA,,800-914-1465,"Service,"
10454,Industrial/Commercial Sales & Service,00010208021002,Modern Group Power Systems, 3480 Board Road,,York,PA ,17402,USA,,800-404-7291,"Sales,Service,Up To 2MW,Mobile/Diesel/Gas,"
10454,Industrial/Commercial Sales & Service,00010001731002,AUTHORIZED SERVICES OF NEW ENGLAND, 410 FOREST STREET,,MARLBOROUGH,MA ,01752,USA,,888-890-9886,"Sales,"
10454,Industrial/Commercial Sales & Service,00010001761002,"GENSERVE, INC.", 100 NEWTOWN RD,,PLAINVIEW,NY ,11803,USA,www.genserveinc.com,631-435-0437,"Service,"
10454,Industrial/Commercial Sales & Service,00111209521002,LONG ISLAND EMERGENCY POWER -QO, 2 Ocean Avenue,,DEER PARK,NY ,11729,USA,,631-586-7513,"Sales,"
10454,Industrial/Commercial Sales & Service,00010139211002,POWERPRO SERVICE CO. INC., 608 JOHNSON AVE. UNIT 6,,BOHEMIA,NY ,11716,USA,,631-567-2700,"Sales,Service,Up To 600kW,Mobile/Diesel/Gas,"
10454,Industrial/Commercial Sales & Service,00010134071002,PEAK POWER SYSTEMS, 99 SPRAGUE AVENUE,,MIDDLETOWN,NY ,10940,USA,www.peakpowersystems.com,845-344-1975,"Sales,Service,Up To 600kW,Mobile/Diesel/Gas,Rental,"
10454,Industrial/Commercial Sales & Service,00111209531002,HUNTINGTON POWER - LONG ISLAND, PO BOX 2040,,SHELTON,CT ,06484,USA,,631-586-7513,"Sales,"
10454,Industrial/Commercial Sales & Service,00010001761002,"GENSERVE, INC.", 115A TWINBRIDGE DR.,,PENNSAUKEN,NJ ,08110,USA,www.genserveinc.com,856-324-0459,"Service,"
10454,Industrial/Commercial Sales & Service,00111184131002,HUNTER & LOMISON, 1956 W FOURTH ST,,WILLIAMSPORT,PA ,17701,USA,www.hunterlomison.com,570-326-1764,"Sales,Service,Up To 600kW,Mobile/Diesel/Gas,Rental,"
10454,Industrial/Commercial Sales & Service,00010000881002,HUNTER & LOMISON INC., 1956 W. 4TH STREET,,WILLIAMSPORT,PA ,17701,USA,www.hunterlomison.com,570-326-1764,"Service,Up To 600kW,Mobile/Diesel/Gas,"
10454,Industrial/Commercial Sales & Service,00010001621002,BROOKFIELD SERVICE, 708 GLEBE ROAD,,WESTMORELAND,NH ,03467,USA,www.brookfieldservice.com,802-485-6567,"Service,Up To 600kW,Mobile/Diesel/Gas,"
10454,Industrial/Commercial Sales & Service,00010021101002,SOUTH SHORE GENERATOR INC-Quote, 2696A CRANBERRY HWY,,WAREHAM,MA ,02571,USA,,508-295-7336,"Sales,Service,Up To 600kW,Mobile/Diesel/Gas,"
10454,Industrial/Commercial Sales & Service,00010001701002,SOUTH SHORE GENERATOR INC, ,,EAST WAREHAM,MA ,02538,USA,,508-295-7336,"Financing,Sales,Service,Up To 600kW,Mobile/Diesel/Gas,"
10454,Industrial/Commercial Sales & Service,00111207431002,WARSHAUER ELECTRIC SUPPLY CO INC, 800 SHREWSBURY AVE,,TINTON FALLS,NJ ,07724,USA,www.warshauer.com,732-741-6400,"Service,"
10454,Industrial/Commercial Sales & Service,00010157021002,Mechanical Service Co, 1145 Oak St.,,Pittston,PA ,18640,USA,,570-654-2445,"Service,"
10455,Industrial/Commercial Sales & Service,00010001611002,Huntington Power, 230 Long Hill Cross Rd,,Shelton,CT ,06484,USA,www.huntingtonpower.com,203-929-3203,"Sales,Service,Up To 2MW,Mobile/Diesel/Gas,Training,Rental,"
10455,Industrial/Commercial Sales & Service,00010214161002,"R.L. KISTLER, INC.", 35 HAMILTON LANE,,GLENMONT,NY ,12077,USA,,585-436-1940,"Sales,Service,"
10455,Industrial/Commercial Sales & Service,00010214161002,"R.L. Kistler, Inc", 300 Mile Crossing Blvd.,,Rochester,NY ,14624,USA,rlkistler.com,585-436-1940,"Sales,"
10455,Industrial/Commercial Sales & Service,00010001611002,Huntington Power, 68 Enter Ln,,Islandia,NY ,11749,USA,,631-563-4943,"Sales,Service,Up To 2MW,Mobile/Diesel/Gas,"
10455,Industrial/Commercial Sales & Service,00010001611002,Huntington Power, 34 E DUDLEY TOWN RD.,,BLOOMFIELD,CT ,06002,USA,,860-289-8790,"Sales,Service,Rental,"
10455,Industrial/Commercial Sales & Service,00010214161002,"R.L. Kistler, Inc", 5615 Business Ave.,,N. Syracuse,NY ,13208,USA,,315-458-2875,"Sales,"
10455,Industrial/Commercial Sales & Service,00010214161002,"R.L. Kistler, Inc", 5615 Business Ave.,,N. Syracuse,NY ,13208,USA,,315-458-2875,"Sales,"
10455,Industrial/Commercial Sales & Service,00010208021002,Modern Group Power Systems, 2501 Durham Road,,Bristol,PA ,19007,USA,www.moderngroup.com,800-404-7291,"Sales,Service,Up To 2MW,Mobile/Diesel/Gas,Training,Rental,"
10455,Industrial/Commercial Sales & Service,00010001731002,Authorized Services Of New England, 410 Forest Street,,Marlborough,MA ,01752,USA,www.asne.com,888-890-9886,"Financing,Sales,Service,Up To 2MW,Mobile/Diesel/Gas,Training,Rental,"
10455,Industrial/Commercial Sales & Service,00010008091002,MODERN HANDLING EQUIP, 75 NEW STREET,,EDISON,NJ ,08837,USA,www.moderngroup.com,800-779-5116,"Sales,Service,Up To 2MW,Mobile/Diesel/Gas,"
10455,Industrial/Commercial Sales & Service,00010208021002,Modern Group Power Systems, 6352 Chapmans Rd,,Allentown,PA ,18106,USA,,800-404-7291,"Sales,Service,Up To 2MW,Mobile/Diesel/Gas,"
10455,Industrial/Commercial Sales & Service,00010208021002,Modern Group Power Systems, 200 Allied Parkway,,West Berlin,NJ ,08091,USA,,800-404-7291,"Sales,Service,Up To 2MW,Mobile/Diesel/Gas,"
10455,Industrial/Commercial Sales & Service,00010208021002,Modern Group Power Systems, 295 New Commerce Blvd.,,Wilkes Barre,PA ,18706,USA,,800-404-7291,"Sales,Service,Up To 2MW,Mobile/Diesel/Gas,"
10455,Industrial/Commercial Sales & Service,00010208021002,Modern Group Power Systems, 66A South Gate Blvd.,,New Castle,DE ,19720,USA,,800-404-7291,"Sales,Service,Up To 2MW,Mobile/Diesel/Gas,"
10455,Industrial/Commercial Sales & Service,00010000931002,"EMERGENCY POWER SYSTEMS, LLC", 35 HAMILTON LANE,,GLENMONT,NY ,12077,USA,,800-914-1465,"Service,Up To 2MW,Mobile/Diesel/Gas,"
10455,Industrial/Commercial Sales & Service,00010000931002,"EMERGENCY POWER SYSTEMS, LLC", 35 HAMILTON LANE,,GLENMONT,NY ,12077,USA,,800-914-1465,"Service,"
10455,Industrial/Commercial Sales & Service,00010208021002,Modern Group Power Systems, 3480 Board Road,,York,PA ,17402,USA,,800-404-7291,"Sales,Service,Up To 2MW,Mobile/Diesel/Gas,"
10455,Industrial/Commercial Sales & Service,00010001731002,AUTHORIZED SERVICES OF NEW ENGLAND, 410 FOREST STREET,,MARLBOROUGH,MA ,01752,USA,,888-890-9886,"Sales,"
10455,Industrial/Commercial Sales & Service,00010001761002,"GENSERVE, INC.", 100 NEWTOWN RD,,PLAINVIEW,NY ,11803,USA,www.genserveinc.com,631-435-0437,"Service,"
10455,Industrial/Commercial Sales & Service,00111209521002,LONG ISLAND EMERGENCY POWER -QO, 2 Ocean Avenue,,DEER PARK,NY ,11729,USA,,631-586-7513,"Sales,"
10455,Industrial/Commercial Sales & Service,00010139211002,POWERPRO SERVICE CO. INC., 608 JOHNSON AVE. UNIT 6,,BOHEMIA,NY ,11716,USA,,631-567-2700,"Sales,Service,Up To 600kW,Mobile/Diesel/Gas,"
10455,Industrial/Commercial Sales & Service,00010134071002,PEAK POWER SYSTEMS, 99 SPRAGUE AVENUE,,MIDDLETOWN,NY ,10940,USA,www.peakpowersystems.com,845-344-1975,"Sales,Service,Up To 600kW,Mobile/Diesel/Gas,Rental,"
10455,Industrial/Commercial Sales & Service,00111209531002,HUNTINGTON POWER - LONG ISLAND, PO BOX 2040,,SHELTON,CT ,06484,USA,,631-586-7513,"Sales,"
10455,Industrial/Commercial Sales & Service,00010001761002,"GENSERVE, INC.", 115A TWINBRIDGE DR.,,PENNSAUKEN,NJ ,08110,USA,www.genserveinc.com,856-324-0459,"Service,"
10455,Industrial/Commercial Sales & Service,00111184131002,HUNTER & LOMISON, 1956 W FOURTH ST,,WILLIAMSPORT,PA ,17701,USA,www.hunterlomison.com,570-326-1764,"Sales,Service,Up To 600kW,Mobile/Diesel/Gas,Rental,"
10455,Industrial/Commercial Sales & Service,00010000881002,HUNTER & LOMISON INC., 1956 W. 4TH STREET,,WILLIAMSPORT,PA ,17701,USA,www.hunterlomison.com,570-326-1764,"Service,Up To 600kW,Mobile/Diesel/Gas,"
10455,Industrial/Commercial Sales & Service,00010001621002,BROOKFIELD SERVICE, 708 GLEBE ROAD,,WESTMORELAND,NH ,03467,USA,www.brookfieldservice.com,802-485-6567,"Service,Up To 600kW,Mobile/Diesel/Gas,"
10455,Industrial/Commercial Sales & Service,00010021101002,SOUTH SHORE GENERATOR INC-Quote, 2696A CRANBERRY HWY,,WAREHAM,MA ,02571,USA,,508-295-7336,"Sales,Service,Up To 600kW,Mobile/Diesel/Gas,"
10455,Industrial/Commercial Sales & Service,00010001701002,SOUTH SHORE GENERATOR INC, ,,EAST WAREHAM,MA ,02538,USA,,508-295-7336,"Financing,Sales,Service,Up To 600kW,Mobile/Diesel/Gas,"
10455,Industrial/Commercial Sales & Service,00111207431002,WARSHAUER ELECTRIC SUPPLY CO INC, 800 SHREWSBURY AVE,,TINTON FALLS,NJ ,07724,USA,www.warshauer.com,732-741-6400,"Service,"
10455,Industrial/Commercial Sales & Service,00010157021002,Mechanical Service Co, 1145 Oak St.,,Pittston,PA ,18640,USA,,570-654-2445,"Service,"
10456,Industrial/Commercial Sales & Service,00010214161002,"R.L. KISTLER, INC.", 35 HAMILTON LANE,,GLENMONT,NY ,12077,USA,,585-436-1940,"Sales,Service,"
10456,Industrial/Commercial Sales & Service,00010214161002,"R.L. Kistler, Inc", 300 Mile Crossing Blvd.,,Rochester,NY ,14624,USA,rlkistler.com,585-436-1940,"Sales,"
10456,Industrial/Commercial Sales & Service,00010001611002,Huntington Power, 230 Long Hill Cross Rd,,Shelton,CT ,06484,USA,www.huntingtonpower.com,203-929-3203,"Sales,Service,Up To 2MW,Mobile/Diesel/Gas,Training,Rental,"
10456,Industrial/Commercial Sales & Service,00010214161002,"R.L. Kistler, Inc", 5615 Business Ave.,,N. Syracuse,NY ,13208,USA,,315-458-2875,"Sales,"
10456,Industrial/Commercial Sales & Service,00010214161002,"R.L. Kistler, Inc", 5615 Business Ave.,,N. Syracuse,NY ,13208,USA,,315-458-2875,"Sales,"
10456,Industrial/Commercial Sales & Service,00010001611002,Huntington Power, 68 Enter Ln,,Islandia,NY ,11749,USA,,631-563-4943,"Sales,Service,Up To 2MW,Mobile/Diesel/Gas,"
10456,Industrial/Commercial Sales & Service,00010001611002,Huntington Power, 34 E DUDLEY TOWN RD.,,BLOOMFIELD,CT ,06002,USA,,860-289-8790,"Sales,Service,Rental,"
10456,Industrial/Commercial Sales & Service,00010208021002,Modern Group Power Systems, 2501 Durham Road,,Bristol,PA ,19007,USA,www.moderngroup.com,800-404-7291,"Sales,Service,Up To 2MW,Mobile/Diesel/Gas,Training,Rental,"
10456,Industrial/Commercial Sales & Service,00010001731002,Authorized Services Of New England, 410 Forest Street,,Marlborough,MA ,01752,USA,www.asne.com,888-890-9886,"Financing,Sales,Service,Up To 2MW,Mobile/Diesel/Gas,Training,Rental,"
10456,Industrial/Commercial Sales & Service,00010008091002,MODERN HANDLING EQUIP, 75 NEW STREET,,EDISON,NJ ,08837,USA,www.moderngroup.com,800-779-5116,"Sales,Service,Up To 2MW,Mobile/Diesel/Gas,"
10456,Industrial/Commercial Sales & Service,00010208021002,Modern Group Power Systems, 6352 Chapmans Rd,,Allentown,PA ,18106,USA,,800-404-7291,"Sales,Service,Up To 2MW,Mobile/Diesel/Gas,"
10456,Industrial/Commercial Sales & Service,00010208021002,Modern Group Power Systems, 200 Allied Parkway,,West Berlin,NJ ,08091,USA,,800-404-7291,"Sales,Service,Up To 2MW,Mobile/Diesel/Gas,"
10456,Industrial/Commercial Sales & Service,00010208021002,Modern Group Power Systems, 295 New Commerce Blvd.,,Wilkes Barre,PA ,18706,USA,,800-404-7291,"Sales,Service,Up To 2MW,Mobile/Diesel/Gas,"
10456,Industrial/Commercial Sales & Service,00010208021002,Modern Group Power Systems, 66A South Gate Blvd.,,New Castle,DE ,19720,USA,,800-404-7291,"Sales,Service,Up To 2MW,Mobile/Diesel/Gas,"
10456,Industrial/Commercial Sales & Service,00010000931002,"EMERGENCY POWER SYSTEMS, LLC", 35 HAMILTON LANE,,GLENMONT,NY ,12077,USA,,800-914-1465,"Service,Up To 2MW,Mobile/Diesel/Gas,"
10456,Industrial/Commercial Sales & Service,00010000931002,"EMERGENCY POWER SYSTEMS, LLC", 35 HAMILTON LANE,,GLENMONT,NY ,12077,USA,,800-914-1465,"Service,"
10456,Industrial/Commercial Sales & Service,00010208021002,Modern Group Power Systems, 3480 Board Road,,York,PA ,17402,USA,,800-404-7291,"Sales,Service,Up To 2MW,Mobile/Diesel/Gas,"
10456,Industrial/Commercial Sales & Service,00010001731002,AUTHORIZED SERVICES OF NEW ENGLAND, 410 FOREST STREET,,MARLBOROUGH,MA ,01752,USA,,888-890-9886,"Sales,"
10456,Industrial/Commercial Sales & Service,00010001761002,"GENSERVE, INC.", 100 NEWTOWN RD,,PLAINVIEW,NY ,11803,USA,www.genserveinc.com,631-435-0437,"Service,"
10456,Industrial/Commercial Sales & Service,00111209521002,LONG ISLAND EMERGENCY POWER -QO, 2 Ocean Avenue,,DEER PARK,NY ,11729,USA,,631-586-7513,"Sales,"
10456,Industrial/Commercial Sales & Service,00010139211002,POWERPRO SERVICE CO. INC., 608 JOHNSON AVE. UNIT 6,,BOHEMIA,NY ,11716,USA,,631-567-2700,"Sales,Service,Up To 600kW,Mobile/Diesel/Gas,"
10456,Industrial/Commercial Sales & Service,00010134071002,PEAK POWER SYSTEMS, 99 SPRAGUE AVENUE,,MIDDLETOWN,NY ,10940,USA,www.peakpowersystems.com,845-344-1975,"Sales,Service,Up To 600kW,Mobile/Diesel/Gas,Rental,"
10456,Industrial/Commercial Sales & Service,00111209531002,HUNTINGTON POWER - LONG ISLAND, PO BOX 2040,,SHELTON,CT ,06484,USA,,631-586-7513,"Sales,"
10456,Industrial/Commercial Sales & Service,00010001761002,"GENSERVE, INC.", 115A TWINBRIDGE DR.,,PENNSAUKEN,NJ ,08110,USA,www.genserveinc.com,856-324-0459,"Service,"
10456,Industrial/Commercial Sales & Service,00010001621002,BROOKFIELD SERVICE, 708 GLEBE ROAD,,WESTMORELAND,NH ,03467,USA,www.brookfieldservice.com,802-485-6567,"Service,Up To 600kW,Mobile/Diesel/Gas,"
10456,Industrial/Commercial Sales & Service,00111184131002,HUNTER & LOMISON, 1956 W FOURTH ST,,WILLIAMSPORT,PA ,17701,USA,www.hunterlomison.com,570-326-1764,"Sales,Service,Up To 600kW,Mobile/Diesel/Gas,Rental,"
10456,Industrial/Commercial Sales & Service,00010000881002,HUNTER & LOMISON INC., 1956 W. 4TH STREET,,WILLIAMSPORT,PA ,17701,USA,www.hunterlomison.com,570-326-1764,"Service,Up To 600kW,Mobile/Diesel/Gas,"
10456,Industrial/Commercial Sales & Service,00010021101002,SOUTH SHORE GENERATOR INC-Quote, 2696A CRANBERRY HWY,,WAREHAM,MA ,02571,USA,,508-295-7336,"Sales,Service,Up To 600kW,Mobile/Diesel/Gas,"
10456,Industrial/Commercial Sales & Service,00010001701002,SOUTH SHORE GENERATOR INC, ,,EAST WAREHAM,MA ,02538,USA,,508-295-7336,"Financing,Sales,Service,Up To 600kW,Mobile/Diesel/Gas,"
10456,Industrial/Commercial Sales & Service,00111207431002,WARSHAUER ELECTRIC SUPPLY CO INC, 800 SHREWSBURY AVE,,TINTON FALLS,NJ ,07724,USA,www.warshauer.com,732-741-6400,"Service,"
10456,Industrial/Commercial Sales & Service,00010157021002,Mechanical Service Co, 1145 Oak St.,,Pittston,PA ,18640,USA,,570-654-2445,"Service,"
10457,Industrial/Commercial Sales & Service,00010001611002,Huntington Power, 230 Long Hill Cross Rd,,Shelton,CT ,06484,USA,www.huntingtonpower.com,203-929-3203,"Sales,Service,Up To 2MW,Mobile/Diesel/Gas,Training,Rental,"
10457,Industrial/Commercial Sales & Service,00010214161002,"R.L. KISTLER, INC.", 35 HAMILTON LANE,,GLENMONT,NY ,12077,USA,,585-436-1940,"Sales,Service,"
10457,Industrial/Commercial Sales & Service,00010214161002,"R.L. Kistler, Inc", 300 Mile Crossing Blvd.,,Rochester,NY ,14624,USA,rlkistler.com,585-436-1940,"Sales,"
10457,Industrial/Commercial Sales & Service,00010001611002,Huntington Power, 68 Enter Ln,,Islandia,NY ,11749,USA,,631-563-4943,"Sales,Service,Up To 2MW,Mobile/Diesel/Gas,"
10457,Industrial/Commercial Sales & Service,00010001611002,Huntington Power, 34 E DUDLEY TOWN RD.,,BLOOMFIELD,CT ,06002,USA,,860-289-8790,"Sales,Service,Rental,"
10457,Industrial/Commercial Sales & Service,00010214161002,"R.L. Kistler, Inc", 5615 Business Ave.,,N. Syracuse,NY ,13208,USA,,315-458-2875,"Sales,"
10457,Industrial/Commercial Sales & Service,00010214161002,"R.L. Kistler, Inc", 5615 Business Ave.,,N. Syracuse,NY ,13208,USA,,315-458-2875,"Sales,"
10457,Industrial/Commercial Sales & Service,00010208021002,Modern Group Power Systems, 2501 Durham Road,,Bristol,PA ,19007,USA,www.moderngroup.com,800-404-7291,"Sales,Service,Up To 2MW,Mobile/Diesel/Gas,Training,Rental,"
10457,Industrial/Commercial Sales & Service,00010001731002,Authorized Services Of New England, 410 Forest Street,,Marlborough,MA ,01752,USA,www.asne.com,888-890-9886,"Financing,Sales,Service,Up To 2MW,Mobile/Diesel/Gas,Training,Rental,"
10457,Industrial/Commercial Sales & Service,00010008091002,MODERN HANDLING EQUIP, 75 NEW STREET,,EDISON,NJ ,08837,USA,www.moderngroup.com,800-779-5116,"Sales,Service,Up To 2MW,Mobile/Diesel/Gas,"
10457,Industrial/Commercial Sales & Service,00010208021002,Modern Group Power Systems, 6352 Chapmans Rd,,Allentown,PA ,18106,USA,,800-404-7291,"Sales,Service,Up To 2MW,Mobile/Diesel/Gas,"
10457,Industrial/Commercial Sales & Service,00010208021002,Modern Group Power Systems, 200 Allied Parkway,,West Berlin,NJ ,08091,USA,,800-404-7291,"Sales,Service,Up To 2MW,Mobile/Diesel/Gas,"
10457,Industrial/Commercial Sales & Service,00010208021002,Modern Group Power Systems, 295 New Commerce Blvd.,,Wilkes Barre,PA ,18706,USA,,800-404-7291,"Sales,Service,Up To 2MW,Mobile/Diesel/Gas,"
10457,Industrial/Commercial Sales & Service,00010000931002,"EMERGENCY POWER SYSTEMS, LLC", 35 HAMILTON LANE,,GLENMONT,NY ,12077,USA,,800-914-1465,"Service,Up To 2MW,Mobile/Diesel/Gas,"
10457,Industrial/Commercial Sales & Service,00010000931002,"EMERGENCY POWER SYSTEMS, LLC", 35 HAMILTON LANE,,GLENMONT,NY ,12077,USA,,800-914-1465,"Service,"
10457,Industrial/Commercial Sales & Service,00010208021002,Modern Group Power Systems, 66A South Gate Blvd.,,New Castle,DE ,19720,USA,,800-404-7291,"Sales,Service,Up To 2MW,Mobile/Diesel/Gas,"
10457,Industrial/Commercial Sales & Service,00010208021002,Modern Group Power Systems, 3480 Board Road,,York,PA ,17402,USA,,800-404-7291,"Sales,Service,Up To 2MW,Mobile/Diesel/Gas,"
10457,Industrial/Commercial Sales & Service,00010001731002,AUTHORIZED SERVICES OF NEW ENGLAND, 410 FOREST STREET,,MARLBOROUGH,MA ,01752,USA,,888-890-9886,"Sales,"
10457,Industrial/Commercial Sales & Service,00010001761002,"GENSERVE, INC.", 100 NEWTOWN RD,,PLAINVIEW,NY ,11803,USA,www.genserveinc.com,631-435-0437,"Service,"
10457,Industrial/Commercial Sales & Service,00111209521002,LONG ISLAND EMERGENCY POWER -QO, 2 Ocean Avenue,,DEER PARK,NY ,11729,USA,,631-586-7513,"Sales,"
10457,Industrial/Commercial Sales & Service,00010139211002,POWERPRO SERVICE CO. INC., 608 JOHNSON AVE. UNIT 6,,BOHEMIA,NY ,11716,USA,,631-567-2700,"Sales,Service,Up To 600kW,Mobile/Diesel/Gas,"
10457,Industrial/Commercial Sales & Service,00010134071002,PEAK POWER SYSTEMS, 99 SPRAGUE AVENUE,,MIDDLETOWN,NY ,10940,USA,www.peakpowersystems.com,845-344-1975,"Sales,Service,Up To 600kW,Mobile/Diesel/Gas,Rental,"
10457,Industrial/Commercial Sales & Service,00111209531002,HUNTINGTON POWER - LONG ISLAND, PO BOX 2040,,SHELTON,CT ,06484,USA,,631-586-7513,"Sales,"
10457,Industrial/Commercial Sales & Service,00010001761002,"GENSERVE, INC.", 115A TWINBRIDGE DR.,,PENNSAUKEN,NJ ,08110,USA,www.genserveinc.com,856-324-0459,"Service,"
10457,Industrial/Commercial Sales & Service,00010001621002,BROOKFIELD SERVICE, 708 GLEBE ROAD,,WESTMORELAND,NH ,03467,USA,www.brookfieldservice.com,802-485-6567,"Service,Up To 600kW,Mobile/Diesel/Gas,"
10457,Industrial/Commercial Sales & Service,00111184131002,HUNTER & LOMISON, 1956 W FOURTH ST,,WILLIAMSPORT,PA ,17701,USA,www.hunterlomison.com,570-326-1764,"Sales,Service,Up To 600kW,Mobile/Diesel/Gas,Rental,"
10457,Industrial/Commercial Sales & Service,00010000881002,HUNTER & LOMISON INC., 1956 W. 4TH STREET,,WILLIAMSPORT,PA ,17701,USA,www.hunterlomison.com,570-326-1764,"Service,Up To 600kW,Mobile/Diesel/Gas,"
10457,Industrial/Commercial Sales & Service,00010021101002,SOUTH SHORE GENERATOR INC-Quote, 2696A CRANBERRY HWY,,WAREHAM,MA ,02571,USA,,508-295-7336,"Sales,Service,Up To 600kW,Mobile/Diesel/Gas,"
10457,Industrial/Commercial Sales & Service,00010001701002,SOUTH SHORE GENERATOR INC, ,,EAST WAREHAM,MA ,02538,USA,,508-295-7336,"Financing,Sales,Service,Up To 600kW,Mobile/Diesel/Gas,"
10457,Industrial/Commercial Sales & Service,00111207431002,WARSHAUER ELECTRIC SUPPLY CO INC, 800 SHREWSBURY AVE,,TINTON FALLS,NJ ,07724,USA,www.warshauer.com,732-741-6400,"Service,"
10457,Industrial/Commercial Sales & Service,00010157021002,Mechanical Service Co, 1145 Oak St.,,Pittston,PA ,18640,USA,,570-654-2445,"Service,"
10458,Industrial/Commercial Sales & Service,00010214161002,"R.L. KISTLER, INC.", 35 HAMILTON LANE,,GLENMONT,NY ,12077,USA,,585-436-1940,"Sales,Service,"
10458,Industrial/Commercial Sales & Service,00010001611002,Huntington Power, 230 Long Hill Cross Rd,,Shelton,CT ,06484,USA,www.huntingtonpower.com,203-929-3203,"Sales,Service,Up To 2MW,Mobile/Diesel/Gas,Training,Rental,"
10458,Industrial/Commercial Sales & Service,00010214161002,"R.L. Kistler, Inc", 300 Mile Crossing Blvd.,,Rochester,NY ,14624,USA,rlkistler.com,585-436-1940,"Sales,"
10458,Industrial/Commercial Sales & Service,00010214161002,"R.L. Kistler, Inc", 5615 Business Ave.,,N. Syracuse,NY ,13208,USA,,315-458-2875,"Sales,"
10458,Industrial/Commercial Sales & Service,00010001611002,Huntington Power, 68 Enter Ln,,Islandia,NY ,11749,USA,,631-563-4943,"Sales,Service,Up To 2MW,Mobile/Diesel/Gas,"
10458,Industrial/Commercial Sales & Service,00010001611002,Huntington Power, 34 E DUDLEY TOWN RD.,,BLOOMFIELD,CT ,06002,USA,,860-289-8790,"Sales,Service,Rental,"
10458,Industrial/Commercial Sales & Service,00010214161002,"R.L. Kistler, Inc", 5615 Business Ave.,,N. Syracuse,NY ,13208,USA,,315-458-2875,"Sales,"
10458,Industrial/Commercial Sales & Service,00010208021002,Modern Group Power Systems, 2501 Durham Road,,Bristol,PA ,19007,USA,www.moderngroup.com,800-404-7291,"Sales,Service,Up To 2MW,Mobile/Diesel/Gas,Training,Rental,"
10458,Industrial/Commercial Sales & Service,00010001731002,Authorized Services Of New England, 410 Forest Street,,Marlborough,MA ,01752,USA,www.asne.com,888-890-9886,"Financing,Sales,Service,Up To 2MW,Mobile/Diesel/Gas,Training,Rental,"
10458,Industrial/Commercial Sales & Service,00010008091002,MODERN HANDLING EQUIP, 75 NEW STREET,,EDISON,NJ ,08837,USA,www.moderngroup.com,800-779-5116,"Sales,Service,Up To 2MW,Mobile/Diesel/Gas,"
10458,Industrial/Commercial Sales & Service,00010208021002,Modern Group Power Systems, 6352 Chapmans Rd,,Allentown,PA ,18106,USA,,800-404-7291,"Sales,Service,Up To 2MW,Mobile/Diesel/Gas,"
10458,Industrial/Commercial Sales & Service,00010208021002,Modern Group Power Systems, 200 Allied Parkway,,West Berlin,NJ ,08091,USA,,800-404-7291,"Sales,Service,Up To 2MW,Mobile/Diesel/Gas,"
10458,Industrial/Commercial Sales & Service,00010208021002,Modern Group Power Systems, 295 New Commerce Blvd.,,Wilkes Barre,PA ,18706,USA,,800-404-7291,"Sales,Service,Up To 2MW,Mobile/Diesel/Gas,"
10458,Industrial/Commercial Sales & Service,00010000931002,"EMERGENCY POWER SYSTEMS, LLC", 35 HAMILTON LANE,,GLENMONT,NY ,12077,USA,,800-914-1465,"Service,Up To 2MW,Mobile/Diesel/Gas,"
10458,Industrial/Commercial Sales & Service,00010000931002,"EMERGENCY POWER SYSTEMS, LLC", 35 HAMILTON LANE,,GLENMONT,NY ,12077,USA,,800-914-1465,"Service,"
10458,Industrial/Commercial Sales & Service,00010208021002,Modern Group Power Systems, 66A South Gate Blvd.,,New Castle,DE ,19720,USA,,800-404-7291,"Sales,Service,Up To 2MW,Mobile/Diesel/Gas,"
10458,Industrial/Commercial Sales & Service,00010001731002,AUTHORIZED SERVICES OF NEW ENGLAND, 410 FOREST STREET,,MARLBOROUGH,MA ,01752,USA,,888-890-9886,"Sales,"
10458,Industrial/Commercial Sales & Service,00010208021002,Modern Group Power Systems, 3480 Board Road,,York,PA ,17402,USA,,800-404-7291,"Sales,Service,Up To 2MW,Mobile/Diesel/Gas,"
10458,Industrial/Commercial Sales & Service,00010001761002,"GENSERVE, INC.", 100 NEWTOWN RD,,PLAINVIEW,NY ,11803,USA,www.genserveinc.com,631-435-0437,"Service,"
10458,Industrial/Commercial Sales & Service,00111209521002,LONG ISLAND EMERGENCY POWER -QO, 2 Ocean Avenue,,DEER PARK,NY ,11729,USA,,631-586-7513,"Sales,"
10458,Industrial/Commercial Sales & Service,00010139211002,POWERPRO SERVICE CO. INC., 608 JOHNSON AVE. UNIT 6,,BOHEMIA,NY ,11716,USA,,631-567-2700,"Sales,Service,Up To 600kW,Mobile/Diesel/Gas,"
10458,Industrial/Commercial Sales & Service,00010134071002,PEAK POWER SYSTEMS, 99 SPRAGUE AVENUE,,MIDDLETOWN,NY ,10940,USA,www.peakpowersystems.com,845-344-1975,"Sales,Service,Up To 600kW,Mobile/Diesel/Gas,Rental,"
10458,Industrial/Commercial Sales & Service,00111209531002,HUNTINGTON POWER - LONG ISLAND, PO BOX 2040,,SHELTON,CT ,06484,USA,,631-586-7513,"Sales,"
10458,Industrial/Commercial Sales & Service,00010001761002,"GENSERVE, INC.", 115A TWINBRIDGE DR.,,PENNSAUKEN,NJ ,08110,USA,www.genserveinc.com,856-324-0459,"Service,"
10458,Industrial/Commercial Sales & Service,00010001621002,BROOKFIELD SERVICE, 708 GLEBE ROAD,,WESTMORELAND,NH ,03467,USA,www.brookfieldservice.com,802-485-6567,"Service,Up To 600kW,Mobile/Diesel/Gas,"
10458,Industrial/Commercial Sales & Service,00111184131002,HUNTER & LOMISON, 1956 W FOURTH ST,,WILLIAMSPORT,PA ,17701,USA,www.hunterlomison.com,570-326-1764,"Sales,Service,Up To 600kW,Mobile/Diesel/Gas,Rental,"
10458,Industrial/Commercial Sales & Service,00010000881002,HUNTER & LOMISON INC., 1956 W. 4TH STREET,,WILLIAMSPORT,PA ,17701,USA,www.hunterlomison.com,570-326-1764,"Service,Up To 600kW,Mobile/Diesel/Gas,"
10458,Industrial/Commercial Sales & Service,00010021101002,SOUTH SHORE GENERATOR INC-Quote, 2696A CRANBERRY HWY,,WAREHAM,MA ,02571,USA,,508-295-7336,"Sales,Service,Up To 600kW,Mobile/Diesel/Gas,"
10458,Industrial/Commercial Sales & Service,00010001701002,SOUTH SHORE GENERATOR INC, ,,EAST WAREHAM,MA ,02538,USA,,508-295-7336,"Financing,Sales,Service,Up To 600kW,Mobile/Diesel/Gas,"
10458,Industrial/Commercial Sales & Service,00111207431002,WARSHAUER ELECTRIC SUPPLY CO INC, 800 SHREWSBURY AVE,,TINTON FALLS,NJ ,07724,USA,www.warshauer.com,732-741-6400,"Service,"
10458,Industrial/Commercial Sales & Service,00010157021002,Mechanical Service Co, 1145 Oak St.,,Pittston,PA ,18640,USA,,570-654-2445,"Service,"
10459,Industrial/Commercial Sales & Service,00010214161002,"R.L. KISTLER, INC.", 35 HAMILTON LANE,,GLENMONT,NY ,12077,USA,,585-436-1940,"Sales,Service,"
10459,Industrial/Commercial Sales & Service,00010001611002,Huntington Power, 230 Long Hill Cross Rd,,Shelton,CT ,06484,USA,www.huntingtonpower.com,203-929-3203,"Sales,Service,Up To 2MW,Mobile/Diesel/Gas,Training,Rental,"
10459,Industrial/Commercial Sales & Service,00010214161002,"R.L. Kistler, Inc", 300 Mile Crossing Blvd.,,Rochester,NY ,14624,USA,rlkistler.com,585-436-1940,"Sales,"
10459,Industrial/Commercial Sales & Service,00010214161002,"R.L. Kistler, Inc", 5615 Business Ave.,,N. Syracuse,NY ,13208,USA,,315-458-2875,"Sales,"
10459,Industrial/Commercial Sales & Service,00010001611002,Huntington Power, 68 Enter Ln,,Islandia,NY ,11749,USA,,631-563-4943,"Sales,Service,Up To 2MW,Mobile/Diesel/Gas,"
10459,Industrial/Commercial Sales & Service,00010001611002,Huntington Power, 34 E DUDLEY TOWN RD.,,BLOOMFIELD,CT ,06002,USA,,860-289-8790,"Sales,Service,Rental,"
10459,Industrial/Commercial Sales & Service,00010214161002,"R.L. Kistler, Inc", 5615 Business Ave.,,N. Syracuse,NY ,13208,USA,,315-458-2875,"Sales,"
10459,Industrial/Commercial Sales & Service,00010208021002,Modern Group Power Systems, 2501 Durham Road,,Bristol,PA ,19007,USA,www.moderngroup.com,800-404-7291,"Sales,Service,Up To 2MW,Mobile/Diesel/Gas,Training,Rental,"
10459,Industrial/Commercial Sales & Service,00010001731002,Authorized Services Of New England, 410 Forest Street,,Marlborough,MA ,01752,USA,www.asne.com,888-890-9886,"Financing,Sales,Service,Up To 2MW,Mobile/Diesel/Gas,Training,Rental,"
10459,Industrial/Commercial Sales & Service,00010008091002,MODERN HANDLING EQUIP, 75 NEW STREET,,EDISON,NJ ,08837,USA,www.moderngroup.com,800-779-5116,"Sales,Service,Up To 2MW,Mobile/Diesel/Gas,"
10459,Industrial/Commercial Sales & Service,00010208021002,Modern Group Power Systems, 6352 Chapmans Rd,,Allentown,PA ,18106,USA,,800-404-7291,"Sales,Service,Up To 2MW,Mobile/Diesel/Gas,"
10459,Industrial/Commercial Sales & Service,00010208021002,Modern Group Power Systems, 200 Allied Parkway,,West Berlin,NJ ,08091,USA,,800-404-7291,"Sales,Service,Up To 2MW,Mobile/Diesel/Gas,"
10459,Industrial/Commercial Sales & Service,00010208021002,Modern Group Power Systems, 295 New Commerce Blvd.,,Wilkes Barre,PA ,18706,USA,,800-404-7291,"Sales,Service,Up To 2MW,Mobile/Diesel/Gas,"
10459,Industrial/Commercial Sales & Service,00010208021002,Modern Group Power Systems, 66A South Gate Blvd.,,New Castle,DE ,19720,USA,,800-404-7291,"Sales,Service,Up To 2MW,Mobile/Diesel/Gas,"
10459,Industrial/Commercial Sales & Service,00010000931002,"EMERGENCY POWER SYSTEMS, LLC", 35 HAMILTON LANE,,GLENMONT,NY ,12077,USA,,800-914-1465,"Service,Up To 2MW,Mobile/Diesel/Gas,"
10459,Industrial/Commercial Sales & Service,00010000931002,"EMERGENCY POWER SYSTEMS, LLC", 35 HAMILTON LANE,,GLENMONT,NY ,12077,USA,,800-914-1465,"Service,"
10459,Industrial/Commercial Sales & Service,00010208021002,Modern Group Power Systems, 3480 Board Road,,York,PA ,17402,USA,,800-404-7291,"Sales,Service,Up To 2MW,Mobile/Diesel/Gas,"
10459,Industrial/Commercial Sales & Service,00010001731002,AUTHORIZED SERVICES OF NEW ENGLAND, 410 FOREST STREET,,MARLBOROUGH,MA ,01752,USA,,888-890-9886,"Sales,"
10459,Industrial/Commercial Sales & Service,00010001761002,"GENSERVE, INC.", 100 NEWTOWN RD,,PLAINVIEW,NY ,11803,USA,www.genserveinc.com,631-435-0437,"Service,"
10459,Industrial/Commercial Sales & Service,00111209521002,LONG ISLAND EMERGENCY POWER -QO, 2 Ocean Avenue,,DEER PARK,NY ,11729,USA,,631-586-7513,"Sales,"
10459,Industrial/Commercial Sales & Service,00010139211002,POWERPRO SERVICE CO. INC., 608 JOHNSON AVE. UNIT 6,,BOHEMIA,NY ,11716,USA,,631-567-2700,"Sales,Service,Up To 600kW,Mobile/Diesel/Gas,"
10459,Industrial/Commercial Sales & Service,00010134071002,PEAK POWER SYSTEMS, 99 SPRAGUE AVENUE,,MIDDLETOWN,NY ,10940,USA,www.peakpowersystems.com,845-344-1975,"Sales,Service,Up To 600kW,Mobile/Diesel/Gas,Rental,"
10459,Industrial/Commercial Sales & Service,00111209531002,HUNTINGTON POWER - LONG ISLAND, PO BOX 2040,,SHELTON,CT ,06484,USA,,631-586-7513,"Sales,"
10459,Industrial/Commercial Sales & Service,00010001761002,"GENSERVE, INC.", 115A TWINBRIDGE DR.,,PENNSAUKEN,NJ ,08110,USA,www.genserveinc.com,856-324-0459,"Service,"
10459,Industrial/Commercial Sales & Service,00010001621002,BROOKFIELD SERVICE, 708 GLEBE ROAD,,WESTMORELAND,NH ,03467,USA,www.brookfieldservice.com,802-485-6567,"Service,Up To 600kW,Mobile/Diesel/Gas,"
10459,Industrial/Commercial Sales & Service,00111184131002,HUNTER & LOMISON, 1956 W FOURTH ST,,WILLIAMSPORT,PA ,17701,USA,www.hunterlomison.com,570-326-1764,"Sales,Service,Up To 600kW,Mobile/Diesel/Gas,Rental,"
10459,Industrial/Commercial Sales & Service,00010000881002,HUNTER & LOMISON INC., 1956 W. 4TH STREET,,WILLIAMSPORT,PA ,17701,USA,www.hunterlomison.com,570-326-1764,"Service,Up To 600kW,Mobile/Diesel/Gas,"
10459,Industrial/Commercial Sales & Service,00010021101002,SOUTH SHORE GENERATOR INC-Quote, 2696A CRANBERRY HWY,,WAREHAM,MA ,02571,USA,,508-295-7336,"Sales,Service,Up To 600kW,Mobile/Diesel/Gas,"
10459,Industrial/Commercial Sales & Service,00010001701002,SOUTH SHORE GENERATOR INC, ,,EAST WAREHAM,MA ,02538,USA,,508-295-7336,"Financing,Sales,Service,Up To 600kW,Mobile/Diesel/Gas,"
10459,Industrial/Commercial Sales & Service,00111207431002,WARSHAUER ELECTRIC SUPPLY CO INC, 800 SHREWSBURY AVE,,TINTON FALLS,NJ ,07724,USA,www.warshauer.com,732-741-6400,"Service,"
10459,Industrial/Commercial Sales & Service,00010157021002,Mechanical Service Co, 1145 Oak St.,,Pittston,PA ,18640,USA,,570-654-2445,"Service,"
10460,Industrial/Commercial Sales & Service,00010001611002,Huntington Power, 230 Long Hill Cross Rd,,Shelton,CT ,06484,USA,www.huntingtonpower.com,203-929-3203,"Sales,Service,Up To 2MW,Mobile/Diesel/Gas,Training,Rental,"
10460,Industrial/Commercial Sales & Service,00010214161002,"R.L. Kistler, Inc", 300 Mile Crossing Blvd.,,Rochester,NY ,14624,USA,rlkistler.com,585-436-1940,"Sales,"
10460,Industrial/Commercial Sales & Service,00010214161002,"R.L. KISTLER, INC.", 35 HAMILTON LANE,,GLENMONT,NY ,12077,USA,,585-436-1940,"Sales,Service,"
10460,Industrial/Commercial Sales & Service,00010001611002,Huntington Power, 68 Enter Ln,,Islandia,NY ,11749,USA,,631-563-4943,"Sales,Service,Up To 2MW,Mobile/Diesel/Gas,"
10460,Industrial/Commercial Sales & Service,00010001611002,Huntington Power, 34 E DUDLEY TOWN RD.,,BLOOMFIELD,CT ,06002,USA,,860-289-8790,"Sales,Service,Rental,"
10460,Industrial/Commercial Sales & Service,00010214161002,"R.L. Kistler, Inc", 5615 Business Ave.,,N. Syracuse,NY ,13208,USA,,315-458-2875,"Sales,"
10460,Industrial/Commercial Sales & Service,00010214161002,"R.L. Kistler, Inc", 5615 Business Ave.,,N. Syracuse,NY ,13208,USA,,315-458-2875,"Sales,"
10460,Industrial/Commercial Sales & Service,00010208021002,Modern Group Power Systems, 2501 Durham Road,,Bristol,PA ,19007,USA,www.moderngroup.com,800-404-7291,"Sales,Service,Up To 2MW,Mobile/Diesel/Gas,Training,Rental,"
10460,Industrial/Commercial Sales & Service,00010001731002,Authorized Services Of New England, 410 Forest Street,,Marlborough,MA ,01752,USA,www.asne.com,888-890-9886,"Financing,Sales,Service,Up To 2MW,Mobile/Diesel/Gas,Training,Rental,"
10460,Industrial/Commercial Sales & Service,00010008091002,MODERN HANDLING EQUIP, 75 NEW STREET,,EDISON,NJ ,08837,USA,www.moderngroup.com,800-779-5116,"Sales,Service,Up To 2MW,Mobile/Diesel/Gas,"
10460,Industrial/Commercial Sales & Service,00010208021002,Modern Group Power Systems, 6352 Chapmans Rd,,Allentown,PA ,18106,USA,,800-404-7291,"Sales,Service,Up To 2MW,Mobile/Diesel/Gas,"
10460,Industrial/Commercial Sales & Service,00010208021002,Modern Group Power Systems, 200 Allied Parkway,,West Berlin,NJ ,08091,USA,,800-404-7291,"Sales,Service,Up To 2MW,Mobile/Diesel/Gas,"
10460,Industrial/Commercial Sales & Service,00010208021002,Modern Group Power Systems, 295 New Commerce Blvd.,,Wilkes Barre,PA ,18706,USA,,800-404-7291,"Sales,Service,Up To 2MW,Mobile/Diesel/Gas,"
10460,Industrial/Commercial Sales & Service,00010000931002,"EMERGENCY POWER SYSTEMS, LLC", 35 HAMILTON LANE,,GLENMONT,NY ,12077,USA,,800-914-1465,"Service,Up To 2MW,Mobile/Diesel/Gas,"
10460,Industrial/Commercial Sales & Service,00010000931002,"EMERGENCY POWER SYSTEMS, LLC", 35 HAMILTON LANE,,GLENMONT,NY ,12077,USA,,800-914-1465,"Service,"
10460,Industrial/Commercial Sales & Service,00010208021002,Modern Group Power Systems, 66A South Gate Blvd.,,New Castle,DE ,19720,USA,,800-404-7291,"Sales,Service,Up To 2MW,Mobile/Diesel/Gas,"
10460,Industrial/Commercial Sales & Service,00010001731002,AUTHORIZED SERVICES OF NEW ENGLAND, 410 FOREST STREET,,MARLBOROUGH,MA ,01752,USA,,888-890-9886,"Sales,"
10460,Industrial/Commercial Sales & Service,00010208021002,Modern Group Power Systems, 3480 Board Road,,York,PA ,17402,USA,,800-404-7291,"Sales,Service,Up To 2MW,Mobile/Diesel/Gas,"
10460,Industrial/Commercial Sales & Service,00010001761002,"GENSERVE, INC.", 100 NEWTOWN RD,,PLAINVIEW,NY ,11803,USA,www.genserveinc.com,631-435-0437,"Service,"
10460,Industrial/Commercial Sales & Service,00111209521002,LONG ISLAND EMERGENCY POWER -QO, 2 Ocean Avenue,,DEER PARK,NY ,11729,USA,,631-586-7513,"Sales,"
10460,Industrial/Commercial Sales & Service,00010139211002,POWERPRO SERVICE CO. INC., 608 JOHNSON AVE. UNIT 6,,BOHEMIA,NY ,11716,USA,,631-567-2700,"Sales,Service,Up To 600kW,Mobile/Diesel/Gas,"
10460,Industrial/Commercial Sales & Service,00111209531002,HUNTINGTON POWER - LONG ISLAND, PO BOX 2040,,SHELTON,CT ,06484,USA,,631-586-7513,"Sales,"
10460,Industrial/Commercial Sales & Service,00010134071002,PEAK POWER SYSTEMS, 99 SPRAGUE AVENUE,,MIDDLETOWN,NY ,10940,USA,www.peakpowersystems.com,845-344-1975,"Sales,Service,Up To 600kW,Mobile/Diesel/Gas,Rental,"
10460,Industrial/Commercial Sales & Service,00010001761002,"GENSERVE, INC.", 115A TWINBRIDGE DR.,,PENNSAUKEN,NJ ,08110,USA,www.genserveinc.com,856-324-0459,"Service,"
10460,Industrial/Commercial Sales & Service,00010001621002,BROOKFIELD SERVICE, 708 GLEBE ROAD,,WESTMORELAND,NH ,03467,USA,www.brookfieldservice.com,802-485-6567,"Service,Up To 600kW,Mobile/Diesel/Gas,"
10460,Industrial/Commercial Sales & Service,00111184131002,HUNTER & LOMISON, 1956 W FOURTH ST,,WILLIAMSPORT,PA ,17701,USA,www.hunterlomison.com,570-326-1764,"Sales,Service,Up To 600kW,Mobile/Diesel/Gas,Rental,"
10460,Industrial/Commercial Sales & Service,00010000881002,HUNTER & LOMISON INC., 1956 W. 4TH STREET,,WILLIAMSPORT,PA ,17701,USA,www.hunterlomison.com,570-326-1764,"Service,Up To 600kW,Mobile/Diesel/Gas,"
10460,Industrial/Commercial Sales & Service,00010021101002,SOUTH SHORE GENERATOR INC-Quote, 2696A CRANBERRY HWY,,WAREHAM,MA ,02571,USA,,508-295-7336,"Sales,Service,Up To 600kW,Mobile/Diesel/Gas,"
10460,Industrial/Commercial Sales & Service,00010001701002,SOUTH SHORE GENERATOR INC, ,,EAST WAREHAM,MA ,02538,USA,,508-295-7336,"Financing,Sales,Service,Up To 600kW,Mobile/Diesel/Gas,"
10460,Industrial/Commercial Sales & Service,00111207431002,WARSHAUER ELECTRIC SUPPLY CO INC, 800 SHREWSBURY AVE,,TINTON FALLS,NJ ,07724,USA,www.warshauer.com,732-741-6400,"Service,"
10460,Industrial/Commercial Sales & Service,00010157021002,Mechanical Service Co, 1145 Oak St.,,Pittston,PA ,18640,USA,,570-654-2445,"Service,"
10461,Industrial/Commercial Sales & Service,00010001611002,Huntington Power, 230 Long Hill Cross Rd,,Shelton,CT ,06484,USA,www.huntingtonpower.com,203-929-3203,"Sales,Service,Up To 2MW,Mobile/Diesel/Gas,Training,Rental,"
10461,Industrial/Commercial Sales & Service,00010214161002,"R.L. KISTLER, INC.", 35 HAMILTON LANE,,GLENMONT,NY ,12077,USA,,585-436-1940,"Sales,Service,"
10461,Industrial/Commercial Sales & Service,00010214161002,"R.L. Kistler, Inc", 300 Mile Crossing Blvd.,,Rochester,NY ,14624,USA,rlkistler.com,585-436-1940,"Sales,"
10461,Industrial/Commercial Sales & Service,00010001611002,Huntington Power, 68 Enter Ln,,Islandia,NY ,11749,USA,,631-563-4943,"Sales,Service,Up To 2MW,Mobile/Diesel/Gas,"
10461,Industrial/Commercial Sales & Service,00010001611002,Huntington Power, 34 E DUDLEY TOWN RD.,,BLOOMFIELD,CT ,06002,USA,,860-289-8790,"Sales,Service,Rental,"
10461,Industrial/Commercial Sales & Service,00010214161002,"R.L. Kistler, Inc", 5615 Business Ave.,,N. Syracuse,NY ,13208,USA,,315-458-2875,"Sales,"
10461,Industrial/Commercial Sales & Service,00010214161002,"R.L. Kistler, Inc", 5615 Business Ave.,,N. Syracuse,NY ,13208,USA,,315-458-2875,"Sales,"
10461,Industrial/Commercial Sales & Service,00010208021002,Modern Group Power Systems, 2501 Durham Road,,Bristol,PA ,19007,USA,www.moderngroup.com,800-404-7291,"Sales,Service,Up To 2MW,Mobile/Diesel/Gas,Training,Rental,"
10461,Industrial/Commercial Sales & Service,00010001731002,Authorized Services Of New England, 410 Forest Street,,Marlborough,MA ,01752,USA,www.asne.com,888-890-9886,"Financing,Sales,Service,Up To 2MW,Mobile/Diesel/Gas,Training,Rental,"
10461,Industrial/Commercial Sales & Service,00010008091002,MODERN HANDLING EQUIP, 75 NEW STREET,,EDISON,NJ ,08837,USA,www.moderngroup.com,800-779-5116,"Sales,Service,Up To 2MW,Mobile/Diesel/Gas,"
10461,Industrial/Commercial Sales & Service,00010208021002,Modern Group Power Systems, 6352 Chapmans Rd,,Allentown,PA ,18106,USA,,800-404-7291,"Sales,Service,Up To 2MW,Mobile/Diesel/Gas,"
10461,Industrial/Commercial Sales & Service,00010208021002,Modern Group Power Systems, 200 Allied Parkway,,West Berlin,NJ ,08091,USA,,800-404-7291,"Sales,Service,Up To 2MW,Mobile/Diesel/Gas,"
10461,Industrial/Commercial Sales & Service,00010208021002,Modern Group Power Systems, 295 New Commerce Blvd.,,Wilkes Barre,PA ,18706,USA,,800-404-7291,"Sales,Service,Up To 2MW,Mobile/Diesel/Gas,"
10461,Industrial/Commercial Sales & Service,00010000931002,"EMERGENCY POWER SYSTEMS, LLC", 35 HAMILTON LANE,,GLENMONT,NY ,12077,USA,,800-914-1465,"Service,Up To 2MW,Mobile/Diesel/Gas,"
10461,Industrial/Commercial Sales & Service,00010000931002,"EMERGENCY POWER SYSTEMS, LLC", 35 HAMILTON LANE,,GLENMONT,NY ,12077,USA,,800-914-1465,"Service,"
10461,Industrial/Commercial Sales & Service,00010208021002,Modern Group Power Systems, 66A South Gate Blvd.,,New Castle,DE ,19720,USA,,800-404-7291,"Sales,Service,Up To 2MW,Mobile/Diesel/Gas,"
10461,Industrial/Commercial Sales & Service,00010001731002,AUTHORIZED SERVICES OF NEW ENGLAND, 410 FOREST STREET,,MARLBOROUGH,MA ,01752,USA,,888-890-9886,"Sales,"
10461,Industrial/Commercial Sales & Service,00010208021002,Modern Group Power Systems, 3480 Board Road,,York,PA ,17402,USA,,800-404-7291,"Sales,Service,Up To 2MW,Mobile/Diesel/Gas,"
10461,Industrial/Commercial Sales & Service,00010001761002,"GENSERVE, INC.", 100 NEWTOWN RD,,PLAINVIEW,NY ,11803,USA,www.genserveinc.com,631-435-0437,"Service,"
10461,Industrial/Commercial Sales & Service,00111209521002,LONG ISLAND EMERGENCY POWER -QO, 2 Ocean Avenue,,DEER PARK,NY ,11729,USA,,631-586-7513,"Sales,"
10461,Industrial/Commercial Sales & Service,00010139211002,POWERPRO SERVICE CO. INC., 608 JOHNSON AVE. UNIT 6,,BOHEMIA,NY ,11716,USA,,631-567-2700,"Sales,Service,Up To 600kW,Mobile/Diesel/Gas,"
10461,Industrial/Commercial Sales & Service,00111209531002,HUNTINGTON POWER - LONG ISLAND, PO BOX 2040,,SHELTON,CT ,06484,USA,,631-586-7513,"Sales,"
10461,Industrial/Commercial Sales & Service,00010134071002,PEAK POWER SYSTEMS, 99 SPRAGUE AVENUE,,MIDDLETOWN,NY ,10940,USA,www.peakpowersystems.com,845-344-1975,"Sales,Service,Up To 600kW,Mobile/Diesel/Gas,Rental,"
10461,Industrial/Commercial Sales & Service,00010001761002,"GENSERVE, INC.", 115A TWINBRIDGE DR.,,PENNSAUKEN,NJ ,08110,USA,www.genserveinc.com,856-324-0459,"Service,"
10461,Industrial/Commercial Sales & Service,00010001621002,BROOKFIELD SERVICE, 708 GLEBE ROAD,,WESTMORELAND,NH ,03467,USA,www.brookfieldservice.com,802-485-6567,"Service,Up To 600kW,Mobile/Diesel/Gas,"
10461,Industrial/Commercial Sales & Service,00111184131002,HUNTER & LOMISON, 1956 W FOURTH ST,,WILLIAMSPORT,PA ,17701,USA,www.hunterlomison.com,570-326-1764,"Sales,Service,Up To 600kW,Mobile/Diesel/Gas,Rental,"
10461,Industrial/Commercial Sales & Service,00010000881002,HUNTER & LOMISON INC., 1956 W. 4TH STREET,,WILLIAMSPORT,PA ,17701,USA,www.hunterlomison.com,570-326-1764,"Service,Up To 600kW,Mobile/Diesel/Gas,"
10461,Industrial/Commercial Sales & Service,00010021101002,SOUTH SHORE GENERATOR INC-Quote, 2696A CRANBERRY HWY,,WAREHAM,MA ,02571,USA,,508-295-7336,"Sales,Service,Up To 600kW,Mobile/Diesel/Gas,"
10461,Industrial/Commercial Sales & Service,00010001701002,SOUTH SHORE GENERATOR INC, ,,EAST WAREHAM,MA ,02538,USA,,508-295-7336,"Financing,Sales,Service,Up To 600kW,Mobile/Diesel/Gas,"
10461,Industrial/Commercial Sales & Service,00111207431002,WARSHAUER ELECTRIC SUPPLY CO INC, 800 SHREWSBURY AVE,,TINTON FALLS,NJ ,07724,USA,www.warshauer.com,732-741-6400,"Service,"
10461,Industrial/Commercial Sales & Service,00010157021002,Mechanical Service Co, 1145 Oak St.,,Pittston,PA ,18640,USA,,570-654-2445,"Service,"
10462,Industrial/Commercial Sales & Service,00010214161002,"R.L. KISTLER, INC.", 35 HAMILTON LANE,,GLENMONT,NY ,12077,USA,,585-436-1940,"Sales,Service,"
10462,Industrial/Commercial Sales & Service,00010214161002,"R.L. Kistler, Inc", 300 Mile Crossing Blvd.,,Rochester,NY ,14624,USA,rlkistler.com,585-436-1940,"Sales,"
10462,Industrial/Commercial Sales & Service,00010001611002,Huntington Power, 230 Long Hill Cross Rd,,Shelton,CT ,06484,USA,www.huntingtonpower.com,203-929-3203,"Sales,Service,Up To 2MW,Mobile/Diesel/Gas,Training,Rental,"
10462,Industrial/Commercial Sales & Service,00010214161002,"R.L. Kistler, Inc", 5615 Business Ave.,,N. Syracuse,NY ,13208,USA,,315-458-2875,"Sales,"
10462,Industrial/Commercial Sales & Service,00010214161002,"R.L. Kistler, Inc", 5615 Business Ave.,,N. Syracuse,NY ,13208,USA,,315-458-2875,"Sales,"
10462,Industrial/Commercial Sales & Service,00010001611002,Huntington Power, 68 Enter Ln,,Islandia,NY ,11749,USA,,631-563-4943,"Sales,Service,Up To 2MW,Mobile/Diesel/Gas,"
10462,Industrial/Commercial Sales & Service,00010001611002,Huntington Power, 34 E DUDLEY TOWN RD.,,BLOOMFIELD,CT ,06002,USA,,860-289-8790,"Sales,Service,Rental,"
10462,Industrial/Commercial Sales & Service,00010208021002,Modern Group Power Systems, 2501 Durham Road,,Bristol,PA ,19007,USA,www.moderngroup.com,800-404-7291,"Sales,Service,Up To 2MW,Mobile/Diesel/Gas,Training,Rental,"
10462,Industrial/Commercial Sales & Service,00010001731002,Authorized Services Of New England, 410 Forest Street,,Marlborough,MA ,01752,USA,www.asne.com,888-890-9886,"Financing,Sales,Service,Up To 2MW,Mobile/Diesel/Gas,Training,Rental,"
10462,Industrial/Commercial Sales & Service,00010008091002,MODERN HANDLING EQUIP, 75 NEW STREET,,EDISON,NJ ,08837,USA,www.moderngroup.com,800-779-5116,"Sales,Service,Up To 2MW,Mobile/Diesel/Gas,"
10462,Industrial/Commercial Sales & Service,00010208021002,Modern Group Power Systems, 6352 Chapmans Rd,,Allentown,PA ,18106,USA,,800-404-7291,"Sales,Service,Up To 2MW,Mobile/Diesel/Gas,"
10462,Industrial/Commercial Sales & Service,00010208021002,Modern Group Power Systems, 200 Allied Parkway,,West Berlin,NJ ,08091,USA,,800-404-7291,"Sales,Service,Up To 2MW,Mobile/Diesel/Gas,"
10462,Industrial/Commercial Sales & Service,00010208021002,Modern Group Power Systems, 295 New Commerce Blvd.,,Wilkes Barre,PA ,18706,USA,,800-404-7291,"Sales,Service,Up To 2MW,Mobile/Diesel/Gas,"
10462,Industrial/Commercial Sales & Service,00010000931002,"EMERGENCY POWER SYSTEMS, LLC", 35 HAMILTON LANE,,GLENMONT,NY ,12077,USA,,800-914-1465,"Service,Up To 2MW,Mobile/Diesel/Gas,"
10462,Industrial/Commercial Sales & Service,00010000931002,"EMERGENCY POWER SYSTEMS, LLC", 35 HAMILTON LANE,,GLENMONT,NY ,12077,USA,,800-914-1465,"Service,"
10462,Industrial/Commercial Sales & Service,00010208021002,Modern Group Power Systems, 66A South Gate Blvd.,,New Castle,DE ,19720,USA,,800-404-7291,"Sales,Service,Up To 2MW,Mobile/Diesel/Gas,"
10462,Industrial/Commercial Sales & Service,00010001731002,AUTHORIZED SERVICES OF NEW ENGLAND, 410 FOREST STREET,,MARLBOROUGH,MA ,01752,USA,,888-890-9886,"Sales,"
10462,Industrial/Commercial Sales & Service,00010208021002,Modern Group Power Systems, 3480 Board Road,,York,PA ,17402,USA,,800-404-7291,"Sales,Service,Up To 2MW,Mobile/Diesel/Gas,"
10462,Industrial/Commercial Sales & Service,00010001761002,"GENSERVE, INC.", 100 NEWTOWN RD,,PLAINVIEW,NY ,11803,USA,www.genserveinc.com,631-435-0437,"Service,"
10462,Industrial/Commercial Sales & Service,00111209521002,LONG ISLAND EMERGENCY POWER -QO, 2 Ocean Avenue,,DEER PARK,NY ,11729,USA,,631-586-7513,"Sales,"
10462,Industrial/Commercial Sales & Service,00010139211002,POWERPRO SERVICE CO. INC., 608 JOHNSON AVE. UNIT 6,,BOHEMIA,NY ,11716,USA,,631-567-2700,"Sales,Service,Up To 600kW,Mobile/Diesel/Gas,"
10462,Industrial/Commercial Sales & Service,00111209531002,HUNTINGTON POWER - LONG ISLAND, PO BOX 2040,,SHELTON,CT ,06484,USA,,631-586-7513,"Sales,"
10462,Industrial/Commercial Sales & Service,00010134071002,PEAK POWER SYSTEMS, 99 SPRAGUE AVENUE,,MIDDLETOWN,NY ,10940,USA,www.peakpowersystems.com,845-344-1975,"Sales,Service,Up To 600kW,Mobile/Diesel/Gas,Rental,"
10462,Industrial/Commercial Sales & Service,00010001761002,"GENSERVE, INC.", 115A TWINBRIDGE DR.,,PENNSAUKEN,NJ ,08110,USA,www.genserveinc.com,856-324-0459,"Service,"
10462,Industrial/Commercial Sales & Service,00010001621002,BROOKFIELD SERVICE, 708 GLEBE ROAD,,WESTMORELAND,NH ,03467,USA,www.brookfieldservice.com,802-485-6567,"Service,Up To 600kW,Mobile/Diesel/Gas,"
10462,Industrial/Commercial Sales & Service,00111184131002,HUNTER & LOMISON, 1956 W FOURTH ST,,WILLIAMSPORT,PA ,17701,USA,www.hunterlomison.com,570-326-1764,"Sales,Service,Up To 600kW,Mobile/Diesel/Gas,Rental,"
10462,Industrial/Commercial Sales & Service,00010000881002,HUNTER & LOMISON INC., 1956 W. 4TH STREET,,WILLIAMSPORT,PA ,17701,USA,www.hunterlomison.com,570-326-1764,"Service,Up To 600kW,Mobile/Diesel/Gas,"
10462,Industrial/Commercial Sales & Service,00010021101002,SOUTH SHORE GENERATOR INC-Quote, 2696A CRANBERRY HWY,,WAREHAM,MA ,02571,USA,,508-295-7336,"Sales,Service,Up To 600kW,Mobile/Diesel/Gas,"
10462,Industrial/Commercial Sales & Service,00010001701002,SOUTH SHORE GENERATOR INC, ,,EAST WAREHAM,MA ,02538,USA,,508-295-7336,"Financing,Sales,Service,Up To 600kW,Mobile/Diesel/Gas,"
10462,Industrial/Commercial Sales & Service,00111207431002,WARSHAUER ELECTRIC SUPPLY CO INC, 800 SHREWSBURY AVE,,TINTON FALLS,NJ ,07724,USA,www.warshauer.com,732-741-6400,"Service,"
10462,Industrial/Commercial Sales & Service,00010157021002,Mechanical Service Co, 1145 Oak St.,,Pittston,PA ,18640,USA,,570-654-2445,"Service,"
10463,Industrial/Commercial Sales & Service,00010214161002,"R.L. Kistler, Inc", 300 Mile Crossing Blvd.,,Rochester,NY ,14624,USA,rlkistler.com,585-436-1940,"Sales,"
10463,Industrial/Commercial Sales & Service,00010001611002,Huntington Power, 230 Long Hill Cross Rd,,Shelton,CT ,06484,USA,www.huntingtonpower.com,203-929-3203,"Sales,Service,Up To 2MW,Mobile/Diesel/Gas,Training,Rental,"
10463,Industrial/Commercial Sales & Service,00010214161002,"R.L. KISTLER, INC.", 35 HAMILTON LANE,,GLENMONT,NY ,12077,USA,,585-436-1940,"Sales,Service,"
10463,Industrial/Commercial Sales & Service,00010214161002,"R.L. Kistler, Inc", 5615 Business Ave.,,N. Syracuse,NY ,13208,USA,,315-458-2875,"Sales,"
10463,Industrial/Commercial Sales & Service,00010001611002,Huntington Power, 68 Enter Ln,,Islandia,NY ,11749,USA,,631-563-4943,"Sales,Service,Up To 2MW,Mobile/Diesel/Gas,"
10463,Industrial/Commercial Sales & Service,00010001611002,Huntington Power, 34 E DUDLEY TOWN RD.,,BLOOMFIELD,CT ,06002,USA,,860-289-8790,"Sales,Service,Rental,"
10463,Industrial/Commercial Sales & Service,00010214161002,"R.L. Kistler, Inc", 5615 Business Ave.,,N. Syracuse,NY ,13208,USA,,315-458-2875,"Sales,"
10463,Industrial/Commercial Sales & Service,00010208021002,Modern Group Power Systems, 2501 Durham Road,,Bristol,PA ,19007,USA,www.moderngroup.com,800-404-7291,"Sales,Service,Up To 2MW,Mobile/Diesel/Gas,Training,Rental,"
10463,Industrial/Commercial Sales & Service,00010001731002,Authorized Services Of New England, 410 Forest Street,,Marlborough,MA ,01752,USA,www.asne.com,888-890-9886,"Financing,Sales,Service,Up To 2MW,Mobile/Diesel/Gas,Training,Rental,"
10463,Industrial/Commercial Sales & Service,00010008091002,MODERN HANDLING EQUIP, 75 NEW STREET,,EDISON,NJ ,08837,USA,www.moderngroup.com,800-779-5116,"Sales,Service,Up To 2MW,Mobile/Diesel/Gas,"
10463,Industrial/Commercial Sales & Service,00010208021002,Modern Group Power Systems, 6352 Chapmans Rd,,Allentown,PA ,18106,USA,,800-404-7291,"Sales,Service,Up To 2MW,Mobile/Diesel/Gas,"
10463,Industrial/Commercial Sales & Service,00010208021002,Modern Group Power Systems, 200 Allied Parkway,,West Berlin,NJ ,08091,USA,,800-404-7291,"Sales,Service,Up To 2MW,Mobile/Diesel/Gas,"
10463,Industrial/Commercial Sales & Service,00010208021002,Modern Group Power Systems, 295 New Commerce Blvd.,,Wilkes Barre,PA ,18706,USA,,800-404-7291,"Sales,Service,Up To 2MW,Mobile/Diesel/Gas,"
10463,Industrial/Commercial Sales & Service,00010000931002,"EMERGENCY POWER SYSTEMS, LLC", 35 HAMILTON LANE,,GLENMONT,NY ,12077,USA,,800-914-1465,"Service,Up To 2MW,Mobile/Diesel/Gas,"
10463,Industrial/Commercial Sales & Service,00010000931002,"EMERGENCY POWER SYSTEMS, LLC", 35 HAMILTON LANE,,GLENMONT,NY ,12077,USA,,800-914-1465,"Service,"
10463,Industrial/Commercial Sales & Service,00010208021002,Modern Group Power Systems, 66A South Gate Blvd.,,New Castle,DE ,19720,USA,,800-404-7291,"Sales,Service,Up To 2MW,Mobile/Diesel/Gas,"
10463,Industrial/Commercial Sales & Service,00010001731002,AUTHORIZED SERVICES OF NEW ENGLAND, 410 FOREST STREET,,MARLBOROUGH,MA ,01752,USA,,888-890-9886,"Sales,"
10463,Industrial/Commercial Sales & Service,00010208021002,Modern Group Power Systems, 3480 Board Road,,York,PA ,17402,USA,,800-404-7291,"Sales,Service,Up To 2MW,Mobile/Diesel/Gas,"
10463,Industrial/Commercial Sales & Service,00010001761002,"GENSERVE, INC.", 100 NEWTOWN RD,,PLAINVIEW,NY ,11803,USA,www.genserveinc.com,631-435-0437,"Service,"
10463,Industrial/Commercial Sales & Service,00111209521002,LONG ISLAND EMERGENCY POWER -QO, 2 Ocean Avenue,,DEER PARK,NY ,11729,USA,,631-586-7513,"Sales,"
10463,Industrial/Commercial Sales & Service,00010139211002,POWERPRO SERVICE CO. INC., 608 JOHNSON AVE. UNIT 6,,BOHEMIA,NY ,11716,USA,,631-567-2700,"Sales,Service,Up To 600kW,Mobile/Diesel/Gas,"
10463,Industrial/Commercial Sales & Service,00010134071002,PEAK POWER SYSTEMS, 99 SPRAGUE AVENUE,,MIDDLETOWN,NY ,10940,USA,www.peakpowersystems.com,845-344-1975,"Sales,Service,Up To 600kW,Mobile/Diesel/Gas,Rental,"
10463,Industrial/Commercial Sales & Service,00111209531002,HUNTINGTON POWER - LONG ISLAND, PO BOX 2040,,SHELTON,CT ,06484,USA,,631-586-7513,"Sales,"
10463,Industrial/Commercial Sales & Service,00010001761002,"GENSERVE, INC.", 115A TWINBRIDGE DR.,,PENNSAUKEN,NJ ,08110,USA,www.genserveinc.com,856-324-0459,"Service,"
10463,Industrial/Commercial Sales & Service,00010001621002,BROOKFIELD SERVICE, 708 GLEBE ROAD,,WESTMORELAND,NH ,03467,USA,www.brookfieldservice.com,802-485-6567,"Service,Up To 600kW,Mobile/Diesel/Gas,"
10463,Industrial/Commercial Sales & Service,00111184131002,HUNTER & LOMISON, 1956 W FOURTH ST,,WILLIAMSPORT,PA ,17701,USA,www.hunterlomison.com,570-326-1764,"Sales,Service,Up To 600kW,Mobile/Diesel/Gas,Rental,"
10463,Industrial/Commercial Sales & Service,00010000881002,HUNTER & LOMISON INC., 1956 W. 4TH STREET,,WILLIAMSPORT,PA ,17701,USA,www.hunterlomison.com,570-326-1764,"Service,Up To 600kW,Mobile/Diesel/Gas,"
10463,Industrial/Commercial Sales & Service,00010021101002,SOUTH SHORE GENERATOR INC-Quote, 2696A CRANBERRY HWY,,WAREHAM,MA ,02571,USA,,508-295-7336,"Sales,Service,Up To 600kW,Mobile/Diesel/Gas,"
10463,Industrial/Commercial Sales & Service,00010001701002,SOUTH SHORE GENERATOR INC, ,,EAST WAREHAM,MA ,02538,USA,,508-295-7336,"Financing,Sales,Service,Up To 600kW,Mobile/Diesel/Gas,"
10463,Industrial/Commercial Sales & Service,00111207431002,WARSHAUER ELECTRIC SUPPLY CO INC, 800 SHREWSBURY AVE,,TINTON FALLS,NJ ,07724,USA,www.warshauer.com,732-741-6400,"Service,"
10463,Industrial/Commercial Sales & Service,00010157021002,Mechanical Service Co, 1145 Oak St.,,Pittston,PA ,18640,USA,,570-654-2445,"Service,"
10464,Industrial/Commercial Sales & Service,00010214161002,"R.L. Kistler, Inc", 300 Mile Crossing Blvd.,,Rochester,NY ,14624,USA,rlkistler.com,585-436-1940,"Sales,"
10464,Industrial/Commercial Sales & Service,00010001611002,Huntington Power, 230 Long Hill Cross Rd,,Shelton,CT ,06484,USA,www.huntingtonpower.com,203-929-3203,"Sales,Service,Up To 2MW,Mobile/Diesel/Gas,Training,Rental,"
10464,Industrial/Commercial Sales & Service,00010214161002,"R.L. KISTLER, INC.", 35 HAMILTON LANE,,GLENMONT,NY ,12077,USA,,585-436-1940,"Sales,Service,"
10464,Industrial/Commercial Sales & Service,00010214161002,"R.L. Kistler, Inc", 5615 Business Ave.,,N. Syracuse,NY ,13208,USA,,315-458-2875,"Sales,"
10464,Industrial/Commercial Sales & Service,00010001611002,Huntington Power, 68 Enter Ln,,Islandia,NY ,11749,USA,,631-563-4943,"Sales,Service,Up To 2MW,Mobile/Diesel/Gas,"
10464,Industrial/Commercial Sales & Service,00010001611002,Huntington Power, 34 E DUDLEY TOWN RD.,,BLOOMFIELD,CT ,06002,USA,,860-289-8790,"Sales,Service,Rental,"
10464,Industrial/Commercial Sales & Service,00010214161002,"R.L. Kistler, Inc", 5615 Business Ave.,,N. Syracuse,NY ,13208,USA,,315-458-2875,"Sales,"
10464,Industrial/Commercial Sales & Service,00010208021002,Modern Group Power Systems, 2501 Durham Road,,Bristol,PA ,19007,USA,www.moderngroup.com,800-404-7291,"Sales,Service,Up To 2MW,Mobile/Diesel/Gas,Training,Rental,"
10464,Industrial/Commercial Sales & Service,00010001731002,Authorized Services Of New England, 410 Forest Street,,Marlborough,MA ,01752,USA,www.asne.com,888-890-9886,"Financing,Sales,Service,Up To 2MW,Mobile/Diesel/Gas,Training,Rental,"
10464,Industrial/Commercial Sales & Service,00010008091002,MODERN HANDLING EQUIP, 75 NEW STREET,,EDISON,NJ ,08837,USA,www.moderngroup.com,800-779-5116,"Sales,Service,Up To 2MW,Mobile/Diesel/Gas,"
10464,Industrial/Commercial Sales & Service,00010208021002,Modern Group Power Systems, 6352 Chapmans Rd,,Allentown,PA ,18106,USA,,800-404-7291,"Sales,Service,Up To 2MW,Mobile/Diesel/Gas,"
10464,Industrial/Commercial Sales & Service,00010208021002,Modern Group Power Systems, 200 Allied Parkway,,West Berlin,NJ ,08091,USA,,800-404-7291,"Sales,Service,Up To 2MW,Mobile/Diesel/Gas,"
10464,Industrial/Commercial Sales & Service,00010208021002,Modern Group Power Systems, 295 New Commerce Blvd.,,Wilkes Barre,PA ,18706,USA,,800-404-7291,"Sales,Service,Up To 2MW,Mobile/Diesel/Gas,"
10464,Industrial/Commercial Sales & Service,00010000931002,"EMERGENCY POWER SYSTEMS, LLC", 35 HAMILTON LANE,,GLENMONT,NY ,12077,USA,,800-914-1465,"Service,Up To 2MW,Mobile/Diesel/Gas,"
10464,Industrial/Commercial Sales & Service,00010000931002,"EMERGENCY POWER SYSTEMS, LLC", 35 HAMILTON LANE,,GLENMONT,NY ,12077,USA,,800-914-1465,"Service,"
10464,Industrial/Commercial Sales & Service,00010208021002,Modern Group Power Systems, 66A South Gate Blvd.,,New Castle,DE ,19720,USA,,800-404-7291,"Sales,Service,Up To 2MW,Mobile/Diesel/Gas,"
10464,Industrial/Commercial Sales & Service,00010001731002,AUTHORIZED SERVICES OF NEW ENGLAND, 410 FOREST STREET,,MARLBOROUGH,MA ,01752,USA,,888-890-9886,"Sales,"
10464,Industrial/Commercial Sales & Service,00010208021002,Modern Group Power Systems, 3480 Board Road,,York,PA ,17402,USA,,800-404-7291,"Sales,Service,Up To 2MW,Mobile/Diesel/Gas,"
10464,Industrial/Commercial Sales & Service,00010001761002,"GENSERVE, INC.", 100 NEWTOWN RD,,PLAINVIEW,NY ,11803,USA,www.genserveinc.com,631-435-0437,"Service,"
10464,Industrial/Commercial Sales & Service,00111209521002,LONG ISLAND EMERGENCY POWER -QO, 2 Ocean Avenue,,DEER PARK,NY ,11729,USA,,631-586-7513,"Sales,"
10464,Industrial/Commercial Sales & Service,00010139211002,POWERPRO SERVICE CO. INC., 608 JOHNSON AVE. UNIT 6,,BOHEMIA,NY ,11716,USA,,631-567-2700,"Sales,Service,Up To 600kW,Mobile/Diesel/Gas,"
10464,Industrial/Commercial Sales & Service,00111209531002,HUNTINGTON POWER - LONG ISLAND, PO BOX 2040,,SHELTON,CT ,06484,USA,,631-586-7513,"Sales,"
10464,Industrial/Commercial Sales & Service,00010134071002,PEAK POWER SYSTEMS, 99 SPRAGUE AVENUE,,MIDDLETOWN,NY ,10940,USA,www.peakpowersystems.com,845-344-1975,"Sales,Service,Up To 600kW,Mobile/Diesel/Gas,Rental,"
10464,Industrial/Commercial Sales & Service,00010001761002,"GENSERVE, INC.", 115A TWINBRIDGE DR.,,PENNSAUKEN,NJ ,08110,USA,www.genserveinc.com,856-324-0459,"Service,"
10464,Industrial/Commercial Sales & Service,00010001621002,BROOKFIELD SERVICE, 708 GLEBE ROAD,,WESTMORELAND,NH ,03467,USA,www.brookfieldservice.com,802-485-6567,"Service,Up To 600kW,Mobile/Diesel/Gas,"
10464,Industrial/Commercial Sales & Service,00111184131002,HUNTER & LOMISON, 1956 W FOURTH ST,,WILLIAMSPORT,PA ,17701,USA,www.hunterlomison.com,570-326-1764,"Sales,Service,Up To 600kW,Mobile/Diesel/Gas,Rental,"
10464,Industrial/Commercial Sales & Service,00010000881002,HUNTER & LOMISON INC., 1956 W. 4TH STREET,,WILLIAMSPORT,PA ,17701,USA,www.hunterlomison.com,570-326-1764,"Service,Up To 600kW,Mobile/Diesel/Gas,"
10464,Industrial/Commercial Sales & Service,00010021101002,SOUTH SHORE GENERATOR INC-Quote, 2696A CRANBERRY HWY,,WAREHAM,MA ,02571,USA,,508-295-7336,"Sales,Service,Up To 600kW,Mobile/Diesel/Gas,"
10464,Industrial/Commercial Sales & Service,00010001701002,SOUTH SHORE GENERATOR INC, ,,EAST WAREHAM,MA ,02538,USA,,508-295-7336,"Financing,Sales,Service,Up To 600kW,Mobile/Diesel/Gas,"
10464,Industrial/Commercial Sales & Service,00111207431002,WARSHAUER ELECTRIC SUPPLY CO INC, 800 SHREWSBURY AVE,,TINTON FALLS,NJ ,07724,USA,www.warshauer.com,732-741-6400,"Service,"
10464,Industrial/Commercial Sales & Service,00010157021002,Mechanical Service Co, 1145 Oak St.,,Pittston,PA ,18640,USA,,570-654-2445,"Service,"
10465,Industrial/Commercial Sales & Service,00010214161002,"R.L. Kistler, Inc", 300 Mile Crossing Blvd.,,Rochester,NY ,14624,USA,rlkistler.com,585-436-1940,"Sales,"
10465,Industrial/Commercial Sales & Service,00010001611002,Huntington Power, 230 Long Hill Cross Rd,,Shelton,CT ,06484,USA,www.huntingtonpower.com,203-929-3203,"Sales,Service,Up To 2MW,Mobile/Diesel/Gas,Training,Rental,"
10465,Industrial/Commercial Sales & Service,00010214161002,"R.L. KISTLER, INC.", 35 HAMILTON LANE,,GLENMONT,NY ,12077,USA,,585-436-1940,"Sales,Service,"
10465,Industrial/Commercial Sales & Service,00010214161002,"R.L. Kistler, Inc", 5615 Business Ave.,,N. Syracuse,NY ,13208,USA,,315-458-2875,"Sales,"
10465,Industrial/Commercial Sales & Service,00010001611002,Huntington Power, 68 Enter Ln,,Islandia,NY ,11749,USA,,631-563-4943,"Sales,Service,Up To 2MW,Mobile/Diesel/Gas,"
10465,Industrial/Commercial Sales & Service,00010001611002,Huntington Power, 34 E DUDLEY TOWN RD.,,BLOOMFIELD,CT ,06002,USA,,860-289-8790,"Sales,Service,Rental,"
10465,Industrial/Commercial Sales & Service,00010214161002,"R.L. Kistler, Inc", 5615 Business Ave.,,N. Syracuse,NY ,13208,USA,,315-458-2875,"Sales,"
10465,Industrial/Commercial Sales & Service,00010208021002,Modern Group Power Systems, 2501 Durham Road,,Bristol,PA ,19007,USA,www.moderngroup.com,800-404-7291,"Sales,Service,Up To 2MW,Mobile/Diesel/Gas,Training,Rental,"
10465,Industrial/Commercial Sales & Service,00010001731002,Authorized Services Of New England, 410 Forest Street,,Marlborough,MA ,01752,USA,www.asne.com,888-890-9886,"Financing,Sales,Service,Up To 2MW,Mobile/Diesel/Gas,Training,Rental,"
10465,Industrial/Commercial Sales & Service,00010008091002,MODERN HANDLING EQUIP, 75 NEW STREET,,EDISON,NJ ,08837,USA,www.moderngroup.com,800-779-5116,"Sales,Service,Up To 2MW,Mobile/Diesel/Gas,"
10465,Industrial/Commercial Sales & Service,00010208021002,Modern Group Power Systems, 6352 Chapmans Rd,,Allentown,PA ,18106,USA,,800-404-7291,"Sales,Service,Up To 2MW,Mobile/Diesel/Gas,"
10465,Industrial/Commercial Sales & Service,00010208021002,Modern Group Power Systems, 200 Allied Parkway,,West Berlin,NJ ,08091,USA,,800-404-7291,"Sales,Service,Up To 2MW,Mobile/Diesel/Gas,"
10465,Industrial/Commercial Sales & Service,00010208021002,Modern Group Power Systems, 295 New Commerce Blvd.,,Wilkes Barre,PA ,18706,USA,,800-404-7291,"Sales,Service,Up To 2MW,Mobile/Diesel/Gas,"
10465,Industrial/Commercial Sales & Service,00010000931002,"EMERGENCY POWER SYSTEMS, LLC", 35 HAMILTON LANE,,GLENMONT,NY ,12077,USA,,800-914-1465,"Service,Up To 2MW,Mobile/Diesel/Gas,"
10465,Industrial/Commercial Sales & Service,00010000931002,"EMERGENCY POWER SYSTEMS, LLC", 35 HAMILTON LANE,,GLENMONT,NY ,12077,USA,,800-914-1465,"Service,"
10465,Industrial/Commercial Sales & Service,00010208021002,Modern Group Power Systems, 66A South Gate Blvd.,,New Castle,DE ,19720,USA,,800-404-7291,"Sales,Service,Up To 2MW,Mobile/Diesel/Gas,"
10465,Industrial/Commercial Sales & Service,00010001731002,AUTHORIZED SERVICES OF NEW ENGLAND, 410 FOREST STREET,,MARLBOROUGH,MA ,01752,USA,,888-890-9886,"Sales,"
10465,Industrial/Commercial Sales & Service,00010208021002,Modern Group Power Systems, 3480 Board Road,,York,PA ,17402,USA,,800-404-7291,"Sales,Service,Up To 2MW,Mobile/Diesel/Gas,"
10465,Industrial/Commercial Sales & Service,00010001761002,"GENSERVE, INC.", 100 NEWTOWN RD,,PLAINVIEW,NY ,11803,USA,www.genserveinc.com,631-435-0437,"Service,"
10465,Industrial/Commercial Sales & Service,00111209521002,LONG ISLAND EMERGENCY POWER -QO, 2 Ocean Avenue,,DEER PARK,NY ,11729,USA,,631-586-7513,"Sales,"
10465,Industrial/Commercial Sales & Service,00010139211002,POWERPRO SERVICE CO. INC., 608 JOHNSON AVE. UNIT 6,,BOHEMIA,NY ,11716,USA,,631-567-2700,"Sales,Service,Up To 600kW,Mobile/Diesel/Gas,"
10465,Industrial/Commercial Sales & Service,00111209531002,HUNTINGTON POWER - LONG ISLAND, PO BOX 2040,,SHELTON,CT ,06484,USA,,631-586-7513,"Sales,"
10465,Industrial/Commercial Sales & Service,00010134071002,PEAK POWER SYSTEMS, 99 SPRAGUE AVENUE,,MIDDLETOWN,NY ,10940,USA,www.peakpowersystems.com,845-344-1975,"Sales,Service,Up To 600kW,Mobile/Diesel/Gas,Rental,"
10465,Industrial/Commercial Sales & Service,00010001761002,"GENSERVE, INC.", 115A TWINBRIDGE DR.,,PENNSAUKEN,NJ ,08110,USA,www.genserveinc.com,856-324-0459,"Service,"
10465,Industrial/Commercial Sales & Service,00010001621002,BROOKFIELD SERVICE, 708 GLEBE ROAD,,WESTMORELAND,NH ,03467,USA,www.brookfieldservice.com,802-485-6567,"Service,Up To 600kW,Mobile/Diesel/Gas,"
10465,Industrial/Commercial Sales & Service,00111184131002,HUNTER & LOMISON, 1956 W FOURTH ST,,WILLIAMSPORT,PA ,17701,USA,www.hunterlomison.com,570-326-1764,"Sales,Service,Up To 600kW,Mobile/Diesel/Gas,Rental,"
10465,Industrial/Commercial Sales & Service,00010000881002,HUNTER & LOMISON INC., 1956 W. 4TH STREET,,WILLIAMSPORT,PA ,17701,USA,www.hunterlomison.com,570-326-1764,"Service,Up To 600kW,Mobile/Diesel/Gas,"
10465,Industrial/Commercial Sales & Service,00010021101002,SOUTH SHORE GENERATOR INC-Quote, 2696A CRANBERRY HWY,,WAREHAM,MA ,02571,USA,,508-295-7336,"Sales,Service,Up To 600kW,Mobile/Diesel/Gas,"
10465,Industrial/Commercial Sales & Service,00010001701002,SOUTH SHORE GENERATOR INC, ,,EAST WAREHAM,MA ,02538,USA,,508-295-7336,"Financing,Sales,Service,Up To 600kW,Mobile/Diesel/Gas,"
10465,Industrial/Commercial Sales & Service,00111207431002,WARSHAUER ELECTRIC SUPPLY CO INC, 800 SHREWSBURY AVE,,TINTON FALLS,NJ ,07724,USA,www.warshauer.com,732-741-6400,"Service,"
10465,Industrial/Commercial Sales & Service,00010157021002,Mechanical Service Co, 1145 Oak St.,,Pittston,PA ,18640,USA,,570-654-2445,"Service,"
10466,Industrial/Commercial Sales & Service,00010214161002,"R.L. KISTLER, INC.", 35 HAMILTON LANE,,GLENMONT,NY ,12077,USA,,585-436-1940,"Sales,Service,"
10466,Industrial/Commercial Sales & Service,00010001611002,Huntington Power, 230 Long Hill Cross Rd,,Shelton,CT ,06484,USA,www.huntingtonpower.com,203-929-3203,"Sales,Service,Up To 2MW,Mobile/Diesel/Gas,Training,Rental,"
10466,Industrial/Commercial Sales & Service,00010214161002,"R.L. Kistler, Inc", 300 Mile Crossing Blvd.,,Rochester,NY ,14624,USA,rlkistler.com,585-436-1940,"Sales,"
10466,Industrial/Commercial Sales & Service,00010214161002,"R.L. Kistler, Inc", 5615 Business Ave.,,N. Syracuse,NY ,13208,USA,,315-458-2875,"Sales,"
10466,Industrial/Commercial Sales & Service,00010001611002,Huntington Power, 68 Enter Ln,,Islandia,NY ,11749,USA,,631-563-4943,"Sales,Service,Up To 2MW,Mobile/Diesel/Gas,"
10466,Industrial/Commercial Sales & Service,00010001611002,Huntington Power, 34 E DUDLEY TOWN RD.,,BLOOMFIELD,CT ,06002,USA,,860-289-8790,"Sales,Service,Rental,"
10466,Industrial/Commercial Sales & Service,00010214161002,"R.L. Kistler, Inc", 5615 Business Ave.,,N. Syracuse,NY ,13208,USA,,315-458-2875,"Sales,"
10466,Industrial/Commercial Sales & Service,00010208021002,Modern Group Power Systems, 2501 Durham Road,,Bristol,PA ,19007,USA,www.moderngroup.com,800-404-7291,"Sales,Service,Up To 2MW,Mobile/Diesel/Gas,Training,Rental,"
10466,Industrial/Commercial Sales & Service,00010001731002,Authorized Services Of New England, 410 Forest Street,,Marlborough,MA ,01752,USA,www.asne.com,888-890-9886,"Financing,Sales,Service,Up To 2MW,Mobile/Diesel/Gas,Training,Rental,"
10466,Industrial/Commercial Sales & Service,00010008091002,MODERN HANDLING EQUIP, 75 NEW STREET,,EDISON,NJ ,08837,USA,www.moderngroup.com,800-779-5116,"Sales,Service,Up To 2MW,Mobile/Diesel/Gas,"
10466,Industrial/Commercial Sales & Service,00010208021002,Modern Group Power Systems, 6352 Chapmans Rd,,Allentown,PA ,18106,USA,,800-404-7291,"Sales,Service,Up To 2MW,Mobile/Diesel/Gas,"
10466,Industrial/Commercial Sales & Service,00010208021002,Modern Group Power Systems, 200 Allied Parkway,,West Berlin,NJ ,08091,USA,,800-404-7291,"Sales,Service,Up To 2MW,Mobile/Diesel/Gas,"
10466,Industrial/Commercial Sales & Service,00010208021002,Modern Group Power Systems, 295 New Commerce Blvd.,,Wilkes Barre,PA ,18706,USA,,800-404-7291,"Sales,Service,Up To 2MW,Mobile/Diesel/Gas,"
10466,Industrial/Commercial Sales & Service,00010000931002,"EMERGENCY POWER SYSTEMS, LLC", 35 HAMILTON LANE,,GLENMONT,NY ,12077,USA,,800-914-1465,"Service,Up To 2MW,Mobile/Diesel/Gas,"
10466,Industrial/Commercial Sales & Service,00010000931002,"EMERGENCY POWER SYSTEMS, LLC", 35 HAMILTON LANE,,GLENMONT,NY ,12077,USA,,800-914-1465,"Service,"
10466,Industrial/Commercial Sales & Service,00010208021002,Modern Group Power Systems, 66A South Gate Blvd.,,New Castle,DE ,19720,USA,,800-404-7291,"Sales,Service,Up To 2MW,Mobile/Diesel/Gas,"
10466,Industrial/Commercial Sales & Service,00010001731002,AUTHORIZED SERVICES OF NEW ENGLAND, 410 FOREST STREET,,MARLBOROUGH,MA ,01752,USA,,888-890-9886,"Sales,"
10466,Industrial/Commercial Sales & Service,00010208021002,Modern Group Power Systems, 3480 Board Road,,York,PA ,17402,USA,,800-404-7291,"Sales,Service,Up To 2MW,Mobile/Diesel/Gas,"
10466,Industrial/Commercial Sales & Service,00010001761002,"GENSERVE, INC.", 100 NEWTOWN RD,,PLAINVIEW,NY ,11803,USA,www.genserveinc.com,631-435-0437,"Service,"
10466,Industrial/Commercial Sales & Service,00111209521002,LONG ISLAND EMERGENCY POWER -QO, 2 Ocean Avenue,,DEER PARK,NY ,11729,USA,,631-586-7513,"Sales,"
10466,Industrial/Commercial Sales & Service,00010139211002,POWERPRO SERVICE CO. INC., 608 JOHNSON AVE. UNIT 6,,BOHEMIA,NY ,11716,USA,,631-567-2700,"Sales,Service,Up To 600kW,Mobile/Diesel/Gas,"
10466,Industrial/Commercial Sales & Service,00111209531002,HUNTINGTON POWER - LONG ISLAND, PO BOX 2040,,SHELTON,CT ,06484,USA,,631-586-7513,"Sales,"
10466,Industrial/Commercial Sales & Service,00010134071002,PEAK POWER SYSTEMS, 99 SPRAGUE AVENUE,,MIDDLETOWN,NY ,10940,USA,www.peakpowersystems.com,845-344-1975,"Sales,Service,Up To 600kW,Mobile/Diesel/Gas,Rental,"
10466,Industrial/Commercial Sales & Service,00010001761002,"GENSERVE, INC.", 115A TWINBRIDGE DR.,,PENNSAUKEN,NJ ,08110,USA,www.genserveinc.com,856-324-0459,"Service,"
10466,Industrial/Commercial Sales & Service,00010001621002,BROOKFIELD SERVICE, 708 GLEBE ROAD,,WESTMORELAND,NH ,03467,USA,www.brookfieldservice.com,802-485-6567,"Service,Up To 600kW,Mobile/Diesel/Gas,"
10466,Industrial/Commercial Sales & Service,00111184131002,HUNTER & LOMISON, 1956 W FOURTH ST,,WILLIAMSPORT,PA ,17701,USA,www.hunterlomison.com,570-326-1764,"Sales,Service,Up To 600kW,Mobile/Diesel/Gas,Rental,"
10466,Industrial/Commercial Sales & Service,00010000881002,HUNTER & LOMISON INC., 1956 W. 4TH STREET,,WILLIAMSPORT,PA ,17701,USA,www.hunterlomison.com,570-326-1764,"Service,Up To 600kW,Mobile/Diesel/Gas,"
10466,Industrial/Commercial Sales & Service,00010021101002,SOUTH SHORE GENERATOR INC-Quote, 2696A CRANBERRY HWY,,WAREHAM,MA ,02571,USA,,508-295-7336,"Sales,Service,Up To 600kW,Mobile/Diesel/Gas,"
10466,Industrial/Commercial Sales & Service,00010001701002,SOUTH SHORE GENERATOR INC, ,,EAST WAREHAM,MA ,02538,USA,,508-295-7336,"Financing,Sales,Service,Up To 600kW,Mobile/Diesel/Gas,"
10466,Industrial/Commercial Sales & Service,00111207431002,WARSHAUER ELECTRIC SUPPLY CO INC, 800 SHREWSBURY AVE,,TINTON FALLS,NJ ,07724,USA,www.warshauer.com,732-741-6400,"Service,"
10466,Industrial/Commercial Sales & Service,00010157021002,Mechanical Service Co, 1145 Oak St.,,Pittston,PA ,18640,USA,,570-654-2445,"Service,"
10467,Industrial/Commercial Sales & Service,00010001611002,Huntington Power, 230 Long Hill Cross Rd,,Shelton,CT ,06484,USA,www.huntingtonpower.com,203-929-3203,"Sales,Service,Up To 2MW,Mobile/Diesel/Gas,Training,Rental,"
10467,Industrial/Commercial Sales & Service,00010214161002,"R.L. KISTLER, INC.", 35 HAMILTON LANE,,GLENMONT,NY ,12077,USA,,585-436-1940,"Sales,Service,"
10467,Industrial/Commercial Sales & Service,00010214161002,"R.L. Kistler, Inc", 300 Mile Crossing Blvd.,,Rochester,NY ,14624,USA,rlkistler.com,585-436-1940,"Sales,"
10467,Industrial/Commercial Sales & Service,00010001611002,Huntington Power, 68 Enter Ln,,Islandia,NY ,11749,USA,,631-563-4943,"Sales,Service,Up To 2MW,Mobile/Diesel/Gas,"
10467,Industrial/Commercial Sales & Service,00010001611002,Huntington Power, 34 E DUDLEY TOWN RD.,,BLOOMFIELD,CT ,06002,USA,,860-289-8790,"Sales,Service,Rental,"
10467,Industrial/Commercial Sales & Service,00010214161002,"R.L. Kistler, Inc", 5615 Business Ave.,,N. Syracuse,NY ,13208,USA,,315-458-2875,"Sales,"
10467,Industrial/Commercial Sales & Service,00010214161002,"R.L. Kistler, Inc", 5615 Business Ave.,,N. Syracuse,NY ,13208,USA,,315-458-2875,"Sales,"
10467,Industrial/Commercial Sales & Service,00010208021002,Modern Group Power Systems, 2501 Durham Road,,Bristol,PA ,19007,USA,www.moderngroup.com,800-404-7291,"Sales,Service,Up To 2MW,Mobile/Diesel/Gas,Training,Rental,"
10467,Industrial/Commercial Sales & Service,00010001731002,Authorized Services Of New England, 410 Forest Street,,Marlborough,MA ,01752,USA,www.asne.com,888-890-9886,"Financing,Sales,Service,Up To 2MW,Mobile/Diesel/Gas,Training,Rental,"
10467,Industrial/Commercial Sales & Service,00010008091002,MODERN HANDLING EQUIP, 75 NEW STREET,,EDISON,NJ ,08837,USA,www.moderngroup.com,800-779-5116,"Sales,Service,Up To 2MW,Mobile/Diesel/Gas,"
10467,Industrial/Commercial Sales & Service,00010208021002,Modern Group Power Systems, 6352 Chapmans Rd,,Allentown,PA ,18106,USA,,800-404-7291,"Sales,Service,Up To 2MW,Mobile/Diesel/Gas,"
10467,Industrial/Commercial Sales & Service,00010208021002,Modern Group Power Systems, 200 Allied Parkway,,West Berlin,NJ ,08091,USA,,800-404-7291,"Sales,Service,Up To 2MW,Mobile/Diesel/Gas,"
10467,Industrial/Commercial Sales & Service,00010208021002,Modern Group Power Systems, 295 New Commerce Blvd.,,Wilkes Barre,PA ,18706,USA,,800-404-7291,"Sales,Service,Up To 2MW,Mobile/Diesel/Gas,"
10467,Industrial/Commercial Sales & Service,00010000931002,"EMERGENCY POWER SYSTEMS, LLC", 35 HAMILTON LANE,,GLENMONT,NY ,12077,USA,,800-914-1465,"Service,Up To 2MW,Mobile/Diesel/Gas,"
10467,Industrial/Commercial Sales & Service,00010000931002,"EMERGENCY POWER SYSTEMS, LLC", 35 HAMILTON LANE,,GLENMONT,NY ,12077,USA,,800-914-1465,"Service,"
10467,Industrial/Commercial Sales & Service,00010208021002,Modern Group Power Systems, 66A South Gate Blvd.,,New Castle,DE ,19720,USA,,800-404-7291,"Sales,Service,Up To 2MW,Mobile/Diesel/Gas,"
10467,Industrial/Commercial Sales & Service,00010001731002,AUTHORIZED SERVICES OF NEW ENGLAND, 410 FOREST STREET,,MARLBOROUGH,MA ,01752,USA,,888-890-9886,"Sales,"
10467,Industrial/Commercial Sales & Service,00010208021002,Modern Group Power Systems, 3480 Board Road,,York,PA ,17402,USA,,800-404-7291,"Sales,Service,Up To 2MW,Mobile/Diesel/Gas,"
10467,Industrial/Commercial Sales & Service,00010001761002,"GENSERVE, INC.", 100 NEWTOWN RD,,PLAINVIEW,NY ,11803,USA,www.genserveinc.com,631-435-0437,"Service,"
10467,Industrial/Commercial Sales & Service,00111209521002,LONG ISLAND EMERGENCY POWER -QO, 2 Ocean Avenue,,DEER PARK,NY ,11729,USA,,631-586-7513,"Sales,"
10467,Industrial/Commercial Sales & Service,00010139211002,POWERPRO SERVICE CO. INC., 608 JOHNSON AVE. UNIT 6,,BOHEMIA,NY ,11716,USA,,631-567-2700,"Sales,Service,Up To 600kW,Mobile/Diesel/Gas,"
10467,Industrial/Commercial Sales & Service,00111209531002,HUNTINGTON POWER - LONG ISLAND, PO BOX 2040,,SHELTON,CT ,06484,USA,,631-586-7513,"Sales,"
10467,Industrial/Commercial Sales & Service,00010134071002,PEAK POWER SYSTEMS, 99 SPRAGUE AVENUE,,MIDDLETOWN,NY ,10940,USA,www.peakpowersystems.com,845-344-1975,"Sales,Service,Up To 600kW,Mobile/Diesel/Gas,Rental,"
10467,Industrial/Commercial Sales & Service,00010001761002,"GENSERVE, INC.", 115A TWINBRIDGE DR.,,PENNSAUKEN,NJ ,08110,USA,www.genserveinc.com,856-324-0459,"Service,"
10467,Industrial/Commercial Sales & Service,00010001621002,BROOKFIELD SERVICE, 708 GLEBE ROAD,,WESTMORELAND,NH ,03467,USA,www.brookfieldservice.com,802-485-6567,"Service,Up To 600kW,Mobile/Diesel/Gas,"
10467,Industrial/Commercial Sales & Service,00111184131002,HUNTER & LOMISON, 1956 W FOURTH ST,,WILLIAMSPORT,PA ,17701,USA,www.hunterlomison.com,570-326-1764,"Sales,Service,Up To 600kW,Mobile/Diesel/Gas,Rental,"
10467,Industrial/Commercial Sales & Service,00010000881002,HUNTER & LOMISON INC., 1956 W. 4TH STREET,,WILLIAMSPORT,PA ,17701,USA,www.hunterlomison.com,570-326-1764,"Service,Up To 600kW,Mobile/Diesel/Gas,"
10467,Industrial/Commercial Sales & Service,00010021101002,SOUTH SHORE GENERATOR INC-Quote, 2696A CRANBERRY HWY,,WAREHAM,MA ,02571,USA,,508-295-7336,"Sales,Service,Up To 600kW,Mobile/Diesel/Gas,"
10467,Industrial/Commercial Sales & Service,00010001701002,SOUTH SHORE GENERATOR INC, ,,EAST WAREHAM,MA ,02538,USA,,508-295-7336,"Financing,Sales,Service,Up To 600kW,Mobile/Diesel/Gas,"
10467,Industrial/Commercial Sales & Service,00111207431002,WARSHAUER ELECTRIC SUPPLY CO INC, 800 SHREWSBURY AVE,,TINTON FALLS,NJ ,07724,USA,www.warshauer.com,732-741-6400,"Service,"
10467,Industrial/Commercial Sales & Service,00010157021002,Mechanical Service Co, 1145 Oak St.,,Pittston,PA ,18640,USA,,570-654-2445,"Service,"
10468,Industrial/Commercial Sales & Service,00010001611002,Huntington Power, 230 Long Hill Cross Rd,,Shelton,CT ,06484,USA,www.huntingtonpower.com,203-929-3203,"Sales,Service,Up To 2MW,Mobile/Diesel/Gas,Training,Rental,"
10468,Industrial/Commercial Sales & Service,00010214161002,"R.L. Kistler, Inc", 300 Mile Crossing Blvd.,,Rochester,NY ,14624,USA,rlkistler.com,585-436-1940,"Sales,"
10468,Industrial/Commercial Sales & Service,00010214161002,"R.L. KISTLER, INC.", 35 HAMILTON LANE,,GLENMONT,NY ,12077,USA,,585-436-1940,"Sales,Service,"
10468,Industrial/Commercial Sales & Service,00010001611002,Huntington Power, 68 Enter Ln,,Islandia,NY ,11749,USA,,631-563-4943,"Sales,Service,Up To 2MW,Mobile/Diesel/Gas,"
10468,Industrial/Commercial Sales & Service,00010001611002,Huntington Power, 34 E DUDLEY TOWN RD.,,BLOOMFIELD,CT ,06002,USA,,860-289-8790,"Sales,Service,Rental,"
10468,Industrial/Commercial Sales & Service,00010214161002,"R.L. Kistler, Inc", 5615 Business Ave.,,N. Syracuse,NY ,13208,USA,,315-458-2875,"Sales,"
10468,Industrial/Commercial Sales & Service,00010214161002,"R.L. Kistler, Inc", 5615 Business Ave.,,N. Syracuse,NY ,13208,USA,,315-458-2875,"Sales,"
10468,Industrial/Commercial Sales & Service,00010208021002,Modern Group Power Systems, 2501 Durham Road,,Bristol,PA ,19007,USA,www.moderngroup.com,800-404-7291,"Sales,Service,Up To 2MW,Mobile/Diesel/Gas,Training,Rental,"
10468,Industrial/Commercial Sales & Service,00010001731002,Authorized Services Of New England, 410 Forest Street,,Marlborough,MA ,01752,USA,www.asne.com,888-890-9886,"Financing,Sales,Service,Up To 2MW,Mobile/Diesel/Gas,Training,Rental,"
10468,Industrial/Commercial Sales & Service,00010008091002,MODERN HANDLING EQUIP, 75 NEW STREET,,EDISON,NJ ,08837,USA,www.moderngroup.com,800-779-5116,"Sales,Service,Up To 2MW,Mobile/Diesel/Gas,"
10468,Industrial/Commercial Sales & Service,00010208021002,Modern Group Power Systems, 6352 Chapmans Rd,,Allentown,PA ,18106,USA,,800-404-7291,"Sales,Service,Up To 2MW,Mobile/Diesel/Gas,"
10468,Industrial/Commercial Sales & Service,00010208021002,Modern Group Power Systems, 200 Allied Parkway,,West Berlin,NJ ,08091,USA,,800-404-7291,"Sales,Service,Up To 2MW,Mobile/Diesel/Gas,"
10468,Industrial/Commercial Sales & Service,00010208021002,Modern Group Power Systems, 295 New Commerce Blvd.,,Wilkes Barre,PA ,18706,USA,,800-404-7291,"Sales,Service,Up To 2MW,Mobile/Diesel/Gas,"
10468,Industrial/Commercial Sales & Service,00010000931002,"EMERGENCY POWER SYSTEMS, LLC", 35 HAMILTON LANE,,GLENMONT,NY ,12077,USA,,800-914-1465,"Service,Up To 2MW,Mobile/Diesel/Gas,"
10468,Industrial/Commercial Sales & Service,00010000931002,"EMERGENCY POWER SYSTEMS, LLC", 35 HAMILTON LANE,,GLENMONT,NY ,12077,USA,,800-914-1465,"Service,"
10468,Industrial/Commercial Sales & Service,00010208021002,Modern Group Power Systems, 66A South Gate Blvd.,,New Castle,DE ,19720,USA,,800-404-7291,"Sales,Service,Up To 2MW,Mobile/Diesel/Gas,"
10468,Industrial/Commercial Sales & Service,00010001731002,AUTHORIZED SERVICES OF NEW ENGLAND, 410 FOREST STREET,,MARLBOROUGH,MA ,01752,USA,,888-890-9886,"Sales,"
10468,Industrial/Commercial Sales & Service,00010208021002,Modern Group Power Systems, 3480 Board Road,,York,PA ,17402,USA,,800-404-7291,"Sales,Service,Up To 2MW,Mobile/Diesel/Gas,"
10468,Industrial/Commercial Sales & Service,00010001761002,"GENSERVE, INC.", 100 NEWTOWN RD,,PLAINVIEW,NY ,11803,USA,www.genserveinc.com,631-435-0437,"Service,"
10468,Industrial/Commercial Sales & Service,00111209521002,LONG ISLAND EMERGENCY POWER -QO, 2 Ocean Avenue,,DEER PARK,NY ,11729,USA,,631-586-7513,"Sales,"
10468,Industrial/Commercial Sales & Service,00010139211002,POWERPRO SERVICE CO. INC., 608 JOHNSON AVE. UNIT 6,,BOHEMIA,NY ,11716,USA,,631-567-2700,"Sales,Service,Up To 600kW,Mobile/Diesel/Gas,"
10468,Industrial/Commercial Sales & Service,00010134071002,PEAK POWER SYSTEMS, 99 SPRAGUE AVENUE,,MIDDLETOWN,NY ,10940,USA,www.peakpowersystems.com,845-344-1975,"Sales,Service,Up To 600kW,Mobile/Diesel/Gas,Rental,"
10468,Industrial/Commercial Sales & Service,00111209531002,HUNTINGTON POWER - LONG ISLAND, PO BOX 2040,,SHELTON,CT ,06484,USA,,631-586-7513,"Sales,"
10468,Industrial/Commercial Sales & Service,00010001761002,"GENSERVE, INC.", 115A TWINBRIDGE DR.,,PENNSAUKEN,NJ ,08110,USA,www.genserveinc.com,856-324-0459,"Service,"
10468,Industrial/Commercial Sales & Service,00010001621002,BROOKFIELD SERVICE, 708 GLEBE ROAD,,WESTMORELAND,NH ,03467,USA,www.brookfieldservice.com,802-485-6567,"Service,Up To 600kW,Mobile/Diesel/Gas,"
10468,Industrial/Commercial Sales & Service,00111184131002,HUNTER & LOMISON, 1956 W FOURTH ST,,WILLIAMSPORT,PA ,17701,USA,www.hunterlomison.com,570-326-1764,"Sales,Service,Up To 600kW,Mobile/Diesel/Gas,Rental,"
10468,Industrial/Commercial Sales & Service,00010000881002,HUNTER & LOMISON INC., 1956 W. 4TH STREET,,WILLIAMSPORT,PA ,17701,USA,www.hunterlomison.com,570-326-1764,"Service,Up To 600kW,Mobile/Diesel/Gas,"
10468,Industrial/Commercial Sales & Service,00010021101002,SOUTH SHORE GENERATOR INC-Quote, 2696A CRANBERRY HWY,,WAREHAM,MA ,02571,USA,,508-295-7336,"Sales,Service,Up To 600kW,Mobile/Diesel/Gas,"
10468,Industrial/Commercial Sales & Service,00010001701002,SOUTH SHORE GENERATOR INC, ,,EAST WAREHAM,MA ,02538,USA,,508-295-7336,"Financing,Sales,Service,Up To 600kW,Mobile/Diesel/Gas,"
10468,Industrial/Commercial Sales & Service,00111207431002,WARSHAUER ELECTRIC SUPPLY CO INC, 800 SHREWSBURY AVE,,TINTON FALLS,NJ ,07724,USA,www.warshauer.com,732-741-6400,"Service,"
10468,Industrial/Commercial Sales & Service,00010157021002,Mechanical Service Co, 1145 Oak St.,,Pittston,PA ,18640,USA,,570-654-2445,"Service,"
10469,Industrial/Commercial Sales & Service,00010214161002,"R.L. KISTLER, INC.", 35 HAMILTON LANE,,GLENMONT,NY ,12077,USA,,585-436-1940,"Sales,Service,"
10469,Industrial/Commercial Sales & Service,00010214161002,"R.L. Kistler, Inc", 300 Mile Crossing Blvd.,,Rochester,NY ,14624,USA,rlkistler.com,585-436-1940,"Sales,"
10469,Industrial/Commercial Sales & Service,00010001611002,Huntington Power, 230 Long Hill Cross Rd,,Shelton,CT ,06484,USA,www.huntingtonpower.com,203-929-3203,"Sales,Service,Up To 2MW,Mobile/Diesel/Gas,Training,Rental,"
10469,Industrial/Commercial Sales & Service,00010214161002,"R.L. Kistler, Inc", 5615 Business Ave.,,N. Syracuse,NY ,13208,USA,,315-458-2875,"Sales,"
10469,Industrial/Commercial Sales & Service,00010214161002,"R.L. Kistler, Inc", 5615 Business Ave.,,N. Syracuse,NY ,13208,USA,,315-458-2875,"Sales,"
10469,Industrial/Commercial Sales & Service,00010001611002,Huntington Power, 68 Enter Ln,,Islandia,NY ,11749,USA,,631-563-4943,"Sales,Service,Up To 2MW,Mobile/Diesel/Gas,"
10469,Industrial/Commercial Sales & Service,00010001611002,Huntington Power, 34 E DUDLEY TOWN RD.,,BLOOMFIELD,CT ,06002,USA,,860-289-8790,"Sales,Service,Rental,"
10469,Industrial/Commercial Sales & Service,00010208021002,Modern Group Power Systems, 2501 Durham Road,,Bristol,PA ,19007,USA,www.moderngroup.com,800-404-7291,"Sales,Service,Up To 2MW,Mobile/Diesel/Gas,Training,Rental,"
10469,Industrial/Commercial Sales & Service,00010001731002,Authorized Services Of New England, 410 Forest Street,,Marlborough,MA ,01752,USA,www.asne.com,888-890-9886,"Financing,Sales,Service,Up To 2MW,Mobile/Diesel/Gas,Training,Rental,"
10469,Industrial/Commercial Sales & Service,00010008091002,MODERN HANDLING EQUIP, 75 NEW STREET,,EDISON,NJ ,08837,USA,www.moderngroup.com,800-779-5116,"Sales,Service,Up To 2MW,Mobile/Diesel/Gas,"
10469,Industrial/Commercial Sales & Service,00010208021002,Modern Group Power Systems, 6352 Chapmans Rd,,Allentown,PA ,18106,USA,,800-404-7291,"Sales,Service,Up To 2MW,Mobile/Diesel/Gas,"
10469,Industrial/Commercial Sales & Service,00010208021002,Modern Group Power Systems, 200 Allied Parkway,,West Berlin,NJ ,08091,USA,,800-404-7291,"Sales,Service,Up To 2MW,Mobile/Diesel/Gas,"
10469,Industrial/Commercial Sales & Service,00010208021002,Modern Group Power Systems, 295 New Commerce Blvd.,,Wilkes Barre,PA ,18706,USA,,800-404-7291,"Sales,Service,Up To 2MW,Mobile/Diesel/Gas,"
10469,Industrial/Commercial Sales & Service,00010000931002,"EMERGENCY POWER SYSTEMS, LLC", 35 HAMILTON LANE,,GLENMONT,NY ,12077,USA,,800-914-1465,"Service,Up To 2MW,Mobile/Diesel/Gas,"
10469,Industrial/Commercial Sales & Service,00010000931002,"EMERGENCY POWER SYSTEMS, LLC", 35 HAMILTON LANE,,GLENMONT,NY ,12077,USA,,800-914-1465,"Service,"
10469,Industrial/Commercial Sales & Service,00010208021002,Modern Group Power Systems, 66A South Gate Blvd.,,New Castle,DE ,19720,USA,,800-404-7291,"Sales,Service,Up To 2MW,Mobile/Diesel/Gas,"
10469,Industrial/Commercial Sales & Service,00010001731002,AUTHORIZED SERVICES OF NEW ENGLAND, 410 FOREST STREET,,MARLBOROUGH,MA ,01752,USA,,888-890-9886,"Sales,"
10469,Industrial/Commercial Sales & Service,00010208021002,Modern Group Power Systems, 3480 Board Road,,York,PA ,17402,USA,,800-404-7291,"Sales,Service,Up To 2MW,Mobile/Diesel/Gas,"
10469,Industrial/Commercial Sales & Service,00010001761002,"GENSERVE, INC.", 100 NEWTOWN RD,,PLAINVIEW,NY ,11803,USA,www.genserveinc.com,631-435-0437,"Service,"
10469,Industrial/Commercial Sales & Service,00111209521002,LONG ISLAND EMERGENCY POWER -QO, 2 Ocean Avenue,,DEER PARK,NY ,11729,USA,,631-586-7513,"Sales,"
10469,Industrial/Commercial Sales & Service,00010139211002,POWERPRO SERVICE CO. INC., 608 JOHNSON AVE. UNIT 6,,BOHEMIA,NY ,11716,USA,,631-567-2700,"Sales,Service,Up To 600kW,Mobile/Diesel/Gas,"
10469,Industrial/Commercial Sales & Service,00111209531002,HUNTINGTON POWER - LONG ISLAND, PO BOX 2040,,SHELTON,CT ,06484,USA,,631-586-7513,"Sales,"
10469,Industrial/Commercial Sales & Service,00010134071002,PEAK POWER SYSTEMS, 99 SPRAGUE AVENUE,,MIDDLETOWN,NY ,10940,USA,www.peakpowersystems.com,845-344-1975,"Sales,Service,Up To 600kW,Mobile/Diesel/Gas,Rental,"
10469,Industrial/Commercial Sales & Service,00010001761002,"GENSERVE, INC.", 115A TWINBRIDGE DR.,,PENNSAUKEN,NJ ,08110,USA,www.genserveinc.com,856-324-0459,"Service,"
10469,Industrial/Commercial Sales & Service,00010001621002,BROOKFIELD SERVICE, 708 GLEBE ROAD,,WESTMORELAND,NH ,03467,USA,www.brookfieldservice.com,802-485-6567,"Service,Up To 600kW,Mobile/Diesel/Gas,"
10469,Industrial/Commercial Sales & Service,00111184131002,HUNTER & LOMISON, 1956 W FOURTH ST,,WILLIAMSPORT,PA ,17701,USA,www.hunterlomison.com,570-326-1764,"Sales,Service,Up To 600kW,Mobile/Diesel/Gas,Rental,"
10469,Industrial/Commercial Sales & Service,00010000881002,HUNTER & LOMISON INC., 1956 W. 4TH STREET,,WILLIAMSPORT,PA ,17701,USA,www.hunterlomison.com,570-326-1764,"Service,Up To 600kW,Mobile/Diesel/Gas,"
10469,Industrial/Commercial Sales & Service,00010021101002,SOUTH SHORE GENERATOR INC-Quote, 2696A CRANBERRY HWY,,WAREHAM,MA ,02571,USA,,508-295-7336,"Sales,Service,Up To 600kW,Mobile/Diesel/Gas,"
10469,Industrial/Commercial Sales & Service,00010001701002,SOUTH SHORE GENERATOR INC, ,,EAST WAREHAM,MA ,02538,USA,,508-295-7336,"Financing,Sales,Service,Up To 600kW,Mobile/Diesel/Gas,"
10469,Industrial/Commercial Sales & Service,00111207431002,WARSHAUER ELECTRIC SUPPLY CO INC, 800 SHREWSBURY AVE,,TINTON FALLS,NJ ,07724,USA,www.warshauer.com,732-741-6400,"Service,"
10469,Industrial/Commercial Sales & Service,00010157021002,Mechanical Service Co, 1145 Oak St.,,Pittston,PA ,18640,USA,,570-654-2445,"Service,"
10470,Industrial/Commercial Sales & Service,00010214161002,"R.L. KISTLER, INC.", 35 HAMILTON LANE,,GLENMONT,NY ,12077,USA,,585-436-1940,"Sales,Service,"
10470,Industrial/Commercial Sales & Service,00010001611002,Huntington Power, 230 Long Hill Cross Rd,,Shelton,CT ,06484,USA,www.huntingtonpower.com,203-929-3203,"Sales,Service,Up To 2MW,Mobile/Diesel/Gas,Training,Rental,"
10470,Industrial/Commercial Sales & Service,00010214161002,"R.L. Kistler, Inc", 300 Mile Crossing Blvd.,,Rochester,NY ,14624,USA,rlkistler.com,585-436-1940,"Sales,"
10470,Industrial/Commercial Sales & Service,00010214161002,"R.L. Kistler, Inc", 5615 Business Ave.,,N. Syracuse,NY ,13208,USA,,315-458-2875,"Sales,"
10470,Industrial/Commercial Sales & Service,00010001611002,Huntington Power, 68 Enter Ln,,Islandia,NY ,11749,USA,,631-563-4943,"Sales,Service,Up To 2MW,Mobile/Diesel/Gas,"
10470,Industrial/Commercial Sales & Service,00010001611002,Huntington Power, 34 E DUDLEY TOWN RD.,,BLOOMFIELD,CT ,06002,USA,,860-289-8790,"Sales,Service,Rental,"
10470,Industrial/Commercial Sales & Service,00010214161002,"R.L. Kistler, Inc", 5615 Business Ave.,,N. Syracuse,NY ,13208,USA,,315-458-2875,"Sales,"
10470,Industrial/Commercial Sales & Service,00010208021002,Modern Group Power Systems, 2501 Durham Road,,Bristol,PA ,19007,USA,www.moderngroup.com,800-404-7291,"Sales,Service,Up To 2MW,Mobile/Diesel/Gas,Training,Rental,"
10470,Industrial/Commercial Sales & Service,00010001731002,Authorized Services Of New England, 410 Forest Street,,Marlborough,MA ,01752,USA,www.asne.com,888-890-9886,"Financing,Sales,Service,Up To 2MW,Mobile/Diesel/Gas,Training,Rental,"
10470,Industrial/Commercial Sales & Service,00010008091002,MODERN HANDLING EQUIP, 75 NEW STREET,,EDISON,NJ ,08837,USA,www.moderngroup.com,800-779-5116,"Sales,Service,Up To 2MW,Mobile/Diesel/Gas,"
10470,Industrial/Commercial Sales & Service,00010208021002,Modern Group Power Systems, 6352 Chapmans Rd,,Allentown,PA ,18106,USA,,800-404-7291,"Sales,Service,Up To 2MW,Mobile/Diesel/Gas,"
10470,Industrial/Commercial Sales & Service,00010208021002,Modern Group Power Systems, 200 Allied Parkway,,West Berlin,NJ ,08091,USA,,800-404-7291,"Sales,Service,Up To 2MW,Mobile/Diesel/Gas,"
10470,Industrial/Commercial Sales & Service,00010208021002,Modern Group Power Systems, 295 New Commerce Blvd.,,Wilkes Barre,PA ,18706,USA,,800-404-7291,"Sales,Service,Up To 2MW,Mobile/Diesel/Gas,"
10470,Industrial/Commercial Sales & Service,00010000931002,"EMERGENCY POWER SYSTEMS, LLC", 35 HAMILTON LANE,,GLENMONT,NY ,12077,USA,,800-914-1465,"Service,Up To 2MW,Mobile/Diesel/Gas,"
10470,Industrial/Commercial Sales & Service,00010000931002,"EMERGENCY POWER SYSTEMS, LLC", 35 HAMILTON LANE,,GLENMONT,NY ,12077,USA,,800-914-1465,"Service,"
10470,Industrial/Commercial Sales & Service,00010208021002,Modern Group Power Systems, 66A South Gate Blvd.,,New Castle,DE ,19720,USA,,800-404-7291,"Sales,Service,Up To 2MW,Mobile/Diesel/Gas,"
10470,Industrial/Commercial Sales & Service,00010001731002,AUTHORIZED SERVICES OF NEW ENGLAND, 410 FOREST STREET,,MARLBOROUGH,MA ,01752,USA,,888-890-9886,"Sales,"
10470,Industrial/Commercial Sales & Service,00010208021002,Modern Group Power Systems, 3480 Board Road,,York,PA ,17402,USA,,800-404-7291,"Sales,Service,Up To 2MW,Mobile/Diesel/Gas,"
10470,Industrial/Commercial Sales & Service,00010001761002,"GENSERVE, INC.", 100 NEWTOWN RD,,PLAINVIEW,NY ,11803,USA,www.genserveinc.com,631-435-0437,"Service,"
10470,Industrial/Commercial Sales & Service,00111209521002,LONG ISLAND EMERGENCY POWER -QO, 2 Ocean Avenue,,DEER PARK,NY ,11729,USA,,631-586-7513,"Sales,"
10470,Industrial/Commercial Sales & Service,00010139211002,POWERPRO SERVICE CO. INC., 608 JOHNSON AVE. UNIT 6,,BOHEMIA,NY ,11716,USA,,631-567-2700,"Sales,Service,Up To 600kW,Mobile/Diesel/Gas,"
10470,Industrial/Commercial Sales & Service,00111209531002,HUNTINGTON POWER - LONG ISLAND, PO BOX 2040,,SHELTON,CT ,06484,USA,,631-586-7513,"Sales,"
10470,Industrial/Commercial Sales & Service,00010134071002,PEAK POWER SYSTEMS, 99 SPRAGUE AVENUE,,MIDDLETOWN,NY ,10940,USA,www.peakpowersystems.com,845-344-1975,"Sales,Service,Up To 600kW,Mobile/Diesel/Gas,Rental,"
10470,Industrial/Commercial Sales & Service,00010001761002,"GENSERVE, INC.", 115A TWINBRIDGE DR.,,PENNSAUKEN,NJ ,08110,USA,www.genserveinc.com,856-324-0459,"Service,"
10470,Industrial/Commercial Sales & Service,00010001621002,BROOKFIELD SERVICE, 708 GLEBE ROAD,,WESTMORELAND,NH ,03467,USA,www.brookfieldservice.com,802-485-6567,"Service,Up To 600kW,Mobile/Diesel/Gas,"
10470,Industrial/Commercial Sales & Service,00111184131002,HUNTER & LOMISON, 1956 W FOURTH ST,,WILLIAMSPORT,PA ,17701,USA,www.hunterlomison.com,570-326-1764,"Sales,Service,Up To 600kW,Mobile/Diesel/Gas,Rental,"
10470,Industrial/Commercial Sales & Service,00010000881002,HUNTER & LOMISON INC., 1956 W. 4TH STREET,,WILLIAMSPORT,PA ,17701,USA,www.hunterlomison.com,570-326-1764,"Service,Up To 600kW,Mobile/Diesel/Gas,"
10470,Industrial/Commercial Sales & Service,00010021101002,SOUTH SHORE GENERATOR INC-Quote, 2696A CRANBERRY HWY,,WAREHAM,MA ,02571,USA,,508-295-7336,"Sales,Service,Up To 600kW,Mobile/Diesel/Gas,"
10470,Industrial/Commercial Sales & Service,00010001701002,SOUTH SHORE GENERATOR INC, ,,EAST WAREHAM,MA ,02538,USA,,508-295-7336,"Financing,Sales,Service,Up To 600kW,Mobile/Diesel/Gas,"
10470,Industrial/Commercial Sales & Service,00111207431002,WARSHAUER ELECTRIC SUPPLY CO INC, 800 SHREWSBURY AVE,,TINTON FALLS,NJ ,07724,USA,www.warshauer.com,732-741-6400,"Service,"
10470,Industrial/Commercial Sales & Service,00010157021002,Mechanical Service Co, 1145 Oak St.,,Pittston,PA ,18640,USA,,570-654-2445,"Service,"
10471,Industrial/Commercial Sales & Service,00010001611002,Huntington Power, 230 Long Hill Cross Rd,,Shelton,CT ,06484,USA,www.huntingtonpower.com,203-929-3203,"Sales,Service,Up To 2MW,Mobile/Diesel/Gas,Training,Rental,"
10471,Industrial/Commercial Sales & Service,00010214161002,"R.L. KISTLER, INC.", 35 HAMILTON LANE,,GLENMONT,NY ,12077,USA,,585-436-1940,"Sales,Service,"
10471,Industrial/Commercial Sales & Service,00010214161002,"R.L. Kistler, Inc", 300 Mile Crossing Blvd.,,Rochester,NY ,14624,USA,rlkistler.com,585-436-1940,"Sales,"
10471,Industrial/Commercial Sales & Service,00010001611002,Huntington Power, 68 Enter Ln,,Islandia,NY ,11749,USA,,631-563-4943,"Sales,Service,Up To 2MW,Mobile/Diesel/Gas,"
10471,Industrial/Commercial Sales & Service,00010001611002,Huntington Power, 34 E DUDLEY TOWN RD.,,BLOOMFIELD,CT ,06002,USA,,860-289-8790,"Sales,Service,Rental,"
10471,Industrial/Commercial Sales & Service,00010214161002,"R.L. Kistler, Inc", 5615 Business Ave.,,N. Syracuse,NY ,13208,USA,,315-458-2875,"Sales,"
10471,Industrial/Commercial Sales & Service,00010214161002,"R.L. Kistler, Inc", 5615 Business Ave.,,N. Syracuse,NY ,13208,USA,,315-458-2875,"Sales,"
10471,Industrial/Commercial Sales & Service,00010208021002,Modern Group Power Systems, 2501 Durham Road,,Bristol,PA ,19007,USA,www.moderngroup.com,800-404-7291,"Sales,Service,Up To 2MW,Mobile/Diesel/Gas,Training,Rental,"
10471,Industrial/Commercial Sales & Service,00010001731002,Authorized Services Of New England, 410 Forest Street,,Marlborough,MA ,01752,USA,www.asne.com,888-890-9886,"Financing,Sales,Service,Up To 2MW,Mobile/Diesel/Gas,Training,Rental,"
10471,Industrial/Commercial Sales & Service,00010008091002,MODERN HANDLING EQUIP, 75 NEW STREET,,EDISON,NJ ,08837,USA,www.moderngroup.com,800-779-5116,"Sales,Service,Up To 2MW,Mobile/Diesel/Gas,"
10471,Industrial/Commercial Sales & Service,00010208021002,Modern Group Power Systems, 6352 Chapmans Rd,,Allentown,PA ,18106,USA,,800-404-7291,"Sales,Service,Up To 2MW,Mobile/Diesel/Gas,"
10471,Industrial/Commercial Sales & Service,00010208021002,Modern Group Power Systems, 200 Allied Parkway,,West Berlin,NJ ,08091,USA,,800-404-7291,"Sales,Service,Up To 2MW,Mobile/Diesel/Gas,"
10471,Industrial/Commercial Sales & Service,00010208021002,Modern Group Power Systems, 295 New Commerce Blvd.,,Wilkes Barre,PA ,18706,USA,,800-404-7291,"Sales,Service,Up To 2MW,Mobile/Diesel/Gas,"
10471,Industrial/Commercial Sales & Service,00010000931002,"EMERGENCY POWER SYSTEMS, LLC", 35 HAMILTON LANE,,GLENMONT,NY ,12077,USA,,800-914-1465,"Service,Up To 2MW,Mobile/Diesel/Gas,"
10471,Industrial/Commercial Sales & Service,00010000931002,"EMERGENCY POWER SYSTEMS, LLC", 35 HAMILTON LANE,,GLENMONT,NY ,12077,USA,,800-914-1465,"Service,"
10471,Industrial/Commercial Sales & Service,00010208021002,Modern Group Power Systems, 66A South Gate Blvd.,,New Castle,DE ,19720,USA,,800-404-7291,"Sales,Service,Up To 2MW,Mobile/Diesel/Gas,"
10471,Industrial/Commercial Sales & Service,00010001731002,AUTHORIZED SERVICES OF NEW ENGLAND, 410 FOREST STREET,,MARLBOROUGH,MA ,01752,USA,,888-890-9886,"Sales,"
10471,Industrial/Commercial Sales & Service,00010208021002,Modern Group Power Systems, 3480 Board Road,,York,PA ,17402,USA,,800-404-7291,"Sales,Service,Up To 2MW,Mobile/Diesel/Gas,"
10471,Industrial/Commercial Sales & Service,00010001761002,"GENSERVE, INC.", 100 NEWTOWN RD,,PLAINVIEW,NY ,11803,USA,www.genserveinc.com,631-435-0437,"Service,"
10471,Industrial/Commercial Sales & Service,00111209521002,LONG ISLAND EMERGENCY POWER -QO, 2 Ocean Avenue,,DEER PARK,NY ,11729,USA,,631-586-7513,"Sales,"
10471,Industrial/Commercial Sales & Service,00010139211002,POWERPRO SERVICE CO. INC., 608 JOHNSON AVE. UNIT 6,,BOHEMIA,NY ,11716,USA,,631-567-2700,"Sales,Service,Up To 600kW,Mobile/Diesel/Gas,"
10471,Industrial/Commercial Sales & Service,00010134071002,PEAK POWER SYSTEMS, 99 SPRAGUE AVENUE,,MIDDLETOWN,NY ,10940,USA,www.peakpowersystems.com,845-344-1975,"Sales,Service,Up To 600kW,Mobile/Diesel/Gas,Rental,"
10471,Industrial/Commercial Sales & Service,00111209531002,HUNTINGTON POWER - LONG ISLAND, PO BOX 2040,,SHELTON,CT ,06484,USA,,631-586-7513,"Sales,"
10471,Industrial/Commercial Sales & Service,00010001761002,"GENSERVE, INC.", 115A TWINBRIDGE DR.,,PENNSAUKEN,NJ ,08110,USA,www.genserveinc.com,856-324-0459,"Service,"
10471,Industrial/Commercial Sales & Service,00010001621002,BROOKFIELD SERVICE, 708 GLEBE ROAD,,WESTMORELAND,NH ,03467,USA,www.brookfieldservice.com,802-485-6567,"Service,Up To 600kW,Mobile/Diesel/Gas,"
10471,Industrial/Commercial Sales & Service,00111184131002,HUNTER & LOMISON, 1956 W FOURTH ST,,WILLIAMSPORT,PA ,17701,USA,www.hunterlomison.com,570-326-1764,"Sales,Service,Up To 600kW,Mobile/Diesel/Gas,Rental,"
10471,Industrial/Commercial Sales & Service,00010000881002,HUNTER & LOMISON INC., 1956 W. 4TH STREET,,WILLIAMSPORT,PA ,17701,USA,www.hunterlomison.com,570-326-1764,"Service,Up To 600kW,Mobile/Diesel/Gas,"
10471,Industrial/Commercial Sales & Service,00010021101002,SOUTH SHORE GENERATOR INC-Quote, 2696A CRANBERRY HWY,,WAREHAM,MA ,02571,USA,,508-295-7336,"Sales,Service,Up To 600kW,Mobile/Diesel/Gas,"
10471,Industrial/Commercial Sales & Service,00010001701002,SOUTH SHORE GENERATOR INC, ,,EAST WAREHAM,MA ,02538,USA,,508-295-7336,"Financing,Sales,Service,Up To 600kW,Mobile/Diesel/Gas,"
10471,Industrial/Commercial Sales & Service,00111207431002,WARSHAUER ELECTRIC SUPPLY CO INC, 800 SHREWSBURY AVE,,TINTON FALLS,NJ ,07724,USA,www.warshauer.com,732-741-6400,"Service,"
10471,Industrial/Commercial Sales & Service,00010157021002,Mechanical Service Co, 1145 Oak St.,,Pittston,PA ,18640,USA,,570-654-2445,"Service,"
10472,Industrial/Commercial Sales & Service,00010001611002,Huntington Power, 230 Long Hill Cross Rd,,Shelton,CT ,06484,USA,www.huntingtonpower.com,203-929-3203,"Sales,Service,Up To 2MW,Mobile/Diesel/Gas,Training,Rental,"
10472,Industrial/Commercial Sales & Service,00010214161002,"R.L. KISTLER, INC.", 35 HAMILTON LANE,,GLENMONT,NY ,12077,USA,,585-436-1940,"Sales,Service,"
10472,Industrial/Commercial Sales & Service,00010214161002,"R.L. Kistler, Inc", 300 Mile Crossing Blvd.,,Rochester,NY ,14624,USA,rlkistler.com,585-436-1940,"Sales,"
10472,Industrial/Commercial Sales & Service,00010001611002,Huntington Power, 68 Enter Ln,,Islandia,NY ,11749,USA,,631-563-4943,"Sales,Service,Up To 2MW,Mobile/Diesel/Gas,"
10472,Industrial/Commercial Sales & Service,00010001611002,Huntington Power, 34 E DUDLEY TOWN RD.,,BLOOMFIELD,CT ,06002,USA,,860-289-8790,"Sales,Service,Rental,"
10472,Industrial/Commercial Sales & Service,00010214161002,"R.L. Kistler, Inc", 5615 Business Ave.,,N. Syracuse,NY ,13208,USA,,315-458-2875,"Sales,"
10472,Industrial/Commercial Sales & Service,00010214161002,"R.L. Kistler, Inc", 5615 Business Ave.,,N. Syracuse,NY ,13208,USA,,315-458-2875,"Sales,"
10472,Industrial/Commercial Sales & Service,00010208021002,Modern Group Power Systems, 2501 Durham Road,,Bristol,PA ,19007,USA,www.moderngroup.com,800-404-7291,"Sales,Service,Up To 2MW,Mobile/Diesel/Gas,Training,Rental,"
10472,Industrial/Commercial Sales & Service,00010001731002,Authorized Services Of New England, 410 Forest Street,,Marlborough,MA ,01752,USA,www.asne.com,888-890-9886,"Financing,Sales,Service,Up To 2MW,Mobile/Diesel/Gas,Training,Rental,"
10472,Industrial/Commercial Sales & Service,00010008091002,MODERN HANDLING EQUIP, 75 NEW STREET,,EDISON,NJ ,08837,USA,www.moderngroup.com,800-779-5116,"Sales,Service,Up To 2MW,Mobile/Diesel/Gas,"
10472,Industrial/Commercial Sales & Service,00010208021002,Modern Group Power Systems, 6352 Chapmans Rd,,Allentown,PA ,18106,USA,,800-404-7291,"Sales,Service,Up To 2MW,Mobile/Diesel/Gas,"
10472,Industrial/Commercial Sales & Service,00010208021002,Modern Group Power Systems, 200 Allied Parkway,,West Berlin,NJ ,08091,USA,,800-404-7291,"Sales,Service,Up To 2MW,Mobile/Diesel/Gas,"
10472,Industrial/Commercial Sales & Service,00010208021002,Modern Group Power Systems, 295 New Commerce Blvd.,,Wilkes Barre,PA ,18706,USA,,800-404-7291,"Sales,Service,Up To 2MW,Mobile/Diesel/Gas,"
10472,Industrial/Commercial Sales & Service,00010000931002,"EMERGENCY POWER SYSTEMS, LLC", 35 HAMILTON LANE,,GLENMONT,NY ,12077,USA,,800-914-1465,"Service,Up To 2MW,Mobile/Diesel/Gas,"
10472,Industrial/Commercial Sales & Service,00010000931002,"EMERGENCY POWER SYSTEMS, LLC", 35 HAMILTON LANE,,GLENMONT,NY ,12077,USA,,800-914-1465,"Service,"
10472,Industrial/Commercial Sales & Service,00010208021002,Modern Group Power Systems, 66A South Gate Blvd.,,New Castle,DE ,19720,USA,,800-404-7291,"Sales,Service,Up To 2MW,Mobile/Diesel/Gas,"
10472,Industrial/Commercial Sales & Service,00010001731002,AUTHORIZED SERVICES OF NEW ENGLAND, 410 FOREST STREET,,MARLBOROUGH,MA ,01752,USA,,888-890-9886,"Sales,"
10472,Industrial/Commercial Sales & Service,00010208021002,Modern Group Power Systems, 3480 Board Road,,York,PA ,17402,USA,,800-404-7291,"Sales,Service,Up To 2MW,Mobile/Diesel/Gas,"
10472,Industrial/Commercial Sales & Service,00010001761002,"GENSERVE, INC.", 100 NEWTOWN RD,,PLAINVIEW,NY ,11803,USA,www.genserveinc.com,631-435-0437,"Service,"
10472,Industrial/Commercial Sales & Service,00111209521002,LONG ISLAND EMERGENCY POWER -QO, 2 Ocean Avenue,,DEER PARK,NY ,11729,USA,,631-586-7513,"Sales,"
10472,Industrial/Commercial Sales & Service,00010139211002,POWERPRO SERVICE CO. INC., 608 JOHNSON AVE. UNIT 6,,BOHEMIA,NY ,11716,USA,,631-567-2700,"Sales,Service,Up To 600kW,Mobile/Diesel/Gas,"
10472,Industrial/Commercial Sales & Service,00111209531002,HUNTINGTON POWER - LONG ISLAND, PO BOX 2040,,SHELTON,CT ,06484,USA,,631-586-7513,"Sales,"
10472,Industrial/Commercial Sales & Service,00010134071002,PEAK POWER SYSTEMS, 99 SPRAGUE AVENUE,,MIDDLETOWN,NY ,10940,USA,www.peakpowersystems.com,845-344-1975,"Sales,Service,Up To 600kW,Mobile/Diesel/Gas,Rental,"
10472,Industrial/Commercial Sales & Service,00010001761002,"GENSERVE, INC.", 115A TWINBRIDGE DR.,,PENNSAUKEN,NJ ,08110,USA,www.genserveinc.com,856-324-0459,"Service,"
10472,Industrial/Commercial Sales & Service,00010001621002,BROOKFIELD SERVICE, 708 GLEBE ROAD,,WESTMORELAND,NH ,03467,USA,www.brookfieldservice.com,802-485-6567,"Service,Up To 600kW,Mobile/Diesel/Gas,"
10472,Industrial/Commercial Sales & Service,00111184131002,HUNTER & LOMISON, 1956 W FOURTH ST,,WILLIAMSPORT,PA ,17701,USA,www.hunterlomison.com,570-326-1764,"Sales,Service,Up To 600kW,Mobile/Diesel/Gas,Rental,"
10472,Industrial/Commercial Sales & Service,00010000881002,HUNTER & LOMISON INC., 1956 W. 4TH STREET,,WILLIAMSPORT,PA ,17701,USA,www.hunterlomison.com,570-326-1764,"Service,Up To 600kW,Mobile/Diesel/Gas,"
10472,Industrial/Commercial Sales & Service,00010021101002,SOUTH SHORE GENERATOR INC-Quote, 2696A CRANBERRY HWY,,WAREHAM,MA ,02571,USA,,508-295-7336,"Sales,Service,Up To 600kW,Mobile/Diesel/Gas,"
10472,Industrial/Commercial Sales & Service,00010001701002,SOUTH SHORE GENERATOR INC, ,,EAST WAREHAM,MA ,02538,USA,,508-295-7336,"Financing,Sales,Service,Up To 600kW,Mobile/Diesel/Gas,"
10472,Industrial/Commercial Sales & Service,00111207431002,WARSHAUER ELECTRIC SUPPLY CO INC, 800 SHREWSBURY AVE,,TINTON FALLS,NJ ,07724,USA,www.warshauer.com,732-741-6400,"Service,"
10472,Industrial/Commercial Sales & Service,00010157021002,Mechanical Service Co, 1145 Oak St.,,Pittston,PA ,18640,USA,,570-654-2445,"Service,"
10473,Industrial/Commercial Sales & Service,00010214161002,"R.L. Kistler, Inc", 300 Mile Crossing Blvd.,,Rochester,NY ,14624,USA,rlkistler.com,585-436-1940,"Sales,"
10473,Industrial/Commercial Sales & Service,00010214161002,"R.L. KISTLER, INC.", 35 HAMILTON LANE,,GLENMONT,NY ,12077,USA,,585-436-1940,"Sales,Service,"
10473,Industrial/Commercial Sales & Service,00010001611002,Huntington Power, 230 Long Hill Cross Rd,,Shelton,CT ,06484,USA,www.huntingtonpower.com,203-929-3203,"Sales,Service,Up To 2MW,Mobile/Diesel/Gas,Training,Rental,"
10473,Industrial/Commercial Sales & Service,00010214161002,"R.L. Kistler, Inc", 5615 Business Ave.,,N. Syracuse,NY ,13208,USA,,315-458-2875,"Sales,"
10473,Industrial/Commercial Sales & Service,00010214161002,"R.L. Kistler, Inc", 5615 Business Ave.,,N. Syracuse,NY ,13208,USA,,315-458-2875,"Sales,"
10473,Industrial/Commercial Sales & Service,00010001611002,Huntington Power, 68 Enter Ln,,Islandia,NY ,11749,USA,,631-563-4943,"Sales,Service,Up To 2MW,Mobile/Diesel/Gas,"
10473,Industrial/Commercial Sales & Service,00010001611002,Huntington Power, 34 E DUDLEY TOWN RD.,,BLOOMFIELD,CT ,06002,USA,,860-289-8790,"Sales,Service,Rental,"
10473,Industrial/Commercial Sales & Service,00010208021002,Modern Group Power Systems, 2501 Durham Road,,Bristol,PA ,19007,USA,www.moderngroup.com,800-404-7291,"Sales,Service,Up To 2MW,Mobile/Diesel/Gas,Training,Rental,"
10473,Industrial/Commercial Sales & Service,00010001731002,Authorized Services Of New England, 410 Forest Street,,Marlborough,MA ,01752,USA,www.asne.com,888-890-9886,"Financing,Sales,Service,Up To 2MW,Mobile/Diesel/Gas,Training,Rental,"
10473,Industrial/Commercial Sales & Service,00010008091002,MODERN HANDLING EQUIP, 75 NEW STREET,,EDISON,NJ ,08837,USA,www.moderngroup.com,800-779-5116,"Sales,Service,Up To 2MW,Mobile/Diesel/Gas,"
10473,Industrial/Commercial Sales & Service,00010208021002,Modern Group Power Systems, 6352 Chapmans Rd,,Allentown,PA ,18106,USA,,800-404-7291,"Sales,Service,Up To 2MW,Mobile/Diesel/Gas,"
10473,Industrial/Commercial Sales & Service,00010208021002,Modern Group Power Systems, 200 Allied Parkway,,West Berlin,NJ ,08091,USA,,800-404-7291,"Sales,Service,Up To 2MW,Mobile/Diesel/Gas,"
10473,Industrial/Commercial Sales & Service,00010208021002,Modern Group Power Systems, 295 New Commerce Blvd.,,Wilkes Barre,PA ,18706,USA,,800-404-7291,"Sales,Service,Up To 2MW,Mobile/Diesel/Gas,"
10473,Industrial/Commercial Sales & Service,00010208021002,Modern Group Power Systems, 66A South Gate Blvd.,,New Castle,DE ,19720,USA,,800-404-7291,"Sales,Service,Up To 2MW,Mobile/Diesel/Gas,"
10473,Industrial/Commercial Sales & Service,00010000931002,"EMERGENCY POWER SYSTEMS, LLC", 35 HAMILTON LANE,,GLENMONT,NY ,12077,USA,,800-914-1465,"Service,Up To 2MW,Mobile/Diesel/Gas,"
10473,Industrial/Commercial Sales & Service,00010000931002,"EMERGENCY POWER SYSTEMS, LLC", 35 HAMILTON LANE,,GLENMONT,NY ,12077,USA,,800-914-1465,"Service,"
10473,Industrial/Commercial Sales & Service,00010001731002,AUTHORIZED SERVICES OF NEW ENGLAND, 410 FOREST STREET,,MARLBOROUGH,MA ,01752,USA,,888-890-9886,"Sales,"
10473,Industrial/Commercial Sales & Service,00010208021002,Modern Group Power Systems, 3480 Board Road,,York,PA ,17402,USA,,800-404-7291,"Sales,Service,Up To 2MW,Mobile/Diesel/Gas,"
10473,Industrial/Commercial Sales & Service,00010001761002,"GENSERVE, INC.", 100 NEWTOWN RD,,PLAINVIEW,NY ,11803,USA,www.genserveinc.com,631-435-0437,"Service,"
10473,Industrial/Commercial Sales & Service,00111209521002,LONG ISLAND EMERGENCY POWER -QO, 2 Ocean Avenue,,DEER PARK,NY ,11729,USA,,631-586-7513,"Sales,"
10473,Industrial/Commercial Sales & Service,00010139211002,POWERPRO SERVICE CO. INC., 608 JOHNSON AVE. UNIT 6,,BOHEMIA,NY ,11716,USA,,631-567-2700,"Sales,Service,Up To 600kW,Mobile/Diesel/Gas,"
10473,Industrial/Commercial Sales & Service,00111209531002,HUNTINGTON POWER - LONG ISLAND, PO BOX 2040,,SHELTON,CT ,06484,USA,,631-586-7513,"Sales,"
10473,Industrial/Commercial Sales & Service,00010134071002,PEAK POWER SYSTEMS, 99 SPRAGUE AVENUE,,MIDDLETOWN,NY ,10940,USA,www.peakpowersystems.com,845-344-1975,"Sales,Service,Up To 600kW,Mobile/Diesel/Gas,Rental,"
10473,Industrial/Commercial Sales & Service,00010001761002,"GENSERVE, INC.", 115A TWINBRIDGE DR.,,PENNSAUKEN,NJ ,08110,USA,www.genserveinc.com,856-324-0459,"Service,"
10473,Industrial/Commercial Sales & Service,00010001621002,BROOKFIELD SERVICE, 708 GLEBE ROAD,,WESTMORELAND,NH ,03467,USA,www.brookfieldservice.com,802-485-6567,"Service,Up To 600kW,Mobile/Diesel/Gas,"
10473,Industrial/Commercial Sales & Service,00111184131002,HUNTER & LOMISON, 1956 W FOURTH ST,,WILLIAMSPORT,PA ,17701,USA,www.hunterlomison.com,570-326-1764,"Sales,Service,Up To 600kW,Mobile/Diesel/Gas,Rental,"
10473,Industrial/Commercial Sales & Service,00010000881002,HUNTER & LOMISON INC., 1956 W. 4TH STREET,,WILLIAMSPORT,PA ,17701,USA,www.hunterlomison.com,570-326-1764,"Service,Up To 600kW,Mobile/Diesel/Gas,"
10473,Industrial/Commercial Sales & Service,00010021101002,SOUTH SHORE GENERATOR INC-Quote, 2696A CRANBERRY HWY,,WAREHAM,MA ,02571,USA,,508-295-7336,"Sales,Service,Up To 600kW,Mobile/Diesel/Gas,"
10473,Industrial/Commercial Sales & Service,00010001701002,SOUTH SHORE GENERATOR INC, ,,EAST WAREHAM,MA ,02538,USA,,508-295-7336,"Financing,Sales,Service,Up To 600kW,Mobile/Diesel/Gas,"
10473,Industrial/Commercial Sales & Service,00111207431002,WARSHAUER ELECTRIC SUPPLY CO INC, 800 SHREWSBURY AVE,,TINTON FALLS,NJ ,07724,USA,www.warshauer.com,732-741-6400,"Service,"
10473,Industrial/Commercial Sales & Service,00010157021002,Mechanical Service Co, 1145 Oak St.,,Pittston,PA ,18640,USA,,570-654-2445,"Service,"
10474,Industrial/Commercial Sales & Service,00010214161002,"R.L. KISTLER, INC.", 35 HAMILTON LANE,,GLENMONT,NY ,12077,USA,,585-436-1940,"Sales,Service,"
10474,Industrial/Commercial Sales & Service,00010214161002,"R.L. Kistler, Inc", 300 Mile Crossing Blvd.,,Rochester,NY ,14624,USA,rlkistler.com,585-436-1940,"Sales,"
10474,Industrial/Commercial Sales & Service,00010001611002,Huntington Power, 230 Long Hill Cross Rd,,Shelton,CT ,06484,USA,www.huntingtonpower.com,203-929-3203,"Sales,Service,Up To 2MW,Mobile/Diesel/Gas,Training,Rental,"
10474,Industrial/Commercial Sales & Service,00010214161002,"R.L. Kistler, Inc", 5615 Business Ave.,,N. Syracuse,NY ,13208,USA,,315-458-2875,"Sales,"
10474,Industrial/Commercial Sales & Service,00010214161002,"R.L. Kistler, Inc", 5615 Business Ave.,,N. Syracuse,NY ,13208,USA,,315-458-2875,"Sales,"
10474,Industrial/Commercial Sales & Service,00010001611002,Huntington Power, 68 Enter Ln,,Islandia,NY ,11749,USA,,631-563-4943,"Sales,Service,Up To 2MW,Mobile/Diesel/Gas,"
10474,Industrial/Commercial Sales & Service,00010001611002,Huntington Power, 34 E DUDLEY TOWN RD.,,BLOOMFIELD,CT ,06002,USA,,860-289-8790,"Sales,Service,Rental,"
10474,Industrial/Commercial Sales & Service,00010208021002,Modern Group Power Systems, 2501 Durham Road,,Bristol,PA ,19007,USA,www.moderngroup.com,800-404-7291,"Sales,Service,Up To 2MW,Mobile/Diesel/Gas,Training,Rental,"
10474,Industrial/Commercial Sales & Service,00010001731002,Authorized Services Of New England, 410 Forest Street,,Marlborough,MA ,01752,USA,www.asne.com,888-890-9886,"Financing,Sales,Service,Up To 2MW,Mobile/Diesel/Gas,Training,Rental,"
10474,Industrial/Commercial Sales & Service,00010008091002,MODERN HANDLING EQUIP, 75 NEW STREET,,EDISON,NJ ,08837,USA,www.moderngroup.com,800-779-5116,"Sales,Service,Up To 2MW,Mobile/Diesel/Gas,"
10474,Industrial/Commercial Sales & Service,00010208021002,Modern Group Power Systems, 6352 Chapmans Rd,,Allentown,PA ,18106,USA,,800-404-7291,"Sales,Service,Up To 2MW,Mobile/Diesel/Gas,"
10474,Industrial/Commercial Sales & Service,00010208021002,Modern Group Power Systems, 200 Allied Parkway,,West Berlin,NJ ,08091,USA,,800-404-7291,"Sales,Service,Up To 2MW,Mobile/Diesel/Gas,"
10474,Industrial/Commercial Sales & Service,00010208021002,Modern Group Power Systems, 295 New Commerce Blvd.,,Wilkes Barre,PA ,18706,USA,,800-404-7291,"Sales,Service,Up To 2MW,Mobile/Diesel/Gas,"
10474,Industrial/Commercial Sales & Service,00010208021002,Modern Group Power Systems, 66A South Gate Blvd.,,New Castle,DE ,19720,USA,,800-404-7291,"Sales,Service,Up To 2MW,Mobile/Diesel/Gas,"
10474,Industrial/Commercial Sales & Service,00010000931002,"EMERGENCY POWER SYSTEMS, LLC", 35 HAMILTON LANE,,GLENMONT,NY ,12077,USA,,800-914-1465,"Service,Up To 2MW,Mobile/Diesel/Gas,"
10474,Industrial/Commercial Sales & Service,00010000931002,"EMERGENCY POWER SYSTEMS, LLC", 35 HAMILTON LANE,,GLENMONT,NY ,12077,USA,,800-914-1465,"Service,"
10474,Industrial/Commercial Sales & Service,00010208021002,Modern Group Power Systems, 3480 Board Road,,York,PA ,17402,USA,,800-404-7291,"Sales,Service,Up To 2MW,Mobile/Diesel/Gas,"
10474,Industrial/Commercial Sales & Service,00010001731002,AUTHORIZED SERVICES OF NEW ENGLAND, 410 FOREST STREET,,MARLBOROUGH,MA ,01752,USA,,888-890-9886,"Sales,"
10474,Industrial/Commercial Sales & Service,00010001761002,"GENSERVE, INC.", 100 NEWTOWN RD,,PLAINVIEW,NY ,11803,USA,www.genserveinc.com,631-435-0437,"Service,"
10474,Industrial/Commercial Sales & Service,00111209521002,LONG ISLAND EMERGENCY POWER -QO, 2 Ocean Avenue,,DEER PARK,NY ,11729,USA,,631-586-7513,"Sales,"
10474,Industrial/Commercial Sales & Service,00010139211002,POWERPRO SERVICE CO. INC., 608 JOHNSON AVE. UNIT 6,,BOHEMIA,NY ,11716,USA,,631-567-2700,"Sales,Service,Up To 600kW,Mobile/Diesel/Gas,"
10474,Industrial/Commercial Sales & Service,00111209531002,HUNTINGTON POWER - LONG ISLAND, PO BOX 2040,,SHELTON,CT ,06484,USA,,631-586-7513,"Sales,"
10474,Industrial/Commercial Sales & Service,00010134071002,PEAK POWER SYSTEMS, 99 SPRAGUE AVENUE,,MIDDLETOWN,NY ,10940,USA,www.peakpowersystems.com,845-344-1975,"Sales,Service,Up To 600kW,Mobile/Diesel/Gas,Rental,"
10474,Industrial/Commercial Sales & Service,00010001761002,"GENSERVE, INC.", 115A TWINBRIDGE DR.,,PENNSAUKEN,NJ ,08110,USA,www.genserveinc.com,856-324-0459,"Service,"
10474,Industrial/Commercial Sales & Service,00010001621002,BROOKFIELD SERVICE, 708 GLEBE ROAD,,WESTMORELAND,NH ,03467,USA,www.brookfieldservice.com,802-485-6567,"Service,Up To 600kW,Mobile/Diesel/Gas,"
10474,Industrial/Commercial Sales & Service,00111184131002,HUNTER & LOMISON, 1956 W FOURTH ST,,WILLIAMSPORT,PA ,17701,USA,www.hunterlomison.com,570-326-1764,"Sales,Service,Up To 600kW,Mobile/Diesel/Gas,Rental,"
10474,Industrial/Commercial Sales & Service,00010000881002,HUNTER & LOMISON INC., 1956 W. 4TH STREET,,WILLIAMSPORT,PA ,17701,USA,www.hunterlomison.com,570-326-1764,"Service,Up To 600kW,Mobile/Diesel/Gas,"
10474,Industrial/Commercial Sales & Service,00010021101002,SOUTH SHORE GENERATOR INC-Quote, 2696A CRANBERRY HWY,,WAREHAM,MA ,02571,USA,,508-295-7336,"Sales,Service,Up To 600kW,Mobile/Diesel/Gas,"
10474,Industrial/Commercial Sales & Service,00010001701002,SOUTH SHORE GENERATOR INC, ,,EAST WAREHAM,MA ,02538,USA,,508-295-7336,"Financing,Sales,Service,Up To 600kW,Mobile/Diesel/Gas,"
10474,Industrial/Commercial Sales & Service,00111207431002,WARSHAUER ELECTRIC SUPPLY CO INC, 800 SHREWSBURY AVE,,TINTON FALLS,NJ ,07724,USA,www.warshauer.com,732-741-6400,"Service,"
10474,Industrial/Commercial Sales & Service,00010157021002,Mechanical Service Co, 1145 Oak St.,,Pittston,PA ,18640,USA,,570-654-2445,"Service,"
10475,Industrial/Commercial Sales & Service,00010214161002,"R.L. Kistler, Inc", 300 Mile Crossing Blvd.,,Rochester,NY ,14624,USA,rlkistler.com,585-436-1940,"Sales,"
10475,Industrial/Commercial Sales & Service,00010001611002,Huntington Power, 230 Long Hill Cross Rd,,Shelton,CT ,06484,USA,www.huntingtonpower.com,203-929-3203,"Sales,Service,Up To 2MW,Mobile/Diesel/Gas,Training,Rental,"
10475,Industrial/Commercial Sales & Service,00010214161002,"R.L. KISTLER, INC.", 35 HAMILTON LANE,,GLENMONT,NY ,12077,USA,,585-436-1940,"Sales,Service,"
10475,Industrial/Commercial Sales & Service,00010214161002,"R.L. Kistler, Inc", 5615 Business Ave.,,N. Syracuse,NY ,13208,USA,,315-458-2875,"Sales,"
10475,Industrial/Commercial Sales & Service,00010001611002,Huntington Power, 68 Enter Ln,,Islandia,NY ,11749,USA,,631-563-4943,"Sales,Service,Up To 2MW,Mobile/Diesel/Gas,"
10475,Industrial/Commercial Sales & Service,00010001611002,Huntington Power, 34 E DUDLEY TOWN RD.,,BLOOMFIELD,CT ,06002,USA,,860-289-8790,"Sales,Service,Rental,"
10475,Industrial/Commercial Sales & Service,00010214161002,"R.L. Kistler, Inc", 5615 Business Ave.,,N. Syracuse,NY ,13208,USA,,315-458-2875,"Sales,"
10475,Industrial/Commercial Sales & Service,00010208021002,Modern Group Power Systems, 2501 Durham Road,,Bristol,PA ,19007,USA,www.moderngroup.com,800-404-7291,"Sales,Service,Up To 2MW,Mobile/Diesel/Gas,Training,Rental,"
10475,Industrial/Commercial Sales & Service,00010001731002,Authorized Services Of New England, 410 Forest Street,,Marlborough,MA ,01752,USA,www.asne.com,888-890-9886,"Financing,Sales,Service,Up To 2MW,Mobile/Diesel/Gas,Training,Rental,"
10475,Industrial/Commercial Sales & Service,00010008091002,MODERN HANDLING EQUIP, 75 NEW STREET,,EDISON,NJ ,08837,USA,www.moderngroup.com,800-779-5116,"Sales,Service,Up To 2MW,Mobile/Diesel/Gas,"
10475,Industrial/Commercial Sales & Service,00010208021002,Modern Group Power Systems, 6352 Chapmans Rd,,Allentown,PA ,18106,USA,,800-404-7291,"Sales,Service,Up To 2MW,Mobile/Diesel/Gas,"
10475,Industrial/Commercial Sales & Service,00010208021002,Modern Group Power Systems, 200 Allied Parkway,,West Berlin,NJ ,08091,USA,,800-404-7291,"Sales,Service,Up To 2MW,Mobile/Diesel/Gas,"
10475,Industrial/Commercial Sales & Service,00010208021002,Modern Group Power Systems, 295 New Commerce Blvd.,,Wilkes Barre,PA ,18706,USA,,800-404-7291,"Sales,Service,Up To 2MW,Mobile/Diesel/Gas,"
10475,Industrial/Commercial Sales & Service,00010000931002,"EMERGENCY POWER SYSTEMS, LLC", 35 HAMILTON LANE,,GLENMONT,NY ,12077,USA,,800-914-1465,"Service,Up To 2MW,Mobile/Diesel/Gas,"
10475,Industrial/Commercial Sales & Service,00010000931002,"EMERGENCY POWER SYSTEMS, LLC", 35 HAMILTON LANE,,GLENMONT,NY ,12077,USA,,800-914-1465,"Service,"
10475,Industrial/Commercial Sales & Service,00010208021002,Modern Group Power Systems, 66A South Gate Blvd.,,New Castle,DE ,19720,USA,,800-404-7291,"Sales,Service,Up To 2MW,Mobile/Diesel/Gas,"
10475,Industrial/Commercial Sales & Service,00010001731002,AUTHORIZED SERVICES OF NEW ENGLAND, 410 FOREST STREET,,MARLBOROUGH,MA ,01752,USA,,888-890-9886,"Sales,"
10475,Industrial/Commercial Sales & Service,00010208021002,Modern Group Power Systems, 3480 Board Road,,York,PA ,17402,USA,,800-404-7291,"Sales,Service,Up To 2MW,Mobile/Diesel/Gas,"
10475,Industrial/Commercial Sales & Service,00010001761002,"GENSERVE, INC.", 100 NEWTOWN RD,,PLAINVIEW,NY ,11803,USA,www.genserveinc.com,631-435-0437,"Service,"
10475,Industrial/Commercial Sales & Service,00111209521002,LONG ISLAND EMERGENCY POWER -QO, 2 Ocean Avenue,,DEER PARK,NY ,11729,USA,,631-586-7513,"Sales,"
10475,Industrial/Commercial Sales & Service,00010139211002,POWERPRO SERVICE CO. INC., 608 JOHNSON AVE. UNIT 6,,BOHEMIA,NY ,11716,USA,,631-567-2700,"Sales,Service,Up To 600kW,Mobile/Diesel/Gas,"
10475,Industrial/Commercial Sales & Service,00111209531002,HUNTINGTON POWER - LONG ISLAND, PO BOX 2040,,SHELTON,CT ,06484,USA,,631-586-7513,"Sales,"
10475,Industrial/Commercial Sales & Service,00010134071002,PEAK POWER SYSTEMS, 99 SPRAGUE AVENUE,,MIDDLETOWN,NY ,10940,USA,www.peakpowersystems.com,845-344-1975,"Sales,Service,Up To 600kW,Mobile/Diesel/Gas,Rental,"
10475,Industrial/Commercial Sales & Service,00010001761002,"GENSERVE, INC.", 115A TWINBRIDGE DR.,,PENNSAUKEN,NJ ,08110,USA,www.genserveinc.com,856-324-0459,"Service,"
10475,Industrial/Commercial Sales & Service,00010001621002,BROOKFIELD SERVICE, 708 GLEBE ROAD,,WESTMORELAND,NH ,03467,USA,www.brookfieldservice.com,802-485-6567,"Service,Up To 600kW,Mobile/Diesel/Gas,"
10475,Industrial/Commercial Sales & Service,00111184131002,HUNTER & LOMISON, 1956 W FOURTH ST,,WILLIAMSPORT,PA ,17701,USA,www.hunterlomison.com,570-326-1764,"Sales,Service,Up To 600kW,Mobile/Diesel/Gas,Rental,"
10475,Industrial/Commercial Sales & Service,00010000881002,HUNTER & LOMISON INC., 1956 W. 4TH STREET,,WILLIAMSPORT,PA ,17701,USA,www.hunterlomison.com,570-326-1764,"Service,Up To 600kW,Mobile/Diesel/Gas,"
10475,Industrial/Commercial Sales & Service,00010021101002,SOUTH SHORE GENERATOR INC-Quote, 2696A CRANBERRY HWY,,WAREHAM,MA ,02571,USA,,508-295-7336,"Sales,Service,Up To 600kW,Mobile/Diesel/Gas,"
10475,Industrial/Commercial Sales & Service,00010001701002,SOUTH SHORE GENERATOR INC, ,,EAST WAREHAM,MA ,02538,USA,,508-295-7336,"Financing,Sales,Service,Up To 600kW,Mobile/Diesel/Gas,"
10475,Industrial/Commercial Sales & Service,00111207431002,WARSHAUER ELECTRIC SUPPLY CO INC, 800 SHREWSBURY AVE,,TINTON FALLS,NJ ,07724,USA,www.warshauer.com,732-741-6400,"Service,"
10475,Industrial/Commercial Sales & Service,00010157021002,Mechanical Service Co, 1145 Oak St.,,Pittston,PA ,18640,USA,,570-654-2445,"Service,"
10499,Industrial/Commercial Sales & Service,00010214161002,"R.L. KISTLER, INC.", 35 HAMILTON LANE,,GLENMONT,NY ,12077,USA,,585-436-1940,"Sales,Service,"
10499,Industrial/Commercial Sales & Service,00010001611002,Huntington Power, 230 Long Hill Cross Rd,,Shelton,CT ,06484,USA,www.huntingtonpower.com,203-929-3203,"Sales,Service,Up To 2MW,Mobile/Diesel/Gas,Training,Rental,"
10499,Industrial/Commercial Sales & Service,00010214161002,"R.L. Kistler, Inc", 300 Mile Crossing Blvd.,,Rochester,NY ,14624,USA,rlkistler.com,585-436-1940,"Sales,"
10499,Industrial/Commercial Sales & Service,00010214161002,"R.L. Kistler, Inc", 5615 Business Ave.,,N. Syracuse,NY ,13208,USA,,315-458-2875,"Sales,"
10499,Industrial/Commercial Sales & Service,00010001611002,Huntington Power, 68 Enter Ln,,Islandia,NY ,11749,USA,,631-563-4943,"Sales,Service,Up To 2MW,Mobile/Diesel/Gas,"
10499,Industrial/Commercial Sales & Service,00010001611002,Huntington Power, 34 E DUDLEY TOWN RD.,,BLOOMFIELD,CT ,06002,USA,,860-289-8790,"Sales,Service,Rental,"
10499,Industrial/Commercial Sales & Service,00010214161002,"R.L. Kistler, Inc", 5615 Business Ave.,,N. Syracuse,NY ,13208,USA,,315-458-2875,"Sales,"
10499,Industrial/Commercial Sales & Service,00010208021002,Modern Group Power Systems, 2501 Durham Road,,Bristol,PA ,19007,USA,www.moderngroup.com,800-404-7291,"Sales,Service,Up To 2MW,Mobile/Diesel/Gas,Training,Rental,"
10499,Industrial/Commercial Sales & Service,00010001731002,Authorized Services Of New England, 410 Forest Street,,Marlborough,MA ,01752,USA,www.asne.com,888-890-9886,"Financing,Sales,Service,Up To 2MW,Mobile/Diesel/Gas,Training,Rental,"
10499,Industrial/Commercial Sales & Service,00010008091002,MODERN HANDLING EQUIP, 75 NEW STREET,,EDISON,NJ ,08837,USA,www.moderngroup.com,800-779-5116,"Sales,Service,Up To 2MW,Mobile/Diesel/Gas,"
10499,Industrial/Commercial Sales & Service,00010208021002,Modern Group Power Systems, 6352 Chapmans Rd,,Allentown,PA ,18106,USA,,800-404-7291,"Sales,Service,Up To 2MW,Mobile/Diesel/Gas,"
10499,Industrial/Commercial Sales & Service,00010208021002,Modern Group Power Systems, 200 Allied Parkway,,West Berlin,NJ ,08091,USA,,800-404-7291,"Sales,Service,Up To 2MW,Mobile/Diesel/Gas,"
10499,Industrial/Commercial Sales & Service,00010208021002,Modern Group Power Systems, 295 New Commerce Blvd.,,Wilkes Barre,PA ,18706,USA,,800-404-7291,"Sales,Service,Up To 2MW,Mobile/Diesel/Gas,"
10499,Industrial/Commercial Sales & Service,00010000931002,"EMERGENCY POWER SYSTEMS, LLC", 35 HAMILTON LANE,,GLENMONT,NY ,12077,USA,,800-914-1465,"Service,Up To 2MW,Mobile/Diesel/Gas,"
10499,Industrial/Commercial Sales & Service,00010000931002,"EMERGENCY POWER SYSTEMS, LLC", 35 HAMILTON LANE,,GLENMONT,NY ,12077,USA,,800-914-1465,"Service,"
10499,Industrial/Commercial Sales & Service,00010208021002,Modern Group Power Systems, 66A South Gate Blvd.,,New Castle,DE ,19720,USA,,800-404-7291,"Sales,Service,Up To 2MW,Mobile/Diesel/Gas,"
10499,Industrial/Commercial Sales & Service,00010001731002,AUTHORIZED SERVICES OF NEW ENGLAND, 410 FOREST STREET,,MARLBOROUGH,MA ,01752,USA,,888-890-9886,"Sales,"
10499,Industrial/Commercial Sales & Service,00010208021002,Modern Group Power Systems, 3480 Board Road,,York,PA ,17402,USA,,800-404-7291,"Sales,Service,Up To 2MW,Mobile/Diesel/Gas,"
10499,Industrial/Commercial Sales & Service,00010001761002,"GENSERVE, INC.", 100 NEWTOWN RD,,PLAINVIEW,NY ,11803,USA,www.genserveinc.com,631-435-0437,"Service,"
10499,Industrial/Commercial Sales & Service,00111209521002,LONG ISLAND EMERGENCY POWER -QO, 2 Ocean Avenue,,DEER PARK,NY ,11729,USA,,631-586-7513,"Sales,"
10499,Industrial/Commercial Sales & Service,00010139211002,POWERPRO SERVICE CO. INC., 608 JOHNSON AVE. UNIT 6,,BOHEMIA,NY ,11716,USA,,631-567-2700,"Sales,Service,Up To 600kW,Mobile/Diesel/Gas,"
10499,Industrial/Commercial Sales & Service,00111209531002,HUNTINGTON POWER - LONG ISLAND, PO BOX 2040,,SHELTON,CT ,06484,USA,,631-586-7513,"Sales,"
10499,Industrial/Commercial Sales & Service,00010134071002,PEAK POWER SYSTEMS, 99 SPRAGUE AVENUE,,MIDDLETOWN,NY ,10940,USA,www.peakpowersystems.com,845-344-1975,"Sales,Service,Up To 600kW,Mobile/Diesel/Gas,Rental,"
10499,Industrial/Commercial Sales & Service,00010001761002,"GENSERVE, INC.", 115A TWINBRIDGE DR.,,PENNSAUKEN,NJ ,08110,USA,www.genserveinc.com,856-324-0459,"Service,"
10499,Industrial/Commercial Sales & Service,00010001621002,BROOKFIELD SERVICE, 708 GLEBE ROAD,,WESTMORELAND,NH ,03467,USA,www.brookfieldservice.com,802-485-6567,"Service,Up To 600kW,Mobile/Diesel/Gas,"
10499,Industrial/Commercial Sales & Service,00111184131002,HUNTER & LOMISON, 1956 W FOURTH ST,,WILLIAMSPORT,PA ,17701,USA,www.hunterlomison.com,570-326-1764,"Sales,Service,Up To 600kW,Mobile/Diesel/Gas,Rental,"
10499,Industrial/Commercial Sales & Service,00010000881002,HUNTER & LOMISON INC., 1956 W. 4TH STREET,,WILLIAMSPORT,PA ,17701,USA,www.hunterlomison.com,570-326-1764,"Service,Up To 600kW,Mobile/Diesel/Gas,"
10499,Industrial/Commercial Sales & Service,00010021101002,SOUTH SHORE GENERATOR INC-Quote, 2696A CRANBERRY HWY,,WAREHAM,MA ,02571,USA,,508-295-7336,"Sales,Service,Up To 600kW,Mobile/Diesel/Gas,"
10499,Industrial/Commercial Sales & Service,00010001701002,SOUTH SHORE GENERATOR INC, ,,EAST WAREHAM,MA ,02538,USA,,508-295-7336,"Financing,Sales,Service,Up To 600kW,Mobile/Diesel/Gas,"
10499,Industrial/Commercial Sales & Service,00111207431002,WARSHAUER ELECTRIC SUPPLY CO INC, 800 SHREWSBURY AVE,,TINTON FALLS,NJ ,07724,USA,www.warshauer.com,732-741-6400,"Service,"
10499,Industrial/Commercial Sales & Service,00010157021002,Mechanical Service Co, 1145 Oak St.,,Pittston,PA ,18640,USA,,570-654-2445,"Service,"
10501,Industrial/Commercial Sales & Service,00010214161002,"R.L. Kistler, Inc", 300 Mile Crossing Blvd.,,Rochester,NY ,14624,USA,rlkistler.com,585-436-1940,"Sales,"
10501,Industrial/Commercial Sales & Service,00010214161002,"R.L. KISTLER, INC.", 35 HAMILTON LANE,,GLENMONT,NY ,12077,USA,,585-436-1940,"Sales,Service,"
10501,Industrial/Commercial Sales & Service,00010001611002,Huntington Power, 230 Long Hill Cross Rd,,Shelton,CT ,06484,USA,www.huntingtonpower.com,203-929-3203,"Sales,Service,Up To 2MW,Mobile/Diesel/Gas,Training,Rental,"
10501,Industrial/Commercial Sales & Service,00010214161002,"R.L. Kistler, Inc", 5615 Business Ave.,,N. Syracuse,NY ,13208,USA,,315-458-2875,"Sales,"
10501,Industrial/Commercial Sales & Service,00010214161002,"R.L. Kistler, Inc", 5615 Business Ave.,,N. Syracuse,NY ,13208,USA,,315-458-2875,"Sales,"
10501,Industrial/Commercial Sales & Service,00010001611002,Huntington Power, 68 Enter Ln,,Islandia,NY ,11749,USA,,631-563-4943,"Sales,Service,Up To 2MW,Mobile/Diesel/Gas,"
10501,Industrial/Commercial Sales & Service,00010001611002,Huntington Power, 34 E DUDLEY TOWN RD.,,BLOOMFIELD,CT ,06002,USA,,860-289-8790,"Sales,Service,Rental,"
10501,Industrial/Commercial Sales & Service,00010208021002,Modern Group Power Systems, 2501 Durham Road,,Bristol,PA ,19007,USA,www.moderngroup.com,800-404-7291,"Sales,Service,Up To 2MW,Mobile/Diesel/Gas,Training,Rental,"
10501,Industrial/Commercial Sales & Service,00010001731002,Authorized Services Of New England, 410 Forest Street,,Marlborough,MA ,01752,USA,www.asne.com,888-890-9886,"Financing,Sales,Service,Up To 2MW,Mobile/Diesel/Gas,Training,Rental,"
10501,Industrial/Commercial Sales & Service,00010008091002,MODERN HANDLING EQUIP, 75 NEW STREET,,EDISON,NJ ,08837,USA,www.moderngroup.com,800-779-5116,"Sales,Service,Up To 2MW,Mobile/Diesel/Gas,"
10501,Industrial/Commercial Sales & Service,00010000931002,"EMERGENCY POWER SYSTEMS, LLC", 35 HAMILTON LANE,,GLENMONT,NY ,12077,USA,,800-914-1465,"Service,Up To 2MW,Mobile/Diesel/Gas,"
10501,Industrial/Commercial Sales & Service,00010000931002,"EMERGENCY POWER SYSTEMS, LLC", 35 HAMILTON LANE,,GLENMONT,NY ,12077,USA,,800-914-1465,"Service,"
10501,Industrial/Commercial Sales & Service,00010208021002,Modern Group Power Systems, 6352 Chapmans Rd,,Allentown,PA ,18106,USA,,800-404-7291,"Sales,Service,Up To 2MW,Mobile/Diesel/Gas,"
10501,Industrial/Commercial Sales & Service,00010208021002,Modern Group Power Systems, 295 New Commerce Blvd.,,Wilkes Barre,PA ,18706,USA,,800-404-7291,"Sales,Service,Up To 2MW,Mobile/Diesel/Gas,"
10501,Industrial/Commercial Sales & Service,00010208021002,Modern Group Power Systems, 200 Allied Parkway,,West Berlin,NJ ,08091,USA,,800-404-7291,"Sales,Service,Up To 2MW,Mobile/Diesel/Gas,"
10501,Industrial/Commercial Sales & Service,00010001731002,AUTHORIZED SERVICES OF NEW ENGLAND, 410 FOREST STREET,,MARLBOROUGH,MA ,01752,USA,,888-890-9886,"Sales,"
10501,Industrial/Commercial Sales & Service,00010208021002,Modern Group Power Systems, 66A South Gate Blvd.,,New Castle,DE ,19720,USA,,800-404-7291,"Sales,Service,Up To 2MW,Mobile/Diesel/Gas,"
10501,Industrial/Commercial Sales & Service,00010208021002,Modern Group Power Systems, 3480 Board Road,,York,PA ,17402,USA,,800-404-7291,"Sales,Service,Up To 2MW,Mobile/Diesel/Gas,"
10501,Industrial/Commercial Sales & Service,00111209531002,HUNTINGTON POWER - LONG ISLAND, PO BOX 2040,,SHELTON,CT ,06484,USA,,631-586-7513,"Sales,"
10501,Industrial/Commercial Sales & Service,00010134071002,PEAK POWER SYSTEMS, 99 SPRAGUE AVENUE,,MIDDLETOWN,NY ,10940,USA,www.peakpowersystems.com,845-344-1975,"Sales,Service,Up To 600kW,Mobile/Diesel/Gas,Rental,"
10501,Industrial/Commercial Sales & Service,00010001761002,"GENSERVE, INC.", 100 NEWTOWN RD,,PLAINVIEW,NY ,11803,USA,www.genserveinc.com,631-435-0437,"Service,"
10501,Industrial/Commercial Sales & Service,00111209521002,LONG ISLAND EMERGENCY POWER -QO, 2 Ocean Avenue,,DEER PARK,NY ,11729,USA,,631-586-7513,"Sales,"
10501,Industrial/Commercial Sales & Service,00010139211002,POWERPRO SERVICE CO. INC., 608 JOHNSON AVE. UNIT 6,,BOHEMIA,NY ,11716,USA,,631-567-2700,"Sales,Service,Up To 600kW,Mobile/Diesel/Gas,"
10501,Industrial/Commercial Sales & Service,00010001761002,"GENSERVE, INC.", 115A TWINBRIDGE DR.,,PENNSAUKEN,NJ ,08110,USA,www.genserveinc.com,856-324-0459,"Service,"
10501,Industrial/Commercial Sales & Service,00010001621002,BROOKFIELD SERVICE, 708 GLEBE ROAD,,WESTMORELAND,NH ,03467,USA,www.brookfieldservice.com,802-485-6567,"Service,Up To 600kW,Mobile/Diesel/Gas,"
10501,Industrial/Commercial Sales & Service,00010021101002,SOUTH SHORE GENERATOR INC-Quote, 2696A CRANBERRY HWY,,WAREHAM,MA ,02571,USA,,508-295-7336,"Sales,Service,Up To 600kW,Mobile/Diesel/Gas,"
10501,Industrial/Commercial Sales & Service,00010001701002,SOUTH SHORE GENERATOR INC, ,,EAST WAREHAM,MA ,02538,USA,,508-295-7336,"Financing,Sales,Service,Up To 600kW,Mobile/Diesel/Gas,"
10501,Industrial/Commercial Sales & Service,00111184131002,HUNTER & LOMISON, 1956 W FOURTH ST,,WILLIAMSPORT,PA ,17701,USA,www.hunterlomison.com,570-326-1764,"Sales,Service,Up To 600kW,Mobile/Diesel/Gas,Rental,"
10501,Industrial/Commercial Sales & Service,00010000881002,HUNTER & LOMISON INC., 1956 W. 4TH STREET,,WILLIAMSPORT,PA ,17701,USA,www.hunterlomison.com,570-326-1764,"Service,Up To 600kW,Mobile/Diesel/Gas,"
10501,Industrial/Commercial Sales & Service,00111207431002,WARSHAUER ELECTRIC SUPPLY CO INC, 800 SHREWSBURY AVE,,TINTON FALLS,NJ ,07724,USA,www.warshauer.com,732-741-6400,"Service,"
10501,Industrial/Commercial Sales & Service,00010157021002,Mechanical Service Co, 1145 Oak St.,,Pittston,PA ,18640,USA,,570-654-2445,"Service,"
10502,Industrial/Commercial Sales & Service,00010214161002,"R.L. Kistler, Inc", 300 Mile Crossing Blvd.,,Rochester,NY ,14624,USA,rlkistler.com,585-436-1940,"Sales,"
10502,Industrial/Commercial Sales & Service,00010001611002,Huntington Power, 230 Long Hill Cross Rd,,Shelton,CT ,06484,USA,www.huntingtonpower.com,203-929-3203,"Sales,Service,Up To 2MW,Mobile/Diesel/Gas,Training,Rental,"
10502,Industrial/Commercial Sales & Service,00010214161002,"R.L. KISTLER, INC.", 35 HAMILTON LANE,,GLENMONT,NY ,12077,USA,,585-436-1940,"Sales,Service,"
10502,Industrial/Commercial Sales & Service,00010214161002,"R.L. Kistler, Inc", 5615 Business Ave.,,N. Syracuse,NY ,13208,USA,,315-458-2875,"Sales,"
10502,Industrial/Commercial Sales & Service,00010001611002,Huntington Power, 68 Enter Ln,,Islandia,NY ,11749,USA,,631-563-4943,"Sales,Service,Up To 2MW,Mobile/Diesel/Gas,"
10502,Industrial/Commercial Sales & Service,00010001611002,Huntington Power, 34 E DUDLEY TOWN RD.,,BLOOMFIELD,CT ,06002,USA,,860-289-8790,"Sales,Service,Rental,"
10502,Industrial/Commercial Sales & Service,00010214161002,"R.L. Kistler, Inc", 5615 Business Ave.,,N. Syracuse,NY ,13208,USA,,315-458-2875,"Sales,"
10502,Industrial/Commercial Sales & Service,00010208021002,Modern Group Power Systems, 2501 Durham Road,,Bristol,PA ,19007,USA,www.moderngroup.com,800-404-7291,"Sales,Service,Up To 2MW,Mobile/Diesel/Gas,Training,Rental,"
10502,Industrial/Commercial Sales & Service,00010001731002,Authorized Services Of New England, 410 Forest Street,,Marlborough,MA ,01752,USA,www.asne.com,888-890-9886,"Financing,Sales,Service,Up To 2MW,Mobile/Diesel/Gas,Training,Rental,"
10502,Industrial/Commercial Sales & Service,00010008091002,MODERN HANDLING EQUIP, 75 NEW STREET,,EDISON,NJ ,08837,USA,www.moderngroup.com,800-779-5116,"Sales,Service,Up To 2MW,Mobile/Diesel/Gas,"
10502,Industrial/Commercial Sales & Service,00010208021002,Modern Group Power Systems, 6352 Chapmans Rd,,Allentown,PA ,18106,USA,,800-404-7291,"Sales,Service,Up To 2MW,Mobile/Diesel/Gas,"
10502,Industrial/Commercial Sales & Service,00010208021002,Modern Group Power Systems, 200 Allied Parkway,,West Berlin,NJ ,08091,USA,,800-404-7291,"Sales,Service,Up To 2MW,Mobile/Diesel/Gas,"
10502,Industrial/Commercial Sales & Service,00010000931002,"EMERGENCY POWER SYSTEMS, LLC", 35 HAMILTON LANE,,GLENMONT,NY ,12077,USA,,800-914-1465,"Service,Up To 2MW,Mobile/Diesel/Gas,"
10502,Industrial/Commercial Sales & Service,00010000931002,"EMERGENCY POWER SYSTEMS, LLC", 35 HAMILTON LANE,,GLENMONT,NY ,12077,USA,,800-914-1465,"Service,"
10502,Industrial/Commercial Sales & Service,00010208021002,Modern Group Power Systems, 295 New Commerce Blvd.,,Wilkes Barre,PA ,18706,USA,,800-404-7291,"Sales,Service,Up To 2MW,Mobile/Diesel/Gas,"
10502,Industrial/Commercial Sales & Service,00010208021002,Modern Group Power Systems, 66A South Gate Blvd.,,New Castle,DE ,19720,USA,,800-404-7291,"Sales,Service,Up To 2MW,Mobile/Diesel/Gas,"
10502,Industrial/Commercial Sales & Service,00010001731002,AUTHORIZED SERVICES OF NEW ENGLAND, 410 FOREST STREET,,MARLBOROUGH,MA ,01752,USA,,888-890-9886,"Sales,"
10502,Industrial/Commercial Sales & Service,00010208021002,Modern Group Power Systems, 3480 Board Road,,York,PA ,17402,USA,,800-404-7291,"Sales,Service,Up To 2MW,Mobile/Diesel/Gas,"
10502,Industrial/Commercial Sales & Service,00010001761002,"GENSERVE, INC.", 100 NEWTOWN RD,,PLAINVIEW,NY ,11803,USA,www.genserveinc.com,631-435-0437,"Service,"
10502,Industrial/Commercial Sales & Service,00111209521002,LONG ISLAND EMERGENCY POWER -QO, 2 Ocean Avenue,,DEER PARK,NY ,11729,USA,,631-586-7513,"Sales,"
10502,Industrial/Commercial Sales & Service,00010139211002,POWERPRO SERVICE CO. INC., 608 JOHNSON AVE. UNIT 6,,BOHEMIA,NY ,11716,USA,,631-567-2700,"Sales,Service,Up To 600kW,Mobile/Diesel/Gas,"
10502,Industrial/Commercial Sales & Service,00111209531002,HUNTINGTON POWER - LONG ISLAND, PO BOX 2040,,SHELTON,CT ,06484,USA,,631-586-7513,"Sales,"
10502,Industrial/Commercial Sales & Service,00010134071002,PEAK POWER SYSTEMS, 99 SPRAGUE AVENUE,,MIDDLETOWN,NY ,10940,USA,www.peakpowersystems.com,845-344-1975,"Sales,Service,Up To 600kW,Mobile/Diesel/Gas,Rental,"
10502,Industrial/Commercial Sales & Service,00010001761002,"GENSERVE, INC.", 115A TWINBRIDGE DR.,,PENNSAUKEN,NJ ,08110,USA,www.genserveinc.com,856-324-0459,"Service,"
10502,Industrial/Commercial Sales & Service,00010001621002,BROOKFIELD SERVICE, 708 GLEBE ROAD,,WESTMORELAND,NH ,03467,USA,www.brookfieldservice.com,802-485-6567,"Service,Up To 600kW,Mobile/Diesel/Gas,"
10502,Industrial/Commercial Sales & Service,00111184131002,HUNTER & LOMISON, 1956 W FOURTH ST,,WILLIAMSPORT,PA ,17701,USA,www.hunterlomison.com,570-326-1764,"Sales,Service,Up To 600kW,Mobile/Diesel/Gas,Rental,"
10502,Industrial/Commercial Sales & Service,00010000881002,HUNTER & LOMISON INC., 1956 W. 4TH STREET,,WILLIAMSPORT,PA ,17701,USA,www.hunterlomison.com,570-326-1764,"Service,Up To 600kW,Mobile/Diesel/Gas,"
10502,Industrial/Commercial Sales & Service,00010021101002,SOUTH SHORE GENERATOR INC-Quote, 2696A CRANBERRY HWY,,WAREHAM,MA ,02571,USA,,508-295-7336,"Sales,Service,Up To 600kW,Mobile/Diesel/Gas,"
10502,Industrial/Commercial Sales & Service,00010001701002,SOUTH SHORE GENERATOR INC, ,,EAST WAREHAM,MA ,02538,USA,,508-295-7336,"Financing,Sales,Service,Up To 600kW,Mobile/Diesel/Gas,"
10502,Industrial/Commercial Sales & Service,00111207431002,WARSHAUER ELECTRIC SUPPLY CO INC, 800 SHREWSBURY AVE,,TINTON FALLS,NJ ,07724,USA,www.warshauer.com,732-741-6400,"Service,"
10502,Industrial/Commercial Sales & Service,00010157021002,Mechanical Service Co, 1145 Oak St.,,Pittston,PA ,18640,USA,,570-654-2445,"Service,"
10503,Industrial/Commercial Sales & Service,00010001611002,Huntington Power, 230 Long Hill Cross Rd,,Shelton,CT ,06484,USA,www.huntingtonpower.com,203-929-3203,"Sales,Service,Up To 2MW,Mobile/Diesel/Gas,Training,Rental,"
10503,Industrial/Commercial Sales & Service,00010214161002,"R.L. KISTLER, INC.", 35 HAMILTON LANE,,GLENMONT,NY ,12077,USA,,585-436-1940,"Sales,Service,"
10503,Industrial/Commercial Sales & Service,00010214161002,"R.L. Kistler, Inc", 300 Mile Crossing Blvd.,,Rochester,NY ,14624,USA,rlkistler.com,585-436-1940,"Sales,"
10503,Industrial/Commercial Sales & Service,00010001611002,Huntington Power, 68 Enter Ln,,Islandia,NY ,11749,USA,,631-563-4943,"Sales,Service,Up To 2MW,Mobile/Diesel/Gas,"
10503,Industrial/Commercial Sales & Service,00010001611002,Huntington Power, 34 E DUDLEY TOWN RD.,,BLOOMFIELD,CT ,06002,USA,,860-289-8790,"Sales,Service,Rental,"
10503,Industrial/Commercial Sales & Service,00010214161002,"R.L. Kistler, Inc", 5615 Business Ave.,,N. Syracuse,NY ,13208,USA,,315-458-2875,"Sales,"
10503,Industrial/Commercial Sales & Service,00010214161002,"R.L. Kistler, Inc", 5615 Business Ave.,,N. Syracuse,NY ,13208,USA,,315-458-2875,"Sales,"
10503,Industrial/Commercial Sales & Service,00010208021002,Modern Group Power Systems, 2501 Durham Road,,Bristol,PA ,19007,USA,www.moderngroup.com,800-404-7291,"Sales,Service,Up To 2MW,Mobile/Diesel/Gas,Training,Rental,"
10503,Industrial/Commercial Sales & Service,00010001731002,Authorized Services Of New England, 410 Forest Street,,Marlborough,MA ,01752,USA,www.asne.com,888-890-9886,"Financing,Sales,Service,Up To 2MW,Mobile/Diesel/Gas,Training,Rental,"
10503,Industrial/Commercial Sales & Service,00010008091002,MODERN HANDLING EQUIP, 75 NEW STREET,,EDISON,NJ ,08837,USA,www.moderngroup.com,800-779-5116,"Sales,Service,Up To 2MW,Mobile/Diesel/Gas,"
10503,Industrial/Commercial Sales & Service,00010208021002,Modern Group Power Systems, 6352 Chapmans Rd,,Allentown,PA ,18106,USA,,800-404-7291,"Sales,Service,Up To 2MW,Mobile/Diesel/Gas,"
10503,Industrial/Commercial Sales & Service,00010208021002,Modern Group Power Systems, 200 Allied Parkway,,West Berlin,NJ ,08091,USA,,800-404-7291,"Sales,Service,Up To 2MW,Mobile/Diesel/Gas,"
10503,Industrial/Commercial Sales & Service,00010208021002,Modern Group Power Systems, 295 New Commerce Blvd.,,Wilkes Barre,PA ,18706,USA,,800-404-7291,"Sales,Service,Up To 2MW,Mobile/Diesel/Gas,"
10503,Industrial/Commercial Sales & Service,00010000931002,"EMERGENCY POWER SYSTEMS, LLC", 35 HAMILTON LANE,,GLENMONT,NY ,12077,USA,,800-914-1465,"Service,Up To 2MW,Mobile/Diesel/Gas,"
10503,Industrial/Commercial Sales & Service,00010000931002,"EMERGENCY POWER SYSTEMS, LLC", 35 HAMILTON LANE,,GLENMONT,NY ,12077,USA,,800-914-1465,"Service,"
10503,Industrial/Commercial Sales & Service,00010208021002,Modern Group Power Systems, 66A South Gate Blvd.,,New Castle,DE ,19720,USA,,800-404-7291,"Sales,Service,Up To 2MW,Mobile/Diesel/Gas,"
10503,Industrial/Commercial Sales & Service,00010001731002,AUTHORIZED SERVICES OF NEW ENGLAND, 410 FOREST STREET,,MARLBOROUGH,MA ,01752,USA,,888-890-9886,"Sales,"
10503,Industrial/Commercial Sales & Service,00010208021002,Modern Group Power Systems, 3480 Board Road,,York,PA ,17402,USA,,800-404-7291,"Sales,Service,Up To 2MW,Mobile/Diesel/Gas,"
10503,Industrial/Commercial Sales & Service,00010001761002,"GENSERVE, INC.", 100 NEWTOWN RD,,PLAINVIEW,NY ,11803,USA,www.genserveinc.com,631-435-0437,"Service,"
10503,Industrial/Commercial Sales & Service,00111209521002,LONG ISLAND EMERGENCY POWER -QO, 2 Ocean Avenue,,DEER PARK,NY ,11729,USA,,631-586-7513,"Sales,"
10503,Industrial/Commercial Sales & Service,00010134071002,PEAK POWER SYSTEMS, 99 SPRAGUE AVENUE,,MIDDLETOWN,NY ,10940,USA,www.peakpowersystems.com,845-344-1975,"Sales,Service,Up To 600kW,Mobile/Diesel/Gas,Rental,"
10503,Industrial/Commercial Sales & Service,00010139211002,POWERPRO SERVICE CO. INC., 608 JOHNSON AVE. UNIT 6,,BOHEMIA,NY ,11716,USA,,631-567-2700,"Sales,Service,Up To 600kW,Mobile/Diesel/Gas,"
10503,Industrial/Commercial Sales & Service,00111209531002,HUNTINGTON POWER - LONG ISLAND, PO BOX 2040,,SHELTON,CT ,06484,USA,,631-586-7513,"Sales,"
10503,Industrial/Commercial Sales & Service,00010001761002,"GENSERVE, INC.", 115A TWINBRIDGE DR.,,PENNSAUKEN,NJ ,08110,USA,www.genserveinc.com,856-324-0459,"Service,"
10503,Industrial/Commercial Sales & Service,00010001621002,BROOKFIELD SERVICE, 708 GLEBE ROAD,,WESTMORELAND,NH ,03467,USA,www.brookfieldservice.com,802-485-6567,"Service,Up To 600kW,Mobile/Diesel/Gas,"
10503,Industrial/Commercial Sales & Service,00111184131002,HUNTER & LOMISON, 1956 W FOURTH ST,,WILLIAMSPORT,PA ,17701,USA,www.hunterlomison.com,570-326-1764,"Sales,Service,Up To 600kW,Mobile/Diesel/Gas,Rental,"
10503,Industrial/Commercial Sales & Service,00010000881002,HUNTER & LOMISON INC., 1956 W. 4TH STREET,,WILLIAMSPORT,PA ,17701,USA,www.hunterlomison.com,570-326-1764,"Service,Up To 600kW,Mobile/Diesel/Gas,"
10503,Industrial/Commercial Sales & Service,00010021101002,SOUTH SHORE GENERATOR INC-Quote, 2696A CRANBERRY HWY,,WAREHAM,MA ,02571,USA,,508-295-7336,"Sales,Service,Up To 600kW,Mobile/Diesel/Gas,"
10503,Industrial/Commercial Sales & Service,00010001701002,SOUTH SHORE GENERATOR INC, ,,EAST WAREHAM,MA ,02538,USA,,508-295-7336,"Financing,Sales,Service,Up To 600kW,Mobile/Diesel/Gas,"
10503,Industrial/Commercial Sales & Service,00111207431002,WARSHAUER ELECTRIC SUPPLY CO INC, 800 SHREWSBURY AVE,,TINTON FALLS,NJ ,07724,USA,www.warshauer.com,732-741-6400,"Service,"
10503,Industrial/Commercial Sales & Service,00010157021002,Mechanical Service Co, 1145 Oak St.,,Pittston,PA ,18640,USA,,570-654-2445,"Service,"
10504,Industrial/Commercial Sales & Service,00010214161002,"R.L. KISTLER, INC.", 35 HAMILTON LANE,,GLENMONT,NY ,12077,USA,,585-436-1940,"Sales,Service,"
10504,Industrial/Commercial Sales & Service,00010001611002,Huntington Power, 230 Long Hill Cross Rd,,Shelton,CT ,06484,USA,www.huntingtonpower.com,203-929-3203,"Sales,Service,Up To 2MW,Mobile/Diesel/Gas,Training,Rental,"
10504,Industrial/Commercial Sales & Service,00010214161002,"R.L. Kistler, Inc", 300 Mile Crossing Blvd.,,Rochester,NY ,14624,USA,rlkistler.com,585-436-1940,"Sales,"
10504,Industrial/Commercial Sales & Service,00010214161002,"R.L. Kistler, Inc", 5615 Business Ave.,,N. Syracuse,NY ,13208,USA,,315-458-2875,"Sales,"
10504,Industrial/Commercial Sales & Service,00010001611002,Huntington Power, 68 Enter Ln,,Islandia,NY ,11749,USA,,631-563-4943,"Sales,Service,Up To 2MW,Mobile/Diesel/Gas,"
10504,Industrial/Commercial Sales & Service,00010001611002,Huntington Power, 34 E DUDLEY TOWN RD.,,BLOOMFIELD,CT ,06002,USA,,860-289-8790,"Sales,Service,Rental,"
10504,Industrial/Commercial Sales & Service,00010214161002,"R.L. Kistler, Inc", 5615 Business Ave.,,N. Syracuse,NY ,13208,USA,,315-458-2875,"Sales,"
10504,Industrial/Commercial Sales & Service,00010208021002,Modern Group Power Systems, 2501 Durham Road,,Bristol,PA ,19007,USA,www.moderngroup.com,800-404-7291,"Sales,Service,Up To 2MW,Mobile/Diesel/Gas,Training,Rental,"
10504,Industrial/Commercial Sales & Service,00010001731002,Authorized Services Of New England, 410 Forest Street,,Marlborough,MA ,01752,USA,www.asne.com,888-890-9886,"Financing,Sales,Service,Up To 2MW,Mobile/Diesel/Gas,Training,Rental,"
10504,Industrial/Commercial Sales & Service,00010008091002,MODERN HANDLING EQUIP, 75 NEW STREET,,EDISON,NJ ,08837,USA,www.moderngroup.com,800-779-5116,"Sales,Service,Up To 2MW,Mobile/Diesel/Gas,"
10504,Industrial/Commercial Sales & Service,00010000931002,"EMERGENCY POWER SYSTEMS, LLC", 35 HAMILTON LANE,,GLENMONT,NY ,12077,USA,,800-914-1465,"Service,Up To 2MW,Mobile/Diesel/Gas,"
10504,Industrial/Commercial Sales & Service,00010000931002,"EMERGENCY POWER SYSTEMS, LLC", 35 HAMILTON LANE,,GLENMONT,NY ,12077,USA,,800-914-1465,"Service,"
10504,Industrial/Commercial Sales & Service,00010208021002,Modern Group Power Systems, 6352 Chapmans Rd,,Allentown,PA ,18106,USA,,800-404-7291,"Sales,Service,Up To 2MW,Mobile/Diesel/Gas,"
10504,Industrial/Commercial Sales & Service,00010208021002,Modern Group Power Systems, 200 Allied Parkway,,West Berlin,NJ ,08091,USA,,800-404-7291,"Sales,Service,Up To 2MW,Mobile/Diesel/Gas,"
10504,Industrial/Commercial Sales & Service,00010208021002,Modern Group Power Systems, 295 New Commerce Blvd.,,Wilkes Barre,PA ,18706,USA,,800-404-7291,"Sales,Service,Up To 2MW,Mobile/Diesel/Gas,"
10504,Industrial/Commercial Sales & Service,00010001731002,AUTHORIZED SERVICES OF NEW ENGLAND, 410 FOREST STREET,,MARLBOROUGH,MA ,01752,USA,,888-890-9886,"Sales,"
10504,Industrial/Commercial Sales & Service,00010208021002,Modern Group Power Systems, 66A South Gate Blvd.,,New Castle,DE ,19720,USA,,800-404-7291,"Sales,Service,Up To 2MW,Mobile/Diesel/Gas,"
10504,Industrial/Commercial Sales & Service,00010208021002,Modern Group Power Systems, 3480 Board Road,,York,PA ,17402,USA,,800-404-7291,"Sales,Service,Up To 2MW,Mobile/Diesel/Gas,"
10504,Industrial/Commercial Sales & Service,00010001761002,"GENSERVE, INC.", 100 NEWTOWN RD,,PLAINVIEW,NY ,11803,USA,www.genserveinc.com,631-435-0437,"Service,"
10504,Industrial/Commercial Sales & Service,00111209521002,LONG ISLAND EMERGENCY POWER -QO, 2 Ocean Avenue,,DEER PARK,NY ,11729,USA,,631-586-7513,"Sales,"
10504,Industrial/Commercial Sales & Service,00111209531002,HUNTINGTON POWER - LONG ISLAND, PO BOX 2040,,SHELTON,CT ,06484,USA,,631-586-7513,"Sales,"
10504,Industrial/Commercial Sales & Service,00010139211002,POWERPRO SERVICE CO. INC., 608 JOHNSON AVE. UNIT 6,,BOHEMIA,NY ,11716,USA,,631-567-2700,"Sales,Service,Up To 600kW,Mobile/Diesel/Gas,"
10504,Industrial/Commercial Sales & Service,00010134071002,PEAK POWER SYSTEMS, 99 SPRAGUE AVENUE,,MIDDLETOWN,NY ,10940,USA,www.peakpowersystems.com,845-344-1975,"Sales,Service,Up To 600kW,Mobile/Diesel/Gas,Rental,"
10504,Industrial/Commercial Sales & Service,00010001761002,"GENSERVE, INC.", 115A TWINBRIDGE DR.,,PENNSAUKEN,NJ ,08110,USA,www.genserveinc.com,856-324-0459,"Service,"
10504,Industrial/Commercial Sales & Service,00010001621002,BROOKFIELD SERVICE, 708 GLEBE ROAD,,WESTMORELAND,NH ,03467,USA,www.brookfieldservice.com,802-485-6567,"Service,Up To 600kW,Mobile/Diesel/Gas,"
10504,Industrial/Commercial Sales & Service,00010021101002,SOUTH SHORE GENERATOR INC-Quote, 2696A CRANBERRY HWY,,WAREHAM,MA ,02571,USA,,508-295-7336,"Sales,Service,Up To 600kW,Mobile/Diesel/Gas,"
10504,Industrial/Commercial Sales & Service,00010001701002,SOUTH SHORE GENERATOR INC, ,,EAST WAREHAM,MA ,02538,USA,,508-295-7336,"Financing,Sales,Service,Up To 600kW,Mobile/Diesel/Gas,"
10504,Industrial/Commercial Sales & Service,00111184131002,HUNTER & LOMISON, 1956 W FOURTH ST,,WILLIAMSPORT,PA ,17701,USA,www.hunterlomison.com,570-326-1764,"Sales,Service,Up To 600kW,Mobile/Diesel/Gas,Rental,"
10504,Industrial/Commercial Sales & Service,00010000881002,HUNTER & LOMISON INC., 1956 W. 4TH STREET,,WILLIAMSPORT,PA ,17701,USA,www.hunterlomison.com,570-326-1764,"Service,Up To 600kW,Mobile/Diesel/Gas,"
10504,Industrial/Commercial Sales & Service,00111207431002,WARSHAUER ELECTRIC SUPPLY CO INC, 800 SHREWSBURY AVE,,TINTON FALLS,NJ ,07724,USA,www.warshauer.com,732-741-6400,"Service,"
10504,Industrial/Commercial Sales & Service,00010157021002,Mechanical Service Co, 1145 Oak St.,,Pittston,PA ,18640,USA,,570-654-2445,"Service,"
10505,Industrial/Commercial Sales & Service,00010214161002,"R.L. Kistler, Inc", 300 Mile Crossing Blvd.,,Rochester,NY ,14624,USA,rlkistler.com,585-436-1940,"Sales,"
10505,Industrial/Commercial Sales & Service,00010214161002,"R.L. KISTLER, INC.", 35 HAMILTON LANE,,GLENMONT,NY ,12077,USA,,585-436-1940,"Sales,Service,"
10505,Industrial/Commercial Sales & Service,00010001611002,Huntington Power, 230 Long Hill Cross Rd,,Shelton,CT ,06484,USA,www.huntingtonpower.com,203-929-3203,"Sales,Service,Up To 2MW,Mobile/Diesel/Gas,Training,Rental,"
10505,Industrial/Commercial Sales & Service,00010214161002,"R.L. Kistler, Inc", 5615 Business Ave.,,N. Syracuse,NY ,13208,USA,,315-458-2875,"Sales,"
10505,Industrial/Commercial Sales & Service,00010214161002,"R.L. Kistler, Inc", 5615 Business Ave.,,N. Syracuse,NY ,13208,USA,,315-458-2875,"Sales,"
10505,Industrial/Commercial Sales & Service,00010001611002,Huntington Power, 68 Enter Ln,,Islandia,NY ,11749,USA,,631-563-4943,"Sales,Service,Up To 2MW,Mobile/Diesel/Gas,"
10505,Industrial/Commercial Sales & Service,00010001611002,Huntington Power, 34 E DUDLEY TOWN RD.,,BLOOMFIELD,CT ,06002,USA,,860-289-8790,"Sales,Service,Rental,"
10505,Industrial/Commercial Sales & Service,00010208021002,Modern Group Power Systems, 2501 Durham Road,,Bristol,PA ,19007,USA,www.moderngroup.com,800-404-7291,"Sales,Service,Up To 2MW,Mobile/Diesel/Gas,Training,Rental,"
10505,Industrial/Commercial Sales & Service,00010001731002,Authorized Services Of New England, 410 Forest Street,,Marlborough,MA ,01752,USA,www.asne.com,888-890-9886,"Financing,Sales,Service,Up To 2MW,Mobile/Diesel/Gas,Training,Rental,"
10505,Industrial/Commercial Sales & Service,00010008091002,MODERN HANDLING EQUIP, 75 NEW STREET,,EDISON,NJ ,08837,USA,www.moderngroup.com,800-779-5116,"Sales,Service,Up To 2MW,Mobile/Diesel/Gas,"
10505,Industrial/Commercial Sales & Service,00010000931002,"EMERGENCY POWER SYSTEMS, LLC", 35 HAMILTON LANE,,GLENMONT,NY ,12077,USA,,800-914-1465,"Service,Up To 2MW,Mobile/Diesel/Gas,"
10505,Industrial/Commercial Sales & Service,00010000931002,"EMERGENCY POWER SYSTEMS, LLC", 35 HAMILTON LANE,,GLENMONT,NY ,12077,USA,,800-914-1465,"Service,"
10505,Industrial/Commercial Sales & Service,00010208021002,Modern Group Power Systems, 6352 Chapmans Rd,,Allentown,PA ,18106,USA,,800-404-7291,"Sales,Service,Up To 2MW,Mobile/Diesel/Gas,"
10505,Industrial/Commercial Sales & Service,00010208021002,Modern Group Power Systems, 295 New Commerce Blvd.,,Wilkes Barre,PA ,18706,USA,,800-404-7291,"Sales,Service,Up To 2MW,Mobile/Diesel/Gas,"
10505,Industrial/Commercial Sales & Service,00010208021002,Modern Group Power Systems, 200 Allied Parkway,,West Berlin,NJ ,08091,USA,,800-404-7291,"Sales,Service,Up To 2MW,Mobile/Diesel/Gas,"
10505,Industrial/Commercial Sales & Service,00010001731002,AUTHORIZED SERVICES OF NEW ENGLAND, 410 FOREST STREET,,MARLBOROUGH,MA ,01752,USA,,888-890-9886,"Sales,"
10505,Industrial/Commercial Sales & Service,00010208021002,Modern Group Power Systems, 66A South Gate Blvd.,,New Castle,DE ,19720,USA,,800-404-7291,"Sales,Service,Up To 2MW,Mobile/Diesel/Gas,"
10505,Industrial/Commercial Sales & Service,00010208021002,Modern Group Power Systems, 3480 Board Road,,York,PA ,17402,USA,,800-404-7291,"Sales,Service,Up To 2MW,Mobile/Diesel/Gas,"
10505,Industrial/Commercial Sales & Service,00111209531002,HUNTINGTON POWER - LONG ISLAND, PO BOX 2040,,SHELTON,CT ,06484,USA,,631-586-7513,"Sales,"
10505,Industrial/Commercial Sales & Service,00010134071002,PEAK POWER SYSTEMS, 99 SPRAGUE AVENUE,,MIDDLETOWN,NY ,10940,USA,www.peakpowersystems.com,845-344-1975,"Sales,Service,Up To 600kW,Mobile/Diesel/Gas,Rental,"
10505,Industrial/Commercial Sales & Service,00010001761002,"GENSERVE, INC.", 100 NEWTOWN RD,,PLAINVIEW,NY ,11803,USA,www.genserveinc.com,631-435-0437,"Service,"
10505,Industrial/Commercial Sales & Service,00111209521002,LONG ISLAND EMERGENCY POWER -QO, 2 Ocean Avenue,,DEER PARK,NY ,11729,USA,,631-586-7513,"Sales,"
10505,Industrial/Commercial Sales & Service,00010139211002,POWERPRO SERVICE CO. INC., 608 JOHNSON AVE. UNIT 6,,BOHEMIA,NY ,11716,USA,,631-567-2700,"Sales,Service,Up To 600kW,Mobile/Diesel/Gas,"
10505,Industrial/Commercial Sales & Service,00010001761002,"GENSERVE, INC.", 115A TWINBRIDGE DR.,,PENNSAUKEN,NJ ,08110,USA,www.genserveinc.com,856-324-0459,"Service,"
10505,Industrial/Commercial Sales & Service,00010001621002,BROOKFIELD SERVICE, 708 GLEBE ROAD,,WESTMORELAND,NH ,03467,USA,www.brookfieldservice.com,802-485-6567,"Service,Up To 600kW,Mobile/Diesel/Gas,"
10505,Industrial/Commercial Sales & Service,00010021101002,SOUTH SHORE GENERATOR INC-Quote, 2696A CRANBERRY HWY,,WAREHAM,MA ,02571,USA,,508-295-7336,"Sales,Service,Up To 600kW,Mobile/Diesel/Gas,"
10505,Industrial/Commercial Sales & Service,00010001701002,SOUTH SHORE GENERATOR INC, ,,EAST WAREHAM,MA ,02538,USA,,508-295-7336,"Financing,Sales,Service,Up To 600kW,Mobile/Diesel/Gas,"
10505,Industrial/Commercial Sales & Service,00111184131002,HUNTER & LOMISON, 1956 W FOURTH ST,,WILLIAMSPORT,PA ,17701,USA,www.hunterlomison.com,570-326-1764,"Sales,Service,Up To 600kW,Mobile/Diesel/Gas,Rental,"
10505,Industrial/Commercial Sales & Service,00010000881002,HUNTER & LOMISON INC., 1956 W. 4TH STREET,,WILLIAMSPORT,PA ,17701,USA,www.hunterlomison.com,570-326-1764,"Service,Up To 600kW,Mobile/Diesel/Gas,"
10505,Industrial/Commercial Sales & Service,00111207431002,WARSHAUER ELECTRIC SUPPLY CO INC, 800 SHREWSBURY AVE,,TINTON FALLS,NJ ,07724,USA,www.warshauer.com,732-741-6400,"Service,"
10505,Industrial/Commercial Sales & Service,00010157021002,Mechanical Service Co, 1145 Oak St.,,Pittston,PA ,18640,USA,,570-654-2445,"Service,"
10506,Industrial/Commercial Sales & Service,00010214161002,"R.L. KISTLER, INC.", 35 HAMILTON LANE,,GLENMONT,NY ,12077,USA,,585-436-1940,"Sales,Service,"
10506,Industrial/Commercial Sales & Service,00010214161002,"R.L. Kistler, Inc", 300 Mile Crossing Blvd.,,Rochester,NY ,14624,USA,rlkistler.com,585-436-1940,"Sales,"
10506,Industrial/Commercial Sales & Service,00010001611002,Huntington Power, 230 Long Hill Cross Rd,,Shelton,CT ,06484,USA,www.huntingtonpower.com,203-929-3203,"Sales,Service,Up To 2MW,Mobile/Diesel/Gas,Training,Rental,"
10506,Industrial/Commercial Sales & Service,00010214161002,"R.L. Kistler, Inc", 5615 Business Ave.,,N. Syracuse,NY ,13208,USA,,315-458-2875,"Sales,"
10506,Industrial/Commercial Sales & Service,00010214161002,"R.L. Kistler, Inc", 5615 Business Ave.,,N. Syracuse,NY ,13208,USA,,315-458-2875,"Sales,"
10506,Industrial/Commercial Sales & Service,00010001611002,Huntington Power, 68 Enter Ln,,Islandia,NY ,11749,USA,,631-563-4943,"Sales,Service,Up To 2MW,Mobile/Diesel/Gas,"
10506,Industrial/Commercial Sales & Service,00010001611002,Huntington Power, 34 E DUDLEY TOWN RD.,,BLOOMFIELD,CT ,06002,USA,,860-289-8790,"Sales,Service,Rental,"
10506,Industrial/Commercial Sales & Service,00010208021002,Modern Group Power Systems, 2501 Durham Road,,Bristol,PA ,19007,USA,www.moderngroup.com,800-404-7291,"Sales,Service,Up To 2MW,Mobile/Diesel/Gas,Training,Rental,"
10506,Industrial/Commercial Sales & Service,00010001731002,Authorized Services Of New England, 410 Forest Street,,Marlborough,MA ,01752,USA,www.asne.com,888-890-9886,"Financing,Sales,Service,Up To 2MW,Mobile/Diesel/Gas,Training,Rental,"
10506,Industrial/Commercial Sales & Service,00010008091002,MODERN HANDLING EQUIP, 75 NEW STREET,,EDISON,NJ ,08837,USA,www.moderngroup.com,800-779-5116,"Sales,Service,Up To 2MW,Mobile/Diesel/Gas,"
10506,Industrial/Commercial Sales & Service,00010000931002,"EMERGENCY POWER SYSTEMS, LLC", 35 HAMILTON LANE,,GLENMONT,NY ,12077,USA,,800-914-1465,"Service,Up To 2MW,Mobile/Diesel/Gas,"
10506,Industrial/Commercial Sales & Service,00010000931002,"EMERGENCY POWER SYSTEMS, LLC", 35 HAMILTON LANE,,GLENMONT,NY ,12077,USA,,800-914-1465,"Service,"
10506,Industrial/Commercial Sales & Service,00010208021002,Modern Group Power Systems, 6352 Chapmans Rd,,Allentown,PA ,18106,USA,,800-404-7291,"Sales,Service,Up To 2MW,Mobile/Diesel/Gas,"
10506,Industrial/Commercial Sales & Service,00010208021002,Modern Group Power Systems, 200 Allied Parkway,,West Berlin,NJ ,08091,USA,,800-404-7291,"Sales,Service,Up To 2MW,Mobile/Diesel/Gas,"
10506,Industrial/Commercial Sales & Service,00010208021002,Modern Group Power Systems, 295 New Commerce Blvd.,,Wilkes Barre,PA ,18706,USA,,800-404-7291,"Sales,Service,Up To 2MW,Mobile/Diesel/Gas,"
10506,Industrial/Commercial Sales & Service,00010001731002,AUTHORIZED SERVICES OF NEW ENGLAND, 410 FOREST STREET,,MARLBOROUGH,MA ,01752,USA,,888-890-9886,"Sales,"
10506,Industrial/Commercial Sales & Service,00010208021002,Modern Group Power Systems, 66A South Gate Blvd.,,New Castle,DE ,19720,USA,,800-404-7291,"Sales,Service,Up To 2MW,Mobile/Diesel/Gas,"
10506,Industrial/Commercial Sales & Service,00010208021002,Modern Group Power Systems, 3480 Board Road,,York,PA ,17402,USA,,800-404-7291,"Sales,Service,Up To 2MW,Mobile/Diesel/Gas,"
10506,Industrial/Commercial Sales & Service,00111209531002,HUNTINGTON POWER - LONG ISLAND, PO BOX 2040,,SHELTON,CT ,06484,USA,,631-586-7513,"Sales,"
10506,Industrial/Commercial Sales & Service,00010001761002,"GENSERVE, INC.", 100 NEWTOWN RD,,PLAINVIEW,NY ,11803,USA,www.genserveinc.com,631-435-0437,"Service,"
10506,Industrial/Commercial Sales & Service,00111209521002,LONG ISLAND EMERGENCY POWER -QO, 2 Ocean Avenue,,DEER PARK,NY ,11729,USA,,631-586-7513,"Sales,"
10506,Industrial/Commercial Sales & Service,00010139211002,POWERPRO SERVICE CO. INC., 608 JOHNSON AVE. UNIT 6,,BOHEMIA,NY ,11716,USA,,631-567-2700,"Sales,Service,Up To 600kW,Mobile/Diesel/Gas,"
10506,Industrial/Commercial Sales & Service,00010134071002,PEAK POWER SYSTEMS, 99 SPRAGUE AVENUE,,MIDDLETOWN,NY ,10940,USA,www.peakpowersystems.com,845-344-1975,"Sales,Service,Up To 600kW,Mobile/Diesel/Gas,Rental,"
10506,Industrial/Commercial Sales & Service,00010001761002,"GENSERVE, INC.", 115A TWINBRIDGE DR.,,PENNSAUKEN,NJ ,08110,USA,www.genserveinc.com,856-324-0459,"Service,"
10506,Industrial/Commercial Sales & Service,00010001621002,BROOKFIELD SERVICE, 708 GLEBE ROAD,,WESTMORELAND,NH ,03467,USA,www.brookfieldservice.com,802-485-6567,"Service,Up To 600kW,Mobile/Diesel/Gas,"
10506,Industrial/Commercial Sales & Service,00010021101002,SOUTH SHORE GENERATOR INC-Quote, 2696A CRANBERRY HWY,,WAREHAM,MA ,02571,USA,,508-295-7336,"Sales,Service,Up To 600kW,Mobile/Diesel/Gas,"
10506,Industrial/Commercial Sales & Service,00010001701002,SOUTH SHORE GENERATOR INC, ,,EAST WAREHAM,MA ,02538,USA,,508-295-7336,"Financing,Sales,Service,Up To 600kW,Mobile/Diesel/Gas,"
10506,Industrial/Commercial Sales & Service,00111184131002,HUNTER & LOMISON, 1956 W FOURTH ST,,WILLIAMSPORT,PA ,17701,USA,www.hunterlomison.com,570-326-1764,"Sales,Service,Up To 600kW,Mobile/Diesel/Gas,Rental,"
10506,Industrial/Commercial Sales & Service,00010000881002,HUNTER & LOMISON INC., 1956 W. 4TH STREET,,WILLIAMSPORT,PA ,17701,USA,www.hunterlomison.com,570-326-1764,"Service,Up To 600kW,Mobile/Diesel/Gas,"
10506,Industrial/Commercial Sales & Service,00111207431002,WARSHAUER ELECTRIC SUPPLY CO INC, 800 SHREWSBURY AVE,,TINTON FALLS,NJ ,07724,USA,www.warshauer.com,732-741-6400,"Service,"
10506,Industrial/Commercial Sales & Service,00010157021002,Mechanical Service Co, 1145 Oak St.,,Pittston,PA ,18640,USA,,570-654-2445,"Service,"
10507,Industrial/Commercial Sales & Service,00010214161002,"R.L. Kistler, Inc", 300 Mile Crossing Blvd.,,Rochester,NY ,14624,USA,rlkistler.com,585-436-1940,"Sales,"
10507,Industrial/Commercial Sales & Service,00010001611002,Huntington Power, 230 Long Hill Cross Rd,,Shelton,CT ,06484,USA,www.huntingtonpower.com,203-929-3203,"Sales,Service,Up To 2MW,Mobile/Diesel/Gas,Training,Rental,"
10507,Industrial/Commercial Sales & Service,00010214161002,"R.L. KISTLER, INC.", 35 HAMILTON LANE,,GLENMONT,NY ,12077,USA,,585-436-1940,"Sales,Service,"
10507,Industrial/Commercial Sales & Service,00010214161002,"R.L. Kistler, Inc", 5615 Business Ave.,,N. Syracuse,NY ,13208,USA,,315-458-2875,"Sales,"
10507,Industrial/Commercial Sales & Service,00010001611002,Huntington Power, 68 Enter Ln,,Islandia,NY ,11749,USA,,631-563-4943,"Sales,Service,Up To 2MW,Mobile/Diesel/Gas,"
10507,Industrial/Commercial Sales & Service,00010001611002,Huntington Power, 34 E DUDLEY TOWN RD.,,BLOOMFIELD,CT ,06002,USA,,860-289-8790,"Sales,Service,Rental,"
10507,Industrial/Commercial Sales & Service,00010214161002,"R.L. Kistler, Inc", 5615 Business Ave.,,N. Syracuse,NY ,13208,USA,,315-458-2875,"Sales,"
10507,Industrial/Commercial Sales & Service,00010208021002,Modern Group Power Systems, 2501 Durham Road,,Bristol,PA ,19007,USA,www.moderngroup.com,800-404-7291,"Sales,Service,Up To 2MW,Mobile/Diesel/Gas,Training,Rental,"
10507,Industrial/Commercial Sales & Service,00010001731002,Authorized Services Of New England, 410 Forest Street,,Marlborough,MA ,01752,USA,www.asne.com,888-890-9886,"Financing,Sales,Service,Up To 2MW,Mobile/Diesel/Gas,Training,Rental,"
10507,Industrial/Commercial Sales & Service,00010008091002,MODERN HANDLING EQUIP, 75 NEW STREET,,EDISON,NJ ,08837,USA,www.moderngroup.com,800-779-5116,"Sales,Service,Up To 2MW,Mobile/Diesel/Gas,"
10507,Industrial/Commercial Sales & Service,00010000931002,"EMERGENCY POWER SYSTEMS, LLC", 35 HAMILTON LANE,,GLENMONT,NY ,12077,USA,,800-914-1465,"Service,Up To 2MW,Mobile/Diesel/Gas,"
10507,Industrial/Commercial Sales & Service,00010000931002,"EMERGENCY POWER SYSTEMS, LLC", 35 HAMILTON LANE,,GLENMONT,NY ,12077,USA,,800-914-1465,"Service,"
10507,Industrial/Commercial Sales & Service,00010208021002,Modern Group Power Systems, 6352 Chapmans Rd,,Allentown,PA ,18106,USA,,800-404-7291,"Sales,Service,Up To 2MW,Mobile/Diesel/Gas,"
10507,Industrial/Commercial Sales & Service,00010208021002,Modern Group Power Systems, 295 New Commerce Blvd.,,Wilkes Barre,PA ,18706,USA,,800-404-7291,"Sales,Service,Up To 2MW,Mobile/Diesel/Gas,"
10507,Industrial/Commercial Sales & Service,00010208021002,Modern Group Power Systems, 200 Allied Parkway,,West Berlin,NJ ,08091,USA,,800-404-7291,"Sales,Service,Up To 2MW,Mobile/Diesel/Gas,"
10507,Industrial/Commercial Sales & Service,00010001731002,AUTHORIZED SERVICES OF NEW ENGLAND, 410 FOREST STREET,,MARLBOROUGH,MA ,01752,USA,,888-890-9886,"Sales,"
10507,Industrial/Commercial Sales & Service,00010208021002,Modern Group Power Systems, 66A South Gate Blvd.,,New Castle,DE ,19720,USA,,800-404-7291,"Sales,Service,Up To 2MW,Mobile/Diesel/Gas,"
10507,Industrial/Commercial Sales & Service,00010208021002,Modern Group Power Systems, 3480 Board Road,,York,PA ,17402,USA,,800-404-7291,"Sales,Service,Up To 2MW,Mobile/Diesel/Gas,"
10507,Industrial/Commercial Sales & Service,00111209531002,HUNTINGTON POWER - LONG ISLAND, PO BOX 2040,,SHELTON,CT ,06484,USA,,631-586-7513,"Sales,"
10507,Industrial/Commercial Sales & Service,00010001761002,"GENSERVE, INC.", 100 NEWTOWN RD,,PLAINVIEW,NY ,11803,USA,www.genserveinc.com,631-435-0437,"Service,"
10507,Industrial/Commercial Sales & Service,00111209521002,LONG ISLAND EMERGENCY POWER -QO, 2 Ocean Avenue,,DEER PARK,NY ,11729,USA,,631-586-7513,"Sales,"
10507,Industrial/Commercial Sales & Service,00010134071002,PEAK POWER SYSTEMS, 99 SPRAGUE AVENUE,,MIDDLETOWN,NY ,10940,USA,www.peakpowersystems.com,845-344-1975,"Sales,Service,Up To 600kW,Mobile/Diesel/Gas,Rental,"
10507,Industrial/Commercial Sales & Service,00010139211002,POWERPRO SERVICE CO. INC., 608 JOHNSON AVE. UNIT 6,,BOHEMIA,NY ,11716,USA,,631-567-2700,"Sales,Service,Up To 600kW,Mobile/Diesel/Gas,"
10507,Industrial/Commercial Sales & Service,00010001761002,"GENSERVE, INC.", 115A TWINBRIDGE DR.,,PENNSAUKEN,NJ ,08110,USA,www.genserveinc.com,856-324-0459,"Service,"
10507,Industrial/Commercial Sales & Service,00010001621002,BROOKFIELD SERVICE, 708 GLEBE ROAD,,WESTMORELAND,NH ,03467,USA,www.brookfieldservice.com,802-485-6567,"Service,Up To 600kW,Mobile/Diesel/Gas,"
10507,Industrial/Commercial Sales & Service,00010021101002,SOUTH SHORE GENERATOR INC-Quote, 2696A CRANBERRY HWY,,WAREHAM,MA ,02571,USA,,508-295-7336,"Sales,Service,Up To 600kW,Mobile/Diesel/Gas,"
10507,Industrial/Commercial Sales & Service,00010001701002,SOUTH SHORE GENERATOR INC, ,,EAST WAREHAM,MA ,02538,USA,,508-295-7336,"Financing,Sales,Service,Up To 600kW,Mobile/Diesel/Gas,"
10507,Industrial/Commercial Sales & Service,00111184131002,HUNTER & LOMISON, 1956 W FOURTH ST,,WILLIAMSPORT,PA ,17701,USA,www.hunterlomison.com,570-326-1764,"Sales,Service,Up To 600kW,Mobile/Diesel/Gas,Rental,"
10507,Industrial/Commercial Sales & Service,00010000881002,HUNTER & LOMISON INC., 1956 W. 4TH STREET,,WILLIAMSPORT,PA ,17701,USA,www.hunterlomison.com,570-326-1764,"Service,Up To 600kW,Mobile/Diesel/Gas,"
10507,Industrial/Commercial Sales & Service,00111207431002,WARSHAUER ELECTRIC SUPPLY CO INC, 800 SHREWSBURY AVE,,TINTON FALLS,NJ ,07724,USA,www.warshauer.com,732-741-6400,"Service,"
10507,Industrial/Commercial Sales & Service,00010157021002,Mechanical Service Co, 1145 Oak St.,,Pittston,PA ,18640,USA,,570-654-2445,"Service,"
10509,Industrial/Commercial Sales & Service,00010214161002,"R.L. Kistler, Inc", 300 Mile Crossing Blvd.,,Rochester,NY ,14624,USA,rlkistler.com,585-436-1940,"Sales,"
10509,Industrial/Commercial Sales & Service,00010001611002,Huntington Power, 230 Long Hill Cross Rd,,Shelton,CT ,06484,USA,www.huntingtonpower.com,203-929-3203,"Sales,Service,Up To 2MW,Mobile/Diesel/Gas,Training,Rental,"
10509,Industrial/Commercial Sales & Service,00010214161002,"R.L. KISTLER, INC.", 35 HAMILTON LANE,,GLENMONT,NY ,12077,USA,,585-436-1940,"Sales,Service,"
10509,Industrial/Commercial Sales & Service,00010214161002,"R.L. Kistler, Inc", 5615 Business Ave.,,N. Syracuse,NY ,13208,USA,,315-458-2875,"Sales,"
10509,Industrial/Commercial Sales & Service,00010001611002,Huntington Power, 68 Enter Ln,,Islandia,NY ,11749,USA,,631-563-4943,"Sales,Service,Up To 2MW,Mobile/Diesel/Gas,"
10509,Industrial/Commercial Sales & Service,00010001611002,Huntington Power, 34 E DUDLEY TOWN RD.,,BLOOMFIELD,CT ,06002,USA,,860-289-8790,"Sales,Service,Rental,"
10509,Industrial/Commercial Sales & Service,00010214161002,"R.L. Kistler, Inc", 5615 Business Ave.,,N. Syracuse,NY ,13208,USA,,315-458-2875,"Sales,"
10509,Industrial/Commercial Sales & Service,00010208021002,Modern Group Power Systems, 2501 Durham Road,,Bristol,PA ,19007,USA,www.moderngroup.com,800-404-7291,"Sales,Service,Up To 2MW,Mobile/Diesel/Gas,Training,Rental,"
10509,Industrial/Commercial Sales & Service,00010001731002,Authorized Services Of New England, 410 Forest Street,,Marlborough,MA ,01752,USA,www.asne.com,888-890-9886,"Financing,Sales,Service,Up To 2MW,Mobile/Diesel/Gas,Training,Rental,"
10509,Industrial/Commercial Sales & Service,00010008091002,MODERN HANDLING EQUIP, 75 NEW STREET,,EDISON,NJ ,08837,USA,www.moderngroup.com,800-779-5116,"Sales,Service,Up To 2MW,Mobile/Diesel/Gas,"
10509,Industrial/Commercial Sales & Service,00010000931002,"EMERGENCY POWER SYSTEMS, LLC", 35 HAMILTON LANE,,GLENMONT,NY ,12077,USA,,800-914-1465,"Service,Up To 2MW,Mobile/Diesel/Gas,"
10509,Industrial/Commercial Sales & Service,00010000931002,"EMERGENCY POWER SYSTEMS, LLC", 35 HAMILTON LANE,,GLENMONT,NY ,12077,USA,,800-914-1465,"Service,"
10509,Industrial/Commercial Sales & Service,00010208021002,Modern Group Power Systems, 6352 Chapmans Rd,,Allentown,PA ,18106,USA,,800-404-7291,"Sales,Service,Up To 2MW,Mobile/Diesel/Gas,"
10509,Industrial/Commercial Sales & Service,00010208021002,Modern Group Power Systems, 295 New Commerce Blvd.,,Wilkes Barre,PA ,18706,USA,,800-404-7291,"Sales,Service,Up To 2MW,Mobile/Diesel/Gas,"
10509,Industrial/Commercial Sales & Service,00010001731002,AUTHORIZED SERVICES OF NEW ENGLAND, 410 FOREST STREET,,MARLBOROUGH,MA ,01752,USA,,888-890-9886,"Sales,"
10509,Industrial/Commercial Sales & Service,00010208021002,Modern Group Power Systems, 200 Allied Parkway,,West Berlin,NJ ,08091,USA,,800-404-7291,"Sales,Service,Up To 2MW,Mobile/Diesel/Gas,"
10509,Industrial/Commercial Sales & Service,00010208021002,Modern Group Power Systems, 66A South Gate Blvd.,,New Castle,DE ,19720,USA,,800-404-7291,"Sales,Service,Up To 2MW,Mobile/Diesel/Gas,"
10509,Industrial/Commercial Sales & Service,00010208021002,Modern Group Power Systems, 3480 Board Road,,York,PA ,17402,USA,,800-404-7291,"Sales,Service,Up To 2MW,Mobile/Diesel/Gas,"
10509,Industrial/Commercial Sales & Service,00111209531002,HUNTINGTON POWER - LONG ISLAND, PO BOX 2040,,SHELTON,CT ,06484,USA,,631-586-7513,"Sales,"
10509,Industrial/Commercial Sales & Service,00010134071002,PEAK POWER SYSTEMS, 99 SPRAGUE AVENUE,,MIDDLETOWN,NY ,10940,USA,www.peakpowersystems.com,845-344-1975,"Sales,Service,Up To 600kW,Mobile/Diesel/Gas,Rental,"
10509,Industrial/Commercial Sales & Service,00010001761002,"GENSERVE, INC.", 100 NEWTOWN RD,,PLAINVIEW,NY ,11803,USA,www.genserveinc.com,631-435-0437,"Service,"
10509,Industrial/Commercial Sales & Service,00111209521002,LONG ISLAND EMERGENCY POWER -QO, 2 Ocean Avenue,,DEER PARK,NY ,11729,USA,,631-586-7513,"Sales,"
10509,Industrial/Commercial Sales & Service,00010139211002,POWERPRO SERVICE CO. INC., 608 JOHNSON AVE. UNIT 6,,BOHEMIA,NY ,11716,USA,,631-567-2700,"Sales,Service,Up To 600kW,Mobile/Diesel/Gas,"
10509,Industrial/Commercial Sales & Service,00010001621002,BROOKFIELD SERVICE, 708 GLEBE ROAD,,WESTMORELAND,NH ,03467,USA,www.brookfieldservice.com,802-485-6567,"Service,Up To 600kW,Mobile/Diesel/Gas,"
10509,Industrial/Commercial Sales & Service,00010001761002,"GENSERVE, INC.", 115A TWINBRIDGE DR.,,PENNSAUKEN,NJ ,08110,USA,www.genserveinc.com,856-324-0459,"Service,"
10509,Industrial/Commercial Sales & Service,00010021101002,SOUTH SHORE GENERATOR INC-Quote, 2696A CRANBERRY HWY,,WAREHAM,MA ,02571,USA,,508-295-7336,"Sales,Service,Up To 600kW,Mobile/Diesel/Gas,"
10509,Industrial/Commercial Sales & Service,00010001701002,SOUTH SHORE GENERATOR INC, ,,EAST WAREHAM,MA ,02538,USA,,508-295-7336,"Financing,Sales,Service,Up To 600kW,Mobile/Diesel/Gas,"
10509,Industrial/Commercial Sales & Service,00111184131002,HUNTER & LOMISON, 1956 W FOURTH ST,,WILLIAMSPORT,PA ,17701,USA,www.hunterlomison.com,570-326-1764,"Sales,Service,Up To 600kW,Mobile/Diesel/Gas,Rental,"
10509,Industrial/Commercial Sales & Service,00010000881002,HUNTER & LOMISON INC., 1956 W. 4TH STREET,,WILLIAMSPORT,PA ,17701,USA,www.hunterlomison.com,570-326-1764,"Service,Up To 600kW,Mobile/Diesel/Gas,"
10509,Industrial/Commercial Sales & Service,00010001621002,BROOKFIELD SERVICE, 829 VT ROUTE 12 SOUTH,,NORTHFIELD,VT ,05663,USA,www.brookfieldservice.com,802-485-6567,"Sales,Service,Up To 600kW,Mobile/Diesel/Gas,"
10509,Industrial/Commercial Sales & Service,00111207431002,WARSHAUER ELECTRIC SUPPLY CO INC, 800 SHREWSBURY AVE,,TINTON FALLS,NJ ,07724,USA,www.warshauer.com,732-741-6400,"Service,"
10509,Industrial/Commercial Sales & Service,00010157021002,Mechanical Service Co, 1145 Oak St.,,Pittston,PA ,18640,USA,,570-654-2445,"Service,"
10510,Industrial/Commercial Sales & Service,00010214161002,"R.L. KISTLER, INC.", 35 HAMILTON LANE,,GLENMONT,NY ,12077,USA,,585-436-1940,"Sales,Service,"
10510,Industrial/Commercial Sales & Service,00010001611002,Huntington Power, 230 Long Hill Cross Rd,,Shelton,CT ,06484,USA,www.huntingtonpower.com,203-929-3203,"Sales,Service,Up To 2MW,Mobile/Diesel/Gas,Training,Rental,"
10510,Industrial/Commercial Sales & Service,00010214161002,"R.L. Kistler, Inc", 300 Mile Crossing Blvd.,,Rochester,NY ,14624,USA,rlkistler.com,585-436-1940,"Sales,"
10510,Industrial/Commercial Sales & Service,00010214161002,"R.L. Kistler, Inc", 5615 Business Ave.,,N. Syracuse,NY ,13208,USA,,315-458-2875,"Sales,"
10510,Industrial/Commercial Sales & Service,00010001611002,Huntington Power, 68 Enter Ln,,Islandia,NY ,11749,USA,,631-563-4943,"Sales,Service,Up To 2MW,Mobile/Diesel/Gas,"
10510,Industrial/Commercial Sales & Service,00010001611002,Huntington Power, 34 E DUDLEY TOWN RD.,,BLOOMFIELD,CT ,06002,USA,,860-289-8790,"Sales,Service,Rental,"
10510,Industrial/Commercial Sales & Service,00010214161002,"R.L. Kistler, Inc", 5615 Business Ave.,,N. Syracuse,NY ,13208,USA,,315-458-2875,"Sales,"
10510,Industrial/Commercial Sales & Service,00010208021002,Modern Group Power Systems, 2501 Durham Road,,Bristol,PA ,19007,USA,www.moderngroup.com,800-404-7291,"Sales,Service,Up To 2MW,Mobile/Diesel/Gas,Training,Rental,"
10510,Industrial/Commercial Sales & Service,00010001731002,Authorized Services Of New England, 410 Forest Street,,Marlborough,MA ,01752,USA,www.asne.com,888-890-9886,"Financing,Sales,Service,Up To 2MW,Mobile/Diesel/Gas,Training,Rental,"
10510,Industrial/Commercial Sales & Service,00010008091002,MODERN HANDLING EQUIP, 75 NEW STREET,,EDISON,NJ ,08837,USA,www.moderngroup.com,800-779-5116,"Sales,Service,Up To 2MW,Mobile/Diesel/Gas,"
10510,Industrial/Commercial Sales & Service,00010208021002,Modern Group Power Systems, 6352 Chapmans Rd,,Allentown,PA ,18106,USA,,800-404-7291,"Sales,Service,Up To 2MW,Mobile/Diesel/Gas,"
10510,Industrial/Commercial Sales & Service,00010000931002,"EMERGENCY POWER SYSTEMS, LLC", 35 HAMILTON LANE,,GLENMONT,NY ,12077,USA,,800-914-1465,"Service,Up To 2MW,Mobile/Diesel/Gas,"
10510,Industrial/Commercial Sales & Service,00010000931002,"EMERGENCY POWER SYSTEMS, LLC", 35 HAMILTON LANE,,GLENMONT,NY ,12077,USA,,800-914-1465,"Service,"
10510,Industrial/Commercial Sales & Service,00010208021002,Modern Group Power Systems, 200 Allied Parkway,,West Berlin,NJ ,08091,USA,,800-404-7291,"Sales,Service,Up To 2MW,Mobile/Diesel/Gas,"
10510,Industrial/Commercial Sales & Service,00010208021002,Modern Group Power Systems, 295 New Commerce Blvd.,,Wilkes Barre,PA ,18706,USA,,800-404-7291,"Sales,Service,Up To 2MW,Mobile/Diesel/Gas,"
10510,Industrial/Commercial Sales & Service,00010208021002,Modern Group Power Systems, 66A South Gate Blvd.,,New Castle,DE ,19720,USA,,800-404-7291,"Sales,Service,Up To 2MW,Mobile/Diesel/Gas,"
10510,Industrial/Commercial Sales & Service,00010001731002,AUTHORIZED SERVICES OF NEW ENGLAND, 410 FOREST STREET,,MARLBOROUGH,MA ,01752,USA,,888-890-9886,"Sales,"
10510,Industrial/Commercial Sales & Service,00010208021002,Modern Group Power Systems, 3480 Board Road,,York,PA ,17402,USA,,800-404-7291,"Sales,Service,Up To 2MW,Mobile/Diesel/Gas,"
10510,Industrial/Commercial Sales & Service,00010001761002,"GENSERVE, INC.", 100 NEWTOWN RD,,PLAINVIEW,NY ,11803,USA,www.genserveinc.com,631-435-0437,"Service,"
10510,Industrial/Commercial Sales & Service,00111209521002,LONG ISLAND EMERGENCY POWER -QO, 2 Ocean Avenue,,DEER PARK,NY ,11729,USA,,631-586-7513,"Sales,"
10510,Industrial/Commercial Sales & Service,00010134071002,PEAK POWER SYSTEMS, 99 SPRAGUE AVENUE,,MIDDLETOWN,NY ,10940,USA,www.peakpowersystems.com,845-344-1975,"Sales,Service,Up To 600kW,Mobile/Diesel/Gas,Rental,"
10510,Industrial/Commercial Sales & Service,00111209531002,HUNTINGTON POWER - LONG ISLAND, PO BOX 2040,,SHELTON,CT ,06484,USA,,631-586-7513,"Sales,"
10510,Industrial/Commercial Sales & Service,00010139211002,POWERPRO SERVICE CO. INC., 608 JOHNSON AVE. UNIT 6,,BOHEMIA,NY ,11716,USA,,631-567-2700,"Sales,Service,Up To 600kW,Mobile/Diesel/Gas,"
10510,Industrial/Commercial Sales & Service,00010001761002,"GENSERVE, INC.", 115A TWINBRIDGE DR.,,PENNSAUKEN,NJ ,08110,USA,www.genserveinc.com,856-324-0459,"Service,"
10510,Industrial/Commercial Sales & Service,00010001621002,BROOKFIELD SERVICE, 708 GLEBE ROAD,,WESTMORELAND,NH ,03467,USA,www.brookfieldservice.com,802-485-6567,"Service,Up To 600kW,Mobile/Diesel/Gas,"
10510,Industrial/Commercial Sales & Service,00111184131002,HUNTER & LOMISON, 1956 W FOURTH ST,,WILLIAMSPORT,PA ,17701,USA,www.hunterlomison.com,570-326-1764,"Sales,Service,Up To 600kW,Mobile/Diesel/Gas,Rental,"
10510,Industrial/Commercial Sales & Service,00010000881002,HUNTER & LOMISON INC., 1956 W. 4TH STREET,,WILLIAMSPORT,PA ,17701,USA,www.hunterlomison.com,570-326-1764,"Service,Up To 600kW,Mobile/Diesel/Gas,"
10510,Industrial/Commercial Sales & Service,00010021101002,SOUTH SHORE GENERATOR INC-Quote, 2696A CRANBERRY HWY,,WAREHAM,MA ,02571,USA,,508-295-7336,"Sales,Service,Up To 600kW,Mobile/Diesel/Gas,"
10510,Industrial/Commercial Sales & Service,00010001701002,SOUTH SHORE GENERATOR INC, ,,EAST WAREHAM,MA ,02538,USA,,508-295-7336,"Financing,Sales,Service,Up To 600kW,Mobile/Diesel/Gas,"
10510,Industrial/Commercial Sales & Service,00111207431002,WARSHAUER ELECTRIC SUPPLY CO INC, 800 SHREWSBURY AVE,,TINTON FALLS,NJ ,07724,USA,www.warshauer.com,732-741-6400,"Service,"
10510,Industrial/Commercial Sales & Service,00010157021002,Mechanical Service Co, 1145 Oak St.,,Pittston,PA ,18640,USA,,570-654-2445,"Service,"
10511,Industrial/Commercial Sales & Service,00010214161002,"R.L. KISTLER, INC.", 35 HAMILTON LANE,,GLENMONT,NY ,12077,USA,,585-436-1940,"Sales,Service,"
10511,Industrial/Commercial Sales & Service,00010001611002,Huntington Power, 230 Long Hill Cross Rd,,Shelton,CT ,06484,USA,www.huntingtonpower.com,203-929-3203,"Sales,Service,Up To 2MW,Mobile/Diesel/Gas,Training,Rental,"
10511,Industrial/Commercial Sales & Service,00010214161002,"R.L. Kistler, Inc", 300 Mile Crossing Blvd.,,Rochester,NY ,14624,USA,rlkistler.com,585-436-1940,"Sales,"
10511,Industrial/Commercial Sales & Service,00010214161002,"R.L. Kistler, Inc", 5615 Business Ave.,,N. Syracuse,NY ,13208,USA,,315-458-2875,"Sales,"
10511,Industrial/Commercial Sales & Service,00010001611002,Huntington Power, 68 Enter Ln,,Islandia,NY ,11749,USA,,631-563-4943,"Sales,Service,Up To 2MW,Mobile/Diesel/Gas,"
10511,Industrial/Commercial Sales & Service,00010001611002,Huntington Power, 34 E DUDLEY TOWN RD.,,BLOOMFIELD,CT ,06002,USA,,860-289-8790,"Sales,Service,Rental,"
10511,Industrial/Commercial Sales & Service,00010214161002,"R.L. Kistler, Inc", 5615 Business Ave.,,N. Syracuse,NY ,13208,USA,,315-458-2875,"Sales,"
10511,Industrial/Commercial Sales & Service,00010208021002,Modern Group Power Systems, 2501 Durham Road,,Bristol,PA ,19007,USA,www.moderngroup.com,800-404-7291,"Sales,Service,Up To 2MW,Mobile/Diesel/Gas,Training,Rental,"
10511,Industrial/Commercial Sales & Service,00010001731002,Authorized Services Of New England, 410 Forest Street,,Marlborough,MA ,01752,USA,www.asne.com,888-890-9886,"Financing,Sales,Service,Up To 2MW,Mobile/Diesel/Gas,Training,Rental,"
10511,Industrial/Commercial Sales & Service,00010008091002,MODERN HANDLING EQUIP, 75 NEW STREET,,EDISON,NJ ,08837,USA,www.moderngroup.com,800-779-5116,"Sales,Service,Up To 2MW,Mobile/Diesel/Gas,"
10511,Industrial/Commercial Sales & Service,00010000931002,"EMERGENCY POWER SYSTEMS, LLC", 35 HAMILTON LANE,,GLENMONT,NY ,12077,USA,,800-914-1465,"Service,Up To 2MW,Mobile/Diesel/Gas,"
10511,Industrial/Commercial Sales & Service,00010000931002,"EMERGENCY POWER SYSTEMS, LLC", 35 HAMILTON LANE,,GLENMONT,NY ,12077,USA,,800-914-1465,"Service,"
10511,Industrial/Commercial Sales & Service,00010208021002,Modern Group Power Systems, 6352 Chapmans Rd,,Allentown,PA ,18106,USA,,800-404-7291,"Sales,Service,Up To 2MW,Mobile/Diesel/Gas,"
10511,Industrial/Commercial Sales & Service,00010208021002,Modern Group Power Systems, 295 New Commerce Blvd.,,Wilkes Barre,PA ,18706,USA,,800-404-7291,"Sales,Service,Up To 2MW,Mobile/Diesel/Gas,"
10511,Industrial/Commercial Sales & Service,00010208021002,Modern Group Power Systems, 200 Allied Parkway,,West Berlin,NJ ,08091,USA,,800-404-7291,"Sales,Service,Up To 2MW,Mobile/Diesel/Gas,"
10511,Industrial/Commercial Sales & Service,00010208021002,Modern Group Power Systems, 66A South Gate Blvd.,,New Castle,DE ,19720,USA,,800-404-7291,"Sales,Service,Up To 2MW,Mobile/Diesel/Gas,"
10511,Industrial/Commercial Sales & Service,00010001731002,AUTHORIZED SERVICES OF NEW ENGLAND, 410 FOREST STREET,,MARLBOROUGH,MA ,01752,USA,,888-890-9886,"Sales,"
10511,Industrial/Commercial Sales & Service,00010208021002,Modern Group Power Systems, 3480 Board Road,,York,PA ,17402,USA,,800-404-7291,"Sales,Service,Up To 2MW,Mobile/Diesel/Gas,"
10511,Industrial/Commercial Sales & Service,00010134071002,PEAK POWER SYSTEMS, 99 SPRAGUE AVENUE,,MIDDLETOWN,NY ,10940,USA,www.peakpowersystems.com,845-344-1975,"Sales,Service,Up To 600kW,Mobile/Diesel/Gas,Rental,"
10511,Industrial/Commercial Sales & Service,00010001761002,"GENSERVE, INC.", 100 NEWTOWN RD,,PLAINVIEW,NY ,11803,USA,www.genserveinc.com,631-435-0437,"Service,"
10511,Industrial/Commercial Sales & Service,00111209531002,HUNTINGTON POWER - LONG ISLAND, PO BOX 2040,,SHELTON,CT ,06484,USA,,631-586-7513,"Sales,"
10511,Industrial/Commercial Sales & Service,00111209521002,LONG ISLAND EMERGENCY POWER -QO, 2 Ocean Avenue,,DEER PARK,NY ,11729,USA,,631-586-7513,"Sales,"
10511,Industrial/Commercial Sales & Service,00010139211002,POWERPRO SERVICE CO. INC., 608 JOHNSON AVE. UNIT 6,,BOHEMIA,NY ,11716,USA,,631-567-2700,"Sales,Service,Up To 600kW,Mobile/Diesel/Gas,"
10511,Industrial/Commercial Sales & Service,00010001761002,"GENSERVE, INC.", 115A TWINBRIDGE DR.,,PENNSAUKEN,NJ ,08110,USA,www.genserveinc.com,856-324-0459,"Service,"
10511,Industrial/Commercial Sales & Service,00010001621002,BROOKFIELD SERVICE, 708 GLEBE ROAD,,WESTMORELAND,NH ,03467,USA,www.brookfieldservice.com,802-485-6567,"Service,Up To 600kW,Mobile/Diesel/Gas,"
10511,Industrial/Commercial Sales & Service,00111184131002,HUNTER & LOMISON, 1956 W FOURTH ST,,WILLIAMSPORT,PA ,17701,USA,www.hunterlomison.com,570-326-1764,"Sales,Service,Up To 600kW,Mobile/Diesel/Gas,Rental,"
10511,Industrial/Commercial Sales & Service,00010000881002,HUNTER & LOMISON INC., 1956 W. 4TH STREET,,WILLIAMSPORT,PA ,17701,USA,www.hunterlomison.com,570-326-1764,"Service,Up To 600kW,Mobile/Diesel/Gas,"
10511,Industrial/Commercial Sales & Service,00010021101002,SOUTH SHORE GENERATOR INC-Quote, 2696A CRANBERRY HWY,,WAREHAM,MA ,02571,USA,,508-295-7336,"Sales,Service,Up To 600kW,Mobile/Diesel/Gas,"
10511,Industrial/Commercial Sales & Service,00010001701002,SOUTH SHORE GENERATOR INC, ,,EAST WAREHAM,MA ,02538,USA,,508-295-7336,"Financing,Sales,Service,Up To 600kW,Mobile/Diesel/Gas,"
10511,Industrial/Commercial Sales & Service,00111207431002,WARSHAUER ELECTRIC SUPPLY CO INC, 800 SHREWSBURY AVE,,TINTON FALLS,NJ ,07724,USA,www.warshauer.com,732-741-6400,"Service,"
10511,Industrial/Commercial Sales & Service,00010157021002,Mechanical Service Co, 1145 Oak St.,,Pittston,PA ,18640,USA,,570-654-2445,"Service,"
10512,Industrial/Commercial Sales & Service,00010214161002,"R.L. KISTLER, INC.", 35 HAMILTON LANE,,GLENMONT,NY ,12077,USA,,585-436-1940,"Sales,Service,"
10512,Industrial/Commercial Sales & Service,00010001611002,Huntington Power, 230 Long Hill Cross Rd,,Shelton,CT ,06484,USA,www.huntingtonpower.com,203-929-3203,"Sales,Service,Up To 2MW,Mobile/Diesel/Gas,Training,Rental,"
10512,Industrial/Commercial Sales & Service,00010214161002,"R.L. Kistler, Inc", 300 Mile Crossing Blvd.,,Rochester,NY ,14624,USA,rlkistler.com,585-436-1940,"Sales,"
10512,Industrial/Commercial Sales & Service,00010214161002,"R.L. Kistler, Inc", 5615 Business Ave.,,N. Syracuse,NY ,13208,USA,,315-458-2875,"Sales,"
10512,Industrial/Commercial Sales & Service,00010001611002,Huntington Power, 68 Enter Ln,,Islandia,NY ,11749,USA,,631-563-4943,"Sales,Service,Up To 2MW,Mobile/Diesel/Gas,"
10512,Industrial/Commercial Sales & Service,00010001611002,Huntington Power, 34 E DUDLEY TOWN RD.,,BLOOMFIELD,CT ,06002,USA,,860-289-8790,"Sales,Service,Rental,"
10512,Industrial/Commercial Sales & Service,00010214161002,"R.L. Kistler, Inc", 5615 Business Ave.,,N. Syracuse,NY ,13208,USA,,315-458-2875,"Sales,"
10512,Industrial/Commercial Sales & Service,00010208021002,Modern Group Power Systems, 2501 Durham Road,,Bristol,PA ,19007,USA,www.moderngroup.com,800-404-7291,"Sales,Service,Up To 2MW,Mobile/Diesel/Gas,Training,Rental,"
10512,Industrial/Commercial Sales & Service,00010001731002,Authorized Services Of New England, 410 Forest Street,,Marlborough,MA ,01752,USA,www.asne.com,888-890-9886,"Financing,Sales,Service,Up To 2MW,Mobile/Diesel/Gas,Training,Rental,"
10512,Industrial/Commercial Sales & Service,00010008091002,MODERN HANDLING EQUIP, 75 NEW STREET,,EDISON,NJ ,08837,USA,www.moderngroup.com,800-779-5116,"Sales,Service,Up To 2MW,Mobile/Diesel/Gas,"
10512,Industrial/Commercial Sales & Service,00010000931002,"EMERGENCY POWER SYSTEMS, LLC", 35 HAMILTON LANE,,GLENMONT,NY ,12077,USA,,800-914-1465,"Service,Up To 2MW,Mobile/Diesel/Gas,"
10512,Industrial/Commercial Sales & Service,00010000931002,"EMERGENCY POWER SYSTEMS, LLC", 35 HAMILTON LANE,,GLENMONT,NY ,12077,USA,,800-914-1465,"Service,"
10512,Industrial/Commercial Sales & Service,00010208021002,Modern Group Power Systems, 6352 Chapmans Rd,,Allentown,PA ,18106,USA,,800-404-7291,"Sales,Service,Up To 2MW,Mobile/Diesel/Gas,"
10512,Industrial/Commercial Sales & Service,00010208021002,Modern Group Power Systems, 295 New Commerce Blvd.,,Wilkes Barre,PA ,18706,USA,,800-404-7291,"Sales,Service,Up To 2MW,Mobile/Diesel/Gas,"
10512,Industrial/Commercial Sales & Service,00010001731002,AUTHORIZED SERVICES OF NEW ENGLAND, 410 FOREST STREET,,MARLBOROUGH,MA ,01752,USA,,888-890-9886,"Sales,"
10512,Industrial/Commercial Sales & Service,00010208021002,Modern Group Power Systems, 200 Allied Parkway,,West Berlin,NJ ,08091,USA,,800-404-7291,"Sales,Service,Up To 2MW,Mobile/Diesel/Gas,"
10512,Industrial/Commercial Sales & Service,00010208021002,Modern Group Power Systems, 66A South Gate Blvd.,,New Castle,DE ,19720,USA,,800-404-7291,"Sales,Service,Up To 2MW,Mobile/Diesel/Gas,"
10512,Industrial/Commercial Sales & Service,00010208021002,Modern Group Power Systems, 3480 Board Road,,York,PA ,17402,USA,,800-404-7291,"Sales,Service,Up To 2MW,Mobile/Diesel/Gas,"
10512,Industrial/Commercial Sales & Service,00111209531002,HUNTINGTON POWER - LONG ISLAND, PO BOX 2040,,SHELTON,CT ,06484,USA,,631-586-7513,"Sales,"
10512,Industrial/Commercial Sales & Service,00010134071002,PEAK POWER SYSTEMS, 99 SPRAGUE AVENUE,,MIDDLETOWN,NY ,10940,USA,www.peakpowersystems.com,845-344-1975,"Sales,Service,Up To 600kW,Mobile/Diesel/Gas,Rental,"
10512,Industrial/Commercial Sales & Service,00010001761002,"GENSERVE, INC.", 100 NEWTOWN RD,,PLAINVIEW,NY ,11803,USA,www.genserveinc.com,631-435-0437,"Service,"
10512,Industrial/Commercial Sales & Service,00111209521002,LONG ISLAND EMERGENCY POWER -QO, 2 Ocean Avenue,,DEER PARK,NY ,11729,USA,,631-586-7513,"Sales,"
10512,Industrial/Commercial Sales & Service,00010139211002,POWERPRO SERVICE CO. INC., 608 JOHNSON AVE. UNIT 6,,BOHEMIA,NY ,11716,USA,,631-567-2700,"Sales,Service,Up To 600kW,Mobile/Diesel/Gas,"
10512,Industrial/Commercial Sales & Service,00010001761002,"GENSERVE, INC.", 115A TWINBRIDGE DR.,,PENNSAUKEN,NJ ,08110,USA,www.genserveinc.com,856-324-0459,"Service,"
10512,Industrial/Commercial Sales & Service,00010001621002,BROOKFIELD SERVICE, 708 GLEBE ROAD,,WESTMORELAND,NH ,03467,USA,www.brookfieldservice.com,802-485-6567,"Service,Up To 600kW,Mobile/Diesel/Gas,"
10512,Industrial/Commercial Sales & Service,00010021101002,SOUTH SHORE GENERATOR INC-Quote, 2696A CRANBERRY HWY,,WAREHAM,MA ,02571,USA,,508-295-7336,"Sales,Service,Up To 600kW,Mobile/Diesel/Gas,"
10512,Industrial/Commercial Sales & Service,00010001701002,SOUTH SHORE GENERATOR INC, ,,EAST WAREHAM,MA ,02538,USA,,508-295-7336,"Financing,Sales,Service,Up To 600kW,Mobile/Diesel/Gas,"
10512,Industrial/Commercial Sales & Service,00111184131002,HUNTER & LOMISON, 1956 W FOURTH ST,,WILLIAMSPORT,PA ,17701,USA,www.hunterlomison.com,570-326-1764,"Sales,Service,Up To 600kW,Mobile/Diesel/Gas,Rental,"
10512,Industrial/Commercial Sales & Service,00010000881002,HUNTER & LOMISON INC., 1956 W. 4TH STREET,,WILLIAMSPORT,PA ,17701,USA,www.hunterlomison.com,570-326-1764,"Service,Up To 600kW,Mobile/Diesel/Gas,"
10512,Industrial/Commercial Sales & Service,00010001621002,BROOKFIELD SERVICE, 829 VT ROUTE 12 SOUTH,,NORTHFIELD,VT ,05663,USA,www.brookfieldservice.com,802-485-6567,"Sales,Service,Up To 600kW,Mobile/Diesel/Gas,"
10512,Industrial/Commercial Sales & Service,00111207431002,WARSHAUER ELECTRIC SUPPLY CO INC, 800 SHREWSBURY AVE,,TINTON FALLS,NJ ,07724,USA,www.warshauer.com,732-741-6400,"Service,"
10512,Industrial/Commercial Sales & Service,00010157021002,Mechanical Service Co, 1145 Oak St.,,Pittston,PA ,18640,USA,,570-654-2445,"Service,"
10514,Industrial/Commercial Sales & Service,00010214161002,"R.L. Kistler, Inc", 300 Mile Crossing Blvd.,,Rochester,NY ,14624,USA,rlkistler.com,585-436-1940,"Sales,"
10514,Industrial/Commercial Sales & Service,00010001611002,Huntington Power, 230 Long Hill Cross Rd,,Shelton,CT ,06484,USA,www.huntingtonpower.com,203-929-3203,"Sales,Service,Up To 2MW,Mobile/Diesel/Gas,Training,Rental,"
10514,Industrial/Commercial Sales & Service,00010214161002,"R.L. KISTLER, INC.", 35 HAMILTON LANE,,GLENMONT,NY ,12077,USA,,585-436-1940,"Sales,Service,"
10514,Industrial/Commercial Sales & Service,00010214161002,"R.L. Kistler, Inc", 5615 Business Ave.,,N. Syracuse,NY ,13208,USA,,315-458-2875,"Sales,"
10514,Industrial/Commercial Sales & Service,00010001611002,Huntington Power, 68 Enter Ln,,Islandia,NY ,11749,USA,,631-563-4943,"Sales,Service,Up To 2MW,Mobile/Diesel/Gas,"
10514,Industrial/Commercial Sales & Service,00010001611002,Huntington Power, 34 E DUDLEY TOWN RD.,,BLOOMFIELD,CT ,06002,USA,,860-289-8790,"Sales,Service,Rental,"
10514,Industrial/Commercial Sales & Service,00010214161002,"R.L. Kistler, Inc", 5615 Business Ave.,,N. Syracuse,NY ,13208,USA,,315-458-2875,"Sales,"
10514,Industrial/Commercial Sales & Service,00010208021002,Modern Group Power Systems, 2501 Durham Road,,Bristol,PA ,19007,USA,www.moderngroup.com,800-404-7291,"Sales,Service,Up To 2MW,Mobile/Diesel/Gas,Training,Rental,"
10514,Industrial/Commercial Sales & Service,00010001731002,Authorized Services Of New England, 410 Forest Street,,Marlborough,MA ,01752,USA,www.asne.com,888-890-9886,"Financing,Sales,Service,Up To 2MW,Mobile/Diesel/Gas,Training,Rental,"
10514,Industrial/Commercial Sales & Service,00010008091002,MODERN HANDLING EQUIP, 75 NEW STREET,,EDISON,NJ ,08837,USA,www.moderngroup.com,800-779-5116,"Sales,Service,Up To 2MW,Mobile/Diesel/Gas,"
10514,Industrial/Commercial Sales & Service,00010000931002,"EMERGENCY POWER SYSTEMS, LLC", 35 HAMILTON LANE,,GLENMONT,NY ,12077,USA,,800-914-1465,"Service,Up To 2MW,Mobile/Diesel/Gas,"
10514,Industrial/Commercial Sales & Service,00010000931002,"EMERGENCY POWER SYSTEMS, LLC", 35 HAMILTON LANE,,GLENMONT,NY ,12077,USA,,800-914-1465,"Service,"
10514,Industrial/Commercial Sales & Service,00010208021002,Modern Group Power Systems, 6352 Chapmans Rd,,Allentown,PA ,18106,USA,,800-404-7291,"Sales,Service,Up To 2MW,Mobile/Diesel/Gas,"
10514,Industrial/Commercial Sales & Service,00010208021002,Modern Group Power Systems, 200 Allied Parkway,,West Berlin,NJ ,08091,USA,,800-404-7291,"Sales,Service,Up To 2MW,Mobile/Diesel/Gas,"
10514,Industrial/Commercial Sales & Service,00010208021002,Modern Group Power Systems, 295 New Commerce Blvd.,,Wilkes Barre,PA ,18706,USA,,800-404-7291,"Sales,Service,Up To 2MW,Mobile/Diesel/Gas,"
10514,Industrial/Commercial Sales & Service,00010001731002,AUTHORIZED SERVICES OF NEW ENGLAND, 410 FOREST STREET,,MARLBOROUGH,MA ,01752,USA,,888-890-9886,"Sales,"
10514,Industrial/Commercial Sales & Service,00010208021002,Modern Group Power Systems, 66A South Gate Blvd.,,New Castle,DE ,19720,USA,,800-404-7291,"Sales,Service,Up To 2MW,Mobile/Diesel/Gas,"
10514,Industrial/Commercial Sales & Service,00010208021002,Modern Group Power Systems, 3480 Board Road,,York,PA ,17402,USA,,800-404-7291,"Sales,Service,Up To 2MW,Mobile/Diesel/Gas,"
10514,Industrial/Commercial Sales & Service,00010001761002,"GENSERVE, INC.", 100 NEWTOWN RD,,PLAINVIEW,NY ,11803,USA,www.genserveinc.com,631-435-0437,"Service,"
10514,Industrial/Commercial Sales & Service,00111209531002,HUNTINGTON POWER - LONG ISLAND, PO BOX 2040,,SHELTON,CT ,06484,USA,,631-586-7513,"Sales,"
10514,Industrial/Commercial Sales & Service,00111209521002,LONG ISLAND EMERGENCY POWER -QO, 2 Ocean Avenue,,DEER PARK,NY ,11729,USA,,631-586-7513,"Sales,"
10514,Industrial/Commercial Sales & Service,00010134071002,PEAK POWER SYSTEMS, 99 SPRAGUE AVENUE,,MIDDLETOWN,NY ,10940,USA,www.peakpowersystems.com,845-344-1975,"Sales,Service,Up To 600kW,Mobile/Diesel/Gas,Rental,"
10514,Industrial/Commercial Sales & Service,00010139211002,POWERPRO SERVICE CO. INC., 608 JOHNSON AVE. UNIT 6,,BOHEMIA,NY ,11716,USA,,631-567-2700,"Sales,Service,Up To 600kW,Mobile/Diesel/Gas,"
10514,Industrial/Commercial Sales & Service,00010001761002,"GENSERVE, INC.", 115A TWINBRIDGE DR.,,PENNSAUKEN,NJ ,08110,USA,www.genserveinc.com,856-324-0459,"Service,"
10514,Industrial/Commercial Sales & Service,00010001621002,BROOKFIELD SERVICE, 708 GLEBE ROAD,,WESTMORELAND,NH ,03467,USA,www.brookfieldservice.com,802-485-6567,"Service,Up To 600kW,Mobile/Diesel/Gas,"
10514,Industrial/Commercial Sales & Service,00010021101002,SOUTH SHORE GENERATOR INC-Quote, 2696A CRANBERRY HWY,,WAREHAM,MA ,02571,USA,,508-295-7336,"Sales,Service,Up To 600kW,Mobile/Diesel/Gas,"
10514,Industrial/Commercial Sales & Service,00010001701002,SOUTH SHORE GENERATOR INC, ,,EAST WAREHAM,MA ,02538,USA,,508-295-7336,"Financing,Sales,Service,Up To 600kW,Mobile/Diesel/Gas,"
10514,Industrial/Commercial Sales & Service,00111184131002,HUNTER & LOMISON, 1956 W FOURTH ST,,WILLIAMSPORT,PA ,17701,USA,www.hunterlomison.com,570-326-1764,"Sales,Service,Up To 600kW,Mobile/Diesel/Gas,Rental,"
10514,Industrial/Commercial Sales & Service,00010000881002,HUNTER & LOMISON INC., 1956 W. 4TH STREET,,WILLIAMSPORT,PA ,17701,USA,www.hunterlomison.com,570-326-1764,"Service,Up To 600kW,Mobile/Diesel/Gas,"
10514,Industrial/Commercial Sales & Service,00111207431002,WARSHAUER ELECTRIC SUPPLY CO INC, 800 SHREWSBURY AVE,,TINTON FALLS,NJ ,07724,USA,www.warshauer.com,732-741-6400,"Service,"
10514,Industrial/Commercial Sales & Service,00010157021002,Mechanical Service Co, 1145 Oak St.,,Pittston,PA ,18640,USA,,570-654-2445,"Service,"
10516,Industrial/Commercial Sales & Service,00010214161002,"R.L. Kistler, Inc", 300 Mile Crossing Blvd.,,Rochester,NY ,14624,USA,rlkistler.com,585-436-1940,"Sales,"
10516,Industrial/Commercial Sales & Service,00010214161002,"R.L. KISTLER, INC.", 35 HAMILTON LANE,,GLENMONT,NY ,12077,USA,,585-436-1940,"Sales,Service,"
10516,Industrial/Commercial Sales & Service,00010001611002,Huntington Power, 230 Long Hill Cross Rd,,Shelton,CT ,06484,USA,www.huntingtonpower.com,203-929-3203,"Sales,Service,Up To 2MW,Mobile/Diesel/Gas,Training,Rental,"
10516,Industrial/Commercial Sales & Service,00010214161002,"R.L. Kistler, Inc", 5615 Business Ave.,,N. Syracuse,NY ,13208,USA,,315-458-2875,"Sales,"
10516,Industrial/Commercial Sales & Service,00010214161002,"R.L. Kistler, Inc", 5615 Business Ave.,,N. Syracuse,NY ,13208,USA,,315-458-2875,"Sales,"
10516,Industrial/Commercial Sales & Service,00010001611002,Huntington Power, 68 Enter Ln,,Islandia,NY ,11749,USA,,631-563-4943,"Sales,Service,Up To 2MW,Mobile/Diesel/Gas,"
10516,Industrial/Commercial Sales & Service,00010001611002,Huntington Power, 34 E DUDLEY TOWN RD.,,BLOOMFIELD,CT ,06002,USA,,860-289-8790,"Sales,Service,Rental,"
10516,Industrial/Commercial Sales & Service,00010208021002,Modern Group Power Systems, 2501 Durham Road,,Bristol,PA ,19007,USA,www.moderngroup.com,800-404-7291,"Sales,Service,Up To 2MW,Mobile/Diesel/Gas,Training,Rental,"
10516,Industrial/Commercial Sales & Service,00010001731002,Authorized Services Of New England, 410 Forest Street,,Marlborough,MA ,01752,USA,www.asne.com,888-890-9886,"Financing,Sales,Service,Up To 2MW,Mobile/Diesel/Gas,Training,Rental,"
10516,Industrial/Commercial Sales & Service,00010008091002,MODERN HANDLING EQUIP, 75 NEW STREET,,EDISON,NJ ,08837,USA,www.moderngroup.com,800-779-5116,"Sales,Service,Up To 2MW,Mobile/Diesel/Gas,"
10516,Industrial/Commercial Sales & Service,00010000931002,"EMERGENCY POWER SYSTEMS, LLC", 35 HAMILTON LANE,,GLENMONT,NY ,12077,USA,,800-914-1465,"Service,Up To 2MW,Mobile/Diesel/Gas,"
10516,Industrial/Commercial Sales & Service,00010000931002,"EMERGENCY POWER SYSTEMS, LLC", 35 HAMILTON LANE,,GLENMONT,NY ,12077,USA,,800-914-1465,"Service,"
10516,Industrial/Commercial Sales & Service,00010208021002,Modern Group Power Systems, 6352 Chapmans Rd,,Allentown,PA ,18106,USA,,800-404-7291,"Sales,Service,Up To 2MW,Mobile/Diesel/Gas,"
10516,Industrial/Commercial Sales & Service,00010208021002,Modern Group Power Systems, 295 New Commerce Blvd.,,Wilkes Barre,PA ,18706,USA,,800-404-7291,"Sales,Service,Up To 2MW,Mobile/Diesel/Gas,"
10516,Industrial/Commercial Sales & Service,00010208021002,Modern Group Power Systems, 200 Allied Parkway,,West Berlin,NJ ,08091,USA,,800-404-7291,"Sales,Service,Up To 2MW,Mobile/Diesel/Gas,"
10516,Industrial/Commercial Sales & Service,00010001731002,AUTHORIZED SERVICES OF NEW ENGLAND, 410 FOREST STREET,,MARLBOROUGH,MA ,01752,USA,,888-890-9886,"Sales,"
10516,Industrial/Commercial Sales & Service,00010208021002,Modern Group Power Systems, 66A South Gate Blvd.,,New Castle,DE ,19720,USA,,800-404-7291,"Sales,Service,Up To 2MW,Mobile/Diesel/Gas,"
10516,Industrial/Commercial Sales & Service,00010208021002,Modern Group Power Systems, 3480 Board Road,,York,PA ,17402,USA,,800-404-7291,"Sales,Service,Up To 2MW,Mobile/Diesel/Gas,"
10516,Industrial/Commercial Sales & Service,00010134071002,PEAK POWER SYSTEMS, 99 SPRAGUE AVENUE,,MIDDLETOWN,NY ,10940,USA,www.peakpowersystems.com,845-344-1975,"Sales,Service,Up To 600kW,Mobile/Diesel/Gas,Rental,"
10516,Industrial/Commercial Sales & Service,00111209531002,HUNTINGTON POWER - LONG ISLAND, PO BOX 2040,,SHELTON,CT ,06484,USA,,631-586-7513,"Sales,"
10516,Industrial/Commercial Sales & Service,00010001761002,"GENSERVE, INC.", 100 NEWTOWN RD,,PLAINVIEW,NY ,11803,USA,www.genserveinc.com,631-435-0437,"Service,"
10516,Industrial/Commercial Sales & Service,00111209521002,LONG ISLAND EMERGENCY POWER -QO, 2 Ocean Avenue,,DEER PARK,NY ,11729,USA,,631-586-7513,"Sales,"
10516,Industrial/Commercial Sales & Service,00010139211002,POWERPRO SERVICE CO. INC., 608 JOHNSON AVE. UNIT 6,,BOHEMIA,NY ,11716,USA,,631-567-2700,"Sales,Service,Up To 600kW,Mobile/Diesel/Gas,"
10516,Industrial/Commercial Sales & Service,00010001761002,"GENSERVE, INC.", 115A TWINBRIDGE DR.,,PENNSAUKEN,NJ ,08110,USA,www.genserveinc.com,856-324-0459,"Service,"
10516,Industrial/Commercial Sales & Service,00010001621002,BROOKFIELD SERVICE, 708 GLEBE ROAD,,WESTMORELAND,NH ,03467,USA,www.brookfieldservice.com,802-485-6567,"Service,Up To 600kW,Mobile/Diesel/Gas,"
10516,Industrial/Commercial Sales & Service,00111184131002,HUNTER & LOMISON, 1956 W FOURTH ST,,WILLIAMSPORT,PA ,17701,USA,www.hunterlomison.com,570-326-1764,"Sales,Service,Up To 600kW,Mobile/Diesel/Gas,Rental,"
10516,Industrial/Commercial Sales & Service,00010000881002,HUNTER & LOMISON INC., 1956 W. 4TH STREET,,WILLIAMSPORT,PA ,17701,USA,www.hunterlomison.com,570-326-1764,"Service,Up To 600kW,Mobile/Diesel/Gas,"
10516,Industrial/Commercial Sales & Service,00010021101002,SOUTH SHORE GENERATOR INC-Quote, 2696A CRANBERRY HWY,,WAREHAM,MA ,02571,USA,,508-295-7336,"Sales,Service,Up To 600kW,Mobile/Diesel/Gas,"
10516,Industrial/Commercial Sales & Service,00010001701002,SOUTH SHORE GENERATOR INC, ,,EAST WAREHAM,MA ,02538,USA,,508-295-7336,"Financing,Sales,Service,Up To 600kW,Mobile/Diesel/Gas,"
10516,Industrial/Commercial Sales & Service,00010001621002,BROOKFIELD SERVICE, 829 VT ROUTE 12 SOUTH,,NORTHFIELD,VT ,05663,USA,www.brookfieldservice.com,802-485-6567,"Sales,Service,Up To 600kW,Mobile/Diesel/Gas,"
10516,Industrial/Commercial Sales & Service,00111207431002,WARSHAUER ELECTRIC SUPPLY CO INC, 800 SHREWSBURY AVE,,TINTON FALLS,NJ ,07724,USA,www.warshauer.com,732-741-6400,"Service,"
10516,Industrial/Commercial Sales & Service,00010157021002,Mechanical Service Co, 1145 Oak St.,,Pittston,PA ,18640,USA,,570-654-2445,"Service,"
10517,Industrial/Commercial Sales & Service,00010214161002,"R.L. Kistler, Inc", 300 Mile Crossing Blvd.,,Rochester,NY ,14624,USA,rlkistler.com,585-436-1940,"Sales,"
10517,Industrial/Commercial Sales & Service,00010001611002,Huntington Power, 230 Long Hill Cross Rd,,Shelton,CT ,06484,USA,www.huntingtonpower.com,203-929-3203,"Sales,Service,Up To 2MW,Mobile/Diesel/Gas,Training,Rental,"
10517,Industrial/Commercial Sales & Service,00010214161002,"R.L. KISTLER, INC.", 35 HAMILTON LANE,,GLENMONT,NY ,12077,USA,,585-436-1940,"Sales,Service,"
10517,Industrial/Commercial Sales & Service,00010214161002,"R.L. Kistler, Inc", 5615 Business Ave.,,N. Syracuse,NY ,13208,USA,,315-458-2875,"Sales,"
10517,Industrial/Commercial Sales & Service,00010001611002,Huntington Power, 68 Enter Ln,,Islandia,NY ,11749,USA,,631-563-4943,"Sales,Service,Up To 2MW,Mobile/Diesel/Gas,"
10517,Industrial/Commercial Sales & Service,00010001611002,Huntington Power, 34 E DUDLEY TOWN RD.,,BLOOMFIELD,CT ,06002,USA,,860-289-8790,"Sales,Service,Rental,"
10517,Industrial/Commercial Sales & Service,00010214161002,"R.L. Kistler, Inc", 5615 Business Ave.,,N. Syracuse,NY ,13208,USA,,315-458-2875,"Sales,"
10517,Industrial/Commercial Sales & Service,00010208021002,Modern Group Power Systems, 2501 Durham Road,,Bristol,PA ,19007,USA,www.moderngroup.com,800-404-7291,"Sales,Service,Up To 2MW,Mobile/Diesel/Gas,Training,Rental,"
10517,Industrial/Commercial Sales & Service,00010001731002,Authorized Services Of New England, 410 Forest Street,,Marlborough,MA ,01752,USA,www.asne.com,888-890-9886,"Financing,Sales,Service,Up To 2MW,Mobile/Diesel/Gas,Training,Rental,"
10517,Industrial/Commercial Sales & Service,00010008091002,MODERN HANDLING EQUIP, 75 NEW STREET,,EDISON,NJ ,08837,USA,www.moderngroup.com,800-779-5116,"Sales,Service,Up To 2MW,Mobile/Diesel/Gas,"
10517,Industrial/Commercial Sales & Service,00010000931002,"EMERGENCY POWER SYSTEMS, LLC", 35 HAMILTON LANE,,GLENMONT,NY ,12077,USA,,800-914-1465,"Service,Up To 2MW,Mobile/Diesel/Gas,"
10517,Industrial/Commercial Sales & Service,00010000931002,"EMERGENCY POWER SYSTEMS, LLC", 35 HAMILTON LANE,,GLENMONT,NY ,12077,USA,,800-914-1465,"Service,"
10517,Industrial/Commercial Sales & Service,00010208021002,Modern Group Power Systems, 6352 Chapmans Rd,,Allentown,PA ,18106,USA,,800-404-7291,"Sales,Service,Up To 2MW,Mobile/Diesel/Gas,"
10517,Industrial/Commercial Sales & Service,00010208021002,Modern Group Power Systems, 295 New Commerce Blvd.,,Wilkes Barre,PA ,18706,USA,,800-404-7291,"Sales,Service,Up To 2MW,Mobile/Diesel/Gas,"
10517,Industrial/Commercial Sales & Service,00010208021002,Modern Group Power Systems, 200 Allied Parkway,,West Berlin,NJ ,08091,USA,,800-404-7291,"Sales,Service,Up To 2MW,Mobile/Diesel/Gas,"
10517,Industrial/Commercial Sales & Service,00010001731002,AUTHORIZED SERVICES OF NEW ENGLAND, 410 FOREST STREET,,MARLBOROUGH,MA ,01752,USA,,888-890-9886,"Sales,"
10517,Industrial/Commercial Sales & Service,00010208021002,Modern Group Power Systems, 66A South Gate Blvd.,,New Castle,DE ,19720,USA,,800-404-7291,"Sales,Service,Up To 2MW,Mobile/Diesel/Gas,"
10517,Industrial/Commercial Sales & Service,00010208021002,Modern Group Power Systems, 3480 Board Road,,York,PA ,17402,USA,,800-404-7291,"Sales,Service,Up To 2MW,Mobile/Diesel/Gas,"
10517,Industrial/Commercial Sales & Service,00010134071002,PEAK POWER SYSTEMS, 99 SPRAGUE AVENUE,,MIDDLETOWN,NY ,10940,USA,www.peakpowersystems.com,845-344-1975,"Sales,Service,Up To 600kW,Mobile/Diesel/Gas,Rental,"
10517,Industrial/Commercial Sales & Service,00111209531002,HUNTINGTON POWER - LONG ISLAND, PO BOX 2040,,SHELTON,CT ,06484,USA,,631-586-7513,"Sales,"
10517,Industrial/Commercial Sales & Service,00010001761002,"GENSERVE, INC.", 100 NEWTOWN RD,,PLAINVIEW,NY ,11803,USA,www.genserveinc.com,631-435-0437,"Service,"
10517,Industrial/Commercial Sales & Service,00111209521002,LONG ISLAND EMERGENCY POWER -QO, 2 Ocean Avenue,,DEER PARK,NY ,11729,USA,,631-586-7513,"Sales,"
10517,Industrial/Commercial Sales & Service,00010139211002,POWERPRO SERVICE CO. INC., 608 JOHNSON AVE. UNIT 6,,BOHEMIA,NY ,11716,USA,,631-567-2700,"Sales,Service,Up To 600kW,Mobile/Diesel/Gas,"
10517,Industrial/Commercial Sales & Service,00010001761002,"GENSERVE, INC.", 115A TWINBRIDGE DR.,,PENNSAUKEN,NJ ,08110,USA,www.genserveinc.com,856-324-0459,"Service,"
10517,Industrial/Commercial Sales & Service,00010001621002,BROOKFIELD SERVICE, 708 GLEBE ROAD,,WESTMORELAND,NH ,03467,USA,www.brookfieldservice.com,802-485-6567,"Service,Up To 600kW,Mobile/Diesel/Gas,"
10517,Industrial/Commercial Sales & Service,00111184131002,HUNTER & LOMISON, 1956 W FOURTH ST,,WILLIAMSPORT,PA ,17701,USA,www.hunterlomison.com,570-326-1764,"Sales,Service,Up To 600kW,Mobile/Diesel/Gas,Rental,"
10517,Industrial/Commercial Sales & Service,00010000881002,HUNTER & LOMISON INC., 1956 W. 4TH STREET,,WILLIAMSPORT,PA ,17701,USA,www.hunterlomison.com,570-326-1764,"Service,Up To 600kW,Mobile/Diesel/Gas,"
10517,Industrial/Commercial Sales & Service,00010021101002,SOUTH SHORE GENERATOR INC-Quote, 2696A CRANBERRY HWY,,WAREHAM,MA ,02571,USA,,508-295-7336,"Sales,Service,Up To 600kW,Mobile/Diesel/Gas,"
10517,Industrial/Commercial Sales & Service,00010001701002,SOUTH SHORE GENERATOR INC, ,,EAST WAREHAM,MA ,02538,USA,,508-295-7336,"Financing,Sales,Service,Up To 600kW,Mobile/Diesel/Gas,"
10517,Industrial/Commercial Sales & Service,00111207431002,WARSHAUER ELECTRIC SUPPLY CO INC, 800 SHREWSBURY AVE,,TINTON FALLS,NJ ,07724,USA,www.warshauer.com,732-741-6400,"Service,"
10517,Industrial/Commercial Sales & Service,00010157021002,Mechanical Service Co, 1145 Oak St.,,Pittston,PA ,18640,USA,,570-654-2445,"Service,"
10518,Industrial/Commercial Sales & Service,00010214161002,"R.L. KISTLER, INC.", 35 HAMILTON LANE,,GLENMONT,NY ,12077,USA,,585-436-1940,"Sales,Service,"
10518,Industrial/Commercial Sales & Service,00010214161002,"R.L. Kistler, Inc", 300 Mile Crossing Blvd.,,Rochester,NY ,14624,USA,rlkistler.com,585-436-1940,"Sales,"
10518,Industrial/Commercial Sales & Service,00010001611002,Huntington Power, 230 Long Hill Cross Rd,,Shelton,CT ,06484,USA,www.huntingtonpower.com,203-929-3203,"Sales,Service,Up To 2MW,Mobile/Diesel/Gas,Training,Rental,"
10518,Industrial/Commercial Sales & Service,00010214161002,"R.L. Kistler, Inc", 5615 Business Ave.,,N. Syracuse,NY ,13208,USA,,315-458-2875,"Sales,"
10518,Industrial/Commercial Sales & Service,00010214161002,"R.L. Kistler, Inc", 5615 Business Ave.,,N. Syracuse,NY ,13208,USA,,315-458-2875,"Sales,"
10518,Industrial/Commercial Sales & Service,00010001611002,Huntington Power, 68 Enter Ln,,Islandia,NY ,11749,USA,,631-563-4943,"Sales,Service,Up To 2MW,Mobile/Diesel/Gas,"
10518,Industrial/Commercial Sales & Service,00010001611002,Huntington Power, 34 E DUDLEY TOWN RD.,,BLOOMFIELD,CT ,06002,USA,,860-289-8790,"Sales,Service,Rental,"
10518,Industrial/Commercial Sales & Service,00010208021002,Modern Group Power Systems, 2501 Durham Road,,Bristol,PA ,19007,USA,www.moderngroup.com,800-404-7291,"Sales,Service,Up To 2MW,Mobile/Diesel/Gas,Training,Rental,"
10518,Industrial/Commercial Sales & Service,00010001731002,Authorized Services Of New England, 410 Forest Street,,Marlborough,MA ,01752,USA,www.asne.com,888-890-9886,"Financing,Sales,Service,Up To 2MW,Mobile/Diesel/Gas,Training,Rental,"
10518,Industrial/Commercial Sales & Service,00010008091002,MODERN HANDLING EQUIP, 75 NEW STREET,,EDISON,NJ ,08837,USA,www.moderngroup.com,800-779-5116,"Sales,Service,Up To 2MW,Mobile/Diesel/Gas,"
10518,Industrial/Commercial Sales & Service,00010000931002,"EMERGENCY POWER SYSTEMS, LLC", 35 HAMILTON LANE,,GLENMONT,NY ,12077,USA,,800-914-1465,"Service,Up To 2MW,Mobile/Diesel/Gas,"
10518,Industrial/Commercial Sales & Service,00010000931002,"EMERGENCY POWER SYSTEMS, LLC", 35 HAMILTON LANE,,GLENMONT,NY ,12077,USA,,800-914-1465,"Service,"
10518,Industrial/Commercial Sales & Service,00010208021002,Modern Group Power Systems, 6352 Chapmans Rd,,Allentown,PA ,18106,USA,,800-404-7291,"Sales,Service,Up To 2MW,Mobile/Diesel/Gas,"
10518,Industrial/Commercial Sales & Service,00010208021002,Modern Group Power Systems, 295 New Commerce Blvd.,,Wilkes Barre,PA ,18706,USA,,800-404-7291,"Sales,Service,Up To 2MW,Mobile/Diesel/Gas,"
10518,Industrial/Commercial Sales & Service,00010208021002,Modern Group Power Systems, 200 Allied Parkway,,West Berlin,NJ ,08091,USA,,800-404-7291,"Sales,Service,Up To 2MW,Mobile/Diesel/Gas,"
10518,Industrial/Commercial Sales & Service,00010001731002,AUTHORIZED SERVICES OF NEW ENGLAND, 410 FOREST STREET,,MARLBOROUGH,MA ,01752,USA,,888-890-9886,"Sales,"
10518,Industrial/Commercial Sales & Service,00010208021002,Modern Group Power Systems, 66A South Gate Blvd.,,New Castle,DE ,19720,USA,,800-404-7291,"Sales,Service,Up To 2MW,Mobile/Diesel/Gas,"
10518,Industrial/Commercial Sales & Service,00010208021002,Modern Group Power Systems, 3480 Board Road,,York,PA ,17402,USA,,800-404-7291,"Sales,Service,Up To 2MW,Mobile/Diesel/Gas,"
10518,Industrial/Commercial Sales & Service,00111209531002,HUNTINGTON POWER - LONG ISLAND, PO BOX 2040,,SHELTON,CT ,06484,USA,,631-586-7513,"Sales,"
10518,Industrial/Commercial Sales & Service,00010001761002,"GENSERVE, INC.", 100 NEWTOWN RD,,PLAINVIEW,NY ,11803,USA,www.genserveinc.com,631-435-0437,"Service,"
10518,Industrial/Commercial Sales & Service,00111209521002,LONG ISLAND EMERGENCY POWER -QO, 2 Ocean Avenue,,DEER PARK,NY ,11729,USA,,631-586-7513,"Sales,"
10518,Industrial/Commercial Sales & Service,00010139211002,POWERPRO SERVICE CO. INC., 608 JOHNSON AVE. UNIT 6,,BOHEMIA,NY ,11716,USA,,631-567-2700,"Sales,Service,Up To 600kW,Mobile/Diesel/Gas,"
10518,Industrial/Commercial Sales & Service,00010134071002,PEAK POWER SYSTEMS, 99 SPRAGUE AVENUE,,MIDDLETOWN,NY ,10940,USA,www.peakpowersystems.com,845-344-1975,"Sales,Service,Up To 600kW,Mobile/Diesel/Gas,Rental,"
10518,Industrial/Commercial Sales & Service,00010001761002,"GENSERVE, INC.", 115A TWINBRIDGE DR.,,PENNSAUKEN,NJ ,08110,USA,www.genserveinc.com,856-324-0459,"Service,"
10518,Industrial/Commercial Sales & Service,00010001621002,BROOKFIELD SERVICE, 708 GLEBE ROAD,,WESTMORELAND,NH ,03467,USA,www.brookfieldservice.com,802-485-6567,"Service,Up To 600kW,Mobile/Diesel/Gas,"
10518,Industrial/Commercial Sales & Service,00010021101002,SOUTH SHORE GENERATOR INC-Quote, 2696A CRANBERRY HWY,,WAREHAM,MA ,02571,USA,,508-295-7336,"Sales,Service,Up To 600kW,Mobile/Diesel/Gas,"
10518,Industrial/Commercial Sales & Service,00010001701002,SOUTH SHORE GENERATOR INC, ,,EAST WAREHAM,MA ,02538,USA,,508-295-7336,"Financing,Sales,Service,Up To 600kW,Mobile/Diesel/Gas,"
10518,Industrial/Commercial Sales & Service,00111184131002,HUNTER & LOMISON, 1956 W FOURTH ST,,WILLIAMSPORT,PA ,17701,USA,www.hunterlomison.com,570-326-1764,"Sales,Service,Up To 600kW,Mobile/Diesel/Gas,Rental,"
10518,Industrial/Commercial Sales & Service,00010000881002,HUNTER & LOMISON INC., 1956 W. 4TH STREET,,WILLIAMSPORT,PA ,17701,USA,www.hunterlomison.com,570-326-1764,"Service,Up To 600kW,Mobile/Diesel/Gas,"
10518,Industrial/Commercial Sales & Service,00111207431002,WARSHAUER ELECTRIC SUPPLY CO INC, 800 SHREWSBURY AVE,,TINTON FALLS,NJ ,07724,USA,www.warshauer.com,732-741-6400,"Service,"
10518,Industrial/Commercial Sales & Service,00010157021002,Mechanical Service Co, 1145 Oak St.,,Pittston,PA ,18640,USA,,570-654-2445,"Service,"
10519,Industrial/Commercial Sales & Service,00010214161002,"R.L. Kistler, Inc", 300 Mile Crossing Blvd.,,Rochester,NY ,14624,USA,rlkistler.com,585-436-1940,"Sales,"
10519,Industrial/Commercial Sales & Service,00010001611002,Huntington Power, 230 Long Hill Cross Rd,,Shelton,CT ,06484,USA,www.huntingtonpower.com,203-929-3203,"Sales,Service,Up To 2MW,Mobile/Diesel/Gas,Training,Rental,"
10519,Industrial/Commercial Sales & Service,00010214161002,"R.L. KISTLER, INC.", 35 HAMILTON LANE,,GLENMONT,NY ,12077,USA,,585-436-1940,"Sales,Service,"
10519,Industrial/Commercial Sales & Service,00010214161002,"R.L. Kistler, Inc", 5615 Business Ave.,,N. Syracuse,NY ,13208,USA,,315-458-2875,"Sales,"
10519,Industrial/Commercial Sales & Service,00010001611002,Huntington Power, 68 Enter Ln,,Islandia,NY ,11749,USA,,631-563-4943,"Sales,Service,Up To 2MW,Mobile/Diesel/Gas,"
10519,Industrial/Commercial Sales & Service,00010001611002,Huntington Power, 34 E DUDLEY TOWN RD.,,BLOOMFIELD,CT ,06002,USA,,860-289-8790,"Sales,Service,Rental,"
10519,Industrial/Commercial Sales & Service,00010214161002,"R.L. Kistler, Inc", 5615 Business Ave.,,N. Syracuse,NY ,13208,USA,,315-458-2875,"Sales,"
10519,Industrial/Commercial Sales & Service,00010208021002,Modern Group Power Systems, 2501 Durham Road,,Bristol,PA ,19007,USA,www.moderngroup.com,800-404-7291,"Sales,Service,Up To 2MW,Mobile/Diesel/Gas,Training,Rental,"
10519,Industrial/Commercial Sales & Service,00010001731002,Authorized Services Of New England, 410 Forest Street,,Marlborough,MA ,01752,USA,www.asne.com,888-890-9886,"Financing,Sales,Service,Up To 2MW,Mobile/Diesel/Gas,Training,Rental,"
10519,Industrial/Commercial Sales & Service,00010008091002,MODERN HANDLING EQUIP, 75 NEW STREET,,EDISON,NJ ,08837,USA,www.moderngroup.com,800-779-5116,"Sales,Service,Up To 2MW,Mobile/Diesel/Gas,"
10519,Industrial/Commercial Sales & Service,00010000931002,"EMERGENCY POWER SYSTEMS, LLC", 35 HAMILTON LANE,,GLENMONT,NY ,12077,USA,,800-914-1465,"Service,Up To 2MW,Mobile/Diesel/Gas,"
10519,Industrial/Commercial Sales & Service,00010000931002,"EMERGENCY POWER SYSTEMS, LLC", 35 HAMILTON LANE,,GLENMONT,NY ,12077,USA,,800-914-1465,"Service,"
10519,Industrial/Commercial Sales & Service,00010208021002,Modern Group Power Systems, 6352 Chapmans Rd,,Allentown,PA ,18106,USA,,800-404-7291,"Sales,Service,Up To 2MW,Mobile/Diesel/Gas,"
10519,Industrial/Commercial Sales & Service,00010208021002,Modern Group Power Systems, 295 New Commerce Blvd.,,Wilkes Barre,PA ,18706,USA,,800-404-7291,"Sales,Service,Up To 2MW,Mobile/Diesel/Gas,"
10519,Industrial/Commercial Sales & Service,00010208021002,Modern Group Power Systems, 200 Allied Parkway,,West Berlin,NJ ,08091,USA,,800-404-7291,"Sales,Service,Up To 2MW,Mobile/Diesel/Gas,"
10519,Industrial/Commercial Sales & Service,00010001731002,AUTHORIZED SERVICES OF NEW ENGLAND, 410 FOREST STREET,,MARLBOROUGH,MA ,01752,USA,,888-890-9886,"Sales,"
10519,Industrial/Commercial Sales & Service,00010208021002,Modern Group Power Systems, 66A South Gate Blvd.,,New Castle,DE ,19720,USA,,800-404-7291,"Sales,Service,Up To 2MW,Mobile/Diesel/Gas,"
10519,Industrial/Commercial Sales & Service,00010208021002,Modern Group Power Systems, 3480 Board Road,,York,PA ,17402,USA,,800-404-7291,"Sales,Service,Up To 2MW,Mobile/Diesel/Gas,"
10519,Industrial/Commercial Sales & Service,00111209531002,HUNTINGTON POWER - LONG ISLAND, PO BOX 2040,,SHELTON,CT ,06484,USA,,631-586-7513,"Sales,"
10519,Industrial/Commercial Sales & Service,00010134071002,PEAK POWER SYSTEMS, 99 SPRAGUE AVENUE,,MIDDLETOWN,NY ,10940,USA,www.peakpowersystems.com,845-344-1975,"Sales,Service,Up To 600kW,Mobile/Diesel/Gas,Rental,"
10519,Industrial/Commercial Sales & Service,00010001761002,"GENSERVE, INC.", 100 NEWTOWN RD,,PLAINVIEW,NY ,11803,USA,www.genserveinc.com,631-435-0437,"Service,"
10519,Industrial/Commercial Sales & Service,00111209521002,LONG ISLAND EMERGENCY POWER -QO, 2 Ocean Avenue,,DEER PARK,NY ,11729,USA,,631-586-7513,"Sales,"
10519,Industrial/Commercial Sales & Service,00010139211002,POWERPRO SERVICE CO. INC., 608 JOHNSON AVE. UNIT 6,,BOHEMIA,NY ,11716,USA,,631-567-2700,"Sales,Service,Up To 600kW,Mobile/Diesel/Gas,"
10519,Industrial/Commercial Sales & Service,00010001761002,"GENSERVE, INC.", 115A TWINBRIDGE DR.,,PENNSAUKEN,NJ ,08110,USA,www.genserveinc.com,856-324-0459,"Service,"
10519,Industrial/Commercial Sales & Service,00010001621002,BROOKFIELD SERVICE, 708 GLEBE ROAD,,WESTMORELAND,NH ,03467,USA,www.brookfieldservice.com,802-485-6567,"Service,Up To 600kW,Mobile/Diesel/Gas,"
10519,Industrial/Commercial Sales & Service,00010021101002,SOUTH SHORE GENERATOR INC-Quote, 2696A CRANBERRY HWY,,WAREHAM,MA ,02571,USA,,508-295-7336,"Sales,Service,Up To 600kW,Mobile/Diesel/Gas,"
10519,Industrial/Commercial Sales & Service,00010001701002,SOUTH SHORE GENERATOR INC, ,,EAST WAREHAM,MA ,02538,USA,,508-295-7336,"Financing,Sales,Service,Up To 600kW,Mobile/Diesel/Gas,"
10519,Industrial/Commercial Sales & Service,00111184131002,HUNTER & LOMISON, 1956 W FOURTH ST,,WILLIAMSPORT,PA ,17701,USA,www.hunterlomison.com,570-326-1764,"Sales,Service,Up To 600kW,Mobile/Diesel/Gas,Rental,"
10519,Industrial/Commercial Sales & Service,00010000881002,HUNTER & LOMISON INC., 1956 W. 4TH STREET,,WILLIAMSPORT,PA ,17701,USA,www.hunterlomison.com,570-326-1764,"Service,Up To 600kW,Mobile/Diesel/Gas,"
10519,Industrial/Commercial Sales & Service,00111207431002,WARSHAUER ELECTRIC SUPPLY CO INC, 800 SHREWSBURY AVE,,TINTON FALLS,NJ ,07724,USA,www.warshauer.com,732-741-6400,"Service,"
10519,Industrial/Commercial Sales & Service,00010157021002,Mechanical Service Co, 1145 Oak St.,,Pittston,PA ,18640,USA,,570-654-2445,"Service,"
10520,Industrial/Commercial Sales & Service,00010001611002,Huntington Power, 230 Long Hill Cross Rd,,Shelton,CT ,06484,USA,www.huntingtonpower.com,203-929-3203,"Sales,Service,Up To 2MW,Mobile/Diesel/Gas,Training,Rental,"
10520,Industrial/Commercial Sales & Service,00010214161002,"R.L. KISTLER, INC.", 35 HAMILTON LANE,,GLENMONT,NY ,12077,USA,,585-436-1940,"Sales,Service,"
10520,Industrial/Commercial Sales & Service,00010214161002,"R.L. Kistler, Inc", 300 Mile Crossing Blvd.,,Rochester,NY ,14624,USA,rlkistler.com,585-436-1940,"Sales,"
10520,Industrial/Commercial Sales & Service,00010001611002,Huntington Power, 68 Enter Ln,,Islandia,NY ,11749,USA,,631-563-4943,"Sales,Service,Up To 2MW,Mobile/Diesel/Gas,"
10520,Industrial/Commercial Sales & Service,00010001611002,Huntington Power, 34 E DUDLEY TOWN RD.,,BLOOMFIELD,CT ,06002,USA,,860-289-8790,"Sales,Service,Rental,"
10520,Industrial/Commercial Sales & Service,00010214161002,"R.L. Kistler, Inc", 5615 Business Ave.,,N. Syracuse,NY ,13208,USA,,315-458-2875,"Sales,"
10520,Industrial/Commercial Sales & Service,00010214161002,"R.L. Kistler, Inc", 5615 Business Ave.,,N. Syracuse,NY ,13208,USA,,315-458-2875,"Sales,"
10520,Industrial/Commercial Sales & Service,00010208021002,Modern Group Power Systems, 2501 Durham Road,,Bristol,PA ,19007,USA,www.moderngroup.com,800-404-7291,"Sales,Service,Up To 2MW,Mobile/Diesel/Gas,Training,Rental,"
10520,Industrial/Commercial Sales & Service,00010001731002,Authorized Services Of New England, 410 Forest Street,,Marlborough,MA ,01752,USA,www.asne.com,888-890-9886,"Financing,Sales,Service,Up To 2MW,Mobile/Diesel/Gas,Training,Rental,"
10520,Industrial/Commercial Sales & Service,00010008091002,MODERN HANDLING EQUIP, 75 NEW STREET,,EDISON,NJ ,08837,USA,www.moderngroup.com,800-779-5116,"Sales,Service,Up To 2MW,Mobile/Diesel/Gas,"
10520,Industrial/Commercial Sales & Service,00010000931002,"EMERGENCY POWER SYSTEMS, LLC", 35 HAMILTON LANE,,GLENMONT,NY ,12077,USA,,800-914-1465,"Service,Up To 2MW,Mobile/Diesel/Gas,"
10520,Industrial/Commercial Sales & Service,00010000931002,"EMERGENCY POWER SYSTEMS, LLC", 35 HAMILTON LANE,,GLENMONT,NY ,12077,USA,,800-914-1465,"Service,"
10520,Industrial/Commercial Sales & Service,00010208021002,Modern Group Power Systems, 6352 Chapmans Rd,,Allentown,PA ,18106,USA,,800-404-7291,"Sales,Service,Up To 2MW,Mobile/Diesel/Gas,"
10520,Industrial/Commercial Sales & Service,00010208021002,Modern Group Power Systems, 295 New Commerce Blvd.,,Wilkes Barre,PA ,18706,USA,,800-404-7291,"Sales,Service,Up To 2MW,Mobile/Diesel/Gas,"
10520,Industrial/Commercial Sales & Service,00010208021002,Modern Group Power Systems, 200 Allied Parkway,,West Berlin,NJ ,08091,USA,,800-404-7291,"Sales,Service,Up To 2MW,Mobile/Diesel/Gas,"
10520,Industrial/Commercial Sales & Service,00010208021002,Modern Group Power Systems, 66A South Gate Blvd.,,New Castle,DE ,19720,USA,,800-404-7291,"Sales,Service,Up To 2MW,Mobile/Diesel/Gas,"
10520,Industrial/Commercial Sales & Service,00010001731002,AUTHORIZED SERVICES OF NEW ENGLAND, 410 FOREST STREET,,MARLBOROUGH,MA ,01752,USA,,888-890-9886,"Sales,"
10520,Industrial/Commercial Sales & Service,00010208021002,Modern Group Power Systems, 3480 Board Road,,York,PA ,17402,USA,,800-404-7291,"Sales,Service,Up To 2MW,Mobile/Diesel/Gas,"
10520,Industrial/Commercial Sales & Service,00010134071002,PEAK POWER SYSTEMS, 99 SPRAGUE AVENUE,,MIDDLETOWN,NY ,10940,USA,www.peakpowersystems.com,845-344-1975,"Sales,Service,Up To 600kW,Mobile/Diesel/Gas,Rental,"
10520,Industrial/Commercial Sales & Service,00010001761002,"GENSERVE, INC.", 100 NEWTOWN RD,,PLAINVIEW,NY ,11803,USA,www.genserveinc.com,631-435-0437,"Service,"
10520,Industrial/Commercial Sales & Service,00111209531002,HUNTINGTON POWER - LONG ISLAND, PO BOX 2040,,SHELTON,CT ,06484,USA,,631-586-7513,"Sales,"
10520,Industrial/Commercial Sales & Service,00111209521002,LONG ISLAND EMERGENCY POWER -QO, 2 Ocean Avenue,,DEER PARK,NY ,11729,USA,,631-586-7513,"Sales,"
10520,Industrial/Commercial Sales & Service,00010139211002,POWERPRO SERVICE CO. INC., 608 JOHNSON AVE. UNIT 6,,BOHEMIA,NY ,11716,USA,,631-567-2700,"Sales,Service,Up To 600kW,Mobile/Diesel/Gas,"
10520,Industrial/Commercial Sales & Service,00010001761002,"GENSERVE, INC.", 115A TWINBRIDGE DR.,,PENNSAUKEN,NJ ,08110,USA,www.genserveinc.com,856-324-0459,"Service,"
10520,Industrial/Commercial Sales & Service,00010001621002,BROOKFIELD SERVICE, 708 GLEBE ROAD,,WESTMORELAND,NH ,03467,USA,www.brookfieldservice.com,802-485-6567,"Service,Up To 600kW,Mobile/Diesel/Gas,"
10520,Industrial/Commercial Sales & Service,00111184131002,HUNTER & LOMISON, 1956 W FOURTH ST,,WILLIAMSPORT,PA ,17701,USA,www.hunterlomison.com,570-326-1764,"Sales,Service,Up To 600kW,Mobile/Diesel/Gas,Rental,"
10520,Industrial/Commercial Sales & Service,00010000881002,HUNTER & LOMISON INC., 1956 W. 4TH STREET,,WILLIAMSPORT,PA ,17701,USA,www.hunterlomison.com,570-326-1764,"Service,Up To 600kW,Mobile/Diesel/Gas,"
10520,Industrial/Commercial Sales & Service,00010021101002,SOUTH SHORE GENERATOR INC-Quote, 2696A CRANBERRY HWY,,WAREHAM,MA ,02571,USA,,508-295-7336,"Sales,Service,Up To 600kW,Mobile/Diesel/Gas,"
10520,Industrial/Commercial Sales & Service,00010001701002,SOUTH SHORE GENERATOR INC, ,,EAST WAREHAM,MA ,02538,USA,,508-295-7336,"Financing,Sales,Service,Up To 600kW,Mobile/Diesel/Gas,"
10520,Industrial/Commercial Sales & Service,00111207431002,WARSHAUER ELECTRIC SUPPLY CO INC, 800 SHREWSBURY AVE,,TINTON FALLS,NJ ,07724,USA,www.warshauer.com,732-741-6400,"Service,"
10520,Industrial/Commercial Sales & Service,00010157021002,Mechanical Service Co, 1145 Oak St.,,Pittston,PA ,18640,USA,,570-654-2445,"Service,"
10521,Industrial/Commercial Sales & Service,00010001611002,Huntington Power, 230 Long Hill Cross Rd,,Shelton,CT ,06484,USA,www.huntingtonpower.com,203-929-3203,"Sales,Service,Up To 2MW,Mobile/Diesel/Gas,Training,Rental,"
10521,Industrial/Commercial Sales & Service,00010214161002,"R.L. KISTLER, INC.", 35 HAMILTON LANE,,GLENMONT,NY ,12077,USA,,585-436-1940,"Sales,Service,"
10521,Industrial/Commercial Sales & Service,00010214161002,"R.L. Kistler, Inc", 300 Mile Crossing Blvd.,,Rochester,NY ,14624,USA,rlkistler.com,585-436-1940,"Sales,"
10521,Industrial/Commercial Sales & Service,00010001611002,Huntington Power, 68 Enter Ln,,Islandia,NY ,11749,USA,,631-563-4943,"Sales,Service,Up To 2MW,Mobile/Diesel/Gas,"
10521,Industrial/Commercial Sales & Service,00010001611002,Huntington Power, 34 E DUDLEY TOWN RD.,,BLOOMFIELD,CT ,06002,USA,,860-289-8790,"Sales,Service,Rental,"
10521,Industrial/Commercial Sales & Service,00010214161002,"R.L. Kistler, Inc", 5615 Business Ave.,,N. Syracuse,NY ,13208,USA,,315-458-2875,"Sales,"
10521,Industrial/Commercial Sales & Service,00010214161002,"R.L. Kistler, Inc", 5615 Business Ave.,,N. Syracuse,NY ,13208,USA,,315-458-2875,"Sales,"
10521,Industrial/Commercial Sales & Service,00010208021002,Modern Group Power Systems, 2501 Durham Road,,Bristol,PA ,19007,USA,www.moderngroup.com,800-404-7291,"Sales,Service,Up To 2MW,Mobile/Diesel/Gas,Training,Rental,"
10521,Industrial/Commercial Sales & Service,00010001731002,Authorized Services Of New England, 410 Forest Street,,Marlborough,MA ,01752,USA,www.asne.com,888-890-9886,"Financing,Sales,Service,Up To 2MW,Mobile/Diesel/Gas,Training,Rental,"
10521,Industrial/Commercial Sales & Service,00010008091002,MODERN HANDLING EQUIP, 75 NEW STREET,,EDISON,NJ ,08837,USA,www.moderngroup.com,800-779-5116,"Sales,Service,Up To 2MW,Mobile/Diesel/Gas,"
10521,Industrial/Commercial Sales & Service,00010000931002,"EMERGENCY POWER SYSTEMS, LLC", 35 HAMILTON LANE,,GLENMONT,NY ,12077,USA,,800-914-1465,"Service,Up To 2MW,Mobile/Diesel/Gas,"
10521,Industrial/Commercial Sales & Service,00010000931002,"EMERGENCY POWER SYSTEMS, LLC", 35 HAMILTON LANE,,GLENMONT,NY ,12077,USA,,800-914-1465,"Service,"
10521,Industrial/Commercial Sales & Service,00010208021002,Modern Group Power Systems, 6352 Chapmans Rd,,Allentown,PA ,18106,USA,,800-404-7291,"Sales,Service,Up To 2MW,Mobile/Diesel/Gas,"
10521,Industrial/Commercial Sales & Service,00010208021002,Modern Group Power Systems, 295 New Commerce Blvd.,,Wilkes Barre,PA ,18706,USA,,800-404-7291,"Sales,Service,Up To 2MW,Mobile/Diesel/Gas,"
10521,Industrial/Commercial Sales & Service,00010208021002,Modern Group Power Systems, 200 Allied Parkway,,West Berlin,NJ ,08091,USA,,800-404-7291,"Sales,Service,Up To 2MW,Mobile/Diesel/Gas,"
10521,Industrial/Commercial Sales & Service,00010208021002,Modern Group Power Systems, 66A South Gate Blvd.,,New Castle,DE ,19720,USA,,800-404-7291,"Sales,Service,Up To 2MW,Mobile/Diesel/Gas,"
10521,Industrial/Commercial Sales & Service,00010001731002,AUTHORIZED SERVICES OF NEW ENGLAND, 410 FOREST STREET,,MARLBOROUGH,MA ,01752,USA,,888-890-9886,"Sales,"
10521,Industrial/Commercial Sales & Service,00010208021002,Modern Group Power Systems, 3480 Board Road,,York,PA ,17402,USA,,800-404-7291,"Sales,Service,Up To 2MW,Mobile/Diesel/Gas,"
10521,Industrial/Commercial Sales & Service,00010134071002,PEAK POWER SYSTEMS, 99 SPRAGUE AVENUE,,MIDDLETOWN,NY ,10940,USA,www.peakpowersystems.com,845-344-1975,"Sales,Service,Up To 600kW,Mobile/Diesel/Gas,Rental,"
10521,Industrial/Commercial Sales & Service,00010001761002,"GENSERVE, INC.", 100 NEWTOWN RD,,PLAINVIEW,NY ,11803,USA,www.genserveinc.com,631-435-0437,"Service,"
10521,Industrial/Commercial Sales & Service,00111209531002,HUNTINGTON POWER - LONG ISLAND, PO BOX 2040,,SHELTON,CT ,06484,USA,,631-586-7513,"Sales,"
10521,Industrial/Commercial Sales & Service,00111209521002,LONG ISLAND EMERGENCY POWER -QO, 2 Ocean Avenue,,DEER PARK,NY ,11729,USA,,631-586-7513,"Sales,"
10521,Industrial/Commercial Sales & Service,00010139211002,POWERPRO SERVICE CO. INC., 608 JOHNSON AVE. UNIT 6,,BOHEMIA,NY ,11716,USA,,631-567-2700,"Sales,Service,Up To 600kW,Mobile/Diesel/Gas,"
10521,Industrial/Commercial Sales & Service,00010001761002,"GENSERVE, INC.", 115A TWINBRIDGE DR.,,PENNSAUKEN,NJ ,08110,USA,www.genserveinc.com,856-324-0459,"Service,"
10521,Industrial/Commercial Sales & Service,00010001621002,BROOKFIELD SERVICE, 708 GLEBE ROAD,,WESTMORELAND,NH ,03467,USA,www.brookfieldservice.com,802-485-6567,"Service,Up To 600kW,Mobile/Diesel/Gas,"
10521,Industrial/Commercial Sales & Service,00111184131002,HUNTER & LOMISON, 1956 W FOURTH ST,,WILLIAMSPORT,PA ,17701,USA,www.hunterlomison.com,570-326-1764,"Sales,Service,Up To 600kW,Mobile/Diesel/Gas,Rental,"
10521,Industrial/Commercial Sales & Service,00010000881002,HUNTER & LOMISON INC., 1956 W. 4TH STREET,,WILLIAMSPORT,PA ,17701,USA,www.hunterlomison.com,570-326-1764,"Service,Up To 600kW,Mobile/Diesel/Gas,"
10521,Industrial/Commercial Sales & Service,00010021101002,SOUTH SHORE GENERATOR INC-Quote, 2696A CRANBERRY HWY,,WAREHAM,MA ,02571,USA,,508-295-7336,"Sales,Service,Up To 600kW,Mobile/Diesel/Gas,"
10521,Industrial/Commercial Sales & Service,00010001701002,SOUTH SHORE GENERATOR INC, ,,EAST WAREHAM,MA ,02538,USA,,508-295-7336,"Financing,Sales,Service,Up To 600kW,Mobile/Diesel/Gas,"
10521,Industrial/Commercial Sales & Service,00111207431002,WARSHAUER ELECTRIC SUPPLY CO INC, 800 SHREWSBURY AVE,,TINTON FALLS,NJ ,07724,USA,www.warshauer.com,732-741-6400,"Service,"
10521,Industrial/Commercial Sales & Service,00010157021002,Mechanical Service Co, 1145 Oak St.,,Pittston,PA ,18640,USA,,570-654-2445,"Service,"
10522,Industrial/Commercial Sales & Service,00010214161002,"R.L. KISTLER, INC.", 35 HAMILTON LANE,,GLENMONT,NY ,12077,USA,,585-436-1940,"Sales,Service,"
10522,Industrial/Commercial Sales & Service,00010214161002,"R.L. Kistler, Inc", 300 Mile Crossing Blvd.,,Rochester,NY ,14624,USA,rlkistler.com,585-436-1940,"Sales,"
10522,Industrial/Commercial Sales & Service,00010001611002,Huntington Power, 230 Long Hill Cross Rd,,Shelton,CT ,06484,USA,www.huntingtonpower.com,203-929-3203,"Sales,Service,Up To 2MW,Mobile/Diesel/Gas,Training,Rental,"
10522,Industrial/Commercial Sales & Service,00010214161002,"R.L. Kistler, Inc", 5615 Business Ave.,,N. Syracuse,NY ,13208,USA,,315-458-2875,"Sales,"
10522,Industrial/Commercial Sales & Service,00010214161002,"R.L. Kistler, Inc", 5615 Business Ave.,,N. Syracuse,NY ,13208,USA,,315-458-2875,"Sales,"
10522,Industrial/Commercial Sales & Service,00010001611002,Huntington Power, 68 Enter Ln,,Islandia,NY ,11749,USA,,631-563-4943,"Sales,Service,Up To 2MW,Mobile/Diesel/Gas,"
10522,Industrial/Commercial Sales & Service,00010001611002,Huntington Power, 34 E DUDLEY TOWN RD.,,BLOOMFIELD,CT ,06002,USA,,860-289-8790,"Sales,Service,Rental,"
10522,Industrial/Commercial Sales & Service,00010208021002,Modern Group Power Systems, 2501 Durham Road,,Bristol,PA ,19007,USA,www.moderngroup.com,800-404-7291,"Sales,Service,Up To 2MW,Mobile/Diesel/Gas,Training,Rental,"
10522,Industrial/Commercial Sales & Service,00010001731002,Authorized Services Of New England, 410 Forest Street,,Marlborough,MA ,01752,USA,www.asne.com,888-890-9886,"Financing,Sales,Service,Up To 2MW,Mobile/Diesel/Gas,Training,Rental,"
10522,Industrial/Commercial Sales & Service,00010008091002,MODERN HANDLING EQUIP, 75 NEW STREET,,EDISON,NJ ,08837,USA,www.moderngroup.com,800-779-5116,"Sales,Service,Up To 2MW,Mobile/Diesel/Gas,"
10522,Industrial/Commercial Sales & Service,00010208021002,Modern Group Power Systems, 6352 Chapmans Rd,,Allentown,PA ,18106,USA,,800-404-7291,"Sales,Service,Up To 2MW,Mobile/Diesel/Gas,"
10522,Industrial/Commercial Sales & Service,00010208021002,Modern Group Power Systems, 200 Allied Parkway,,West Berlin,NJ ,08091,USA,,800-404-7291,"Sales,Service,Up To 2MW,Mobile/Diesel/Gas,"
10522,Industrial/Commercial Sales & Service,00010000931002,"EMERGENCY POWER SYSTEMS, LLC", 35 HAMILTON LANE,,GLENMONT,NY ,12077,USA,,800-914-1465,"Service,Up To 2MW,Mobile/Diesel/Gas,"
10522,Industrial/Commercial Sales & Service,00010000931002,"EMERGENCY POWER SYSTEMS, LLC", 35 HAMILTON LANE,,GLENMONT,NY ,12077,USA,,800-914-1465,"Service,"
10522,Industrial/Commercial Sales & Service,00010208021002,Modern Group Power Systems, 295 New Commerce Blvd.,,Wilkes Barre,PA ,18706,USA,,800-404-7291,"Sales,Service,Up To 2MW,Mobile/Diesel/Gas,"
10522,Industrial/Commercial Sales & Service,00010208021002,Modern Group Power Systems, 66A South Gate Blvd.,,New Castle,DE ,19720,USA,,800-404-7291,"Sales,Service,Up To 2MW,Mobile/Diesel/Gas,"
10522,Industrial/Commercial Sales & Service,00010001731002,AUTHORIZED SERVICES OF NEW ENGLAND, 410 FOREST STREET,,MARLBOROUGH,MA ,01752,USA,,888-890-9886,"Sales,"
10522,Industrial/Commercial Sales & Service,00010208021002,Modern Group Power Systems, 3480 Board Road,,York,PA ,17402,USA,,800-404-7291,"Sales,Service,Up To 2MW,Mobile/Diesel/Gas,"
10522,Industrial/Commercial Sales & Service,00010001761002,"GENSERVE, INC.", 100 NEWTOWN RD,,PLAINVIEW,NY ,11803,USA,www.genserveinc.com,631-435-0437,"Service,"
10522,Industrial/Commercial Sales & Service,00111209521002,LONG ISLAND EMERGENCY POWER -QO, 2 Ocean Avenue,,DEER PARK,NY ,11729,USA,,631-586-7513,"Sales,"
10522,Industrial/Commercial Sales & Service,00010134071002,PEAK POWER SYSTEMS, 99 SPRAGUE AVENUE,,MIDDLETOWN,NY ,10940,USA,www.peakpowersystems.com,845-344-1975,"Sales,Service,Up To 600kW,Mobile/Diesel/Gas,Rental,"
10522,Industrial/Commercial Sales & Service,00010139211002,POWERPRO SERVICE CO. INC., 608 JOHNSON AVE. UNIT 6,,BOHEMIA,NY ,11716,USA,,631-567-2700,"Sales,Service,Up To 600kW,Mobile/Diesel/Gas,"
10522,Industrial/Commercial Sales & Service,00111209531002,HUNTINGTON POWER - LONG ISLAND, PO BOX 2040,,SHELTON,CT ,06484,USA,,631-586-7513,"Sales,"
10522,Industrial/Commercial Sales & Service,00010001761002,"GENSERVE, INC.", 115A TWINBRIDGE DR.,,PENNSAUKEN,NJ ,08110,USA,www.genserveinc.com,856-324-0459,"Service,"
10522,Industrial/Commercial Sales & Service,00010001621002,BROOKFIELD SERVICE, 708 GLEBE ROAD,,WESTMORELAND,NH ,03467,USA,www.brookfieldservice.com,802-485-6567,"Service,Up To 600kW,Mobile/Diesel/Gas,"
10522,Industrial/Commercial Sales & Service,00111184131002,HUNTER & LOMISON, 1956 W FOURTH ST,,WILLIAMSPORT,PA ,17701,USA,www.hunterlomison.com,570-326-1764,"Sales,Service,Up To 600kW,Mobile/Diesel/Gas,Rental,"
10522,Industrial/Commercial Sales & Service,00010000881002,HUNTER & LOMISON INC., 1956 W. 4TH STREET,,WILLIAMSPORT,PA ,17701,USA,www.hunterlomison.com,570-326-1764,"Service,Up To 600kW,Mobile/Diesel/Gas,"
10522,Industrial/Commercial Sales & Service,00010021101002,SOUTH SHORE GENERATOR INC-Quote, 2696A CRANBERRY HWY,,WAREHAM,MA ,02571,USA,,508-295-7336,"Sales,Service,Up To 600kW,Mobile/Diesel/Gas,"
10522,Industrial/Commercial Sales & Service,00010001701002,SOUTH SHORE GENERATOR INC, ,,EAST WAREHAM,MA ,02538,USA,,508-295-7336,"Financing,Sales,Service,Up To 600kW,Mobile/Diesel/Gas,"
10522,Industrial/Commercial Sales & Service,00111207431002,WARSHAUER ELECTRIC SUPPLY CO INC, 800 SHREWSBURY AVE,,TINTON FALLS,NJ ,07724,USA,www.warshauer.com,732-741-6400,"Service,"
10522,Industrial/Commercial Sales & Service,00010157021002,Mechanical Service Co, 1145 Oak St.,,Pittston,PA ,18640,USA,,570-654-2445,"Service,"
10523,Industrial/Commercial Sales & Service,00010214161002,"R.L. KISTLER, INC.", 35 HAMILTON LANE,,GLENMONT,NY ,12077,USA,,585-436-1940,"Sales,Service,"
10523,Industrial/Commercial Sales & Service,00010214161002,"R.L. Kistler, Inc", 300 Mile Crossing Blvd.,,Rochester,NY ,14624,USA,rlkistler.com,585-436-1940,"Sales,"
10523,Industrial/Commercial Sales & Service,00010001611002,Huntington Power, 230 Long Hill Cross Rd,,Shelton,CT ,06484,USA,www.huntingtonpower.com,203-929-3203,"Sales,Service,Up To 2MW,Mobile/Diesel/Gas,Training,Rental,"
10523,Industrial/Commercial Sales & Service,00010214161002,"R.L. Kistler, Inc", 5615 Business Ave.,,N. Syracuse,NY ,13208,USA,,315-458-2875,"Sales,"
10523,Industrial/Commercial Sales & Service,00010214161002,"R.L. Kistler, Inc", 5615 Business Ave.,,N. Syracuse,NY ,13208,USA,,315-458-2875,"Sales,"
10523,Industrial/Commercial Sales & Service,00010001611002,Huntington Power, 68 Enter Ln,,Islandia,NY ,11749,USA,,631-563-4943,"Sales,Service,Up To 2MW,Mobile/Diesel/Gas,"
10523,Industrial/Commercial Sales & Service,00010001611002,Huntington Power, 34 E DUDLEY TOWN RD.,,BLOOMFIELD,CT ,06002,USA,,860-289-8790,"Sales,Service,Rental,"
10523,Industrial/Commercial Sales & Service,00010208021002,Modern Group Power Systems, 2501 Durham Road,,Bristol,PA ,19007,USA,www.moderngroup.com,800-404-7291,"Sales,Service,Up To 2MW,Mobile/Diesel/Gas,Training,Rental,"
10523,Industrial/Commercial Sales & Service,00010001731002,Authorized Services Of New England, 410 Forest Street,,Marlborough,MA ,01752,USA,www.asne.com,888-890-9886,"Financing,Sales,Service,Up To 2MW,Mobile/Diesel/Gas,Training,Rental,"
10523,Industrial/Commercial Sales & Service,00010008091002,MODERN HANDLING EQUIP, 75 NEW STREET,,EDISON,NJ ,08837,USA,www.moderngroup.com,800-779-5116,"Sales,Service,Up To 2MW,Mobile/Diesel/Gas,"
10523,Industrial/Commercial Sales & Service,00010208021002,Modern Group Power Systems, 6352 Chapmans Rd,,Allentown,PA ,18106,USA,,800-404-7291,"Sales,Service,Up To 2MW,Mobile/Diesel/Gas,"
10523,Industrial/Commercial Sales & Service,00010208021002,Modern Group Power Systems, 200 Allied Parkway,,West Berlin,NJ ,08091,USA,,800-404-7291,"Sales,Service,Up To 2MW,Mobile/Diesel/Gas,"
10523,Industrial/Commercial Sales & Service,00010000931002,"EMERGENCY POWER SYSTEMS, LLC", 35 HAMILTON LANE,,GLENMONT,NY ,12077,USA,,800-914-1465,"Service,Up To 2MW,Mobile/Diesel/Gas,"
10523,Industrial/Commercial Sales & Service,00010000931002,"EMERGENCY POWER SYSTEMS, LLC", 35 HAMILTON LANE,,GLENMONT,NY ,12077,USA,,800-914-1465,"Service,"
10523,Industrial/Commercial Sales & Service,00010208021002,Modern Group Power Systems, 295 New Commerce Blvd.,,Wilkes Barre,PA ,18706,USA,,800-404-7291,"Sales,Service,Up To 2MW,Mobile/Diesel/Gas,"
10523,Industrial/Commercial Sales & Service,00010208021002,Modern Group Power Systems, 66A South Gate Blvd.,,New Castle,DE ,19720,USA,,800-404-7291,"Sales,Service,Up To 2MW,Mobile/Diesel/Gas,"
10523,Industrial/Commercial Sales & Service,00010001731002,AUTHORIZED SERVICES OF NEW ENGLAND, 410 FOREST STREET,,MARLBOROUGH,MA ,01752,USA,,888-890-9886,"Sales,"
10523,Industrial/Commercial Sales & Service,00010208021002,Modern Group Power Systems, 3480 Board Road,,York,PA ,17402,USA,,800-404-7291,"Sales,Service,Up To 2MW,Mobile/Diesel/Gas,"
10523,Industrial/Commercial Sales & Service,00010001761002,"GENSERVE, INC.", 100 NEWTOWN RD,,PLAINVIEW,NY ,11803,USA,www.genserveinc.com,631-435-0437,"Service,"
10523,Industrial/Commercial Sales & Service,00111209521002,LONG ISLAND EMERGENCY POWER -QO, 2 Ocean Avenue,,DEER PARK,NY ,11729,USA,,631-586-7513,"Sales,"
10523,Industrial/Commercial Sales & Service,00111209531002,HUNTINGTON POWER - LONG ISLAND, PO BOX 2040,,SHELTON,CT ,06484,USA,,631-586-7513,"Sales,"
10523,Industrial/Commercial Sales & Service,00010134071002,PEAK POWER SYSTEMS, 99 SPRAGUE AVENUE,,MIDDLETOWN,NY ,10940,USA,www.peakpowersystems.com,845-344-1975,"Sales,Service,Up To 600kW,Mobile/Diesel/Gas,Rental,"
10523,Industrial/Commercial Sales & Service,00010139211002,POWERPRO SERVICE CO. INC., 608 JOHNSON AVE. UNIT 6,,BOHEMIA,NY ,11716,USA,,631-567-2700,"Sales,Service,Up To 600kW,Mobile/Diesel/Gas,"
10523,Industrial/Commercial Sales & Service,00010001761002,"GENSERVE, INC.", 115A TWINBRIDGE DR.,,PENNSAUKEN,NJ ,08110,USA,www.genserveinc.com,856-324-0459,"Service,"
10523,Industrial/Commercial Sales & Service,00010001621002,BROOKFIELD SERVICE, 708 GLEBE ROAD,,WESTMORELAND,NH ,03467,USA,www.brookfieldservice.com,802-485-6567,"Service,Up To 600kW,Mobile/Diesel/Gas,"
10523,Industrial/Commercial Sales & Service,00111184131002,HUNTER & LOMISON, 1956 W FOURTH ST,,WILLIAMSPORT,PA ,17701,USA,www.hunterlomison.com,570-326-1764,"Sales,Service,Up To 600kW,Mobile/Diesel/Gas,Rental,"
10523,Industrial/Commercial Sales & Service,00010000881002,HUNTER & LOMISON INC., 1956 W. 4TH STREET,,WILLIAMSPORT,PA ,17701,USA,www.hunterlomison.com,570-326-1764,"Service,Up To 600kW,Mobile/Diesel/Gas,"
10523,Industrial/Commercial Sales & Service,00010021101002,SOUTH SHORE GENERATOR INC-Quote, 2696A CRANBERRY HWY,,WAREHAM,MA ,02571,USA,,508-295-7336,"Sales,Service,Up To 600kW,Mobile/Diesel/Gas,"
10523,Industrial/Commercial Sales & Service,00010001701002,SOUTH SHORE GENERATOR INC, ,,EAST WAREHAM,MA ,02538,USA,,508-295-7336,"Financing,Sales,Service,Up To 600kW,Mobile/Diesel/Gas,"
10523,Industrial/Commercial Sales & Service,00111207431002,WARSHAUER ELECTRIC SUPPLY CO INC, 800 SHREWSBURY AVE,,TINTON FALLS,NJ ,07724,USA,www.warshauer.com,732-741-6400,"Service,"
10523,Industrial/Commercial Sales & Service,00010157021002,Mechanical Service Co, 1145 Oak St.,,Pittston,PA ,18640,USA,,570-654-2445,"Service,"
10524,Industrial/Commercial Sales & Service,00010214161002,"R.L. Kistler, Inc", 300 Mile Crossing Blvd.,,Rochester,NY ,14624,USA,rlkistler.com,585-436-1940,"Sales,"
10524,Industrial/Commercial Sales & Service,00010214161002,"R.L. KISTLER, INC.", 35 HAMILTON LANE,,GLENMONT,NY ,12077,USA,,585-436-1940,"Sales,Service,"
10524,Industrial/Commercial Sales & Service,00010001611002,Huntington Power, 230 Long Hill Cross Rd,,Shelton,CT ,06484,USA,www.huntingtonpower.com,203-929-3203,"Sales,Service,Up To 2MW,Mobile/Diesel/Gas,Training,Rental,"
10524,Industrial/Commercial Sales & Service,00010214161002,"R.L. Kistler, Inc", 5615 Business Ave.,,N. Syracuse,NY ,13208,USA,,315-458-2875,"Sales,"
10524,Industrial/Commercial Sales & Service,00010214161002,"R.L. Kistler, Inc", 5615 Business Ave.,,N. Syracuse,NY ,13208,USA,,315-458-2875,"Sales,"
10524,Industrial/Commercial Sales & Service,00010001611002,Huntington Power, 68 Enter Ln,,Islandia,NY ,11749,USA,,631-563-4943,"Sales,Service,Up To 2MW,Mobile/Diesel/Gas,"
10524,Industrial/Commercial Sales & Service,00010001611002,Huntington Power, 34 E DUDLEY TOWN RD.,,BLOOMFIELD,CT ,06002,USA,,860-289-8790,"Sales,Service,Rental,"
10524,Industrial/Commercial Sales & Service,00010208021002,Modern Group Power Systems, 2501 Durham Road,,Bristol,PA ,19007,USA,www.moderngroup.com,800-404-7291,"Sales,Service,Up To 2MW,Mobile/Diesel/Gas,Training,Rental,"
10524,Industrial/Commercial Sales & Service,00010001731002,Authorized Services Of New England, 410 Forest Street,,Marlborough,MA ,01752,USA,www.asne.com,888-890-9886,"Financing,Sales,Service,Up To 2MW,Mobile/Diesel/Gas,Training,Rental,"
10524,Industrial/Commercial Sales & Service,00010008091002,MODERN HANDLING EQUIP, 75 NEW STREET,,EDISON,NJ ,08837,USA,www.moderngroup.com,800-779-5116,"Sales,Service,Up To 2MW,Mobile/Diesel/Gas,"
10524,Industrial/Commercial Sales & Service,00010000931002,"EMERGENCY POWER SYSTEMS, LLC", 35 HAMILTON LANE,,GLENMONT,NY ,12077,USA,,800-914-1465,"Service,Up To 2MW,Mobile/Diesel/Gas,"
10524,Industrial/Commercial Sales & Service,00010000931002,"EMERGENCY POWER SYSTEMS, LLC", 35 HAMILTON LANE,,GLENMONT,NY ,12077,USA,,800-914-1465,"Service,"
10524,Industrial/Commercial Sales & Service,00010208021002,Modern Group Power Systems, 6352 Chapmans Rd,,Allentown,PA ,18106,USA,,800-404-7291,"Sales,Service,Up To 2MW,Mobile/Diesel/Gas,"
10524,Industrial/Commercial Sales & Service,00010208021002,Modern Group Power Systems, 295 New Commerce Blvd.,,Wilkes Barre,PA ,18706,USA,,800-404-7291,"Sales,Service,Up To 2MW,Mobile/Diesel/Gas,"
10524,Industrial/Commercial Sales & Service,00010208021002,Modern Group Power Systems, 200 Allied Parkway,,West Berlin,NJ ,08091,USA,,800-404-7291,"Sales,Service,Up To 2MW,Mobile/Diesel/Gas,"
10524,Industrial/Commercial Sales & Service,00010001731002,AUTHORIZED SERVICES OF NEW ENGLAND, 410 FOREST STREET,,MARLBOROUGH,MA ,01752,USA,,888-890-9886,"Sales,"
10524,Industrial/Commercial Sales & Service,00010208021002,Modern Group Power Systems, 66A South Gate Blvd.,,New Castle,DE ,19720,USA,,800-404-7291,"Sales,Service,Up To 2MW,Mobile/Diesel/Gas,"
10524,Industrial/Commercial Sales & Service,00010208021002,Modern Group Power Systems, 3480 Board Road,,York,PA ,17402,USA,,800-404-7291,"Sales,Service,Up To 2MW,Mobile/Diesel/Gas,"
10524,Industrial/Commercial Sales & Service,00010134071002,PEAK POWER SYSTEMS, 99 SPRAGUE AVENUE,,MIDDLETOWN,NY ,10940,USA,www.peakpowersystems.com,845-344-1975,"Sales,Service,Up To 600kW,Mobile/Diesel/Gas,Rental,"
10524,Industrial/Commercial Sales & Service,00111209531002,HUNTINGTON POWER - LONG ISLAND, PO BOX 2040,,SHELTON,CT ,06484,USA,,631-586-7513,"Sales,"
10524,Industrial/Commercial Sales & Service,00010001761002,"GENSERVE, INC.", 100 NEWTOWN RD,,PLAINVIEW,NY ,11803,USA,www.genserveinc.com,631-435-0437,"Service,"
10524,Industrial/Commercial Sales & Service,00111209521002,LONG ISLAND EMERGENCY POWER -QO, 2 Ocean Avenue,,DEER PARK,NY ,11729,USA,,631-586-7513,"Sales,"
10524,Industrial/Commercial Sales & Service,00010139211002,POWERPRO SERVICE CO. INC., 608 JOHNSON AVE. UNIT 6,,BOHEMIA,NY ,11716,USA,,631-567-2700,"Sales,Service,Up To 600kW,Mobile/Diesel/Gas,"
10524,Industrial/Commercial Sales & Service,00010001761002,"GENSERVE, INC.", 115A TWINBRIDGE DR.,,PENNSAUKEN,NJ ,08110,USA,www.genserveinc.com,856-324-0459,"Service,"
10524,Industrial/Commercial Sales & Service,00010001621002,BROOKFIELD SERVICE, 708 GLEBE ROAD,,WESTMORELAND,NH ,03467,USA,www.brookfieldservice.com,802-485-6567,"Service,Up To 600kW,Mobile/Diesel/Gas,"
10524,Industrial/Commercial Sales & Service,00111184131002,HUNTER & LOMISON, 1956 W FOURTH ST,,WILLIAMSPORT,PA ,17701,USA,www.hunterlomison.com,570-326-1764,"Sales,Service,Up To 600kW,Mobile/Diesel/Gas,Rental,"
10524,Industrial/Commercial Sales & Service,00010000881002,HUNTER & LOMISON INC., 1956 W. 4TH STREET,,WILLIAMSPORT,PA ,17701,USA,www.hunterlomison.com,570-326-1764,"Service,Up To 600kW,Mobile/Diesel/Gas,"
10524,Industrial/Commercial Sales & Service,00010021101002,SOUTH SHORE GENERATOR INC-Quote, 2696A CRANBERRY HWY,,WAREHAM,MA ,02571,USA,,508-295-7336,"Sales,Service,Up To 600kW,Mobile/Diesel/Gas,"
10524,Industrial/Commercial Sales & Service,00010001701002,SOUTH SHORE GENERATOR INC, ,,EAST WAREHAM,MA ,02538,USA,,508-295-7336,"Financing,Sales,Service,Up To 600kW,Mobile/Diesel/Gas,"
10524,Industrial/Commercial Sales & Service,00111207431002,WARSHAUER ELECTRIC SUPPLY CO INC, 800 SHREWSBURY AVE,,TINTON FALLS,NJ ,07724,USA,www.warshauer.com,732-741-6400,"Service,"
10524,Industrial/Commercial Sales & Service,00010157021002,Mechanical Service Co, 1145 Oak St.,,Pittston,PA ,18640,USA,,570-654-2445,"Service,"
10526,Industrial/Commercial Sales & Service,00010214161002,"R.L. KISTLER, INC.", 35 HAMILTON LANE,,GLENMONT,NY ,12077,USA,,585-436-1940,"Sales,Service,"
10526,Industrial/Commercial Sales & Service,00010001611002,Huntington Power, 230 Long Hill Cross Rd,,Shelton,CT ,06484,USA,www.huntingtonpower.com,203-929-3203,"Sales,Service,Up To 2MW,Mobile/Diesel/Gas,Training,Rental,"
10526,Industrial/Commercial Sales & Service,00010214161002,"R.L. Kistler, Inc", 300 Mile Crossing Blvd.,,Rochester,NY ,14624,USA,rlkistler.com,585-436-1940,"Sales,"
10526,Industrial/Commercial Sales & Service,00010214161002,"R.L. Kistler, Inc", 5615 Business Ave.,,N. Syracuse,NY ,13208,USA,,315-458-2875,"Sales,"
10526,Industrial/Commercial Sales & Service,00010001611002,Huntington Power, 68 Enter Ln,,Islandia,NY ,11749,USA,,631-563-4943,"Sales,Service,Up To 2MW,Mobile/Diesel/Gas,"
10526,Industrial/Commercial Sales & Service,00010001611002,Huntington Power, 34 E DUDLEY TOWN RD.,,BLOOMFIELD,CT ,06002,USA,,860-289-8790,"Sales,Service,Rental,"
10526,Industrial/Commercial Sales & Service,00010214161002,"R.L. Kistler, Inc", 5615 Business Ave.,,N. Syracuse,NY ,13208,USA,,315-458-2875,"Sales,"
10526,Industrial/Commercial Sales & Service,00010208021002,Modern Group Power Systems, 2501 Durham Road,,Bristol,PA ,19007,USA,www.moderngroup.com,800-404-7291,"Sales,Service,Up To 2MW,Mobile/Diesel/Gas,Training,Rental,"
10526,Industrial/Commercial Sales & Service,00010001731002,Authorized Services Of New England, 410 Forest Street,,Marlborough,MA ,01752,USA,www.asne.com,888-890-9886,"Financing,Sales,Service,Up To 2MW,Mobile/Diesel/Gas,Training,Rental,"
10526,Industrial/Commercial Sales & Service,00010008091002,MODERN HANDLING EQUIP, 75 NEW STREET,,EDISON,NJ ,08837,USA,www.moderngroup.com,800-779-5116,"Sales,Service,Up To 2MW,Mobile/Diesel/Gas,"
10526,Industrial/Commercial Sales & Service,00010000931002,"EMERGENCY POWER SYSTEMS, LLC", 35 HAMILTON LANE,,GLENMONT,NY ,12077,USA,,800-914-1465,"Service,Up To 2MW,Mobile/Diesel/Gas,"
10526,Industrial/Commercial Sales & Service,00010000931002,"EMERGENCY POWER SYSTEMS, LLC", 35 HAMILTON LANE,,GLENMONT,NY ,12077,USA,,800-914-1465,"Service,"
10526,Industrial/Commercial Sales & Service,00010208021002,Modern Group Power Systems, 6352 Chapmans Rd,,Allentown,PA ,18106,USA,,800-404-7291,"Sales,Service,Up To 2MW,Mobile/Diesel/Gas,"
10526,Industrial/Commercial Sales & Service,00010208021002,Modern Group Power Systems, 295 New Commerce Blvd.,,Wilkes Barre,PA ,18706,USA,,800-404-7291,"Sales,Service,Up To 2MW,Mobile/Diesel/Gas,"
10526,Industrial/Commercial Sales & Service,00010208021002,Modern Group Power Systems, 200 Allied Parkway,,West Berlin,NJ ,08091,USA,,800-404-7291,"Sales,Service,Up To 2MW,Mobile/Diesel/Gas,"
10526,Industrial/Commercial Sales & Service,00010001731002,AUTHORIZED SERVICES OF NEW ENGLAND, 410 FOREST STREET,,MARLBOROUGH,MA ,01752,USA,,888-890-9886,"Sales,"
10526,Industrial/Commercial Sales & Service,00010208021002,Modern Group Power Systems, 66A South Gate Blvd.,,New Castle,DE ,19720,USA,,800-404-7291,"Sales,Service,Up To 2MW,Mobile/Diesel/Gas,"
10526,Industrial/Commercial Sales & Service,00010208021002,Modern Group Power Systems, 3480 Board Road,,York,PA ,17402,USA,,800-404-7291,"Sales,Service,Up To 2MW,Mobile/Diesel/Gas,"
10526,Industrial/Commercial Sales & Service,00111209531002,HUNTINGTON POWER - LONG ISLAND, PO BOX 2040,,SHELTON,CT ,06484,USA,,631-586-7513,"Sales,"
10526,Industrial/Commercial Sales & Service,00010001761002,"GENSERVE, INC.", 100 NEWTOWN RD,,PLAINVIEW,NY ,11803,USA,www.genserveinc.com,631-435-0437,"Service,"
10526,Industrial/Commercial Sales & Service,00010134071002,PEAK POWER SYSTEMS, 99 SPRAGUE AVENUE,,MIDDLETOWN,NY ,10940,USA,www.peakpowersystems.com,845-344-1975,"Sales,Service,Up To 600kW,Mobile/Diesel/Gas,Rental,"
10526,Industrial/Commercial Sales & Service,00111209521002,LONG ISLAND EMERGENCY POWER -QO, 2 Ocean Avenue,,DEER PARK,NY ,11729,USA,,631-586-7513,"Sales,"
10526,Industrial/Commercial Sales & Service,00010139211002,POWERPRO SERVICE CO. INC., 608 JOHNSON AVE. UNIT 6,,BOHEMIA,NY ,11716,USA,,631-567-2700,"Sales,Service,Up To 600kW,Mobile/Diesel/Gas,"
10526,Industrial/Commercial Sales & Service,00010001761002,"GENSERVE, INC.", 115A TWINBRIDGE DR.,,PENNSAUKEN,NJ ,08110,USA,www.genserveinc.com,856-324-0459,"Service,"
10526,Industrial/Commercial Sales & Service,00010001621002,BROOKFIELD SERVICE, 708 GLEBE ROAD,,WESTMORELAND,NH ,03467,USA,www.brookfieldservice.com,802-485-6567,"Service,Up To 600kW,Mobile/Diesel/Gas,"
10526,Industrial/Commercial Sales & Service,00010021101002,SOUTH SHORE GENERATOR INC-Quote, 2696A CRANBERRY HWY,,WAREHAM,MA ,02571,USA,,508-295-7336,"Sales,Service,Up To 600kW,Mobile/Diesel/Gas,"
10526,Industrial/Commercial Sales & Service,00010001701002,SOUTH SHORE GENERATOR INC, ,,EAST WAREHAM,MA ,02538,USA,,508-295-7336,"Financing,Sales,Service,Up To 600kW,Mobile/Diesel/Gas,"
10526,Industrial/Commercial Sales & Service,00111184131002,HUNTER & LOMISON, 1956 W FOURTH ST,,WILLIAMSPORT,PA ,17701,USA,www.hunterlomison.com,570-326-1764,"Sales,Service,Up To 600kW,Mobile/Diesel/Gas,Rental,"
10526,Industrial/Commercial Sales & Service,00010000881002,HUNTER & LOMISON INC., 1956 W. 4TH STREET,,WILLIAMSPORT,PA ,17701,USA,www.hunterlomison.com,570-326-1764,"Service,Up To 600kW,Mobile/Diesel/Gas,"
10526,Industrial/Commercial Sales & Service,00111207431002,WARSHAUER ELECTRIC SUPPLY CO INC, 800 SHREWSBURY AVE,,TINTON FALLS,NJ ,07724,USA,www.warshauer.com,732-741-6400,"Service,"
10526,Industrial/Commercial Sales & Service,00010157021002,Mechanical Service Co, 1145 Oak St.,,Pittston,PA ,18640,USA,,570-654-2445,"Service,"
10527,Industrial/Commercial Sales & Service,00010214161002,"R.L. Kistler, Inc", 300 Mile Crossing Blvd.,,Rochester,NY ,14624,USA,rlkistler.com,585-436-1940,"Sales,"
10527,Industrial/Commercial Sales & Service,00010214161002,"R.L. KISTLER, INC.", 35 HAMILTON LANE,,GLENMONT,NY ,12077,USA,,585-436-1940,"Sales,Service,"
10527,Industrial/Commercial Sales & Service,00010001611002,Huntington Power, 230 Long Hill Cross Rd,,Shelton,CT ,06484,USA,www.huntingtonpower.com,203-929-3203,"Sales,Service,Up To 2MW,Mobile/Diesel/Gas,Training,Rental,"
10527,Industrial/Commercial Sales & Service,00010214161002,"R.L. Kistler, Inc", 5615 Business Ave.,,N. Syracuse,NY ,13208,USA,,315-458-2875,"Sales,"
10527,Industrial/Commercial Sales & Service,00010214161002,"R.L. Kistler, Inc", 5615 Business Ave.,,N. Syracuse,NY ,13208,USA,,315-458-2875,"Sales,"
10527,Industrial/Commercial Sales & Service,00010001611002,Huntington Power, 68 Enter Ln,,Islandia,NY ,11749,USA,,631-563-4943,"Sales,Service,Up To 2MW,Mobile/Diesel/Gas,"
10527,Industrial/Commercial Sales & Service,00010001611002,Huntington Power, 34 E DUDLEY TOWN RD.,,BLOOMFIELD,CT ,06002,USA,,860-289-8790,"Sales,Service,Rental,"
10527,Industrial/Commercial Sales & Service,00010208021002,Modern Group Power Systems, 2501 Durham Road,,Bristol,PA ,19007,USA,www.moderngroup.com,800-404-7291,"Sales,Service,Up To 2MW,Mobile/Diesel/Gas,Training,Rental,"
10527,Industrial/Commercial Sales & Service,00010001731002,Authorized Services Of New England, 410 Forest Street,,Marlborough,MA ,01752,USA,www.asne.com,888-890-9886,"Financing,Sales,Service,Up To 2MW,Mobile/Diesel/Gas,Training,Rental,"
10527,Industrial/Commercial Sales & Service,00010008091002,MODERN HANDLING EQUIP, 75 NEW STREET,,EDISON,NJ ,08837,USA,www.moderngroup.com,800-779-5116,"Sales,Service,Up To 2MW,Mobile/Diesel/Gas,"
10527,Industrial/Commercial Sales & Service,00010000931002,"EMERGENCY POWER SYSTEMS, LLC", 35 HAMILTON LANE,,GLENMONT,NY ,12077,USA,,800-914-1465,"Service,Up To 2MW,Mobile/Diesel/Gas,"
10527,Industrial/Commercial Sales & Service,00010000931002,"EMERGENCY POWER SYSTEMS, LLC", 35 HAMILTON LANE,,GLENMONT,NY ,12077,USA,,800-914-1465,"Service,"
10527,Industrial/Commercial Sales & Service,00010208021002,Modern Group Power Systems, 6352 Chapmans Rd,,Allentown,PA ,18106,USA,,800-404-7291,"Sales,Service,Up To 2MW,Mobile/Diesel/Gas,"
10527,Industrial/Commercial Sales & Service,00010208021002,Modern Group Power Systems, 295 New Commerce Blvd.,,Wilkes Barre,PA ,18706,USA,,800-404-7291,"Sales,Service,Up To 2MW,Mobile/Diesel/Gas,"
10527,Industrial/Commercial Sales & Service,00010208021002,Modern Group Power Systems, 200 Allied Parkway,,West Berlin,NJ ,08091,USA,,800-404-7291,"Sales,Service,Up To 2MW,Mobile/Diesel/Gas,"
10527,Industrial/Commercial Sales & Service,00010001731002,AUTHORIZED SERVICES OF NEW ENGLAND, 410 FOREST STREET,,MARLBOROUGH,MA ,01752,USA,,888-890-9886,"Sales,"
10527,Industrial/Commercial Sales & Service,00010208021002,Modern Group Power Systems, 66A South Gate Blvd.,,New Castle,DE ,19720,USA,,800-404-7291,"Sales,Service,Up To 2MW,Mobile/Diesel/Gas,"
10527,Industrial/Commercial Sales & Service,00010208021002,Modern Group Power Systems, 3480 Board Road,,York,PA ,17402,USA,,800-404-7291,"Sales,Service,Up To 2MW,Mobile/Diesel/Gas,"
10527,Industrial/Commercial Sales & Service,00111209531002,HUNTINGTON POWER - LONG ISLAND, PO BOX 2040,,SHELTON,CT ,06484,USA,,631-586-7513,"Sales,"
10527,Industrial/Commercial Sales & Service,00010134071002,PEAK POWER SYSTEMS, 99 SPRAGUE AVENUE,,MIDDLETOWN,NY ,10940,USA,www.peakpowersystems.com,845-344-1975,"Sales,Service,Up To 600kW,Mobile/Diesel/Gas,Rental,"
10527,Industrial/Commercial Sales & Service,00010001761002,"GENSERVE, INC.", 100 NEWTOWN RD,,PLAINVIEW,NY ,11803,USA,www.genserveinc.com,631-435-0437,"Service,"
10527,Industrial/Commercial Sales & Service,00111209521002,LONG ISLAND EMERGENCY POWER -QO, 2 Ocean Avenue,,DEER PARK,NY ,11729,USA,,631-586-7513,"Sales,"
10527,Industrial/Commercial Sales & Service,00010139211002,POWERPRO SERVICE CO. INC., 608 JOHNSON AVE. UNIT 6,,BOHEMIA,NY ,11716,USA,,631-567-2700,"Sales,Service,Up To 600kW,Mobile/Diesel/Gas,"
10527,Industrial/Commercial Sales & Service,00010001761002,"GENSERVE, INC.", 115A TWINBRIDGE DR.,,PENNSAUKEN,NJ ,08110,USA,www.genserveinc.com,856-324-0459,"Service,"
10527,Industrial/Commercial Sales & Service,00010001621002,BROOKFIELD SERVICE, 708 GLEBE ROAD,,WESTMORELAND,NH ,03467,USA,www.brookfieldservice.com,802-485-6567,"Service,Up To 600kW,Mobile/Diesel/Gas,"
10527,Industrial/Commercial Sales & Service,00010021101002,SOUTH SHORE GENERATOR INC-Quote, 2696A CRANBERRY HWY,,WAREHAM,MA ,02571,USA,,508-295-7336,"Sales,Service,Up To 600kW,Mobile/Diesel/Gas,"
10527,Industrial/Commercial Sales & Service,00010001701002,SOUTH SHORE GENERATOR INC, ,,EAST WAREHAM,MA ,02538,USA,,508-295-7336,"Financing,Sales,Service,Up To 600kW,Mobile/Diesel/Gas,"
10527,Industrial/Commercial Sales & Service,00111184131002,HUNTER & LOMISON, 1956 W FOURTH ST,,WILLIAMSPORT,PA ,17701,USA,www.hunterlomison.com,570-326-1764,"Sales,Service,Up To 600kW,Mobile/Diesel/Gas,Rental,"
10527,Industrial/Commercial Sales & Service,00010000881002,HUNTER & LOMISON INC., 1956 W. 4TH STREET,,WILLIAMSPORT,PA ,17701,USA,www.hunterlomison.com,570-326-1764,"Service,Up To 600kW,Mobile/Diesel/Gas,"
10527,Industrial/Commercial Sales & Service,00111207431002,WARSHAUER ELECTRIC SUPPLY CO INC, 800 SHREWSBURY AVE,,TINTON FALLS,NJ ,07724,USA,www.warshauer.com,732-741-6400,"Service,"
10527,Industrial/Commercial Sales & Service,00010157021002,Mechanical Service Co, 1145 Oak St.,,Pittston,PA ,18640,USA,,570-654-2445,"Service,"
10528,Industrial/Commercial Sales & Service,00010214161002,"R.L. Kistler, Inc", 300 Mile Crossing Blvd.,,Rochester,NY ,14624,USA,rlkistler.com,585-436-1940,"Sales,"
10528,Industrial/Commercial Sales & Service,00010214161002,"R.L. KISTLER, INC.", 35 HAMILTON LANE,,GLENMONT,NY ,12077,USA,,585-436-1940,"Sales,Service,"
10528,Industrial/Commercial Sales & Service,00010001611002,Huntington Power, 230 Long Hill Cross Rd,,Shelton,CT ,06484,USA,www.huntingtonpower.com,203-929-3203,"Sales,Service,Up To 2MW,Mobile/Diesel/Gas,Training,Rental,"
10528,Industrial/Commercial Sales & Service,00010214161002,"R.L. Kistler, Inc", 5615 Business Ave.,,N. Syracuse,NY ,13208,USA,,315-458-2875,"Sales,"
10528,Industrial/Commercial Sales & Service,00010214161002,"R.L. Kistler, Inc", 5615 Business Ave.,,N. Syracuse,NY ,13208,USA,,315-458-2875,"Sales,"
10528,Industrial/Commercial Sales & Service,00010001611002,Huntington Power, 68 Enter Ln,,Islandia,NY ,11749,USA,,631-563-4943,"Sales,Service,Up To 2MW,Mobile/Diesel/Gas,"
10528,Industrial/Commercial Sales & Service,00010001611002,Huntington Power, 34 E DUDLEY TOWN RD.,,BLOOMFIELD,CT ,06002,USA,,860-289-8790,"Sales,Service,Rental,"
10528,Industrial/Commercial Sales & Service,00010208021002,Modern Group Power Systems, 2501 Durham Road,,Bristol,PA ,19007,USA,www.moderngroup.com,800-404-7291,"Sales,Service,Up To 2MW,Mobile/Diesel/Gas,Training,Rental,"
10528,Industrial/Commercial Sales & Service,00010001731002,Authorized Services Of New England, 410 Forest Street,,Marlborough,MA ,01752,USA,www.asne.com,888-890-9886,"Financing,Sales,Service,Up To 2MW,Mobile/Diesel/Gas,Training,Rental,"
10528,Industrial/Commercial Sales & Service,00010008091002,MODERN HANDLING EQUIP, 75 NEW STREET,,EDISON,NJ ,08837,USA,www.moderngroup.com,800-779-5116,"Sales,Service,Up To 2MW,Mobile/Diesel/Gas,"
10528,Industrial/Commercial Sales & Service,00010208021002,Modern Group Power Systems, 6352 Chapmans Rd,,Allentown,PA ,18106,USA,,800-404-7291,"Sales,Service,Up To 2MW,Mobile/Diesel/Gas,"
10528,Industrial/Commercial Sales & Service,00010208021002,Modern Group Power Systems, 200 Allied Parkway,,West Berlin,NJ ,08091,USA,,800-404-7291,"Sales,Service,Up To 2MW,Mobile/Diesel/Gas,"
10528,Industrial/Commercial Sales & Service,00010000931002,"EMERGENCY POWER SYSTEMS, LLC", 35 HAMILTON LANE,,GLENMONT,NY ,12077,USA,,800-914-1465,"Service,Up To 2MW,Mobile/Diesel/Gas,"
10528,Industrial/Commercial Sales & Service,00010000931002,"EMERGENCY POWER SYSTEMS, LLC", 35 HAMILTON LANE,,GLENMONT,NY ,12077,USA,,800-914-1465,"Service,"
10528,Industrial/Commercial Sales & Service,00010208021002,Modern Group Power Systems, 295 New Commerce Blvd.,,Wilkes Barre,PA ,18706,USA,,800-404-7291,"Sales,Service,Up To 2MW,Mobile/Diesel/Gas,"
10528,Industrial/Commercial Sales & Service,00010208021002,Modern Group Power Systems, 66A South Gate Blvd.,,New Castle,DE ,19720,USA,,800-404-7291,"Sales,Service,Up To 2MW,Mobile/Diesel/Gas,"
10528,Industrial/Commercial Sales & Service,00010001731002,AUTHORIZED SERVICES OF NEW ENGLAND, 410 FOREST STREET,,MARLBOROUGH,MA ,01752,USA,,888-890-9886,"Sales,"
10528,Industrial/Commercial Sales & Service,00010208021002,Modern Group Power Systems, 3480 Board Road,,York,PA ,17402,USA,,800-404-7291,"Sales,Service,Up To 2MW,Mobile/Diesel/Gas,"
10528,Industrial/Commercial Sales & Service,00010001761002,"GENSERVE, INC.", 100 NEWTOWN RD,,PLAINVIEW,NY ,11803,USA,www.genserveinc.com,631-435-0437,"Service,"
10528,Industrial/Commercial Sales & Service,00111209521002,LONG ISLAND EMERGENCY POWER -QO, 2 Ocean Avenue,,DEER PARK,NY ,11729,USA,,631-586-7513,"Sales,"
10528,Industrial/Commercial Sales & Service,00010139211002,POWERPRO SERVICE CO. INC., 608 JOHNSON AVE. UNIT 6,,BOHEMIA,NY ,11716,USA,,631-567-2700,"Sales,Service,Up To 600kW,Mobile/Diesel/Gas,"
10528,Industrial/Commercial Sales & Service,00111209531002,HUNTINGTON POWER - LONG ISLAND, PO BOX 2040,,SHELTON,CT ,06484,USA,,631-586-7513,"Sales,"
10528,Industrial/Commercial Sales & Service,00010134071002,PEAK POWER SYSTEMS, 99 SPRAGUE AVENUE,,MIDDLETOWN,NY ,10940,USA,www.peakpowersystems.com,845-344-1975,"Sales,Service,Up To 600kW,Mobile/Diesel/Gas,Rental,"
10528,Industrial/Commercial Sales & Service,00010001761002,"GENSERVE, INC.", 115A TWINBRIDGE DR.,,PENNSAUKEN,NJ ,08110,USA,www.genserveinc.com,856-324-0459,"Service,"
10528,Industrial/Commercial Sales & Service,00010001621002,BROOKFIELD SERVICE, 708 GLEBE ROAD,,WESTMORELAND,NH ,03467,USA,www.brookfieldservice.com,802-485-6567,"Service,Up To 600kW,Mobile/Diesel/Gas,"
10528,Industrial/Commercial Sales & Service,00010021101002,SOUTH SHORE GENERATOR INC-Quote, 2696A CRANBERRY HWY,,WAREHAM,MA ,02571,USA,,508-295-7336,"Sales,Service,Up To 600kW,Mobile/Diesel/Gas,"
10528,Industrial/Commercial Sales & Service,00010001701002,SOUTH SHORE GENERATOR INC, ,,EAST WAREHAM,MA ,02538,USA,,508-295-7336,"Financing,Sales,Service,Up To 600kW,Mobile/Diesel/Gas,"
10528,Industrial/Commercial Sales & Service,00111184131002,HUNTER & LOMISON, 1956 W FOURTH ST,,WILLIAMSPORT,PA ,17701,USA,www.hunterlomison.com,570-326-1764,"Sales,Service,Up To 600kW,Mobile/Diesel/Gas,Rental,"
10528,Industrial/Commercial Sales & Service,00010000881002,HUNTER & LOMISON INC., 1956 W. 4TH STREET,,WILLIAMSPORT,PA ,17701,USA,www.hunterlomison.com,570-326-1764,"Service,Up To 600kW,Mobile/Diesel/Gas,"
10528,Industrial/Commercial Sales & Service,00111207431002,WARSHAUER ELECTRIC SUPPLY CO INC, 800 SHREWSBURY AVE,,TINTON FALLS,NJ ,07724,USA,www.warshauer.com,732-741-6400,"Service,"
10528,Industrial/Commercial Sales & Service,00010157021002,Mechanical Service Co, 1145 Oak St.,,Pittston,PA ,18640,USA,,570-654-2445,"Service,"
10530,Industrial/Commercial Sales & Service,00010001611002,Huntington Power, 230 Long Hill Cross Rd,,Shelton,CT ,06484,USA,www.huntingtonpower.com,203-929-3203,"Sales,Service,Up To 2MW,Mobile/Diesel/Gas,Training,Rental,"
10530,Industrial/Commercial Sales & Service,00010214161002,"R.L. KISTLER, INC.", 35 HAMILTON LANE,,GLENMONT,NY ,12077,USA,,585-436-1940,"Sales,Service,"
10530,Industrial/Commercial Sales & Service,00010214161002,"R.L. Kistler, Inc", 300 Mile Crossing Blvd.,,Rochester,NY ,14624,USA,rlkistler.com,585-436-1940,"Sales,"
10530,Industrial/Commercial Sales & Service,00010001611002,Huntington Power, 68 Enter Ln,,Islandia,NY ,11749,USA,,631-563-4943,"Sales,Service,Up To 2MW,Mobile/Diesel/Gas,"
10530,Industrial/Commercial Sales & Service,00010001611002,Huntington Power, 34 E DUDLEY TOWN RD.,,BLOOMFIELD,CT ,06002,USA,,860-289-8790,"Sales,Service,Rental,"
10530,Industrial/Commercial Sales & Service,00010214161002,"R.L. Kistler, Inc", 5615 Business Ave.,,N. Syracuse,NY ,13208,USA,,315-458-2875,"Sales,"
10530,Industrial/Commercial Sales & Service,00010214161002,"R.L. Kistler, Inc", 5615 Business Ave.,,N. Syracuse,NY ,13208,USA,,315-458-2875,"Sales,"
10530,Industrial/Commercial Sales & Service,00010208021002,Modern Group Power Systems, 2501 Durham Road,,Bristol,PA ,19007,USA,www.moderngroup.com,800-404-7291,"Sales,Service,Up To 2MW,Mobile/Diesel/Gas,Training,Rental,"
10530,Industrial/Commercial Sales & Service,00010001731002,Authorized Services Of New England, 410 Forest Street,,Marlborough,MA ,01752,USA,www.asne.com,888-890-9886,"Financing,Sales,Service,Up To 2MW,Mobile/Diesel/Gas,Training,Rental,"
10530,Industrial/Commercial Sales & Service,00010008091002,MODERN HANDLING EQUIP, 75 NEW STREET,,EDISON,NJ ,08837,USA,www.moderngroup.com,800-779-5116,"Sales,Service,Up To 2MW,Mobile/Diesel/Gas,"
10530,Industrial/Commercial Sales & Service,00010208021002,Modern Group Power Systems, 6352 Chapmans Rd,,Allentown,PA ,18106,USA,,800-404-7291,"Sales,Service,Up To 2MW,Mobile/Diesel/Gas,"
10530,Industrial/Commercial Sales & Service,00010208021002,Modern Group Power Systems, 200 Allied Parkway,,West Berlin,NJ ,08091,USA,,800-404-7291,"Sales,Service,Up To 2MW,Mobile/Diesel/Gas,"
10530,Industrial/Commercial Sales & Service,00010000931002,"EMERGENCY POWER SYSTEMS, LLC", 35 HAMILTON LANE,,GLENMONT,NY ,12077,USA,,800-914-1465,"Service,Up To 2MW,Mobile/Diesel/Gas,"
10530,Industrial/Commercial Sales & Service,00010000931002,"EMERGENCY POWER SYSTEMS, LLC", 35 HAMILTON LANE,,GLENMONT,NY ,12077,USA,,800-914-1465,"Service,"
10530,Industrial/Commercial Sales & Service,00010208021002,Modern Group Power Systems, 295 New Commerce Blvd.,,Wilkes Barre,PA ,18706,USA,,800-404-7291,"Sales,Service,Up To 2MW,Mobile/Diesel/Gas,"
10530,Industrial/Commercial Sales & Service,00010208021002,Modern Group Power Systems, 66A South Gate Blvd.,,New Castle,DE ,19720,USA,,800-404-7291,"Sales,Service,Up To 2MW,Mobile/Diesel/Gas,"
10530,Industrial/Commercial Sales & Service,00010001731002,AUTHORIZED SERVICES OF NEW ENGLAND, 410 FOREST STREET,,MARLBOROUGH,MA ,01752,USA,,888-890-9886,"Sales,"
10530,Industrial/Commercial Sales & Service,00010208021002,Modern Group Power Systems, 3480 Board Road,,York,PA ,17402,USA,,800-404-7291,"Sales,Service,Up To 2MW,Mobile/Diesel/Gas,"
10530,Industrial/Commercial Sales & Service,00010001761002,"GENSERVE, INC.", 100 NEWTOWN RD,,PLAINVIEW,NY ,11803,USA,www.genserveinc.com,631-435-0437,"Service,"
10530,Industrial/Commercial Sales & Service,00111209521002,LONG ISLAND EMERGENCY POWER -QO, 2 Ocean Avenue,,DEER PARK,NY ,11729,USA,,631-586-7513,"Sales,"
10530,Industrial/Commercial Sales & Service,00010139211002,POWERPRO SERVICE CO. INC., 608 JOHNSON AVE. UNIT 6,,BOHEMIA,NY ,11716,USA,,631-567-2700,"Sales,Service,Up To 600kW,Mobile/Diesel/Gas,"
10530,Industrial/Commercial Sales & Service,00111209531002,HUNTINGTON POWER - LONG ISLAND, PO BOX 2040,,SHELTON,CT ,06484,USA,,631-586-7513,"Sales,"
10530,Industrial/Commercial Sales & Service,00010134071002,PEAK POWER SYSTEMS, 99 SPRAGUE AVENUE,,MIDDLETOWN,NY ,10940,USA,www.peakpowersystems.com,845-344-1975,"Sales,Service,Up To 600kW,Mobile/Diesel/Gas,Rental,"
10530,Industrial/Commercial Sales & Service,00010001761002,"GENSERVE, INC.", 115A TWINBRIDGE DR.,,PENNSAUKEN,NJ ,08110,USA,www.genserveinc.com,856-324-0459,"Service,"
10530,Industrial/Commercial Sales & Service,00010001621002,BROOKFIELD SERVICE, 708 GLEBE ROAD,,WESTMORELAND,NH ,03467,USA,www.brookfieldservice.com,802-485-6567,"Service,Up To 600kW,Mobile/Diesel/Gas,"
10530,Industrial/Commercial Sales & Service,00111184131002,HUNTER & LOMISON, 1956 W FOURTH ST,,WILLIAMSPORT,PA ,17701,USA,www.hunterlomison.com,570-326-1764,"Sales,Service,Up To 600kW,Mobile/Diesel/Gas,Rental,"
10530,Industrial/Commercial Sales & Service,00010000881002,HUNTER & LOMISON INC., 1956 W. 4TH STREET,,WILLIAMSPORT,PA ,17701,USA,www.hunterlomison.com,570-326-1764,"Service,Up To 600kW,Mobile/Diesel/Gas,"
10530,Industrial/Commercial Sales & Service,00010021101002,SOUTH SHORE GENERATOR INC-Quote, 2696A CRANBERRY HWY,,WAREHAM,MA ,02571,USA,,508-295-7336,"Sales,Service,Up To 600kW,Mobile/Diesel/Gas,"
10530,Industrial/Commercial Sales & Service,00010001701002,SOUTH SHORE GENERATOR INC, ,,EAST WAREHAM,MA ,02538,USA,,508-295-7336,"Financing,Sales,Service,Up To 600kW,Mobile/Diesel/Gas,"
10530,Industrial/Commercial Sales & Service,00111207431002,WARSHAUER ELECTRIC SUPPLY CO INC, 800 SHREWSBURY AVE,,TINTON FALLS,NJ ,07724,USA,www.warshauer.com,732-741-6400,"Service,"
10530,Industrial/Commercial Sales & Service,00010157021002,Mechanical Service Co, 1145 Oak St.,,Pittston,PA ,18640,USA,,570-654-2445,"Service,"
10532,Industrial/Commercial Sales & Service,00010214161002,"R.L. Kistler, Inc", 300 Mile Crossing Blvd.,,Rochester,NY ,14624,USA,rlkistler.com,585-436-1940,"Sales,"
10532,Industrial/Commercial Sales & Service,00010214161002,"R.L. KISTLER, INC.", 35 HAMILTON LANE,,GLENMONT,NY ,12077,USA,,585-436-1940,"Sales,Service,"
10532,Industrial/Commercial Sales & Service,00010001611002,Huntington Power, 230 Long Hill Cross Rd,,Shelton,CT ,06484,USA,www.huntingtonpower.com,203-929-3203,"Sales,Service,Up To 2MW,Mobile/Diesel/Gas,Training,Rental,"
10532,Industrial/Commercial Sales & Service,00010214161002,"R.L. Kistler, Inc", 5615 Business Ave.,,N. Syracuse,NY ,13208,USA,,315-458-2875,"Sales,"
10532,Industrial/Commercial Sales & Service,00010214161002,"R.L. Kistler, Inc", 5615 Business Ave.,,N. Syracuse,NY ,13208,USA,,315-458-2875,"Sales,"
10532,Industrial/Commercial Sales & Service,00010001611002,Huntington Power, 68 Enter Ln,,Islandia,NY ,11749,USA,,631-563-4943,"Sales,Service,Up To 2MW,Mobile/Diesel/Gas,"
10532,Industrial/Commercial Sales & Service,00010001611002,Huntington Power, 34 E DUDLEY TOWN RD.,,BLOOMFIELD,CT ,06002,USA,,860-289-8790,"Sales,Service,Rental,"
10532,Industrial/Commercial Sales & Service,00010208021002,Modern Group Power Systems, 2501 Durham Road,,Bristol,PA ,19007,USA,www.moderngroup.com,800-404-7291,"Sales,Service,Up To 2MW,Mobile/Diesel/Gas,Training,Rental,"
10532,Industrial/Commercial Sales & Service,00010001731002,Authorized Services Of New England, 410 Forest Street,,Marlborough,MA ,01752,USA,www.asne.com,888-890-9886,"Financing,Sales,Service,Up To 2MW,Mobile/Diesel/Gas,Training,Rental,"
10532,Industrial/Commercial Sales & Service,00010008091002,MODERN HANDLING EQUIP, 75 NEW STREET,,EDISON,NJ ,08837,USA,www.moderngroup.com,800-779-5116,"Sales,Service,Up To 2MW,Mobile/Diesel/Gas,"
10532,Industrial/Commercial Sales & Service,00010208021002,Modern Group Power Systems, 6352 Chapmans Rd,,Allentown,PA ,18106,USA,,800-404-7291,"Sales,Service,Up To 2MW,Mobile/Diesel/Gas,"
10532,Industrial/Commercial Sales & Service,00010000931002,"EMERGENCY POWER SYSTEMS, LLC", 35 HAMILTON LANE,,GLENMONT,NY ,12077,USA,,800-914-1465,"Service,Up To 2MW,Mobile/Diesel/Gas,"
10532,Industrial/Commercial Sales & Service,00010000931002,"EMERGENCY POWER SYSTEMS, LLC", 35 HAMILTON LANE,,GLENMONT,NY ,12077,USA,,800-914-1465,"Service,"
10532,Industrial/Commercial Sales & Service,00010208021002,Modern Group Power Systems, 200 Allied Parkway,,West Berlin,NJ ,08091,USA,,800-404-7291,"Sales,Service,Up To 2MW,Mobile/Diesel/Gas,"
10532,Industrial/Commercial Sales & Service,00010208021002,Modern Group Power Systems, 295 New Commerce Blvd.,,Wilkes Barre,PA ,18706,USA,,800-404-7291,"Sales,Service,Up To 2MW,Mobile/Diesel/Gas,"
10532,Industrial/Commercial Sales & Service,00010208021002,Modern Group Power Systems, 66A South Gate Blvd.,,New Castle,DE ,19720,USA,,800-404-7291,"Sales,Service,Up To 2MW,Mobile/Diesel/Gas,"
10532,Industrial/Commercial Sales & Service,00010001731002,AUTHORIZED SERVICES OF NEW ENGLAND, 410 FOREST STREET,,MARLBOROUGH,MA ,01752,USA,,888-890-9886,"Sales,"
10532,Industrial/Commercial Sales & Service,00010208021002,Modern Group Power Systems, 3480 Board Road,,York,PA ,17402,USA,,800-404-7291,"Sales,Service,Up To 2MW,Mobile/Diesel/Gas,"
10532,Industrial/Commercial Sales & Service,00010001761002,"GENSERVE, INC.", 100 NEWTOWN RD,,PLAINVIEW,NY ,11803,USA,www.genserveinc.com,631-435-0437,"Service,"
10532,Industrial/Commercial Sales & Service,00111209521002,LONG ISLAND EMERGENCY POWER -QO, 2 Ocean Avenue,,DEER PARK,NY ,11729,USA,,631-586-7513,"Sales,"
10532,Industrial/Commercial Sales & Service,00111209531002,HUNTINGTON POWER - LONG ISLAND, PO BOX 2040,,SHELTON,CT ,06484,USA,,631-586-7513,"Sales,"
10532,Industrial/Commercial Sales & Service,00010134071002,PEAK POWER SYSTEMS, 99 SPRAGUE AVENUE,,MIDDLETOWN,NY ,10940,USA,www.peakpowersystems.com,845-344-1975,"Sales,Service,Up To 600kW,Mobile/Diesel/Gas,Rental,"
10532,Industrial/Commercial Sales & Service,00010139211002,POWERPRO SERVICE CO. INC., 608 JOHNSON AVE. UNIT 6,,BOHEMIA,NY ,11716,USA,,631-567-2700,"Sales,Service,Up To 600kW,Mobile/Diesel/Gas,"
10532,Industrial/Commercial Sales & Service,00010001761002,"GENSERVE, INC.", 115A TWINBRIDGE DR.,,PENNSAUKEN,NJ ,08110,USA,www.genserveinc.com,856-324-0459,"Service,"
10532,Industrial/Commercial Sales & Service,00010001621002,BROOKFIELD SERVICE, 708 GLEBE ROAD,,WESTMORELAND,NH ,03467,USA,www.brookfieldservice.com,802-485-6567,"Service,Up To 600kW,Mobile/Diesel/Gas,"
10532,Industrial/Commercial Sales & Service,00010021101002,SOUTH SHORE GENERATOR INC-Quote, 2696A CRANBERRY HWY,,WAREHAM,MA ,02571,USA,,508-295-7336,"Sales,Service,Up To 600kW,Mobile/Diesel/Gas,"
10532,Industrial/Commercial Sales & Service,00111184131002,HUNTER & LOMISON, 1956 W FOURTH ST,,WILLIAMSPORT,PA ,17701,USA,www.hunterlomison.com,570-326-1764,"Sales,Service,Up To 600kW,Mobile/Diesel/Gas,Rental,"
10532,Industrial/Commercial Sales & Service,00010000881002,HUNTER & LOMISON INC., 1956 W. 4TH STREET,,WILLIAMSPORT,PA ,17701,USA,www.hunterlomison.com,570-326-1764,"Service,Up To 600kW,Mobile/Diesel/Gas,"
10532,Industrial/Commercial Sales & Service,00010001701002,SOUTH SHORE GENERATOR INC, ,,EAST WAREHAM,MA ,02538,USA,,508-295-7336,"Financing,Sales,Service,Up To 600kW,Mobile/Diesel/Gas,"
10532,Industrial/Commercial Sales & Service,00111207431002,WARSHAUER ELECTRIC SUPPLY CO INC, 800 SHREWSBURY AVE,,TINTON FALLS,NJ ,07724,USA,www.warshauer.com,732-741-6400,"Service,"
10532,Industrial/Commercial Sales & Service,00010157021002,Mechanical Service Co, 1145 Oak St.,,Pittston,PA ,18640,USA,,570-654-2445,"Service,"
10533,Industrial/Commercial Sales & Service,00010001611002,Huntington Power, 230 Long Hill Cross Rd,,Shelton,CT ,06484,USA,www.huntingtonpower.com,203-929-3203,"Sales,Service,Up To 2MW,Mobile/Diesel/Gas,Training,Rental,"
10533,Industrial/Commercial Sales & Service,00010214161002,"R.L. Kistler, Inc", 300 Mile Crossing Blvd.,,Rochester,NY ,14624,USA,rlkistler.com,585-436-1940,"Sales,"
10533,Industrial/Commercial Sales & Service,00010214161002,"R.L. KISTLER, INC.", 35 HAMILTON LANE,,GLENMONT,NY ,12077,USA,,585-436-1940,"Sales,Service,"
10533,Industrial/Commercial Sales & Service,00010001611002,Huntington Power, 68 Enter Ln,,Islandia,NY ,11749,USA,,631-563-4943,"Sales,Service,Up To 2MW,Mobile/Diesel/Gas,"
10533,Industrial/Commercial Sales & Service,00010001611002,Huntington Power, 34 E DUDLEY TOWN RD.,,BLOOMFIELD,CT ,06002,USA,,860-289-8790,"Sales,Service,Rental,"
10533,Industrial/Commercial Sales & Service,00010214161002,"R.L. Kistler, Inc", 5615 Business Ave.,,N. Syracuse,NY ,13208,USA,,315-458-2875,"Sales,"
10533,Industrial/Commercial Sales & Service,00010214161002,"R.L. Kistler, Inc", 5615 Business Ave.,,N. Syracuse,NY ,13208,USA,,315-458-2875,"Sales,"
10533,Industrial/Commercial Sales & Service,00010208021002,Modern Group Power Systems, 2501 Durham Road,,Bristol,PA ,19007,USA,www.moderngroup.com,800-404-7291,"Sales,Service,Up To 2MW,Mobile/Diesel/Gas,Training,Rental,"
10533,Industrial/Commercial Sales & Service,00010001731002,Authorized Services Of New England, 410 Forest Street,,Marlborough,MA ,01752,USA,www.asne.com,888-890-9886,"Financing,Sales,Service,Up To 2MW,Mobile/Diesel/Gas,Training,Rental,"
10533,Industrial/Commercial Sales & Service,00010008091002,MODERN HANDLING EQUIP, 75 NEW STREET,,EDISON,NJ ,08837,USA,www.moderngroup.com,800-779-5116,"Sales,Service,Up To 2MW,Mobile/Diesel/Gas,"
10533,Industrial/Commercial Sales & Service,00010208021002,Modern Group Power Systems, 6352 Chapmans Rd,,Allentown,PA ,18106,USA,,800-404-7291,"Sales,Service,Up To 2MW,Mobile/Diesel/Gas,"
10533,Industrial/Commercial Sales & Service,00010208021002,Modern Group Power Systems, 200 Allied Parkway,,West Berlin,NJ ,08091,USA,,800-404-7291,"Sales,Service,Up To 2MW,Mobile/Diesel/Gas,"
10533,Industrial/Commercial Sales & Service,00010000931002,"EMERGENCY POWER SYSTEMS, LLC", 35 HAMILTON LANE,,GLENMONT,NY ,12077,USA,,800-914-1465,"Service,Up To 2MW,Mobile/Diesel/Gas,"
10533,Industrial/Commercial Sales & Service,00010000931002,"EMERGENCY POWER SYSTEMS, LLC", 35 HAMILTON LANE,,GLENMONT,NY ,12077,USA,,800-914-1465,"Service,"
10533,Industrial/Commercial Sales & Service,00010208021002,Modern Group Power Systems, 295 New Commerce Blvd.,,Wilkes Barre,PA ,18706,USA,,800-404-7291,"Sales,Service,Up To 2MW,Mobile/Diesel/Gas,"
10533,Industrial/Commercial Sales & Service,00010208021002,Modern Group Power Systems, 66A South Gate Blvd.,,New Castle,DE ,19720,USA,,800-404-7291,"Sales,Service,Up To 2MW,Mobile/Diesel/Gas,"
10533,Industrial/Commercial Sales & Service,00010001731002,AUTHORIZED SERVICES OF NEW ENGLAND, 410 FOREST STREET,,MARLBOROUGH,MA ,01752,USA,,888-890-9886,"Sales,"
10533,Industrial/Commercial Sales & Service,00010208021002,Modern Group Power Systems, 3480 Board Road,,York,PA ,17402,USA,,800-404-7291,"Sales,Service,Up To 2MW,Mobile/Diesel/Gas,"
10533,Industrial/Commercial Sales & Service,00010001761002,"GENSERVE, INC.", 100 NEWTOWN RD,,PLAINVIEW,NY ,11803,USA,www.genserveinc.com,631-435-0437,"Service,"
10533,Industrial/Commercial Sales & Service,00111209521002,LONG ISLAND EMERGENCY POWER -QO, 2 Ocean Avenue,,DEER PARK,NY ,11729,USA,,631-586-7513,"Sales,"
10533,Industrial/Commercial Sales & Service,00010134071002,PEAK POWER SYSTEMS, 99 SPRAGUE AVENUE,,MIDDLETOWN,NY ,10940,USA,www.peakpowersystems.com,845-344-1975,"Sales,Service,Up To 600kW,Mobile/Diesel/Gas,Rental,"
10533,Industrial/Commercial Sales & Service,00111209531002,HUNTINGTON POWER - LONG ISLAND, PO BOX 2040,,SHELTON,CT ,06484,USA,,631-586-7513,"Sales,"
10533,Industrial/Commercial Sales & Service,00010139211002,POWERPRO SERVICE CO. INC., 608 JOHNSON AVE. UNIT 6,,BOHEMIA,NY ,11716,USA,,631-567-2700,"Sales,Service,Up To 600kW,Mobile/Diesel/Gas,"
10533,Industrial/Commercial Sales & Service,00010001761002,"GENSERVE, INC.", 115A TWINBRIDGE DR.,,PENNSAUKEN,NJ ,08110,USA,www.genserveinc.com,856-324-0459,"Service,"
10533,Industrial/Commercial Sales & Service,00010001621002,BROOKFIELD SERVICE, 708 GLEBE ROAD,,WESTMORELAND,NH ,03467,USA,www.brookfieldservice.com,802-485-6567,"Service,Up To 600kW,Mobile/Diesel/Gas,"
10533,Industrial/Commercial Sales & Service,00111184131002,HUNTER & LOMISON, 1956 W FOURTH ST,,WILLIAMSPORT,PA ,17701,USA,www.hunterlomison.com,570-326-1764,"Sales,Service,Up To 600kW,Mobile/Diesel/Gas,Rental,"
10533,Industrial/Commercial Sales & Service,00010000881002,HUNTER & LOMISON INC., 1956 W. 4TH STREET,,WILLIAMSPORT,PA ,17701,USA,www.hunterlomison.com,570-326-1764,"Service,Up To 600kW,Mobile/Diesel/Gas,"
10533,Industrial/Commercial Sales & Service,00010021101002,SOUTH SHORE GENERATOR INC-Quote, 2696A CRANBERRY HWY,,WAREHAM,MA ,02571,USA,,508-295-7336,"Sales,Service,Up To 600kW,Mobile/Diesel/Gas,"
10533,Industrial/Commercial Sales & Service,00010001701002,SOUTH SHORE GENERATOR INC, ,,EAST WAREHAM,MA ,02538,USA,,508-295-7336,"Financing,Sales,Service,Up To 600kW,Mobile/Diesel/Gas,"
10533,Industrial/Commercial Sales & Service,00111207431002,WARSHAUER ELECTRIC SUPPLY CO INC, 800 SHREWSBURY AVE,,TINTON FALLS,NJ ,07724,USA,www.warshauer.com,732-741-6400,"Service,"
10533,Industrial/Commercial Sales & Service,00010157021002,Mechanical Service Co, 1145 Oak St.,,Pittston,PA ,18640,USA,,570-654-2445,"Service,"
10535,Industrial/Commercial Sales & Service,00010214161002,"R.L. KISTLER, INC.", 35 HAMILTON LANE,,GLENMONT,NY ,12077,USA,,585-436-1940,"Sales,Service,"
10535,Industrial/Commercial Sales & Service,00010001611002,Huntington Power, 230 Long Hill Cross Rd,,Shelton,CT ,06484,USA,www.huntingtonpower.com,203-929-3203,"Sales,Service,Up To 2MW,Mobile/Diesel/Gas,Training,Rental,"
10535,Industrial/Commercial Sales & Service,00010214161002,"R.L. Kistler, Inc", 300 Mile Crossing Blvd.,,Rochester,NY ,14624,USA,rlkistler.com,585-436-1940,"Sales,"
10535,Industrial/Commercial Sales & Service,00010214161002,"R.L. Kistler, Inc", 5615 Business Ave.,,N. Syracuse,NY ,13208,USA,,315-458-2875,"Sales,"
10535,Industrial/Commercial Sales & Service,00010001611002,Huntington Power, 68 Enter Ln,,Islandia,NY ,11749,USA,,631-563-4943,"Sales,Service,Up To 2MW,Mobile/Diesel/Gas,"
10535,Industrial/Commercial Sales & Service,00010001611002,Huntington Power, 34 E DUDLEY TOWN RD.,,BLOOMFIELD,CT ,06002,USA,,860-289-8790,"Sales,Service,Rental,"
10535,Industrial/Commercial Sales & Service,00010214161002,"R.L. Kistler, Inc", 5615 Business Ave.,,N. Syracuse,NY ,13208,USA,,315-458-2875,"Sales,"
10535,Industrial/Commercial Sales & Service,00010208021002,Modern Group Power Systems, 2501 Durham Road,,Bristol,PA ,19007,USA,www.moderngroup.com,800-404-7291,"Sales,Service,Up To 2MW,Mobile/Diesel/Gas,Training,Rental,"
10535,Industrial/Commercial Sales & Service,00010001731002,Authorized Services Of New England, 410 Forest Street,,Marlborough,MA ,01752,USA,www.asne.com,888-890-9886,"Financing,Sales,Service,Up To 2MW,Mobile/Diesel/Gas,Training,Rental,"
10535,Industrial/Commercial Sales & Service,00010008091002,MODERN HANDLING EQUIP, 75 NEW STREET,,EDISON,NJ ,08837,USA,www.moderngroup.com,800-779-5116,"Sales,Service,Up To 2MW,Mobile/Diesel/Gas,"
10535,Industrial/Commercial Sales & Service,00010000931002,"EMERGENCY POWER SYSTEMS, LLC", 35 HAMILTON LANE,,GLENMONT,NY ,12077,USA,,800-914-1465,"Service,Up To 2MW,Mobile/Diesel/Gas,"
10535,Industrial/Commercial Sales & Service,00010000931002,"EMERGENCY POWER SYSTEMS, LLC", 35 HAMILTON LANE,,GLENMONT,NY ,12077,USA,,800-914-1465,"Service,"
10535,Industrial/Commercial Sales & Service,00010208021002,Modern Group Power Systems, 6352 Chapmans Rd,,Allentown,PA ,18106,USA,,800-404-7291,"Sales,Service,Up To 2MW,Mobile/Diesel/Gas,"
10535,Industrial/Commercial Sales & Service,00010208021002,Modern Group Power Systems, 295 New Commerce Blvd.,,Wilkes Barre,PA ,18706,USA,,800-404-7291,"Sales,Service,Up To 2MW,Mobile/Diesel/Gas,"
10535,Industrial/Commercial Sales & Service,00010208021002,Modern Group Power Systems, 200 Allied Parkway,,West Berlin,NJ ,08091,USA,,800-404-7291,"Sales,Service,Up To 2MW,Mobile/Diesel/Gas,"
10535,Industrial/Commercial Sales & Service,00010001731002,AUTHORIZED SERVICES OF NEW ENGLAND, 410 FOREST STREET,,MARLBOROUGH,MA ,01752,USA,,888-890-9886,"Sales,"
10535,Industrial/Commercial Sales & Service,00010208021002,Modern Group Power Systems, 66A South Gate Blvd.,,New Castle,DE ,19720,USA,,800-404-7291,"Sales,Service,Up To 2MW,Mobile/Diesel/Gas,"
10535,Industrial/Commercial Sales & Service,00010208021002,Modern Group Power Systems, 3480 Board Road,,York,PA ,17402,USA,,800-404-7291,"Sales,Service,Up To 2MW,Mobile/Diesel/Gas,"
10535,Industrial/Commercial Sales & Service,00010134071002,PEAK POWER SYSTEMS, 99 SPRAGUE AVENUE,,MIDDLETOWN,NY ,10940,USA,www.peakpowersystems.com,845-344-1975,"Sales,Service,Up To 600kW,Mobile/Diesel/Gas,Rental,"
10535,Industrial/Commercial Sales & Service,00111209531002,HUNTINGTON POWER - LONG ISLAND, PO BOX 2040,,SHELTON,CT ,06484,USA,,631-586-7513,"Sales,"
10535,Industrial/Commercial Sales & Service,00010001761002,"GENSERVE, INC.", 100 NEWTOWN RD,,PLAINVIEW,NY ,11803,USA,www.genserveinc.com,631-435-0437,"Service,"
10535,Industrial/Commercial Sales & Service,00111209521002,LONG ISLAND EMERGENCY POWER -QO, 2 Ocean Avenue,,DEER PARK,NY ,11729,USA,,631-586-7513,"Sales,"
10535,Industrial/Commercial Sales & Service,00010139211002,POWERPRO SERVICE CO. INC., 608 JOHNSON AVE. UNIT 6,,BOHEMIA,NY ,11716,USA,,631-567-2700,"Sales,Service,Up To 600kW,Mobile/Diesel/Gas,"
10535,Industrial/Commercial Sales & Service,00010001761002,"GENSERVE, INC.", 115A TWINBRIDGE DR.,,PENNSAUKEN,NJ ,08110,USA,www.genserveinc.com,856-324-0459,"Service,"
10535,Industrial/Commercial Sales & Service,00010001621002,BROOKFIELD SERVICE, 708 GLEBE ROAD,,WESTMORELAND,NH ,03467,USA,www.brookfieldservice.com,802-485-6567,"Service,Up To 600kW,Mobile/Diesel/Gas,"
10535,Industrial/Commercial Sales & Service,00010021101002,SOUTH SHORE GENERATOR INC-Quote, 2696A CRANBERRY HWY,,WAREHAM,MA ,02571,USA,,508-295-7336,"Sales,Service,Up To 600kW,Mobile/Diesel/Gas,"
10535,Industrial/Commercial Sales & Service,00010001701002,SOUTH SHORE GENERATOR INC, ,,EAST WAREHAM,MA ,02538,USA,,508-295-7336,"Financing,Sales,Service,Up To 600kW,Mobile/Diesel/Gas,"
10535,Industrial/Commercial Sales & Service,00111184131002,HUNTER & LOMISON, 1956 W FOURTH ST,,WILLIAMSPORT,PA ,17701,USA,www.hunterlomison.com,570-326-1764,"Sales,Service,Up To 600kW,Mobile/Diesel/Gas,Rental,"
10535,Industrial/Commercial Sales & Service,00010000881002,HUNTER & LOMISON INC., 1956 W. 4TH STREET,,WILLIAMSPORT,PA ,17701,USA,www.hunterlomison.com,570-326-1764,"Service,Up To 600kW,Mobile/Diesel/Gas,"
10535,Industrial/Commercial Sales & Service,00111207431002,WARSHAUER ELECTRIC SUPPLY CO INC, 800 SHREWSBURY AVE,,TINTON FALLS,NJ ,07724,USA,www.warshauer.com,732-741-6400,"Service,"
10535,Industrial/Commercial Sales & Service,00010157021002,Mechanical Service Co, 1145 Oak St.,,Pittston,PA ,18640,USA,,570-654-2445,"Service,"
10536,Industrial/Commercial Sales & Service,00010214161002,"R.L. Kistler, Inc", 300 Mile Crossing Blvd.,,Rochester,NY ,14624,USA,rlkistler.com,585-436-1940,"Sales,"
10536,Industrial/Commercial Sales & Service,00010001611002,Huntington Power, 230 Long Hill Cross Rd,,Shelton,CT ,06484,USA,www.huntingtonpower.com,203-929-3203,"Sales,Service,Up To 2MW,Mobile/Diesel/Gas,Training,Rental,"
10536,Industrial/Commercial Sales & Service,00010214161002,"R.L. KISTLER, INC.", 35 HAMILTON LANE,,GLENMONT,NY ,12077,USA,,585-436-1940,"Sales,Service,"
10536,Industrial/Commercial Sales & Service,00010214161002,"R.L. Kistler, Inc", 5615 Business Ave.,,N. Syracuse,NY ,13208,USA,,315-458-2875,"Sales,"
10536,Industrial/Commercial Sales & Service,00010001611002,Huntington Power, 68 Enter Ln,,Islandia,NY ,11749,USA,,631-563-4943,"Sales,Service,Up To 2MW,Mobile/Diesel/Gas,"
10536,Industrial/Commercial Sales & Service,00010001611002,Huntington Power, 34 E DUDLEY TOWN RD.,,BLOOMFIELD,CT ,06002,USA,,860-289-8790,"Sales,Service,Rental,"
10536,Industrial/Commercial Sales & Service,00010214161002,"R.L. Kistler, Inc", 5615 Business Ave.,,N. Syracuse,NY ,13208,USA,,315-458-2875,"Sales,"
10536,Industrial/Commercial Sales & Service,00010208021002,Modern Group Power Systems, 2501 Durham Road,,Bristol,PA ,19007,USA,www.moderngroup.com,800-404-7291,"Sales,Service,Up To 2MW,Mobile/Diesel/Gas,Training,Rental,"
10536,Industrial/Commercial Sales & Service,00010001731002,Authorized Services Of New England, 410 Forest Street,,Marlborough,MA ,01752,USA,www.asne.com,888-890-9886,"Financing,Sales,Service,Up To 2MW,Mobile/Diesel/Gas,Training,Rental,"
10536,Industrial/Commercial Sales & Service,00010008091002,MODERN HANDLING EQUIP, 75 NEW STREET,,EDISON,NJ ,08837,USA,www.moderngroup.com,800-779-5116,"Sales,Service,Up To 2MW,Mobile/Diesel/Gas,"
10536,Industrial/Commercial Sales & Service,00010000931002,"EMERGENCY POWER SYSTEMS, LLC", 35 HAMILTON LANE,,GLENMONT,NY ,12077,USA,,800-914-1465,"Service,Up To 2MW,Mobile/Diesel/Gas,"
10536,Industrial/Commercial Sales & Service,00010000931002,"EMERGENCY POWER SYSTEMS, LLC", 35 HAMILTON LANE,,GLENMONT,NY ,12077,USA,,800-914-1465,"Service,"
10536,Industrial/Commercial Sales & Service,00010208021002,Modern Group Power Systems, 6352 Chapmans Rd,,Allentown,PA ,18106,USA,,800-404-7291,"Sales,Service,Up To 2MW,Mobile/Diesel/Gas,"
10536,Industrial/Commercial Sales & Service,00010208021002,Modern Group Power Systems, 295 New Commerce Blvd.,,Wilkes Barre,PA ,18706,USA,,800-404-7291,"Sales,Service,Up To 2MW,Mobile/Diesel/Gas,"
10536,Industrial/Commercial Sales & Service,00010208021002,Modern Group Power Systems, 200 Allied Parkway,,West Berlin,NJ ,08091,USA,,800-404-7291,"Sales,Service,Up To 2MW,Mobile/Diesel/Gas,"
10536,Industrial/Commercial Sales & Service,00010001731002,AUTHORIZED SERVICES OF NEW ENGLAND, 410 FOREST STREET,,MARLBOROUGH,MA ,01752,USA,,888-890-9886,"Sales,"
10536,Industrial/Commercial Sales & Service,00010208021002,Modern Group Power Systems, 66A South Gate Blvd.,,New Castle,DE ,19720,USA,,800-404-7291,"Sales,Service,Up To 2MW,Mobile/Diesel/Gas,"
10536,Industrial/Commercial Sales & Service,00010208021002,Modern Group Power Systems, 3480 Board Road,,York,PA ,17402,USA,,800-404-7291,"Sales,Service,Up To 2MW,Mobile/Diesel/Gas,"
10536,Industrial/Commercial Sales & Service,00111209531002,HUNTINGTON POWER - LONG ISLAND, PO BOX 2040,,SHELTON,CT ,06484,USA,,631-586-7513,"Sales,"
10536,Industrial/Commercial Sales & Service,00010001761002,"GENSERVE, INC.", 100 NEWTOWN RD,,PLAINVIEW,NY ,11803,USA,www.genserveinc.com,631-435-0437,"Service,"
10536,Industrial/Commercial Sales & Service,00010134071002,PEAK POWER SYSTEMS, 99 SPRAGUE AVENUE,,MIDDLETOWN,NY ,10940,USA,www.peakpowersystems.com,845-344-1975,"Sales,Service,Up To 600kW,Mobile/Diesel/Gas,Rental,"
10536,Industrial/Commercial Sales & Service,00111209521002,LONG ISLAND EMERGENCY POWER -QO, 2 Ocean Avenue,,DEER PARK,NY ,11729,USA,,631-586-7513,"Sales,"
10536,Industrial/Commercial Sales & Service,00010139211002,POWERPRO SERVICE CO. INC., 608 JOHNSON AVE. UNIT 6,,BOHEMIA,NY ,11716,USA,,631-567-2700,"Sales,Service,Up To 600kW,Mobile/Diesel/Gas,"
10536,Industrial/Commercial Sales & Service,00010001761002,"GENSERVE, INC.", 115A TWINBRIDGE DR.,,PENNSAUKEN,NJ ,08110,USA,www.genserveinc.com,856-324-0459,"Service,"
10536,Industrial/Commercial Sales & Service,00010001621002,BROOKFIELD SERVICE, 708 GLEBE ROAD,,WESTMORELAND,NH ,03467,USA,www.brookfieldservice.com,802-485-6567,"Service,Up To 600kW,Mobile/Diesel/Gas,"
10536,Industrial/Commercial Sales & Service,00010021101002,SOUTH SHORE GENERATOR INC-Quote, 2696A CRANBERRY HWY,,WAREHAM,MA ,02571,USA,,508-295-7336,"Sales,Service,Up To 600kW,Mobile/Diesel/Gas,"
10536,Industrial/Commercial Sales & Service,00010001701002,SOUTH SHORE GENERATOR INC, ,,EAST WAREHAM,MA ,02538,USA,,508-295-7336,"Financing,Sales,Service,Up To 600kW,Mobile/Diesel/Gas,"
10536,Industrial/Commercial Sales & Service,00111184131002,HUNTER & LOMISON, 1956 W FOURTH ST,,WILLIAMSPORT,PA ,17701,USA,www.hunterlomison.com,570-326-1764,"Sales,Service,Up To 600kW,Mobile/Diesel/Gas,Rental,"
10536,Industrial/Commercial Sales & Service,00010000881002,HUNTER & LOMISON INC., 1956 W. 4TH STREET,,WILLIAMSPORT,PA ,17701,USA,www.hunterlomison.com,570-326-1764,"Service,Up To 600kW,Mobile/Diesel/Gas,"
10536,Industrial/Commercial Sales & Service,00111207431002,WARSHAUER ELECTRIC SUPPLY CO INC, 800 SHREWSBURY AVE,,TINTON FALLS,NJ ,07724,USA,www.warshauer.com,732-741-6400,"Service,"
10536,Industrial/Commercial Sales & Service,00010157021002,Mechanical Service Co, 1145 Oak St.,,Pittston,PA ,18640,USA,,570-654-2445,"Service,"
10537,Industrial/Commercial Sales & Service,00010214161002,"R.L. KISTLER, INC.", 35 HAMILTON LANE,,GLENMONT,NY ,12077,USA,,585-436-1940,"Sales,Service,"
10537,Industrial/Commercial Sales & Service,00010001611002,Huntington Power, 230 Long Hill Cross Rd,,Shelton,CT ,06484,USA,www.huntingtonpower.com,203-929-3203,"Sales,Service,Up To 2MW,Mobile/Diesel/Gas,Training,Rental,"
10537,Industrial/Commercial Sales & Service,00010214161002,"R.L. Kistler, Inc", 300 Mile Crossing Blvd.,,Rochester,NY ,14624,USA,rlkistler.com,585-436-1940,"Sales,"
10537,Industrial/Commercial Sales & Service,00010214161002,"R.L. Kistler, Inc", 5615 Business Ave.,,N. Syracuse,NY ,13208,USA,,315-458-2875,"Sales,"
10537,Industrial/Commercial Sales & Service,00010001611002,Huntington Power, 68 Enter Ln,,Islandia,NY ,11749,USA,,631-563-4943,"Sales,Service,Up To 2MW,Mobile/Diesel/Gas,"
10537,Industrial/Commercial Sales & Service,00010001611002,Huntington Power, 34 E DUDLEY TOWN RD.,,BLOOMFIELD,CT ,06002,USA,,860-289-8790,"Sales,Service,Rental,"
10537,Industrial/Commercial Sales & Service,00010214161002,"R.L. Kistler, Inc", 5615 Business Ave.,,N. Syracuse,NY ,13208,USA,,315-458-2875,"Sales,"
10537,Industrial/Commercial Sales & Service,00010208021002,Modern Group Power Systems, 2501 Durham Road,,Bristol,PA ,19007,USA,www.moderngroup.com,800-404-7291,"Sales,Service,Up To 2MW,Mobile/Diesel/Gas,Training,Rental,"
10537,Industrial/Commercial Sales & Service,00010001731002,Authorized Services Of New England, 410 Forest Street,,Marlborough,MA ,01752,USA,www.asne.com,888-890-9886,"Financing,Sales,Service,Up To 2MW,Mobile/Diesel/Gas,Training,Rental,"
10537,Industrial/Commercial Sales & Service,00010008091002,MODERN HANDLING EQUIP, 75 NEW STREET,,EDISON,NJ ,08837,USA,www.moderngroup.com,800-779-5116,"Sales,Service,Up To 2MW,Mobile/Diesel/Gas,"
10537,Industrial/Commercial Sales & Service,00010000931002,"EMERGENCY POWER SYSTEMS, LLC", 35 HAMILTON LANE,,GLENMONT,NY ,12077,USA,,800-914-1465,"Service,Up To 2MW,Mobile/Diesel/Gas,"
10537,Industrial/Commercial Sales & Service,00010000931002,"EMERGENCY POWER SYSTEMS, LLC", 35 HAMILTON LANE,,GLENMONT,NY ,12077,USA,,800-914-1465,"Service,"
10537,Industrial/Commercial Sales & Service,00010208021002,Modern Group Power Systems, 6352 Chapmans Rd,,Allentown,PA ,18106,USA,,800-404-7291,"Sales,Service,Up To 2MW,Mobile/Diesel/Gas,"
10537,Industrial/Commercial Sales & Service,00010208021002,Modern Group Power Systems, 295 New Commerce Blvd.,,Wilkes Barre,PA ,18706,USA,,800-404-7291,"Sales,Service,Up To 2MW,Mobile/Diesel/Gas,"
10537,Industrial/Commercial Sales & Service,00010208021002,Modern Group Power Systems, 200 Allied Parkway,,West Berlin,NJ ,08091,USA,,800-404-7291,"Sales,Service,Up To 2MW,Mobile/Diesel/Gas,"
10537,Industrial/Commercial Sales & Service,00010001731002,AUTHORIZED SERVICES OF NEW ENGLAND, 410 FOREST STREET,,MARLBOROUGH,MA ,01752,USA,,888-890-9886,"Sales,"
10537,Industrial/Commercial Sales & Service,00010208021002,Modern Group Power Systems, 66A South Gate Blvd.,,New Castle,DE ,19720,USA,,800-404-7291,"Sales,Service,Up To 2MW,Mobile/Diesel/Gas,"
10537,Industrial/Commercial Sales & Service,00010208021002,Modern Group Power Systems, 3480 Board Road,,York,PA ,17402,USA,,800-404-7291,"Sales,Service,Up To 2MW,Mobile/Diesel/Gas,"
10537,Industrial/Commercial Sales & Service,00010134071002,PEAK POWER SYSTEMS, 99 SPRAGUE AVENUE,,MIDDLETOWN,NY ,10940,USA,www.peakpowersystems.com,845-344-1975,"Sales,Service,Up To 600kW,Mobile/Diesel/Gas,Rental,"
10537,Industrial/Commercial Sales & Service,00111209531002,HUNTINGTON POWER - LONG ISLAND, PO BOX 2040,,SHELTON,CT ,06484,USA,,631-586-7513,"Sales,"
10537,Industrial/Commercial Sales & Service,00010001761002,"GENSERVE, INC.", 100 NEWTOWN RD,,PLAINVIEW,NY ,11803,USA,www.genserveinc.com,631-435-0437,"Service,"
10537,Industrial/Commercial Sales & Service,00111209521002,LONG ISLAND EMERGENCY POWER -QO, 2 Ocean Avenue,,DEER PARK,NY ,11729,USA,,631-586-7513,"Sales,"
10537,Industrial/Commercial Sales & Service,00010139211002,POWERPRO SERVICE CO. INC., 608 JOHNSON AVE. UNIT 6,,BOHEMIA,NY ,11716,USA,,631-567-2700,"Sales,Service,Up To 600kW,Mobile/Diesel/Gas,"
10537,Industrial/Commercial Sales & Service,00010001761002,"GENSERVE, INC.", 115A TWINBRIDGE DR.,,PENNSAUKEN,NJ ,08110,USA,www.genserveinc.com,856-324-0459,"Service,"
10537,Industrial/Commercial Sales & Service,00010001621002,BROOKFIELD SERVICE, 708 GLEBE ROAD,,WESTMORELAND,NH ,03467,USA,www.brookfieldservice.com,802-485-6567,"Service,Up To 600kW,Mobile/Diesel/Gas,"
10537,Industrial/Commercial Sales & Service,00111184131002,HUNTER & LOMISON, 1956 W FOURTH ST,,WILLIAMSPORT,PA ,17701,USA,www.hunterlomison.com,570-326-1764,"Sales,Service,Up To 600kW,Mobile/Diesel/Gas,Rental,"
10537,Industrial/Commercial Sales & Service,00010000881002,HUNTER & LOMISON INC., 1956 W. 4TH STREET,,WILLIAMSPORT,PA ,17701,USA,www.hunterlomison.com,570-326-1764,"Service,Up To 600kW,Mobile/Diesel/Gas,"
10537,Industrial/Commercial Sales & Service,00010021101002,SOUTH SHORE GENERATOR INC-Quote, 2696A CRANBERRY HWY,,WAREHAM,MA ,02571,USA,,508-295-7336,"Sales,Service,Up To 600kW,Mobile/Diesel/Gas,"
10537,Industrial/Commercial Sales & Service,00010001701002,SOUTH SHORE GENERATOR INC, ,,EAST WAREHAM,MA ,02538,USA,,508-295-7336,"Financing,Sales,Service,Up To 600kW,Mobile/Diesel/Gas,"
10537,Industrial/Commercial Sales & Service,00111207431002,WARSHAUER ELECTRIC SUPPLY CO INC, 800 SHREWSBURY AVE,,TINTON FALLS,NJ ,07724,USA,www.warshauer.com,732-741-6400,"Service,"
10537,Industrial/Commercial Sales & Service,00010157021002,Mechanical Service Co, 1145 Oak St.,,Pittston,PA ,18640,USA,,570-654-2445,"Service,"
10538,Industrial/Commercial Sales & Service,00010214161002,"R.L. KISTLER, INC.", 35 HAMILTON LANE,,GLENMONT,NY ,12077,USA,,585-436-1940,"Sales,Service,"
10538,Industrial/Commercial Sales & Service,00010001611002,Huntington Power, 230 Long Hill Cross Rd,,Shelton,CT ,06484,USA,www.huntingtonpower.com,203-929-3203,"Sales,Service,Up To 2MW,Mobile/Diesel/Gas,Training,Rental,"
10538,Industrial/Commercial Sales & Service,00010214161002,"R.L. Kistler, Inc", 300 Mile Crossing Blvd.,,Rochester,NY ,14624,USA,rlkistler.com,585-436-1940,"Sales,"
10538,Industrial/Commercial Sales & Service,00010214161002,"R.L. Kistler, Inc", 5615 Business Ave.,,N. Syracuse,NY ,13208,USA,,315-458-2875,"Sales,"
10538,Industrial/Commercial Sales & Service,00010001611002,Huntington Power, 68 Enter Ln,,Islandia,NY ,11749,USA,,631-563-4943,"Sales,Service,Up To 2MW,Mobile/Diesel/Gas,"
10538,Industrial/Commercial Sales & Service,00010001611002,Huntington Power, 34 E DUDLEY TOWN RD.,,BLOOMFIELD,CT ,06002,USA,,860-289-8790,"Sales,Service,Rental,"
10538,Industrial/Commercial Sales & Service,00010214161002,"R.L. Kistler, Inc", 5615 Business Ave.,,N. Syracuse,NY ,13208,USA,,315-458-2875,"Sales,"
10538,Industrial/Commercial Sales & Service,00010208021002,Modern Group Power Systems, 2501 Durham Road,,Bristol,PA ,19007,USA,www.moderngroup.com,800-404-7291,"Sales,Service,Up To 2MW,Mobile/Diesel/Gas,Training,Rental,"
10538,Industrial/Commercial Sales & Service,00010001731002,Authorized Services Of New England, 410 Forest Street,,Marlborough,MA ,01752,USA,www.asne.com,888-890-9886,"Financing,Sales,Service,Up To 2MW,Mobile/Diesel/Gas,Training,Rental,"
10538,Industrial/Commercial Sales & Service,00010008091002,MODERN HANDLING EQUIP, 75 NEW STREET,,EDISON,NJ ,08837,USA,www.moderngroup.com,800-779-5116,"Sales,Service,Up To 2MW,Mobile/Diesel/Gas,"
10538,Industrial/Commercial Sales & Service,00010208021002,Modern Group Power Systems, 6352 Chapmans Rd,,Allentown,PA ,18106,USA,,800-404-7291,"Sales,Service,Up To 2MW,Mobile/Diesel/Gas,"
10538,Industrial/Commercial Sales & Service,00010208021002,Modern Group Power Systems, 200 Allied Parkway,,West Berlin,NJ ,08091,USA,,800-404-7291,"Sales,Service,Up To 2MW,Mobile/Diesel/Gas,"
10538,Industrial/Commercial Sales & Service,00010000931002,"EMERGENCY POWER SYSTEMS, LLC", 35 HAMILTON LANE,,GLENMONT,NY ,12077,USA,,800-914-1465,"Service,Up To 2MW,Mobile/Diesel/Gas,"
10538,Industrial/Commercial Sales & Service,00010000931002,"EMERGENCY POWER SYSTEMS, LLC", 35 HAMILTON LANE,,GLENMONT,NY ,12077,USA,,800-914-1465,"Service,"
10538,Industrial/Commercial Sales & Service,00010208021002,Modern Group Power Systems, 295 New Commerce Blvd.,,Wilkes Barre,PA ,18706,USA,,800-404-7291,"Sales,Service,Up To 2MW,Mobile/Diesel/Gas,"
10538,Industrial/Commercial Sales & Service,00010208021002,Modern Group Power Systems, 66A South Gate Blvd.,,New Castle,DE ,19720,USA,,800-404-7291,"Sales,Service,Up To 2MW,Mobile/Diesel/Gas,"
10538,Industrial/Commercial Sales & Service,00010001731002,AUTHORIZED SERVICES OF NEW ENGLAND, 410 FOREST STREET,,MARLBOROUGH,MA ,01752,USA,,888-890-9886,"Sales,"
10538,Industrial/Commercial Sales & Service,00010208021002,Modern Group Power Systems, 3480 Board Road,,York,PA ,17402,USA,,800-404-7291,"Sales,Service,Up To 2MW,Mobile/Diesel/Gas,"
10538,Industrial/Commercial Sales & Service,00010001761002,"GENSERVE, INC.", 100 NEWTOWN RD,,PLAINVIEW,NY ,11803,USA,www.genserveinc.com,631-435-0437,"Service,"
10538,Industrial/Commercial Sales & Service,00111209521002,LONG ISLAND EMERGENCY POWER -QO, 2 Ocean Avenue,,DEER PARK,NY ,11729,USA,,631-586-7513,"Sales,"
10538,Industrial/Commercial Sales & Service,00010139211002,POWERPRO SERVICE CO. INC., 608 JOHNSON AVE. UNIT 6,,BOHEMIA,NY ,11716,USA,,631-567-2700,"Sales,Service,Up To 600kW,Mobile/Diesel/Gas,"
10538,Industrial/Commercial Sales & Service,00111209531002,HUNTINGTON POWER - LONG ISLAND, PO BOX 2040,,SHELTON,CT ,06484,USA,,631-586-7513,"Sales,"
10538,Industrial/Commercial Sales & Service,00010134071002,PEAK POWER SYSTEMS, 99 SPRAGUE AVENUE,,MIDDLETOWN,NY ,10940,USA,www.peakpowersystems.com,845-344-1975,"Sales,Service,Up To 600kW,Mobile/Diesel/Gas,Rental,"
10538,Industrial/Commercial Sales & Service,00010001761002,"GENSERVE, INC.", 115A TWINBRIDGE DR.,,PENNSAUKEN,NJ ,08110,USA,www.genserveinc.com,856-324-0459,"Service,"
10538,Industrial/Commercial Sales & Service,00010001621002,BROOKFIELD SERVICE, 708 GLEBE ROAD,,WESTMORELAND,NH ,03467,USA,www.brookfieldservice.com,802-485-6567,"Service,Up To 600kW,Mobile/Diesel/Gas,"
10538,Industrial/Commercial Sales & Service,00010021101002,SOUTH SHORE GENERATOR INC-Quote, 2696A CRANBERRY HWY,,WAREHAM,MA ,02571,USA,,508-295-7336,"Sales,Service,Up To 600kW,Mobile/Diesel/Gas,"
10538,Industrial/Commercial Sales & Service,00010001701002,SOUTH SHORE GENERATOR INC, ,,EAST WAREHAM,MA ,02538,USA,,508-295-7336,"Financing,Sales,Service,Up To 600kW,Mobile/Diesel/Gas,"
10538,Industrial/Commercial Sales & Service,00111184131002,HUNTER & LOMISON, 1956 W FOURTH ST,,WILLIAMSPORT,PA ,17701,USA,www.hunterlomison.com,570-326-1764,"Sales,Service,Up To 600kW,Mobile/Diesel/Gas,Rental,"
10538,Industrial/Commercial Sales & Service,00010000881002,HUNTER & LOMISON INC., 1956 W. 4TH STREET,,WILLIAMSPORT,PA ,17701,USA,www.hunterlomison.com,570-326-1764,"Service,Up To 600kW,Mobile/Diesel/Gas,"
10538,Industrial/Commercial Sales & Service,00111207431002,WARSHAUER ELECTRIC SUPPLY CO INC, 800 SHREWSBURY AVE,,TINTON FALLS,NJ ,07724,USA,www.warshauer.com,732-741-6400,"Service,"
10538,Industrial/Commercial Sales & Service,00010157021002,Mechanical Service Co, 1145 Oak St.,,Pittston,PA ,18640,USA,,570-654-2445,"Service,"
10540,Industrial/Commercial Sales & Service,00010214161002,"R.L. KISTLER, INC.", 35 HAMILTON LANE,,GLENMONT,NY ,12077,USA,,585-436-1940,"Sales,Service,"
10540,Industrial/Commercial Sales & Service,00010214161002,"R.L. Kistler, Inc", 300 Mile Crossing Blvd.,,Rochester,NY ,14624,USA,rlkistler.com,585-436-1940,"Sales,"
10540,Industrial/Commercial Sales & Service,00010001611002,Huntington Power, 230 Long Hill Cross Rd,,Shelton,CT ,06484,USA,www.huntingtonpower.com,203-929-3203,"Sales,Service,Up To 2MW,Mobile/Diesel/Gas,Training,Rental,"
10540,Industrial/Commercial Sales & Service,00010214161002,"R.L. Kistler, Inc", 5615 Business Ave.,,N. Syracuse,NY ,13208,USA,,315-458-2875,"Sales,"
10540,Industrial/Commercial Sales & Service,00010214161002,"R.L. Kistler, Inc", 5615 Business Ave.,,N. Syracuse,NY ,13208,USA,,315-458-2875,"Sales,"
10540,Industrial/Commercial Sales & Service,00010001611002,Huntington Power, 68 Enter Ln,,Islandia,NY ,11749,USA,,631-563-4943,"Sales,Service,Up To 2MW,Mobile/Diesel/Gas,"
10540,Industrial/Commercial Sales & Service,00010001611002,Huntington Power, 34 E DUDLEY TOWN RD.,,BLOOMFIELD,CT ,06002,USA,,860-289-8790,"Sales,Service,Rental,"
10540,Industrial/Commercial Sales & Service,00010208021002,Modern Group Power Systems, 2501 Durham Road,,Bristol,PA ,19007,USA,www.moderngroup.com,800-404-7291,"Sales,Service,Up To 2MW,Mobile/Diesel/Gas,Training,Rental,"
10540,Industrial/Commercial Sales & Service,00010001731002,Authorized Services Of New England, 410 Forest Street,,Marlborough,MA ,01752,USA,www.asne.com,888-890-9886,"Financing,Sales,Service,Up To 2MW,Mobile/Diesel/Gas,Training,Rental,"
10540,Industrial/Commercial Sales & Service,00010008091002,MODERN HANDLING EQUIP, 75 NEW STREET,,EDISON,NJ ,08837,USA,www.moderngroup.com,800-779-5116,"Sales,Service,Up To 2MW,Mobile/Diesel/Gas,"
10540,Industrial/Commercial Sales & Service,00010000931002,"EMERGENCY POWER SYSTEMS, LLC", 35 HAMILTON LANE,,GLENMONT,NY ,12077,USA,,800-914-1465,"Service,Up To 2MW,Mobile/Diesel/Gas,"
10540,Industrial/Commercial Sales & Service,00010000931002,"EMERGENCY POWER SYSTEMS, LLC", 35 HAMILTON LANE,,GLENMONT,NY ,12077,USA,,800-914-1465,"Service,"
10540,Industrial/Commercial Sales & Service,00010208021002,Modern Group Power Systems, 6352 Chapmans Rd,,Allentown,PA ,18106,USA,,800-404-7291,"Sales,Service,Up To 2MW,Mobile/Diesel/Gas,"
10540,Industrial/Commercial Sales & Service,00010208021002,Modern Group Power Systems, 295 New Commerce Blvd.,,Wilkes Barre,PA ,18706,USA,,800-404-7291,"Sales,Service,Up To 2MW,Mobile/Diesel/Gas,"
10540,Industrial/Commercial Sales & Service,00010208021002,Modern Group Power Systems, 200 Allied Parkway,,West Berlin,NJ ,08091,USA,,800-404-7291,"Sales,Service,Up To 2MW,Mobile/Diesel/Gas,"
10540,Industrial/Commercial Sales & Service,00010001731002,AUTHORIZED SERVICES OF NEW ENGLAND, 410 FOREST STREET,,MARLBOROUGH,MA ,01752,USA,,888-890-9886,"Sales,"
10540,Industrial/Commercial Sales & Service,00010208021002,Modern Group Power Systems, 66A South Gate Blvd.,,New Castle,DE ,19720,USA,,800-404-7291,"Sales,Service,Up To 2MW,Mobile/Diesel/Gas,"
10540,Industrial/Commercial Sales & Service,00010208021002,Modern Group Power Systems, 3480 Board Road,,York,PA ,17402,USA,,800-404-7291,"Sales,Service,Up To 2MW,Mobile/Diesel/Gas,"
10540,Industrial/Commercial Sales & Service,00111209531002,HUNTINGTON POWER - LONG ISLAND, PO BOX 2040,,SHELTON,CT ,06484,USA,,631-586-7513,"Sales,"
10540,Industrial/Commercial Sales & Service,00010134071002,PEAK POWER SYSTEMS, 99 SPRAGUE AVENUE,,MIDDLETOWN,NY ,10940,USA,www.peakpowersystems.com,845-344-1975,"Sales,Service,Up To 600kW,Mobile/Diesel/Gas,Rental,"
10540,Industrial/Commercial Sales & Service,00010001761002,"GENSERVE, INC.", 100 NEWTOWN RD,,PLAINVIEW,NY ,11803,USA,www.genserveinc.com,631-435-0437,"Service,"
10540,Industrial/Commercial Sales & Service,00111209521002,LONG ISLAND EMERGENCY POWER -QO, 2 Ocean Avenue,,DEER PARK,NY ,11729,USA,,631-586-7513,"Sales,"
10540,Industrial/Commercial Sales & Service,00010139211002,POWERPRO SERVICE CO. INC., 608 JOHNSON AVE. UNIT 6,,BOHEMIA,NY ,11716,USA,,631-567-2700,"Sales,Service,Up To 600kW,Mobile/Diesel/Gas,"
10540,Industrial/Commercial Sales & Service,00010001761002,"GENSERVE, INC.", 115A TWINBRIDGE DR.,,PENNSAUKEN,NJ ,08110,USA,www.genserveinc.com,856-324-0459,"Service,"
10540,Industrial/Commercial Sales & Service,00010001621002,BROOKFIELD SERVICE, 708 GLEBE ROAD,,WESTMORELAND,NH ,03467,USA,www.brookfieldservice.com,802-485-6567,"Service,Up To 600kW,Mobile/Diesel/Gas,"
10540,Industrial/Commercial Sales & Service,00010021101002,SOUTH SHORE GENERATOR INC-Quote, 2696A CRANBERRY HWY,,WAREHAM,MA ,02571,USA,,508-295-7336,"Sales,Service,Up To 600kW,Mobile/Diesel/Gas,"
10540,Industrial/Commercial Sales & Service,00010001701002,SOUTH SHORE GENERATOR INC, ,,EAST WAREHAM,MA ,02538,USA,,508-295-7336,"Financing,Sales,Service,Up To 600kW,Mobile/Diesel/Gas,"
10540,Industrial/Commercial Sales & Service,00111184131002,HUNTER & LOMISON, 1956 W FOURTH ST,,WILLIAMSPORT,PA ,17701,USA,www.hunterlomison.com,570-326-1764,"Sales,Service,Up To 600kW,Mobile/Diesel/Gas,Rental,"
10540,Industrial/Commercial Sales & Service,00010000881002,HUNTER & LOMISON INC., 1956 W. 4TH STREET,,WILLIAMSPORT,PA ,17701,USA,www.hunterlomison.com,570-326-1764,"Service,Up To 600kW,Mobile/Diesel/Gas,"
10540,Industrial/Commercial Sales & Service,00111207431002,WARSHAUER ELECTRIC SUPPLY CO INC, 800 SHREWSBURY AVE,,TINTON FALLS,NJ ,07724,USA,www.warshauer.com,732-741-6400,"Service,"
10540,Industrial/Commercial Sales & Service,00010157021002,Mechanical Service Co, 1145 Oak St.,,Pittston,PA ,18640,USA,,570-654-2445,"Service,"
10541,Industrial/Commercial Sales & Service,00010214161002,"R.L. Kistler, Inc", 300 Mile Crossing Blvd.,,Rochester,NY ,14624,USA,rlkistler.com,585-436-1940,"Sales,"
10541,Industrial/Commercial Sales & Service,00010214161002,"R.L. KISTLER, INC.", 35 HAMILTON LANE,,GLENMONT,NY ,12077,USA,,585-436-1940,"Sales,Service,"
10541,Industrial/Commercial Sales & Service,00010001611002,Huntington Power, 230 Long Hill Cross Rd,,Shelton,CT ,06484,USA,www.huntingtonpower.com,203-929-3203,"Sales,Service,Up To 2MW,Mobile/Diesel/Gas,Training,Rental,"
10541,Industrial/Commercial Sales & Service,00010214161002,"R.L. Kistler, Inc", 5615 Business Ave.,,N. Syracuse,NY ,13208,USA,,315-458-2875,"Sales,"
10541,Industrial/Commercial Sales & Service,00010214161002,"R.L. Kistler, Inc", 5615 Business Ave.,,N. Syracuse,NY ,13208,USA,,315-458-2875,"Sales,"
10541,Industrial/Commercial Sales & Service,00010001611002,Huntington Power, 68 Enter Ln,,Islandia,NY ,11749,USA,,631-563-4943,"Sales,Service,Up To 2MW,Mobile/Diesel/Gas,"
10541,Industrial/Commercial Sales & Service,00010001611002,Huntington Power, 34 E DUDLEY TOWN RD.,,BLOOMFIELD,CT ,06002,USA,,860-289-8790,"Sales,Service,Rental,"
10541,Industrial/Commercial Sales & Service,00010208021002,Modern Group Power Systems, 2501 Durham Road,,Bristol,PA ,19007,USA,www.moderngroup.com,800-404-7291,"Sales,Service,Up To 2MW,Mobile/Diesel/Gas,Training,Rental,"
10541,Industrial/Commercial Sales & Service,00010001731002,Authorized Services Of New England, 410 Forest Street,,Marlborough,MA ,01752,USA,www.asne.com,888-890-9886,"Financing,Sales,Service,Up To 2MW,Mobile/Diesel/Gas,Training,Rental,"
10541,Industrial/Commercial Sales & Service,00010008091002,MODERN HANDLING EQUIP, 75 NEW STREET,,EDISON,NJ ,08837,USA,www.moderngroup.com,800-779-5116,"Sales,Service,Up To 2MW,Mobile/Diesel/Gas,"
10541,Industrial/Commercial Sales & Service,00010000931002,"EMERGENCY POWER SYSTEMS, LLC", 35 HAMILTON LANE,,GLENMONT,NY ,12077,USA,,800-914-1465,"Service,Up To 2MW,Mobile/Diesel/Gas,"
10541,Industrial/Commercial Sales & Service,00010000931002,"EMERGENCY POWER SYSTEMS, LLC", 35 HAMILTON LANE,,GLENMONT,NY ,12077,USA,,800-914-1465,"Service,"
10541,Industrial/Commercial Sales & Service,00010208021002,Modern Group Power Systems, 6352 Chapmans Rd,,Allentown,PA ,18106,USA,,800-404-7291,"Sales,Service,Up To 2MW,Mobile/Diesel/Gas,"
10541,Industrial/Commercial Sales & Service,00010208021002,Modern Group Power Systems, 295 New Commerce Blvd.,,Wilkes Barre,PA ,18706,USA,,800-404-7291,"Sales,Service,Up To 2MW,Mobile/Diesel/Gas,"
10541,Industrial/Commercial Sales & Service,00010208021002,Modern Group Power Systems, 200 Allied Parkway,,West Berlin,NJ ,08091,USA,,800-404-7291,"Sales,Service,Up To 2MW,Mobile/Diesel/Gas,"
10541,Industrial/Commercial Sales & Service,00010001731002,AUTHORIZED SERVICES OF NEW ENGLAND, 410 FOREST STREET,,MARLBOROUGH,MA ,01752,USA,,888-890-9886,"Sales,"
10541,Industrial/Commercial Sales & Service,00010208021002,Modern Group Power Systems, 66A South Gate Blvd.,,New Castle,DE ,19720,USA,,800-404-7291,"Sales,Service,Up To 2MW,Mobile/Diesel/Gas,"
10541,Industrial/Commercial Sales & Service,00010208021002,Modern Group Power Systems, 3480 Board Road,,York,PA ,17402,USA,,800-404-7291,"Sales,Service,Up To 2MW,Mobile/Diesel/Gas,"
10541,Industrial/Commercial Sales & Service,00111209531002,HUNTINGTON POWER - LONG ISLAND, PO BOX 2040,,SHELTON,CT ,06484,USA,,631-586-7513,"Sales,"
10541,Industrial/Commercial Sales & Service,00010134071002,PEAK POWER SYSTEMS, 99 SPRAGUE AVENUE,,MIDDLETOWN,NY ,10940,USA,www.peakpowersystems.com,845-344-1975,"Sales,Service,Up To 600kW,Mobile/Diesel/Gas,Rental,"
10541,Industrial/Commercial Sales & Service,00010001761002,"GENSERVE, INC.", 100 NEWTOWN RD,,PLAINVIEW,NY ,11803,USA,www.genserveinc.com,631-435-0437,"Service,"
10541,Industrial/Commercial Sales & Service,00111209521002,LONG ISLAND EMERGENCY POWER -QO, 2 Ocean Avenue,,DEER PARK,NY ,11729,USA,,631-586-7513,"Sales,"
10541,Industrial/Commercial Sales & Service,00010139211002,POWERPRO SERVICE CO. INC., 608 JOHNSON AVE. UNIT 6,,BOHEMIA,NY ,11716,USA,,631-567-2700,"Sales,Service,Up To 600kW,Mobile/Diesel/Gas,"
10541,Industrial/Commercial Sales & Service,00010001761002,"GENSERVE, INC.", 115A TWINBRIDGE DR.,,PENNSAUKEN,NJ ,08110,USA,www.genserveinc.com,856-324-0459,"Service,"
10541,Industrial/Commercial Sales & Service,00010001621002,BROOKFIELD SERVICE, 708 GLEBE ROAD,,WESTMORELAND,NH ,03467,USA,www.brookfieldservice.com,802-485-6567,"Service,Up To 600kW,Mobile/Diesel/Gas,"
10541,Industrial/Commercial Sales & Service,00010021101002,SOUTH SHORE GENERATOR INC-Quote, 2696A CRANBERRY HWY,,WAREHAM,MA ,02571,USA,,508-295-7336,"Sales,Service,Up To 600kW,Mobile/Diesel/Gas,"
10541,Industrial/Commercial Sales & Service,00010001701002,SOUTH SHORE GENERATOR INC, ,,EAST WAREHAM,MA ,02538,USA,,508-295-7336,"Financing,Sales,Service,Up To 600kW,Mobile/Diesel/Gas,"
10541,Industrial/Commercial Sales & Service,00111184131002,HUNTER & LOMISON, 1956 W FOURTH ST,,WILLIAMSPORT,PA ,17701,USA,www.hunterlomison.com,570-326-1764,"Sales,Service,Up To 600kW,Mobile/Diesel/Gas,Rental,"
10541,Industrial/Commercial Sales & Service,00010000881002,HUNTER & LOMISON INC., 1956 W. 4TH STREET,,WILLIAMSPORT,PA ,17701,USA,www.hunterlomison.com,570-326-1764,"Service,Up To 600kW,Mobile/Diesel/Gas,"
10541,Industrial/Commercial Sales & Service,00010001621002,BROOKFIELD SERVICE, 829 VT ROUTE 12 SOUTH,,NORTHFIELD,VT ,05663,USA,www.brookfieldservice.com,802-485-6567,"Sales,Service,Up To 600kW,Mobile/Diesel/Gas,"
10541,Industrial/Commercial Sales & Service,00111207431002,WARSHAUER ELECTRIC SUPPLY CO INC, 800 SHREWSBURY AVE,,TINTON FALLS,NJ ,07724,USA,www.warshauer.com,732-741-6400,"Service,"
10541,Industrial/Commercial Sales & Service,00010157021002,Mechanical Service Co, 1145 Oak St.,,Pittston,PA ,18640,USA,,570-654-2445,"Service,"
10542,Industrial/Commercial Sales & Service,00010001611002,Huntington Power, 230 Long Hill Cross Rd,,Shelton,CT ,06484,USA,www.huntingtonpower.com,203-929-3203,"Sales,Service,Up To 2MW,Mobile/Diesel/Gas,Training,Rental,"
10542,Industrial/Commercial Sales & Service,00010214161002,"R.L. KISTLER, INC.", 35 HAMILTON LANE,,GLENMONT,NY ,12077,USA,,585-436-1940,"Sales,Service,"
10542,Industrial/Commercial Sales & Service,00010214161002,"R.L. Kistler, Inc", 300 Mile Crossing Blvd.,,Rochester,NY ,14624,USA,rlkistler.com,585-436-1940,"Sales,"
10542,Industrial/Commercial Sales & Service,00010001611002,Huntington Power, 68 Enter Ln,,Islandia,NY ,11749,USA,,631-563-4943,"Sales,Service,Up To 2MW,Mobile/Diesel/Gas,"
10542,Industrial/Commercial Sales & Service,00010001611002,Huntington Power, 34 E DUDLEY TOWN RD.,,BLOOMFIELD,CT ,06002,USA,,860-289-8790,"Sales,Service,Rental,"
10542,Industrial/Commercial Sales & Service,00010214161002,"R.L. Kistler, Inc", 5615 Business Ave.,,N. Syracuse,NY ,13208,USA,,315-458-2875,"Sales,"
10542,Industrial/Commercial Sales & Service,00010214161002,"R.L. Kistler, Inc", 5615 Business Ave.,,N. Syracuse,NY ,13208,USA,,315-458-2875,"Sales,"
10542,Industrial/Commercial Sales & Service,00010208021002,Modern Group Power Systems, 2501 Durham Road,,Bristol,PA ,19007,USA,www.moderngroup.com,800-404-7291,"Sales,Service,Up To 2MW,Mobile/Diesel/Gas,Training,Rental,"
10542,Industrial/Commercial Sales & Service,00010001731002,Authorized Services Of New England, 410 Forest Street,,Marlborough,MA ,01752,USA,www.asne.com,888-890-9886,"Financing,Sales,Service,Up To 2MW,Mobile/Diesel/Gas,Training,Rental,"
10542,Industrial/Commercial Sales & Service,00010008091002,MODERN HANDLING EQUIP, 75 NEW STREET,,EDISON,NJ ,08837,USA,www.moderngroup.com,800-779-5116,"Sales,Service,Up To 2MW,Mobile/Diesel/Gas,"
10542,Industrial/Commercial Sales & Service,00010000931002,"EMERGENCY POWER SYSTEMS, LLC", 35 HAMILTON LANE,,GLENMONT,NY ,12077,USA,,800-914-1465,"Service,Up To 2MW,Mobile/Diesel/Gas,"
10542,Industrial/Commercial Sales & Service,00010000931002,"EMERGENCY POWER SYSTEMS, LLC", 35 HAMILTON LANE,,GLENMONT,NY ,12077,USA,,800-914-1465,"Service,"
10542,Industrial/Commercial Sales & Service,00010208021002,Modern Group Power Systems, 6352 Chapmans Rd,,Allentown,PA ,18106,USA,,800-404-7291,"Sales,Service,Up To 2MW,Mobile/Diesel/Gas,"
10542,Industrial/Commercial Sales & Service,00010208021002,Modern Group Power Systems, 295 New Commerce Blvd.,,Wilkes Barre,PA ,18706,USA,,800-404-7291,"Sales,Service,Up To 2MW,Mobile/Diesel/Gas,"
10542,Industrial/Commercial Sales & Service,00010208021002,Modern Group Power Systems, 200 Allied Parkway,,West Berlin,NJ ,08091,USA,,800-404-7291,"Sales,Service,Up To 2MW,Mobile/Diesel/Gas,"
10542,Industrial/Commercial Sales & Service,00010001731002,AUTHORIZED SERVICES OF NEW ENGLAND, 410 FOREST STREET,,MARLBOROUGH,MA ,01752,USA,,888-890-9886,"Sales,"
10542,Industrial/Commercial Sales & Service,00010208021002,Modern Group Power Systems, 66A South Gate Blvd.,,New Castle,DE ,19720,USA,,800-404-7291,"Sales,Service,Up To 2MW,Mobile/Diesel/Gas,"
10542,Industrial/Commercial Sales & Service,00010208021002,Modern Group Power Systems, 3480 Board Road,,York,PA ,17402,USA,,800-404-7291,"Sales,Service,Up To 2MW,Mobile/Diesel/Gas,"
10542,Industrial/Commercial Sales & Service,00111209531002,HUNTINGTON POWER - LONG ISLAND, PO BOX 2040,,SHELTON,CT ,06484,USA,,631-586-7513,"Sales,"
10542,Industrial/Commercial Sales & Service,00010134071002,PEAK POWER SYSTEMS, 99 SPRAGUE AVENUE,,MIDDLETOWN,NY ,10940,USA,www.peakpowersystems.com,845-344-1975,"Sales,Service,Up To 600kW,Mobile/Diesel/Gas,Rental,"
10542,Industrial/Commercial Sales & Service,00010001761002,"GENSERVE, INC.", 100 NEWTOWN RD,,PLAINVIEW,NY ,11803,USA,www.genserveinc.com,631-435-0437,"Service,"
10542,Industrial/Commercial Sales & Service,00111209521002,LONG ISLAND EMERGENCY POWER -QO, 2 Ocean Avenue,,DEER PARK,NY ,11729,USA,,631-586-7513,"Sales,"
10542,Industrial/Commercial Sales & Service,00010139211002,POWERPRO SERVICE CO. INC., 608 JOHNSON AVE. UNIT 6,,BOHEMIA,NY ,11716,USA,,631-567-2700,"Sales,Service,Up To 600kW,Mobile/Diesel/Gas,"
10542,Industrial/Commercial Sales & Service,00010001761002,"GENSERVE, INC.", 115A TWINBRIDGE DR.,,PENNSAUKEN,NJ ,08110,USA,www.genserveinc.com,856-324-0459,"Service,"
10542,Industrial/Commercial Sales & Service,00010001621002,BROOKFIELD SERVICE, 708 GLEBE ROAD,,WESTMORELAND,NH ,03467,USA,www.brookfieldservice.com,802-485-6567,"Service,Up To 600kW,Mobile/Diesel/Gas,"
10542,Industrial/Commercial Sales & Service,00010021101002,SOUTH SHORE GENERATOR INC-Quote, 2696A CRANBERRY HWY,,WAREHAM,MA ,02571,USA,,508-295-7336,"Sales,Service,Up To 600kW,Mobile/Diesel/Gas,"
10542,Industrial/Commercial Sales & Service,00010001701002,SOUTH SHORE GENERATOR INC, ,,EAST WAREHAM,MA ,02538,USA,,508-295-7336,"Financing,Sales,Service,Up To 600kW,Mobile/Diesel/Gas,"
10542,Industrial/Commercial Sales & Service,00111184131002,HUNTER & LOMISON, 1956 W FOURTH ST,,WILLIAMSPORT,PA ,17701,USA,www.hunterlomison.com,570-326-1764,"Sales,Service,Up To 600kW,Mobile/Diesel/Gas,Rental,"
10542,Industrial/Commercial Sales & Service,00010000881002,HUNTER & LOMISON INC., 1956 W. 4TH STREET,,WILLIAMSPORT,PA ,17701,USA,www.hunterlomison.com,570-326-1764,"Service,Up To 600kW,Mobile/Diesel/Gas,"
10542,Industrial/Commercial Sales & Service,00010001621002,BROOKFIELD SERVICE, 829 VT ROUTE 12 SOUTH,,NORTHFIELD,VT ,05663,USA,www.brookfieldservice.com,802-485-6567,"Sales,Service,Up To 600kW,Mobile/Diesel/Gas,"
10542,Industrial/Commercial Sales & Service,00111207431002,WARSHAUER ELECTRIC SUPPLY CO INC, 800 SHREWSBURY AVE,,TINTON FALLS,NJ ,07724,USA,www.warshauer.com,732-741-6400,"Service,"
10542,Industrial/Commercial Sales & Service,00010157021002,Mechanical Service Co, 1145 Oak St.,,Pittston,PA ,18640,USA,,570-654-2445,"Service,"
10543,Industrial/Commercial Sales & Service,00010214161002,"R.L. Kistler, Inc", 300 Mile Crossing Blvd.,,Rochester,NY ,14624,USA,rlkistler.com,585-436-1940,"Sales,"
10543,Industrial/Commercial Sales & Service,00010001611002,Huntington Power, 230 Long Hill Cross Rd,,Shelton,CT ,06484,USA,www.huntingtonpower.com,203-929-3203,"Sales,Service,Up To 2MW,Mobile/Diesel/Gas,Training,Rental,"
10543,Industrial/Commercial Sales & Service,00010214161002,"R.L. KISTLER, INC.", 35 HAMILTON LANE,,GLENMONT,NY ,12077,USA,,585-436-1940,"Sales,Service,"
10543,Industrial/Commercial Sales & Service,00010214161002,"R.L. Kistler, Inc", 5615 Business Ave.,,N. Syracuse,NY ,13208,USA,,315-458-2875,"Sales,"
10543,Industrial/Commercial Sales & Service,00010001611002,Huntington Power, 68 Enter Ln,,Islandia,NY ,11749,USA,,631-563-4943,"Sales,Service,Up To 2MW,Mobile/Diesel/Gas,"
10543,Industrial/Commercial Sales & Service,00010001611002,Huntington Power, 34 E DUDLEY TOWN RD.,,BLOOMFIELD,CT ,06002,USA,,860-289-8790,"Sales,Service,Rental,"
10543,Industrial/Commercial Sales & Service,00010214161002,"R.L. Kistler, Inc", 5615 Business Ave.,,N. Syracuse,NY ,13208,USA,,315-458-2875,"Sales,"
10543,Industrial/Commercial Sales & Service,00010208021002,Modern Group Power Systems, 2501 Durham Road,,Bristol,PA ,19007,USA,www.moderngroup.com,800-404-7291,"Sales,Service,Up To 2MW,Mobile/Diesel/Gas,Training,Rental,"
10543,Industrial/Commercial Sales & Service,00010001731002,Authorized Services Of New England, 410 Forest Street,,Marlborough,MA ,01752,USA,www.asne.com,888-890-9886,"Financing,Sales,Service,Up To 2MW,Mobile/Diesel/Gas,Training,Rental,"
10543,Industrial/Commercial Sales & Service,00010008091002,MODERN HANDLING EQUIP, 75 NEW STREET,,EDISON,NJ ,08837,USA,www.moderngroup.com,800-779-5116,"Sales,Service,Up To 2MW,Mobile/Diesel/Gas,"
10543,Industrial/Commercial Sales & Service,00010208021002,Modern Group Power Systems, 6352 Chapmans Rd,,Allentown,PA ,18106,USA,,800-404-7291,"Sales,Service,Up To 2MW,Mobile/Diesel/Gas,"
10543,Industrial/Commercial Sales & Service,00010208021002,Modern Group Power Systems, 200 Allied Parkway,,West Berlin,NJ ,08091,USA,,800-404-7291,"Sales,Service,Up To 2MW,Mobile/Diesel/Gas,"
10543,Industrial/Commercial Sales & Service,00010000931002,"EMERGENCY POWER SYSTEMS, LLC", 35 HAMILTON LANE,,GLENMONT,NY ,12077,USA,,800-914-1465,"Service,Up To 2MW,Mobile/Diesel/Gas,"
10543,Industrial/Commercial Sales & Service,00010000931002,"EMERGENCY POWER SYSTEMS, LLC", 35 HAMILTON LANE,,GLENMONT,NY ,12077,USA,,800-914-1465,"Service,"
10543,Industrial/Commercial Sales & Service,00010208021002,Modern Group Power Systems, 295 New Commerce Blvd.,,Wilkes Barre,PA ,18706,USA,,800-404-7291,"Sales,Service,Up To 2MW,Mobile/Diesel/Gas,"
10543,Industrial/Commercial Sales & Service,00010208021002,Modern Group Power Systems, 66A South Gate Blvd.,,New Castle,DE ,19720,USA,,800-404-7291,"Sales,Service,Up To 2MW,Mobile/Diesel/Gas,"
10543,Industrial/Commercial Sales & Service,00010001731002,AUTHORIZED SERVICES OF NEW ENGLAND, 410 FOREST STREET,,MARLBOROUGH,MA ,01752,USA,,888-890-9886,"Sales,"
10543,Industrial/Commercial Sales & Service,00010208021002,Modern Group Power Systems, 3480 Board Road,,York,PA ,17402,USA,,800-404-7291,"Sales,Service,Up To 2MW,Mobile/Diesel/Gas,"
10543,Industrial/Commercial Sales & Service,00010001761002,"GENSERVE, INC.", 100 NEWTOWN RD,,PLAINVIEW,NY ,11803,USA,www.genserveinc.com,631-435-0437,"Service,"
10543,Industrial/Commercial Sales & Service,00111209521002,LONG ISLAND EMERGENCY POWER -QO, 2 Ocean Avenue,,DEER PARK,NY ,11729,USA,,631-586-7513,"Sales,"
10543,Industrial/Commercial Sales & Service,00010139211002,POWERPRO SERVICE CO. INC., 608 JOHNSON AVE. UNIT 6,,BOHEMIA,NY ,11716,USA,,631-567-2700,"Sales,Service,Up To 600kW,Mobile/Diesel/Gas,"
10543,Industrial/Commercial Sales & Service,00111209531002,HUNTINGTON POWER - LONG ISLAND, PO BOX 2040,,SHELTON,CT ,06484,USA,,631-586-7513,"Sales,"
10543,Industrial/Commercial Sales & Service,00010134071002,PEAK POWER SYSTEMS, 99 SPRAGUE AVENUE,,MIDDLETOWN,NY ,10940,USA,www.peakpowersystems.com,845-344-1975,"Sales,Service,Up To 600kW,Mobile/Diesel/Gas,Rental,"
10543,Industrial/Commercial Sales & Service,00010001761002,"GENSERVE, INC.", 115A TWINBRIDGE DR.,,PENNSAUKEN,NJ ,08110,USA,www.genserveinc.com,856-324-0459,"Service,"
10543,Industrial/Commercial Sales & Service,00010001621002,BROOKFIELD SERVICE, 708 GLEBE ROAD,,WESTMORELAND,NH ,03467,USA,www.brookfieldservice.com,802-485-6567,"Service,Up To 600kW,Mobile/Diesel/Gas,"
10543,Industrial/Commercial Sales & Service,00010021101002,SOUTH SHORE GENERATOR INC-Quote, 2696A CRANBERRY HWY,,WAREHAM,MA ,02571,USA,,508-295-7336,"Sales,Service,Up To 600kW,Mobile/Diesel/Gas,"
10543,Industrial/Commercial Sales & Service,00010001701002,SOUTH SHORE GENERATOR INC, ,,EAST WAREHAM,MA ,02538,USA,,508-295-7336,"Financing,Sales,Service,Up To 600kW,Mobile/Diesel/Gas,"
10543,Industrial/Commercial Sales & Service,00111184131002,HUNTER & LOMISON, 1956 W FOURTH ST,,WILLIAMSPORT,PA ,17701,USA,www.hunterlomison.com,570-326-1764,"Sales,Service,Up To 600kW,Mobile/Diesel/Gas,Rental,"
10543,Industrial/Commercial Sales & Service,00010000881002,HUNTER & LOMISON INC., 1956 W. 4TH STREET,,WILLIAMSPORT,PA ,17701,USA,www.hunterlomison.com,570-326-1764,"Service,Up To 600kW,Mobile/Diesel/Gas,"
10543,Industrial/Commercial Sales & Service,00111207431002,WARSHAUER ELECTRIC SUPPLY CO INC, 800 SHREWSBURY AVE,,TINTON FALLS,NJ ,07724,USA,www.warshauer.com,732-741-6400,"Service,"
10543,Industrial/Commercial Sales & Service,00010157021002,Mechanical Service Co, 1145 Oak St.,,Pittston,PA ,18640,USA,,570-654-2445,"Service,"
10545,Industrial/Commercial Sales & Service,00010214161002,"R.L. KISTLER, INC.", 35 HAMILTON LANE,,GLENMONT,NY ,12077,USA,,585-436-1940,"Sales,Service,"
10545,Industrial/Commercial Sales & Service,00010214161002,"R.L. Kistler, Inc", 300 Mile Crossing Blvd.,,Rochester,NY ,14624,USA,rlkistler.com,585-436-1940,"Sales,"
10545,Industrial/Commercial Sales & Service,00010001611002,Huntington Power, 230 Long Hill Cross Rd,,Shelton,CT ,06484,USA,www.huntingtonpower.com,203-929-3203,"Sales,Service,Up To 2MW,Mobile/Diesel/Gas,Training,Rental,"
10545,Industrial/Commercial Sales & Service,00010214161002,"R.L. Kistler, Inc", 5615 Business Ave.,,N. Syracuse,NY ,13208,USA,,315-458-2875,"Sales,"
10545,Industrial/Commercial Sales & Service,00010214161002,"R.L. Kistler, Inc", 5615 Business Ave.,,N. Syracuse,NY ,13208,USA,,315-458-2875,"Sales,"
10545,Industrial/Commercial Sales & Service,00010001611002,Huntington Power, 68 Enter Ln,,Islandia,NY ,11749,USA,,631-563-4943,"Sales,Service,Up To 2MW,Mobile/Diesel/Gas,"
10545,Industrial/Commercial Sales & Service,00010001611002,Huntington Power, 34 E DUDLEY TOWN RD.,,BLOOMFIELD,CT ,06002,USA,,860-289-8790,"Sales,Service,Rental,"
10545,Industrial/Commercial Sales & Service,00010208021002,Modern Group Power Systems, 2501 Durham Road,,Bristol,PA ,19007,USA,www.moderngroup.com,800-404-7291,"Sales,Service,Up To 2MW,Mobile/Diesel/Gas,Training,Rental,"
10545,Industrial/Commercial Sales & Service,00010001731002,Authorized Services Of New England, 410 Forest Street,,Marlborough,MA ,01752,USA,www.asne.com,888-890-9886,"Financing,Sales,Service,Up To 2MW,Mobile/Diesel/Gas,Training,Rental,"
10545,Industrial/Commercial Sales & Service,00010008091002,MODERN HANDLING EQUIP, 75 NEW STREET,,EDISON,NJ ,08837,USA,www.moderngroup.com,800-779-5116,"Sales,Service,Up To 2MW,Mobile/Diesel/Gas,"
10545,Industrial/Commercial Sales & Service,00010000931002,"EMERGENCY POWER SYSTEMS, LLC", 35 HAMILTON LANE,,GLENMONT,NY ,12077,USA,,800-914-1465,"Service,Up To 2MW,Mobile/Diesel/Gas,"
10545,Industrial/Commercial Sales & Service,00010000931002,"EMERGENCY POWER SYSTEMS, LLC", 35 HAMILTON LANE,,GLENMONT,NY ,12077,USA,,800-914-1465,"Service,"
10545,Industrial/Commercial Sales & Service,00010208021002,Modern Group Power Systems, 6352 Chapmans Rd,,Allentown,PA ,18106,USA,,800-404-7291,"Sales,Service,Up To 2MW,Mobile/Diesel/Gas,"
10545,Industrial/Commercial Sales & Service,00010208021002,Modern Group Power Systems, 295 New Commerce Blvd.,,Wilkes Barre,PA ,18706,USA,,800-404-7291,"Sales,Service,Up To 2MW,Mobile/Diesel/Gas,"
10545,Industrial/Commercial Sales & Service,00010208021002,Modern Group Power Systems, 200 Allied Parkway,,West Berlin,NJ ,08091,USA,,800-404-7291,"Sales,Service,Up To 2MW,Mobile/Diesel/Gas,"
10545,Industrial/Commercial Sales & Service,00010208021002,Modern Group Power Systems, 66A South Gate Blvd.,,New Castle,DE ,19720,USA,,800-404-7291,"Sales,Service,Up To 2MW,Mobile/Diesel/Gas,"
10545,Industrial/Commercial Sales & Service,00010001731002,AUTHORIZED SERVICES OF NEW ENGLAND, 410 FOREST STREET,,MARLBOROUGH,MA ,01752,USA,,888-890-9886,"Sales,"
10545,Industrial/Commercial Sales & Service,00010208021002,Modern Group Power Systems, 3480 Board Road,,York,PA ,17402,USA,,800-404-7291,"Sales,Service,Up To 2MW,Mobile/Diesel/Gas,"
10545,Industrial/Commercial Sales & Service,00010001761002,"GENSERVE, INC.", 100 NEWTOWN RD,,PLAINVIEW,NY ,11803,USA,www.genserveinc.com,631-435-0437,"Service,"
10545,Industrial/Commercial Sales & Service,00010134071002,PEAK POWER SYSTEMS, 99 SPRAGUE AVENUE,,MIDDLETOWN,NY ,10940,USA,www.peakpowersystems.com,845-344-1975,"Sales,Service,Up To 600kW,Mobile/Diesel/Gas,Rental,"
10545,Industrial/Commercial Sales & Service,00111209531002,HUNTINGTON POWER - LONG ISLAND, PO BOX 2040,,SHELTON,CT ,06484,USA,,631-586-7513,"Sales,"
10545,Industrial/Commercial Sales & Service,00111209521002,LONG ISLAND EMERGENCY POWER -QO, 2 Ocean Avenue,,DEER PARK,NY ,11729,USA,,631-586-7513,"Sales,"
10545,Industrial/Commercial Sales & Service,00010139211002,POWERPRO SERVICE CO. INC., 608 JOHNSON AVE. UNIT 6,,BOHEMIA,NY ,11716,USA,,631-567-2700,"Sales,Service,Up To 600kW,Mobile/Diesel/Gas,"
10545,Industrial/Commercial Sales & Service,00010001761002,"GENSERVE, INC.", 115A TWINBRIDGE DR.,,PENNSAUKEN,NJ ,08110,USA,www.genserveinc.com,856-324-0459,"Service,"
10545,Industrial/Commercial Sales & Service,00010001621002,BROOKFIELD SERVICE, 708 GLEBE ROAD,,WESTMORELAND,NH ,03467,USA,www.brookfieldservice.com,802-485-6567,"Service,Up To 600kW,Mobile/Diesel/Gas,"
10545,Industrial/Commercial Sales & Service,00010021101002,SOUTH SHORE GENERATOR INC-Quote, 2696A CRANBERRY HWY,,WAREHAM,MA ,02571,USA,,508-295-7336,"Sales,Service,Up To 600kW,Mobile/Diesel/Gas,"
10545,Industrial/Commercial Sales & Service,00111184131002,HUNTER & LOMISON, 1956 W FOURTH ST,,WILLIAMSPORT,PA ,17701,USA,www.hunterlomison.com,570-326-1764,"Sales,Service,Up To 600kW,Mobile/Diesel/Gas,Rental,"
10545,Industrial/Commercial Sales & Service,00010000881002,HUNTER & LOMISON INC., 1956 W. 4TH STREET,,WILLIAMSPORT,PA ,17701,USA,www.hunterlomison.com,570-326-1764,"Service,Up To 600kW,Mobile/Diesel/Gas,"
10545,Industrial/Commercial Sales & Service,00010001701002,SOUTH SHORE GENERATOR INC, ,,EAST WAREHAM,MA ,02538,USA,,508-295-7336,"Financing,Sales,Service,Up To 600kW,Mobile/Diesel/Gas,"
10545,Industrial/Commercial Sales & Service,00111207431002,WARSHAUER ELECTRIC SUPPLY CO INC, 800 SHREWSBURY AVE,,TINTON FALLS,NJ ,07724,USA,www.warshauer.com,732-741-6400,"Service,"
10545,Industrial/Commercial Sales & Service,00010157021002,Mechanical Service Co, 1145 Oak St.,,Pittston,PA ,18640,USA,,570-654-2445,"Service,"
10546,Industrial/Commercial Sales & Service,00010214161002,"R.L. KISTLER, INC.", 35 HAMILTON LANE,,GLENMONT,NY ,12077,USA,,585-436-1940,"Sales,Service,"
10546,Industrial/Commercial Sales & Service,00010214161002,"R.L. Kistler, Inc", 300 Mile Crossing Blvd.,,Rochester,NY ,14624,USA,rlkistler.com,585-436-1940,"Sales,"
10546,Industrial/Commercial Sales & Service,00010001611002,Huntington Power, 230 Long Hill Cross Rd,,Shelton,CT ,06484,USA,www.huntingtonpower.com,203-929-3203,"Sales,Service,Up To 2MW,Mobile/Diesel/Gas,Training,Rental,"
10546,Industrial/Commercial Sales & Service,00010214161002,"R.L. Kistler, Inc", 5615 Business Ave.,,N. Syracuse,NY ,13208,USA,,315-458-2875,"Sales,"
10546,Industrial/Commercial Sales & Service,00010214161002,"R.L. Kistler, Inc", 5615 Business Ave.,,N. Syracuse,NY ,13208,USA,,315-458-2875,"Sales,"
10546,Industrial/Commercial Sales & Service,00010001611002,Huntington Power, 68 Enter Ln,,Islandia,NY ,11749,USA,,631-563-4943,"Sales,Service,Up To 2MW,Mobile/Diesel/Gas,"
10546,Industrial/Commercial Sales & Service,00010001611002,Huntington Power, 34 E DUDLEY TOWN RD.,,BLOOMFIELD,CT ,06002,USA,,860-289-8790,"Sales,Service,Rental,"
10546,Industrial/Commercial Sales & Service,00010208021002,Modern Group Power Systems, 2501 Durham Road,,Bristol,PA ,19007,USA,www.moderngroup.com,800-404-7291,"Sales,Service,Up To 2MW,Mobile/Diesel/Gas,Training,Rental,"
10546,Industrial/Commercial Sales & Service,00010001731002,Authorized Services Of New England, 410 Forest Street,,Marlborough,MA ,01752,USA,www.asne.com,888-890-9886,"Financing,Sales,Service,Up To 2MW,Mobile/Diesel/Gas,Training,Rental,"
10546,Industrial/Commercial Sales & Service,00010008091002,MODERN HANDLING EQUIP, 75 NEW STREET,,EDISON,NJ ,08837,USA,www.moderngroup.com,800-779-5116,"Sales,Service,Up To 2MW,Mobile/Diesel/Gas,"
10546,Industrial/Commercial Sales & Service,00010000931002,"EMERGENCY POWER SYSTEMS, LLC", 35 HAMILTON LANE,,GLENMONT,NY ,12077,USA,,800-914-1465,"Service,Up To 2MW,Mobile/Diesel/Gas,"
10546,Industrial/Commercial Sales & Service,00010000931002,"EMERGENCY POWER SYSTEMS, LLC", 35 HAMILTON LANE,,GLENMONT,NY ,12077,USA,,800-914-1465,"Service,"
10546,Industrial/Commercial Sales & Service,00010208021002,Modern Group Power Systems, 6352 Chapmans Rd,,Allentown,PA ,18106,USA,,800-404-7291,"Sales,Service,Up To 2MW,Mobile/Diesel/Gas,"
10546,Industrial/Commercial Sales & Service,00010208021002,Modern Group Power Systems, 295 New Commerce Blvd.,,Wilkes Barre,PA ,18706,USA,,800-404-7291,"Sales,Service,Up To 2MW,Mobile/Diesel/Gas,"
10546,Industrial/Commercial Sales & Service,00010208021002,Modern Group Power Systems, 200 Allied Parkway,,West Berlin,NJ ,08091,USA,,800-404-7291,"Sales,Service,Up To 2MW,Mobile/Diesel/Gas,"
10546,Industrial/Commercial Sales & Service,00010001731002,AUTHORIZED SERVICES OF NEW ENGLAND, 410 FOREST STREET,,MARLBOROUGH,MA ,01752,USA,,888-890-9886,"Sales,"
10546,Industrial/Commercial Sales & Service,00010208021002,Modern Group Power Systems, 66A South Gate Blvd.,,New Castle,DE ,19720,USA,,800-404-7291,"Sales,Service,Up To 2MW,Mobile/Diesel/Gas,"
10546,Industrial/Commercial Sales & Service,00010208021002,Modern Group Power Systems, 3480 Board Road,,York,PA ,17402,USA,,800-404-7291,"Sales,Service,Up To 2MW,Mobile/Diesel/Gas,"
10546,Industrial/Commercial Sales & Service,00010001761002,"GENSERVE, INC.", 100 NEWTOWN RD,,PLAINVIEW,NY ,11803,USA,www.genserveinc.com,631-435-0437,"Service,"
10546,Industrial/Commercial Sales & Service,00111209531002,HUNTINGTON POWER - LONG ISLAND, PO BOX 2040,,SHELTON,CT ,06484,USA,,631-586-7513,"Sales,"
10546,Industrial/Commercial Sales & Service,00010134071002,PEAK POWER SYSTEMS, 99 SPRAGUE AVENUE,,MIDDLETOWN,NY ,10940,USA,www.peakpowersystems.com,845-344-1975,"Sales,Service,Up To 600kW,Mobile/Diesel/Gas,Rental,"
10546,Industrial/Commercial Sales & Service,00111209521002,LONG ISLAND EMERGENCY POWER -QO, 2 Ocean Avenue,,DEER PARK,NY ,11729,USA,,631-586-7513,"Sales,"
10546,Industrial/Commercial Sales & Service,00010139211002,POWERPRO SERVICE CO. INC., 608 JOHNSON AVE. UNIT 6,,BOHEMIA,NY ,11716,USA,,631-567-2700,"Sales,Service,Up To 600kW,Mobile/Diesel/Gas,"
10546,Industrial/Commercial Sales & Service,00010001761002,"GENSERVE, INC.", 115A TWINBRIDGE DR.,,PENNSAUKEN,NJ ,08110,USA,www.genserveinc.com,856-324-0459,"Service,"
10546,Industrial/Commercial Sales & Service,00010001621002,BROOKFIELD SERVICE, 708 GLEBE ROAD,,WESTMORELAND,NH ,03467,USA,www.brookfieldservice.com,802-485-6567,"Service,Up To 600kW,Mobile/Diesel/Gas,"
10546,Industrial/Commercial Sales & Service,00010021101002,SOUTH SHORE GENERATOR INC-Quote, 2696A CRANBERRY HWY,,WAREHAM,MA ,02571,USA,,508-295-7336,"Sales,Service,Up To 600kW,Mobile/Diesel/Gas,"
10546,Industrial/Commercial Sales & Service,00010001701002,SOUTH SHORE GENERATOR INC, ,,EAST WAREHAM,MA ,02538,USA,,508-295-7336,"Financing,Sales,Service,Up To 600kW,Mobile/Diesel/Gas,"
10546,Industrial/Commercial Sales & Service,00111184131002,HUNTER & LOMISON, 1956 W FOURTH ST,,WILLIAMSPORT,PA ,17701,USA,www.hunterlomison.com,570-326-1764,"Sales,Service,Up To 600kW,Mobile/Diesel/Gas,Rental,"
10546,Industrial/Commercial Sales & Service,00010000881002,HUNTER & LOMISON INC., 1956 W. 4TH STREET,,WILLIAMSPORT,PA ,17701,USA,www.hunterlomison.com,570-326-1764,"Service,Up To 600kW,Mobile/Diesel/Gas,"
10546,Industrial/Commercial Sales & Service,00111207431002,WARSHAUER ELECTRIC SUPPLY CO INC, 800 SHREWSBURY AVE,,TINTON FALLS,NJ ,07724,USA,www.warshauer.com,732-741-6400,"Service,"
10546,Industrial/Commercial Sales & Service,00010157021002,Mechanical Service Co, 1145 Oak St.,,Pittston,PA ,18640,USA,,570-654-2445,"Service,"
10547,Industrial/Commercial Sales & Service,00010214161002,"R.L. Kistler, Inc", 300 Mile Crossing Blvd.,,Rochester,NY ,14624,USA,rlkistler.com,585-436-1940,"Sales,"
10547,Industrial/Commercial Sales & Service,00010001611002,Huntington Power, 230 Long Hill Cross Rd,,Shelton,CT ,06484,USA,www.huntingtonpower.com,203-929-3203,"Sales,Service,Up To 2MW,Mobile/Diesel/Gas,Training,Rental,"
10547,Industrial/Commercial Sales & Service,00010214161002,"R.L. KISTLER, INC.", 35 HAMILTON LANE,,GLENMONT,NY ,12077,USA,,585-436-1940,"Sales,Service,"
10547,Industrial/Commercial Sales & Service,00010214161002,"R.L. Kistler, Inc", 5615 Business Ave.,,N. Syracuse,NY ,13208,USA,,315-458-2875,"Sales,"
10547,Industrial/Commercial Sales & Service,00010001611002,Huntington Power, 68 Enter Ln,,Islandia,NY ,11749,USA,,631-563-4943,"Sales,Service,Up To 2MW,Mobile/Diesel/Gas,"
10547,Industrial/Commercial Sales & Service,00010001611002,Huntington Power, 34 E DUDLEY TOWN RD.,,BLOOMFIELD,CT ,06002,USA,,860-289-8790,"Sales,Service,Rental,"
10547,Industrial/Commercial Sales & Service,00010214161002,"R.L. Kistler, Inc", 5615 Business Ave.,,N. Syracuse,NY ,13208,USA,,315-458-2875,"Sales,"
10547,Industrial/Commercial Sales & Service,00010208021002,Modern Group Power Systems, 2501 Durham Road,,Bristol,PA ,19007,USA,www.moderngroup.com,800-404-7291,"Sales,Service,Up To 2MW,Mobile/Diesel/Gas,Training,Rental,"
10547,Industrial/Commercial Sales & Service,00010001731002,Authorized Services Of New England, 410 Forest Street,,Marlborough,MA ,01752,USA,www.asne.com,888-890-9886,"Financing,Sales,Service,Up To 2MW,Mobile/Diesel/Gas,Training,Rental,"
10547,Industrial/Commercial Sales & Service,00010008091002,MODERN HANDLING EQUIP, 75 NEW STREET,,EDISON,NJ ,08837,USA,www.moderngroup.com,800-779-5116,"Sales,Service,Up To 2MW,Mobile/Diesel/Gas,"
10547,Industrial/Commercial Sales & Service,00010000931002,"EMERGENCY POWER SYSTEMS, LLC", 35 HAMILTON LANE,,GLENMONT,NY ,12077,USA,,800-914-1465,"Service,Up To 2MW,Mobile/Diesel/Gas,"
10547,Industrial/Commercial Sales & Service,00010000931002,"EMERGENCY POWER SYSTEMS, LLC", 35 HAMILTON LANE,,GLENMONT,NY ,12077,USA,,800-914-1465,"Service,"
10547,Industrial/Commercial Sales & Service,00010208021002,Modern Group Power Systems, 6352 Chapmans Rd,,Allentown,PA ,18106,USA,,800-404-7291,"Sales,Service,Up To 2MW,Mobile/Diesel/Gas,"
10547,Industrial/Commercial Sales & Service,00010208021002,Modern Group Power Systems, 295 New Commerce Blvd.,,Wilkes Barre,PA ,18706,USA,,800-404-7291,"Sales,Service,Up To 2MW,Mobile/Diesel/Gas,"
10547,Industrial/Commercial Sales & Service,00010208021002,Modern Group Power Systems, 200 Allied Parkway,,West Berlin,NJ ,08091,USA,,800-404-7291,"Sales,Service,Up To 2MW,Mobile/Diesel/Gas,"
10547,Industrial/Commercial Sales & Service,00010001731002,AUTHORIZED SERVICES OF NEW ENGLAND, 410 FOREST STREET,,MARLBOROUGH,MA ,01752,USA,,888-890-9886,"Sales,"
10547,Industrial/Commercial Sales & Service,00010208021002,Modern Group Power Systems, 66A South Gate Blvd.,,New Castle,DE ,19720,USA,,800-404-7291,"Sales,Service,Up To 2MW,Mobile/Diesel/Gas,"
10547,Industrial/Commercial Sales & Service,00010208021002,Modern Group Power Systems, 3480 Board Road,,York,PA ,17402,USA,,800-404-7291,"Sales,Service,Up To 2MW,Mobile/Diesel/Gas,"
10547,Industrial/Commercial Sales & Service,00010134071002,PEAK POWER SYSTEMS, 99 SPRAGUE AVENUE,,MIDDLETOWN,NY ,10940,USA,www.peakpowersystems.com,845-344-1975,"Sales,Service,Up To 600kW,Mobile/Diesel/Gas,Rental,"
10547,Industrial/Commercial Sales & Service,00111209531002,HUNTINGTON POWER - LONG ISLAND, PO BOX 2040,,SHELTON,CT ,06484,USA,,631-586-7513,"Sales,"
10547,Industrial/Commercial Sales & Service,00010001761002,"GENSERVE, INC.", 100 NEWTOWN RD,,PLAINVIEW,NY ,11803,USA,www.genserveinc.com,631-435-0437,"Service,"
10547,Industrial/Commercial Sales & Service,00111209521002,LONG ISLAND EMERGENCY POWER -QO, 2 Ocean Avenue,,DEER PARK,NY ,11729,USA,,631-586-7513,"Sales,"
10547,Industrial/Commercial Sales & Service,00010139211002,POWERPRO SERVICE CO. INC., 608 JOHNSON AVE. UNIT 6,,BOHEMIA,NY ,11716,USA,,631-567-2700,"Sales,Service,Up To 600kW,Mobile/Diesel/Gas,"
10547,Industrial/Commercial Sales & Service,00010001761002,"GENSERVE, INC.", 115A TWINBRIDGE DR.,,PENNSAUKEN,NJ ,08110,USA,www.genserveinc.com,856-324-0459,"Service,"
10547,Industrial/Commercial Sales & Service,00010001621002,BROOKFIELD SERVICE, 708 GLEBE ROAD,,WESTMORELAND,NH ,03467,USA,www.brookfieldservice.com,802-485-6567,"Service,Up To 600kW,Mobile/Diesel/Gas,"
10547,Industrial/Commercial Sales & Service,00111184131002,HUNTER & LOMISON, 1956 W FOURTH ST,,WILLIAMSPORT,PA ,17701,USA,www.hunterlomison.com,570-326-1764,"Sales,Service,Up To 600kW,Mobile/Diesel/Gas,Rental,"
10547,Industrial/Commercial Sales & Service,00010000881002,HUNTER & LOMISON INC., 1956 W. 4TH STREET,,WILLIAMSPORT,PA ,17701,USA,www.hunterlomison.com,570-326-1764,"Service,Up To 600kW,Mobile/Diesel/Gas,"
10547,Industrial/Commercial Sales & Service,00010021101002,SOUTH SHORE GENERATOR INC-Quote, 2696A CRANBERRY HWY,,WAREHAM,MA ,02571,USA,,508-295-7336,"Sales,Service,Up To 600kW,Mobile/Diesel/Gas,"
10547,Industrial/Commercial Sales & Service,00010001701002,SOUTH SHORE GENERATOR INC, ,,EAST WAREHAM,MA ,02538,USA,,508-295-7336,"Financing,Sales,Service,Up To 600kW,Mobile/Diesel/Gas,"
10547,Industrial/Commercial Sales & Service,00111207431002,WARSHAUER ELECTRIC SUPPLY CO INC, 800 SHREWSBURY AVE,,TINTON FALLS,NJ ,07724,USA,www.warshauer.com,732-741-6400,"Service,"
10547,Industrial/Commercial Sales & Service,00010157021002,Mechanical Service Co, 1145 Oak St.,,Pittston,PA ,18640,USA,,570-654-2445,"Service,"
10548,Industrial/Commercial Sales & Service,00010001611002,Huntington Power, 230 Long Hill Cross Rd,,Shelton,CT ,06484,USA,www.huntingtonpower.com,203-929-3203,"Sales,Service,Up To 2MW,Mobile/Diesel/Gas,Training,Rental,"
10548,Industrial/Commercial Sales & Service,00010214161002,"R.L. Kistler, Inc", 300 Mile Crossing Blvd.,,Rochester,NY ,14624,USA,rlkistler.com,585-436-1940,"Sales,"
10548,Industrial/Commercial Sales & Service,00010214161002,"R.L. KISTLER, INC.", 35 HAMILTON LANE,,GLENMONT,NY ,12077,USA,,585-436-1940,"Sales,Service,"
10548,Industrial/Commercial Sales & Service,00010001611002,Huntington Power, 68 Enter Ln,,Islandia,NY ,11749,USA,,631-563-4943,"Sales,Service,Up To 2MW,Mobile/Diesel/Gas,"
10548,Industrial/Commercial Sales & Service,00010001611002,Huntington Power, 34 E DUDLEY TOWN RD.,,BLOOMFIELD,CT ,06002,USA,,860-289-8790,"Sales,Service,Rental,"
10548,Industrial/Commercial Sales & Service,00010214161002,"R.L. Kistler, Inc", 5615 Business Ave.,,N. Syracuse,NY ,13208,USA,,315-458-2875,"Sales,"
10548,Industrial/Commercial Sales & Service,00010214161002,"R.L. Kistler, Inc", 5615 Business Ave.,,N. Syracuse,NY ,13208,USA,,315-458-2875,"Sales,"
10548,Industrial/Commercial Sales & Service,00010208021002,Modern Group Power Systems, 2501 Durham Road,,Bristol,PA ,19007,USA,www.moderngroup.com,800-404-7291,"Sales,Service,Up To 2MW,Mobile/Diesel/Gas,Training,Rental,"
10548,Industrial/Commercial Sales & Service,00010001731002,Authorized Services Of New England, 410 Forest Street,,Marlborough,MA ,01752,USA,www.asne.com,888-890-9886,"Financing,Sales,Service,Up To 2MW,Mobile/Diesel/Gas,Training,Rental,"
10548,Industrial/Commercial Sales & Service,00010008091002,MODERN HANDLING EQUIP, 75 NEW STREET,,EDISON,NJ ,08837,USA,www.moderngroup.com,800-779-5116,"Sales,Service,Up To 2MW,Mobile/Diesel/Gas,"
10548,Industrial/Commercial Sales & Service,00010000931002,"EMERGENCY POWER SYSTEMS, LLC", 35 HAMILTON LANE,,GLENMONT,NY ,12077,USA,,800-914-1465,"Service,Up To 2MW,Mobile/Diesel/Gas,"
10548,Industrial/Commercial Sales & Service,00010000931002,"EMERGENCY POWER SYSTEMS, LLC", 35 HAMILTON LANE,,GLENMONT,NY ,12077,USA,,800-914-1465,"Service,"
10548,Industrial/Commercial Sales & Service,00010208021002,Modern Group Power Systems, 6352 Chapmans Rd,,Allentown,PA ,18106,USA,,800-404-7291,"Sales,Service,Up To 2MW,Mobile/Diesel/Gas,"
10548,Industrial/Commercial Sales & Service,00010208021002,Modern Group Power Systems, 295 New Commerce Blvd.,,Wilkes Barre,PA ,18706,USA,,800-404-7291,"Sales,Service,Up To 2MW,Mobile/Diesel/Gas,"
10548,Industrial/Commercial Sales & Service,00010208021002,Modern Group Power Systems, 200 Allied Parkway,,West Berlin,NJ ,08091,USA,,800-404-7291,"Sales,Service,Up To 2MW,Mobile/Diesel/Gas,"
10548,Industrial/Commercial Sales & Service,00010208021002,Modern Group Power Systems, 66A South Gate Blvd.,,New Castle,DE ,19720,USA,,800-404-7291,"Sales,Service,Up To 2MW,Mobile/Diesel/Gas,"
10548,Industrial/Commercial Sales & Service,00010001731002,AUTHORIZED SERVICES OF NEW ENGLAND, 410 FOREST STREET,,MARLBOROUGH,MA ,01752,USA,,888-890-9886,"Sales,"
10548,Industrial/Commercial Sales & Service,00010208021002,Modern Group Power Systems, 3480 Board Road,,York,PA ,17402,USA,,800-404-7291,"Sales,Service,Up To 2MW,Mobile/Diesel/Gas,"
10548,Industrial/Commercial Sales & Service,00010134071002,PEAK POWER SYSTEMS, 99 SPRAGUE AVENUE,,MIDDLETOWN,NY ,10940,USA,www.peakpowersystems.com,845-344-1975,"Sales,Service,Up To 600kW,Mobile/Diesel/Gas,Rental,"
10548,Industrial/Commercial Sales & Service,00010001761002,"GENSERVE, INC.", 100 NEWTOWN RD,,PLAINVIEW,NY ,11803,USA,www.genserveinc.com,631-435-0437,"Service,"
10548,Industrial/Commercial Sales & Service,00111209531002,HUNTINGTON POWER - LONG ISLAND, PO BOX 2040,,SHELTON,CT ,06484,USA,,631-586-7513,"Sales,"
10548,Industrial/Commercial Sales & Service,00111209521002,LONG ISLAND EMERGENCY POWER -QO, 2 Ocean Avenue,,DEER PARK,NY ,11729,USA,,631-586-7513,"Sales,"
10548,Industrial/Commercial Sales & Service,00010139211002,POWERPRO SERVICE CO. INC., 608 JOHNSON AVE. UNIT 6,,BOHEMIA,NY ,11716,USA,,631-567-2700,"Sales,Service,Up To 600kW,Mobile/Diesel/Gas,"
10548,Industrial/Commercial Sales & Service,00010001761002,"GENSERVE, INC.", 115A TWINBRIDGE DR.,,PENNSAUKEN,NJ ,08110,USA,www.genserveinc.com,856-324-0459,"Service,"
10548,Industrial/Commercial Sales & Service,00010001621002,BROOKFIELD SERVICE, 708 GLEBE ROAD,,WESTMORELAND,NH ,03467,USA,www.brookfieldservice.com,802-485-6567,"Service,Up To 600kW,Mobile/Diesel/Gas,"
10548,Industrial/Commercial Sales & Service,00111184131002,HUNTER & LOMISON, 1956 W FOURTH ST,,WILLIAMSPORT,PA ,17701,USA,www.hunterlomison.com,570-326-1764,"Sales,Service,Up To 600kW,Mobile/Diesel/Gas,Rental,"
10548,Industrial/Commercial Sales & Service,00010000881002,HUNTER & LOMISON INC., 1956 W. 4TH STREET,,WILLIAMSPORT,PA ,17701,USA,www.hunterlomison.com,570-326-1764,"Service,Up To 600kW,Mobile/Diesel/Gas,"
10548,Industrial/Commercial Sales & Service,00010021101002,SOUTH SHORE GENERATOR INC-Quote, 2696A CRANBERRY HWY,,WAREHAM,MA ,02571,USA,,508-295-7336,"Sales,Service,Up To 600kW,Mobile/Diesel/Gas,"
10548,Industrial/Commercial Sales & Service,00010001701002,SOUTH SHORE GENERATOR INC, ,,EAST WAREHAM,MA ,02538,USA,,508-295-7336,"Financing,Sales,Service,Up To 600kW,Mobile/Diesel/Gas,"
10548,Industrial/Commercial Sales & Service,00111207431002,WARSHAUER ELECTRIC SUPPLY CO INC, 800 SHREWSBURY AVE,,TINTON FALLS,NJ ,07724,USA,www.warshauer.com,732-741-6400,"Service,"
10548,Industrial/Commercial Sales & Service,00010157021002,Mechanical Service Co, 1145 Oak St.,,Pittston,PA ,18640,USA,,570-654-2445,"Service,"
10549,Industrial/Commercial Sales & Service,00010214161002,"R.L. KISTLER, INC.", 35 HAMILTON LANE,,GLENMONT,NY ,12077,USA,,585-436-1940,"Sales,Service,"
10549,Industrial/Commercial Sales & Service,00010001611002,Huntington Power, 230 Long Hill Cross Rd,,Shelton,CT ,06484,USA,www.huntingtonpower.com,203-929-3203,"Sales,Service,Up To 2MW,Mobile/Diesel/Gas,Training,Rental,"
10549,Industrial/Commercial Sales & Service,00010214161002,"R.L. Kistler, Inc", 300 Mile Crossing Blvd.,,Rochester,NY ,14624,USA,rlkistler.com,585-436-1940,"Sales,"
10549,Industrial/Commercial Sales & Service,00010214161002,"R.L. Kistler, Inc", 5615 Business Ave.,,N. Syracuse,NY ,13208,USA,,315-458-2875,"Sales,"
10549,Industrial/Commercial Sales & Service,00010001611002,Huntington Power, 68 Enter Ln,,Islandia,NY ,11749,USA,,631-563-4943,"Sales,Service,Up To 2MW,Mobile/Diesel/Gas,"
10549,Industrial/Commercial Sales & Service,00010001611002,Huntington Power, 34 E DUDLEY TOWN RD.,,BLOOMFIELD,CT ,06002,USA,,860-289-8790,"Sales,Service,Rental,"
10549,Industrial/Commercial Sales & Service,00010214161002,"R.L. Kistler, Inc", 5615 Business Ave.,,N. Syracuse,NY ,13208,USA,,315-458-2875,"Sales,"
10549,Industrial/Commercial Sales & Service,00010208021002,Modern Group Power Systems, 2501 Durham Road,,Bristol,PA ,19007,USA,www.moderngroup.com,800-404-7291,"Sales,Service,Up To 2MW,Mobile/Diesel/Gas,Training,Rental,"
10549,Industrial/Commercial Sales & Service,00010001731002,Authorized Services Of New England, 410 Forest Street,,Marlborough,MA ,01752,USA,www.asne.com,888-890-9886,"Financing,Sales,Service,Up To 2MW,Mobile/Diesel/Gas,Training,Rental,"
10549,Industrial/Commercial Sales & Service,00010008091002,MODERN HANDLING EQUIP, 75 NEW STREET,,EDISON,NJ ,08837,USA,www.moderngroup.com,800-779-5116,"Sales,Service,Up To 2MW,Mobile/Diesel/Gas,"
10549,Industrial/Commercial Sales & Service,00010000931002,"EMERGENCY POWER SYSTEMS, LLC", 35 HAMILTON LANE,,GLENMONT,NY ,12077,USA,,800-914-1465,"Service,Up To 2MW,Mobile/Diesel/Gas,"
10549,Industrial/Commercial Sales & Service,00010000931002,"EMERGENCY POWER SYSTEMS, LLC", 35 HAMILTON LANE,,GLENMONT,NY ,12077,USA,,800-914-1465,"Service,"
10549,Industrial/Commercial Sales & Service,00010208021002,Modern Group Power Systems, 6352 Chapmans Rd,,Allentown,PA ,18106,USA,,800-404-7291,"Sales,Service,Up To 2MW,Mobile/Diesel/Gas,"
10549,Industrial/Commercial Sales & Service,00010208021002,Modern Group Power Systems, 295 New Commerce Blvd.,,Wilkes Barre,PA ,18706,USA,,800-404-7291,"Sales,Service,Up To 2MW,Mobile/Diesel/Gas,"
10549,Industrial/Commercial Sales & Service,00010208021002,Modern Group Power Systems, 200 Allied Parkway,,West Berlin,NJ ,08091,USA,,800-404-7291,"Sales,Service,Up To 2MW,Mobile/Diesel/Gas,"
10549,Industrial/Commercial Sales & Service,00010001731002,AUTHORIZED SERVICES OF NEW ENGLAND, 410 FOREST STREET,,MARLBOROUGH,MA ,01752,USA,,888-890-9886,"Sales,"
10549,Industrial/Commercial Sales & Service,00010208021002,Modern Group Power Systems, 66A South Gate Blvd.,,New Castle,DE ,19720,USA,,800-404-7291,"Sales,Service,Up To 2MW,Mobile/Diesel/Gas,"
10549,Industrial/Commercial Sales & Service,00010208021002,Modern Group Power Systems, 3480 Board Road,,York,PA ,17402,USA,,800-404-7291,"Sales,Service,Up To 2MW,Mobile/Diesel/Gas,"
10549,Industrial/Commercial Sales & Service,00111209531002,HUNTINGTON POWER - LONG ISLAND, PO BOX 2040,,SHELTON,CT ,06484,USA,,631-586-7513,"Sales,"
10549,Industrial/Commercial Sales & Service,00010001761002,"GENSERVE, INC.", 100 NEWTOWN RD,,PLAINVIEW,NY ,11803,USA,www.genserveinc.com,631-435-0437,"Service,"
10549,Industrial/Commercial Sales & Service,00111209521002,LONG ISLAND EMERGENCY POWER -QO, 2 Ocean Avenue,,DEER PARK,NY ,11729,USA,,631-586-7513,"Sales,"
10549,Industrial/Commercial Sales & Service,00010134071002,PEAK POWER SYSTEMS, 99 SPRAGUE AVENUE,,MIDDLETOWN,NY ,10940,USA,www.peakpowersystems.com,845-344-1975,"Sales,Service,Up To 600kW,Mobile/Diesel/Gas,Rental,"
10549,Industrial/Commercial Sales & Service,00010139211002,POWERPRO SERVICE CO. INC., 608 JOHNSON AVE. UNIT 6,,BOHEMIA,NY ,11716,USA,,631-567-2700,"Sales,Service,Up To 600kW,Mobile/Diesel/Gas,"
10549,Industrial/Commercial Sales & Service,00010001761002,"GENSERVE, INC.", 115A TWINBRIDGE DR.,,PENNSAUKEN,NJ ,08110,USA,www.genserveinc.com,856-324-0459,"Service,"
10549,Industrial/Commercial Sales & Service,00010001621002,BROOKFIELD SERVICE, 708 GLEBE ROAD,,WESTMORELAND,NH ,03467,USA,www.brookfieldservice.com,802-485-6567,"Service,Up To 600kW,Mobile/Diesel/Gas,"
10549,Industrial/Commercial Sales & Service,00010021101002,SOUTH SHORE GENERATOR INC-Quote, 2696A CRANBERRY HWY,,WAREHAM,MA ,02571,USA,,508-295-7336,"Sales,Service,Up To 600kW,Mobile/Diesel/Gas,"
10549,Industrial/Commercial Sales & Service,00010001701002,SOUTH SHORE GENERATOR INC, ,,EAST WAREHAM,MA ,02538,USA,,508-295-7336,"Financing,Sales,Service,Up To 600kW,Mobile/Diesel/Gas,"
10549,Industrial/Commercial Sales & Service,00111184131002,HUNTER & LOMISON, 1956 W FOURTH ST,,WILLIAMSPORT,PA ,17701,USA,www.hunterlomison.com,570-326-1764,"Sales,Service,Up To 600kW,Mobile/Diesel/Gas,Rental,"
10549,Industrial/Commercial Sales & Service,00010000881002,HUNTER & LOMISON INC., 1956 W. 4TH STREET,,WILLIAMSPORT,PA ,17701,USA,www.hunterlomison.com,570-326-1764,"Service,Up To 600kW,Mobile/Diesel/Gas,"
10549,Industrial/Commercial Sales & Service,00111207431002,WARSHAUER ELECTRIC SUPPLY CO INC, 800 SHREWSBURY AVE,,TINTON FALLS,NJ ,07724,USA,www.warshauer.com,732-741-6400,"Service,"
10549,Industrial/Commercial Sales & Service,00010157021002,Mechanical Service Co, 1145 Oak St.,,Pittston,PA ,18640,USA,,570-654-2445,"Service,"
10550,Industrial/Commercial Sales & Service,00010214161002,"R.L. Kistler, Inc", 300 Mile Crossing Blvd.,,Rochester,NY ,14624,USA,rlkistler.com,585-436-1940,"Sales,"
10550,Industrial/Commercial Sales & Service,00010001611002,Huntington Power, 230 Long Hill Cross Rd,,Shelton,CT ,06484,USA,www.huntingtonpower.com,203-929-3203,"Sales,Service,Up To 2MW,Mobile/Diesel/Gas,Training,Rental,"
10550,Industrial/Commercial Sales & Service,00010214161002,"R.L. KISTLER, INC.", 35 HAMILTON LANE,,GLENMONT,NY ,12077,USA,,585-436-1940,"Sales,Service,"
10550,Industrial/Commercial Sales & Service,00010214161002,"R.L. Kistler, Inc", 5615 Business Ave.,,N. Syracuse,NY ,13208,USA,,315-458-2875,"Sales,"
10550,Industrial/Commercial Sales & Service,00010001611002,Huntington Power, 68 Enter Ln,,Islandia,NY ,11749,USA,,631-563-4943,"Sales,Service,Up To 2MW,Mobile/Diesel/Gas,"
10550,Industrial/Commercial Sales & Service,00010001611002,Huntington Power, 34 E DUDLEY TOWN RD.,,BLOOMFIELD,CT ,06002,USA,,860-289-8790,"Sales,Service,Rental,"
10550,Industrial/Commercial Sales & Service,00010214161002,"R.L. Kistler, Inc", 5615 Business Ave.,,N. Syracuse,NY ,13208,USA,,315-458-2875,"Sales,"
10550,Industrial/Commercial Sales & Service,00010208021002,Modern Group Power Systems, 2501 Durham Road,,Bristol,PA ,19007,USA,www.moderngroup.com,800-404-7291,"Sales,Service,Up To 2MW,Mobile/Diesel/Gas,Training,Rental,"
10550,Industrial/Commercial Sales & Service,00010001731002,Authorized Services Of New England, 410 Forest Street,,Marlborough,MA ,01752,USA,www.asne.com,888-890-9886,"Financing,Sales,Service,Up To 2MW,Mobile/Diesel/Gas,Training,Rental,"
10550,Industrial/Commercial Sales & Service,00010008091002,MODERN HANDLING EQUIP, 75 NEW STREET,,EDISON,NJ ,08837,USA,www.moderngroup.com,800-779-5116,"Sales,Service,Up To 2MW,Mobile/Diesel/Gas,"
10550,Industrial/Commercial Sales & Service,00010208021002,Modern Group Power Systems, 6352 Chapmans Rd,,Allentown,PA ,18106,USA,,800-404-7291,"Sales,Service,Up To 2MW,Mobile/Diesel/Gas,"
10550,Industrial/Commercial Sales & Service,00010208021002,Modern Group Power Systems, 200 Allied Parkway,,West Berlin,NJ ,08091,USA,,800-404-7291,"Sales,Service,Up To 2MW,Mobile/Diesel/Gas,"
10550,Industrial/Commercial Sales & Service,00010208021002,Modern Group Power Systems, 295 New Commerce Blvd.,,Wilkes Barre,PA ,18706,USA,,800-404-7291,"Sales,Service,Up To 2MW,Mobile/Diesel/Gas,"
10550,Industrial/Commercial Sales & Service,00010000931002,"EMERGENCY POWER SYSTEMS, LLC", 35 HAMILTON LANE,,GLENMONT,NY ,12077,USA,,800-914-1465,"Service,Up To 2MW,Mobile/Diesel/Gas,"
10550,Industrial/Commercial Sales & Service,00010000931002,"EMERGENCY POWER SYSTEMS, LLC", 35 HAMILTON LANE,,GLENMONT,NY ,12077,USA,,800-914-1465,"Service,"
10550,Industrial/Commercial Sales & Service,00010208021002,Modern Group Power Systems, 66A South Gate Blvd.,,New Castle,DE ,19720,USA,,800-404-7291,"Sales,Service,Up To 2MW,Mobile/Diesel/Gas,"
10550,Industrial/Commercial Sales & Service,00010001731002,AUTHORIZED SERVICES OF NEW ENGLAND, 410 FOREST STREET,,MARLBOROUGH,MA ,01752,USA,,888-890-9886,"Sales,"
10550,Industrial/Commercial Sales & Service,00010208021002,Modern Group Power Systems, 3480 Board Road,,York,PA ,17402,USA,,800-404-7291,"Sales,Service,Up To 2MW,Mobile/Diesel/Gas,"
10550,Industrial/Commercial Sales & Service,00010001761002,"GENSERVE, INC.", 100 NEWTOWN RD,,PLAINVIEW,NY ,11803,USA,www.genserveinc.com,631-435-0437,"Service,"
10550,Industrial/Commercial Sales & Service,00111209521002,LONG ISLAND EMERGENCY POWER -QO, 2 Ocean Avenue,,DEER PARK,NY ,11729,USA,,631-586-7513,"Sales,"
10550,Industrial/Commercial Sales & Service,00010139211002,POWERPRO SERVICE CO. INC., 608 JOHNSON AVE. UNIT 6,,BOHEMIA,NY ,11716,USA,,631-567-2700,"Sales,Service,Up To 600kW,Mobile/Diesel/Gas,"
10550,Industrial/Commercial Sales & Service,00111209531002,HUNTINGTON POWER - LONG ISLAND, PO BOX 2040,,SHELTON,CT ,06484,USA,,631-586-7513,"Sales,"
10550,Industrial/Commercial Sales & Service,00010134071002,PEAK POWER SYSTEMS, 99 SPRAGUE AVENUE,,MIDDLETOWN,NY ,10940,USA,www.peakpowersystems.com,845-344-1975,"Sales,Service,Up To 600kW,Mobile/Diesel/Gas,Rental,"
10550,Industrial/Commercial Sales & Service,00010001761002,"GENSERVE, INC.", 115A TWINBRIDGE DR.,,PENNSAUKEN,NJ ,08110,USA,www.genserveinc.com,856-324-0459,"Service,"
10550,Industrial/Commercial Sales & Service,00010001621002,BROOKFIELD SERVICE, 708 GLEBE ROAD,,WESTMORELAND,NH ,03467,USA,www.brookfieldservice.com,802-485-6567,"Service,Up To 600kW,Mobile/Diesel/Gas,"
10550,Industrial/Commercial Sales & Service,00111184131002,HUNTER & LOMISON, 1956 W FOURTH ST,,WILLIAMSPORT,PA ,17701,USA,www.hunterlomison.com,570-326-1764,"Sales,Service,Up To 600kW,Mobile/Diesel/Gas,Rental,"
10550,Industrial/Commercial Sales & Service,00010000881002,HUNTER & LOMISON INC., 1956 W. 4TH STREET,,WILLIAMSPORT,PA ,17701,USA,www.hunterlomison.com,570-326-1764,"Service,Up To 600kW,Mobile/Diesel/Gas,"
10550,Industrial/Commercial Sales & Service,00010021101002,SOUTH SHORE GENERATOR INC-Quote, 2696A CRANBERRY HWY,,WAREHAM,MA ,02571,USA,,508-295-7336,"Sales,Service,Up To 600kW,Mobile/Diesel/Gas,"
10550,Industrial/Commercial Sales & Service,00010001701002,SOUTH SHORE GENERATOR INC, ,,EAST WAREHAM,MA ,02538,USA,,508-295-7336,"Financing,Sales,Service,Up To 600kW,Mobile/Diesel/Gas,"
10550,Industrial/Commercial Sales & Service,00111207431002,WARSHAUER ELECTRIC SUPPLY CO INC, 800 SHREWSBURY AVE,,TINTON FALLS,NJ ,07724,USA,www.warshauer.com,732-741-6400,"Service,"
10550,Industrial/Commercial Sales & Service,00010157021002,Mechanical Service Co, 1145 Oak St.,,Pittston,PA ,18640,USA,,570-654-2445,"Service,"
10551,Industrial/Commercial Sales & Service,00010001611002,Huntington Power, 230 Long Hill Cross Rd,,Shelton,CT ,06484,USA,www.huntingtonpower.com,203-929-3203,"Sales,Service,Up To 2MW,Mobile/Diesel/Gas,Training,Rental,"
10551,Industrial/Commercial Sales & Service,00010214161002,"R.L. Kistler, Inc", 300 Mile Crossing Blvd.,,Rochester,NY ,14624,USA,rlkistler.com,585-436-1940,"Sales,"
10551,Industrial/Commercial Sales & Service,00010214161002,"R.L. KISTLER, INC.", 35 HAMILTON LANE,,GLENMONT,NY ,12077,USA,,585-436-1940,"Sales,Service,"
10551,Industrial/Commercial Sales & Service,00010001611002,Huntington Power, 68 Enter Ln,,Islandia,NY ,11749,USA,,631-563-4943,"Sales,Service,Up To 2MW,Mobile/Diesel/Gas,"
10551,Industrial/Commercial Sales & Service,00010001611002,Huntington Power, 34 E DUDLEY TOWN RD.,,BLOOMFIELD,CT ,06002,USA,,860-289-8790,"Sales,Service,Rental,"
10551,Industrial/Commercial Sales & Service,00010214161002,"R.L. Kistler, Inc", 5615 Business Ave.,,N. Syracuse,NY ,13208,USA,,315-458-2875,"Sales,"
10551,Industrial/Commercial Sales & Service,00010214161002,"R.L. Kistler, Inc", 5615 Business Ave.,,N. Syracuse,NY ,13208,USA,,315-458-2875,"Sales,"
10551,Industrial/Commercial Sales & Service,00010208021002,Modern Group Power Systems, 2501 Durham Road,,Bristol,PA ,19007,USA,www.moderngroup.com,800-404-7291,"Sales,Service,Up To 2MW,Mobile/Diesel/Gas,Training,Rental,"
10551,Industrial/Commercial Sales & Service,00010001731002,Authorized Services Of New England, 410 Forest Street,,Marlborough,MA ,01752,USA,www.asne.com,888-890-9886,"Financing,Sales,Service,Up To 2MW,Mobile/Diesel/Gas,Training,Rental,"
10551,Industrial/Commercial Sales & Service,00010008091002,MODERN HANDLING EQUIP, 75 NEW STREET,,EDISON,NJ ,08837,USA,www.moderngroup.com,800-779-5116,"Sales,Service,Up To 2MW,Mobile/Diesel/Gas,"
10551,Industrial/Commercial Sales & Service,00010208021002,Modern Group Power Systems, 6352 Chapmans Rd,,Allentown,PA ,18106,USA,,800-404-7291,"Sales,Service,Up To 2MW,Mobile/Diesel/Gas,"
10551,Industrial/Commercial Sales & Service,00010208021002,Modern Group Power Systems, 200 Allied Parkway,,West Berlin,NJ ,08091,USA,,800-404-7291,"Sales,Service,Up To 2MW,Mobile/Diesel/Gas,"
10551,Industrial/Commercial Sales & Service,00010208021002,Modern Group Power Systems, 295 New Commerce Blvd.,,Wilkes Barre,PA ,18706,USA,,800-404-7291,"Sales,Service,Up To 2MW,Mobile/Diesel/Gas,"
10551,Industrial/Commercial Sales & Service,00010000931002,"EMERGENCY POWER SYSTEMS, LLC", 35 HAMILTON LANE,,GLENMONT,NY ,12077,USA,,800-914-1465,"Service,Up To 2MW,Mobile/Diesel/Gas,"
10551,Industrial/Commercial Sales & Service,00010000931002,"EMERGENCY POWER SYSTEMS, LLC", 35 HAMILTON LANE,,GLENMONT,NY ,12077,USA,,800-914-1465,"Service,"
10551,Industrial/Commercial Sales & Service,00010208021002,Modern Group Power Systems, 66A South Gate Blvd.,,New Castle,DE ,19720,USA,,800-404-7291,"Sales,Service,Up To 2MW,Mobile/Diesel/Gas,"
10551,Industrial/Commercial Sales & Service,00010001731002,AUTHORIZED SERVICES OF NEW ENGLAND, 410 FOREST STREET,,MARLBOROUGH,MA ,01752,USA,,888-890-9886,"Sales,"
10551,Industrial/Commercial Sales & Service,00010208021002,Modern Group Power Systems, 3480 Board Road,,York,PA ,17402,USA,,800-404-7291,"Sales,Service,Up To 2MW,Mobile/Diesel/Gas,"
10551,Industrial/Commercial Sales & Service,00010001761002,"GENSERVE, INC.", 100 NEWTOWN RD,,PLAINVIEW,NY ,11803,USA,www.genserveinc.com,631-435-0437,"Service,"
10551,Industrial/Commercial Sales & Service,00111209521002,LONG ISLAND EMERGENCY POWER -QO, 2 Ocean Avenue,,DEER PARK,NY ,11729,USA,,631-586-7513,"Sales,"
10551,Industrial/Commercial Sales & Service,00010139211002,POWERPRO SERVICE CO. INC., 608 JOHNSON AVE. UNIT 6,,BOHEMIA,NY ,11716,USA,,631-567-2700,"Sales,Service,Up To 600kW,Mobile/Diesel/Gas,"
10551,Industrial/Commercial Sales & Service,00111209531002,HUNTINGTON POWER - LONG ISLAND, PO BOX 2040,,SHELTON,CT ,06484,USA,,631-586-7513,"Sales,"
10551,Industrial/Commercial Sales & Service,00010134071002,PEAK POWER SYSTEMS, 99 SPRAGUE AVENUE,,MIDDLETOWN,NY ,10940,USA,www.peakpowersystems.com,845-344-1975,"Sales,Service,Up To 600kW,Mobile/Diesel/Gas,Rental,"
10551,Industrial/Commercial Sales & Service,00010001761002,"GENSERVE, INC.", 115A TWINBRIDGE DR.,,PENNSAUKEN,NJ ,08110,USA,www.genserveinc.com,856-324-0459,"Service,"
10551,Industrial/Commercial Sales & Service,00010001621002,BROOKFIELD SERVICE, 708 GLEBE ROAD,,WESTMORELAND,NH ,03467,USA,www.brookfieldservice.com,802-485-6567,"Service,Up To 600kW,Mobile/Diesel/Gas,"
10551,Industrial/Commercial Sales & Service,00111184131002,HUNTER & LOMISON, 1956 W FOURTH ST,,WILLIAMSPORT,PA ,17701,USA,www.hunterlomison.com,570-326-1764,"Sales,Service,Up To 600kW,Mobile/Diesel/Gas,Rental,"
10551,Industrial/Commercial Sales & Service,00010000881002,HUNTER & LOMISON INC., 1956 W. 4TH STREET,,WILLIAMSPORT,PA ,17701,USA,www.hunterlomison.com,570-326-1764,"Service,Up To 600kW,Mobile/Diesel/Gas,"
10551,Industrial/Commercial Sales & Service,00010021101002,SOUTH SHORE GENERATOR INC-Quote, 2696A CRANBERRY HWY,,WAREHAM,MA ,02571,USA,,508-295-7336,"Sales,Service,Up To 600kW,Mobile/Diesel/Gas,"
10551,Industrial/Commercial Sales & Service,00010001701002,SOUTH SHORE GENERATOR INC, ,,EAST WAREHAM,MA ,02538,USA,,508-295-7336,"Financing,Sales,Service,Up To 600kW,Mobile/Diesel/Gas,"
10551,Industrial/Commercial Sales & Service,00111207431002,WARSHAUER ELECTRIC SUPPLY CO INC, 800 SHREWSBURY AVE,,TINTON FALLS,NJ ,07724,USA,www.warshauer.com,732-741-6400,"Service,"
10551,Industrial/Commercial Sales & Service,00010157021002,Mechanical Service Co, 1145 Oak St.,,Pittston,PA ,18640,USA,,570-654-2445,"Service,"
10552,Industrial/Commercial Sales & Service,00010001611002,Huntington Power, 230 Long Hill Cross Rd,,Shelton,CT ,06484,USA,www.huntingtonpower.com,203-929-3203,"Sales,Service,Up To 2MW,Mobile/Diesel/Gas,Training,Rental,"
10552,Industrial/Commercial Sales & Service,00010214161002,"R.L. Kistler, Inc", 300 Mile Crossing Blvd.,,Rochester,NY ,14624,USA,rlkistler.com,585-436-1940,"Sales,"
10552,Industrial/Commercial Sales & Service,00010214161002,"R.L. KISTLER, INC.", 35 HAMILTON LANE,,GLENMONT,NY ,12077,USA,,585-436-1940,"Sales,Service,"
10552,Industrial/Commercial Sales & Service,00010001611002,Huntington Power, 68 Enter Ln,,Islandia,NY ,11749,USA,,631-563-4943,"Sales,Service,Up To 2MW,Mobile/Diesel/Gas,"
10552,Industrial/Commercial Sales & Service,00010001611002,Huntington Power, 34 E DUDLEY TOWN RD.,,BLOOMFIELD,CT ,06002,USA,,860-289-8790,"Sales,Service,Rental,"
10552,Industrial/Commercial Sales & Service,00010214161002,"R.L. Kistler, Inc", 5615 Business Ave.,,N. Syracuse,NY ,13208,USA,,315-458-2875,"Sales,"
10552,Industrial/Commercial Sales & Service,00010214161002,"R.L. Kistler, Inc", 5615 Business Ave.,,N. Syracuse,NY ,13208,USA,,315-458-2875,"Sales,"
10552,Industrial/Commercial Sales & Service,00010208021002,Modern Group Power Systems, 2501 Durham Road,,Bristol,PA ,19007,USA,www.moderngroup.com,800-404-7291,"Sales,Service,Up To 2MW,Mobile/Diesel/Gas,Training,Rental,"
10552,Industrial/Commercial Sales & Service,00010001731002,Authorized Services Of New England, 410 Forest Street,,Marlborough,MA ,01752,USA,www.asne.com,888-890-9886,"Financing,Sales,Service,Up To 2MW,Mobile/Diesel/Gas,Training,Rental,"
10552,Industrial/Commercial Sales & Service,00010008091002,MODERN HANDLING EQUIP, 75 NEW STREET,,EDISON,NJ ,08837,USA,www.moderngroup.com,800-779-5116,"Sales,Service,Up To 2MW,Mobile/Diesel/Gas,"
10552,Industrial/Commercial Sales & Service,00010208021002,Modern Group Power Systems, 6352 Chapmans Rd,,Allentown,PA ,18106,USA,,800-404-7291,"Sales,Service,Up To 2MW,Mobile/Diesel/Gas,"
10552,Industrial/Commercial Sales & Service,00010208021002,Modern Group Power Systems, 200 Allied Parkway,,West Berlin,NJ ,08091,USA,,800-404-7291,"Sales,Service,Up To 2MW,Mobile/Diesel/Gas,"
10552,Industrial/Commercial Sales & Service,00010208021002,Modern Group Power Systems, 295 New Commerce Blvd.,,Wilkes Barre,PA ,18706,USA,,800-404-7291,"Sales,Service,Up To 2MW,Mobile/Diesel/Gas,"
10552,Industrial/Commercial Sales & Service,00010000931002,"EMERGENCY POWER SYSTEMS, LLC", 35 HAMILTON LANE,,GLENMONT,NY ,12077,USA,,800-914-1465,"Service,Up To 2MW,Mobile/Diesel/Gas,"
10552,Industrial/Commercial Sales & Service,00010000931002,"EMERGENCY POWER SYSTEMS, LLC", 35 HAMILTON LANE,,GLENMONT,NY ,12077,USA,,800-914-1465,"Service,"
10552,Industrial/Commercial Sales & Service,00010208021002,Modern Group Power Systems, 66A South Gate Blvd.,,New Castle,DE ,19720,USA,,800-404-7291,"Sales,Service,Up To 2MW,Mobile/Diesel/Gas,"
10552,Industrial/Commercial Sales & Service,00010001731002,AUTHORIZED SERVICES OF NEW ENGLAND, 410 FOREST STREET,,MARLBOROUGH,MA ,01752,USA,,888-890-9886,"Sales,"
10552,Industrial/Commercial Sales & Service,00010208021002,Modern Group Power Systems, 3480 Board Road,,York,PA ,17402,USA,,800-404-7291,"Sales,Service,Up To 2MW,Mobile/Diesel/Gas,"
10552,Industrial/Commercial Sales & Service,00010001761002,"GENSERVE, INC.", 100 NEWTOWN RD,,PLAINVIEW,NY ,11803,USA,www.genserveinc.com,631-435-0437,"Service,"
10552,Industrial/Commercial Sales & Service,00111209521002,LONG ISLAND EMERGENCY POWER -QO, 2 Ocean Avenue,,DEER PARK,NY ,11729,USA,,631-586-7513,"Sales,"
10552,Industrial/Commercial Sales & Service,00010139211002,POWERPRO SERVICE CO. INC., 608 JOHNSON AVE. UNIT 6,,BOHEMIA,NY ,11716,USA,,631-567-2700,"Sales,Service,Up To 600kW,Mobile/Diesel/Gas,"
10552,Industrial/Commercial Sales & Service,00111209531002,HUNTINGTON POWER - LONG ISLAND, PO BOX 2040,,SHELTON,CT ,06484,USA,,631-586-7513,"Sales,"
10552,Industrial/Commercial Sales & Service,00010134071002,PEAK POWER SYSTEMS, 99 SPRAGUE AVENUE,,MIDDLETOWN,NY ,10940,USA,www.peakpowersystems.com,845-344-1975,"Sales,Service,Up To 600kW,Mobile/Diesel/Gas,Rental,"
10552,Industrial/Commercial Sales & Service,00010001761002,"GENSERVE, INC.", 115A TWINBRIDGE DR.,,PENNSAUKEN,NJ ,08110,USA,www.genserveinc.com,856-324-0459,"Service,"
10552,Industrial/Commercial Sales & Service,00010001621002,BROOKFIELD SERVICE, 708 GLEBE ROAD,,WESTMORELAND,NH ,03467,USA,www.brookfieldservice.com,802-485-6567,"Service,Up To 600kW,Mobile/Diesel/Gas,"
10552,Industrial/Commercial Sales & Service,00111184131002,HUNTER & LOMISON, 1956 W FOURTH ST,,WILLIAMSPORT,PA ,17701,USA,www.hunterlomison.com,570-326-1764,"Sales,Service,Up To 600kW,Mobile/Diesel/Gas,Rental,"
10552,Industrial/Commercial Sales & Service,00010000881002,HUNTER & LOMISON INC., 1956 W. 4TH STREET,,WILLIAMSPORT,PA ,17701,USA,www.hunterlomison.com,570-326-1764,"Service,Up To 600kW,Mobile/Diesel/Gas,"
10552,Industrial/Commercial Sales & Service,00010021101002,SOUTH SHORE GENERATOR INC-Quote, 2696A CRANBERRY HWY,,WAREHAM,MA ,02571,USA,,508-295-7336,"Sales,Service,Up To 600kW,Mobile/Diesel/Gas,"
10552,Industrial/Commercial Sales & Service,00010001701002,SOUTH SHORE GENERATOR INC, ,,EAST WAREHAM,MA ,02538,USA,,508-295-7336,"Financing,Sales,Service,Up To 600kW,Mobile/Diesel/Gas,"
10552,Industrial/Commercial Sales & Service,00111207431002,WARSHAUER ELECTRIC SUPPLY CO INC, 800 SHREWSBURY AVE,,TINTON FALLS,NJ ,07724,USA,www.warshauer.com,732-741-6400,"Service,"
10552,Industrial/Commercial Sales & Service,00010157021002,Mechanical Service Co, 1145 Oak St.,,Pittston,PA ,18640,USA,,570-654-2445,"Service,"
10553,Industrial/Commercial Sales & Service,00010214161002,"R.L. Kistler, Inc", 300 Mile Crossing Blvd.,,Rochester,NY ,14624,USA,rlkistler.com,585-436-1940,"Sales,"
10553,Industrial/Commercial Sales & Service,00010001611002,Huntington Power, 230 Long Hill Cross Rd,,Shelton,CT ,06484,USA,www.huntingtonpower.com,203-929-3203,"Sales,Service,Up To 2MW,Mobile/Diesel/Gas,Training,Rental,"
10553,Industrial/Commercial Sales & Service,00010214161002,"R.L. KISTLER, INC.", 35 HAMILTON LANE,,GLENMONT,NY ,12077,USA,,585-436-1940,"Sales,Service,"
10553,Industrial/Commercial Sales & Service,00010214161002,"R.L. Kistler, Inc", 5615 Business Ave.,,N. Syracuse,NY ,13208,USA,,315-458-2875,"Sales,"
10553,Industrial/Commercial Sales & Service,00010001611002,Huntington Power, 68 Enter Ln,,Islandia,NY ,11749,USA,,631-563-4943,"Sales,Service,Up To 2MW,Mobile/Diesel/Gas,"
10553,Industrial/Commercial Sales & Service,00010001611002,Huntington Power, 34 E DUDLEY TOWN RD.,,BLOOMFIELD,CT ,06002,USA,,860-289-8790,"Sales,Service,Rental,"
10553,Industrial/Commercial Sales & Service,00010214161002,"R.L. Kistler, Inc", 5615 Business Ave.,,N. Syracuse,NY ,13208,USA,,315-458-2875,"Sales,"
10553,Industrial/Commercial Sales & Service,00010208021002,Modern Group Power Systems, 2501 Durham Road,,Bristol,PA ,19007,USA,www.moderngroup.com,800-404-7291,"Sales,Service,Up To 2MW,Mobile/Diesel/Gas,Training,Rental,"
10553,Industrial/Commercial Sales & Service,00010001731002,Authorized Services Of New England, 410 Forest Street,,Marlborough,MA ,01752,USA,www.asne.com,888-890-9886,"Financing,Sales,Service,Up To 2MW,Mobile/Diesel/Gas,Training,Rental,"
10553,Industrial/Commercial Sales & Service,00010008091002,MODERN HANDLING EQUIP, 75 NEW STREET,,EDISON,NJ ,08837,USA,www.moderngroup.com,800-779-5116,"Sales,Service,Up To 2MW,Mobile/Diesel/Gas,"
10553,Industrial/Commercial Sales & Service,00010208021002,Modern Group Power Systems, 6352 Chapmans Rd,,Allentown,PA ,18106,USA,,800-404-7291,"Sales,Service,Up To 2MW,Mobile/Diesel/Gas,"
10553,Industrial/Commercial Sales & Service,00010208021002,Modern Group Power Systems, 200 Allied Parkway,,West Berlin,NJ ,08091,USA,,800-404-7291,"Sales,Service,Up To 2MW,Mobile/Diesel/Gas,"
10553,Industrial/Commercial Sales & Service,00010208021002,Modern Group Power Systems, 295 New Commerce Blvd.,,Wilkes Barre,PA ,18706,USA,,800-404-7291,"Sales,Service,Up To 2MW,Mobile/Diesel/Gas,"
10553,Industrial/Commercial Sales & Service,00010000931002,"EMERGENCY POWER SYSTEMS, LLC", 35 HAMILTON LANE,,GLENMONT,NY ,12077,USA,,800-914-1465,"Service,Up To 2MW,Mobile/Diesel/Gas,"
10553,Industrial/Commercial Sales & Service,00010000931002,"EMERGENCY POWER SYSTEMS, LLC", 35 HAMILTON LANE,,GLENMONT,NY ,12077,USA,,800-914-1465,"Service,"
10553,Industrial/Commercial Sales & Service,00010208021002,Modern Group Power Systems, 66A South Gate Blvd.,,New Castle,DE ,19720,USA,,800-404-7291,"Sales,Service,Up To 2MW,Mobile/Diesel/Gas,"
10553,Industrial/Commercial Sales & Service,00010001731002,AUTHORIZED SERVICES OF NEW ENGLAND, 410 FOREST STREET,,MARLBOROUGH,MA ,01752,USA,,888-890-9886,"Sales,"
10553,Industrial/Commercial Sales & Service,00010208021002,Modern Group Power Systems, 3480 Board Road,,York,PA ,17402,USA,,800-404-7291,"Sales,Service,Up To 2MW,Mobile/Diesel/Gas,"
10553,Industrial/Commercial Sales & Service,00010001761002,"GENSERVE, INC.", 100 NEWTOWN RD,,PLAINVIEW,NY ,11803,USA,www.genserveinc.com,631-435-0437,"Service,"
10553,Industrial/Commercial Sales & Service,00111209521002,LONG ISLAND EMERGENCY POWER -QO, 2 Ocean Avenue,,DEER PARK,NY ,11729,USA,,631-586-7513,"Sales,"
10553,Industrial/Commercial Sales & Service,00010139211002,POWERPRO SERVICE CO. INC., 608 JOHNSON AVE. UNIT 6,,BOHEMIA,NY ,11716,USA,,631-567-2700,"Sales,Service,Up To 600kW,Mobile/Diesel/Gas,"
10553,Industrial/Commercial Sales & Service,00111209531002,HUNTINGTON POWER - LONG ISLAND, PO BOX 2040,,SHELTON,CT ,06484,USA,,631-586-7513,"Sales,"
10553,Industrial/Commercial Sales & Service,00010134071002,PEAK POWER SYSTEMS, 99 SPRAGUE AVENUE,,MIDDLETOWN,NY ,10940,USA,www.peakpowersystems.com,845-344-1975,"Sales,Service,Up To 600kW,Mobile/Diesel/Gas,Rental,"
10553,Industrial/Commercial Sales & Service,00010001761002,"GENSERVE, INC.", 115A TWINBRIDGE DR.,,PENNSAUKEN,NJ ,08110,USA,www.genserveinc.com,856-324-0459,"Service,"
10553,Industrial/Commercial Sales & Service,00010001621002,BROOKFIELD SERVICE, 708 GLEBE ROAD,,WESTMORELAND,NH ,03467,USA,www.brookfieldservice.com,802-485-6567,"Service,Up To 600kW,Mobile/Diesel/Gas,"
10553,Industrial/Commercial Sales & Service,00111184131002,HUNTER & LOMISON, 1956 W FOURTH ST,,WILLIAMSPORT,PA ,17701,USA,www.hunterlomison.com,570-326-1764,"Sales,Service,Up To 600kW,Mobile/Diesel/Gas,Rental,"
10553,Industrial/Commercial Sales & Service,00010000881002,HUNTER & LOMISON INC., 1956 W. 4TH STREET,,WILLIAMSPORT,PA ,17701,USA,www.hunterlomison.com,570-326-1764,"Service,Up To 600kW,Mobile/Diesel/Gas,"
10553,Industrial/Commercial Sales & Service,00010021101002,SOUTH SHORE GENERATOR INC-Quote, 2696A CRANBERRY HWY,,WAREHAM,MA ,02571,USA,,508-295-7336,"Sales,Service,Up To 600kW,Mobile/Diesel/Gas,"
10553,Industrial/Commercial Sales & Service,00010001701002,SOUTH SHORE GENERATOR INC, ,,EAST WAREHAM,MA ,02538,USA,,508-295-7336,"Financing,Sales,Service,Up To 600kW,Mobile/Diesel/Gas,"
10553,Industrial/Commercial Sales & Service,00111207431002,WARSHAUER ELECTRIC SUPPLY CO INC, 800 SHREWSBURY AVE,,TINTON FALLS,NJ ,07724,USA,www.warshauer.com,732-741-6400,"Service,"
10553,Industrial/Commercial Sales & Service,00010157021002,Mechanical Service Co, 1145 Oak St.,,Pittston,PA ,18640,USA,,570-654-2445,"Service,"
10560,Industrial/Commercial Sales & Service,00010214161002,"R.L. KISTLER, INC.", 35 HAMILTON LANE,,GLENMONT,NY ,12077,USA,,585-436-1940,"Sales,Service,"
10560,Industrial/Commercial Sales & Service,00010001611002,Huntington Power, 230 Long Hill Cross Rd,,Shelton,CT ,06484,USA,www.huntingtonpower.com,203-929-3203,"Sales,Service,Up To 2MW,Mobile/Diesel/Gas,Training,Rental,"
10560,Industrial/Commercial Sales & Service,00010214161002,"R.L. Kistler, Inc", 300 Mile Crossing Blvd.,,Rochester,NY ,14624,USA,rlkistler.com,585-436-1940,"Sales,"
10560,Industrial/Commercial Sales & Service,00010214161002,"R.L. Kistler, Inc", 5615 Business Ave.,,N. Syracuse,NY ,13208,USA,,315-458-2875,"Sales,"
10560,Industrial/Commercial Sales & Service,00010001611002,Huntington Power, 68 Enter Ln,,Islandia,NY ,11749,USA,,631-563-4943,"Sales,Service,Up To 2MW,Mobile/Diesel/Gas,"
10560,Industrial/Commercial Sales & Service,00010001611002,Huntington Power, 34 E DUDLEY TOWN RD.,,BLOOMFIELD,CT ,06002,USA,,860-289-8790,"Sales,Service,Rental,"
10560,Industrial/Commercial Sales & Service,00010214161002,"R.L. Kistler, Inc", 5615 Business Ave.,,N. Syracuse,NY ,13208,USA,,315-458-2875,"Sales,"
10560,Industrial/Commercial Sales & Service,00010208021002,Modern Group Power Systems, 2501 Durham Road,,Bristol,PA ,19007,USA,www.moderngroup.com,800-404-7291,"Sales,Service,Up To 2MW,Mobile/Diesel/Gas,Training,Rental,"
10560,Industrial/Commercial Sales & Service,00010001731002,Authorized Services Of New England, 410 Forest Street,,Marlborough,MA ,01752,USA,www.asne.com,888-890-9886,"Financing,Sales,Service,Up To 2MW,Mobile/Diesel/Gas,Training,Rental,"
10560,Industrial/Commercial Sales & Service,00010008091002,MODERN HANDLING EQUIP, 75 NEW STREET,,EDISON,NJ ,08837,USA,www.moderngroup.com,800-779-5116,"Sales,Service,Up To 2MW,Mobile/Diesel/Gas,"
10560,Industrial/Commercial Sales & Service,00010000931002,"EMERGENCY POWER SYSTEMS, LLC", 35 HAMILTON LANE,,GLENMONT,NY ,12077,USA,,800-914-1465,"Service,Up To 2MW,Mobile/Diesel/Gas,"
10560,Industrial/Commercial Sales & Service,00010000931002,"EMERGENCY POWER SYSTEMS, LLC", 35 HAMILTON LANE,,GLENMONT,NY ,12077,USA,,800-914-1465,"Service,"
10560,Industrial/Commercial Sales & Service,00010208021002,Modern Group Power Systems, 6352 Chapmans Rd,,Allentown,PA ,18106,USA,,800-404-7291,"Sales,Service,Up To 2MW,Mobile/Diesel/Gas,"
10560,Industrial/Commercial Sales & Service,00010208021002,Modern Group Power Systems, 295 New Commerce Blvd.,,Wilkes Barre,PA ,18706,USA,,800-404-7291,"Sales,Service,Up To 2MW,Mobile/Diesel/Gas,"
10560,Industrial/Commercial Sales & Service,00010208021002,Modern Group Power Systems, 200 Allied Parkway,,West Berlin,NJ ,08091,USA,,800-404-7291,"Sales,Service,Up To 2MW,Mobile/Diesel/Gas,"
10560,Industrial/Commercial Sales & Service,00010001731002,AUTHORIZED SERVICES OF NEW ENGLAND, 410 FOREST STREET,,MARLBOROUGH,MA ,01752,USA,,888-890-9886,"Sales,"
10560,Industrial/Commercial Sales & Service,00010208021002,Modern Group Power Systems, 66A South Gate Blvd.,,New Castle,DE ,19720,USA,,800-404-7291,"Sales,Service,Up To 2MW,Mobile/Diesel/Gas,"
10560,Industrial/Commercial Sales & Service,00010208021002,Modern Group Power Systems, 3480 Board Road,,York,PA ,17402,USA,,800-404-7291,"Sales,Service,Up To 2MW,Mobile/Diesel/Gas,"
10560,Industrial/Commercial Sales & Service,00111209531002,HUNTINGTON POWER - LONG ISLAND, PO BOX 2040,,SHELTON,CT ,06484,USA,,631-586-7513,"Sales,"
10560,Industrial/Commercial Sales & Service,00010001761002,"GENSERVE, INC.", 100 NEWTOWN RD,,PLAINVIEW,NY ,11803,USA,www.genserveinc.com,631-435-0437,"Service,"
10560,Industrial/Commercial Sales & Service,00111209521002,LONG ISLAND EMERGENCY POWER -QO, 2 Ocean Avenue,,DEER PARK,NY ,11729,USA,,631-586-7513,"Sales,"
10560,Industrial/Commercial Sales & Service,00010134071002,PEAK POWER SYSTEMS, 99 SPRAGUE AVENUE,,MIDDLETOWN,NY ,10940,USA,www.peakpowersystems.com,845-344-1975,"Sales,Service,Up To 600kW,Mobile/Diesel/Gas,Rental,"
10560,Industrial/Commercial Sales & Service,00010139211002,POWERPRO SERVICE CO. INC., 608 JOHNSON AVE. UNIT 6,,BOHEMIA,NY ,11716,USA,,631-567-2700,"Sales,Service,Up To 600kW,Mobile/Diesel/Gas,"
10560,Industrial/Commercial Sales & Service,00010001761002,"GENSERVE, INC.", 115A TWINBRIDGE DR.,,PENNSAUKEN,NJ ,08110,USA,www.genserveinc.com,856-324-0459,"Service,"
10560,Industrial/Commercial Sales & Service,00010001621002,BROOKFIELD SERVICE, 708 GLEBE ROAD,,WESTMORELAND,NH ,03467,USA,www.brookfieldservice.com,802-485-6567,"Service,Up To 600kW,Mobile/Diesel/Gas,"
10560,Industrial/Commercial Sales & Service,00010021101002,SOUTH SHORE GENERATOR INC-Quote, 2696A CRANBERRY HWY,,WAREHAM,MA ,02571,USA,,508-295-7336,"Sales,Service,Up To 600kW,Mobile/Diesel/Gas,"
10560,Industrial/Commercial Sales & Service,00010001701002,SOUTH SHORE GENERATOR INC, ,,EAST WAREHAM,MA ,02538,USA,,508-295-7336,"Financing,Sales,Service,Up To 600kW,Mobile/Diesel/Gas,"
10560,Industrial/Commercial Sales & Service,00111184131002,HUNTER & LOMISON, 1956 W FOURTH ST,,WILLIAMSPORT,PA ,17701,USA,www.hunterlomison.com,570-326-1764,"Sales,Service,Up To 600kW,Mobile/Diesel/Gas,Rental,"
10560,Industrial/Commercial Sales & Service,00010000881002,HUNTER & LOMISON INC., 1956 W. 4TH STREET,,WILLIAMSPORT,PA ,17701,USA,www.hunterlomison.com,570-326-1764,"Service,Up To 600kW,Mobile/Diesel/Gas,"
10560,Industrial/Commercial Sales & Service,00111207431002,WARSHAUER ELECTRIC SUPPLY CO INC, 800 SHREWSBURY AVE,,TINTON FALLS,NJ ,07724,USA,www.warshauer.com,732-741-6400,"Service,"
10560,Industrial/Commercial Sales & Service,00010157021002,Mechanical Service Co, 1145 Oak St.,,Pittston,PA ,18640,USA,,570-654-2445,"Service,"
10562,Industrial/Commercial Sales & Service,00010214161002,"R.L. KISTLER, INC.", 35 HAMILTON LANE,,GLENMONT,NY ,12077,USA,,585-436-1940,"Sales,Service,"
10562,Industrial/Commercial Sales & Service,00010001611002,Huntington Power, 230 Long Hill Cross Rd,,Shelton,CT ,06484,USA,www.huntingtonpower.com,203-929-3203,"Sales,Service,Up To 2MW,Mobile/Diesel/Gas,Training,Rental,"
10562,Industrial/Commercial Sales & Service,00010214161002,"R.L. Kistler, Inc", 300 Mile Crossing Blvd.,,Rochester,NY ,14624,USA,rlkistler.com,585-436-1940,"Sales,"
10562,Industrial/Commercial Sales & Service,00010214161002,"R.L. Kistler, Inc", 5615 Business Ave.,,N. Syracuse,NY ,13208,USA,,315-458-2875,"Sales,"
10562,Industrial/Commercial Sales & Service,00010001611002,Huntington Power, 68 Enter Ln,,Islandia,NY ,11749,USA,,631-563-4943,"Sales,Service,Up To 2MW,Mobile/Diesel/Gas,"
10562,Industrial/Commercial Sales & Service,00010001611002,Huntington Power, 34 E DUDLEY TOWN RD.,,BLOOMFIELD,CT ,06002,USA,,860-289-8790,"Sales,Service,Rental,"
10562,Industrial/Commercial Sales & Service,00010214161002,"R.L. Kistler, Inc", 5615 Business Ave.,,N. Syracuse,NY ,13208,USA,,315-458-2875,"Sales,"
10562,Industrial/Commercial Sales & Service,00010208021002,Modern Group Power Systems, 2501 Durham Road,,Bristol,PA ,19007,USA,www.moderngroup.com,800-404-7291,"Sales,Service,Up To 2MW,Mobile/Diesel/Gas,Training,Rental,"
10562,Industrial/Commercial Sales & Service,00010001731002,Authorized Services Of New England, 410 Forest Street,,Marlborough,MA ,01752,USA,www.asne.com,888-890-9886,"Financing,Sales,Service,Up To 2MW,Mobile/Diesel/Gas,Training,Rental,"
10562,Industrial/Commercial Sales & Service,00010008091002,MODERN HANDLING EQUIP, 75 NEW STREET,,EDISON,NJ ,08837,USA,www.moderngroup.com,800-779-5116,"Sales,Service,Up To 2MW,Mobile/Diesel/Gas,"
10562,Industrial/Commercial Sales & Service,00010208021002,Modern Group Power Systems, 6352 Chapmans Rd,,Allentown,PA ,18106,USA,,800-404-7291,"Sales,Service,Up To 2MW,Mobile/Diesel/Gas,"
10562,Industrial/Commercial Sales & Service,00010000931002,"EMERGENCY POWER SYSTEMS, LLC", 35 HAMILTON LANE,,GLENMONT,NY ,12077,USA,,800-914-1465,"Service,Up To 2MW,Mobile/Diesel/Gas,"
10562,Industrial/Commercial Sales & Service,00010000931002,"EMERGENCY POWER SYSTEMS, LLC", 35 HAMILTON LANE,,GLENMONT,NY ,12077,USA,,800-914-1465,"Service,"
10562,Industrial/Commercial Sales & Service,00010208021002,Modern Group Power Systems, 295 New Commerce Blvd.,,Wilkes Barre,PA ,18706,USA,,800-404-7291,"Sales,Service,Up To 2MW,Mobile/Diesel/Gas,"
10562,Industrial/Commercial Sales & Service,00010208021002,Modern Group Power Systems, 200 Allied Parkway,,West Berlin,NJ ,08091,USA,,800-404-7291,"Sales,Service,Up To 2MW,Mobile/Diesel/Gas,"
10562,Industrial/Commercial Sales & Service,00010208021002,Modern Group Power Systems, 66A South Gate Blvd.,,New Castle,DE ,19720,USA,,800-404-7291,"Sales,Service,Up To 2MW,Mobile/Diesel/Gas,"
10562,Industrial/Commercial Sales & Service,00010001731002,AUTHORIZED SERVICES OF NEW ENGLAND, 410 FOREST STREET,,MARLBOROUGH,MA ,01752,USA,,888-890-9886,"Sales,"
10562,Industrial/Commercial Sales & Service,00010208021002,Modern Group Power Systems, 3480 Board Road,,York,PA ,17402,USA,,800-404-7291,"Sales,Service,Up To 2MW,Mobile/Diesel/Gas,"
10562,Industrial/Commercial Sales & Service,00010001761002,"GENSERVE, INC.", 100 NEWTOWN RD,,PLAINVIEW,NY ,11803,USA,www.genserveinc.com,631-435-0437,"Service,"
10562,Industrial/Commercial Sales & Service,00010134071002,PEAK POWER SYSTEMS, 99 SPRAGUE AVENUE,,MIDDLETOWN,NY ,10940,USA,www.peakpowersystems.com,845-344-1975,"Sales,Service,Up To 600kW,Mobile/Diesel/Gas,Rental,"
10562,Industrial/Commercial Sales & Service,00111209531002,HUNTINGTON POWER - LONG ISLAND, PO BOX 2040,,SHELTON,CT ,06484,USA,,631-586-7513,"Sales,"
10562,Industrial/Commercial Sales & Service,00111209521002,LONG ISLAND EMERGENCY POWER -QO, 2 Ocean Avenue,,DEER PARK,NY ,11729,USA,,631-586-7513,"Sales,"
10562,Industrial/Commercial Sales & Service,00010139211002,POWERPRO SERVICE CO. INC., 608 JOHNSON AVE. UNIT 6,,BOHEMIA,NY ,11716,USA,,631-567-2700,"Sales,Service,Up To 600kW,Mobile/Diesel/Gas,"
10562,Industrial/Commercial Sales & Service,00010001761002,"GENSERVE, INC.", 115A TWINBRIDGE DR.,,PENNSAUKEN,NJ ,08110,USA,www.genserveinc.com,856-324-0459,"Service,"
10562,Industrial/Commercial Sales & Service,00010001621002,BROOKFIELD SERVICE, 708 GLEBE ROAD,,WESTMORELAND,NH ,03467,USA,www.brookfieldservice.com,802-485-6567,"Service,Up To 600kW,Mobile/Diesel/Gas,"
10562,Industrial/Commercial Sales & Service,00111184131002,HUNTER & LOMISON, 1956 W FOURTH ST,,WILLIAMSPORT,PA ,17701,USA,www.hunterlomison.com,570-326-1764,"Sales,Service,Up To 600kW,Mobile/Diesel/Gas,Rental,"
10562,Industrial/Commercial Sales & Service,00010000881002,HUNTER & LOMISON INC., 1956 W. 4TH STREET,,WILLIAMSPORT,PA ,17701,USA,www.hunterlomison.com,570-326-1764,"Service,Up To 600kW,Mobile/Diesel/Gas,"
10562,Industrial/Commercial Sales & Service,00010021101002,SOUTH SHORE GENERATOR INC-Quote, 2696A CRANBERRY HWY,,WAREHAM,MA ,02571,USA,,508-295-7336,"Sales,Service,Up To 600kW,Mobile/Diesel/Gas,"
10562,Industrial/Commercial Sales & Service,00010001701002,SOUTH SHORE GENERATOR INC, ,,EAST WAREHAM,MA ,02538,USA,,508-295-7336,"Financing,Sales,Service,Up To 600kW,Mobile/Diesel/Gas,"
10562,Industrial/Commercial Sales & Service,00111207431002,WARSHAUER ELECTRIC SUPPLY CO INC, 800 SHREWSBURY AVE,,TINTON FALLS,NJ ,07724,USA,www.warshauer.com,732-741-6400,"Service,"
10562,Industrial/Commercial Sales & Service,00010157021002,Mechanical Service Co, 1145 Oak St.,,Pittston,PA ,18640,USA,,570-654-2445,"Service,"
10566,Industrial/Commercial Sales & Service,00010214161002,"R.L. KISTLER, INC.", 35 HAMILTON LANE,,GLENMONT,NY ,12077,USA,,585-436-1940,"Sales,Service,"
10566,Industrial/Commercial Sales & Service,00010001611002,Huntington Power, 230 Long Hill Cross Rd,,Shelton,CT ,06484,USA,www.huntingtonpower.com,203-929-3203,"Sales,Service,Up To 2MW,Mobile/Diesel/Gas,Training,Rental,"
10566,Industrial/Commercial Sales & Service,00010214161002,"R.L. Kistler, Inc", 300 Mile Crossing Blvd.,,Rochester,NY ,14624,USA,rlkistler.com,585-436-1940,"Sales,"
10566,Industrial/Commercial Sales & Service,00010214161002,"R.L. Kistler, Inc", 5615 Business Ave.,,N. Syracuse,NY ,13208,USA,,315-458-2875,"Sales,"
10566,Industrial/Commercial Sales & Service,00010001611002,Huntington Power, 68 Enter Ln,,Islandia,NY ,11749,USA,,631-563-4943,"Sales,Service,Up To 2MW,Mobile/Diesel/Gas,"
10566,Industrial/Commercial Sales & Service,00010001611002,Huntington Power, 34 E DUDLEY TOWN RD.,,BLOOMFIELD,CT ,06002,USA,,860-289-8790,"Sales,Service,Rental,"
10566,Industrial/Commercial Sales & Service,00010214161002,"R.L. Kistler, Inc", 5615 Business Ave.,,N. Syracuse,NY ,13208,USA,,315-458-2875,"Sales,"
10566,Industrial/Commercial Sales & Service,00010208021002,Modern Group Power Systems, 2501 Durham Road,,Bristol,PA ,19007,USA,www.moderngroup.com,800-404-7291,"Sales,Service,Up To 2MW,Mobile/Diesel/Gas,Training,Rental,"
10566,Industrial/Commercial Sales & Service,00010001731002,Authorized Services Of New England, 410 Forest Street,,Marlborough,MA ,01752,USA,www.asne.com,888-890-9886,"Financing,Sales,Service,Up To 2MW,Mobile/Diesel/Gas,Training,Rental,"
10566,Industrial/Commercial Sales & Service,00010008091002,MODERN HANDLING EQUIP, 75 NEW STREET,,EDISON,NJ ,08837,USA,www.moderngroup.com,800-779-5116,"Sales,Service,Up To 2MW,Mobile/Diesel/Gas,"
10566,Industrial/Commercial Sales & Service,00010000931002,"EMERGENCY POWER SYSTEMS, LLC", 35 HAMILTON LANE,,GLENMONT,NY ,12077,USA,,800-914-1465,"Service,Up To 2MW,Mobile/Diesel/Gas,"
10566,Industrial/Commercial Sales & Service,00010000931002,"EMERGENCY POWER SYSTEMS, LLC", 35 HAMILTON LANE,,GLENMONT,NY ,12077,USA,,800-914-1465,"Service,"
10566,Industrial/Commercial Sales & Service,00010208021002,Modern Group Power Systems, 6352 Chapmans Rd,,Allentown,PA ,18106,USA,,800-404-7291,"Sales,Service,Up To 2MW,Mobile/Diesel/Gas,"
10566,Industrial/Commercial Sales & Service,00010208021002,Modern Group Power Systems, 295 New Commerce Blvd.,,Wilkes Barre,PA ,18706,USA,,800-404-7291,"Sales,Service,Up To 2MW,Mobile/Diesel/Gas,"
10566,Industrial/Commercial Sales & Service,00010208021002,Modern Group Power Systems, 200 Allied Parkway,,West Berlin,NJ ,08091,USA,,800-404-7291,"Sales,Service,Up To 2MW,Mobile/Diesel/Gas,"
10566,Industrial/Commercial Sales & Service,00010001731002,AUTHORIZED SERVICES OF NEW ENGLAND, 410 FOREST STREET,,MARLBOROUGH,MA ,01752,USA,,888-890-9886,"Sales,"
10566,Industrial/Commercial Sales & Service,00010208021002,Modern Group Power Systems, 66A South Gate Blvd.,,New Castle,DE ,19720,USA,,800-404-7291,"Sales,Service,Up To 2MW,Mobile/Diesel/Gas,"
10566,Industrial/Commercial Sales & Service,00010208021002,Modern Group Power Systems, 3480 Board Road,,York,PA ,17402,USA,,800-404-7291,"Sales,Service,Up To 2MW,Mobile/Diesel/Gas,"
10566,Industrial/Commercial Sales & Service,00010134071002,PEAK POWER SYSTEMS, 99 SPRAGUE AVENUE,,MIDDLETOWN,NY ,10940,USA,www.peakpowersystems.com,845-344-1975,"Sales,Service,Up To 600kW,Mobile/Diesel/Gas,Rental,"
10566,Industrial/Commercial Sales & Service,00111209531002,HUNTINGTON POWER - LONG ISLAND, PO BOX 2040,,SHELTON,CT ,06484,USA,,631-586-7513,"Sales,"
10566,Industrial/Commercial Sales & Service,00010001761002,"GENSERVE, INC.", 100 NEWTOWN RD,,PLAINVIEW,NY ,11803,USA,www.genserveinc.com,631-435-0437,"Service,"
10566,Industrial/Commercial Sales & Service,00111209521002,LONG ISLAND EMERGENCY POWER -QO, 2 Ocean Avenue,,DEER PARK,NY ,11729,USA,,631-586-7513,"Sales,"
10566,Industrial/Commercial Sales & Service,00010139211002,POWERPRO SERVICE CO. INC., 608 JOHNSON AVE. UNIT 6,,BOHEMIA,NY ,11716,USA,,631-567-2700,"Sales,Service,Up To 600kW,Mobile/Diesel/Gas,"
10566,Industrial/Commercial Sales & Service,00010001761002,"GENSERVE, INC.", 115A TWINBRIDGE DR.,,PENNSAUKEN,NJ ,08110,USA,www.genserveinc.com,856-324-0459,"Service,"
10566,Industrial/Commercial Sales & Service,00010001621002,BROOKFIELD SERVICE, 708 GLEBE ROAD,,WESTMORELAND,NH ,03467,USA,www.brookfieldservice.com,802-485-6567,"Service,Up To 600kW,Mobile/Diesel/Gas,"
10566,Industrial/Commercial Sales & Service,00111184131002,HUNTER & LOMISON, 1956 W FOURTH ST,,WILLIAMSPORT,PA ,17701,USA,www.hunterlomison.com,570-326-1764,"Sales,Service,Up To 600kW,Mobile/Diesel/Gas,Rental,"
10566,Industrial/Commercial Sales & Service,00010000881002,HUNTER & LOMISON INC., 1956 W. 4TH STREET,,WILLIAMSPORT,PA ,17701,USA,www.hunterlomison.com,570-326-1764,"Service,Up To 600kW,Mobile/Diesel/Gas,"
10566,Industrial/Commercial Sales & Service,00010021101002,SOUTH SHORE GENERATOR INC-Quote, 2696A CRANBERRY HWY,,WAREHAM,MA ,02571,USA,,508-295-7336,"Sales,Service,Up To 600kW,Mobile/Diesel/Gas,"
10566,Industrial/Commercial Sales & Service,00010001701002,SOUTH SHORE GENERATOR INC, ,,EAST WAREHAM,MA ,02538,USA,,508-295-7336,"Financing,Sales,Service,Up To 600kW,Mobile/Diesel/Gas,"
10566,Industrial/Commercial Sales & Service,00111207431002,WARSHAUER ELECTRIC SUPPLY CO INC, 800 SHREWSBURY AVE,,TINTON FALLS,NJ ,07724,USA,www.warshauer.com,732-741-6400,"Service,"
10566,Industrial/Commercial Sales & Service,00010157021002,Mechanical Service Co, 1145 Oak St.,,Pittston,PA ,18640,USA,,570-654-2445,"Service,"
10567,Industrial/Commercial Sales & Service,00010001611002,Huntington Power, 230 Long Hill Cross Rd,,Shelton,CT ,06484,USA,www.huntingtonpower.com,203-929-3203,"Sales,Service,Up To 2MW,Mobile/Diesel/Gas,Training,Rental,"
10567,Industrial/Commercial Sales & Service,00010214161002,"R.L. Kistler, Inc", 300 Mile Crossing Blvd.,,Rochester,NY ,14624,USA,rlkistler.com,585-436-1940,"Sales,"
10567,Industrial/Commercial Sales & Service,00010214161002,"R.L. KISTLER, INC.", 35 HAMILTON LANE,,GLENMONT,NY ,12077,USA,,585-436-1940,"Sales,Service,"
10567,Industrial/Commercial Sales & Service,00010001611002,Huntington Power, 68 Enter Ln,,Islandia,NY ,11749,USA,,631-563-4943,"Sales,Service,Up To 2MW,Mobile/Diesel/Gas,"
10567,Industrial/Commercial Sales & Service,00010001611002,Huntington Power, 34 E DUDLEY TOWN RD.,,BLOOMFIELD,CT ,06002,USA,,860-289-8790,"Sales,Service,Rental,"
10567,Industrial/Commercial Sales & Service,00010214161002,"R.L. Kistler, Inc", 5615 Business Ave.,,N. Syracuse,NY ,13208,USA,,315-458-2875,"Sales,"
10567,Industrial/Commercial Sales & Service,00010214161002,"R.L. Kistler, Inc", 5615 Business Ave.,,N. Syracuse,NY ,13208,USA,,315-458-2875,"Sales,"
10567,Industrial/Commercial Sales & Service,00010208021002,Modern Group Power Systems, 2501 Durham Road,,Bristol,PA ,19007,USA,www.moderngroup.com,800-404-7291,"Sales,Service,Up To 2MW,Mobile/Diesel/Gas,Training,Rental,"
10567,Industrial/Commercial Sales & Service,00010001731002,Authorized Services Of New England, 410 Forest Street,,Marlborough,MA ,01752,USA,www.asne.com,888-890-9886,"Financing,Sales,Service,Up To 2MW,Mobile/Diesel/Gas,Training,Rental,"
10567,Industrial/Commercial Sales & Service,00010008091002,MODERN HANDLING EQUIP, 75 NEW STREET,,EDISON,NJ ,08837,USA,www.moderngroup.com,800-779-5116,"Sales,Service,Up To 2MW,Mobile/Diesel/Gas,"
10567,Industrial/Commercial Sales & Service,00010000931002,"EMERGENCY POWER SYSTEMS, LLC", 35 HAMILTON LANE,,GLENMONT,NY ,12077,USA,,800-914-1465,"Service,Up To 2MW,Mobile/Diesel/Gas,"
10567,Industrial/Commercial Sales & Service,00010000931002,"EMERGENCY POWER SYSTEMS, LLC", 35 HAMILTON LANE,,GLENMONT,NY ,12077,USA,,800-914-1465,"Service,"
10567,Industrial/Commercial Sales & Service,00010208021002,Modern Group Power Systems, 6352 Chapmans Rd,,Allentown,PA ,18106,USA,,800-404-7291,"Sales,Service,Up To 2MW,Mobile/Diesel/Gas,"
10567,Industrial/Commercial Sales & Service,00010208021002,Modern Group Power Systems, 295 New Commerce Blvd.,,Wilkes Barre,PA ,18706,USA,,800-404-7291,"Sales,Service,Up To 2MW,Mobile/Diesel/Gas,"
10567,Industrial/Commercial Sales & Service,00010208021002,Modern Group Power Systems, 200 Allied Parkway,,West Berlin,NJ ,08091,USA,,800-404-7291,"Sales,Service,Up To 2MW,Mobile/Diesel/Gas,"
10567,Industrial/Commercial Sales & Service,00010001731002,AUTHORIZED SERVICES OF NEW ENGLAND, 410 FOREST STREET,,MARLBOROUGH,MA ,01752,USA,,888-890-9886,"Sales,"
10567,Industrial/Commercial Sales & Service,00010208021002,Modern Group Power Systems, 66A South Gate Blvd.,,New Castle,DE ,19720,USA,,800-404-7291,"Sales,Service,Up To 2MW,Mobile/Diesel/Gas,"
10567,Industrial/Commercial Sales & Service,00010208021002,Modern Group Power Systems, 3480 Board Road,,York,PA ,17402,USA,,800-404-7291,"Sales,Service,Up To 2MW,Mobile/Diesel/Gas,"
10567,Industrial/Commercial Sales & Service,00010134071002,PEAK POWER SYSTEMS, 99 SPRAGUE AVENUE,,MIDDLETOWN,NY ,10940,USA,www.peakpowersystems.com,845-344-1975,"Sales,Service,Up To 600kW,Mobile/Diesel/Gas,Rental,"
10567,Industrial/Commercial Sales & Service,00111209531002,HUNTINGTON POWER - LONG ISLAND, PO BOX 2040,,SHELTON,CT ,06484,USA,,631-586-7513,"Sales,"
10567,Industrial/Commercial Sales & Service,00010001761002,"GENSERVE, INC.", 100 NEWTOWN RD,,PLAINVIEW,NY ,11803,USA,www.genserveinc.com,631-435-0437,"Service,"
10567,Industrial/Commercial Sales & Service,00111209521002,LONG ISLAND EMERGENCY POWER -QO, 2 Ocean Avenue,,DEER PARK,NY ,11729,USA,,631-586-7513,"Sales,"
10567,Industrial/Commercial Sales & Service,00010139211002,POWERPRO SERVICE CO. INC., 608 JOHNSON AVE. UNIT 6,,BOHEMIA,NY ,11716,USA,,631-567-2700,"Sales,Service,Up To 600kW,Mobile/Diesel/Gas,"
10567,Industrial/Commercial Sales & Service,00010001761002,"GENSERVE, INC.", 115A TWINBRIDGE DR.,,PENNSAUKEN,NJ ,08110,USA,www.genserveinc.com,856-324-0459,"Service,"
10567,Industrial/Commercial Sales & Service,00010001621002,BROOKFIELD SERVICE, 708 GLEBE ROAD,,WESTMORELAND,NH ,03467,USA,www.brookfieldservice.com,802-485-6567,"Service,Up To 600kW,Mobile/Diesel/Gas,"
10567,Industrial/Commercial Sales & Service,00111184131002,HUNTER & LOMISON, 1956 W FOURTH ST,,WILLIAMSPORT,PA ,17701,USA,www.hunterlomison.com,570-326-1764,"Sales,Service,Up To 600kW,Mobile/Diesel/Gas,Rental,"
10567,Industrial/Commercial Sales & Service,00010000881002,HUNTER & LOMISON INC., 1956 W. 4TH STREET,,WILLIAMSPORT,PA ,17701,USA,www.hunterlomison.com,570-326-1764,"Service,Up To 600kW,Mobile/Diesel/Gas,"
10567,Industrial/Commercial Sales & Service,00010021101002,SOUTH SHORE GENERATOR INC-Quote, 2696A CRANBERRY HWY,,WAREHAM,MA ,02571,USA,,508-295-7336,"Sales,Service,Up To 600kW,Mobile/Diesel/Gas,"
10567,Industrial/Commercial Sales & Service,00010001701002,SOUTH SHORE GENERATOR INC, ,,EAST WAREHAM,MA ,02538,USA,,508-295-7336,"Financing,Sales,Service,Up To 600kW,Mobile/Diesel/Gas,"
10567,Industrial/Commercial Sales & Service,00111207431002,WARSHAUER ELECTRIC SUPPLY CO INC, 800 SHREWSBURY AVE,,TINTON FALLS,NJ ,07724,USA,www.warshauer.com,732-741-6400,"Service,"
10567,Industrial/Commercial Sales & Service,00010157021002,Mechanical Service Co, 1145 Oak St.,,Pittston,PA ,18640,USA,,570-654-2445,"Service,"
10570,Industrial/Commercial Sales & Service,00010001611002,Huntington Power, 230 Long Hill Cross Rd,,Shelton,CT ,06484,USA,www.huntingtonpower.com,203-929-3203,"Sales,Service,Up To 2MW,Mobile/Diesel/Gas,Training,Rental,"
10570,Industrial/Commercial Sales & Service,00010214161002,"R.L. Kistler, Inc", 300 Mile Crossing Blvd.,,Rochester,NY ,14624,USA,rlkistler.com,585-436-1940,"Sales,"
10570,Industrial/Commercial Sales & Service,00010214161002,"R.L. KISTLER, INC.", 35 HAMILTON LANE,,GLENMONT,NY ,12077,USA,,585-436-1940,"Sales,Service,"
10570,Industrial/Commercial Sales & Service,00010001611002,Huntington Power, 68 Enter Ln,,Islandia,NY ,11749,USA,,631-563-4943,"Sales,Service,Up To 2MW,Mobile/Diesel/Gas,"
10570,Industrial/Commercial Sales & Service,00010001611002,Huntington Power, 34 E DUDLEY TOWN RD.,,BLOOMFIELD,CT ,06002,USA,,860-289-8790,"Sales,Service,Rental,"
10570,Industrial/Commercial Sales & Service,00010214161002,"R.L. Kistler, Inc", 5615 Business Ave.,,N. Syracuse,NY ,13208,USA,,315-458-2875,"Sales,"
10570,Industrial/Commercial Sales & Service,00010214161002,"R.L. Kistler, Inc", 5615 Business Ave.,,N. Syracuse,NY ,13208,USA,,315-458-2875,"Sales,"
10570,Industrial/Commercial Sales & Service,00010208021002,Modern Group Power Systems, 2501 Durham Road,,Bristol,PA ,19007,USA,www.moderngroup.com,800-404-7291,"Sales,Service,Up To 2MW,Mobile/Diesel/Gas,Training,Rental,"
10570,Industrial/Commercial Sales & Service,00010001731002,Authorized Services Of New England, 410 Forest Street,,Marlborough,MA ,01752,USA,www.asne.com,888-890-9886,"Financing,Sales,Service,Up To 2MW,Mobile/Diesel/Gas,Training,Rental,"
10570,Industrial/Commercial Sales & Service,00010008091002,MODERN HANDLING EQUIP, 75 NEW STREET,,EDISON,NJ ,08837,USA,www.moderngroup.com,800-779-5116,"Sales,Service,Up To 2MW,Mobile/Diesel/Gas,"
10570,Industrial/Commercial Sales & Service,00010208021002,Modern Group Power Systems, 6352 Chapmans Rd,,Allentown,PA ,18106,USA,,800-404-7291,"Sales,Service,Up To 2MW,Mobile/Diesel/Gas,"
10570,Industrial/Commercial Sales & Service,00010000931002,"EMERGENCY POWER SYSTEMS, LLC", 35 HAMILTON LANE,,GLENMONT,NY ,12077,USA,,800-914-1465,"Service,Up To 2MW,Mobile/Diesel/Gas,"
10570,Industrial/Commercial Sales & Service,00010000931002,"EMERGENCY POWER SYSTEMS, LLC", 35 HAMILTON LANE,,GLENMONT,NY ,12077,USA,,800-914-1465,"Service,"
10570,Industrial/Commercial Sales & Service,00010208021002,Modern Group Power Systems, 200 Allied Parkway,,West Berlin,NJ ,08091,USA,,800-404-7291,"Sales,Service,Up To 2MW,Mobile/Diesel/Gas,"
10570,Industrial/Commercial Sales & Service,00010208021002,Modern Group Power Systems, 295 New Commerce Blvd.,,Wilkes Barre,PA ,18706,USA,,800-404-7291,"Sales,Service,Up To 2MW,Mobile/Diesel/Gas,"
10570,Industrial/Commercial Sales & Service,00010208021002,Modern Group Power Systems, 66A South Gate Blvd.,,New Castle,DE ,19720,USA,,800-404-7291,"Sales,Service,Up To 2MW,Mobile/Diesel/Gas,"
10570,Industrial/Commercial Sales & Service,00010001731002,AUTHORIZED SERVICES OF NEW ENGLAND, 410 FOREST STREET,,MARLBOROUGH,MA ,01752,USA,,888-890-9886,"Sales,"
10570,Industrial/Commercial Sales & Service,00010208021002,Modern Group Power Systems, 3480 Board Road,,York,PA ,17402,USA,,800-404-7291,"Sales,Service,Up To 2MW,Mobile/Diesel/Gas,"
10570,Industrial/Commercial Sales & Service,00010001761002,"GENSERVE, INC.", 100 NEWTOWN RD,,PLAINVIEW,NY ,11803,USA,www.genserveinc.com,631-435-0437,"Service,"
10570,Industrial/Commercial Sales & Service,00111209521002,LONG ISLAND EMERGENCY POWER -QO, 2 Ocean Avenue,,DEER PARK,NY ,11729,USA,,631-586-7513,"Sales,"
10570,Industrial/Commercial Sales & Service,00111209531002,HUNTINGTON POWER - LONG ISLAND, PO BOX 2040,,SHELTON,CT ,06484,USA,,631-586-7513,"Sales,"
10570,Industrial/Commercial Sales & Service,00010134071002,PEAK POWER SYSTEMS, 99 SPRAGUE AVENUE,,MIDDLETOWN,NY ,10940,USA,www.peakpowersystems.com,845-344-1975,"Sales,Service,Up To 600kW,Mobile/Diesel/Gas,Rental,"
10570,Industrial/Commercial Sales & Service,00010139211002,POWERPRO SERVICE CO. INC., 608 JOHNSON AVE. UNIT 6,,BOHEMIA,NY ,11716,USA,,631-567-2700,"Sales,Service,Up To 600kW,Mobile/Diesel/Gas,"
10570,Industrial/Commercial Sales & Service,00010001761002,"GENSERVE, INC.", 115A TWINBRIDGE DR.,,PENNSAUKEN,NJ ,08110,USA,www.genserveinc.com,856-324-0459,"Service,"
10570,Industrial/Commercial Sales & Service,00010001621002,BROOKFIELD SERVICE, 708 GLEBE ROAD,,WESTMORELAND,NH ,03467,USA,www.brookfieldservice.com,802-485-6567,"Service,Up To 600kW,Mobile/Diesel/Gas,"
10570,Industrial/Commercial Sales & Service,00010021101002,SOUTH SHORE GENERATOR INC-Quote, 2696A CRANBERRY HWY,,WAREHAM,MA ,02571,USA,,508-295-7336,"Sales,Service,Up To 600kW,Mobile/Diesel/Gas,"
10570,Industrial/Commercial Sales & Service,00010001701002,SOUTH SHORE GENERATOR INC, ,,EAST WAREHAM,MA ,02538,USA,,508-295-7336,"Financing,Sales,Service,Up To 600kW,Mobile/Diesel/Gas,"
10570,Industrial/Commercial Sales & Service,00111184131002,HUNTER & LOMISON, 1956 W FOURTH ST,,WILLIAMSPORT,PA ,17701,USA,www.hunterlomison.com,570-326-1764,"Sales,Service,Up To 600kW,Mobile/Diesel/Gas,Rental,"
10570,Industrial/Commercial Sales & Service,00010000881002,HUNTER & LOMISON INC., 1956 W. 4TH STREET,,WILLIAMSPORT,PA ,17701,USA,www.hunterlomison.com,570-326-1764,"Service,Up To 600kW,Mobile/Diesel/Gas,"
10570,Industrial/Commercial Sales & Service,00111207431002,WARSHAUER ELECTRIC SUPPLY CO INC, 800 SHREWSBURY AVE,,TINTON FALLS,NJ ,07724,USA,www.warshauer.com,732-741-6400,"Service,"
10570,Industrial/Commercial Sales & Service,00010157021002,Mechanical Service Co, 1145 Oak St.,,Pittston,PA ,18640,USA,,570-654-2445,"Service,"
10573,Industrial/Commercial Sales & Service,00010214161002,"R.L. Kistler, Inc", 300 Mile Crossing Blvd.,,Rochester,NY ,14624,USA,rlkistler.com,585-436-1940,"Sales,"
10573,Industrial/Commercial Sales & Service,00010214161002,"R.L. KISTLER, INC.", 35 HAMILTON LANE,,GLENMONT,NY ,12077,USA,,585-436-1940,"Sales,Service,"
10573,Industrial/Commercial Sales & Service,00010001611002,Huntington Power, 230 Long Hill Cross Rd,,Shelton,CT ,06484,USA,www.huntingtonpower.com,203-929-3203,"Sales,Service,Up To 2MW,Mobile/Diesel/Gas,Training,Rental,"
10573,Industrial/Commercial Sales & Service,00010214161002,"R.L. Kistler, Inc", 5615 Business Ave.,,N. Syracuse,NY ,13208,USA,,315-458-2875,"Sales,"
10573,Industrial/Commercial Sales & Service,00010214161002,"R.L. Kistler, Inc", 5615 Business Ave.,,N. Syracuse,NY ,13208,USA,,315-458-2875,"Sales,"
10573,Industrial/Commercial Sales & Service,00010001611002,Huntington Power, 68 Enter Ln,,Islandia,NY ,11749,USA,,631-563-4943,"Sales,Service,Up To 2MW,Mobile/Diesel/Gas,"
10573,Industrial/Commercial Sales & Service,00010001611002,Huntington Power, 34 E DUDLEY TOWN RD.,,BLOOMFIELD,CT ,06002,USA,,860-289-8790,"Sales,Service,Rental,"
10573,Industrial/Commercial Sales & Service,00010208021002,Modern Group Power Systems, 2501 Durham Road,,Bristol,PA ,19007,USA,www.moderngroup.com,800-404-7291,"Sales,Service,Up To 2MW,Mobile/Diesel/Gas,Training,Rental,"
10573,Industrial/Commercial Sales & Service,00010001731002,Authorized Services Of New England, 410 Forest Street,,Marlborough,MA ,01752,USA,www.asne.com,888-890-9886,"Financing,Sales,Service,Up To 2MW,Mobile/Diesel/Gas,Training,Rental,"
10573,Industrial/Commercial Sales & Service,00010008091002,MODERN HANDLING EQUIP, 75 NEW STREET,,EDISON,NJ ,08837,USA,www.moderngroup.com,800-779-5116,"Sales,Service,Up To 2MW,Mobile/Diesel/Gas,"
10573,Industrial/Commercial Sales & Service,00010208021002,Modern Group Power Systems, 6352 Chapmans Rd,,Allentown,PA ,18106,USA,,800-404-7291,"Sales,Service,Up To 2MW,Mobile/Diesel/Gas,"
10573,Industrial/Commercial Sales & Service,00010208021002,Modern Group Power Systems, 200 Allied Parkway,,West Berlin,NJ ,08091,USA,,800-404-7291,"Sales,Service,Up To 2MW,Mobile/Diesel/Gas,"
10573,Industrial/Commercial Sales & Service,00010000931002,"EMERGENCY POWER SYSTEMS, LLC", 35 HAMILTON LANE,,GLENMONT,NY ,12077,USA,,800-914-1465,"Service,Up To 2MW,Mobile/Diesel/Gas,"
10573,Industrial/Commercial Sales & Service,00010000931002,"EMERGENCY POWER SYSTEMS, LLC", 35 HAMILTON LANE,,GLENMONT,NY ,12077,USA,,800-914-1465,"Service,"
10573,Industrial/Commercial Sales & Service,00010208021002,Modern Group Power Systems, 295 New Commerce Blvd.,,Wilkes Barre,PA ,18706,USA,,800-404-7291,"Sales,Service,Up To 2MW,Mobile/Diesel/Gas,"
10573,Industrial/Commercial Sales & Service,00010208021002,Modern Group Power Systems, 66A South Gate Blvd.,,New Castle,DE ,19720,USA,,800-404-7291,"Sales,Service,Up To 2MW,Mobile/Diesel/Gas,"
10573,Industrial/Commercial Sales & Service,00010001731002,AUTHORIZED SERVICES OF NEW ENGLAND, 410 FOREST STREET,,MARLBOROUGH,MA ,01752,USA,,888-890-9886,"Sales,"
10573,Industrial/Commercial Sales & Service,00010208021002,Modern Group Power Systems, 3480 Board Road,,York,PA ,17402,USA,,800-404-7291,"Sales,Service,Up To 2MW,Mobile/Diesel/Gas,"
10573,Industrial/Commercial Sales & Service,00010001761002,"GENSERVE, INC.", 100 NEWTOWN RD,,PLAINVIEW,NY ,11803,USA,www.genserveinc.com,631-435-0437,"Service,"
10573,Industrial/Commercial Sales & Service,00111209521002,LONG ISLAND EMERGENCY POWER -QO, 2 Ocean Avenue,,DEER PARK,NY ,11729,USA,,631-586-7513,"Sales,"
10573,Industrial/Commercial Sales & Service,00010139211002,POWERPRO SERVICE CO. INC., 608 JOHNSON AVE. UNIT 6,,BOHEMIA,NY ,11716,USA,,631-567-2700,"Sales,Service,Up To 600kW,Mobile/Diesel/Gas,"
10573,Industrial/Commercial Sales & Service,00111209531002,HUNTINGTON POWER - LONG ISLAND, PO BOX 2040,,SHELTON,CT ,06484,USA,,631-586-7513,"Sales,"
10573,Industrial/Commercial Sales & Service,00010134071002,PEAK POWER SYSTEMS, 99 SPRAGUE AVENUE,,MIDDLETOWN,NY ,10940,USA,www.peakpowersystems.com,845-344-1975,"Sales,Service,Up To 600kW,Mobile/Diesel/Gas,Rental,"
10573,Industrial/Commercial Sales & Service,00010001761002,"GENSERVE, INC.", 115A TWINBRIDGE DR.,,PENNSAUKEN,NJ ,08110,USA,www.genserveinc.com,856-324-0459,"Service,"
10573,Industrial/Commercial Sales & Service,00010001621002,BROOKFIELD SERVICE, 708 GLEBE ROAD,,WESTMORELAND,NH ,03467,USA,www.brookfieldservice.com,802-485-6567,"Service,Up To 600kW,Mobile/Diesel/Gas,"
10573,Industrial/Commercial Sales & Service,00010021101002,SOUTH SHORE GENERATOR INC-Quote, 2696A CRANBERRY HWY,,WAREHAM,MA ,02571,USA,,508-295-7336,"Sales,Service,Up To 600kW,Mobile/Diesel/Gas,"
10573,Industrial/Commercial Sales & Service,00010001701002,SOUTH SHORE GENERATOR INC, ,,EAST WAREHAM,MA ,02538,USA,,508-295-7336,"Financing,Sales,Service,Up To 600kW,Mobile/Diesel/Gas,"
10573,Industrial/Commercial Sales & Service,00111184131002,HUNTER & LOMISON, 1956 W FOURTH ST,,WILLIAMSPORT,PA ,17701,USA,www.hunterlomison.com,570-326-1764,"Sales,Service,Up To 600kW,Mobile/Diesel/Gas,Rental,"
10573,Industrial/Commercial Sales & Service,00010000881002,HUNTER & LOMISON INC., 1956 W. 4TH STREET,,WILLIAMSPORT,PA ,17701,USA,www.hunterlomison.com,570-326-1764,"Service,Up To 600kW,Mobile/Diesel/Gas,"
10573,Industrial/Commercial Sales & Service,00111207431002,WARSHAUER ELECTRIC SUPPLY CO INC, 800 SHREWSBURY AVE,,TINTON FALLS,NJ ,07724,USA,www.warshauer.com,732-741-6400,"Service,"
10573,Industrial/Commercial Sales & Service,00010157021002,Mechanical Service Co, 1145 Oak St.,,Pittston,PA ,18640,USA,,570-654-2445,"Service,"
10576,Industrial/Commercial Sales & Service,00010214161002,"R.L. KISTLER, INC.", 35 HAMILTON LANE,,GLENMONT,NY ,12077,USA,,585-436-1940,"Sales,Service,"
10576,Industrial/Commercial Sales & Service,00010001611002,Huntington Power, 230 Long Hill Cross Rd,,Shelton,CT ,06484,USA,www.huntingtonpower.com,203-929-3203,"Sales,Service,Up To 2MW,Mobile/Diesel/Gas,Training,Rental,"
10576,Industrial/Commercial Sales & Service,00010214161002,"R.L. Kistler, Inc", 300 Mile Crossing Blvd.,,Rochester,NY ,14624,USA,rlkistler.com,585-436-1940,"Sales,"
10576,Industrial/Commercial Sales & Service,00010214161002,"R.L. Kistler, Inc", 5615 Business Ave.,,N. Syracuse,NY ,13208,USA,,315-458-2875,"Sales,"
10576,Industrial/Commercial Sales & Service,00010001611002,Huntington Power, 68 Enter Ln,,Islandia,NY ,11749,USA,,631-563-4943,"Sales,Service,Up To 2MW,Mobile/Diesel/Gas,"
10576,Industrial/Commercial Sales & Service,00010001611002,Huntington Power, 34 E DUDLEY TOWN RD.,,BLOOMFIELD,CT ,06002,USA,,860-289-8790,"Sales,Service,Rental,"
10576,Industrial/Commercial Sales & Service,00010214161002,"R.L. Kistler, Inc", 5615 Business Ave.,,N. Syracuse,NY ,13208,USA,,315-458-2875,"Sales,"
10576,Industrial/Commercial Sales & Service,00010208021002,Modern Group Power Systems, 2501 Durham Road,,Bristol,PA ,19007,USA,www.moderngroup.com,800-404-7291,"Sales,Service,Up To 2MW,Mobile/Diesel/Gas,Training,Rental,"
10576,Industrial/Commercial Sales & Service,00010001731002,Authorized Services Of New England, 410 Forest Street,,Marlborough,MA ,01752,USA,www.asne.com,888-890-9886,"Financing,Sales,Service,Up To 2MW,Mobile/Diesel/Gas,Training,Rental,"
10576,Industrial/Commercial Sales & Service,00010008091002,MODERN HANDLING EQUIP, 75 NEW STREET,,EDISON,NJ ,08837,USA,www.moderngroup.com,800-779-5116,"Sales,Service,Up To 2MW,Mobile/Diesel/Gas,"
10576,Industrial/Commercial Sales & Service,00010000931002,"EMERGENCY POWER SYSTEMS, LLC", 35 HAMILTON LANE,,GLENMONT,NY ,12077,USA,,800-914-1465,"Service,Up To 2MW,Mobile/Diesel/Gas,"
10576,Industrial/Commercial Sales & Service,00010000931002,"EMERGENCY POWER SYSTEMS, LLC", 35 HAMILTON LANE,,GLENMONT,NY ,12077,USA,,800-914-1465,"Service,"
10576,Industrial/Commercial Sales & Service,00010208021002,Modern Group Power Systems, 6352 Chapmans Rd,,Allentown,PA ,18106,USA,,800-404-7291,"Sales,Service,Up To 2MW,Mobile/Diesel/Gas,"
10576,Industrial/Commercial Sales & Service,00010208021002,Modern Group Power Systems, 200 Allied Parkway,,West Berlin,NJ ,08091,USA,,800-404-7291,"Sales,Service,Up To 2MW,Mobile/Diesel/Gas,"
10576,Industrial/Commercial Sales & Service,00010208021002,Modern Group Power Systems, 295 New Commerce Blvd.,,Wilkes Barre,PA ,18706,USA,,800-404-7291,"Sales,Service,Up To 2MW,Mobile/Diesel/Gas,"
10576,Industrial/Commercial Sales & Service,00010001731002,AUTHORIZED SERVICES OF NEW ENGLAND, 410 FOREST STREET,,MARLBOROUGH,MA ,01752,USA,,888-890-9886,"Sales,"
10576,Industrial/Commercial Sales & Service,00010208021002,Modern Group Power Systems, 66A South Gate Blvd.,,New Castle,DE ,19720,USA,,800-404-7291,"Sales,Service,Up To 2MW,Mobile/Diesel/Gas,"
10576,Industrial/Commercial Sales & Service,00010208021002,Modern Group Power Systems, 3480 Board Road,,York,PA ,17402,USA,,800-404-7291,"Sales,Service,Up To 2MW,Mobile/Diesel/Gas,"
10576,Industrial/Commercial Sales & Service,00111209531002,HUNTINGTON POWER - LONG ISLAND, PO BOX 2040,,SHELTON,CT ,06484,USA,,631-586-7513,"Sales,"
10576,Industrial/Commercial Sales & Service,00010001761002,"GENSERVE, INC.", 100 NEWTOWN RD,,PLAINVIEW,NY ,11803,USA,www.genserveinc.com,631-435-0437,"Service,"
10576,Industrial/Commercial Sales & Service,00111209521002,LONG ISLAND EMERGENCY POWER -QO, 2 Ocean Avenue,,DEER PARK,NY ,11729,USA,,631-586-7513,"Sales,"
10576,Industrial/Commercial Sales & Service,00010139211002,POWERPRO SERVICE CO. INC., 608 JOHNSON AVE. UNIT 6,,BOHEMIA,NY ,11716,USA,,631-567-2700,"Sales,Service,Up To 600kW,Mobile/Diesel/Gas,"
10576,Industrial/Commercial Sales & Service,00010134071002,PEAK POWER SYSTEMS, 99 SPRAGUE AVENUE,,MIDDLETOWN,NY ,10940,USA,www.peakpowersystems.com,845-344-1975,"Sales,Service,Up To 600kW,Mobile/Diesel/Gas,Rental,"
10576,Industrial/Commercial Sales & Service,00010001761002,"GENSERVE, INC.", 115A TWINBRIDGE DR.,,PENNSAUKEN,NJ ,08110,USA,www.genserveinc.com,856-324-0459,"Service,"
10576,Industrial/Commercial Sales & Service,00010001621002,BROOKFIELD SERVICE, 708 GLEBE ROAD,,WESTMORELAND,NH ,03467,USA,www.brookfieldservice.com,802-485-6567,"Service,Up To 600kW,Mobile/Diesel/Gas,"
10576,Industrial/Commercial Sales & Service,00010021101002,SOUTH SHORE GENERATOR INC-Quote, 2696A CRANBERRY HWY,,WAREHAM,MA ,02571,USA,,508-295-7336,"Sales,Service,Up To 600kW,Mobile/Diesel/Gas,"
10576,Industrial/Commercial Sales & Service,00010001701002,SOUTH SHORE GENERATOR INC, ,,EAST WAREHAM,MA ,02538,USA,,508-295-7336,"Financing,Sales,Service,Up To 600kW,Mobile/Diesel/Gas,"
10576,Industrial/Commercial Sales & Service,00111184131002,HUNTER & LOMISON, 1956 W FOURTH ST,,WILLIAMSPORT,PA ,17701,USA,www.hunterlomison.com,570-326-1764,"Sales,Service,Up To 600kW,Mobile/Diesel/Gas,Rental,"
10576,Industrial/Commercial Sales & Service,00010000881002,HUNTER & LOMISON INC., 1956 W. 4TH STREET,,WILLIAMSPORT,PA ,17701,USA,www.hunterlomison.com,570-326-1764,"Service,Up To 600kW,Mobile/Diesel/Gas,"
10576,Industrial/Commercial Sales & Service,00111207431002,WARSHAUER ELECTRIC SUPPLY CO INC, 800 SHREWSBURY AVE,,TINTON FALLS,NJ ,07724,USA,www.warshauer.com,732-741-6400,"Service,"
10576,Industrial/Commercial Sales & Service,00010157021002,Mechanical Service Co, 1145 Oak St.,,Pittston,PA ,18640,USA,,570-654-2445,"Service,"
10577,Industrial/Commercial Sales & Service,00010001611002,Huntington Power, 230 Long Hill Cross Rd,,Shelton,CT ,06484,USA,www.huntingtonpower.com,203-929-3203,"Sales,Service,Up To 2MW,Mobile/Diesel/Gas,Training,Rental,"
10577,Industrial/Commercial Sales & Service,00010214161002,"R.L. Kistler, Inc", 300 Mile Crossing Blvd.,,Rochester,NY ,14624,USA,rlkistler.com,585-436-1940,"Sales,"
10577,Industrial/Commercial Sales & Service,00010214161002,"R.L. KISTLER, INC.", 35 HAMILTON LANE,,GLENMONT,NY ,12077,USA,,585-436-1940,"Sales,Service,"
10577,Industrial/Commercial Sales & Service,00010001611002,Huntington Power, 68 Enter Ln,,Islandia,NY ,11749,USA,,631-563-4943,"Sales,Service,Up To 2MW,Mobile/Diesel/Gas,"
10577,Industrial/Commercial Sales & Service,00010001611002,Huntington Power, 34 E DUDLEY TOWN RD.,,BLOOMFIELD,CT ,06002,USA,,860-289-8790,"Sales,Service,Rental,"
10577,Industrial/Commercial Sales & Service,00010214161002,"R.L. Kistler, Inc", 5615 Business Ave.,,N. Syracuse,NY ,13208,USA,,315-458-2875,"Sales,"
10577,Industrial/Commercial Sales & Service,00010214161002,"R.L. Kistler, Inc", 5615 Business Ave.,,N. Syracuse,NY ,13208,USA,,315-458-2875,"Sales,"
10577,Industrial/Commercial Sales & Service,00010208021002,Modern Group Power Systems, 2501 Durham Road,,Bristol,PA ,19007,USA,www.moderngroup.com,800-404-7291,"Sales,Service,Up To 2MW,Mobile/Diesel/Gas,Training,Rental,"
10577,Industrial/Commercial Sales & Service,00010001731002,Authorized Services Of New England, 410 Forest Street,,Marlborough,MA ,01752,USA,www.asne.com,888-890-9886,"Financing,Sales,Service,Up To 2MW,Mobile/Diesel/Gas,Training,Rental,"
10577,Industrial/Commercial Sales & Service,00010008091002,MODERN HANDLING EQUIP, 75 NEW STREET,,EDISON,NJ ,08837,USA,www.moderngroup.com,800-779-5116,"Sales,Service,Up To 2MW,Mobile/Diesel/Gas,"
10577,Industrial/Commercial Sales & Service,00010208021002,Modern Group Power Systems, 6352 Chapmans Rd,,Allentown,PA ,18106,USA,,800-404-7291,"Sales,Service,Up To 2MW,Mobile/Diesel/Gas,"
10577,Industrial/Commercial Sales & Service,00010000931002,"EMERGENCY POWER SYSTEMS, LLC", 35 HAMILTON LANE,,GLENMONT,NY ,12077,USA,,800-914-1465,"Service,Up To 2MW,Mobile/Diesel/Gas,"
10577,Industrial/Commercial Sales & Service,00010000931002,"EMERGENCY POWER SYSTEMS, LLC", 35 HAMILTON LANE,,GLENMONT,NY ,12077,USA,,800-914-1465,"Service,"
10577,Industrial/Commercial Sales & Service,00010208021002,Modern Group Power Systems, 200 Allied Parkway,,West Berlin,NJ ,08091,USA,,800-404-7291,"Sales,Service,Up To 2MW,Mobile/Diesel/Gas,"
10577,Industrial/Commercial Sales & Service,00010208021002,Modern Group Power Systems, 295 New Commerce Blvd.,,Wilkes Barre,PA ,18706,USA,,800-404-7291,"Sales,Service,Up To 2MW,Mobile/Diesel/Gas,"
10577,Industrial/Commercial Sales & Service,00010208021002,Modern Group Power Systems, 66A South Gate Blvd.,,New Castle,DE ,19720,USA,,800-404-7291,"Sales,Service,Up To 2MW,Mobile/Diesel/Gas,"
10577,Industrial/Commercial Sales & Service,00010001731002,AUTHORIZED SERVICES OF NEW ENGLAND, 410 FOREST STREET,,MARLBOROUGH,MA ,01752,USA,,888-890-9886,"Sales,"
10577,Industrial/Commercial Sales & Service,00010208021002,Modern Group Power Systems, 3480 Board Road,,York,PA ,17402,USA,,800-404-7291,"Sales,Service,Up To 2MW,Mobile/Diesel/Gas,"
10577,Industrial/Commercial Sales & Service,00010001761002,"GENSERVE, INC.", 100 NEWTOWN RD,,PLAINVIEW,NY ,11803,USA,www.genserveinc.com,631-435-0437,"Service,"
10577,Industrial/Commercial Sales & Service,00111209521002,LONG ISLAND EMERGENCY POWER -QO, 2 Ocean Avenue,,DEER PARK,NY ,11729,USA,,631-586-7513,"Sales,"
10577,Industrial/Commercial Sales & Service,00111209531002,HUNTINGTON POWER - LONG ISLAND, PO BOX 2040,,SHELTON,CT ,06484,USA,,631-586-7513,"Sales,"
10577,Industrial/Commercial Sales & Service,00010139211002,POWERPRO SERVICE CO. INC., 608 JOHNSON AVE. UNIT 6,,BOHEMIA,NY ,11716,USA,,631-567-2700,"Sales,Service,Up To 600kW,Mobile/Diesel/Gas,"
10577,Industrial/Commercial Sales & Service,00010134071002,PEAK POWER SYSTEMS, 99 SPRAGUE AVENUE,,MIDDLETOWN,NY ,10940,USA,www.peakpowersystems.com,845-344-1975,"Sales,Service,Up To 600kW,Mobile/Diesel/Gas,Rental,"
10577,Industrial/Commercial Sales & Service,00010001761002,"GENSERVE, INC.", 115A TWINBRIDGE DR.,,PENNSAUKEN,NJ ,08110,USA,www.genserveinc.com,856-324-0459,"Service,"
10577,Industrial/Commercial Sales & Service,00010001621002,BROOKFIELD SERVICE, 708 GLEBE ROAD,,WESTMORELAND,NH ,03467,USA,www.brookfieldservice.com,802-485-6567,"Service,Up To 600kW,Mobile/Diesel/Gas,"
10577,Industrial/Commercial Sales & Service,00010021101002,SOUTH SHORE GENERATOR INC-Quote, 2696A CRANBERRY HWY,,WAREHAM,MA ,02571,USA,,508-295-7336,"Sales,Service,Up To 600kW,Mobile/Diesel/Gas,"
10577,Industrial/Commercial Sales & Service,00010001701002,SOUTH SHORE GENERATOR INC, ,,EAST WAREHAM,MA ,02538,USA,,508-295-7336,"Financing,Sales,Service,Up To 600kW,Mobile/Diesel/Gas,"
10577,Industrial/Commercial Sales & Service,00111184131002,HUNTER & LOMISON, 1956 W FOURTH ST,,WILLIAMSPORT,PA ,17701,USA,www.hunterlomison.com,570-326-1764,"Sales,Service,Up To 600kW,Mobile/Diesel/Gas,Rental,"
10577,Industrial/Commercial Sales & Service,00010000881002,HUNTER & LOMISON INC., 1956 W. 4TH STREET,,WILLIAMSPORT,PA ,17701,USA,www.hunterlomison.com,570-326-1764,"Service,Up To 600kW,Mobile/Diesel/Gas,"
10577,Industrial/Commercial Sales & Service,00111207431002,WARSHAUER ELECTRIC SUPPLY CO INC, 800 SHREWSBURY AVE,,TINTON FALLS,NJ ,07724,USA,www.warshauer.com,732-741-6400,"Service,"
10577,Industrial/Commercial Sales & Service,00010157021002,Mechanical Service Co, 1145 Oak St.,,Pittston,PA ,18640,USA,,570-654-2445,"Service,"
10578,Industrial/Commercial Sales & Service,00010001611002,Huntington Power, 230 Long Hill Cross Rd,,Shelton,CT ,06484,USA,www.huntingtonpower.com,203-929-3203,"Sales,Service,Up To 2MW,Mobile/Diesel/Gas,Training,Rental,"
10578,Industrial/Commercial Sales & Service,00010214161002,"R.L. KISTLER, INC.", 35 HAMILTON LANE,,GLENMONT,NY ,12077,USA,,585-436-1940,"Sales,Service,"
10578,Industrial/Commercial Sales & Service,00010214161002,"R.L. Kistler, Inc", 300 Mile Crossing Blvd.,,Rochester,NY ,14624,USA,rlkistler.com,585-436-1940,"Sales,"
10578,Industrial/Commercial Sales & Service,00010001611002,Huntington Power, 68 Enter Ln,,Islandia,NY ,11749,USA,,631-563-4943,"Sales,Service,Up To 2MW,Mobile/Diesel/Gas,"
10578,Industrial/Commercial Sales & Service,00010001611002,Huntington Power, 34 E DUDLEY TOWN RD.,,BLOOMFIELD,CT ,06002,USA,,860-289-8790,"Sales,Service,Rental,"
10578,Industrial/Commercial Sales & Service,00010214161002,"R.L. Kistler, Inc", 5615 Business Ave.,,N. Syracuse,NY ,13208,USA,,315-458-2875,"Sales,"
10578,Industrial/Commercial Sales & Service,00010214161002,"R.L. Kistler, Inc", 5615 Business Ave.,,N. Syracuse,NY ,13208,USA,,315-458-2875,"Sales,"
10578,Industrial/Commercial Sales & Service,00010208021002,Modern Group Power Systems, 2501 Durham Road,,Bristol,PA ,19007,USA,www.moderngroup.com,800-404-7291,"Sales,Service,Up To 2MW,Mobile/Diesel/Gas,Training,Rental,"
10578,Industrial/Commercial Sales & Service,00010001731002,Authorized Services Of New England, 410 Forest Street,,Marlborough,MA ,01752,USA,www.asne.com,888-890-9886,"Financing,Sales,Service,Up To 2MW,Mobile/Diesel/Gas,Training,Rental,"
10578,Industrial/Commercial Sales & Service,00010008091002,MODERN HANDLING EQUIP, 75 NEW STREET,,EDISON,NJ ,08837,USA,www.moderngroup.com,800-779-5116,"Sales,Service,Up To 2MW,Mobile/Diesel/Gas,"
10578,Industrial/Commercial Sales & Service,00010000931002,"EMERGENCY POWER SYSTEMS, LLC", 35 HAMILTON LANE,,GLENMONT,NY ,12077,USA,,800-914-1465,"Service,Up To 2MW,Mobile/Diesel/Gas,"
10578,Industrial/Commercial Sales & Service,00010000931002,"EMERGENCY POWER SYSTEMS, LLC", 35 HAMILTON LANE,,GLENMONT,NY ,12077,USA,,800-914-1465,"Service,"
10578,Industrial/Commercial Sales & Service,00010208021002,Modern Group Power Systems, 6352 Chapmans Rd,,Allentown,PA ,18106,USA,,800-404-7291,"Sales,Service,Up To 2MW,Mobile/Diesel/Gas,"
10578,Industrial/Commercial Sales & Service,00010208021002,Modern Group Power Systems, 295 New Commerce Blvd.,,Wilkes Barre,PA ,18706,USA,,800-404-7291,"Sales,Service,Up To 2MW,Mobile/Diesel/Gas,"
10578,Industrial/Commercial Sales & Service,00010208021002,Modern Group Power Systems, 200 Allied Parkway,,West Berlin,NJ ,08091,USA,,800-404-7291,"Sales,Service,Up To 2MW,Mobile/Diesel/Gas,"
10578,Industrial/Commercial Sales & Service,00010001731002,AUTHORIZED SERVICES OF NEW ENGLAND, 410 FOREST STREET,,MARLBOROUGH,MA ,01752,USA,,888-890-9886,"Sales,"
10578,Industrial/Commercial Sales & Service,00010208021002,Modern Group Power Systems, 66A South Gate Blvd.,,New Castle,DE ,19720,USA,,800-404-7291,"Sales,Service,Up To 2MW,Mobile/Diesel/Gas,"
10578,Industrial/Commercial Sales & Service,00010208021002,Modern Group Power Systems, 3480 Board Road,,York,PA ,17402,USA,,800-404-7291,"Sales,Service,Up To 2MW,Mobile/Diesel/Gas,"
10578,Industrial/Commercial Sales & Service,00111209531002,HUNTINGTON POWER - LONG ISLAND, PO BOX 2040,,SHELTON,CT ,06484,USA,,631-586-7513,"Sales,"
10578,Industrial/Commercial Sales & Service,00010134071002,PEAK POWER SYSTEMS, 99 SPRAGUE AVENUE,,MIDDLETOWN,NY ,10940,USA,www.peakpowersystems.com,845-344-1975,"Sales,Service,Up To 600kW,Mobile/Diesel/Gas,Rental,"
10578,Industrial/Commercial Sales & Service,00010001761002,"GENSERVE, INC.", 100 NEWTOWN RD,,PLAINVIEW,NY ,11803,USA,www.genserveinc.com,631-435-0437,"Service,"
10578,Industrial/Commercial Sales & Service,00111209521002,LONG ISLAND EMERGENCY POWER -QO, 2 Ocean Avenue,,DEER PARK,NY ,11729,USA,,631-586-7513,"Sales,"
10578,Industrial/Commercial Sales & Service,00010139211002,POWERPRO SERVICE CO. INC., 608 JOHNSON AVE. UNIT 6,,BOHEMIA,NY ,11716,USA,,631-567-2700,"Sales,Service,Up To 600kW,Mobile/Diesel/Gas,"
10578,Industrial/Commercial Sales & Service,00010001761002,"GENSERVE, INC.", 115A TWINBRIDGE DR.,,PENNSAUKEN,NJ ,08110,USA,www.genserveinc.com,856-324-0459,"Service,"
10578,Industrial/Commercial Sales & Service,00010001621002,BROOKFIELD SERVICE, 708 GLEBE ROAD,,WESTMORELAND,NH ,03467,USA,www.brookfieldservice.com,802-485-6567,"Service,Up To 600kW,Mobile/Diesel/Gas,"
10578,Industrial/Commercial Sales & Service,00010021101002,SOUTH SHORE GENERATOR INC-Quote, 2696A CRANBERRY HWY,,WAREHAM,MA ,02571,USA,,508-295-7336,"Sales,Service,Up To 600kW,Mobile/Diesel/Gas,"
10578,Industrial/Commercial Sales & Service,00010001701002,SOUTH SHORE GENERATOR INC, ,,EAST WAREHAM,MA ,02538,USA,,508-295-7336,"Financing,Sales,Service,Up To 600kW,Mobile/Diesel/Gas,"
10578,Industrial/Commercial Sales & Service,00111184131002,HUNTER & LOMISON, 1956 W FOURTH ST,,WILLIAMSPORT,PA ,17701,USA,www.hunterlomison.com,570-326-1764,"Sales,Service,Up To 600kW,Mobile/Diesel/Gas,Rental,"
10578,Industrial/Commercial Sales & Service,00010000881002,HUNTER & LOMISON INC., 1956 W. 4TH STREET,,WILLIAMSPORT,PA ,17701,USA,www.hunterlomison.com,570-326-1764,"Service,Up To 600kW,Mobile/Diesel/Gas,"
10578,Industrial/Commercial Sales & Service,00111207431002,WARSHAUER ELECTRIC SUPPLY CO INC, 800 SHREWSBURY AVE,,TINTON FALLS,NJ ,07724,USA,www.warshauer.com,732-741-6400,"Service,"
10578,Industrial/Commercial Sales & Service,00010157021002,Mechanical Service Co, 1145 Oak St.,,Pittston,PA ,18640,USA,,570-654-2445,"Service,"
10579,Industrial/Commercial Sales & Service,00010214161002,"R.L. Kistler, Inc", 300 Mile Crossing Blvd.,,Rochester,NY ,14624,USA,rlkistler.com,585-436-1940,"Sales,"
10579,Industrial/Commercial Sales & Service,00010214161002,"R.L. KISTLER, INC.", 35 HAMILTON LANE,,GLENMONT,NY ,12077,USA,,585-436-1940,"Sales,Service,"
10579,Industrial/Commercial Sales & Service,00010001611002,Huntington Power, 230 Long Hill Cross Rd,,Shelton,CT ,06484,USA,www.huntingtonpower.com,203-929-3203,"Sales,Service,Up To 2MW,Mobile/Diesel/Gas,Training,Rental,"
10579,Industrial/Commercial Sales & Service,00010214161002,"R.L. Kistler, Inc", 5615 Business Ave.,,N. Syracuse,NY ,13208,USA,,315-458-2875,"Sales,"
10579,Industrial/Commercial Sales & Service,00010214161002,"R.L. Kistler, Inc", 5615 Business Ave.,,N. Syracuse,NY ,13208,USA,,315-458-2875,"Sales,"
10579,Industrial/Commercial Sales & Service,00010001611002,Huntington Power, 68 Enter Ln,,Islandia,NY ,11749,USA,,631-563-4943,"Sales,Service,Up To 2MW,Mobile/Diesel/Gas,"
10579,Industrial/Commercial Sales & Service,00010001611002,Huntington Power, 34 E DUDLEY TOWN RD.,,BLOOMFIELD,CT ,06002,USA,,860-289-8790,"Sales,Service,Rental,"
10579,Industrial/Commercial Sales & Service,00010208021002,Modern Group Power Systems, 2501 Durham Road,,Bristol,PA ,19007,USA,www.moderngroup.com,800-404-7291,"Sales,Service,Up To 2MW,Mobile/Diesel/Gas,Training,Rental,"
10579,Industrial/Commercial Sales & Service,00010001731002,Authorized Services Of New England, 410 Forest Street,,Marlborough,MA ,01752,USA,www.asne.com,888-890-9886,"Financing,Sales,Service,Up To 2MW,Mobile/Diesel/Gas,Training,Rental,"
10579,Industrial/Commercial Sales & Service,00010008091002,MODERN HANDLING EQUIP, 75 NEW STREET,,EDISON,NJ ,08837,USA,www.moderngroup.com,800-779-5116,"Sales,Service,Up To 2MW,Mobile/Diesel/Gas,"
10579,Industrial/Commercial Sales & Service,00010000931002,"EMERGENCY POWER SYSTEMS, LLC", 35 HAMILTON LANE,,GLENMONT,NY ,12077,USA,,800-914-1465,"Service,Up To 2MW,Mobile/Diesel/Gas,"
10579,Industrial/Commercial Sales & Service,00010000931002,"EMERGENCY POWER SYSTEMS, LLC", 35 HAMILTON LANE,,GLENMONT,NY ,12077,USA,,800-914-1465,"Service,"
10579,Industrial/Commercial Sales & Service,00010208021002,Modern Group Power Systems, 6352 Chapmans Rd,,Allentown,PA ,18106,USA,,800-404-7291,"Sales,Service,Up To 2MW,Mobile/Diesel/Gas,"
10579,Industrial/Commercial Sales & Service,00010208021002,Modern Group Power Systems, 295 New Commerce Blvd.,,Wilkes Barre,PA ,18706,USA,,800-404-7291,"Sales,Service,Up To 2MW,Mobile/Diesel/Gas,"
10579,Industrial/Commercial Sales & Service,00010208021002,Modern Group Power Systems, 200 Allied Parkway,,West Berlin,NJ ,08091,USA,,800-404-7291,"Sales,Service,Up To 2MW,Mobile/Diesel/Gas,"
10579,Industrial/Commercial Sales & Service,00010001731002,AUTHORIZED SERVICES OF NEW ENGLAND, 410 FOREST STREET,,MARLBOROUGH,MA ,01752,USA,,888-890-9886,"Sales,"
10579,Industrial/Commercial Sales & Service,00010208021002,Modern Group Power Systems, 66A South Gate Blvd.,,New Castle,DE ,19720,USA,,800-404-7291,"Sales,Service,Up To 2MW,Mobile/Diesel/Gas,"
10579,Industrial/Commercial Sales & Service,00010208021002,Modern Group Power Systems, 3480 Board Road,,York,PA ,17402,USA,,800-404-7291,"Sales,Service,Up To 2MW,Mobile/Diesel/Gas,"
10579,Industrial/Commercial Sales & Service,00010134071002,PEAK POWER SYSTEMS, 99 SPRAGUE AVENUE,,MIDDLETOWN,NY ,10940,USA,www.peakpowersystems.com,845-344-1975,"Sales,Service,Up To 600kW,Mobile/Diesel/Gas,Rental,"
10579,Industrial/Commercial Sales & Service,00111209531002,HUNTINGTON POWER - LONG ISLAND, PO BOX 2040,,SHELTON,CT ,06484,USA,,631-586-7513,"Sales,"
10579,Industrial/Commercial Sales & Service,00010001761002,"GENSERVE, INC.", 100 NEWTOWN RD,,PLAINVIEW,NY ,11803,USA,www.genserveinc.com,631-435-0437,"Service,"
10579,Industrial/Commercial Sales & Service,00111209521002,LONG ISLAND EMERGENCY POWER -QO, 2 Ocean Avenue,,DEER PARK,NY ,11729,USA,,631-586-7513,"Sales,"
10579,Industrial/Commercial Sales & Service,00010139211002,POWERPRO SERVICE CO. INC., 608 JOHNSON AVE. UNIT 6,,BOHEMIA,NY ,11716,USA,,631-567-2700,"Sales,Service,Up To 600kW,Mobile/Diesel/Gas,"
10579,Industrial/Commercial Sales & Service,00010001761002,"GENSERVE, INC.", 115A TWINBRIDGE DR.,,PENNSAUKEN,NJ ,08110,USA,www.genserveinc.com,856-324-0459,"Service,"
10579,Industrial/Commercial Sales & Service,00010001621002,BROOKFIELD SERVICE, 708 GLEBE ROAD,,WESTMORELAND,NH ,03467,USA,www.brookfieldservice.com,802-485-6567,"Service,Up To 600kW,Mobile/Diesel/Gas,"
10579,Industrial/Commercial Sales & Service,00010021101002,SOUTH SHORE GENERATOR INC-Quote, 2696A CRANBERRY HWY,,WAREHAM,MA ,02571,USA,,508-295-7336,"Sales,Service,Up To 600kW,Mobile/Diesel/Gas,"
10579,Industrial/Commercial Sales & Service,00111184131002,HUNTER & LOMISON, 1956 W FOURTH ST,,WILLIAMSPORT,PA ,17701,USA,www.hunterlomison.com,570-326-1764,"Sales,Service,Up To 600kW,Mobile/Diesel/Gas,Rental,"
10579,Industrial/Commercial Sales & Service,00010000881002,HUNTER & LOMISON INC., 1956 W. 4TH STREET,,WILLIAMSPORT,PA ,17701,USA,www.hunterlomison.com,570-326-1764,"Service,Up To 600kW,Mobile/Diesel/Gas,"
10579,Industrial/Commercial Sales & Service,00010001701002,SOUTH SHORE GENERATOR INC, ,,EAST WAREHAM,MA ,02538,USA,,508-295-7336,"Financing,Sales,Service,Up To 600kW,Mobile/Diesel/Gas,"
10579,Industrial/Commercial Sales & Service,00010001621002,BROOKFIELD SERVICE, 829 VT ROUTE 12 SOUTH,,NORTHFIELD,VT ,05663,USA,www.brookfieldservice.com,802-485-6567,"Sales,Service,Up To 600kW,Mobile/Diesel/Gas,"
10579,Industrial/Commercial Sales & Service,00111207431002,WARSHAUER ELECTRIC SUPPLY CO INC, 800 SHREWSBURY AVE,,TINTON FALLS,NJ ,07724,USA,www.warshauer.com,732-741-6400,"Service,"
10579,Industrial/Commercial Sales & Service,00010157021002,Mechanical Service Co, 1145 Oak St.,,Pittston,PA ,18640,USA,,570-654-2445,"Service,"
10580,Industrial/Commercial Sales & Service,00010214161002,"R.L. KISTLER, INC.", 35 HAMILTON LANE,,GLENMONT,NY ,12077,USA,,585-436-1940,"Sales,Service,"
10580,Industrial/Commercial Sales & Service,00010001611002,Huntington Power, 230 Long Hill Cross Rd,,Shelton,CT ,06484,USA,www.huntingtonpower.com,203-929-3203,"Sales,Service,Up To 2MW,Mobile/Diesel/Gas,Training,Rental,"
10580,Industrial/Commercial Sales & Service,00010214161002,"R.L. Kistler, Inc", 300 Mile Crossing Blvd.,,Rochester,NY ,14624,USA,rlkistler.com,585-436-1940,"Sales,"
10580,Industrial/Commercial Sales & Service,00010214161002,"R.L. Kistler, Inc", 5615 Business Ave.,,N. Syracuse,NY ,13208,USA,,315-458-2875,"Sales,"
10580,Industrial/Commercial Sales & Service,00010001611002,Huntington Power, 68 Enter Ln,,Islandia,NY ,11749,USA,,631-563-4943,"Sales,Service,Up To 2MW,Mobile/Diesel/Gas,"
10580,Industrial/Commercial Sales & Service,00010001611002,Huntington Power, 34 E DUDLEY TOWN RD.,,BLOOMFIELD,CT ,06002,USA,,860-289-8790,"Sales,Service,Rental,"
10580,Industrial/Commercial Sales & Service,00010214161002,"R.L. Kistler, Inc", 5615 Business Ave.,,N. Syracuse,NY ,13208,USA,,315-458-2875,"Sales,"
10580,Industrial/Commercial Sales & Service,00010208021002,Modern Group Power Systems, 2501 Durham Road,,Bristol,PA ,19007,USA,www.moderngroup.com,800-404-7291,"Sales,Service,Up To 2MW,Mobile/Diesel/Gas,Training,Rental,"
10580,Industrial/Commercial Sales & Service,00010001731002,Authorized Services Of New England, 410 Forest Street,,Marlborough,MA ,01752,USA,www.asne.com,888-890-9886,"Financing,Sales,Service,Up To 2MW,Mobile/Diesel/Gas,Training,Rental,"
10580,Industrial/Commercial Sales & Service,00010008091002,MODERN HANDLING EQUIP, 75 NEW STREET,,EDISON,NJ ,08837,USA,www.moderngroup.com,800-779-5116,"Sales,Service,Up To 2MW,Mobile/Diesel/Gas,"
10580,Industrial/Commercial Sales & Service,00010208021002,Modern Group Power Systems, 6352 Chapmans Rd,,Allentown,PA ,18106,USA,,800-404-7291,"Sales,Service,Up To 2MW,Mobile/Diesel/Gas,"
10580,Industrial/Commercial Sales & Service,00010208021002,Modern Group Power Systems, 200 Allied Parkway,,West Berlin,NJ ,08091,USA,,800-404-7291,"Sales,Service,Up To 2MW,Mobile/Diesel/Gas,"
10580,Industrial/Commercial Sales & Service,00010000931002,"EMERGENCY POWER SYSTEMS, LLC", 35 HAMILTON LANE,,GLENMONT,NY ,12077,USA,,800-914-1465,"Service,Up To 2MW,Mobile/Diesel/Gas,"
10580,Industrial/Commercial Sales & Service,00010000931002,"EMERGENCY POWER SYSTEMS, LLC", 35 HAMILTON LANE,,GLENMONT,NY ,12077,USA,,800-914-1465,"Service,"
10580,Industrial/Commercial Sales & Service,00010208021002,Modern Group Power Systems, 295 New Commerce Blvd.,,Wilkes Barre,PA ,18706,USA,,800-404-7291,"Sales,Service,Up To 2MW,Mobile/Diesel/Gas,"
10580,Industrial/Commercial Sales & Service,00010208021002,Modern Group Power Systems, 66A South Gate Blvd.,,New Castle,DE ,19720,USA,,800-404-7291,"Sales,Service,Up To 2MW,Mobile/Diesel/Gas,"
10580,Industrial/Commercial Sales & Service,00010001731002,AUTHORIZED SERVICES OF NEW ENGLAND, 410 FOREST STREET,,MARLBOROUGH,MA ,01752,USA,,888-890-9886,"Sales,"
10580,Industrial/Commercial Sales & Service,00010208021002,Modern Group Power Systems, 3480 Board Road,,York,PA ,17402,USA,,800-404-7291,"Sales,Service,Up To 2MW,Mobile/Diesel/Gas,"
10580,Industrial/Commercial Sales & Service,00010001761002,"GENSERVE, INC.", 100 NEWTOWN RD,,PLAINVIEW,NY ,11803,USA,www.genserveinc.com,631-435-0437,"Service,"
10580,Industrial/Commercial Sales & Service,00111209521002,LONG ISLAND EMERGENCY POWER -QO, 2 Ocean Avenue,,DEER PARK,NY ,11729,USA,,631-586-7513,"Sales,"
10580,Industrial/Commercial Sales & Service,00010139211002,POWERPRO SERVICE CO. INC., 608 JOHNSON AVE. UNIT 6,,BOHEMIA,NY ,11716,USA,,631-567-2700,"Sales,Service,Up To 600kW,Mobile/Diesel/Gas,"
10580,Industrial/Commercial Sales & Service,00111209531002,HUNTINGTON POWER - LONG ISLAND, PO BOX 2040,,SHELTON,CT ,06484,USA,,631-586-7513,"Sales,"
10580,Industrial/Commercial Sales & Service,00010134071002,PEAK POWER SYSTEMS, 99 SPRAGUE AVENUE,,MIDDLETOWN,NY ,10940,USA,www.peakpowersystems.com,845-344-1975,"Sales,Service,Up To 600kW,Mobile/Diesel/Gas,Rental,"
10580,Industrial/Commercial Sales & Service,00010001761002,"GENSERVE, INC.", 115A TWINBRIDGE DR.,,PENNSAUKEN,NJ ,08110,USA,www.genserveinc.com,856-324-0459,"Service,"
10580,Industrial/Commercial Sales & Service,00010001621002,BROOKFIELD SERVICE, 708 GLEBE ROAD,,WESTMORELAND,NH ,03467,USA,www.brookfieldservice.com,802-485-6567,"Service,Up To 600kW,Mobile/Diesel/Gas,"
10580,Industrial/Commercial Sales & Service,00010021101002,SOUTH SHORE GENERATOR INC-Quote, 2696A CRANBERRY HWY,,WAREHAM,MA ,02571,USA,,508-295-7336,"Sales,Service,Up To 600kW,Mobile/Diesel/Gas,"
10580,Industrial/Commercial Sales & Service,00010001701002,SOUTH SHORE GENERATOR INC, ,,EAST WAREHAM,MA ,02538,USA,,508-295-7336,"Financing,Sales,Service,Up To 600kW,Mobile/Diesel/Gas,"
10580,Industrial/Commercial Sales & Service,00111184131002,HUNTER & LOMISON, 1956 W FOURTH ST,,WILLIAMSPORT,PA ,17701,USA,www.hunterlomison.com,570-326-1764,"Sales,Service,Up To 600kW,Mobile/Diesel/Gas,Rental,"
10580,Industrial/Commercial Sales & Service,00010000881002,HUNTER & LOMISON INC., 1956 W. 4TH STREET,,WILLIAMSPORT,PA ,17701,USA,www.hunterlomison.com,570-326-1764,"Service,Up To 600kW,Mobile/Diesel/Gas,"
10580,Industrial/Commercial Sales & Service,00111207431002,WARSHAUER ELECTRIC SUPPLY CO INC, 800 SHREWSBURY AVE,,TINTON FALLS,NJ ,07724,USA,www.warshauer.com,732-741-6400,"Service,"
10580,Industrial/Commercial Sales & Service,00010157021002,Mechanical Service Co, 1145 Oak St.,,Pittston,PA ,18640,USA,,570-654-2445,"Service,"
10583,Industrial/Commercial Sales & Service,00010214161002,"R.L. Kistler, Inc", 300 Mile Crossing Blvd.,,Rochester,NY ,14624,USA,rlkistler.com,585-436-1940,"Sales,"
10583,Industrial/Commercial Sales & Service,00010001611002,Huntington Power, 230 Long Hill Cross Rd,,Shelton,CT ,06484,USA,www.huntingtonpower.com,203-929-3203,"Sales,Service,Up To 2MW,Mobile/Diesel/Gas,Training,Rental,"
10583,Industrial/Commercial Sales & Service,00010214161002,"R.L. KISTLER, INC.", 35 HAMILTON LANE,,GLENMONT,NY ,12077,USA,,585-436-1940,"Sales,Service,"
10583,Industrial/Commercial Sales & Service,00010214161002,"R.L. Kistler, Inc", 5615 Business Ave.,,N. Syracuse,NY ,13208,USA,,315-458-2875,"Sales,"
10583,Industrial/Commercial Sales & Service,00010001611002,Huntington Power, 68 Enter Ln,,Islandia,NY ,11749,USA,,631-563-4943,"Sales,Service,Up To 2MW,Mobile/Diesel/Gas,"
10583,Industrial/Commercial Sales & Service,00010001611002,Huntington Power, 34 E DUDLEY TOWN RD.,,BLOOMFIELD,CT ,06002,USA,,860-289-8790,"Sales,Service,Rental,"
10583,Industrial/Commercial Sales & Service,00010214161002,"R.L. Kistler, Inc", 5615 Business Ave.,,N. Syracuse,NY ,13208,USA,,315-458-2875,"Sales,"
10583,Industrial/Commercial Sales & Service,00010208021002,Modern Group Power Systems, 2501 Durham Road,,Bristol,PA ,19007,USA,www.moderngroup.com,800-404-7291,"Sales,Service,Up To 2MW,Mobile/Diesel/Gas,Training,Rental,"
10583,Industrial/Commercial Sales & Service,00010001731002,Authorized Services Of New England, 410 Forest Street,,Marlborough,MA ,01752,USA,www.asne.com,888-890-9886,"Financing,Sales,Service,Up To 2MW,Mobile/Diesel/Gas,Training,Rental,"
10583,Industrial/Commercial Sales & Service,00010008091002,MODERN HANDLING EQUIP, 75 NEW STREET,,EDISON,NJ ,08837,USA,www.moderngroup.com,800-779-5116,"Sales,Service,Up To 2MW,Mobile/Diesel/Gas,"
10583,Industrial/Commercial Sales & Service,00010208021002,Modern Group Power Systems, 6352 Chapmans Rd,,Allentown,PA ,18106,USA,,800-404-7291,"Sales,Service,Up To 2MW,Mobile/Diesel/Gas,"
10583,Industrial/Commercial Sales & Service,00010208021002,Modern Group Power Systems, 200 Allied Parkway,,West Berlin,NJ ,08091,USA,,800-404-7291,"Sales,Service,Up To 2MW,Mobile/Diesel/Gas,"
10583,Industrial/Commercial Sales & Service,00010000931002,"EMERGENCY POWER SYSTEMS, LLC", 35 HAMILTON LANE,,GLENMONT,NY ,12077,USA,,800-914-1465,"Service,Up To 2MW,Mobile/Diesel/Gas,"
10583,Industrial/Commercial Sales & Service,00010000931002,"EMERGENCY POWER SYSTEMS, LLC", 35 HAMILTON LANE,,GLENMONT,NY ,12077,USA,,800-914-1465,"Service,"
10583,Industrial/Commercial Sales & Service,00010208021002,Modern Group Power Systems, 295 New Commerce Blvd.,,Wilkes Barre,PA ,18706,USA,,800-404-7291,"Sales,Service,Up To 2MW,Mobile/Diesel/Gas,"
10583,Industrial/Commercial Sales & Service,00010208021002,Modern Group Power Systems, 66A South Gate Blvd.,,New Castle,DE ,19720,USA,,800-404-7291,"Sales,Service,Up To 2MW,Mobile/Diesel/Gas,"
10583,Industrial/Commercial Sales & Service,00010001731002,AUTHORIZED SERVICES OF NEW ENGLAND, 410 FOREST STREET,,MARLBOROUGH,MA ,01752,USA,,888-890-9886,"Sales,"
10583,Industrial/Commercial Sales & Service,00010208021002,Modern Group Power Systems, 3480 Board Road,,York,PA ,17402,USA,,800-404-7291,"Sales,Service,Up To 2MW,Mobile/Diesel/Gas,"
10583,Industrial/Commercial Sales & Service,00010001761002,"GENSERVE, INC.", 100 NEWTOWN RD,,PLAINVIEW,NY ,11803,USA,www.genserveinc.com,631-435-0437,"Service,"
10583,Industrial/Commercial Sales & Service,00111209521002,LONG ISLAND EMERGENCY POWER -QO, 2 Ocean Avenue,,DEER PARK,NY ,11729,USA,,631-586-7513,"Sales,"
10583,Industrial/Commercial Sales & Service,00010139211002,POWERPRO SERVICE CO. INC., 608 JOHNSON AVE. UNIT 6,,BOHEMIA,NY ,11716,USA,,631-567-2700,"Sales,Service,Up To 600kW,Mobile/Diesel/Gas,"
10583,Industrial/Commercial Sales & Service,00111209531002,HUNTINGTON POWER - LONG ISLAND, PO BOX 2040,,SHELTON,CT ,06484,USA,,631-586-7513,"Sales,"
10583,Industrial/Commercial Sales & Service,00010134071002,PEAK POWER SYSTEMS, 99 SPRAGUE AVENUE,,MIDDLETOWN,NY ,10940,USA,www.peakpowersystems.com,845-344-1975,"Sales,Service,Up To 600kW,Mobile/Diesel/Gas,Rental,"
10583,Industrial/Commercial Sales & Service,00010001761002,"GENSERVE, INC.", 115A TWINBRIDGE DR.,,PENNSAUKEN,NJ ,08110,USA,www.genserveinc.com,856-324-0459,"Service,"
10583,Industrial/Commercial Sales & Service,00010001621002,BROOKFIELD SERVICE, 708 GLEBE ROAD,,WESTMORELAND,NH ,03467,USA,www.brookfieldservice.com,802-485-6567,"Service,Up To 600kW,Mobile/Diesel/Gas,"
10583,Industrial/Commercial Sales & Service,00010021101002,SOUTH SHORE GENERATOR INC-Quote, 2696A CRANBERRY HWY,,WAREHAM,MA ,02571,USA,,508-295-7336,"Sales,Service,Up To 600kW,Mobile/Diesel/Gas,"
10583,Industrial/Commercial Sales & Service,00111184131002,HUNTER & LOMISON, 1956 W FOURTH ST,,WILLIAMSPORT,PA ,17701,USA,www.hunterlomison.com,570-326-1764,"Sales,Service,Up To 600kW,Mobile/Diesel/Gas,Rental,"
10583,Industrial/Commercial Sales & Service,00010000881002,HUNTER & LOMISON INC., 1956 W. 4TH STREET,,WILLIAMSPORT,PA ,17701,USA,www.hunterlomison.com,570-326-1764,"Service,Up To 600kW,Mobile/Diesel/Gas,"
10583,Industrial/Commercial Sales & Service,00010001701002,SOUTH SHORE GENERATOR INC, ,,EAST WAREHAM,MA ,02538,USA,,508-295-7336,"Financing,Sales,Service,Up To 600kW,Mobile/Diesel/Gas,"
10583,Industrial/Commercial Sales & Service,00111207431002,WARSHAUER ELECTRIC SUPPLY CO INC, 800 SHREWSBURY AVE,,TINTON FALLS,NJ ,07724,USA,www.warshauer.com,732-741-6400,"Service,"
10583,Industrial/Commercial Sales & Service,00010157021002,Mechanical Service Co, 1145 Oak St.,,Pittston,PA ,18640,USA,,570-654-2445,"Service,"
10587,Industrial/Commercial Sales & Service,00010214161002,"R.L. Kistler, Inc", 300 Mile Crossing Blvd.,,Rochester,NY ,14624,USA,rlkistler.com,585-436-1940,"Sales,"
10587,Industrial/Commercial Sales & Service,00010214161002,"R.L. KISTLER, INC.", 35 HAMILTON LANE,,GLENMONT,NY ,12077,USA,,585-436-1940,"Sales,Service,"
10587,Industrial/Commercial Sales & Service,00010001611002,Huntington Power, 230 Long Hill Cross Rd,,Shelton,CT ,06484,USA,www.huntingtonpower.com,203-929-3203,"Sales,Service,Up To 2MW,Mobile/Diesel/Gas,Training,Rental,"
10587,Industrial/Commercial Sales & Service,00010214161002,"R.L. Kistler, Inc", 5615 Business Ave.,,N. Syracuse,NY ,13208,USA,,315-458-2875,"Sales,"
10587,Industrial/Commercial Sales & Service,00010214161002,"R.L. Kistler, Inc", 5615 Business Ave.,,N. Syracuse,NY ,13208,USA,,315-458-2875,"Sales,"
10587,Industrial/Commercial Sales & Service,00010001611002,Huntington Power, 68 Enter Ln,,Islandia,NY ,11749,USA,,631-563-4943,"Sales,Service,Up To 2MW,Mobile/Diesel/Gas,"
10587,Industrial/Commercial Sales & Service,00010001611002,Huntington Power, 34 E DUDLEY TOWN RD.,,BLOOMFIELD,CT ,06002,USA,,860-289-8790,"Sales,Service,Rental,"
10587,Industrial/Commercial Sales & Service,00010208021002,Modern Group Power Systems, 2501 Durham Road,,Bristol,PA ,19007,USA,www.moderngroup.com,800-404-7291,"Sales,Service,Up To 2MW,Mobile/Diesel/Gas,Training,Rental,"
10587,Industrial/Commercial Sales & Service,00010001731002,Authorized Services Of New England, 410 Forest Street,,Marlborough,MA ,01752,USA,www.asne.com,888-890-9886,"Financing,Sales,Service,Up To 2MW,Mobile/Diesel/Gas,Training,Rental,"
10587,Industrial/Commercial Sales & Service,00010008091002,MODERN HANDLING EQUIP, 75 NEW STREET,,EDISON,NJ ,08837,USA,www.moderngroup.com,800-779-5116,"Sales,Service,Up To 2MW,Mobile/Diesel/Gas,"
10587,Industrial/Commercial Sales & Service,00010000931002,"EMERGENCY POWER SYSTEMS, LLC", 35 HAMILTON LANE,,GLENMONT,NY ,12077,USA,,800-914-1465,"Service,Up To 2MW,Mobile/Diesel/Gas,"
10587,Industrial/Commercial Sales & Service,00010000931002,"EMERGENCY POWER SYSTEMS, LLC", 35 HAMILTON LANE,,GLENMONT,NY ,12077,USA,,800-914-1465,"Service,"
10587,Industrial/Commercial Sales & Service,00010208021002,Modern Group Power Systems, 6352 Chapmans Rd,,Allentown,PA ,18106,USA,,800-404-7291,"Sales,Service,Up To 2MW,Mobile/Diesel/Gas,"
10587,Industrial/Commercial Sales & Service,00010208021002,Modern Group Power Systems, 295 New Commerce Blvd.,,Wilkes Barre,PA ,18706,USA,,800-404-7291,"Sales,Service,Up To 2MW,Mobile/Diesel/Gas,"
10587,Industrial/Commercial Sales & Service,00010208021002,Modern Group Power Systems, 200 Allied Parkway,,West Berlin,NJ ,08091,USA,,800-404-7291,"Sales,Service,Up To 2MW,Mobile/Diesel/Gas,"
10587,Industrial/Commercial Sales & Service,00010001731002,AUTHORIZED SERVICES OF NEW ENGLAND, 410 FOREST STREET,,MARLBOROUGH,MA ,01752,USA,,888-890-9886,"Sales,"
10587,Industrial/Commercial Sales & Service,00010208021002,Modern Group Power Systems, 66A South Gate Blvd.,,New Castle,DE ,19720,USA,,800-404-7291,"Sales,Service,Up To 2MW,Mobile/Diesel/Gas,"
10587,Industrial/Commercial Sales & Service,00010208021002,Modern Group Power Systems, 3480 Board Road,,York,PA ,17402,USA,,800-404-7291,"Sales,Service,Up To 2MW,Mobile/Diesel/Gas,"
10587,Industrial/Commercial Sales & Service,00111209531002,HUNTINGTON POWER - LONG ISLAND, PO BOX 2040,,SHELTON,CT ,06484,USA,,631-586-7513,"Sales,"
10587,Industrial/Commercial Sales & Service,00010134071002,PEAK POWER SYSTEMS, 99 SPRAGUE AVENUE,,MIDDLETOWN,NY ,10940,USA,www.peakpowersystems.com,845-344-1975,"Sales,Service,Up To 600kW,Mobile/Diesel/Gas,Rental,"
10587,Industrial/Commercial Sales & Service,00010001761002,"GENSERVE, INC.", 100 NEWTOWN RD,,PLAINVIEW,NY ,11803,USA,www.genserveinc.com,631-435-0437,"Service,"
10587,Industrial/Commercial Sales & Service,00111209521002,LONG ISLAND EMERGENCY POWER -QO, 2 Ocean Avenue,,DEER PARK,NY ,11729,USA,,631-586-7513,"Sales,"
10587,Industrial/Commercial Sales & Service,00010139211002,POWERPRO SERVICE CO. INC., 608 JOHNSON AVE. UNIT 6,,BOHEMIA,NY ,11716,USA,,631-567-2700,"Sales,Service,Up To 600kW,Mobile/Diesel/Gas,"
10587,Industrial/Commercial Sales & Service,00010001761002,"GENSERVE, INC.", 115A TWINBRIDGE DR.,,PENNSAUKEN,NJ ,08110,USA,www.genserveinc.com,856-324-0459,"Service,"
10587,Industrial/Commercial Sales & Service,00010001621002,BROOKFIELD SERVICE, 708 GLEBE ROAD,,WESTMORELAND,NH ,03467,USA,www.brookfieldservice.com,802-485-6567,"Service,Up To 600kW,Mobile/Diesel/Gas,"
10587,Industrial/Commercial Sales & Service,00010021101002,SOUTH SHORE GENERATOR INC-Quote, 2696A CRANBERRY HWY,,WAREHAM,MA ,02571,USA,,508-295-7336,"Sales,Service,Up To 600kW,Mobile/Diesel/Gas,"
10587,Industrial/Commercial Sales & Service,00010001701002,SOUTH SHORE GENERATOR INC, ,,EAST WAREHAM,MA ,02538,USA,,508-295-7336,"Financing,Sales,Service,Up To 600kW,Mobile/Diesel/Gas,"
10587,Industrial/Commercial Sales & Service,00111184131002,HUNTER & LOMISON, 1956 W FOURTH ST,,WILLIAMSPORT,PA ,17701,USA,www.hunterlomison.com,570-326-1764,"Sales,Service,Up To 600kW,Mobile/Diesel/Gas,Rental,"
10587,Industrial/Commercial Sales & Service,00010000881002,HUNTER & LOMISON INC., 1956 W. 4TH STREET,,WILLIAMSPORT,PA ,17701,USA,www.hunterlomison.com,570-326-1764,"Service,Up To 600kW,Mobile/Diesel/Gas,"
10587,Industrial/Commercial Sales & Service,00111207431002,WARSHAUER ELECTRIC SUPPLY CO INC, 800 SHREWSBURY AVE,,TINTON FALLS,NJ ,07724,USA,www.warshauer.com,732-741-6400,"Service,"
10587,Industrial/Commercial Sales & Service,00010157021002,Mechanical Service Co, 1145 Oak St.,,Pittston,PA ,18640,USA,,570-654-2445,"Service,"
10588,Industrial/Commercial Sales & Service,00010214161002,"R.L. KISTLER, INC.", 35 HAMILTON LANE,,GLENMONT,NY ,12077,USA,,585-436-1940,"Sales,Service,"
10588,Industrial/Commercial Sales & Service,00010001611002,Huntington Power, 230 Long Hill Cross Rd,,Shelton,CT ,06484,USA,www.huntingtonpower.com,203-929-3203,"Sales,Service,Up To 2MW,Mobile/Diesel/Gas,Training,Rental,"
10588,Industrial/Commercial Sales & Service,00010214161002,"R.L. Kistler, Inc", 300 Mile Crossing Blvd.,,Rochester,NY ,14624,USA,rlkistler.com,585-436-1940,"Sales,"
10588,Industrial/Commercial Sales & Service,00010214161002,"R.L. Kistler, Inc", 5615 Business Ave.,,N. Syracuse,NY ,13208,USA,,315-458-2875,"Sales,"
10588,Industrial/Commercial Sales & Service,00010001611002,Huntington Power, 68 Enter Ln,,Islandia,NY ,11749,USA,,631-563-4943,"Sales,Service,Up To 2MW,Mobile/Diesel/Gas,"
10588,Industrial/Commercial Sales & Service,00010001611002,Huntington Power, 34 E DUDLEY TOWN RD.,,BLOOMFIELD,CT ,06002,USA,,860-289-8790,"Sales,Service,Rental,"
10588,Industrial/Commercial Sales & Service,00010214161002,"R.L. Kistler, Inc", 5615 Business Ave.,,N. Syracuse,NY ,13208,USA,,315-458-2875,"Sales,"
10588,Industrial/Commercial Sales & Service,00010208021002,Modern Group Power Systems, 2501 Durham Road,,Bristol,PA ,19007,USA,www.moderngroup.com,800-404-7291,"Sales,Service,Up To 2MW,Mobile/Diesel/Gas,Training,Rental,"
10588,Industrial/Commercial Sales & Service,00010001731002,Authorized Services Of New England, 410 Forest Street,,Marlborough,MA ,01752,USA,www.asne.com,888-890-9886,"Financing,Sales,Service,Up To 2MW,Mobile/Diesel/Gas,Training,Rental,"
10588,Industrial/Commercial Sales & Service,00010008091002,MODERN HANDLING EQUIP, 75 NEW STREET,,EDISON,NJ ,08837,USA,www.moderngroup.com,800-779-5116,"Sales,Service,Up To 2MW,Mobile/Diesel/Gas,"
10588,Industrial/Commercial Sales & Service,00010000931002,"EMERGENCY POWER SYSTEMS, LLC", 35 HAMILTON LANE,,GLENMONT,NY ,12077,USA,,800-914-1465,"Service,Up To 2MW,Mobile/Diesel/Gas,"
10588,Industrial/Commercial Sales & Service,00010000931002,"EMERGENCY POWER SYSTEMS, LLC", 35 HAMILTON LANE,,GLENMONT,NY ,12077,USA,,800-914-1465,"Service,"
10588,Industrial/Commercial Sales & Service,00010208021002,Modern Group Power Systems, 6352 Chapmans Rd,,Allentown,PA ,18106,USA,,800-404-7291,"Sales,Service,Up To 2MW,Mobile/Diesel/Gas,"
10588,Industrial/Commercial Sales & Service,00010208021002,Modern Group Power Systems, 295 New Commerce Blvd.,,Wilkes Barre,PA ,18706,USA,,800-404-7291,"Sales,Service,Up To 2MW,Mobile/Diesel/Gas,"
10588,Industrial/Commercial Sales & Service,00010208021002,Modern Group Power Systems, 200 Allied Parkway,,West Berlin,NJ ,08091,USA,,800-404-7291,"Sales,Service,Up To 2MW,Mobile/Diesel/Gas,"
10588,Industrial/Commercial Sales & Service,00010001731002,AUTHORIZED SERVICES OF NEW ENGLAND, 410 FOREST STREET,,MARLBOROUGH,MA ,01752,USA,,888-890-9886,"Sales,"
10588,Industrial/Commercial Sales & Service,00010208021002,Modern Group Power Systems, 66A South Gate Blvd.,,New Castle,DE ,19720,USA,,800-404-7291,"Sales,Service,Up To 2MW,Mobile/Diesel/Gas,"
10588,Industrial/Commercial Sales & Service,00010208021002,Modern Group Power Systems, 3480 Board Road,,York,PA ,17402,USA,,800-404-7291,"Sales,Service,Up To 2MW,Mobile/Diesel/Gas,"
10588,Industrial/Commercial Sales & Service,00010134071002,PEAK POWER SYSTEMS, 99 SPRAGUE AVENUE,,MIDDLETOWN,NY ,10940,USA,www.peakpowersystems.com,845-344-1975,"Sales,Service,Up To 600kW,Mobile/Diesel/Gas,Rental,"
10588,Industrial/Commercial Sales & Service,00111209531002,HUNTINGTON POWER - LONG ISLAND, PO BOX 2040,,SHELTON,CT ,06484,USA,,631-586-7513,"Sales,"
10588,Industrial/Commercial Sales & Service,00010001761002,"GENSERVE, INC.", 100 NEWTOWN RD,,PLAINVIEW,NY ,11803,USA,www.genserveinc.com,631-435-0437,"Service,"
10588,Industrial/Commercial Sales & Service,00111209521002,LONG ISLAND EMERGENCY POWER -QO, 2 Ocean Avenue,,DEER PARK,NY ,11729,USA,,631-586-7513,"Sales,"
10588,Industrial/Commercial Sales & Service,00010139211002,POWERPRO SERVICE CO. INC., 608 JOHNSON AVE. UNIT 6,,BOHEMIA,NY ,11716,USA,,631-567-2700,"Sales,Service,Up To 600kW,Mobile/Diesel/Gas,"
10588,Industrial/Commercial Sales & Service,00010001761002,"GENSERVE, INC.", 115A TWINBRIDGE DR.,,PENNSAUKEN,NJ ,08110,USA,www.genserveinc.com,856-324-0459,"Service,"
10588,Industrial/Commercial Sales & Service,00010001621002,BROOKFIELD SERVICE, 708 GLEBE ROAD,,WESTMORELAND,NH ,03467,USA,www.brookfieldservice.com,802-485-6567,"Service,Up To 600kW,Mobile/Diesel/Gas,"
10588,Industrial/Commercial Sales & Service,00010021101002,SOUTH SHORE GENERATOR INC-Quote, 2696A CRANBERRY HWY,,WAREHAM,MA ,02571,USA,,508-295-7336,"Sales,Service,Up To 600kW,Mobile/Diesel/Gas,"
10588,Industrial/Commercial Sales & Service,00111184131002,HUNTER & LOMISON, 1956 W FOURTH ST,,WILLIAMSPORT,PA ,17701,USA,www.hunterlomison.com,570-326-1764,"Sales,Service,Up To 600kW,Mobile/Diesel/Gas,Rental,"
10588,Industrial/Commercial Sales & Service,00010000881002,HUNTER & LOMISON INC., 1956 W. 4TH STREET,,WILLIAMSPORT,PA ,17701,USA,www.hunterlomison.com,570-326-1764,"Service,Up To 600kW,Mobile/Diesel/Gas,"
10588,Industrial/Commercial Sales & Service,00010001701002,SOUTH SHORE GENERATOR INC, ,,EAST WAREHAM,MA ,02538,USA,,508-295-7336,"Financing,Sales,Service,Up To 600kW,Mobile/Diesel/Gas,"
10588,Industrial/Commercial Sales & Service,00111207431002,WARSHAUER ELECTRIC SUPPLY CO INC, 800 SHREWSBURY AVE,,TINTON FALLS,NJ ,07724,USA,www.warshauer.com,732-741-6400,"Service,"
10588,Industrial/Commercial Sales & Service,00010157021002,Mechanical Service Co, 1145 Oak St.,,Pittston,PA ,18640,USA,,570-654-2445,"Service,"
10589,Industrial/Commercial Sales & Service,00010214161002,"R.L. KISTLER, INC.", 35 HAMILTON LANE,,GLENMONT,NY ,12077,USA,,585-436-1940,"Sales,Service,"
10589,Industrial/Commercial Sales & Service,00010001611002,Huntington Power, 230 Long Hill Cross Rd,,Shelton,CT ,06484,USA,www.huntingtonpower.com,203-929-3203,"Sales,Service,Up To 2MW,Mobile/Diesel/Gas,Training,Rental,"
10589,Industrial/Commercial Sales & Service,00010214161002,"R.L. Kistler, Inc", 300 Mile Crossing Blvd.,,Rochester,NY ,14624,USA,rlkistler.com,585-436-1940,"Sales,"
10589,Industrial/Commercial Sales & Service,00010214161002,"R.L. Kistler, Inc", 5615 Business Ave.,,N. Syracuse,NY ,13208,USA,,315-458-2875,"Sales,"
10589,Industrial/Commercial Sales & Service,00010001611002,Huntington Power, 68 Enter Ln,,Islandia,NY ,11749,USA,,631-563-4943,"Sales,Service,Up To 2MW,Mobile/Diesel/Gas,"
10589,Industrial/Commercial Sales & Service,00010001611002,Huntington Power, 34 E DUDLEY TOWN RD.,,BLOOMFIELD,CT ,06002,USA,,860-289-8790,"Sales,Service,Rental,"
10589,Industrial/Commercial Sales & Service,00010214161002,"R.L. Kistler, Inc", 5615 Business Ave.,,N. Syracuse,NY ,13208,USA,,315-458-2875,"Sales,"
10589,Industrial/Commercial Sales & Service,00010208021002,Modern Group Power Systems, 2501 Durham Road,,Bristol,PA ,19007,USA,www.moderngroup.com,800-404-7291,"Sales,Service,Up To 2MW,Mobile/Diesel/Gas,Training,Rental,"
10589,Industrial/Commercial Sales & Service,00010001731002,Authorized Services Of New England, 410 Forest Street,,Marlborough,MA ,01752,USA,www.asne.com,888-890-9886,"Financing,Sales,Service,Up To 2MW,Mobile/Diesel/Gas,Training,Rental,"
10589,Industrial/Commercial Sales & Service,00010008091002,MODERN HANDLING EQUIP, 75 NEW STREET,,EDISON,NJ ,08837,USA,www.moderngroup.com,800-779-5116,"Sales,Service,Up To 2MW,Mobile/Diesel/Gas,"
10589,Industrial/Commercial Sales & Service,00010000931002,"EMERGENCY POWER SYSTEMS, LLC", 35 HAMILTON LANE,,GLENMONT,NY ,12077,USA,,800-914-1465,"Service,Up To 2MW,Mobile/Diesel/Gas,"
10589,Industrial/Commercial Sales & Service,00010000931002,"EMERGENCY POWER SYSTEMS, LLC", 35 HAMILTON LANE,,GLENMONT,NY ,12077,USA,,800-914-1465,"Service,"
10589,Industrial/Commercial Sales & Service,00010208021002,Modern Group Power Systems, 6352 Chapmans Rd,,Allentown,PA ,18106,USA,,800-404-7291,"Sales,Service,Up To 2MW,Mobile/Diesel/Gas,"
10589,Industrial/Commercial Sales & Service,00010208021002,Modern Group Power Systems, 295 New Commerce Blvd.,,Wilkes Barre,PA ,18706,USA,,800-404-7291,"Sales,Service,Up To 2MW,Mobile/Diesel/Gas,"
10589,Industrial/Commercial Sales & Service,00010208021002,Modern Group Power Systems, 200 Allied Parkway,,West Berlin,NJ ,08091,USA,,800-404-7291,"Sales,Service,Up To 2MW,Mobile/Diesel/Gas,"
10589,Industrial/Commercial Sales & Service,00010001731002,AUTHORIZED SERVICES OF NEW ENGLAND, 410 FOREST STREET,,MARLBOROUGH,MA ,01752,USA,,888-890-9886,"Sales,"
10589,Industrial/Commercial Sales & Service,00010208021002,Modern Group Power Systems, 66A South Gate Blvd.,,New Castle,DE ,19720,USA,,800-404-7291,"Sales,Service,Up To 2MW,Mobile/Diesel/Gas,"
10589,Industrial/Commercial Sales & Service,00010208021002,Modern Group Power Systems, 3480 Board Road,,York,PA ,17402,USA,,800-404-7291,"Sales,Service,Up To 2MW,Mobile/Diesel/Gas,"
10589,Industrial/Commercial Sales & Service,00111209531002,HUNTINGTON POWER - LONG ISLAND, PO BOX 2040,,SHELTON,CT ,06484,USA,,631-586-7513,"Sales,"
10589,Industrial/Commercial Sales & Service,00010134071002,PEAK POWER SYSTEMS, 99 SPRAGUE AVENUE,,MIDDLETOWN,NY ,10940,USA,www.peakpowersystems.com,845-344-1975,"Sales,Service,Up To 600kW,Mobile/Diesel/Gas,Rental,"
10589,Industrial/Commercial Sales & Service,00010001761002,"GENSERVE, INC.", 100 NEWTOWN RD,,PLAINVIEW,NY ,11803,USA,www.genserveinc.com,631-435-0437,"Service,"
10589,Industrial/Commercial Sales & Service,00111209521002,LONG ISLAND EMERGENCY POWER -QO, 2 Ocean Avenue,,DEER PARK,NY ,11729,USA,,631-586-7513,"Sales,"
10589,Industrial/Commercial Sales & Service,00010139211002,POWERPRO SERVICE CO. INC., 608 JOHNSON AVE. UNIT 6,,BOHEMIA,NY ,11716,USA,,631-567-2700,"Sales,Service,Up To 600kW,Mobile/Diesel/Gas,"
10589,Industrial/Commercial Sales & Service,00010001761002,"GENSERVE, INC.", 115A TWINBRIDGE DR.,,PENNSAUKEN,NJ ,08110,USA,www.genserveinc.com,856-324-0459,"Service,"
10589,Industrial/Commercial Sales & Service,00010001621002,BROOKFIELD SERVICE, 708 GLEBE ROAD,,WESTMORELAND,NH ,03467,USA,www.brookfieldservice.com,802-485-6567,"Service,Up To 600kW,Mobile/Diesel/Gas,"
10589,Industrial/Commercial Sales & Service,00010021101002,SOUTH SHORE GENERATOR INC-Quote, 2696A CRANBERRY HWY,,WAREHAM,MA ,02571,USA,,508-295-7336,"Sales,Service,Up To 600kW,Mobile/Diesel/Gas,"
10589,Industrial/Commercial Sales & Service,00010001701002,SOUTH SHORE GENERATOR INC, ,,EAST WAREHAM,MA ,02538,USA,,508-295-7336,"Financing,Sales,Service,Up To 600kW,Mobile/Diesel/Gas,"
10589,Industrial/Commercial Sales & Service,00111184131002,HUNTER & LOMISON, 1956 W FOURTH ST,,WILLIAMSPORT,PA ,17701,USA,www.hunterlomison.com,570-326-1764,"Sales,Service,Up To 600kW,Mobile/Diesel/Gas,Rental,"
10589,Industrial/Commercial Sales & Service,00010000881002,HUNTER & LOMISON INC., 1956 W. 4TH STREET,,WILLIAMSPORT,PA ,17701,USA,www.hunterlomison.com,570-326-1764,"Service,Up To 600kW,Mobile/Diesel/Gas,"
10589,Industrial/Commercial Sales & Service,00111207431002,WARSHAUER ELECTRIC SUPPLY CO INC, 800 SHREWSBURY AVE,,TINTON FALLS,NJ ,07724,USA,www.warshauer.com,732-741-6400,"Service,"
10589,Industrial/Commercial Sales & Service,00010157021002,Mechanical Service Co, 1145 Oak St.,,Pittston,PA ,18640,USA,,570-654-2445,"Service,"
10590,Industrial/Commercial Sales & Service,00010001611002,Huntington Power, 230 Long Hill Cross Rd,,Shelton,CT ,06484,USA,www.huntingtonpower.com,203-929-3203,"Sales,Service,Up To 2MW,Mobile/Diesel/Gas,Training,Rental,"
10590,Industrial/Commercial Sales & Service,00010214161002,"R.L. KISTLER, INC.", 35 HAMILTON LANE,,GLENMONT,NY ,12077,USA,,585-436-1940,"Sales,Service,"
10590,Industrial/Commercial Sales & Service,00010214161002,"R.L. Kistler, Inc", 300 Mile Crossing Blvd.,,Rochester,NY ,14624,USA,rlkistler.com,585-436-1940,"Sales,"
10590,Industrial/Commercial Sales & Service,00010001611002,Huntington Power, 68 Enter Ln,,Islandia,NY ,11749,USA,,631-563-4943,"Sales,Service,Up To 2MW,Mobile/Diesel/Gas,"
10590,Industrial/Commercial Sales & Service,00010001611002,Huntington Power, 34 E DUDLEY TOWN RD.,,BLOOMFIELD,CT ,06002,USA,,860-289-8790,"Sales,Service,Rental,"
10590,Industrial/Commercial Sales & Service,00010214161002,"R.L. Kistler, Inc", 5615 Business Ave.,,N. Syracuse,NY ,13208,USA,,315-458-2875,"Sales,"
10590,Industrial/Commercial Sales & Service,00010214161002,"R.L. Kistler, Inc", 5615 Business Ave.,,N. Syracuse,NY ,13208,USA,,315-458-2875,"Sales,"
10590,Industrial/Commercial Sales & Service,00010208021002,Modern Group Power Systems, 2501 Durham Road,,Bristol,PA ,19007,USA,www.moderngroup.com,800-404-7291,"Sales,Service,Up To 2MW,Mobile/Diesel/Gas,Training,Rental,"
10590,Industrial/Commercial Sales & Service,00010001731002,Authorized Services Of New England, 410 Forest Street,,Marlborough,MA ,01752,USA,www.asne.com,888-890-9886,"Financing,Sales,Service,Up To 2MW,Mobile/Diesel/Gas,Training,Rental,"
10590,Industrial/Commercial Sales & Service,00010008091002,MODERN HANDLING EQUIP, 75 NEW STREET,,EDISON,NJ ,08837,USA,www.moderngroup.com,800-779-5116,"Sales,Service,Up To 2MW,Mobile/Diesel/Gas,"
10590,Industrial/Commercial Sales & Service,00010000931002,"EMERGENCY POWER SYSTEMS, LLC", 35 HAMILTON LANE,,GLENMONT,NY ,12077,USA,,800-914-1465,"Service,Up To 2MW,Mobile/Diesel/Gas,"
10590,Industrial/Commercial Sales & Service,00010000931002,"EMERGENCY POWER SYSTEMS, LLC", 35 HAMILTON LANE,,GLENMONT,NY ,12077,USA,,800-914-1465,"Service,"
10590,Industrial/Commercial Sales & Service,00010208021002,Modern Group Power Systems, 6352 Chapmans Rd,,Allentown,PA ,18106,USA,,800-404-7291,"Sales,Service,Up To 2MW,Mobile/Diesel/Gas,"
10590,Industrial/Commercial Sales & Service,00010208021002,Modern Group Power Systems, 295 New Commerce Blvd.,,Wilkes Barre,PA ,18706,USA,,800-404-7291,"Sales,Service,Up To 2MW,Mobile/Diesel/Gas,"
10590,Industrial/Commercial Sales & Service,00010208021002,Modern Group Power Systems, 200 Allied Parkway,,West Berlin,NJ ,08091,USA,,800-404-7291,"Sales,Service,Up To 2MW,Mobile/Diesel/Gas,"
10590,Industrial/Commercial Sales & Service,00010001731002,AUTHORIZED SERVICES OF NEW ENGLAND, 410 FOREST STREET,,MARLBOROUGH,MA ,01752,USA,,888-890-9886,"Sales,"
10590,Industrial/Commercial Sales & Service,00010208021002,Modern Group Power Systems, 66A South Gate Blvd.,,New Castle,DE ,19720,USA,,800-404-7291,"Sales,Service,Up To 2MW,Mobile/Diesel/Gas,"
10590,Industrial/Commercial Sales & Service,00010208021002,Modern Group Power Systems, 3480 Board Road,,York,PA ,17402,USA,,800-404-7291,"Sales,Service,Up To 2MW,Mobile/Diesel/Gas,"
10590,Industrial/Commercial Sales & Service,00111209531002,HUNTINGTON POWER - LONG ISLAND, PO BOX 2040,,SHELTON,CT ,06484,USA,,631-586-7513,"Sales,"
10590,Industrial/Commercial Sales & Service,00010001761002,"GENSERVE, INC.", 100 NEWTOWN RD,,PLAINVIEW,NY ,11803,USA,www.genserveinc.com,631-435-0437,"Service,"
10590,Industrial/Commercial Sales & Service,00111209521002,LONG ISLAND EMERGENCY POWER -QO, 2 Ocean Avenue,,DEER PARK,NY ,11729,USA,,631-586-7513,"Sales,"
10590,Industrial/Commercial Sales & Service,00010139211002,POWERPRO SERVICE CO. INC., 608 JOHNSON AVE. UNIT 6,,BOHEMIA,NY ,11716,USA,,631-567-2700,"Sales,Service,Up To 600kW,Mobile/Diesel/Gas,"
10590,Industrial/Commercial Sales & Service,00010134071002,PEAK POWER SYSTEMS, 99 SPRAGUE AVENUE,,MIDDLETOWN,NY ,10940,USA,www.peakpowersystems.com,845-344-1975,"Sales,Service,Up To 600kW,Mobile/Diesel/Gas,Rental,"
10590,Industrial/Commercial Sales & Service,00010001761002,"GENSERVE, INC.", 115A TWINBRIDGE DR.,,PENNSAUKEN,NJ ,08110,USA,www.genserveinc.com,856-324-0459,"Service,"
10590,Industrial/Commercial Sales & Service,00010001621002,BROOKFIELD SERVICE, 708 GLEBE ROAD,,WESTMORELAND,NH ,03467,USA,www.brookfieldservice.com,802-485-6567,"Service,Up To 600kW,Mobile/Diesel/Gas,"
10590,Industrial/Commercial Sales & Service,00010021101002,SOUTH SHORE GENERATOR INC-Quote, 2696A CRANBERRY HWY,,WAREHAM,MA ,02571,USA,,508-295-7336,"Sales,Service,Up To 600kW,Mobile/Diesel/Gas,"
10590,Industrial/Commercial Sales & Service,00010001701002,SOUTH SHORE GENERATOR INC, ,,EAST WAREHAM,MA ,02538,USA,,508-295-7336,"Financing,Sales,Service,Up To 600kW,Mobile/Diesel/Gas,"
10590,Industrial/Commercial Sales & Service,00111184131002,HUNTER & LOMISON, 1956 W FOURTH ST,,WILLIAMSPORT,PA ,17701,USA,www.hunterlomison.com,570-326-1764,"Sales,Service,Up To 600kW,Mobile/Diesel/Gas,Rental,"
10590,Industrial/Commercial Sales & Service,00010000881002,HUNTER & LOMISON INC., 1956 W. 4TH STREET,,WILLIAMSPORT,PA ,17701,USA,www.hunterlomison.com,570-326-1764,"Service,Up To 600kW,Mobile/Diesel/Gas,"
10590,Industrial/Commercial Sales & Service,00111207431002,WARSHAUER ELECTRIC SUPPLY CO INC, 800 SHREWSBURY AVE,,TINTON FALLS,NJ ,07724,USA,www.warshauer.com,732-741-6400,"Service,"
10590,Industrial/Commercial Sales & Service,00010157021002,Mechanical Service Co, 1145 Oak St.,,Pittston,PA ,18640,USA,,570-654-2445,"Service,"
10591,Industrial/Commercial Sales & Service,00010001611002,Huntington Power, 230 Long Hill Cross Rd,,Shelton,CT ,06484,USA,www.huntingtonpower.com,203-929-3203,"Sales,Service,Up To 2MW,Mobile/Diesel/Gas,Training,Rental,"
10591,Industrial/Commercial Sales & Service,00010214161002,"R.L. Kistler, Inc", 300 Mile Crossing Blvd.,,Rochester,NY ,14624,USA,rlkistler.com,585-436-1940,"Sales,"
10591,Industrial/Commercial Sales & Service,00010214161002,"R.L. KISTLER, INC.", 35 HAMILTON LANE,,GLENMONT,NY ,12077,USA,,585-436-1940,"Sales,Service,"
10591,Industrial/Commercial Sales & Service,00010001611002,Huntington Power, 68 Enter Ln,,Islandia,NY ,11749,USA,,631-563-4943,"Sales,Service,Up To 2MW,Mobile/Diesel/Gas,"
10591,Industrial/Commercial Sales & Service,00010001611002,Huntington Power, 34 E DUDLEY TOWN RD.,,BLOOMFIELD,CT ,06002,USA,,860-289-8790,"Sales,Service,Rental,"
10591,Industrial/Commercial Sales & Service,00010214161002,"R.L. Kistler, Inc", 5615 Business Ave.,,N. Syracuse,NY ,13208,USA,,315-458-2875,"Sales,"
10591,Industrial/Commercial Sales & Service,00010214161002,"R.L. Kistler, Inc", 5615 Business Ave.,,N. Syracuse,NY ,13208,USA,,315-458-2875,"Sales,"
10591,Industrial/Commercial Sales & Service,00010208021002,Modern Group Power Systems, 2501 Durham Road,,Bristol,PA ,19007,USA,www.moderngroup.com,800-404-7291,"Sales,Service,Up To 2MW,Mobile/Diesel/Gas,Training,Rental,"
10591,Industrial/Commercial Sales & Service,00010001731002,Authorized Services Of New England, 410 Forest Street,,Marlborough,MA ,01752,USA,www.asne.com,888-890-9886,"Financing,Sales,Service,Up To 2MW,Mobile/Diesel/Gas,Training,Rental,"
10591,Industrial/Commercial Sales & Service,00010008091002,MODERN HANDLING EQUIP, 75 NEW STREET,,EDISON,NJ ,08837,USA,www.moderngroup.com,800-779-5116,"Sales,Service,Up To 2MW,Mobile/Diesel/Gas,"
10591,Industrial/Commercial Sales & Service,00010208021002,Modern Group Power Systems, 6352 Chapmans Rd,,Allentown,PA ,18106,USA,,800-404-7291,"Sales,Service,Up To 2MW,Mobile/Diesel/Gas,"
10591,Industrial/Commercial Sales & Service,00010000931002,"EMERGENCY POWER SYSTEMS, LLC", 35 HAMILTON LANE,,GLENMONT,NY ,12077,USA,,800-914-1465,"Service,Up To 2MW,Mobile/Diesel/Gas,"
10591,Industrial/Commercial Sales & Service,00010000931002,"EMERGENCY POWER SYSTEMS, LLC", 35 HAMILTON LANE,,GLENMONT,NY ,12077,USA,,800-914-1465,"Service,"
10591,Industrial/Commercial Sales & Service,00010208021002,Modern Group Power Systems, 200 Allied Parkway,,West Berlin,NJ ,08091,USA,,800-404-7291,"Sales,Service,Up To 2MW,Mobile/Diesel/Gas,"
10591,Industrial/Commercial Sales & Service,00010208021002,Modern Group Power Systems, 295 New Commerce Blvd.,,Wilkes Barre,PA ,18706,USA,,800-404-7291,"Sales,Service,Up To 2MW,Mobile/Diesel/Gas,"
10591,Industrial/Commercial Sales & Service,00010208021002,Modern Group Power Systems, 66A South Gate Blvd.,,New Castle,DE ,19720,USA,,800-404-7291,"Sales,Service,Up To 2MW,Mobile/Diesel/Gas,"
10591,Industrial/Commercial Sales & Service,00010001731002,AUTHORIZED SERVICES OF NEW ENGLAND, 410 FOREST STREET,,MARLBOROUGH,MA ,01752,USA,,888-890-9886,"Sales,"
10591,Industrial/Commercial Sales & Service,00010208021002,Modern Group Power Systems, 3480 Board Road,,York,PA ,17402,USA,,800-404-7291,"Sales,Service,Up To 2MW,Mobile/Diesel/Gas,"
10591,Industrial/Commercial Sales & Service,00010001761002,"GENSERVE, INC.", 100 NEWTOWN RD,,PLAINVIEW,NY ,11803,USA,www.genserveinc.com,631-435-0437,"Service,"
10591,Industrial/Commercial Sales & Service,00111209521002,LONG ISLAND EMERGENCY POWER -QO, 2 Ocean Avenue,,DEER PARK,NY ,11729,USA,,631-586-7513,"Sales,"
10591,Industrial/Commercial Sales & Service,00010134071002,PEAK POWER SYSTEMS, 99 SPRAGUE AVENUE,,MIDDLETOWN,NY ,10940,USA,www.peakpowersystems.com,845-344-1975,"Sales,Service,Up To 600kW,Mobile/Diesel/Gas,Rental,"
10591,Industrial/Commercial Sales & Service,00111209531002,HUNTINGTON POWER - LONG ISLAND, PO BOX 2040,,SHELTON,CT ,06484,USA,,631-586-7513,"Sales,"
10591,Industrial/Commercial Sales & Service,00010139211002,POWERPRO SERVICE CO. INC., 608 JOHNSON AVE. UNIT 6,,BOHEMIA,NY ,11716,USA,,631-567-2700,"Sales,Service,Up To 600kW,Mobile/Diesel/Gas,"
10591,Industrial/Commercial Sales & Service,00010001761002,"GENSERVE, INC.", 115A TWINBRIDGE DR.,,PENNSAUKEN,NJ ,08110,USA,www.genserveinc.com,856-324-0459,"Service,"
10591,Industrial/Commercial Sales & Service,00010001621002,BROOKFIELD SERVICE, 708 GLEBE ROAD,,WESTMORELAND,NH ,03467,USA,www.brookfieldservice.com,802-485-6567,"Service,Up To 600kW,Mobile/Diesel/Gas,"
10591,Industrial/Commercial Sales & Service,00111184131002,HUNTER & LOMISON, 1956 W FOURTH ST,,WILLIAMSPORT,PA ,17701,USA,www.hunterlomison.com,570-326-1764,"Sales,Service,Up To 600kW,Mobile/Diesel/Gas,Rental,"
10591,Industrial/Commercial Sales & Service,00010000881002,HUNTER & LOMISON INC., 1956 W. 4TH STREET,,WILLIAMSPORT,PA ,17701,USA,www.hunterlomison.com,570-326-1764,"Service,Up To 600kW,Mobile/Diesel/Gas,"
10591,Industrial/Commercial Sales & Service,00010021101002,SOUTH SHORE GENERATOR INC-Quote, 2696A CRANBERRY HWY,,WAREHAM,MA ,02571,USA,,508-295-7336,"Sales,Service,Up To 600kW,Mobile/Diesel/Gas,"
10591,Industrial/Commercial Sales & Service,00010001701002,SOUTH SHORE GENERATOR INC, ,,EAST WAREHAM,MA ,02538,USA,,508-295-7336,"Financing,Sales,Service,Up To 600kW,Mobile/Diesel/Gas,"
10591,Industrial/Commercial Sales & Service,00111207431002,WARSHAUER ELECTRIC SUPPLY CO INC, 800 SHREWSBURY AVE,,TINTON FALLS,NJ ,07724,USA,www.warshauer.com,732-741-6400,"Service,"
10591,Industrial/Commercial Sales & Service,00010157021002,Mechanical Service Co, 1145 Oak St.,,Pittston,PA ,18640,USA,,570-654-2445,"Service,"
10594,Industrial/Commercial Sales & Service,00010214161002,"R.L. KISTLER, INC.", 35 HAMILTON LANE,,GLENMONT,NY ,12077,USA,,585-436-1940,"Sales,Service,"
10594,Industrial/Commercial Sales & Service,00010214161002,"R.L. Kistler, Inc", 300 Mile Crossing Blvd.,,Rochester,NY ,14624,USA,rlkistler.com,585-436-1940,"Sales,"
10594,Industrial/Commercial Sales & Service,00010001611002,Huntington Power, 230 Long Hill Cross Rd,,Shelton,CT ,06484,USA,www.huntingtonpower.com,203-929-3203,"Sales,Service,Up To 2MW,Mobile/Diesel/Gas,Training,Rental,"
10594,Industrial/Commercial Sales & Service,00010214161002,"R.L. Kistler, Inc", 5615 Business Ave.,,N. Syracuse,NY ,13208,USA,,315-458-2875,"Sales,"
10594,Industrial/Commercial Sales & Service,00010214161002,"R.L. Kistler, Inc", 5615 Business Ave.,,N. Syracuse,NY ,13208,USA,,315-458-2875,"Sales,"
10594,Industrial/Commercial Sales & Service,00010001611002,Huntington Power, 68 Enter Ln,,Islandia,NY ,11749,USA,,631-563-4943,"Sales,Service,Up To 2MW,Mobile/Diesel/Gas,"
10594,Industrial/Commercial Sales & Service,00010001611002,Huntington Power, 34 E DUDLEY TOWN RD.,,BLOOMFIELD,CT ,06002,USA,,860-289-8790,"Sales,Service,Rental,"
10594,Industrial/Commercial Sales & Service,00010208021002,Modern Group Power Systems, 2501 Durham Road,,Bristol,PA ,19007,USA,www.moderngroup.com,800-404-7291,"Sales,Service,Up To 2MW,Mobile/Diesel/Gas,Training,Rental,"
10594,Industrial/Commercial Sales & Service,00010001731002,Authorized Services Of New England, 410 Forest Street,,Marlborough,MA ,01752,USA,www.asne.com,888-890-9886,"Financing,Sales,Service,Up To 2MW,Mobile/Diesel/Gas,Training,Rental,"
10594,Industrial/Commercial Sales & Service,00010008091002,MODERN HANDLING EQUIP, 75 NEW STREET,,EDISON,NJ ,08837,USA,www.moderngroup.com,800-779-5116,"Sales,Service,Up To 2MW,Mobile/Diesel/Gas,"
10594,Industrial/Commercial Sales & Service,00010208021002,Modern Group Power Systems, 6352 Chapmans Rd,,Allentown,PA ,18106,USA,,800-404-7291,"Sales,Service,Up To 2MW,Mobile/Diesel/Gas,"
10594,Industrial/Commercial Sales & Service,00010000931002,"EMERGENCY POWER SYSTEMS, LLC", 35 HAMILTON LANE,,GLENMONT,NY ,12077,USA,,800-914-1465,"Service,Up To 2MW,Mobile/Diesel/Gas,"
10594,Industrial/Commercial Sales & Service,00010000931002,"EMERGENCY POWER SYSTEMS, LLC", 35 HAMILTON LANE,,GLENMONT,NY ,12077,USA,,800-914-1465,"Service,"
10594,Industrial/Commercial Sales & Service,00010208021002,Modern Group Power Systems, 200 Allied Parkway,,West Berlin,NJ ,08091,USA,,800-404-7291,"Sales,Service,Up To 2MW,Mobile/Diesel/Gas,"
10594,Industrial/Commercial Sales & Service,00010208021002,Modern Group Power Systems, 295 New Commerce Blvd.,,Wilkes Barre,PA ,18706,USA,,800-404-7291,"Sales,Service,Up To 2MW,Mobile/Diesel/Gas,"
10594,Industrial/Commercial Sales & Service,00010208021002,Modern Group Power Systems, 66A South Gate Blvd.,,New Castle,DE ,19720,USA,,800-404-7291,"Sales,Service,Up To 2MW,Mobile/Diesel/Gas,"
10594,Industrial/Commercial Sales & Service,00010001731002,AUTHORIZED SERVICES OF NEW ENGLAND, 410 FOREST STREET,,MARLBOROUGH,MA ,01752,USA,,888-890-9886,"Sales,"
10594,Industrial/Commercial Sales & Service,00010208021002,Modern Group Power Systems, 3480 Board Road,,York,PA ,17402,USA,,800-404-7291,"Sales,Service,Up To 2MW,Mobile/Diesel/Gas,"
10594,Industrial/Commercial Sales & Service,00010001761002,"GENSERVE, INC.", 100 NEWTOWN RD,,PLAINVIEW,NY ,11803,USA,www.genserveinc.com,631-435-0437,"Service,"
10594,Industrial/Commercial Sales & Service,00111209521002,LONG ISLAND EMERGENCY POWER -QO, 2 Ocean Avenue,,DEER PARK,NY ,11729,USA,,631-586-7513,"Sales,"
10594,Industrial/Commercial Sales & Service,00111209531002,HUNTINGTON POWER - LONG ISLAND, PO BOX 2040,,SHELTON,CT ,06484,USA,,631-586-7513,"Sales,"
10594,Industrial/Commercial Sales & Service,00010134071002,PEAK POWER SYSTEMS, 99 SPRAGUE AVENUE,,MIDDLETOWN,NY ,10940,USA,www.peakpowersystems.com,845-344-1975,"Sales,Service,Up To 600kW,Mobile/Diesel/Gas,Rental,"
10594,Industrial/Commercial Sales & Service,00010139211002,POWERPRO SERVICE CO. INC., 608 JOHNSON AVE. UNIT 6,,BOHEMIA,NY ,11716,USA,,631-567-2700,"Sales,Service,Up To 600kW,Mobile/Diesel/Gas,"
10594,Industrial/Commercial Sales & Service,00010001761002,"GENSERVE, INC.", 115A TWINBRIDGE DR.,,PENNSAUKEN,NJ ,08110,USA,www.genserveinc.com,856-324-0459,"Service,"
10594,Industrial/Commercial Sales & Service,00010001621002,BROOKFIELD SERVICE, 708 GLEBE ROAD,,WESTMORELAND,NH ,03467,USA,www.brookfieldservice.com,802-485-6567,"Service,Up To 600kW,Mobile/Diesel/Gas,"
10594,Industrial/Commercial Sales & Service,00010021101002,SOUTH SHORE GENERATOR INC-Quote, 2696A CRANBERRY HWY,,WAREHAM,MA ,02571,USA,,508-295-7336,"Sales,Service,Up To 600kW,Mobile/Diesel/Gas,"
10594,Industrial/Commercial Sales & Service,00010001701002,SOUTH SHORE GENERATOR INC, ,,EAST WAREHAM,MA ,02538,USA,,508-295-7336,"Financing,Sales,Service,Up To 600kW,Mobile/Diesel/Gas,"
10594,Industrial/Commercial Sales & Service,00111184131002,HUNTER & LOMISON, 1956 W FOURTH ST,,WILLIAMSPORT,PA ,17701,USA,www.hunterlomison.com,570-326-1764,"Sales,Service,Up To 600kW,Mobile/Diesel/Gas,Rental,"
10594,Industrial/Commercial Sales & Service,00010000881002,HUNTER & LOMISON INC., 1956 W. 4TH STREET,,WILLIAMSPORT,PA ,17701,USA,www.hunterlomison.com,570-326-1764,"Service,Up To 600kW,Mobile/Diesel/Gas,"
10594,Industrial/Commercial Sales & Service,00111207431002,WARSHAUER ELECTRIC SUPPLY CO INC, 800 SHREWSBURY AVE,,TINTON FALLS,NJ ,07724,USA,www.warshauer.com,732-741-6400,"Service,"
10594,Industrial/Commercial Sales & Service,00010157021002,Mechanical Service Co, 1145 Oak St.,,Pittston,PA ,18640,USA,,570-654-2445,"Service,"
10595,Industrial/Commercial Sales & Service,00010214161002,"R.L. KISTLER, INC.", 35 HAMILTON LANE,,GLENMONT,NY ,12077,USA,,585-436-1940,"Sales,Service,"
10595,Industrial/Commercial Sales & Service,00010214161002,"R.L. Kistler, Inc", 300 Mile Crossing Blvd.,,Rochester,NY ,14624,USA,rlkistler.com,585-436-1940,"Sales,"
10595,Industrial/Commercial Sales & Service,00010001611002,Huntington Power, 230 Long Hill Cross Rd,,Shelton,CT ,06484,USA,www.huntingtonpower.com,203-929-3203,"Sales,Service,Up To 2MW,Mobile/Diesel/Gas,Training,Rental,"
10595,Industrial/Commercial Sales & Service,00010214161002,"R.L. Kistler, Inc", 5615 Business Ave.,,N. Syracuse,NY ,13208,USA,,315-458-2875,"Sales,"
10595,Industrial/Commercial Sales & Service,00010214161002,"R.L. Kistler, Inc", 5615 Business Ave.,,N. Syracuse,NY ,13208,USA,,315-458-2875,"Sales,"
10595,Industrial/Commercial Sales & Service,00010001611002,Huntington Power, 68 Enter Ln,,Islandia,NY ,11749,USA,,631-563-4943,"Sales,Service,Up To 2MW,Mobile/Diesel/Gas,"
10595,Industrial/Commercial Sales & Service,00010001611002,Huntington Power, 34 E DUDLEY TOWN RD.,,BLOOMFIELD,CT ,06002,USA,,860-289-8790,"Sales,Service,Rental,"
10595,Industrial/Commercial Sales & Service,00010208021002,Modern Group Power Systems, 2501 Durham Road,,Bristol,PA ,19007,USA,www.moderngroup.com,800-404-7291,"Sales,Service,Up To 2MW,Mobile/Diesel/Gas,Training,Rental,"
10595,Industrial/Commercial Sales & Service,00010001731002,Authorized Services Of New England, 410 Forest Street,,Marlborough,MA ,01752,USA,www.asne.com,888-890-9886,"Financing,Sales,Service,Up To 2MW,Mobile/Diesel/Gas,Training,Rental,"
10595,Industrial/Commercial Sales & Service,00010008091002,MODERN HANDLING EQUIP, 75 NEW STREET,,EDISON,NJ ,08837,USA,www.moderngroup.com,800-779-5116,"Sales,Service,Up To 2MW,Mobile/Diesel/Gas,"
10595,Industrial/Commercial Sales & Service,00010208021002,Modern Group Power Systems, 6352 Chapmans Rd,,Allentown,PA ,18106,USA,,800-404-7291,"Sales,Service,Up To 2MW,Mobile/Diesel/Gas,"
10595,Industrial/Commercial Sales & Service,00010000931002,"EMERGENCY POWER SYSTEMS, LLC", 35 HAMILTON LANE,,GLENMONT,NY ,12077,USA,,800-914-1465,"Service,Up To 2MW,Mobile/Diesel/Gas,"
10595,Industrial/Commercial Sales & Service,00010000931002,"EMERGENCY POWER SYSTEMS, LLC", 35 HAMILTON LANE,,GLENMONT,NY ,12077,USA,,800-914-1465,"Service,"
10595,Industrial/Commercial Sales & Service,00010208021002,Modern Group Power Systems, 200 Allied Parkway,,West Berlin,NJ ,08091,USA,,800-404-7291,"Sales,Service,Up To 2MW,Mobile/Diesel/Gas,"
10595,Industrial/Commercial Sales & Service,00010208021002,Modern Group Power Systems, 295 New Commerce Blvd.,,Wilkes Barre,PA ,18706,USA,,800-404-7291,"Sales,Service,Up To 2MW,Mobile/Diesel/Gas,"
10595,Industrial/Commercial Sales & Service,00010208021002,Modern Group Power Systems, 66A South Gate Blvd.,,New Castle,DE ,19720,USA,,800-404-7291,"Sales,Service,Up To 2MW,Mobile/Diesel/Gas,"
10595,Industrial/Commercial Sales & Service,00010001731002,AUTHORIZED SERVICES OF NEW ENGLAND, 410 FOREST STREET,,MARLBOROUGH,MA ,01752,USA,,888-890-9886,"Sales,"
10595,Industrial/Commercial Sales & Service,00010208021002,Modern Group Power Systems, 3480 Board Road,,York,PA ,17402,USA,,800-404-7291,"Sales,Service,Up To 2MW,Mobile/Diesel/Gas,"
10595,Industrial/Commercial Sales & Service,00010001761002,"GENSERVE, INC.", 100 NEWTOWN RD,,PLAINVIEW,NY ,11803,USA,www.genserveinc.com,631-435-0437,"Service,"
10595,Industrial/Commercial Sales & Service,00111209521002,LONG ISLAND EMERGENCY POWER -QO, 2 Ocean Avenue,,DEER PARK,NY ,11729,USA,,631-586-7513,"Sales,"
10595,Industrial/Commercial Sales & Service,00111209531002,HUNTINGTON POWER - LONG ISLAND, PO BOX 2040,,SHELTON,CT ,06484,USA,,631-586-7513,"Sales,"
10595,Industrial/Commercial Sales & Service,00010139211002,POWERPRO SERVICE CO. INC., 608 JOHNSON AVE. UNIT 6,,BOHEMIA,NY ,11716,USA,,631-567-2700,"Sales,Service,Up To 600kW,Mobile/Diesel/Gas,"
10595,Industrial/Commercial Sales & Service,00010134071002,PEAK POWER SYSTEMS, 99 SPRAGUE AVENUE,,MIDDLETOWN,NY ,10940,USA,www.peakpowersystems.com,845-344-1975,"Sales,Service,Up To 600kW,Mobile/Diesel/Gas,Rental,"
10595,Industrial/Commercial Sales & Service,00010001761002,"GENSERVE, INC.", 115A TWINBRIDGE DR.,,PENNSAUKEN,NJ ,08110,USA,www.genserveinc.com,856-324-0459,"Service,"
10595,Industrial/Commercial Sales & Service,00010001621002,BROOKFIELD SERVICE, 708 GLEBE ROAD,,WESTMORELAND,NH ,03467,USA,www.brookfieldservice.com,802-485-6567,"Service,Up To 600kW,Mobile/Diesel/Gas,"
10595,Industrial/Commercial Sales & Service,00010021101002,SOUTH SHORE GENERATOR INC-Quote, 2696A CRANBERRY HWY,,WAREHAM,MA ,02571,USA,,508-295-7336,"Sales,Service,Up To 600kW,Mobile/Diesel/Gas,"
10595,Industrial/Commercial Sales & Service,00010001701002,SOUTH SHORE GENERATOR INC, ,,EAST WAREHAM,MA ,02538,USA,,508-295-7336,"Financing,Sales,Service,Up To 600kW,Mobile/Diesel/Gas,"
10595,Industrial/Commercial Sales & Service,00111184131002,HUNTER & LOMISON, 1956 W FOURTH ST,,WILLIAMSPORT,PA ,17701,USA,www.hunterlomison.com,570-326-1764,"Sales,Service,Up To 600kW,Mobile/Diesel/Gas,Rental,"
10595,Industrial/Commercial Sales & Service,00010000881002,HUNTER & LOMISON INC., 1956 W. 4TH STREET,,WILLIAMSPORT,PA ,17701,USA,www.hunterlomison.com,570-326-1764,"Service,Up To 600kW,Mobile/Diesel/Gas,"
10595,Industrial/Commercial Sales & Service,00111207431002,WARSHAUER ELECTRIC SUPPLY CO INC, 800 SHREWSBURY AVE,,TINTON FALLS,NJ ,07724,USA,www.warshauer.com,732-741-6400,"Service,"
10595,Industrial/Commercial Sales & Service,00010157021002,Mechanical Service Co, 1145 Oak St.,,Pittston,PA ,18640,USA,,570-654-2445,"Service,"
10596,Industrial/Commercial Sales & Service,00010214161002,"R.L. KISTLER, INC.", 35 HAMILTON LANE,,GLENMONT,NY ,12077,USA,,585-436-1940,"Sales,Service,"
10596,Industrial/Commercial Sales & Service,00010001611002,Huntington Power, 230 Long Hill Cross Rd,,Shelton,CT ,06484,USA,www.huntingtonpower.com,203-929-3203,"Sales,Service,Up To 2MW,Mobile/Diesel/Gas,Training,Rental,"
10596,Industrial/Commercial Sales & Service,00010214161002,"R.L. Kistler, Inc", 300 Mile Crossing Blvd.,,Rochester,NY ,14624,USA,rlkistler.com,585-436-1940,"Sales,"
10596,Industrial/Commercial Sales & Service,00010214161002,"R.L. Kistler, Inc", 5615 Business Ave.,,N. Syracuse,NY ,13208,USA,,315-458-2875,"Sales,"
10596,Industrial/Commercial Sales & Service,00010001611002,Huntington Power, 68 Enter Ln,,Islandia,NY ,11749,USA,,631-563-4943,"Sales,Service,Up To 2MW,Mobile/Diesel/Gas,"
10596,Industrial/Commercial Sales & Service,00010001611002,Huntington Power, 34 E DUDLEY TOWN RD.,,BLOOMFIELD,CT ,06002,USA,,860-289-8790,"Sales,Service,Rental,"
10596,Industrial/Commercial Sales & Service,00010214161002,"R.L. Kistler, Inc", 5615 Business Ave.,,N. Syracuse,NY ,13208,USA,,315-458-2875,"Sales,"
10596,Industrial/Commercial Sales & Service,00010208021002,Modern Group Power Systems, 2501 Durham Road,,Bristol,PA ,19007,USA,www.moderngroup.com,800-404-7291,"Sales,Service,Up To 2MW,Mobile/Diesel/Gas,Training,Rental,"
10596,Industrial/Commercial Sales & Service,00010001731002,Authorized Services Of New England, 410 Forest Street,,Marlborough,MA ,01752,USA,www.asne.com,888-890-9886,"Financing,Sales,Service,Up To 2MW,Mobile/Diesel/Gas,Training,Rental,"
10596,Industrial/Commercial Sales & Service,00010008091002,MODERN HANDLING EQUIP, 75 NEW STREET,,EDISON,NJ ,08837,USA,www.moderngroup.com,800-779-5116,"Sales,Service,Up To 2MW,Mobile/Diesel/Gas,"
10596,Industrial/Commercial Sales & Service,00010000931002,"EMERGENCY POWER SYSTEMS, LLC", 35 HAMILTON LANE,,GLENMONT,NY ,12077,USA,,800-914-1465,"Service,Up To 2MW,Mobile/Diesel/Gas,"
10596,Industrial/Commercial Sales & Service,00010000931002,"EMERGENCY POWER SYSTEMS, LLC", 35 HAMILTON LANE,,GLENMONT,NY ,12077,USA,,800-914-1465,"Service,"
10596,Industrial/Commercial Sales & Service,00010208021002,Modern Group Power Systems, 6352 Chapmans Rd,,Allentown,PA ,18106,USA,,800-404-7291,"Sales,Service,Up To 2MW,Mobile/Diesel/Gas,"
10596,Industrial/Commercial Sales & Service,00010208021002,Modern Group Power Systems, 295 New Commerce Blvd.,,Wilkes Barre,PA ,18706,USA,,800-404-7291,"Sales,Service,Up To 2MW,Mobile/Diesel/Gas,"
10596,Industrial/Commercial Sales & Service,00010208021002,Modern Group Power Systems, 200 Allied Parkway,,West Berlin,NJ ,08091,USA,,800-404-7291,"Sales,Service,Up To 2MW,Mobile/Diesel/Gas,"
10596,Industrial/Commercial Sales & Service,00010208021002,Modern Group Power Systems, 66A South Gate Blvd.,,New Castle,DE ,19720,USA,,800-404-7291,"Sales,Service,Up To 2MW,Mobile/Diesel/Gas,"
10596,Industrial/Commercial Sales & Service,00010001731002,AUTHORIZED SERVICES OF NEW ENGLAND, 410 FOREST STREET,,MARLBOROUGH,MA ,01752,USA,,888-890-9886,"Sales,"
10596,Industrial/Commercial Sales & Service,00010208021002,Modern Group Power Systems, 3480 Board Road,,York,PA ,17402,USA,,800-404-7291,"Sales,Service,Up To 2MW,Mobile/Diesel/Gas,"
10596,Industrial/Commercial Sales & Service,00010134071002,PEAK POWER SYSTEMS, 99 SPRAGUE AVENUE,,MIDDLETOWN,NY ,10940,USA,www.peakpowersystems.com,845-344-1975,"Sales,Service,Up To 600kW,Mobile/Diesel/Gas,Rental,"
10596,Industrial/Commercial Sales & Service,00010001761002,"GENSERVE, INC.", 100 NEWTOWN RD,,PLAINVIEW,NY ,11803,USA,www.genserveinc.com,631-435-0437,"Service,"
10596,Industrial/Commercial Sales & Service,00111209531002,HUNTINGTON POWER - LONG ISLAND, PO BOX 2040,,SHELTON,CT ,06484,USA,,631-586-7513,"Sales,"
10596,Industrial/Commercial Sales & Service,00111209521002,LONG ISLAND EMERGENCY POWER -QO, 2 Ocean Avenue,,DEER PARK,NY ,11729,USA,,631-586-7513,"Sales,"
10596,Industrial/Commercial Sales & Service,00010139211002,POWERPRO SERVICE CO. INC., 608 JOHNSON AVE. UNIT 6,,BOHEMIA,NY ,11716,USA,,631-567-2700,"Sales,Service,Up To 600kW,Mobile/Diesel/Gas,"
10596,Industrial/Commercial Sales & Service,00010001761002,"GENSERVE, INC.", 115A TWINBRIDGE DR.,,PENNSAUKEN,NJ ,08110,USA,www.genserveinc.com,856-324-0459,"Service,"
10596,Industrial/Commercial Sales & Service,00010001621002,BROOKFIELD SERVICE, 708 GLEBE ROAD,,WESTMORELAND,NH ,03467,USA,www.brookfieldservice.com,802-485-6567,"Service,Up To 600kW,Mobile/Diesel/Gas,"
10596,Industrial/Commercial Sales & Service,00111184131002,HUNTER & LOMISON, 1956 W FOURTH ST,,WILLIAMSPORT,PA ,17701,USA,www.hunterlomison.com,570-326-1764,"Sales,Service,Up To 600kW,Mobile/Diesel/Gas,Rental,"
10596,Industrial/Commercial Sales & Service,00010000881002,HUNTER & LOMISON INC., 1956 W. 4TH STREET,,WILLIAMSPORT,PA ,17701,USA,www.hunterlomison.com,570-326-1764,"Service,Up To 600kW,Mobile/Diesel/Gas,"
10596,Industrial/Commercial Sales & Service,00010021101002,SOUTH SHORE GENERATOR INC-Quote, 2696A CRANBERRY HWY,,WAREHAM,MA ,02571,USA,,508-295-7336,"Sales,Service,Up To 600kW,Mobile/Diesel/Gas,"
10596,Industrial/Commercial Sales & Service,00010001701002,SOUTH SHORE GENERATOR INC, ,,EAST WAREHAM,MA ,02538,USA,,508-295-7336,"Financing,Sales,Service,Up To 600kW,Mobile/Diesel/Gas,"
10596,Industrial/Commercial Sales & Service,00111207431002,WARSHAUER ELECTRIC SUPPLY CO INC, 800 SHREWSBURY AVE,,TINTON FALLS,NJ ,07724,USA,www.warshauer.com,732-741-6400,"Service,"
10596,Industrial/Commercial Sales & Service,00010157021002,Mechanical Service Co, 1145 Oak St.,,Pittston,PA ,18640,USA,,570-654-2445,"Service,"
10597,Industrial/Commercial Sales & Service,00010214161002,"R.L. Kistler, Inc", 300 Mile Crossing Blvd.,,Rochester,NY ,14624,USA,rlkistler.com,585-436-1940,"Sales,"
10597,Industrial/Commercial Sales & Service,00010001611002,Huntington Power, 230 Long Hill Cross Rd,,Shelton,CT ,06484,USA,www.huntingtonpower.com,203-929-3203,"Sales,Service,Up To 2MW,Mobile/Diesel/Gas,Training,Rental,"
10597,Industrial/Commercial Sales & Service,00010214161002,"R.L. KISTLER, INC.", 35 HAMILTON LANE,,GLENMONT,NY ,12077,USA,,585-436-1940,"Sales,Service,"
10597,Industrial/Commercial Sales & Service,00010214161002,"R.L. Kistler, Inc", 5615 Business Ave.,,N. Syracuse,NY ,13208,USA,,315-458-2875,"Sales,"
10597,Industrial/Commercial Sales & Service,00010001611002,Huntington Power, 68 Enter Ln,,Islandia,NY ,11749,USA,,631-563-4943,"Sales,Service,Up To 2MW,Mobile/Diesel/Gas,"
10597,Industrial/Commercial Sales & Service,00010001611002,Huntington Power, 34 E DUDLEY TOWN RD.,,BLOOMFIELD,CT ,06002,USA,,860-289-8790,"Sales,Service,Rental,"
10597,Industrial/Commercial Sales & Service,00010214161002,"R.L. Kistler, Inc", 5615 Business Ave.,,N. Syracuse,NY ,13208,USA,,315-458-2875,"Sales,"
10597,Industrial/Commercial Sales & Service,00010208021002,Modern Group Power Systems, 2501 Durham Road,,Bristol,PA ,19007,USA,www.moderngroup.com,800-404-7291,"Sales,Service,Up To 2MW,Mobile/Diesel/Gas,Training,Rental,"
10597,Industrial/Commercial Sales & Service,00010001731002,Authorized Services Of New England, 410 Forest Street,,Marlborough,MA ,01752,USA,www.asne.com,888-890-9886,"Financing,Sales,Service,Up To 2MW,Mobile/Diesel/Gas,Training,Rental,"
10597,Industrial/Commercial Sales & Service,00010008091002,MODERN HANDLING EQUIP, 75 NEW STREET,,EDISON,NJ ,08837,USA,www.moderngroup.com,800-779-5116,"Sales,Service,Up To 2MW,Mobile/Diesel/Gas,"
10597,Industrial/Commercial Sales & Service,00010000931002,"EMERGENCY POWER SYSTEMS, LLC", 35 HAMILTON LANE,,GLENMONT,NY ,12077,USA,,800-914-1465,"Service,Up To 2MW,Mobile/Diesel/Gas,"
10597,Industrial/Commercial Sales & Service,00010000931002,"EMERGENCY POWER SYSTEMS, LLC", 35 HAMILTON LANE,,GLENMONT,NY ,12077,USA,,800-914-1465,"Service,"
10597,Industrial/Commercial Sales & Service,00010208021002,Modern Group Power Systems, 6352 Chapmans Rd,,Allentown,PA ,18106,USA,,800-404-7291,"Sales,Service,Up To 2MW,Mobile/Diesel/Gas,"
10597,Industrial/Commercial Sales & Service,00010208021002,Modern Group Power Systems, 295 New Commerce Blvd.,,Wilkes Barre,PA ,18706,USA,,800-404-7291,"Sales,Service,Up To 2MW,Mobile/Diesel/Gas,"
10597,Industrial/Commercial Sales & Service,00010208021002,Modern Group Power Systems, 200 Allied Parkway,,West Berlin,NJ ,08091,USA,,800-404-7291,"Sales,Service,Up To 2MW,Mobile/Diesel/Gas,"
10597,Industrial/Commercial Sales & Service,00010001731002,AUTHORIZED SERVICES OF NEW ENGLAND, 410 FOREST STREET,,MARLBOROUGH,MA ,01752,USA,,888-890-9886,"Sales,"
10597,Industrial/Commercial Sales & Service,00010208021002,Modern Group Power Systems, 66A South Gate Blvd.,,New Castle,DE ,19720,USA,,800-404-7291,"Sales,Service,Up To 2MW,Mobile/Diesel/Gas,"
10597,Industrial/Commercial Sales & Service,00010208021002,Modern Group Power Systems, 3480 Board Road,,York,PA ,17402,USA,,800-404-7291,"Sales,Service,Up To 2MW,Mobile/Diesel/Gas,"
10597,Industrial/Commercial Sales & Service,00111209531002,HUNTINGTON POWER - LONG ISLAND, PO BOX 2040,,SHELTON,CT ,06484,USA,,631-586-7513,"Sales,"
10597,Industrial/Commercial Sales & Service,00010001761002,"GENSERVE, INC.", 100 NEWTOWN RD,,PLAINVIEW,NY ,11803,USA,www.genserveinc.com,631-435-0437,"Service,"
10597,Industrial/Commercial Sales & Service,00111209521002,LONG ISLAND EMERGENCY POWER -QO, 2 Ocean Avenue,,DEER PARK,NY ,11729,USA,,631-586-7513,"Sales,"
10597,Industrial/Commercial Sales & Service,00010134071002,PEAK POWER SYSTEMS, 99 SPRAGUE AVENUE,,MIDDLETOWN,NY ,10940,USA,www.peakpowersystems.com,845-344-1975,"Sales,Service,Up To 600kW,Mobile/Diesel/Gas,Rental,"
10597,Industrial/Commercial Sales & Service,00010139211002,POWERPRO SERVICE CO. INC., 608 JOHNSON AVE. UNIT 6,,BOHEMIA,NY ,11716,USA,,631-567-2700,"Sales,Service,Up To 600kW,Mobile/Diesel/Gas,"
10597,Industrial/Commercial Sales & Service,00010001761002,"GENSERVE, INC.", 115A TWINBRIDGE DR.,,PENNSAUKEN,NJ ,08110,USA,www.genserveinc.com,856-324-0459,"Service,"
10597,Industrial/Commercial Sales & Service,00010001621002,BROOKFIELD SERVICE, 708 GLEBE ROAD,,WESTMORELAND,NH ,03467,USA,www.brookfieldservice.com,802-485-6567,"Service,Up To 600kW,Mobile/Diesel/Gas,"
10597,Industrial/Commercial Sales & Service,00010021101002,SOUTH SHORE GENERATOR INC-Quote, 2696A CRANBERRY HWY,,WAREHAM,MA ,02571,USA,,508-295-7336,"Sales,Service,Up To 600kW,Mobile/Diesel/Gas,"
10597,Industrial/Commercial Sales & Service,00010001701002,SOUTH SHORE GENERATOR INC, ,,EAST WAREHAM,MA ,02538,USA,,508-295-7336,"Financing,Sales,Service,Up To 600kW,Mobile/Diesel/Gas,"
10597,Industrial/Commercial Sales & Service,00111184131002,HUNTER & LOMISON, 1956 W FOURTH ST,,WILLIAMSPORT,PA ,17701,USA,www.hunterlomison.com,570-326-1764,"Sales,Service,Up To 600kW,Mobile/Diesel/Gas,Rental,"
10597,Industrial/Commercial Sales & Service,00010000881002,HUNTER & LOMISON INC., 1956 W. 4TH STREET,,WILLIAMSPORT,PA ,17701,USA,www.hunterlomison.com,570-326-1764,"Service,Up To 600kW,Mobile/Diesel/Gas,"
10597,Industrial/Commercial Sales & Service,00111207431002,WARSHAUER ELECTRIC SUPPLY CO INC, 800 SHREWSBURY AVE,,TINTON FALLS,NJ ,07724,USA,www.warshauer.com,732-741-6400,"Service,"
10597,Industrial/Commercial Sales & Service,00010157021002,Mechanical Service Co, 1145 Oak St.,,Pittston,PA ,18640,USA,,570-654-2445,"Service,"
10598,Industrial/Commercial Sales & Service,00010214161002,"R.L. Kistler, Inc", 300 Mile Crossing Blvd.,,Rochester,NY ,14624,USA,rlkistler.com,585-436-1940,"Sales,"
10598,Industrial/Commercial Sales & Service,00010001611002,Huntington Power, 230 Long Hill Cross Rd,,Shelton,CT ,06484,USA,www.huntingtonpower.com,203-929-3203,"Sales,Service,Up To 2MW,Mobile/Diesel/Gas,Training,Rental,"
10598,Industrial/Commercial Sales & Service,00010214161002,"R.L. KISTLER, INC.", 35 HAMILTON LANE,,GLENMONT,NY ,12077,USA,,585-436-1940,"Sales,Service,"
10598,Industrial/Commercial Sales & Service,00010214161002,"R.L. Kistler, Inc", 5615 Business Ave.,,N. Syracuse,NY ,13208,USA,,315-458-2875,"Sales,"
10598,Industrial/Commercial Sales & Service,00010001611002,Huntington Power, 68 Enter Ln,,Islandia,NY ,11749,USA,,631-563-4943,"Sales,Service,Up To 2MW,Mobile/Diesel/Gas,"
10598,Industrial/Commercial Sales & Service,00010001611002,Huntington Power, 34 E DUDLEY TOWN RD.,,BLOOMFIELD,CT ,06002,USA,,860-289-8790,"Sales,Service,Rental,"
10598,Industrial/Commercial Sales & Service,00010214161002,"R.L. Kistler, Inc", 5615 Business Ave.,,N. Syracuse,NY ,13208,USA,,315-458-2875,"Sales,"
10598,Industrial/Commercial Sales & Service,00010208021002,Modern Group Power Systems, 2501 Durham Road,,Bristol,PA ,19007,USA,www.moderngroup.com,800-404-7291,"Sales,Service,Up To 2MW,Mobile/Diesel/Gas,Training,Rental,"
10598,Industrial/Commercial Sales & Service,00010001731002,Authorized Services Of New England, 410 Forest Street,,Marlborough,MA ,01752,USA,www.asne.com,888-890-9886,"Financing,Sales,Service,Up To 2MW,Mobile/Diesel/Gas,Training,Rental,"
10598,Industrial/Commercial Sales & Service,00010008091002,MODERN HANDLING EQUIP, 75 NEW STREET,,EDISON,NJ ,08837,USA,www.moderngroup.com,800-779-5116,"Sales,Service,Up To 2MW,Mobile/Diesel/Gas,"
10598,Industrial/Commercial Sales & Service,00010000931002,"EMERGENCY POWER SYSTEMS, LLC", 35 HAMILTON LANE,,GLENMONT,NY ,12077,USA,,800-914-1465,"Service,Up To 2MW,Mobile/Diesel/Gas,"
10598,Industrial/Commercial Sales & Service,00010000931002,"EMERGENCY POWER SYSTEMS, LLC", 35 HAMILTON LANE,,GLENMONT,NY ,12077,USA,,800-914-1465,"Service,"
10598,Industrial/Commercial Sales & Service,00010208021002,Modern Group Power Systems, 6352 Chapmans Rd,,Allentown,PA ,18106,USA,,800-404-7291,"Sales,Service,Up To 2MW,Mobile/Diesel/Gas,"
10598,Industrial/Commercial Sales & Service,00010208021002,Modern Group Power Systems, 295 New Commerce Blvd.,,Wilkes Barre,PA ,18706,USA,,800-404-7291,"Sales,Service,Up To 2MW,Mobile/Diesel/Gas,"
10598,Industrial/Commercial Sales & Service,00010208021002,Modern Group Power Systems, 200 Allied Parkway,,West Berlin,NJ ,08091,USA,,800-404-7291,"Sales,Service,Up To 2MW,Mobile/Diesel/Gas,"
10598,Industrial/Commercial Sales & Service,00010001731002,AUTHORIZED SERVICES OF NEW ENGLAND, 410 FOREST STREET,,MARLBOROUGH,MA ,01752,USA,,888-890-9886,"Sales,"
10598,Industrial/Commercial Sales & Service,00010208021002,Modern Group Power Systems, 66A South Gate Blvd.,,New Castle,DE ,19720,USA,,800-404-7291,"Sales,Service,Up To 2MW,Mobile/Diesel/Gas,"
10598,Industrial/Commercial Sales & Service,00010208021002,Modern Group Power Systems, 3480 Board Road,,York,PA ,17402,USA,,800-404-7291,"Sales,Service,Up To 2MW,Mobile/Diesel/Gas,"
10598,Industrial/Commercial Sales & Service,00010134071002,PEAK POWER SYSTEMS, 99 SPRAGUE AVENUE,,MIDDLETOWN,NY ,10940,USA,www.peakpowersystems.com,845-344-1975,"Sales,Service,Up To 600kW,Mobile/Diesel/Gas,Rental,"
10598,Industrial/Commercial Sales & Service,00111209531002,HUNTINGTON POWER - LONG ISLAND, PO BOX 2040,,SHELTON,CT ,06484,USA,,631-586-7513,"Sales,"
10598,Industrial/Commercial Sales & Service,00010001761002,"GENSERVE, INC.", 100 NEWTOWN RD,,PLAINVIEW,NY ,11803,USA,www.genserveinc.com,631-435-0437,"Service,"
10598,Industrial/Commercial Sales & Service,00111209521002,LONG ISLAND EMERGENCY POWER -QO, 2 Ocean Avenue,,DEER PARK,NY ,11729,USA,,631-586-7513,"Sales,"
10598,Industrial/Commercial Sales & Service,00010139211002,POWERPRO SERVICE CO. INC., 608 JOHNSON AVE. UNIT 6,,BOHEMIA,NY ,11716,USA,,631-567-2700,"Sales,Service,Up To 600kW,Mobile/Diesel/Gas,"
10598,Industrial/Commercial Sales & Service,00010001761002,"GENSERVE, INC.", 115A TWINBRIDGE DR.,,PENNSAUKEN,NJ ,08110,USA,www.genserveinc.com,856-324-0459,"Service,"
10598,Industrial/Commercial Sales & Service,00010001621002,BROOKFIELD SERVICE, 708 GLEBE ROAD,,WESTMORELAND,NH ,03467,USA,www.brookfieldservice.com,802-485-6567,"Service,Up To 600kW,Mobile/Diesel/Gas,"
10598,Industrial/Commercial Sales & Service,00010021101002,SOUTH SHORE GENERATOR INC-Quote, 2696A CRANBERRY HWY,,WAREHAM,MA ,02571,USA,,508-295-7336,"Sales,Service,Up To 600kW,Mobile/Diesel/Gas,"
10598,Industrial/Commercial Sales & Service,00010001701002,SOUTH SHORE GENERATOR INC, ,,EAST WAREHAM,MA ,02538,USA,,508-295-7336,"Financing,Sales,Service,Up To 600kW,Mobile/Diesel/Gas,"
10598,Industrial/Commercial Sales & Service,00111184131002,HUNTER & LOMISON, 1956 W FOURTH ST,,WILLIAMSPORT,PA ,17701,USA,www.hunterlomison.com,570-326-1764,"Sales,Service,Up To 600kW,Mobile/Diesel/Gas,Rental,"
10598,Industrial/Commercial Sales & Service,00010000881002,HUNTER & LOMISON INC., 1956 W. 4TH STREET,,WILLIAMSPORT,PA ,17701,USA,www.hunterlomison.com,570-326-1764,"Service,Up To 600kW,Mobile/Diesel/Gas,"
10598,Industrial/Commercial Sales & Service,00111207431002,WARSHAUER ELECTRIC SUPPLY CO INC, 800 SHREWSBURY AVE,,TINTON FALLS,NJ ,07724,USA,www.warshauer.com,732-741-6400,"Service,"
10598,Industrial/Commercial Sales & Service,00010157021002,Mechanical Service Co, 1145 Oak St.,,Pittston,PA ,18640,USA,,570-654-2445,"Service,"
10601,Industrial/Commercial Sales & Service,00010214161002,"R.L. KISTLER, INC.", 35 HAMILTON LANE,,GLENMONT,NY ,12077,USA,,585-436-1940,"Sales,Service,"
10601,Industrial/Commercial Sales & Service,00010214161002,"R.L. Kistler, Inc", 300 Mile Crossing Blvd.,,Rochester,NY ,14624,USA,rlkistler.com,585-436-1940,"Sales,"
10601,Industrial/Commercial Sales & Service,00010001611002,Huntington Power, 230 Long Hill Cross Rd,,Shelton,CT ,06484,USA,www.huntingtonpower.com,203-929-3203,"Sales,Service,Up To 2MW,Mobile/Diesel/Gas,Training,Rental,"
10601,Industrial/Commercial Sales & Service,00010214161002,"R.L. Kistler, Inc", 5615 Business Ave.,,N. Syracuse,NY ,13208,USA,,315-458-2875,"Sales,"
10601,Industrial/Commercial Sales & Service,00010214161002,"R.L. Kistler, Inc", 5615 Business Ave.,,N. Syracuse,NY ,13208,USA,,315-458-2875,"Sales,"
10601,Industrial/Commercial Sales & Service,00010001611002,Huntington Power, 68 Enter Ln,,Islandia,NY ,11749,USA,,631-563-4943,"Sales,Service,Up To 2MW,Mobile/Diesel/Gas,"
10601,Industrial/Commercial Sales & Service,00010001611002,Huntington Power, 34 E DUDLEY TOWN RD.,,BLOOMFIELD,CT ,06002,USA,,860-289-8790,"Sales,Service,Rental,"
10601,Industrial/Commercial Sales & Service,00010208021002,Modern Group Power Systems, 2501 Durham Road,,Bristol,PA ,19007,USA,www.moderngroup.com,800-404-7291,"Sales,Service,Up To 2MW,Mobile/Diesel/Gas,Training,Rental,"
10601,Industrial/Commercial Sales & Service,00010001731002,Authorized Services Of New England, 410 Forest Street,,Marlborough,MA ,01752,USA,www.asne.com,888-890-9886,"Financing,Sales,Service,Up To 2MW,Mobile/Diesel/Gas,Training,Rental,"
10601,Industrial/Commercial Sales & Service,00010008091002,MODERN HANDLING EQUIP, 75 NEW STREET,,EDISON,NJ ,08837,USA,www.moderngroup.com,800-779-5116,"Sales,Service,Up To 2MW,Mobile/Diesel/Gas,"
10601,Industrial/Commercial Sales & Service,00010208021002,Modern Group Power Systems, 6352 Chapmans Rd,,Allentown,PA ,18106,USA,,800-404-7291,"Sales,Service,Up To 2MW,Mobile/Diesel/Gas,"
10601,Industrial/Commercial Sales & Service,00010208021002,Modern Group Power Systems, 200 Allied Parkway,,West Berlin,NJ ,08091,USA,,800-404-7291,"Sales,Service,Up To 2MW,Mobile/Diesel/Gas,"
10601,Industrial/Commercial Sales & Service,00010000931002,"EMERGENCY POWER SYSTEMS, LLC", 35 HAMILTON LANE,,GLENMONT,NY ,12077,USA,,800-914-1465,"Service,Up To 2MW,Mobile/Diesel/Gas,"
10601,Industrial/Commercial Sales & Service,00010000931002,"EMERGENCY POWER SYSTEMS, LLC", 35 HAMILTON LANE,,GLENMONT,NY ,12077,USA,,800-914-1465,"Service,"
10601,Industrial/Commercial Sales & Service,00010208021002,Modern Group Power Systems, 295 New Commerce Blvd.,,Wilkes Barre,PA ,18706,USA,,800-404-7291,"Sales,Service,Up To 2MW,Mobile/Diesel/Gas,"
10601,Industrial/Commercial Sales & Service,00010208021002,Modern Group Power Systems, 66A South Gate Blvd.,,New Castle,DE ,19720,USA,,800-404-7291,"Sales,Service,Up To 2MW,Mobile/Diesel/Gas,"
10601,Industrial/Commercial Sales & Service,00010001731002,AUTHORIZED SERVICES OF NEW ENGLAND, 410 FOREST STREET,,MARLBOROUGH,MA ,01752,USA,,888-890-9886,"Sales,"
10601,Industrial/Commercial Sales & Service,00010208021002,Modern Group Power Systems, 3480 Board Road,,York,PA ,17402,USA,,800-404-7291,"Sales,Service,Up To 2MW,Mobile/Diesel/Gas,"
10601,Industrial/Commercial Sales & Service,00010001761002,"GENSERVE, INC.", 100 NEWTOWN RD,,PLAINVIEW,NY ,11803,USA,www.genserveinc.com,631-435-0437,"Service,"
10601,Industrial/Commercial Sales & Service,00111209521002,LONG ISLAND EMERGENCY POWER -QO, 2 Ocean Avenue,,DEER PARK,NY ,11729,USA,,631-586-7513,"Sales,"
10601,Industrial/Commercial Sales & Service,00111209531002,HUNTINGTON POWER - LONG ISLAND, PO BOX 2040,,SHELTON,CT ,06484,USA,,631-586-7513,"Sales,"
10601,Industrial/Commercial Sales & Service,00010139211002,POWERPRO SERVICE CO. INC., 608 JOHNSON AVE. UNIT 6,,BOHEMIA,NY ,11716,USA,,631-567-2700,"Sales,Service,Up To 600kW,Mobile/Diesel/Gas,"
10601,Industrial/Commercial Sales & Service,00010134071002,PEAK POWER SYSTEMS, 99 SPRAGUE AVENUE,,MIDDLETOWN,NY ,10940,USA,www.peakpowersystems.com,845-344-1975,"Sales,Service,Up To 600kW,Mobile/Diesel/Gas,Rental,"
10601,Industrial/Commercial Sales & Service,00010001761002,"GENSERVE, INC.", 115A TWINBRIDGE DR.,,PENNSAUKEN,NJ ,08110,USA,www.genserveinc.com,856-324-0459,"Service,"
10601,Industrial/Commercial Sales & Service,00010001621002,BROOKFIELD SERVICE, 708 GLEBE ROAD,,WESTMORELAND,NH ,03467,USA,www.brookfieldservice.com,802-485-6567,"Service,Up To 600kW,Mobile/Diesel/Gas,"
10601,Industrial/Commercial Sales & Service,00010021101002,SOUTH SHORE GENERATOR INC-Quote, 2696A CRANBERRY HWY,,WAREHAM,MA ,02571,USA,,508-295-7336,"Sales,Service,Up To 600kW,Mobile/Diesel/Gas,"
10601,Industrial/Commercial Sales & Service,00010001701002,SOUTH SHORE GENERATOR INC, ,,EAST WAREHAM,MA ,02538,USA,,508-295-7336,"Financing,Sales,Service,Up To 600kW,Mobile/Diesel/Gas,"
10601,Industrial/Commercial Sales & Service,00111184131002,HUNTER & LOMISON, 1956 W FOURTH ST,,WILLIAMSPORT,PA ,17701,USA,www.hunterlomison.com,570-326-1764,"Sales,Service,Up To 600kW,Mobile/Diesel/Gas,Rental,"
10601,Industrial/Commercial Sales & Service,00010000881002,HUNTER & LOMISON INC., 1956 W. 4TH STREET,,WILLIAMSPORT,PA ,17701,USA,www.hunterlomison.com,570-326-1764,"Service,Up To 600kW,Mobile/Diesel/Gas,"
10601,Industrial/Commercial Sales & Service,00111207431002,WARSHAUER ELECTRIC SUPPLY CO INC, 800 SHREWSBURY AVE,,TINTON FALLS,NJ ,07724,USA,www.warshauer.com,732-741-6400,"Service,"
10601,Industrial/Commercial Sales & Service,00010157021002,Mechanical Service Co, 1145 Oak St.,,Pittston,PA ,18640,USA,,570-654-2445,"Service,"
10602,Industrial/Commercial Sales & Service,00010214161002,"R.L. Kistler, Inc", 300 Mile Crossing Blvd.,,Rochester,NY ,14624,USA,rlkistler.com,585-436-1940,"Sales,"
10602,Industrial/Commercial Sales & Service,00010214161002,"R.L. KISTLER, INC.", 35 HAMILTON LANE,,GLENMONT,NY ,12077,USA,,585-436-1940,"Sales,Service,"
10602,Industrial/Commercial Sales & Service,00010001611002,Huntington Power, 230 Long Hill Cross Rd,,Shelton,CT ,06484,USA,www.huntingtonpower.com,203-929-3203,"Sales,Service,Up To 2MW,Mobile/Diesel/Gas,Training,Rental,"
10602,Industrial/Commercial Sales & Service,00010214161002,"R.L. Kistler, Inc", 5615 Business Ave.,,N. Syracuse,NY ,13208,USA,,315-458-2875,"Sales,"
10602,Industrial/Commercial Sales & Service,00010214161002,"R.L. Kistler, Inc", 5615 Business Ave.,,N. Syracuse,NY ,13208,USA,,315-458-2875,"Sales,"
10602,Industrial/Commercial Sales & Service,00010001611002,Huntington Power, 68 Enter Ln,,Islandia,NY ,11749,USA,,631-563-4943,"Sales,Service,Up To 2MW,Mobile/Diesel/Gas,"
10602,Industrial/Commercial Sales & Service,00010001611002,Huntington Power, 34 E DUDLEY TOWN RD.,,BLOOMFIELD,CT ,06002,USA,,860-289-8790,"Sales,Service,Rental,"
10602,Industrial/Commercial Sales & Service,00010208021002,Modern Group Power Systems, 2501 Durham Road,,Bristol,PA ,19007,USA,www.moderngroup.com,800-404-7291,"Sales,Service,Up To 2MW,Mobile/Diesel/Gas,Training,Rental,"
10602,Industrial/Commercial Sales & Service,00010001731002,Authorized Services Of New England, 410 Forest Street,,Marlborough,MA ,01752,USA,www.asne.com,888-890-9886,"Financing,Sales,Service,Up To 2MW,Mobile/Diesel/Gas,Training,Rental,"
10602,Industrial/Commercial Sales & Service,00010008091002,MODERN HANDLING EQUIP, 75 NEW STREET,,EDISON,NJ ,08837,USA,www.moderngroup.com,800-779-5116,"Sales,Service,Up To 2MW,Mobile/Diesel/Gas,"
10602,Industrial/Commercial Sales & Service,00010208021002,Modern Group Power Systems, 6352 Chapmans Rd,,Allentown,PA ,18106,USA,,800-404-7291,"Sales,Service,Up To 2MW,Mobile/Diesel/Gas,"
10602,Industrial/Commercial Sales & Service,00010208021002,Modern Group Power Systems, 200 Allied Parkway,,West Berlin,NJ ,08091,USA,,800-404-7291,"Sales,Service,Up To 2MW,Mobile/Diesel/Gas,"
10602,Industrial/Commercial Sales & Service,00010000931002,"EMERGENCY POWER SYSTEMS, LLC", 35 HAMILTON LANE,,GLENMONT,NY ,12077,USA,,800-914-1465,"Service,Up To 2MW,Mobile/Diesel/Gas,"
10602,Industrial/Commercial Sales & Service,00010000931002,"EMERGENCY POWER SYSTEMS, LLC", 35 HAMILTON LANE,,GLENMONT,NY ,12077,USA,,800-914-1465,"Service,"
10602,Industrial/Commercial Sales & Service,00010208021002,Modern Group Power Systems, 295 New Commerce Blvd.,,Wilkes Barre,PA ,18706,USA,,800-404-7291,"Sales,Service,Up To 2MW,Mobile/Diesel/Gas,"
10602,Industrial/Commercial Sales & Service,00010208021002,Modern Group Power Systems, 66A South Gate Blvd.,,New Castle,DE ,19720,USA,,800-404-7291,"Sales,Service,Up To 2MW,Mobile/Diesel/Gas,"
10602,Industrial/Commercial Sales & Service,00010001731002,AUTHORIZED SERVICES OF NEW ENGLAND, 410 FOREST STREET,,MARLBOROUGH,MA ,01752,USA,,888-890-9886,"Sales,"
10602,Industrial/Commercial Sales & Service,00010208021002,Modern Group Power Systems, 3480 Board Road,,York,PA ,17402,USA,,800-404-7291,"Sales,Service,Up To 2MW,Mobile/Diesel/Gas,"
10602,Industrial/Commercial Sales & Service,00010001761002,"GENSERVE, INC.", 100 NEWTOWN RD,,PLAINVIEW,NY ,11803,USA,www.genserveinc.com,631-435-0437,"Service,"
10602,Industrial/Commercial Sales & Service,00111209521002,LONG ISLAND EMERGENCY POWER -QO, 2 Ocean Avenue,,DEER PARK,NY ,11729,USA,,631-586-7513,"Sales,"
10602,Industrial/Commercial Sales & Service,00111209531002,HUNTINGTON POWER - LONG ISLAND, PO BOX 2040,,SHELTON,CT ,06484,USA,,631-586-7513,"Sales,"
10602,Industrial/Commercial Sales & Service,00010139211002,POWERPRO SERVICE CO. INC., 608 JOHNSON AVE. UNIT 6,,BOHEMIA,NY ,11716,USA,,631-567-2700,"Sales,Service,Up To 600kW,Mobile/Diesel/Gas,"
10602,Industrial/Commercial Sales & Service,00010134071002,PEAK POWER SYSTEMS, 99 SPRAGUE AVENUE,,MIDDLETOWN,NY ,10940,USA,www.peakpowersystems.com,845-344-1975,"Sales,Service,Up To 600kW,Mobile/Diesel/Gas,Rental,"
10602,Industrial/Commercial Sales & Service,00010001761002,"GENSERVE, INC.", 115A TWINBRIDGE DR.,,PENNSAUKEN,NJ ,08110,USA,www.genserveinc.com,856-324-0459,"Service,"
10602,Industrial/Commercial Sales & Service,00010001621002,BROOKFIELD SERVICE, 708 GLEBE ROAD,,WESTMORELAND,NH ,03467,USA,www.brookfieldservice.com,802-485-6567,"Service,Up To 600kW,Mobile/Diesel/Gas,"
10602,Industrial/Commercial Sales & Service,00010021101002,SOUTH SHORE GENERATOR INC-Quote, 2696A CRANBERRY HWY,,WAREHAM,MA ,02571,USA,,508-295-7336,"Sales,Service,Up To 600kW,Mobile/Diesel/Gas,"
10602,Industrial/Commercial Sales & Service,00010001701002,SOUTH SHORE GENERATOR INC, ,,EAST WAREHAM,MA ,02538,USA,,508-295-7336,"Financing,Sales,Service,Up To 600kW,Mobile/Diesel/Gas,"
10602,Industrial/Commercial Sales & Service,00111184131002,HUNTER & LOMISON, 1956 W FOURTH ST,,WILLIAMSPORT,PA ,17701,USA,www.hunterlomison.com,570-326-1764,"Sales,Service,Up To 600kW,Mobile/Diesel/Gas,Rental,"
10602,Industrial/Commercial Sales & Service,00010000881002,HUNTER & LOMISON INC., 1956 W. 4TH STREET,,WILLIAMSPORT,PA ,17701,USA,www.hunterlomison.com,570-326-1764,"Service,Up To 600kW,Mobile/Diesel/Gas,"
10602,Industrial/Commercial Sales & Service,00111207431002,WARSHAUER ELECTRIC SUPPLY CO INC, 800 SHREWSBURY AVE,,TINTON FALLS,NJ ,07724,USA,www.warshauer.com,732-741-6400,"Service,"
10602,Industrial/Commercial Sales & Service,00010157021002,Mechanical Service Co, 1145 Oak St.,,Pittston,PA ,18640,USA,,570-654-2445,"Service,"
10603,Industrial/Commercial Sales & Service,00010214161002,"R.L. KISTLER, INC.", 35 HAMILTON LANE,,GLENMONT,NY ,12077,USA,,585-436-1940,"Sales,Service,"
10603,Industrial/Commercial Sales & Service,00010001611002,Huntington Power, 230 Long Hill Cross Rd,,Shelton,CT ,06484,USA,www.huntingtonpower.com,203-929-3203,"Sales,Service,Up To 2MW,Mobile/Diesel/Gas,Training,Rental,"
10603,Industrial/Commercial Sales & Service,00010214161002,"R.L. Kistler, Inc", 300 Mile Crossing Blvd.,,Rochester,NY ,14624,USA,rlkistler.com,585-436-1940,"Sales,"
10603,Industrial/Commercial Sales & Service,00010214161002,"R.L. Kistler, Inc", 5615 Business Ave.,,N. Syracuse,NY ,13208,USA,,315-458-2875,"Sales,"
10603,Industrial/Commercial Sales & Service,00010001611002,Huntington Power, 68 Enter Ln,,Islandia,NY ,11749,USA,,631-563-4943,"Sales,Service,Up To 2MW,Mobile/Diesel/Gas,"
10603,Industrial/Commercial Sales & Service,00010001611002,Huntington Power, 34 E DUDLEY TOWN RD.,,BLOOMFIELD,CT ,06002,USA,,860-289-8790,"Sales,Service,Rental,"
10603,Industrial/Commercial Sales & Service,00010214161002,"R.L. Kistler, Inc", 5615 Business Ave.,,N. Syracuse,NY ,13208,USA,,315-458-2875,"Sales,"
10603,Industrial/Commercial Sales & Service,00010208021002,Modern Group Power Systems, 2501 Durham Road,,Bristol,PA ,19007,USA,www.moderngroup.com,800-404-7291,"Sales,Service,Up To 2MW,Mobile/Diesel/Gas,Training,Rental,"
10603,Industrial/Commercial Sales & Service,00010001731002,Authorized Services Of New England, 410 Forest Street,,Marlborough,MA ,01752,USA,www.asne.com,888-890-9886,"Financing,Sales,Service,Up To 2MW,Mobile/Diesel/Gas,Training,Rental,"
10603,Industrial/Commercial Sales & Service,00010008091002,MODERN HANDLING EQUIP, 75 NEW STREET,,EDISON,NJ ,08837,USA,www.moderngroup.com,800-779-5116,"Sales,Service,Up To 2MW,Mobile/Diesel/Gas,"
10603,Industrial/Commercial Sales & Service,00010208021002,Modern Group Power Systems, 6352 Chapmans Rd,,Allentown,PA ,18106,USA,,800-404-7291,"Sales,Service,Up To 2MW,Mobile/Diesel/Gas,"
10603,Industrial/Commercial Sales & Service,00010000931002,"EMERGENCY POWER SYSTEMS, LLC", 35 HAMILTON LANE,,GLENMONT,NY ,12077,USA,,800-914-1465,"Service,Up To 2MW,Mobile/Diesel/Gas,"
10603,Industrial/Commercial Sales & Service,00010000931002,"EMERGENCY POWER SYSTEMS, LLC", 35 HAMILTON LANE,,GLENMONT,NY ,12077,USA,,800-914-1465,"Service,"
10603,Industrial/Commercial Sales & Service,00010208021002,Modern Group Power Systems, 200 Allied Parkway,,West Berlin,NJ ,08091,USA,,800-404-7291,"Sales,Service,Up To 2MW,Mobile/Diesel/Gas,"
10603,Industrial/Commercial Sales & Service,00010208021002,Modern Group Power Systems, 295 New Commerce Blvd.,,Wilkes Barre,PA ,18706,USA,,800-404-7291,"Sales,Service,Up To 2MW,Mobile/Diesel/Gas,"
10603,Industrial/Commercial Sales & Service,00010208021002,Modern Group Power Systems, 66A South Gate Blvd.,,New Castle,DE ,19720,USA,,800-404-7291,"Sales,Service,Up To 2MW,Mobile/Diesel/Gas,"
10603,Industrial/Commercial Sales & Service,00010001731002,AUTHORIZED SERVICES OF NEW ENGLAND, 410 FOREST STREET,,MARLBOROUGH,MA ,01752,USA,,888-890-9886,"Sales,"
10603,Industrial/Commercial Sales & Service,00010208021002,Modern Group Power Systems, 3480 Board Road,,York,PA ,17402,USA,,800-404-7291,"Sales,Service,Up To 2MW,Mobile/Diesel/Gas,"
10603,Industrial/Commercial Sales & Service,00010001761002,"GENSERVE, INC.", 100 NEWTOWN RD,,PLAINVIEW,NY ,11803,USA,www.genserveinc.com,631-435-0437,"Service,"
10603,Industrial/Commercial Sales & Service,00111209521002,LONG ISLAND EMERGENCY POWER -QO, 2 Ocean Avenue,,DEER PARK,NY ,11729,USA,,631-586-7513,"Sales,"
10603,Industrial/Commercial Sales & Service,00111209531002,HUNTINGTON POWER - LONG ISLAND, PO BOX 2040,,SHELTON,CT ,06484,USA,,631-586-7513,"Sales,"
10603,Industrial/Commercial Sales & Service,00010139211002,POWERPRO SERVICE CO. INC., 608 JOHNSON AVE. UNIT 6,,BOHEMIA,NY ,11716,USA,,631-567-2700,"Sales,Service,Up To 600kW,Mobile/Diesel/Gas,"
10603,Industrial/Commercial Sales & Service,00010134071002,PEAK POWER SYSTEMS, 99 SPRAGUE AVENUE,,MIDDLETOWN,NY ,10940,USA,www.peakpowersystems.com,845-344-1975,"Sales,Service,Up To 600kW,Mobile/Diesel/Gas,Rental,"
10603,Industrial/Commercial Sales & Service,00010001761002,"GENSERVE, INC.", 115A TWINBRIDGE DR.,,PENNSAUKEN,NJ ,08110,USA,www.genserveinc.com,856-324-0459,"Service,"
10603,Industrial/Commercial Sales & Service,00010001621002,BROOKFIELD SERVICE, 708 GLEBE ROAD,,WESTMORELAND,NH ,03467,USA,www.brookfieldservice.com,802-485-6567,"Service,Up To 600kW,Mobile/Diesel/Gas,"
10603,Industrial/Commercial Sales & Service,00010021101002,SOUTH SHORE GENERATOR INC-Quote, 2696A CRANBERRY HWY,,WAREHAM,MA ,02571,USA,,508-295-7336,"Sales,Service,Up To 600kW,Mobile/Diesel/Gas,"
10603,Industrial/Commercial Sales & Service,00010001701002,SOUTH SHORE GENERATOR INC, ,,EAST WAREHAM,MA ,02538,USA,,508-295-7336,"Financing,Sales,Service,Up To 600kW,Mobile/Diesel/Gas,"
10603,Industrial/Commercial Sales & Service,00111184131002,HUNTER & LOMISON, 1956 W FOURTH ST,,WILLIAMSPORT,PA ,17701,USA,www.hunterlomison.com,570-326-1764,"Sales,Service,Up To 600kW,Mobile/Diesel/Gas,Rental,"
10603,Industrial/Commercial Sales & Service,00010000881002,HUNTER & LOMISON INC., 1956 W. 4TH STREET,,WILLIAMSPORT,PA ,17701,USA,www.hunterlomison.com,570-326-1764,"Service,Up To 600kW,Mobile/Diesel/Gas,"
10603,Industrial/Commercial Sales & Service,00111207431002,WARSHAUER ELECTRIC SUPPLY CO INC, 800 SHREWSBURY AVE,,TINTON FALLS,NJ ,07724,USA,www.warshauer.com,732-741-6400,"Service,"
10603,Industrial/Commercial Sales & Service,00010157021002,Mechanical Service Co, 1145 Oak St.,,Pittston,PA ,18640,USA,,570-654-2445,"Service,"
10604,Industrial/Commercial Sales & Service,00010214161002,"R.L. Kistler, Inc", 300 Mile Crossing Blvd.,,Rochester,NY ,14624,USA,rlkistler.com,585-436-1940,"Sales,"
10604,Industrial/Commercial Sales & Service,00010001611002,Huntington Power, 230 Long Hill Cross Rd,,Shelton,CT ,06484,USA,www.huntingtonpower.com,203-929-3203,"Sales,Service,Up To 2MW,Mobile/Diesel/Gas,Training,Rental,"
10604,Industrial/Commercial Sales & Service,00010214161002,"R.L. KISTLER, INC.", 35 HAMILTON LANE,,GLENMONT,NY ,12077,USA,,585-436-1940,"Sales,Service,"
10604,Industrial/Commercial Sales & Service,00010214161002,"R.L. Kistler, Inc", 5615 Business Ave.,,N. Syracuse,NY ,13208,USA,,315-458-2875,"Sales,"
10604,Industrial/Commercial Sales & Service,00010001611002,Huntington Power, 68 Enter Ln,,Islandia,NY ,11749,USA,,631-563-4943,"Sales,Service,Up To 2MW,Mobile/Diesel/Gas,"
10604,Industrial/Commercial Sales & Service,00010001611002,Huntington Power, 34 E DUDLEY TOWN RD.,,BLOOMFIELD,CT ,06002,USA,,860-289-8790,"Sales,Service,Rental,"
10604,Industrial/Commercial Sales & Service,00010214161002,"R.L. Kistler, Inc", 5615 Business Ave.,,N. Syracuse,NY ,13208,USA,,315-458-2875,"Sales,"
10604,Industrial/Commercial Sales & Service,00010208021002,Modern Group Power Systems, 2501 Durham Road,,Bristol,PA ,19007,USA,www.moderngroup.com,800-404-7291,"Sales,Service,Up To 2MW,Mobile/Diesel/Gas,Training,Rental,"
10604,Industrial/Commercial Sales & Service,00010001731002,Authorized Services Of New England, 410 Forest Street,,Marlborough,MA ,01752,USA,www.asne.com,888-890-9886,"Financing,Sales,Service,Up To 2MW,Mobile/Diesel/Gas,Training,Rental,"
10604,Industrial/Commercial Sales & Service,00010008091002,MODERN HANDLING EQUIP, 75 NEW STREET,,EDISON,NJ ,08837,USA,www.moderngroup.com,800-779-5116,"Sales,Service,Up To 2MW,Mobile/Diesel/Gas,"
10604,Industrial/Commercial Sales & Service,00010208021002,Modern Group Power Systems, 6352 Chapmans Rd,,Allentown,PA ,18106,USA,,800-404-7291,"Sales,Service,Up To 2MW,Mobile/Diesel/Gas,"
10604,Industrial/Commercial Sales & Service,00010208021002,Modern Group Power Systems, 200 Allied Parkway,,West Berlin,NJ ,08091,USA,,800-404-7291,"Sales,Service,Up To 2MW,Mobile/Diesel/Gas,"
10604,Industrial/Commercial Sales & Service,00010000931002,"EMERGENCY POWER SYSTEMS, LLC", 35 HAMILTON LANE,,GLENMONT,NY ,12077,USA,,800-914-1465,"Service,Up To 2MW,Mobile/Diesel/Gas,"
10604,Industrial/Commercial Sales & Service,00010000931002,"EMERGENCY POWER SYSTEMS, LLC", 35 HAMILTON LANE,,GLENMONT,NY ,12077,USA,,800-914-1465,"Service,"
10604,Industrial/Commercial Sales & Service,00010208021002,Modern Group Power Systems, 295 New Commerce Blvd.,,Wilkes Barre,PA ,18706,USA,,800-404-7291,"Sales,Service,Up To 2MW,Mobile/Diesel/Gas,"
10604,Industrial/Commercial Sales & Service,00010208021002,Modern Group Power Systems, 66A South Gate Blvd.,,New Castle,DE ,19720,USA,,800-404-7291,"Sales,Service,Up To 2MW,Mobile/Diesel/Gas,"
10604,Industrial/Commercial Sales & Service,00010001731002,AUTHORIZED SERVICES OF NEW ENGLAND, 410 FOREST STREET,,MARLBOROUGH,MA ,01752,USA,,888-890-9886,"Sales,"
10604,Industrial/Commercial Sales & Service,00010208021002,Modern Group Power Systems, 3480 Board Road,,York,PA ,17402,USA,,800-404-7291,"Sales,Service,Up To 2MW,Mobile/Diesel/Gas,"
10604,Industrial/Commercial Sales & Service,00010001761002,"GENSERVE, INC.", 100 NEWTOWN RD,,PLAINVIEW,NY ,11803,USA,www.genserveinc.com,631-435-0437,"Service,"
10604,Industrial/Commercial Sales & Service,00111209521002,LONG ISLAND EMERGENCY POWER -QO, 2 Ocean Avenue,,DEER PARK,NY ,11729,USA,,631-586-7513,"Sales,"
10604,Industrial/Commercial Sales & Service,00111209531002,HUNTINGTON POWER - LONG ISLAND, PO BOX 2040,,SHELTON,CT ,06484,USA,,631-586-7513,"Sales,"
10604,Industrial/Commercial Sales & Service,00010139211002,POWERPRO SERVICE CO. INC., 608 JOHNSON AVE. UNIT 6,,BOHEMIA,NY ,11716,USA,,631-567-2700,"Sales,Service,Up To 600kW,Mobile/Diesel/Gas,"
10604,Industrial/Commercial Sales & Service,00010134071002,PEAK POWER SYSTEMS, 99 SPRAGUE AVENUE,,MIDDLETOWN,NY ,10940,USA,www.peakpowersystems.com,845-344-1975,"Sales,Service,Up To 600kW,Mobile/Diesel/Gas,Rental,"
10604,Industrial/Commercial Sales & Service,00010001761002,"GENSERVE, INC.", 115A TWINBRIDGE DR.,,PENNSAUKEN,NJ ,08110,USA,www.genserveinc.com,856-324-0459,"Service,"
10604,Industrial/Commercial Sales & Service,00010001621002,BROOKFIELD SERVICE, 708 GLEBE ROAD,,WESTMORELAND,NH ,03467,USA,www.brookfieldservice.com,802-485-6567,"Service,Up To 600kW,Mobile/Diesel/Gas,"
10604,Industrial/Commercial Sales & Service,00010021101002,SOUTH SHORE GENERATOR INC-Quote, 2696A CRANBERRY HWY,,WAREHAM,MA ,02571,USA,,508-295-7336,"Sales,Service,Up To 600kW,Mobile/Diesel/Gas,"
10604,Industrial/Commercial Sales & Service,00010001701002,SOUTH SHORE GENERATOR INC, ,,EAST WAREHAM,MA ,02538,USA,,508-295-7336,"Financing,Sales,Service,Up To 600kW,Mobile/Diesel/Gas,"
10604,Industrial/Commercial Sales & Service,00111184131002,HUNTER & LOMISON, 1956 W FOURTH ST,,WILLIAMSPORT,PA ,17701,USA,www.hunterlomison.com,570-326-1764,"Sales,Service,Up To 600kW,Mobile/Diesel/Gas,Rental,"
10604,Industrial/Commercial Sales & Service,00010000881002,HUNTER & LOMISON INC., 1956 W. 4TH STREET,,WILLIAMSPORT,PA ,17701,USA,www.hunterlomison.com,570-326-1764,"Service,Up To 600kW,Mobile/Diesel/Gas,"
10604,Industrial/Commercial Sales & Service,00111207431002,WARSHAUER ELECTRIC SUPPLY CO INC, 800 SHREWSBURY AVE,,TINTON FALLS,NJ ,07724,USA,www.warshauer.com,732-741-6400,"Service,"
10604,Industrial/Commercial Sales & Service,00010157021002,Mechanical Service Co, 1145 Oak St.,,Pittston,PA ,18640,USA,,570-654-2445,"Service,"
10605,Industrial/Commercial Sales & Service,00010214161002,"R.L. KISTLER, INC.", 35 HAMILTON LANE,,GLENMONT,NY ,12077,USA,,585-436-1940,"Sales,Service,"
10605,Industrial/Commercial Sales & Service,00010001611002,Huntington Power, 230 Long Hill Cross Rd,,Shelton,CT ,06484,USA,www.huntingtonpower.com,203-929-3203,"Sales,Service,Up To 2MW,Mobile/Diesel/Gas,Training,Rental,"
10605,Industrial/Commercial Sales & Service,00010214161002,"R.L. Kistler, Inc", 300 Mile Crossing Blvd.,,Rochester,NY ,14624,USA,rlkistler.com,585-436-1940,"Sales,"
10605,Industrial/Commercial Sales & Service,00010214161002,"R.L. Kistler, Inc", 5615 Business Ave.,,N. Syracuse,NY ,13208,USA,,315-458-2875,"Sales,"
10605,Industrial/Commercial Sales & Service,00010001611002,Huntington Power, 68 Enter Ln,,Islandia,NY ,11749,USA,,631-563-4943,"Sales,Service,Up To 2MW,Mobile/Diesel/Gas,"
10605,Industrial/Commercial Sales & Service,00010001611002,Huntington Power, 34 E DUDLEY TOWN RD.,,BLOOMFIELD,CT ,06002,USA,,860-289-8790,"Sales,Service,Rental,"
10605,Industrial/Commercial Sales & Service,00010214161002,"R.L. Kistler, Inc", 5615 Business Ave.,,N. Syracuse,NY ,13208,USA,,315-458-2875,"Sales,"
10605,Industrial/Commercial Sales & Service,00010208021002,Modern Group Power Systems, 2501 Durham Road,,Bristol,PA ,19007,USA,www.moderngroup.com,800-404-7291,"Sales,Service,Up To 2MW,Mobile/Diesel/Gas,Training,Rental,"
10605,Industrial/Commercial Sales & Service,00010001731002,Authorized Services Of New England, 410 Forest Street,,Marlborough,MA ,01752,USA,www.asne.com,888-890-9886,"Financing,Sales,Service,Up To 2MW,Mobile/Diesel/Gas,Training,Rental,"
10605,Industrial/Commercial Sales & Service,00010008091002,MODERN HANDLING EQUIP, 75 NEW STREET,,EDISON,NJ ,08837,USA,www.moderngroup.com,800-779-5116,"Sales,Service,Up To 2MW,Mobile/Diesel/Gas,"
10605,Industrial/Commercial Sales & Service,00010208021002,Modern Group Power Systems, 6352 Chapmans Rd,,Allentown,PA ,18106,USA,,800-404-7291,"Sales,Service,Up To 2MW,Mobile/Diesel/Gas,"
10605,Industrial/Commercial Sales & Service,00010208021002,Modern Group Power Systems, 200 Allied Parkway,,West Berlin,NJ ,08091,USA,,800-404-7291,"Sales,Service,Up To 2MW,Mobile/Diesel/Gas,"
10605,Industrial/Commercial Sales & Service,00010000931002,"EMERGENCY POWER SYSTEMS, LLC", 35 HAMILTON LANE,,GLENMONT,NY ,12077,USA,,800-914-1465,"Service,Up To 2MW,Mobile/Diesel/Gas,"
10605,Industrial/Commercial Sales & Service,00010000931002,"EMERGENCY POWER SYSTEMS, LLC", 35 HAMILTON LANE,,GLENMONT,NY ,12077,USA,,800-914-1465,"Service,"
10605,Industrial/Commercial Sales & Service,00010208021002,Modern Group Power Systems, 295 New Commerce Blvd.,,Wilkes Barre,PA ,18706,USA,,800-404-7291,"Sales,Service,Up To 2MW,Mobile/Diesel/Gas,"
10605,Industrial/Commercial Sales & Service,00010208021002,Modern Group Power Systems, 66A South Gate Blvd.,,New Castle,DE ,19720,USA,,800-404-7291,"Sales,Service,Up To 2MW,Mobile/Diesel/Gas,"
10605,Industrial/Commercial Sales & Service,00010001731002,AUTHORIZED SERVICES OF NEW ENGLAND, 410 FOREST STREET,,MARLBOROUGH,MA ,01752,USA,,888-890-9886,"Sales,"
10605,Industrial/Commercial Sales & Service,00010208021002,Modern Group Power Systems, 3480 Board Road,,York,PA ,17402,USA,,800-404-7291,"Sales,Service,Up To 2MW,Mobile/Diesel/Gas,"
10605,Industrial/Commercial Sales & Service,00010001761002,"GENSERVE, INC.", 100 NEWTOWN RD,,PLAINVIEW,NY ,11803,USA,www.genserveinc.com,631-435-0437,"Service,"
10605,Industrial/Commercial Sales & Service,00111209521002,LONG ISLAND EMERGENCY POWER -QO, 2 Ocean Avenue,,DEER PARK,NY ,11729,USA,,631-586-7513,"Sales,"
10605,Industrial/Commercial Sales & Service,00010139211002,POWERPRO SERVICE CO. INC., 608 JOHNSON AVE. UNIT 6,,BOHEMIA,NY ,11716,USA,,631-567-2700,"Sales,Service,Up To 600kW,Mobile/Diesel/Gas,"
10605,Industrial/Commercial Sales & Service,00111209531002,HUNTINGTON POWER - LONG ISLAND, PO BOX 2040,,SHELTON,CT ,06484,USA,,631-586-7513,"Sales,"
10605,Industrial/Commercial Sales & Service,00010134071002,PEAK POWER SYSTEMS, 99 SPRAGUE AVENUE,,MIDDLETOWN,NY ,10940,USA,www.peakpowersystems.com,845-344-1975,"Sales,Service,Up To 600kW,Mobile/Diesel/Gas,Rental,"
10605,Industrial/Commercial Sales & Service,00010001761002,"GENSERVE, INC.", 115A TWINBRIDGE DR.,,PENNSAUKEN,NJ ,08110,USA,www.genserveinc.com,856-324-0459,"Service,"
10605,Industrial/Commercial Sales & Service,00010001621002,BROOKFIELD SERVICE, 708 GLEBE ROAD,,WESTMORELAND,NH ,03467,USA,www.brookfieldservice.com,802-485-6567,"Service,Up To 600kW,Mobile/Diesel/Gas,"
10605,Industrial/Commercial Sales & Service,00010021101002,SOUTH SHORE GENERATOR INC-Quote, 2696A CRANBERRY HWY,,WAREHAM,MA ,02571,USA,,508-295-7336,"Sales,Service,Up To 600kW,Mobile/Diesel/Gas,"
10605,Industrial/Commercial Sales & Service,00010001701002,SOUTH SHORE GENERATOR INC, ,,EAST WAREHAM,MA ,02538,USA,,508-295-7336,"Financing,Sales,Service,Up To 600kW,Mobile/Diesel/Gas,"
10605,Industrial/Commercial Sales & Service,00111184131002,HUNTER & LOMISON, 1956 W FOURTH ST,,WILLIAMSPORT,PA ,17701,USA,www.hunterlomison.com,570-326-1764,"Sales,Service,Up To 600kW,Mobile/Diesel/Gas,Rental,"
10605,Industrial/Commercial Sales & Service,00010000881002,HUNTER & LOMISON INC., 1956 W. 4TH STREET,,WILLIAMSPORT,PA ,17701,USA,www.hunterlomison.com,570-326-1764,"Service,Up To 600kW,Mobile/Diesel/Gas,"
10605,Industrial/Commercial Sales & Service,00111207431002,WARSHAUER ELECTRIC SUPPLY CO INC, 800 SHREWSBURY AVE,,TINTON FALLS,NJ ,07724,USA,www.warshauer.com,732-741-6400,"Service,"
10605,Industrial/Commercial Sales & Service,00010157021002,Mechanical Service Co, 1145 Oak St.,,Pittston,PA ,18640,USA,,570-654-2445,"Service,"
10606,Industrial/Commercial Sales & Service,00010001611002,Huntington Power, 230 Long Hill Cross Rd,,Shelton,CT ,06484,USA,www.huntingtonpower.com,203-929-3203,"Sales,Service,Up To 2MW,Mobile/Diesel/Gas,Training,Rental,"
10606,Industrial/Commercial Sales & Service,00010214161002,"R.L. Kistler, Inc", 300 Mile Crossing Blvd.,,Rochester,NY ,14624,USA,rlkistler.com,585-436-1940,"Sales,"
10606,Industrial/Commercial Sales & Service,00010214161002,"R.L. KISTLER, INC.", 35 HAMILTON LANE,,GLENMONT,NY ,12077,USA,,585-436-1940,"Sales,Service,"
10606,Industrial/Commercial Sales & Service,00010001611002,Huntington Power, 68 Enter Ln,,Islandia,NY ,11749,USA,,631-563-4943,"Sales,Service,Up To 2MW,Mobile/Diesel/Gas,"
10606,Industrial/Commercial Sales & Service,00010001611002,Huntington Power, 34 E DUDLEY TOWN RD.,,BLOOMFIELD,CT ,06002,USA,,860-289-8790,"Sales,Service,Rental,"
10606,Industrial/Commercial Sales & Service,00010214161002,"R.L. Kistler, Inc", 5615 Business Ave.,,N. Syracuse,NY ,13208,USA,,315-458-2875,"Sales,"
10606,Industrial/Commercial Sales & Service,00010214161002,"R.L. Kistler, Inc", 5615 Business Ave.,,N. Syracuse,NY ,13208,USA,,315-458-2875,"Sales,"
10606,Industrial/Commercial Sales & Service,00010208021002,Modern Group Power Systems, 2501 Durham Road,,Bristol,PA ,19007,USA,www.moderngroup.com,800-404-7291,"Sales,Service,Up To 2MW,Mobile/Diesel/Gas,Training,Rental,"
10606,Industrial/Commercial Sales & Service,00010001731002,Authorized Services Of New England, 410 Forest Street,,Marlborough,MA ,01752,USA,www.asne.com,888-890-9886,"Financing,Sales,Service,Up To 2MW,Mobile/Diesel/Gas,Training,Rental,"
10606,Industrial/Commercial Sales & Service,00010008091002,MODERN HANDLING EQUIP, 75 NEW STREET,,EDISON,NJ ,08837,USA,www.moderngroup.com,800-779-5116,"Sales,Service,Up To 2MW,Mobile/Diesel/Gas,"
10606,Industrial/Commercial Sales & Service,00010208021002,Modern Group Power Systems, 6352 Chapmans Rd,,Allentown,PA ,18106,USA,,800-404-7291,"Sales,Service,Up To 2MW,Mobile/Diesel/Gas,"
10606,Industrial/Commercial Sales & Service,00010208021002,Modern Group Power Systems, 200 Allied Parkway,,West Berlin,NJ ,08091,USA,,800-404-7291,"Sales,Service,Up To 2MW,Mobile/Diesel/Gas,"
10606,Industrial/Commercial Sales & Service,00010000931002,"EMERGENCY POWER SYSTEMS, LLC", 35 HAMILTON LANE,,GLENMONT,NY ,12077,USA,,800-914-1465,"Service,Up To 2MW,Mobile/Diesel/Gas,"
10606,Industrial/Commercial Sales & Service,00010000931002,"EMERGENCY POWER SYSTEMS, LLC", 35 HAMILTON LANE,,GLENMONT,NY ,12077,USA,,800-914-1465,"Service,"
10606,Industrial/Commercial Sales & Service,00010208021002,Modern Group Power Systems, 295 New Commerce Blvd.,,Wilkes Barre,PA ,18706,USA,,800-404-7291,"Sales,Service,Up To 2MW,Mobile/Diesel/Gas,"
10606,Industrial/Commercial Sales & Service,00010208021002,Modern Group Power Systems, 66A South Gate Blvd.,,New Castle,DE ,19720,USA,,800-404-7291,"Sales,Service,Up To 2MW,Mobile/Diesel/Gas,"
10606,Industrial/Commercial Sales & Service,00010001731002,AUTHORIZED SERVICES OF NEW ENGLAND, 410 FOREST STREET,,MARLBOROUGH,MA ,01752,USA,,888-890-9886,"Sales,"
10606,Industrial/Commercial Sales & Service,00010208021002,Modern Group Power Systems, 3480 Board Road,,York,PA ,17402,USA,,800-404-7291,"Sales,Service,Up To 2MW,Mobile/Diesel/Gas,"
10606,Industrial/Commercial Sales & Service,00010001761002,"GENSERVE, INC.", 100 NEWTOWN RD,,PLAINVIEW,NY ,11803,USA,www.genserveinc.com,631-435-0437,"Service,"
10606,Industrial/Commercial Sales & Service,00111209521002,LONG ISLAND EMERGENCY POWER -QO, 2 Ocean Avenue,,DEER PARK,NY ,11729,USA,,631-586-7513,"Sales,"
10606,Industrial/Commercial Sales & Service,00010139211002,POWERPRO SERVICE CO. INC., 608 JOHNSON AVE. UNIT 6,,BOHEMIA,NY ,11716,USA,,631-567-2700,"Sales,Service,Up To 600kW,Mobile/Diesel/Gas,"
10606,Industrial/Commercial Sales & Service,00111209531002,HUNTINGTON POWER - LONG ISLAND, PO BOX 2040,,SHELTON,CT ,06484,USA,,631-586-7513,"Sales,"
10606,Industrial/Commercial Sales & Service,00010134071002,PEAK POWER SYSTEMS, 99 SPRAGUE AVENUE,,MIDDLETOWN,NY ,10940,USA,www.peakpowersystems.com,845-344-1975,"Sales,Service,Up To 600kW,Mobile/Diesel/Gas,Rental,"
10606,Industrial/Commercial Sales & Service,00010001761002,"GENSERVE, INC.", 115A TWINBRIDGE DR.,,PENNSAUKEN,NJ ,08110,USA,www.genserveinc.com,856-324-0459,"Service,"
10606,Industrial/Commercial Sales & Service,00010001621002,BROOKFIELD SERVICE, 708 GLEBE ROAD,,WESTMORELAND,NH ,03467,USA,www.brookfieldservice.com,802-485-6567,"Service,Up To 600kW,Mobile/Diesel/Gas,"
10606,Industrial/Commercial Sales & Service,00010021101002,SOUTH SHORE GENERATOR INC-Quote, 2696A CRANBERRY HWY,,WAREHAM,MA ,02571,USA,,508-295-7336,"Sales,Service,Up To 600kW,Mobile/Diesel/Gas,"
10606,Industrial/Commercial Sales & Service,00010001701002,SOUTH SHORE GENERATOR INC, ,,EAST WAREHAM,MA ,02538,USA,,508-295-7336,"Financing,Sales,Service,Up To 600kW,Mobile/Diesel/Gas,"
10606,Industrial/Commercial Sales & Service,00111184131002,HUNTER & LOMISON, 1956 W FOURTH ST,,WILLIAMSPORT,PA ,17701,USA,www.hunterlomison.com,570-326-1764,"Sales,Service,Up To 600kW,Mobile/Diesel/Gas,Rental,"
10606,Industrial/Commercial Sales & Service,00010000881002,HUNTER & LOMISON INC., 1956 W. 4TH STREET,,WILLIAMSPORT,PA ,17701,USA,www.hunterlomison.com,570-326-1764,"Service,Up To 600kW,Mobile/Diesel/Gas,"
10606,Industrial/Commercial Sales & Service,00111207431002,WARSHAUER ELECTRIC SUPPLY CO INC, 800 SHREWSBURY AVE,,TINTON FALLS,NJ ,07724,USA,www.warshauer.com,732-741-6400,"Service,"
10606,Industrial/Commercial Sales & Service,00010157021002,Mechanical Service Co, 1145 Oak St.,,Pittston,PA ,18640,USA,,570-654-2445,"Service,"
10607,Industrial/Commercial Sales & Service,00010001611002,Huntington Power, 230 Long Hill Cross Rd,,Shelton,CT ,06484,USA,www.huntingtonpower.com,203-929-3203,"Sales,Service,Up To 2MW,Mobile/Diesel/Gas,Training,Rental,"
10607,Industrial/Commercial Sales & Service,00010214161002,"R.L. Kistler, Inc", 300 Mile Crossing Blvd.,,Rochester,NY ,14624,USA,rlkistler.com,585-436-1940,"Sales,"
10607,Industrial/Commercial Sales & Service,00010214161002,"R.L. KISTLER, INC.", 35 HAMILTON LANE,,GLENMONT,NY ,12077,USA,,585-436-1940,"Sales,Service,"
10607,Industrial/Commercial Sales & Service,00010001611002,Huntington Power, 68 Enter Ln,,Islandia,NY ,11749,USA,,631-563-4943,"Sales,Service,Up To 2MW,Mobile/Diesel/Gas,"
10607,Industrial/Commercial Sales & Service,00010001611002,Huntington Power, 34 E DUDLEY TOWN RD.,,BLOOMFIELD,CT ,06002,USA,,860-289-8790,"Sales,Service,Rental,"
10607,Industrial/Commercial Sales & Service,00010214161002,"R.L. Kistler, Inc", 5615 Business Ave.,,N. Syracuse,NY ,13208,USA,,315-458-2875,"Sales,"
10607,Industrial/Commercial Sales & Service,00010214161002,"R.L. Kistler, Inc", 5615 Business Ave.,,N. Syracuse,NY ,13208,USA,,315-458-2875,"Sales,"
10607,Industrial/Commercial Sales & Service,00010208021002,Modern Group Power Systems, 2501 Durham Road,,Bristol,PA ,19007,USA,www.moderngroup.com,800-404-7291,"Sales,Service,Up To 2MW,Mobile/Diesel/Gas,Training,Rental,"
10607,Industrial/Commercial Sales & Service,00010001731002,Authorized Services Of New England, 410 Forest Street,,Marlborough,MA ,01752,USA,www.asne.com,888-890-9886,"Financing,Sales,Service,Up To 2MW,Mobile/Diesel/Gas,Training,Rental,"
10607,Industrial/Commercial Sales & Service,00010008091002,MODERN HANDLING EQUIP, 75 NEW STREET,,EDISON,NJ ,08837,USA,www.moderngroup.com,800-779-5116,"Sales,Service,Up To 2MW,Mobile/Diesel/Gas,"
10607,Industrial/Commercial Sales & Service,00010208021002,Modern Group Power Systems, 6352 Chapmans Rd,,Allentown,PA ,18106,USA,,800-404-7291,"Sales,Service,Up To 2MW,Mobile/Diesel/Gas,"
10607,Industrial/Commercial Sales & Service,00010208021002,Modern Group Power Systems, 200 Allied Parkway,,West Berlin,NJ ,08091,USA,,800-404-7291,"Sales,Service,Up To 2MW,Mobile/Diesel/Gas,"
10607,Industrial/Commercial Sales & Service,00010000931002,"EMERGENCY POWER SYSTEMS, LLC", 35 HAMILTON LANE,,GLENMONT,NY ,12077,USA,,800-914-1465,"Service,Up To 2MW,Mobile/Diesel/Gas,"
10607,Industrial/Commercial Sales & Service,00010000931002,"EMERGENCY POWER SYSTEMS, LLC", 35 HAMILTON LANE,,GLENMONT,NY ,12077,USA,,800-914-1465,"Service,"
10607,Industrial/Commercial Sales & Service,00010208021002,Modern Group Power Systems, 295 New Commerce Blvd.,,Wilkes Barre,PA ,18706,USA,,800-404-7291,"Sales,Service,Up To 2MW,Mobile/Diesel/Gas,"
10607,Industrial/Commercial Sales & Service,00010208021002,Modern Group Power Systems, 66A South Gate Blvd.,,New Castle,DE ,19720,USA,,800-404-7291,"Sales,Service,Up To 2MW,Mobile/Diesel/Gas,"
10607,Industrial/Commercial Sales & Service,00010001731002,AUTHORIZED SERVICES OF NEW ENGLAND, 410 FOREST STREET,,MARLBOROUGH,MA ,01752,USA,,888-890-9886,"Sales,"
10607,Industrial/Commercial Sales & Service,00010208021002,Modern Group Power Systems, 3480 Board Road,,York,PA ,17402,USA,,800-404-7291,"Sales,Service,Up To 2MW,Mobile/Diesel/Gas,"
10607,Industrial/Commercial Sales & Service,00010001761002,"GENSERVE, INC.", 100 NEWTOWN RD,,PLAINVIEW,NY ,11803,USA,www.genserveinc.com,631-435-0437,"Service,"
10607,Industrial/Commercial Sales & Service,00111209521002,LONG ISLAND EMERGENCY POWER -QO, 2 Ocean Avenue,,DEER PARK,NY ,11729,USA,,631-586-7513,"Sales,"
10607,Industrial/Commercial Sales & Service,00111209531002,HUNTINGTON POWER - LONG ISLAND, PO BOX 2040,,SHELTON,CT ,06484,USA,,631-586-7513,"Sales,"
10607,Industrial/Commercial Sales & Service,00010139211002,POWERPRO SERVICE CO. INC., 608 JOHNSON AVE. UNIT 6,,BOHEMIA,NY ,11716,USA,,631-567-2700,"Sales,Service,Up To 600kW,Mobile/Diesel/Gas,"
10607,Industrial/Commercial Sales & Service,00010134071002,PEAK POWER SYSTEMS, 99 SPRAGUE AVENUE,,MIDDLETOWN,NY ,10940,USA,www.peakpowersystems.com,845-344-1975,"Sales,Service,Up To 600kW,Mobile/Diesel/Gas,Rental,"
10607,Industrial/Commercial Sales & Service,00010001761002,"GENSERVE, INC.", 115A TWINBRIDGE DR.,,PENNSAUKEN,NJ ,08110,USA,www.genserveinc.com,856-324-0459,"Service,"
10607,Industrial/Commercial Sales & Service,00010001621002,BROOKFIELD SERVICE, 708 GLEBE ROAD,,WESTMORELAND,NH ,03467,USA,www.brookfieldservice.com,802-485-6567,"Service,Up To 600kW,Mobile/Diesel/Gas,"
10607,Industrial/Commercial Sales & Service,00111184131002,HUNTER & LOMISON, 1956 W FOURTH ST,,WILLIAMSPORT,PA ,17701,USA,www.hunterlomison.com,570-326-1764,"Sales,Service,Up To 600kW,Mobile/Diesel/Gas,Rental,"
10607,Industrial/Commercial Sales & Service,00010000881002,HUNTER & LOMISON INC., 1956 W. 4TH STREET,,WILLIAMSPORT,PA ,17701,USA,www.hunterlomison.com,570-326-1764,"Service,Up To 600kW,Mobile/Diesel/Gas,"
10607,Industrial/Commercial Sales & Service,00010021101002,SOUTH SHORE GENERATOR INC-Quote, 2696A CRANBERRY HWY,,WAREHAM,MA ,02571,USA,,508-295-7336,"Sales,Service,Up To 600kW,Mobile/Diesel/Gas,"
10607,Industrial/Commercial Sales & Service,00010001701002,SOUTH SHORE GENERATOR INC, ,,EAST WAREHAM,MA ,02538,USA,,508-295-7336,"Financing,Sales,Service,Up To 600kW,Mobile/Diesel/Gas,"
10607,Industrial/Commercial Sales & Service,00111207431002,WARSHAUER ELECTRIC SUPPLY CO INC, 800 SHREWSBURY AVE,,TINTON FALLS,NJ ,07724,USA,www.warshauer.com,732-741-6400,"Service,"
10607,Industrial/Commercial Sales & Service,00010157021002,Mechanical Service Co, 1145 Oak St.,,Pittston,PA ,18640,USA,,570-654-2445,"Service,"
10610,Industrial/Commercial Sales & Service,00010214161002,"R.L. Kistler, Inc", 300 Mile Crossing Blvd.,,Rochester,NY ,14624,USA,rlkistler.com,585-436-1940,"Sales,"
10610,Industrial/Commercial Sales & Service,00010214161002,"R.L. KISTLER, INC.", 35 HAMILTON LANE,,GLENMONT,NY ,12077,USA,,585-436-1940,"Sales,Service,"
10610,Industrial/Commercial Sales & Service,00010001611002,Huntington Power, 230 Long Hill Cross Rd,,Shelton,CT ,06484,USA,www.huntingtonpower.com,203-929-3203,"Sales,Service,Up To 2MW,Mobile/Diesel/Gas,Training,Rental,"
10610,Industrial/Commercial Sales & Service,00010214161002,"R.L. Kistler, Inc", 5615 Business Ave.,,N. Syracuse,NY ,13208,USA,,315-458-2875,"Sales,"
10610,Industrial/Commercial Sales & Service,00010214161002,"R.L. Kistler, Inc", 5615 Business Ave.,,N. Syracuse,NY ,13208,USA,,315-458-2875,"Sales,"
10610,Industrial/Commercial Sales & Service,00010001611002,Huntington Power, 68 Enter Ln,,Islandia,NY ,11749,USA,,631-563-4943,"Sales,Service,Up To 2MW,Mobile/Diesel/Gas,"
10610,Industrial/Commercial Sales & Service,00010001611002,Huntington Power, 34 E DUDLEY TOWN RD.,,BLOOMFIELD,CT ,06002,USA,,860-289-8790,"Sales,Service,Rental,"
10610,Industrial/Commercial Sales & Service,00010208021002,Modern Group Power Systems, 2501 Durham Road,,Bristol,PA ,19007,USA,www.moderngroup.com,800-404-7291,"Sales,Service,Up To 2MW,Mobile/Diesel/Gas,Training,Rental,"
10610,Industrial/Commercial Sales & Service,00010001731002,Authorized Services Of New England, 410 Forest Street,,Marlborough,MA ,01752,USA,www.asne.com,888-890-9886,"Financing,Sales,Service,Up To 2MW,Mobile/Diesel/Gas,Training,Rental,"
10610,Industrial/Commercial Sales & Service,00010008091002,MODERN HANDLING EQUIP, 75 NEW STREET,,EDISON,NJ ,08837,USA,www.moderngroup.com,800-779-5116,"Sales,Service,Up To 2MW,Mobile/Diesel/Gas,"
10610,Industrial/Commercial Sales & Service,00010208021002,Modern Group Power Systems, 6352 Chapmans Rd,,Allentown,PA ,18106,USA,,800-404-7291,"Sales,Service,Up To 2MW,Mobile/Diesel/Gas,"
10610,Industrial/Commercial Sales & Service,00010208021002,Modern Group Power Systems, 200 Allied Parkway,,West Berlin,NJ ,08091,USA,,800-404-7291,"Sales,Service,Up To 2MW,Mobile/Diesel/Gas,"
10610,Industrial/Commercial Sales & Service,00010000931002,"EMERGENCY POWER SYSTEMS, LLC", 35 HAMILTON LANE,,GLENMONT,NY ,12077,USA,,800-914-1465,"Service,Up To 2MW,Mobile/Diesel/Gas,"
10610,Industrial/Commercial Sales & Service,00010000931002,"EMERGENCY POWER SYSTEMS, LLC", 35 HAMILTON LANE,,GLENMONT,NY ,12077,USA,,800-914-1465,"Service,"
10610,Industrial/Commercial Sales & Service,00010208021002,Modern Group Power Systems, 295 New Commerce Blvd.,,Wilkes Barre,PA ,18706,USA,,800-404-7291,"Sales,Service,Up To 2MW,Mobile/Diesel/Gas,"
10610,Industrial/Commercial Sales & Service,00010208021002,Modern Group Power Systems, 66A South Gate Blvd.,,New Castle,DE ,19720,USA,,800-404-7291,"Sales,Service,Up To 2MW,Mobile/Diesel/Gas,"
10610,Industrial/Commercial Sales & Service,00010001731002,AUTHORIZED SERVICES OF NEW ENGLAND, 410 FOREST STREET,,MARLBOROUGH,MA ,01752,USA,,888-890-9886,"Sales,"
10610,Industrial/Commercial Sales & Service,00010208021002,Modern Group Power Systems, 3480 Board Road,,York,PA ,17402,USA,,800-404-7291,"Sales,Service,Up To 2MW,Mobile/Diesel/Gas,"
10610,Industrial/Commercial Sales & Service,00010001761002,"GENSERVE, INC.", 100 NEWTOWN RD,,PLAINVIEW,NY ,11803,USA,www.genserveinc.com,631-435-0437,"Service,"
10610,Industrial/Commercial Sales & Service,00111209521002,LONG ISLAND EMERGENCY POWER -QO, 2 Ocean Avenue,,DEER PARK,NY ,11729,USA,,631-586-7513,"Sales,"
10610,Industrial/Commercial Sales & Service,00111209531002,HUNTINGTON POWER - LONG ISLAND, PO BOX 2040,,SHELTON,CT ,06484,USA,,631-586-7513,"Sales,"
10610,Industrial/Commercial Sales & Service,00010139211002,POWERPRO SERVICE CO. INC., 608 JOHNSON AVE. UNIT 6,,BOHEMIA,NY ,11716,USA,,631-567-2700,"Sales,Service,Up To 600kW,Mobile/Diesel/Gas,"
10610,Industrial/Commercial Sales & Service,00010134071002,PEAK POWER SYSTEMS, 99 SPRAGUE AVENUE,,MIDDLETOWN,NY ,10940,USA,www.peakpowersystems.com,845-344-1975,"Sales,Service,Up To 600kW,Mobile/Diesel/Gas,Rental,"
10610,Industrial/Commercial Sales & Service,00010001761002,"GENSERVE, INC.", 115A TWINBRIDGE DR.,,PENNSAUKEN,NJ ,08110,USA,www.genserveinc.com,856-324-0459,"Service,"
10610,Industrial/Commercial Sales & Service,00010001621002,BROOKFIELD SERVICE, 708 GLEBE ROAD,,WESTMORELAND,NH ,03467,USA,www.brookfieldservice.com,802-485-6567,"Service,Up To 600kW,Mobile/Diesel/Gas,"
10610,Industrial/Commercial Sales & Service,00111184131002,HUNTER & LOMISON, 1956 W FOURTH ST,,WILLIAMSPORT,PA ,17701,USA,www.hunterlomison.com,570-326-1764,"Sales,Service,Up To 600kW,Mobile/Diesel/Gas,Rental,"
10610,Industrial/Commercial Sales & Service,00010000881002,HUNTER & LOMISON INC., 1956 W. 4TH STREET,,WILLIAMSPORT,PA ,17701,USA,www.hunterlomison.com,570-326-1764,"Service,Up To 600kW,Mobile/Diesel/Gas,"
10610,Industrial/Commercial Sales & Service,00010021101002,SOUTH SHORE GENERATOR INC-Quote, 2696A CRANBERRY HWY,,WAREHAM,MA ,02571,USA,,508-295-7336,"Sales,Service,Up To 600kW,Mobile/Diesel/Gas,"
10610,Industrial/Commercial Sales & Service,00010001701002,SOUTH SHORE GENERATOR INC, ,,EAST WAREHAM,MA ,02538,USA,,508-295-7336,"Financing,Sales,Service,Up To 600kW,Mobile/Diesel/Gas,"
10610,Industrial/Commercial Sales & Service,00111207431002,WARSHAUER ELECTRIC SUPPLY CO INC, 800 SHREWSBURY AVE,,TINTON FALLS,NJ ,07724,USA,www.warshauer.com,732-741-6400,"Service,"
10610,Industrial/Commercial Sales & Service,00010157021002,Mechanical Service Co, 1145 Oak St.,,Pittston,PA ,18640,USA,,570-654-2445,"Service,"
10701,Industrial/Commercial Sales & Service,00010214161002,"R.L. Kistler, Inc", 300 Mile Crossing Blvd.,,Rochester,NY ,14624,USA,rlkistler.com,585-436-1940,"Sales,"
10701,Industrial/Commercial Sales & Service,00010001611002,Huntington Power, 230 Long Hill Cross Rd,,Shelton,CT ,06484,USA,www.huntingtonpower.com,203-929-3203,"Sales,Service,Up To 2MW,Mobile/Diesel/Gas,Training,Rental,"
10701,Industrial/Commercial Sales & Service,00010214161002,"R.L. KISTLER, INC.", 35 HAMILTON LANE,,GLENMONT,NY ,12077,USA,,585-436-1940,"Sales,Service,"
10701,Industrial/Commercial Sales & Service,00010214161002,"R.L. Kistler, Inc", 5615 Business Ave.,,N. Syracuse,NY ,13208,USA,,315-458-2875,"Sales,"
10701,Industrial/Commercial Sales & Service,00010001611002,Huntington Power, 68 Enter Ln,,Islandia,NY ,11749,USA,,631-563-4943,"Sales,Service,Up To 2MW,Mobile/Diesel/Gas,"
10701,Industrial/Commercial Sales & Service,00010001611002,Huntington Power, 34 E DUDLEY TOWN RD.,,BLOOMFIELD,CT ,06002,USA,,860-289-8790,"Sales,Service,Rental,"
10701,Industrial/Commercial Sales & Service,00010214161002,"R.L. Kistler, Inc", 5615 Business Ave.,,N. Syracuse,NY ,13208,USA,,315-458-2875,"Sales,"
10701,Industrial/Commercial Sales & Service,00010208021002,Modern Group Power Systems, 2501 Durham Road,,Bristol,PA ,19007,USA,www.moderngroup.com,800-404-7291,"Sales,Service,Up To 2MW,Mobile/Diesel/Gas,Training,Rental,"
10701,Industrial/Commercial Sales & Service,00010001731002,Authorized Services Of New England, 410 Forest Street,,Marlborough,MA ,01752,USA,www.asne.com,888-890-9886,"Financing,Sales,Service,Up To 2MW,Mobile/Diesel/Gas,Training,Rental,"
10701,Industrial/Commercial Sales & Service,00010008091002,MODERN HANDLING EQUIP, 75 NEW STREET,,EDISON,NJ ,08837,USA,www.moderngroup.com,800-779-5116,"Sales,Service,Up To 2MW,Mobile/Diesel/Gas,"
10701,Industrial/Commercial Sales & Service,00010208021002,Modern Group Power Systems, 6352 Chapmans Rd,,Allentown,PA ,18106,USA,,800-404-7291,"Sales,Service,Up To 2MW,Mobile/Diesel/Gas,"
10701,Industrial/Commercial Sales & Service,00010208021002,Modern Group Power Systems, 200 Allied Parkway,,West Berlin,NJ ,08091,USA,,800-404-7291,"Sales,Service,Up To 2MW,Mobile/Diesel/Gas,"
10701,Industrial/Commercial Sales & Service,00010208021002,Modern Group Power Systems, 295 New Commerce Blvd.,,Wilkes Barre,PA ,18706,USA,,800-404-7291,"Sales,Service,Up To 2MW,Mobile/Diesel/Gas,"
10701,Industrial/Commercial Sales & Service,00010000931002,"EMERGENCY POWER SYSTEMS, LLC", 35 HAMILTON LANE,,GLENMONT,NY ,12077,USA,,800-914-1465,"Service,Up To 2MW,Mobile/Diesel/Gas,"
10701,Industrial/Commercial Sales & Service,00010000931002,"EMERGENCY POWER SYSTEMS, LLC", 35 HAMILTON LANE,,GLENMONT,NY ,12077,USA,,800-914-1465,"Service,"
10701,Industrial/Commercial Sales & Service,00010208021002,Modern Group Power Systems, 66A South Gate Blvd.,,New Castle,DE ,19720,USA,,800-404-7291,"Sales,Service,Up To 2MW,Mobile/Diesel/Gas,"
10701,Industrial/Commercial Sales & Service,00010001731002,AUTHORIZED SERVICES OF NEW ENGLAND, 410 FOREST STREET,,MARLBOROUGH,MA ,01752,USA,,888-890-9886,"Sales,"
10701,Industrial/Commercial Sales & Service,00010208021002,Modern Group Power Systems, 3480 Board Road,,York,PA ,17402,USA,,800-404-7291,"Sales,Service,Up To 2MW,Mobile/Diesel/Gas,"
10701,Industrial/Commercial Sales & Service,00010001761002,"GENSERVE, INC.", 100 NEWTOWN RD,,PLAINVIEW,NY ,11803,USA,www.genserveinc.com,631-435-0437,"Service,"
10701,Industrial/Commercial Sales & Service,00111209521002,LONG ISLAND EMERGENCY POWER -QO, 2 Ocean Avenue,,DEER PARK,NY ,11729,USA,,631-586-7513,"Sales,"
10701,Industrial/Commercial Sales & Service,00010139211002,POWERPRO SERVICE CO. INC., 608 JOHNSON AVE. UNIT 6,,BOHEMIA,NY ,11716,USA,,631-567-2700,"Sales,Service,Up To 600kW,Mobile/Diesel/Gas,"
10701,Industrial/Commercial Sales & Service,00010134071002,PEAK POWER SYSTEMS, 99 SPRAGUE AVENUE,,MIDDLETOWN,NY ,10940,USA,www.peakpowersystems.com,845-344-1975,"Sales,Service,Up To 600kW,Mobile/Diesel/Gas,Rental,"
10701,Industrial/Commercial Sales & Service,00111209531002,HUNTINGTON POWER - LONG ISLAND, PO BOX 2040,,SHELTON,CT ,06484,USA,,631-586-7513,"Sales,"
10701,Industrial/Commercial Sales & Service,00010001761002,"GENSERVE, INC.", 115A TWINBRIDGE DR.,,PENNSAUKEN,NJ ,08110,USA,www.genserveinc.com,856-324-0459,"Service,"
10701,Industrial/Commercial Sales & Service,00010001621002,BROOKFIELD SERVICE, 708 GLEBE ROAD,,WESTMORELAND,NH ,03467,USA,www.brookfieldservice.com,802-485-6567,"Service,Up To 600kW,Mobile/Diesel/Gas,"
10701,Industrial/Commercial Sales & Service,00111184131002,HUNTER & LOMISON, 1956 W FOURTH ST,,WILLIAMSPORT,PA ,17701,USA,www.hunterlomison.com,570-326-1764,"Sales,Service,Up To 600kW,Mobile/Diesel/Gas,Rental,"
10701,Industrial/Commercial Sales & Service,00010000881002,HUNTER & LOMISON INC., 1956 W. 4TH STREET,,WILLIAMSPORT,PA ,17701,USA,www.hunterlomison.com,570-326-1764,"Service,Up To 600kW,Mobile/Diesel/Gas,"
10701,Industrial/Commercial Sales & Service,00010021101002,SOUTH SHORE GENERATOR INC-Quote, 2696A CRANBERRY HWY,,WAREHAM,MA ,02571,USA,,508-295-7336,"Sales,Service,Up To 600kW,Mobile/Diesel/Gas,"
10701,Industrial/Commercial Sales & Service,00010001701002,SOUTH SHORE GENERATOR INC, ,,EAST WAREHAM,MA ,02538,USA,,508-295-7336,"Financing,Sales,Service,Up To 600kW,Mobile/Diesel/Gas,"
10701,Industrial/Commercial Sales & Service,00111207431002,WARSHAUER ELECTRIC SUPPLY CO INC, 800 SHREWSBURY AVE,,TINTON FALLS,NJ ,07724,USA,www.warshauer.com,732-741-6400,"Service,"
10701,Industrial/Commercial Sales & Service,00010157021002,Mechanical Service Co, 1145 Oak St.,,Pittston,PA ,18640,USA,,570-654-2445,"Service,"
10702,Industrial/Commercial Sales & Service,00010214161002,"R.L. KISTLER, INC.", 35 HAMILTON LANE,,GLENMONT,NY ,12077,USA,,585-436-1940,"Sales,Service,"
10702,Industrial/Commercial Sales & Service,00010214161002,"R.L. Kistler, Inc", 300 Mile Crossing Blvd.,,Rochester,NY ,14624,USA,rlkistler.com,585-436-1940,"Sales,"
10702,Industrial/Commercial Sales & Service,00010001611002,Huntington Power, 230 Long Hill Cross Rd,,Shelton,CT ,06484,USA,www.huntingtonpower.com,203-929-3203,"Sales,Service,Up To 2MW,Mobile/Diesel/Gas,Training,Rental,"
10702,Industrial/Commercial Sales & Service,00010214161002,"R.L. Kistler, Inc", 5615 Business Ave.,,N. Syracuse,NY ,13208,USA,,315-458-2875,"Sales,"
10702,Industrial/Commercial Sales & Service,00010214161002,"R.L. Kistler, Inc", 5615 Business Ave.,,N. Syracuse,NY ,13208,USA,,315-458-2875,"Sales,"
10702,Industrial/Commercial Sales & Service,00010001611002,Huntington Power, 68 Enter Ln,,Islandia,NY ,11749,USA,,631-563-4943,"Sales,Service,Up To 2MW,Mobile/Diesel/Gas,"
10702,Industrial/Commercial Sales & Service,00010001611002,Huntington Power, 34 E DUDLEY TOWN RD.,,BLOOMFIELD,CT ,06002,USA,,860-289-8790,"Sales,Service,Rental,"
10702,Industrial/Commercial Sales & Service,00010208021002,Modern Group Power Systems, 2501 Durham Road,,Bristol,PA ,19007,USA,www.moderngroup.com,800-404-7291,"Sales,Service,Up To 2MW,Mobile/Diesel/Gas,Training,Rental,"
10702,Industrial/Commercial Sales & Service,00010001731002,Authorized Services Of New England, 410 Forest Street,,Marlborough,MA ,01752,USA,www.asne.com,888-890-9886,"Financing,Sales,Service,Up To 2MW,Mobile/Diesel/Gas,Training,Rental,"
10702,Industrial/Commercial Sales & Service,00010008091002,MODERN HANDLING EQUIP, 75 NEW STREET,,EDISON,NJ ,08837,USA,www.moderngroup.com,800-779-5116,"Sales,Service,Up To 2MW,Mobile/Diesel/Gas,"
10702,Industrial/Commercial Sales & Service,00010208021002,Modern Group Power Systems, 6352 Chapmans Rd,,Allentown,PA ,18106,USA,,800-404-7291,"Sales,Service,Up To 2MW,Mobile/Diesel/Gas,"
10702,Industrial/Commercial Sales & Service,00010208021002,Modern Group Power Systems, 200 Allied Parkway,,West Berlin,NJ ,08091,USA,,800-404-7291,"Sales,Service,Up To 2MW,Mobile/Diesel/Gas,"
10702,Industrial/Commercial Sales & Service,00010208021002,Modern Group Power Systems, 295 New Commerce Blvd.,,Wilkes Barre,PA ,18706,USA,,800-404-7291,"Sales,Service,Up To 2MW,Mobile/Diesel/Gas,"
10702,Industrial/Commercial Sales & Service,00010000931002,"EMERGENCY POWER SYSTEMS, LLC", 35 HAMILTON LANE,,GLENMONT,NY ,12077,USA,,800-914-1465,"Service,Up To 2MW,Mobile/Diesel/Gas,"
10702,Industrial/Commercial Sales & Service,00010000931002,"EMERGENCY POWER SYSTEMS, LLC", 35 HAMILTON LANE,,GLENMONT,NY ,12077,USA,,800-914-1465,"Service,"
10702,Industrial/Commercial Sales & Service,00010208021002,Modern Group Power Systems, 66A South Gate Blvd.,,New Castle,DE ,19720,USA,,800-404-7291,"Sales,Service,Up To 2MW,Mobile/Diesel/Gas,"
10702,Industrial/Commercial Sales & Service,00010001731002,AUTHORIZED SERVICES OF NEW ENGLAND, 410 FOREST STREET,,MARLBOROUGH,MA ,01752,USA,,888-890-9886,"Sales,"
10702,Industrial/Commercial Sales & Service,00010208021002,Modern Group Power Systems, 3480 Board Road,,York,PA ,17402,USA,,800-404-7291,"Sales,Service,Up To 2MW,Mobile/Diesel/Gas,"
10702,Industrial/Commercial Sales & Service,00010001761002,"GENSERVE, INC.", 100 NEWTOWN RD,,PLAINVIEW,NY ,11803,USA,www.genserveinc.com,631-435-0437,"Service,"
10702,Industrial/Commercial Sales & Service,00111209521002,LONG ISLAND EMERGENCY POWER -QO, 2 Ocean Avenue,,DEER PARK,NY ,11729,USA,,631-586-7513,"Sales,"
10702,Industrial/Commercial Sales & Service,00010139211002,POWERPRO SERVICE CO. INC., 608 JOHNSON AVE. UNIT 6,,BOHEMIA,NY ,11716,USA,,631-567-2700,"Sales,Service,Up To 600kW,Mobile/Diesel/Gas,"
10702,Industrial/Commercial Sales & Service,00010134071002,PEAK POWER SYSTEMS, 99 SPRAGUE AVENUE,,MIDDLETOWN,NY ,10940,USA,www.peakpowersystems.com,845-344-1975,"Sales,Service,Up To 600kW,Mobile/Diesel/Gas,Rental,"
10702,Industrial/Commercial Sales & Service,00111209531002,HUNTINGTON POWER - LONG ISLAND, PO BOX 2040,,SHELTON,CT ,06484,USA,,631-586-7513,"Sales,"
10702,Industrial/Commercial Sales & Service,00010001761002,"GENSERVE, INC.", 115A TWINBRIDGE DR.,,PENNSAUKEN,NJ ,08110,USA,www.genserveinc.com,856-324-0459,"Service,"
10702,Industrial/Commercial Sales & Service,00010001621002,BROOKFIELD SERVICE, 708 GLEBE ROAD,,WESTMORELAND,NH ,03467,USA,www.brookfieldservice.com,802-485-6567,"Service,Up To 600kW,Mobile/Diesel/Gas,"
10702,Industrial/Commercial Sales & Service,00111184131002,HUNTER & LOMISON, 1956 W FOURTH ST,,WILLIAMSPORT,PA ,17701,USA,www.hunterlomison.com,570-326-1764,"Sales,Service,Up To 600kW,Mobile/Diesel/Gas,Rental,"
10702,Industrial/Commercial Sales & Service,00010000881002,HUNTER & LOMISON INC., 1956 W. 4TH STREET,,WILLIAMSPORT,PA ,17701,USA,www.hunterlomison.com,570-326-1764,"Service,Up To 600kW,Mobile/Diesel/Gas,"
10702,Industrial/Commercial Sales & Service,00010021101002,SOUTH SHORE GENERATOR INC-Quote, 2696A CRANBERRY HWY,,WAREHAM,MA ,02571,USA,,508-295-7336,"Sales,Service,Up To 600kW,Mobile/Diesel/Gas,"
10702,Industrial/Commercial Sales & Service,00010001701002,SOUTH SHORE GENERATOR INC, ,,EAST WAREHAM,MA ,02538,USA,,508-295-7336,"Financing,Sales,Service,Up To 600kW,Mobile/Diesel/Gas,"
10702,Industrial/Commercial Sales & Service,00111207431002,WARSHAUER ELECTRIC SUPPLY CO INC, 800 SHREWSBURY AVE,,TINTON FALLS,NJ ,07724,USA,www.warshauer.com,732-741-6400,"Service,"
10702,Industrial/Commercial Sales & Service,00010157021002,Mechanical Service Co, 1145 Oak St.,,Pittston,PA ,18640,USA,,570-654-2445,"Service,"
10703,Industrial/Commercial Sales & Service,00010001611002,Huntington Power, 230 Long Hill Cross Rd,,Shelton,CT ,06484,USA,www.huntingtonpower.com,203-929-3203,"Sales,Service,Up To 2MW,Mobile/Diesel/Gas,Training,Rental,"
10703,Industrial/Commercial Sales & Service,00010214161002,"R.L. Kistler, Inc", 300 Mile Crossing Blvd.,,Rochester,NY ,14624,USA,rlkistler.com,585-436-1940,"Sales,"
10703,Industrial/Commercial Sales & Service,00010214161002,"R.L. KISTLER, INC.", 35 HAMILTON LANE,,GLENMONT,NY ,12077,USA,,585-436-1940,"Sales,Service,"
10703,Industrial/Commercial Sales & Service,00010001611002,Huntington Power, 68 Enter Ln,,Islandia,NY ,11749,USA,,631-563-4943,"Sales,Service,Up To 2MW,Mobile/Diesel/Gas,"
10703,Industrial/Commercial Sales & Service,00010001611002,Huntington Power, 34 E DUDLEY TOWN RD.,,BLOOMFIELD,CT ,06002,USA,,860-289-8790,"Sales,Service,Rental,"
10703,Industrial/Commercial Sales & Service,00010214161002,"R.L. Kistler, Inc", 5615 Business Ave.,,N. Syracuse,NY ,13208,USA,,315-458-2875,"Sales,"
10703,Industrial/Commercial Sales & Service,00010214161002,"R.L. Kistler, Inc", 5615 Business Ave.,,N. Syracuse,NY ,13208,USA,,315-458-2875,"Sales,"
10703,Industrial/Commercial Sales & Service,00010208021002,Modern Group Power Systems, 2501 Durham Road,,Bristol,PA ,19007,USA,www.moderngroup.com,800-404-7291,"Sales,Service,Up To 2MW,Mobile/Diesel/Gas,Training,Rental,"
10703,Industrial/Commercial Sales & Service,00010001731002,Authorized Services Of New England, 410 Forest Street,,Marlborough,MA ,01752,USA,www.asne.com,888-890-9886,"Financing,Sales,Service,Up To 2MW,Mobile/Diesel/Gas,Training,Rental,"
10703,Industrial/Commercial Sales & Service,00010008091002,MODERN HANDLING EQUIP, 75 NEW STREET,,EDISON,NJ ,08837,USA,www.moderngroup.com,800-779-5116,"Sales,Service,Up To 2MW,Mobile/Diesel/Gas,"
10703,Industrial/Commercial Sales & Service,00010208021002,Modern Group Power Systems, 6352 Chapmans Rd,,Allentown,PA ,18106,USA,,800-404-7291,"Sales,Service,Up To 2MW,Mobile/Diesel/Gas,"
10703,Industrial/Commercial Sales & Service,00010208021002,Modern Group Power Systems, 200 Allied Parkway,,West Berlin,NJ ,08091,USA,,800-404-7291,"Sales,Service,Up To 2MW,Mobile/Diesel/Gas,"
10703,Industrial/Commercial Sales & Service,00010208021002,Modern Group Power Systems, 295 New Commerce Blvd.,,Wilkes Barre,PA ,18706,USA,,800-404-7291,"Sales,Service,Up To 2MW,Mobile/Diesel/Gas,"
10703,Industrial/Commercial Sales & Service,00010000931002,"EMERGENCY POWER SYSTEMS, LLC", 35 HAMILTON LANE,,GLENMONT,NY ,12077,USA,,800-914-1465,"Service,Up To 2MW,Mobile/Diesel/Gas,"
10703,Industrial/Commercial Sales & Service,00010000931002,"EMERGENCY POWER SYSTEMS, LLC", 35 HAMILTON LANE,,GLENMONT,NY ,12077,USA,,800-914-1465,"Service,"
10703,Industrial/Commercial Sales & Service,00010208021002,Modern Group Power Systems, 66A South Gate Blvd.,,New Castle,DE ,19720,USA,,800-404-7291,"Sales,Service,Up To 2MW,Mobile/Diesel/Gas,"
10703,Industrial/Commercial Sales & Service,00010001731002,AUTHORIZED SERVICES OF NEW ENGLAND, 410 FOREST STREET,,MARLBOROUGH,MA ,01752,USA,,888-890-9886,"Sales,"
10703,Industrial/Commercial Sales & Service,00010208021002,Modern Group Power Systems, 3480 Board Road,,York,PA ,17402,USA,,800-404-7291,"Sales,Service,Up To 2MW,Mobile/Diesel/Gas,"
10703,Industrial/Commercial Sales & Service,00010001761002,"GENSERVE, INC.", 100 NEWTOWN RD,,PLAINVIEW,NY ,11803,USA,www.genserveinc.com,631-435-0437,"Service,"
10703,Industrial/Commercial Sales & Service,00111209521002,LONG ISLAND EMERGENCY POWER -QO, 2 Ocean Avenue,,DEER PARK,NY ,11729,USA,,631-586-7513,"Sales,"
10703,Industrial/Commercial Sales & Service,00010139211002,POWERPRO SERVICE CO. INC., 608 JOHNSON AVE. UNIT 6,,BOHEMIA,NY ,11716,USA,,631-567-2700,"Sales,Service,Up To 600kW,Mobile/Diesel/Gas,"
10703,Industrial/Commercial Sales & Service,00010134071002,PEAK POWER SYSTEMS, 99 SPRAGUE AVENUE,,MIDDLETOWN,NY ,10940,USA,www.peakpowersystems.com,845-344-1975,"Sales,Service,Up To 600kW,Mobile/Diesel/Gas,Rental,"
10703,Industrial/Commercial Sales & Service,00111209531002,HUNTINGTON POWER - LONG ISLAND, PO BOX 2040,,SHELTON,CT ,06484,USA,,631-586-7513,"Sales,"
10703,Industrial/Commercial Sales & Service,00010001761002,"GENSERVE, INC.", 115A TWINBRIDGE DR.,,PENNSAUKEN,NJ ,08110,USA,www.genserveinc.com,856-324-0459,"Service,"
10703,Industrial/Commercial Sales & Service,00010001621002,BROOKFIELD SERVICE, 708 GLEBE ROAD,,WESTMORELAND,NH ,03467,USA,www.brookfieldservice.com,802-485-6567,"Service,Up To 600kW,Mobile/Diesel/Gas,"
10703,Industrial/Commercial Sales & Service,00111184131002,HUNTER & LOMISON, 1956 W FOURTH ST,,WILLIAMSPORT,PA ,17701,USA,www.hunterlomison.com,570-326-1764,"Sales,Service,Up To 600kW,Mobile/Diesel/Gas,Rental,"
10703,Industrial/Commercial Sales & Service,00010000881002,HUNTER & LOMISON INC., 1956 W. 4TH STREET,,WILLIAMSPORT,PA ,17701,USA,www.hunterlomison.com,570-326-1764,"Service,Up To 600kW,Mobile/Diesel/Gas,"
10703,Industrial/Commercial Sales & Service,00010021101002,SOUTH SHORE GENERATOR INC-Quote, 2696A CRANBERRY HWY,,WAREHAM,MA ,02571,USA,,508-295-7336,"Sales,Service,Up To 600kW,Mobile/Diesel/Gas,"
10703,Industrial/Commercial Sales & Service,00010001701002,SOUTH SHORE GENERATOR INC, ,,EAST WAREHAM,MA ,02538,USA,,508-295-7336,"Financing,Sales,Service,Up To 600kW,Mobile/Diesel/Gas,"
10703,Industrial/Commercial Sales & Service,00111207431002,WARSHAUER ELECTRIC SUPPLY CO INC, 800 SHREWSBURY AVE,,TINTON FALLS,NJ ,07724,USA,www.warshauer.com,732-741-6400,"Service,"
10703,Industrial/Commercial Sales & Service,00010157021002,Mechanical Service Co, 1145 Oak St.,,Pittston,PA ,18640,USA,,570-654-2445,"Service,"
10704,Industrial/Commercial Sales & Service,00010214161002,"R.L. KISTLER, INC.", 35 HAMILTON LANE,,GLENMONT,NY ,12077,USA,,585-436-1940,"Sales,Service,"
10704,Industrial/Commercial Sales & Service,00010001611002,Huntington Power, 230 Long Hill Cross Rd,,Shelton,CT ,06484,USA,www.huntingtonpower.com,203-929-3203,"Sales,Service,Up To 2MW,Mobile/Diesel/Gas,Training,Rental,"
10704,Industrial/Commercial Sales & Service,00010214161002,"R.L. Kistler, Inc", 300 Mile Crossing Blvd.,,Rochester,NY ,14624,USA,rlkistler.com,585-436-1940,"Sales,"
10704,Industrial/Commercial Sales & Service,00010214161002,"R.L. Kistler, Inc", 5615 Business Ave.,,N. Syracuse,NY ,13208,USA,,315-458-2875,"Sales,"
10704,Industrial/Commercial Sales & Service,00010001611002,Huntington Power, 68 Enter Ln,,Islandia,NY ,11749,USA,,631-563-4943,"Sales,Service,Up To 2MW,Mobile/Diesel/Gas,"
10704,Industrial/Commercial Sales & Service,00010001611002,Huntington Power, 34 E DUDLEY TOWN RD.,,BLOOMFIELD,CT ,06002,USA,,860-289-8790,"Sales,Service,Rental,"
10704,Industrial/Commercial Sales & Service,00010214161002,"R.L. Kistler, Inc", 5615 Business Ave.,,N. Syracuse,NY ,13208,USA,,315-458-2875,"Sales,"
10704,Industrial/Commercial Sales & Service,00010208021002,Modern Group Power Systems, 2501 Durham Road,,Bristol,PA ,19007,USA,www.moderngroup.com,800-404-7291,"Sales,Service,Up To 2MW,Mobile/Diesel/Gas,Training,Rental,"
10704,Industrial/Commercial Sales & Service,00010001731002,Authorized Services Of New England, 410 Forest Street,,Marlborough,MA ,01752,USA,www.asne.com,888-890-9886,"Financing,Sales,Service,Up To 2MW,Mobile/Diesel/Gas,Training,Rental,"
10704,Industrial/Commercial Sales & Service,00010008091002,MODERN HANDLING EQUIP, 75 NEW STREET,,EDISON,NJ ,08837,USA,www.moderngroup.com,800-779-5116,"Sales,Service,Up To 2MW,Mobile/Diesel/Gas,"
10704,Industrial/Commercial Sales & Service,00010208021002,Modern Group Power Systems, 6352 Chapmans Rd,,Allentown,PA ,18106,USA,,800-404-7291,"Sales,Service,Up To 2MW,Mobile/Diesel/Gas,"
10704,Industrial/Commercial Sales & Service,00010208021002,Modern Group Power Systems, 200 Allied Parkway,,West Berlin,NJ ,08091,USA,,800-404-7291,"Sales,Service,Up To 2MW,Mobile/Diesel/Gas,"
10704,Industrial/Commercial Sales & Service,00010208021002,Modern Group Power Systems, 295 New Commerce Blvd.,,Wilkes Barre,PA ,18706,USA,,800-404-7291,"Sales,Service,Up To 2MW,Mobile/Diesel/Gas,"
10704,Industrial/Commercial Sales & Service,00010000931002,"EMERGENCY POWER SYSTEMS, LLC", 35 HAMILTON LANE,,GLENMONT,NY ,12077,USA,,800-914-1465,"Service,Up To 2MW,Mobile/Diesel/Gas,"
10704,Industrial/Commercial Sales & Service,00010000931002,"EMERGENCY POWER SYSTEMS, LLC", 35 HAMILTON LANE,,GLENMONT,NY ,12077,USA,,800-914-1465,"Service,"
10704,Industrial/Commercial Sales & Service,00010208021002,Modern Group Power Systems, 66A South Gate Blvd.,,New Castle,DE ,19720,USA,,800-404-7291,"Sales,Service,Up To 2MW,Mobile/Diesel/Gas,"
10704,Industrial/Commercial Sales & Service,00010001731002,AUTHORIZED SERVICES OF NEW ENGLAND, 410 FOREST STREET,,MARLBOROUGH,MA ,01752,USA,,888-890-9886,"Sales,"
10704,Industrial/Commercial Sales & Service,00010208021002,Modern Group Power Systems, 3480 Board Road,,York,PA ,17402,USA,,800-404-7291,"Sales,Service,Up To 2MW,Mobile/Diesel/Gas,"
10704,Industrial/Commercial Sales & Service,00010001761002,"GENSERVE, INC.", 100 NEWTOWN RD,,PLAINVIEW,NY ,11803,USA,www.genserveinc.com,631-435-0437,"Service,"
10704,Industrial/Commercial Sales & Service,00111209521002,LONG ISLAND EMERGENCY POWER -QO, 2 Ocean Avenue,,DEER PARK,NY ,11729,USA,,631-586-7513,"Sales,"
10704,Industrial/Commercial Sales & Service,00010139211002,POWERPRO SERVICE CO. INC., 608 JOHNSON AVE. UNIT 6,,BOHEMIA,NY ,11716,USA,,631-567-2700,"Sales,Service,Up To 600kW,Mobile/Diesel/Gas,"
10704,Industrial/Commercial Sales & Service,00111209531002,HUNTINGTON POWER - LONG ISLAND, PO BOX 2040,,SHELTON,CT ,06484,USA,,631-586-7513,"Sales,"
10704,Industrial/Commercial Sales & Service,00010134071002,PEAK POWER SYSTEMS, 99 SPRAGUE AVENUE,,MIDDLETOWN,NY ,10940,USA,www.peakpowersystems.com,845-344-1975,"Sales,Service,Up To 600kW,Mobile/Diesel/Gas,Rental,"
10704,Industrial/Commercial Sales & Service,00010001761002,"GENSERVE, INC.", 115A TWINBRIDGE DR.,,PENNSAUKEN,NJ ,08110,USA,www.genserveinc.com,856-324-0459,"Service,"
10704,Industrial/Commercial Sales & Service,00010001621002,BROOKFIELD SERVICE, 708 GLEBE ROAD,,WESTMORELAND,NH ,03467,USA,www.brookfieldservice.com,802-485-6567,"Service,Up To 600kW,Mobile/Diesel/Gas,"
10704,Industrial/Commercial Sales & Service,00111184131002,HUNTER & LOMISON, 1956 W FOURTH ST,,WILLIAMSPORT,PA ,17701,USA,www.hunterlomison.com,570-326-1764,"Sales,Service,Up To 600kW,Mobile/Diesel/Gas,Rental,"
10704,Industrial/Commercial Sales & Service,00010000881002,HUNTER & LOMISON INC., 1956 W. 4TH STREET,,WILLIAMSPORT,PA ,17701,USA,www.hunterlomison.com,570-326-1764,"Service,Up To 600kW,Mobile/Diesel/Gas,"
10704,Industrial/Commercial Sales & Service,00010021101002,SOUTH SHORE GENERATOR INC-Quote, 2696A CRANBERRY HWY,,WAREHAM,MA ,02571,USA,,508-295-7336,"Sales,Service,Up To 600kW,Mobile/Diesel/Gas,"
10704,Industrial/Commercial Sales & Service,00010001701002,SOUTH SHORE GENERATOR INC, ,,EAST WAREHAM,MA ,02538,USA,,508-295-7336,"Financing,Sales,Service,Up To 600kW,Mobile/Diesel/Gas,"
10704,Industrial/Commercial Sales & Service,00111207431002,WARSHAUER ELECTRIC SUPPLY CO INC, 800 SHREWSBURY AVE,,TINTON FALLS,NJ ,07724,USA,www.warshauer.com,732-741-6400,"Service,"
10704,Industrial/Commercial Sales & Service,00010157021002,Mechanical Service Co, 1145 Oak St.,,Pittston,PA ,18640,USA,,570-654-2445,"Service,"
10705,Industrial/Commercial Sales & Service,00010214161002,"R.L. Kistler, Inc", 300 Mile Crossing Blvd.,,Rochester,NY ,14624,USA,rlkistler.com,585-436-1940,"Sales,"
10705,Industrial/Commercial Sales & Service,00010001611002,Huntington Power, 230 Long Hill Cross Rd,,Shelton,CT ,06484,USA,www.huntingtonpower.com,203-929-3203,"Sales,Service,Up To 2MW,Mobile/Diesel/Gas,Training,Rental,"
10705,Industrial/Commercial Sales & Service,00010214161002,"R.L. KISTLER, INC.", 35 HAMILTON LANE,,GLENMONT,NY ,12077,USA,,585-436-1940,"Sales,Service,"
10705,Industrial/Commercial Sales & Service,00010214161002,"R.L. Kistler, Inc", 5615 Business Ave.,,N. Syracuse,NY ,13208,USA,,315-458-2875,"Sales,"
10705,Industrial/Commercial Sales & Service,00010001611002,Huntington Power, 68 Enter Ln,,Islandia,NY ,11749,USA,,631-563-4943,"Sales,Service,Up To 2MW,Mobile/Diesel/Gas,"
10705,Industrial/Commercial Sales & Service,00010001611002,Huntington Power, 34 E DUDLEY TOWN RD.,,BLOOMFIELD,CT ,06002,USA,,860-289-8790,"Sales,Service,Rental,"
10705,Industrial/Commercial Sales & Service,00010214161002,"R.L. Kistler, Inc", 5615 Business Ave.,,N. Syracuse,NY ,13208,USA,,315-458-2875,"Sales,"
10705,Industrial/Commercial Sales & Service,00010208021002,Modern Group Power Systems, 2501 Durham Road,,Bristol,PA ,19007,USA,www.moderngroup.com,800-404-7291,"Sales,Service,Up To 2MW,Mobile/Diesel/Gas,Training,Rental,"
10705,Industrial/Commercial Sales & Service,00010001731002,Authorized Services Of New England, 410 Forest Street,,Marlborough,MA ,01752,USA,www.asne.com,888-890-9886,"Financing,Sales,Service,Up To 2MW,Mobile/Diesel/Gas,Training,Rental,"
10705,Industrial/Commercial Sales & Service,00010008091002,MODERN HANDLING EQUIP, 75 NEW STREET,,EDISON,NJ ,08837,USA,www.moderngroup.com,800-779-5116,"Sales,Service,Up To 2MW,Mobile/Diesel/Gas,"
10705,Industrial/Commercial Sales & Service,00010208021002,Modern Group Power Systems, 6352 Chapmans Rd,,Allentown,PA ,18106,USA,,800-404-7291,"Sales,Service,Up To 2MW,Mobile/Diesel/Gas,"
10705,Industrial/Commercial Sales & Service,00010208021002,Modern Group Power Systems, 200 Allied Parkway,,West Berlin,NJ ,08091,USA,,800-404-7291,"Sales,Service,Up To 2MW,Mobile/Diesel/Gas,"
10705,Industrial/Commercial Sales & Service,00010208021002,Modern Group Power Systems, 295 New Commerce Blvd.,,Wilkes Barre,PA ,18706,USA,,800-404-7291,"Sales,Service,Up To 2MW,Mobile/Diesel/Gas,"
10705,Industrial/Commercial Sales & Service,00010000931002,"EMERGENCY POWER SYSTEMS, LLC", 35 HAMILTON LANE,,GLENMONT,NY ,12077,USA,,800-914-1465,"Service,Up To 2MW,Mobile/Diesel/Gas,"
10705,Industrial/Commercial Sales & Service,00010000931002,"EMERGENCY POWER SYSTEMS, LLC", 35 HAMILTON LANE,,GLENMONT,NY ,12077,USA,,800-914-1465,"Service,"
10705,Industrial/Commercial Sales & Service,00010208021002,Modern Group Power Systems, 66A South Gate Blvd.,,New Castle,DE ,19720,USA,,800-404-7291,"Sales,Service,Up To 2MW,Mobile/Diesel/Gas,"
10705,Industrial/Commercial Sales & Service,00010001731002,AUTHORIZED SERVICES OF NEW ENGLAND, 410 FOREST STREET,,MARLBOROUGH,MA ,01752,USA,,888-890-9886,"Sales,"
10705,Industrial/Commercial Sales & Service,00010208021002,Modern Group Power Systems, 3480 Board Road,,York,PA ,17402,USA,,800-404-7291,"Sales,Service,Up To 2MW,Mobile/Diesel/Gas,"
10705,Industrial/Commercial Sales & Service,00010001761002,"GENSERVE, INC.", 100 NEWTOWN RD,,PLAINVIEW,NY ,11803,USA,www.genserveinc.com,631-435-0437,"Service,"
10705,Industrial/Commercial Sales & Service,00111209521002,LONG ISLAND EMERGENCY POWER -QO, 2 Ocean Avenue,,DEER PARK,NY ,11729,USA,,631-586-7513,"Sales,"
10705,Industrial/Commercial Sales & Service,00010139211002,POWERPRO SERVICE CO. INC., 608 JOHNSON AVE. UNIT 6,,BOHEMIA,NY ,11716,USA,,631-567-2700,"Sales,Service,Up To 600kW,Mobile/Diesel/Gas,"
10705,Industrial/Commercial Sales & Service,00010134071002,PEAK POWER SYSTEMS, 99 SPRAGUE AVENUE,,MIDDLETOWN,NY ,10940,USA,www.peakpowersystems.com,845-344-1975,"Sales,Service,Up To 600kW,Mobile/Diesel/Gas,Rental,"
10705,Industrial/Commercial Sales & Service,00111209531002,HUNTINGTON POWER - LONG ISLAND, PO BOX 2040,,SHELTON,CT ,06484,USA,,631-586-7513,"Sales,"
10705,Industrial/Commercial Sales & Service,00010001761002,"GENSERVE, INC.", 115A TWINBRIDGE DR.,,PENNSAUKEN,NJ ,08110,USA,www.genserveinc.com,856-324-0459,"Service,"
10705,Industrial/Commercial Sales & Service,00010001621002,BROOKFIELD SERVICE, 708 GLEBE ROAD,,WESTMORELAND,NH ,03467,USA,www.brookfieldservice.com,802-485-6567,"Service,Up To 600kW,Mobile/Diesel/Gas,"
10705,Industrial/Commercial Sales & Service,00111184131002,HUNTER & LOMISON, 1956 W FOURTH ST,,WILLIAMSPORT,PA ,17701,USA,www.hunterlomison.com,570-326-1764,"Sales,Service,Up To 600kW,Mobile/Diesel/Gas,Rental,"
10705,Industrial/Commercial Sales & Service,00010000881002,HUNTER & LOMISON INC., 1956 W. 4TH STREET,,WILLIAMSPORT,PA ,17701,USA,www.hunterlomison.com,570-326-1764,"Service,Up To 600kW,Mobile/Diesel/Gas,"
10705,Industrial/Commercial Sales & Service,00010021101002,SOUTH SHORE GENERATOR INC-Quote, 2696A CRANBERRY HWY,,WAREHAM,MA ,02571,USA,,508-295-7336,"Sales,Service,Up To 600kW,Mobile/Diesel/Gas,"
10705,Industrial/Commercial Sales & Service,00010001701002,SOUTH SHORE GENERATOR INC, ,,EAST WAREHAM,MA ,02538,USA,,508-295-7336,"Financing,Sales,Service,Up To 600kW,Mobile/Diesel/Gas,"
10705,Industrial/Commercial Sales & Service,00111207431002,WARSHAUER ELECTRIC SUPPLY CO INC, 800 SHREWSBURY AVE,,TINTON FALLS,NJ ,07724,USA,www.warshauer.com,732-741-6400,"Service,"
10705,Industrial/Commercial Sales & Service,00010157021002,Mechanical Service Co, 1145 Oak St.,,Pittston,PA ,18640,USA,,570-654-2445,"Service,"
10706,Industrial/Commercial Sales & Service,00010214161002,"R.L. KISTLER, INC.", 35 HAMILTON LANE,,GLENMONT,NY ,12077,USA,,585-436-1940,"Sales,Service,"
10706,Industrial/Commercial Sales & Service,00010001611002,Huntington Power, 230 Long Hill Cross Rd,,Shelton,CT ,06484,USA,www.huntingtonpower.com,203-929-3203,"Sales,Service,Up To 2MW,Mobile/Diesel/Gas,Training,Rental,"
10706,Industrial/Commercial Sales & Service,00010214161002,"R.L. Kistler, Inc", 300 Mile Crossing Blvd.,,Rochester,NY ,14624,USA,rlkistler.com,585-436-1940,"Sales,"
10706,Industrial/Commercial Sales & Service,00010214161002,"R.L. Kistler, Inc", 5615 Business Ave.,,N. Syracuse,NY ,13208,USA,,315-458-2875,"Sales,"
10706,Industrial/Commercial Sales & Service,00010001611002,Huntington Power, 68 Enter Ln,,Islandia,NY ,11749,USA,,631-563-4943,"Sales,Service,Up To 2MW,Mobile/Diesel/Gas,"
10706,Industrial/Commercial Sales & Service,00010001611002,Huntington Power, 34 E DUDLEY TOWN RD.,,BLOOMFIELD,CT ,06002,USA,,860-289-8790,"Sales,Service,Rental,"
10706,Industrial/Commercial Sales & Service,00010214161002,"R.L. Kistler, Inc", 5615 Business Ave.,,N. Syracuse,NY ,13208,USA,,315-458-2875,"Sales,"
10706,Industrial/Commercial Sales & Service,00010208021002,Modern Group Power Systems, 2501 Durham Road,,Bristol,PA ,19007,USA,www.moderngroup.com,800-404-7291,"Sales,Service,Up To 2MW,Mobile/Diesel/Gas,Training,Rental,"
10706,Industrial/Commercial Sales & Service,00010001731002,Authorized Services Of New England, 410 Forest Street,,Marlborough,MA ,01752,USA,www.asne.com,888-890-9886,"Financing,Sales,Service,Up To 2MW,Mobile/Diesel/Gas,Training,Rental,"
10706,Industrial/Commercial Sales & Service,00010008091002,MODERN HANDLING EQUIP, 75 NEW STREET,,EDISON,NJ ,08837,USA,www.moderngroup.com,800-779-5116,"Sales,Service,Up To 2MW,Mobile/Diesel/Gas,"
10706,Industrial/Commercial Sales & Service,00010208021002,Modern Group Power Systems, 6352 Chapmans Rd,,Allentown,PA ,18106,USA,,800-404-7291,"Sales,Service,Up To 2MW,Mobile/Diesel/Gas,"
10706,Industrial/Commercial Sales & Service,00010208021002,Modern Group Power Systems, 200 Allied Parkway,,West Berlin,NJ ,08091,USA,,800-404-7291,"Sales,Service,Up To 2MW,Mobile/Diesel/Gas,"
10706,Industrial/Commercial Sales & Service,00010208021002,Modern Group Power Systems, 295 New Commerce Blvd.,,Wilkes Barre,PA ,18706,USA,,800-404-7291,"Sales,Service,Up To 2MW,Mobile/Diesel/Gas,"
10706,Industrial/Commercial Sales & Service,00010000931002,"EMERGENCY POWER SYSTEMS, LLC", 35 HAMILTON LANE,,GLENMONT,NY ,12077,USA,,800-914-1465,"Service,Up To 2MW,Mobile/Diesel/Gas,"
10706,Industrial/Commercial Sales & Service,00010000931002,"EMERGENCY POWER SYSTEMS, LLC", 35 HAMILTON LANE,,GLENMONT,NY ,12077,USA,,800-914-1465,"Service,"
10706,Industrial/Commercial Sales & Service,00010208021002,Modern Group Power Systems, 66A South Gate Blvd.,,New Castle,DE ,19720,USA,,800-404-7291,"Sales,Service,Up To 2MW,Mobile/Diesel/Gas,"
10706,Industrial/Commercial Sales & Service,00010001731002,AUTHORIZED SERVICES OF NEW ENGLAND, 410 FOREST STREET,,MARLBOROUGH,MA ,01752,USA,,888-890-9886,"Sales,"
10706,Industrial/Commercial Sales & Service,00010208021002,Modern Group Power Systems, 3480 Board Road,,York,PA ,17402,USA,,800-404-7291,"Sales,Service,Up To 2MW,Mobile/Diesel/Gas,"
10706,Industrial/Commercial Sales & Service,00010001761002,"GENSERVE, INC.", 100 NEWTOWN RD,,PLAINVIEW,NY ,11803,USA,www.genserveinc.com,631-435-0437,"Service,"
10706,Industrial/Commercial Sales & Service,00111209521002,LONG ISLAND EMERGENCY POWER -QO, 2 Ocean Avenue,,DEER PARK,NY ,11729,USA,,631-586-7513,"Sales,"
10706,Industrial/Commercial Sales & Service,00010139211002,POWERPRO SERVICE CO. INC., 608 JOHNSON AVE. UNIT 6,,BOHEMIA,NY ,11716,USA,,631-567-2700,"Sales,Service,Up To 600kW,Mobile/Diesel/Gas,"
10706,Industrial/Commercial Sales & Service,00010134071002,PEAK POWER SYSTEMS, 99 SPRAGUE AVENUE,,MIDDLETOWN,NY ,10940,USA,www.peakpowersystems.com,845-344-1975,"Sales,Service,Up To 600kW,Mobile/Diesel/Gas,Rental,"
10706,Industrial/Commercial Sales & Service,00111209531002,HUNTINGTON POWER - LONG ISLAND, PO BOX 2040,,SHELTON,CT ,06484,USA,,631-586-7513,"Sales,"
10706,Industrial/Commercial Sales & Service,00010001761002,"GENSERVE, INC.", 115A TWINBRIDGE DR.,,PENNSAUKEN,NJ ,08110,USA,www.genserveinc.com,856-324-0459,"Service,"
10706,Industrial/Commercial Sales & Service,00010001621002,BROOKFIELD SERVICE, 708 GLEBE ROAD,,WESTMORELAND,NH ,03467,USA,www.brookfieldservice.com,802-485-6567,"Service,Up To 600kW,Mobile/Diesel/Gas,"
10706,Industrial/Commercial Sales & Service,00111184131002,HUNTER & LOMISON, 1956 W FOURTH ST,,WILLIAMSPORT,PA ,17701,USA,www.hunterlomison.com,570-326-1764,"Sales,Service,Up To 600kW,Mobile/Diesel/Gas,Rental,"
10706,Industrial/Commercial Sales & Service,00010000881002,HUNTER & LOMISON INC., 1956 W. 4TH STREET,,WILLIAMSPORT,PA ,17701,USA,www.hunterlomison.com,570-326-1764,"Service,Up To 600kW,Mobile/Diesel/Gas,"
10706,Industrial/Commercial Sales & Service,00010021101002,SOUTH SHORE GENERATOR INC-Quote, 2696A CRANBERRY HWY,,WAREHAM,MA ,02571,USA,,508-295-7336,"Sales,Service,Up To 600kW,Mobile/Diesel/Gas,"
10706,Industrial/Commercial Sales & Service,00010001701002,SOUTH SHORE GENERATOR INC, ,,EAST WAREHAM,MA ,02538,USA,,508-295-7336,"Financing,Sales,Service,Up To 600kW,Mobile/Diesel/Gas,"
10706,Industrial/Commercial Sales & Service,00111207431002,WARSHAUER ELECTRIC SUPPLY CO INC, 800 SHREWSBURY AVE,,TINTON FALLS,NJ ,07724,USA,www.warshauer.com,732-741-6400,"Service,"
10706,Industrial/Commercial Sales & Service,00010157021002,Mechanical Service Co, 1145 Oak St.,,Pittston,PA ,18640,USA,,570-654-2445,"Service,"
10707,Industrial/Commercial Sales & Service,00010001611002,Huntington Power, 230 Long Hill Cross Rd,,Shelton,CT ,06484,USA,www.huntingtonpower.com,203-929-3203,"Sales,Service,Up To 2MW,Mobile/Diesel/Gas,Training,Rental,"
10707,Industrial/Commercial Sales & Service,00010214161002,"R.L. KISTLER, INC.", 35 HAMILTON LANE,,GLENMONT,NY ,12077,USA,,585-436-1940,"Sales,Service,"
10707,Industrial/Commercial Sales & Service,00010214161002,"R.L. Kistler, Inc", 300 Mile Crossing Blvd.,,Rochester,NY ,14624,USA,rlkistler.com,585-436-1940,"Sales,"
10707,Industrial/Commercial Sales & Service,00010001611002,Huntington Power, 68 Enter Ln,,Islandia,NY ,11749,USA,,631-563-4943,"Sales,Service,Up To 2MW,Mobile/Diesel/Gas,"
10707,Industrial/Commercial Sales & Service,00010001611002,Huntington Power, 34 E DUDLEY TOWN RD.,,BLOOMFIELD,CT ,06002,USA,,860-289-8790,"Sales,Service,Rental,"
10707,Industrial/Commercial Sales & Service,00010214161002,"R.L. Kistler, Inc", 5615 Business Ave.,,N. Syracuse,NY ,13208,USA,,315-458-2875,"Sales,"
10707,Industrial/Commercial Sales & Service,00010214161002,"R.L. Kistler, Inc", 5615 Business Ave.,,N. Syracuse,NY ,13208,USA,,315-458-2875,"Sales,"
10707,Industrial/Commercial Sales & Service,00010208021002,Modern Group Power Systems, 2501 Durham Road,,Bristol,PA ,19007,USA,www.moderngroup.com,800-404-7291,"Sales,Service,Up To 2MW,Mobile/Diesel/Gas,Training,Rental,"
10707,Industrial/Commercial Sales & Service,00010001731002,Authorized Services Of New England, 410 Forest Street,,Marlborough,MA ,01752,USA,www.asne.com,888-890-9886,"Financing,Sales,Service,Up To 2MW,Mobile/Diesel/Gas,Training,Rental,"
10707,Industrial/Commercial Sales & Service,00010008091002,MODERN HANDLING EQUIP, 75 NEW STREET,,EDISON,NJ ,08837,USA,www.moderngroup.com,800-779-5116,"Sales,Service,Up To 2MW,Mobile/Diesel/Gas,"
10707,Industrial/Commercial Sales & Service,00010208021002,Modern Group Power Systems, 6352 Chapmans Rd,,Allentown,PA ,18106,USA,,800-404-7291,"Sales,Service,Up To 2MW,Mobile/Diesel/Gas,"
10707,Industrial/Commercial Sales & Service,00010208021002,Modern Group Power Systems, 200 Allied Parkway,,West Berlin,NJ ,08091,USA,,800-404-7291,"Sales,Service,Up To 2MW,Mobile/Diesel/Gas,"
10707,Industrial/Commercial Sales & Service,00010208021002,Modern Group Power Systems, 295 New Commerce Blvd.,,Wilkes Barre,PA ,18706,USA,,800-404-7291,"Sales,Service,Up To 2MW,Mobile/Diesel/Gas,"
10707,Industrial/Commercial Sales & Service,00010000931002,"EMERGENCY POWER SYSTEMS, LLC", 35 HAMILTON LANE,,GLENMONT,NY ,12077,USA,,800-914-1465,"Service,Up To 2MW,Mobile/Diesel/Gas,"
10707,Industrial/Commercial Sales & Service,00010000931002,"EMERGENCY POWER SYSTEMS, LLC", 35 HAMILTON LANE,,GLENMONT,NY ,12077,USA,,800-914-1465,"Service,"
10707,Industrial/Commercial Sales & Service,00010208021002,Modern Group Power Systems, 66A South Gate Blvd.,,New Castle,DE ,19720,USA,,800-404-7291,"Sales,Service,Up To 2MW,Mobile/Diesel/Gas,"
10707,Industrial/Commercial Sales & Service,00010001731002,AUTHORIZED SERVICES OF NEW ENGLAND, 410 FOREST STREET,,MARLBOROUGH,MA ,01752,USA,,888-890-9886,"Sales,"
10707,Industrial/Commercial Sales & Service,00010208021002,Modern Group Power Systems, 3480 Board Road,,York,PA ,17402,USA,,800-404-7291,"Sales,Service,Up To 2MW,Mobile/Diesel/Gas,"
10707,Industrial/Commercial Sales & Service,00010001761002,"GENSERVE, INC.", 100 NEWTOWN RD,,PLAINVIEW,NY ,11803,USA,www.genserveinc.com,631-435-0437,"Service,"
10707,Industrial/Commercial Sales & Service,00111209521002,LONG ISLAND EMERGENCY POWER -QO, 2 Ocean Avenue,,DEER PARK,NY ,11729,USA,,631-586-7513,"Sales,"
10707,Industrial/Commercial Sales & Service,00010139211002,POWERPRO SERVICE CO. INC., 608 JOHNSON AVE. UNIT 6,,BOHEMIA,NY ,11716,USA,,631-567-2700,"Sales,Service,Up To 600kW,Mobile/Diesel/Gas,"
10707,Industrial/Commercial Sales & Service,00111209531002,HUNTINGTON POWER - LONG ISLAND, PO BOX 2040,,SHELTON,CT ,06484,USA,,631-586-7513,"Sales,"
10707,Industrial/Commercial Sales & Service,00010134071002,PEAK POWER SYSTEMS, 99 SPRAGUE AVENUE,,MIDDLETOWN,NY ,10940,USA,www.peakpowersystems.com,845-344-1975,"Sales,Service,Up To 600kW,Mobile/Diesel/Gas,Rental,"
10707,Industrial/Commercial Sales & Service,00010001761002,"GENSERVE, INC.", 115A TWINBRIDGE DR.,,PENNSAUKEN,NJ ,08110,USA,www.genserveinc.com,856-324-0459,"Service,"
10707,Industrial/Commercial Sales & Service,00010001621002,BROOKFIELD SERVICE, 708 GLEBE ROAD,,WESTMORELAND,NH ,03467,USA,www.brookfieldservice.com,802-485-6567,"Service,Up To 600kW,Mobile/Diesel/Gas,"
10707,Industrial/Commercial Sales & Service,00111184131002,HUNTER & LOMISON, 1956 W FOURTH ST,,WILLIAMSPORT,PA ,17701,USA,www.hunterlomison.com,570-326-1764,"Sales,Service,Up To 600kW,Mobile/Diesel/Gas,Rental,"
10707,Industrial/Commercial Sales & Service,00010000881002,HUNTER & LOMISON INC., 1956 W. 4TH STREET,,WILLIAMSPORT,PA ,17701,USA,www.hunterlomison.com,570-326-1764,"Service,Up To 600kW,Mobile/Diesel/Gas,"
10707,Industrial/Commercial Sales & Service,00010021101002,SOUTH SHORE GENERATOR INC-Quote, 2696A CRANBERRY HWY,,WAREHAM,MA ,02571,USA,,508-295-7336,"Sales,Service,Up To 600kW,Mobile/Diesel/Gas,"
10707,Industrial/Commercial Sales & Service,00010001701002,SOUTH SHORE GENERATOR INC, ,,EAST WAREHAM,MA ,02538,USA,,508-295-7336,"Financing,Sales,Service,Up To 600kW,Mobile/Diesel/Gas,"
10707,Industrial/Commercial Sales & Service,00111207431002,WARSHAUER ELECTRIC SUPPLY CO INC, 800 SHREWSBURY AVE,,TINTON FALLS,NJ ,07724,USA,www.warshauer.com,732-741-6400,"Service,"
10707,Industrial/Commercial Sales & Service,00010157021002,Mechanical Service Co, 1145 Oak St.,,Pittston,PA ,18640,USA,,570-654-2445,"Service,"
10708,Industrial/Commercial Sales & Service,00010214161002,"R.L. Kistler, Inc", 300 Mile Crossing Blvd.,,Rochester,NY ,14624,USA,rlkistler.com,585-436-1940,"Sales,"
10708,Industrial/Commercial Sales & Service,00010001611002,Huntington Power, 230 Long Hill Cross Rd,,Shelton,CT ,06484,USA,www.huntingtonpower.com,203-929-3203,"Sales,Service,Up To 2MW,Mobile/Diesel/Gas,Training,Rental,"
10708,Industrial/Commercial Sales & Service,00010214161002,"R.L. KISTLER, INC.", 35 HAMILTON LANE,,GLENMONT,NY ,12077,USA,,585-436-1940,"Sales,Service,"
10708,Industrial/Commercial Sales & Service,00010214161002,"R.L. Kistler, Inc", 5615 Business Ave.,,N. Syracuse,NY ,13208,USA,,315-458-2875,"Sales,"
10708,Industrial/Commercial Sales & Service,00010001611002,Huntington Power, 68 Enter Ln,,Islandia,NY ,11749,USA,,631-563-4943,"Sales,Service,Up To 2MW,Mobile/Diesel/Gas,"
10708,Industrial/Commercial Sales & Service,00010001611002,Huntington Power, 34 E DUDLEY TOWN RD.,,BLOOMFIELD,CT ,06002,USA,,860-289-8790,"Sales,Service,Rental,"
10708,Industrial/Commercial Sales & Service,00010214161002,"R.L. Kistler, Inc", 5615 Business Ave.,,N. Syracuse,NY ,13208,USA,,315-458-2875,"Sales,"
10708,Industrial/Commercial Sales & Service,00010208021002,Modern Group Power Systems, 2501 Durham Road,,Bristol,PA ,19007,USA,www.moderngroup.com,800-404-7291,"Sales,Service,Up To 2MW,Mobile/Diesel/Gas,Training,Rental,"
10708,Industrial/Commercial Sales & Service,00010001731002,Authorized Services Of New England, 410 Forest Street,,Marlborough,MA ,01752,USA,www.asne.com,888-890-9886,"Financing,Sales,Service,Up To 2MW,Mobile/Diesel/Gas,Training,Rental,"
10708,Industrial/Commercial Sales & Service,00010008091002,MODERN HANDLING EQUIP, 75 NEW STREET,,EDISON,NJ ,08837,USA,www.moderngroup.com,800-779-5116,"Sales,Service,Up To 2MW,Mobile/Diesel/Gas,"
10708,Industrial/Commercial Sales & Service,00010208021002,Modern Group Power Systems, 6352 Chapmans Rd,,Allentown,PA ,18106,USA,,800-404-7291,"Sales,Service,Up To 2MW,Mobile/Diesel/Gas,"
10708,Industrial/Commercial Sales & Service,00010208021002,Modern Group Power Systems, 200 Allied Parkway,,West Berlin,NJ ,08091,USA,,800-404-7291,"Sales,Service,Up To 2MW,Mobile/Diesel/Gas,"
10708,Industrial/Commercial Sales & Service,00010208021002,Modern Group Power Systems, 295 New Commerce Blvd.,,Wilkes Barre,PA ,18706,USA,,800-404-7291,"Sales,Service,Up To 2MW,Mobile/Diesel/Gas,"
10708,Industrial/Commercial Sales & Service,00010000931002,"EMERGENCY POWER SYSTEMS, LLC", 35 HAMILTON LANE,,GLENMONT,NY ,12077,USA,,800-914-1465,"Service,Up To 2MW,Mobile/Diesel/Gas,"
10708,Industrial/Commercial Sales & Service,00010000931002,"EMERGENCY POWER SYSTEMS, LLC", 35 HAMILTON LANE,,GLENMONT,NY ,12077,USA,,800-914-1465,"Service,"
10708,Industrial/Commercial Sales & Service,00010208021002,Modern Group Power Systems, 66A South Gate Blvd.,,New Castle,DE ,19720,USA,,800-404-7291,"Sales,Service,Up To 2MW,Mobile/Diesel/Gas,"
10708,Industrial/Commercial Sales & Service,00010001731002,AUTHORIZED SERVICES OF NEW ENGLAND, 410 FOREST STREET,,MARLBOROUGH,MA ,01752,USA,,888-890-9886,"Sales,"
10708,Industrial/Commercial Sales & Service,00010208021002,Modern Group Power Systems, 3480 Board Road,,York,PA ,17402,USA,,800-404-7291,"Sales,Service,Up To 2MW,Mobile/Diesel/Gas,"
10708,Industrial/Commercial Sales & Service,00010001761002,"GENSERVE, INC.", 100 NEWTOWN RD,,PLAINVIEW,NY ,11803,USA,www.genserveinc.com,631-435-0437,"Service,"
10708,Industrial/Commercial Sales & Service,00111209521002,LONG ISLAND EMERGENCY POWER -QO, 2 Ocean Avenue,,DEER PARK,NY ,11729,USA,,631-586-7513,"Sales,"
10708,Industrial/Commercial Sales & Service,00010139211002,POWERPRO SERVICE CO. INC., 608 JOHNSON AVE. UNIT 6,,BOHEMIA,NY ,11716,USA,,631-567-2700,"Sales,Service,Up To 600kW,Mobile/Diesel/Gas,"
10708,Industrial/Commercial Sales & Service,00111209531002,HUNTINGTON POWER - LONG ISLAND, PO BOX 2040,,SHELTON,CT ,06484,USA,,631-586-7513,"Sales,"
10708,Industrial/Commercial Sales & Service,00010134071002,PEAK POWER SYSTEMS, 99 SPRAGUE AVENUE,,MIDDLETOWN,NY ,10940,USA,www.peakpowersystems.com,845-344-1975,"Sales,Service,Up To 600kW,Mobile/Diesel/Gas,Rental,"
10708,Industrial/Commercial Sales & Service,00010001761002,"GENSERVE, INC.", 115A TWINBRIDGE DR.,,PENNSAUKEN,NJ ,08110,USA,www.genserveinc.com,856-324-0459,"Service,"
10708,Industrial/Commercial Sales & Service,00010001621002,BROOKFIELD SERVICE, 708 GLEBE ROAD,,WESTMORELAND,NH ,03467,USA,www.brookfieldservice.com,802-485-6567,"Service,Up To 600kW,Mobile/Diesel/Gas,"
10708,Industrial/Commercial Sales & Service,00111184131002,HUNTER & LOMISON, 1956 W FOURTH ST,,WILLIAMSPORT,PA ,17701,USA,www.hunterlomison.com,570-326-1764,"Sales,Service,Up To 600kW,Mobile/Diesel/Gas,Rental,"
10708,Industrial/Commercial Sales & Service,00010000881002,HUNTER & LOMISON INC., 1956 W. 4TH STREET,,WILLIAMSPORT,PA ,17701,USA,www.hunterlomison.com,570-326-1764,"Service,Up To 600kW,Mobile/Diesel/Gas,"
10708,Industrial/Commercial Sales & Service,00010021101002,SOUTH SHORE GENERATOR INC-Quote, 2696A CRANBERRY HWY,,WAREHAM,MA ,02571,USA,,508-295-7336,"Sales,Service,Up To 600kW,Mobile/Diesel/Gas,"
10708,Industrial/Commercial Sales & Service,00010001701002,SOUTH SHORE GENERATOR INC, ,,EAST WAREHAM,MA ,02538,USA,,508-295-7336,"Financing,Sales,Service,Up To 600kW,Mobile/Diesel/Gas,"
10708,Industrial/Commercial Sales & Service,00111207431002,WARSHAUER ELECTRIC SUPPLY CO INC, 800 SHREWSBURY AVE,,TINTON FALLS,NJ ,07724,USA,www.warshauer.com,732-741-6400,"Service,"
10708,Industrial/Commercial Sales & Service,00010157021002,Mechanical Service Co, 1145 Oak St.,,Pittston,PA ,18640,USA,,570-654-2445,"Service,"
10709,Industrial/Commercial Sales & Service,00010214161002,"R.L. KISTLER, INC.", 35 HAMILTON LANE,,GLENMONT,NY ,12077,USA,,585-436-1940,"Sales,Service,"
10709,Industrial/Commercial Sales & Service,00010214161002,"R.L. Kistler, Inc", 300 Mile Crossing Blvd.,,Rochester,NY ,14624,USA,rlkistler.com,585-436-1940,"Sales,"
10709,Industrial/Commercial Sales & Service,00010001611002,Huntington Power, 230 Long Hill Cross Rd,,Shelton,CT ,06484,USA,www.huntingtonpower.com,203-929-3203,"Sales,Service,Up To 2MW,Mobile/Diesel/Gas,Training,Rental,"
10709,Industrial/Commercial Sales & Service,00010214161002,"R.L. Kistler, Inc", 5615 Business Ave.,,N. Syracuse,NY ,13208,USA,,315-458-2875,"Sales,"
10709,Industrial/Commercial Sales & Service,00010214161002,"R.L. Kistler, Inc", 5615 Business Ave.,,N. Syracuse,NY ,13208,USA,,315-458-2875,"Sales,"
10709,Industrial/Commercial Sales & Service,00010001611002,Huntington Power, 68 Enter Ln,,Islandia,NY ,11749,USA,,631-563-4943,"Sales,Service,Up To 2MW,Mobile/Diesel/Gas,"
10709,Industrial/Commercial Sales & Service,00010001611002,Huntington Power, 34 E DUDLEY TOWN RD.,,BLOOMFIELD,CT ,06002,USA,,860-289-8790,"Sales,Service,Rental,"
10709,Industrial/Commercial Sales & Service,00010208021002,Modern Group Power Systems, 2501 Durham Road,,Bristol,PA ,19007,USA,www.moderngroup.com,800-404-7291,"Sales,Service,Up To 2MW,Mobile/Diesel/Gas,Training,Rental,"
10709,Industrial/Commercial Sales & Service,00010001731002,Authorized Services Of New England, 410 Forest Street,,Marlborough,MA ,01752,USA,www.asne.com,888-890-9886,"Financing,Sales,Service,Up To 2MW,Mobile/Diesel/Gas,Training,Rental,"
10709,Industrial/Commercial Sales & Service,00010008091002,MODERN HANDLING EQUIP, 75 NEW STREET,,EDISON,NJ ,08837,USA,www.moderngroup.com,800-779-5116,"Sales,Service,Up To 2MW,Mobile/Diesel/Gas,"
10709,Industrial/Commercial Sales & Service,00010208021002,Modern Group Power Systems, 6352 Chapmans Rd,,Allentown,PA ,18106,USA,,800-404-7291,"Sales,Service,Up To 2MW,Mobile/Diesel/Gas,"
10709,Industrial/Commercial Sales & Service,00010208021002,Modern Group Power Systems, 200 Allied Parkway,,West Berlin,NJ ,08091,USA,,800-404-7291,"Sales,Service,Up To 2MW,Mobile/Diesel/Gas,"
10709,Industrial/Commercial Sales & Service,00010208021002,Modern Group Power Systems, 295 New Commerce Blvd.,,Wilkes Barre,PA ,18706,USA,,800-404-7291,"Sales,Service,Up To 2MW,Mobile/Diesel/Gas,"
10709,Industrial/Commercial Sales & Service,00010000931002,"EMERGENCY POWER SYSTEMS, LLC", 35 HAMILTON LANE,,GLENMONT,NY ,12077,USA,,800-914-1465,"Service,Up To 2MW,Mobile/Diesel/Gas,"
10709,Industrial/Commercial Sales & Service,00010000931002,"EMERGENCY POWER SYSTEMS, LLC", 35 HAMILTON LANE,,GLENMONT,NY ,12077,USA,,800-914-1465,"Service,"
10709,Industrial/Commercial Sales & Service,00010208021002,Modern Group Power Systems, 66A South Gate Blvd.,,New Castle,DE ,19720,USA,,800-404-7291,"Sales,Service,Up To 2MW,Mobile/Diesel/Gas,"
10709,Industrial/Commercial Sales & Service,00010001731002,AUTHORIZED SERVICES OF NEW ENGLAND, 410 FOREST STREET,,MARLBOROUGH,MA ,01752,USA,,888-890-9886,"Sales,"
10709,Industrial/Commercial Sales & Service,00010208021002,Modern Group Power Systems, 3480 Board Road,,York,PA ,17402,USA,,800-404-7291,"Sales,Service,Up To 2MW,Mobile/Diesel/Gas,"
10709,Industrial/Commercial Sales & Service,00010001761002,"GENSERVE, INC.", 100 NEWTOWN RD,,PLAINVIEW,NY ,11803,USA,www.genserveinc.com,631-435-0437,"Service,"
10709,Industrial/Commercial Sales & Service,00111209521002,LONG ISLAND EMERGENCY POWER -QO, 2 Ocean Avenue,,DEER PARK,NY ,11729,USA,,631-586-7513,"Sales,"
10709,Industrial/Commercial Sales & Service,00010139211002,POWERPRO SERVICE CO. INC., 608 JOHNSON AVE. UNIT 6,,BOHEMIA,NY ,11716,USA,,631-567-2700,"Sales,Service,Up To 600kW,Mobile/Diesel/Gas,"
10709,Industrial/Commercial Sales & Service,00111209531002,HUNTINGTON POWER - LONG ISLAND, PO BOX 2040,,SHELTON,CT ,06484,USA,,631-586-7513,"Sales,"
10709,Industrial/Commercial Sales & Service,00010134071002,PEAK POWER SYSTEMS, 99 SPRAGUE AVENUE,,MIDDLETOWN,NY ,10940,USA,www.peakpowersystems.com,845-344-1975,"Sales,Service,Up To 600kW,Mobile/Diesel/Gas,Rental,"
10709,Industrial/Commercial Sales & Service,00010001761002,"GENSERVE, INC.", 115A TWINBRIDGE DR.,,PENNSAUKEN,NJ ,08110,USA,www.genserveinc.com,856-324-0459,"Service,"
10709,Industrial/Commercial Sales & Service,00010001621002,BROOKFIELD SERVICE, 708 GLEBE ROAD,,WESTMORELAND,NH ,03467,USA,www.brookfieldservice.com,802-485-6567,"Service,Up To 600kW,Mobile/Diesel/Gas,"
10709,Industrial/Commercial Sales & Service,00111184131002,HUNTER & LOMISON, 1956 W FOURTH ST,,WILLIAMSPORT,PA ,17701,USA,www.hunterlomison.com,570-326-1764,"Sales,Service,Up To 600kW,Mobile/Diesel/Gas,Rental,"
10709,Industrial/Commercial Sales & Service,00010000881002,HUNTER & LOMISON INC., 1956 W. 4TH STREET,,WILLIAMSPORT,PA ,17701,USA,www.hunterlomison.com,570-326-1764,"Service,Up To 600kW,Mobile/Diesel/Gas,"
10709,Industrial/Commercial Sales & Service,00010021101002,SOUTH SHORE GENERATOR INC-Quote, 2696A CRANBERRY HWY,,WAREHAM,MA ,02571,USA,,508-295-7336,"Sales,Service,Up To 600kW,Mobile/Diesel/Gas,"
10709,Industrial/Commercial Sales & Service,00010001701002,SOUTH SHORE GENERATOR INC, ,,EAST WAREHAM,MA ,02538,USA,,508-295-7336,"Financing,Sales,Service,Up To 600kW,Mobile/Diesel/Gas,"
10709,Industrial/Commercial Sales & Service,00111207431002,WARSHAUER ELECTRIC SUPPLY CO INC, 800 SHREWSBURY AVE,,TINTON FALLS,NJ ,07724,USA,www.warshauer.com,732-741-6400,"Service,"
10709,Industrial/Commercial Sales & Service,00010157021002,Mechanical Service Co, 1145 Oak St.,,Pittston,PA ,18640,USA,,570-654-2445,"Service,"
10710,Industrial/Commercial Sales & Service,00010001611002,Huntington Power, 230 Long Hill Cross Rd,,Shelton,CT ,06484,USA,www.huntingtonpower.com,203-929-3203,"Sales,Service,Up To 2MW,Mobile/Diesel/Gas,Training,Rental,"
10710,Industrial/Commercial Sales & Service,00010214161002,"R.L. KISTLER, INC.", 35 HAMILTON LANE,,GLENMONT,NY ,12077,USA,,585-436-1940,"Sales,Service,"
10710,Industrial/Commercial Sales & Service,00010214161002,"R.L. Kistler, Inc", 300 Mile Crossing Blvd.,,Rochester,NY ,14624,USA,rlkistler.com,585-436-1940,"Sales,"
10710,Industrial/Commercial Sales & Service,00010001611002,Huntington Power, 68 Enter Ln,,Islandia,NY ,11749,USA,,631-563-4943,"Sales,Service,Up To 2MW,Mobile/Diesel/Gas,"
10710,Industrial/Commercial Sales & Service,00010001611002,Huntington Power, 34 E DUDLEY TOWN RD.,,BLOOMFIELD,CT ,06002,USA,,860-289-8790,"Sales,Service,Rental,"
10710,Industrial/Commercial Sales & Service,00010214161002,"R.L. Kistler, Inc", 5615 Business Ave.,,N. Syracuse,NY ,13208,USA,,315-458-2875,"Sales,"
10710,Industrial/Commercial Sales & Service,00010214161002,"R.L. Kistler, Inc", 5615 Business Ave.,,N. Syracuse,NY ,13208,USA,,315-458-2875,"Sales,"
10710,Industrial/Commercial Sales & Service,00010208021002,Modern Group Power Systems, 2501 Durham Road,,Bristol,PA ,19007,USA,www.moderngroup.com,800-404-7291,"Sales,Service,Up To 2MW,Mobile/Diesel/Gas,Training,Rental,"
10710,Industrial/Commercial Sales & Service,00010001731002,Authorized Services Of New England, 410 Forest Street,,Marlborough,MA ,01752,USA,www.asne.com,888-890-9886,"Financing,Sales,Service,Up To 2MW,Mobile/Diesel/Gas,Training,Rental,"
10710,Industrial/Commercial Sales & Service,00010008091002,MODERN HANDLING EQUIP, 75 NEW STREET,,EDISON,NJ ,08837,USA,www.moderngroup.com,800-779-5116,"Sales,Service,Up To 2MW,Mobile/Diesel/Gas,"
10710,Industrial/Commercial Sales & Service,00010208021002,Modern Group Power Systems, 6352 Chapmans Rd,,Allentown,PA ,18106,USA,,800-404-7291,"Sales,Service,Up To 2MW,Mobile/Diesel/Gas,"
10710,Industrial/Commercial Sales & Service,00010208021002,Modern Group Power Systems, 200 Allied Parkway,,West Berlin,NJ ,08091,USA,,800-404-7291,"Sales,Service,Up To 2MW,Mobile/Diesel/Gas,"
10710,Industrial/Commercial Sales & Service,00010208021002,Modern Group Power Systems, 295 New Commerce Blvd.,,Wilkes Barre,PA ,18706,USA,,800-404-7291,"Sales,Service,Up To 2MW,Mobile/Diesel/Gas,"
10710,Industrial/Commercial Sales & Service,00010000931002,"EMERGENCY POWER SYSTEMS, LLC", 35 HAMILTON LANE,,GLENMONT,NY ,12077,USA,,800-914-1465,"Service,Up To 2MW,Mobile/Diesel/Gas,"
10710,Industrial/Commercial Sales & Service,00010000931002,"EMERGENCY POWER SYSTEMS, LLC", 35 HAMILTON LANE,,GLENMONT,NY ,12077,USA,,800-914-1465,"Service,"
10710,Industrial/Commercial Sales & Service,00010208021002,Modern Group Power Systems, 66A South Gate Blvd.,,New Castle,DE ,19720,USA,,800-404-7291,"Sales,Service,Up To 2MW,Mobile/Diesel/Gas,"
10710,Industrial/Commercial Sales & Service,00010001731002,AUTHORIZED SERVICES OF NEW ENGLAND, 410 FOREST STREET,,MARLBOROUGH,MA ,01752,USA,,888-890-9886,"Sales,"
10710,Industrial/Commercial Sales & Service,00010208021002,Modern Group Power Systems, 3480 Board Road,,York,PA ,17402,USA,,800-404-7291,"Sales,Service,Up To 2MW,Mobile/Diesel/Gas,"
10710,Industrial/Commercial Sales & Service,00010001761002,"GENSERVE, INC.", 100 NEWTOWN RD,,PLAINVIEW,NY ,11803,USA,www.genserveinc.com,631-435-0437,"Service,"
10710,Industrial/Commercial Sales & Service,00111209521002,LONG ISLAND EMERGENCY POWER -QO, 2 Ocean Avenue,,DEER PARK,NY ,11729,USA,,631-586-7513,"Sales,"
10710,Industrial/Commercial Sales & Service,00010139211002,POWERPRO SERVICE CO. INC., 608 JOHNSON AVE. UNIT 6,,BOHEMIA,NY ,11716,USA,,631-567-2700,"Sales,Service,Up To 600kW,Mobile/Diesel/Gas,"
10710,Industrial/Commercial Sales & Service,00111209531002,HUNTINGTON POWER - LONG ISLAND, PO BOX 2040,,SHELTON,CT ,06484,USA,,631-586-7513,"Sales,"
10710,Industrial/Commercial Sales & Service,00010134071002,PEAK POWER SYSTEMS, 99 SPRAGUE AVENUE,,MIDDLETOWN,NY ,10940,USA,www.peakpowersystems.com,845-344-1975,"Sales,Service,Up To 600kW,Mobile/Diesel/Gas,Rental,"
10710,Industrial/Commercial Sales & Service,00010001761002,"GENSERVE, INC.", 115A TWINBRIDGE DR.,,PENNSAUKEN,NJ ,08110,USA,www.genserveinc.com,856-324-0459,"Service,"
10710,Industrial/Commercial Sales & Service,00010001621002,BROOKFIELD SERVICE, 708 GLEBE ROAD,,WESTMORELAND,NH ,03467,USA,www.brookfieldservice.com,802-485-6567,"Service,Up To 600kW,Mobile/Diesel/Gas,"
10710,Industrial/Commercial Sales & Service,00111184131002,HUNTER & LOMISON, 1956 W FOURTH ST,,WILLIAMSPORT,PA ,17701,USA,www.hunterlomison.com,570-326-1764,"Sales,Service,Up To 600kW,Mobile/Diesel/Gas,Rental,"
10710,Industrial/Commercial Sales & Service,00010000881002,HUNTER & LOMISON INC., 1956 W. 4TH STREET,,WILLIAMSPORT,PA ,17701,USA,www.hunterlomison.com,570-326-1764,"Service,Up To 600kW,Mobile/Diesel/Gas,"
10710,Industrial/Commercial Sales & Service,00010021101002,SOUTH SHORE GENERATOR INC-Quote, 2696A CRANBERRY HWY,,WAREHAM,MA ,02571,USA,,508-295-7336,"Sales,Service,Up To 600kW,Mobile/Diesel/Gas,"
10710,Industrial/Commercial Sales & Service,00010001701002,SOUTH SHORE GENERATOR INC, ,,EAST WAREHAM,MA ,02538,USA,,508-295-7336,"Financing,Sales,Service,Up To 600kW,Mobile/Diesel/Gas,"
10710,Industrial/Commercial Sales & Service,00111207431002,WARSHAUER ELECTRIC SUPPLY CO INC, 800 SHREWSBURY AVE,,TINTON FALLS,NJ ,07724,USA,www.warshauer.com,732-741-6400,"Service,"
10710,Industrial/Commercial Sales & Service,00010157021002,Mechanical Service Co, 1145 Oak St.,,Pittston,PA ,18640,USA,,570-654-2445,"Service,"
10801,Industrial/Commercial Sales & Service,00010214161002,"R.L. KISTLER, INC.", 35 HAMILTON LANE,,GLENMONT,NY ,12077,USA,,585-436-1940,"Sales,Service,"
10801,Industrial/Commercial Sales & Service,00010214161002,"R.L. Kistler, Inc", 300 Mile Crossing Blvd.,,Rochester,NY ,14624,USA,rlkistler.com,585-436-1940,"Sales,"
10801,Industrial/Commercial Sales & Service,00010001611002,Huntington Power, 230 Long Hill Cross Rd,,Shelton,CT ,06484,USA,www.huntingtonpower.com,203-929-3203,"Sales,Service,Up To 2MW,Mobile/Diesel/Gas,Training,Rental,"
10801,Industrial/Commercial Sales & Service,00010214161002,"R.L. Kistler, Inc", 5615 Business Ave.,,N. Syracuse,NY ,13208,USA,,315-458-2875,"Sales,"
10801,Industrial/Commercial Sales & Service,00010214161002,"R.L. Kistler, Inc", 5615 Business Ave.,,N. Syracuse,NY ,13208,USA,,315-458-2875,"Sales,"
10801,Industrial/Commercial Sales & Service,00010001611002,Huntington Power, 68 Enter Ln,,Islandia,NY ,11749,USA,,631-563-4943,"Sales,Service,Up To 2MW,Mobile/Diesel/Gas,"
10801,Industrial/Commercial Sales & Service,00010001611002,Huntington Power, 34 E DUDLEY TOWN RD.,,BLOOMFIELD,CT ,06002,USA,,860-289-8790,"Sales,Service,Rental,"
10801,Industrial/Commercial Sales & Service,00010208021002,Modern Group Power Systems, 2501 Durham Road,,Bristol,PA ,19007,USA,www.moderngroup.com,800-404-7291,"Sales,Service,Up To 2MW,Mobile/Diesel/Gas,Training,Rental,"
10801,Industrial/Commercial Sales & Service,00010001731002,Authorized Services Of New England, 410 Forest Street,,Marlborough,MA ,01752,USA,www.asne.com,888-890-9886,"Financing,Sales,Service,Up To 2MW,Mobile/Diesel/Gas,Training,Rental,"
10801,Industrial/Commercial Sales & Service,00010008091002,MODERN HANDLING EQUIP, 75 NEW STREET,,EDISON,NJ ,08837,USA,www.moderngroup.com,800-779-5116,"Sales,Service,Up To 2MW,Mobile/Diesel/Gas,"
10801,Industrial/Commercial Sales & Service,00010208021002,Modern Group Power Systems, 6352 Chapmans Rd,,Allentown,PA ,18106,USA,,800-404-7291,"Sales,Service,Up To 2MW,Mobile/Diesel/Gas,"
10801,Industrial/Commercial Sales & Service,00010208021002,Modern Group Power Systems, 200 Allied Parkway,,West Berlin,NJ ,08091,USA,,800-404-7291,"Sales,Service,Up To 2MW,Mobile/Diesel/Gas,"
10801,Industrial/Commercial Sales & Service,00010208021002,Modern Group Power Systems, 295 New Commerce Blvd.,,Wilkes Barre,PA ,18706,USA,,800-404-7291,"Sales,Service,Up To 2MW,Mobile/Diesel/Gas,"
10801,Industrial/Commercial Sales & Service,00010000931002,"EMERGENCY POWER SYSTEMS, LLC", 35 HAMILTON LANE,,GLENMONT,NY ,12077,USA,,800-914-1465,"Service,Up To 2MW,Mobile/Diesel/Gas,"
10801,Industrial/Commercial Sales & Service,00010000931002,"EMERGENCY POWER SYSTEMS, LLC", 35 HAMILTON LANE,,GLENMONT,NY ,12077,USA,,800-914-1465,"Service,"
10801,Industrial/Commercial Sales & Service,00010208021002,Modern Group Power Systems, 66A South Gate Blvd.,,New Castle,DE ,19720,USA,,800-404-7291,"Sales,Service,Up To 2MW,Mobile/Diesel/Gas,"
10801,Industrial/Commercial Sales & Service,00010001731002,AUTHORIZED SERVICES OF NEW ENGLAND, 410 FOREST STREET,,MARLBOROUGH,MA ,01752,USA,,888-890-9886,"Sales,"
10801,Industrial/Commercial Sales & Service,00010208021002,Modern Group Power Systems, 3480 Board Road,,York,PA ,17402,USA,,800-404-7291,"Sales,Service,Up To 2MW,Mobile/Diesel/Gas,"
10801,Industrial/Commercial Sales & Service,00010001761002,"GENSERVE, INC.", 100 NEWTOWN RD,,PLAINVIEW,NY ,11803,USA,www.genserveinc.com,631-435-0437,"Service,"
10801,Industrial/Commercial Sales & Service,00111209521002,LONG ISLAND EMERGENCY POWER -QO, 2 Ocean Avenue,,DEER PARK,NY ,11729,USA,,631-586-7513,"Sales,"
10801,Industrial/Commercial Sales & Service,00010139211002,POWERPRO SERVICE CO. INC., 608 JOHNSON AVE. UNIT 6,,BOHEMIA,NY ,11716,USA,,631-567-2700,"Sales,Service,Up To 600kW,Mobile/Diesel/Gas,"
10801,Industrial/Commercial Sales & Service,00111209531002,HUNTINGTON POWER - LONG ISLAND, PO BOX 2040,,SHELTON,CT ,06484,USA,,631-586-7513,"Sales,"
10801,Industrial/Commercial Sales & Service,00010134071002,PEAK POWER SYSTEMS, 99 SPRAGUE AVENUE,,MIDDLETOWN,NY ,10940,USA,www.peakpowersystems.com,845-344-1975,"Sales,Service,Up To 600kW,Mobile/Diesel/Gas,Rental,"
10801,Industrial/Commercial Sales & Service,00010001761002,"GENSERVE, INC.", 115A TWINBRIDGE DR.,,PENNSAUKEN,NJ ,08110,USA,www.genserveinc.com,856-324-0459,"Service,"
10801,Industrial/Commercial Sales & Service,00010001621002,BROOKFIELD SERVICE, 708 GLEBE ROAD,,WESTMORELAND,NH ,03467,USA,www.brookfieldservice.com,802-485-6567,"Service,Up To 600kW,Mobile/Diesel/Gas,"
10801,Industrial/Commercial Sales & Service,00010021101002,SOUTH SHORE GENERATOR INC-Quote, 2696A CRANBERRY HWY,,WAREHAM,MA ,02571,USA,,508-295-7336,"Sales,Service,Up To 600kW,Mobile/Diesel/Gas,"
10801,Industrial/Commercial Sales & Service,00111184131002,HUNTER & LOMISON, 1956 W FOURTH ST,,WILLIAMSPORT,PA ,17701,USA,www.hunterlomison.com,570-326-1764,"Sales,Service,Up To 600kW,Mobile/Diesel/Gas,Rental,"
10801,Industrial/Commercial Sales & Service,00010000881002,HUNTER & LOMISON INC., 1956 W. 4TH STREET,,WILLIAMSPORT,PA ,17701,USA,www.hunterlomison.com,570-326-1764,"Service,Up To 600kW,Mobile/Diesel/Gas,"
10801,Industrial/Commercial Sales & Service,00010001701002,SOUTH SHORE GENERATOR INC, ,,EAST WAREHAM,MA ,02538,USA,,508-295-7336,"Financing,Sales,Service,Up To 600kW,Mobile/Diesel/Gas,"
10801,Industrial/Commercial Sales & Service,00111207431002,WARSHAUER ELECTRIC SUPPLY CO INC, 800 SHREWSBURY AVE,,TINTON FALLS,NJ ,07724,USA,www.warshauer.com,732-741-6400,"Service,"
10801,Industrial/Commercial Sales & Service,00010157021002,Mechanical Service Co, 1145 Oak St.,,Pittston,PA ,18640,USA,,570-654-2445,"Service,"
10802,Industrial/Commercial Sales & Service,00010214161002,"R.L. KISTLER, INC.", 35 HAMILTON LANE,,GLENMONT,NY ,12077,USA,,585-436-1940,"Sales,Service,"
10802,Industrial/Commercial Sales & Service,00010001611002,Huntington Power, 230 Long Hill Cross Rd,,Shelton,CT ,06484,USA,www.huntingtonpower.com,203-929-3203,"Sales,Service,Up To 2MW,Mobile/Diesel/Gas,Training,Rental,"
10802,Industrial/Commercial Sales & Service,00010214161002,"R.L. Kistler, Inc", 300 Mile Crossing Blvd.,,Rochester,NY ,14624,USA,rlkistler.com,585-436-1940,"Sales,"
10802,Industrial/Commercial Sales & Service,00010214161002,"R.L. Kistler, Inc", 5615 Business Ave.,,N. Syracuse,NY ,13208,USA,,315-458-2875,"Sales,"
10802,Industrial/Commercial Sales & Service,00010001611002,Huntington Power, 68 Enter Ln,,Islandia,NY ,11749,USA,,631-563-4943,"Sales,Service,Up To 2MW,Mobile/Diesel/Gas,"
10802,Industrial/Commercial Sales & Service,00010001611002,Huntington Power, 34 E DUDLEY TOWN RD.,,BLOOMFIELD,CT ,06002,USA,,860-289-8790,"Sales,Service,Rental,"
10802,Industrial/Commercial Sales & Service,00010214161002,"R.L. Kistler, Inc", 5615 Business Ave.,,N. Syracuse,NY ,13208,USA,,315-458-2875,"Sales,"
10802,Industrial/Commercial Sales & Service,00010208021002,Modern Group Power Systems, 2501 Durham Road,,Bristol,PA ,19007,USA,www.moderngroup.com,800-404-7291,"Sales,Service,Up To 2MW,Mobile/Diesel/Gas,Training,Rental,"
10802,Industrial/Commercial Sales & Service,00010001731002,Authorized Services Of New England, 410 Forest Street,,Marlborough,MA ,01752,USA,www.asne.com,888-890-9886,"Financing,Sales,Service,Up To 2MW,Mobile/Diesel/Gas,Training,Rental,"
10802,Industrial/Commercial Sales & Service,00010008091002,MODERN HANDLING EQUIP, 75 NEW STREET,,EDISON,NJ ,08837,USA,www.moderngroup.com,800-779-5116,"Sales,Service,Up To 2MW,Mobile/Diesel/Gas,"
10802,Industrial/Commercial Sales & Service,00010208021002,Modern Group Power Systems, 6352 Chapmans Rd,,Allentown,PA ,18106,USA,,800-404-7291,"Sales,Service,Up To 2MW,Mobile/Diesel/Gas,"
10802,Industrial/Commercial Sales & Service,00010208021002,Modern Group Power Systems, 200 Allied Parkway,,West Berlin,NJ ,08091,USA,,800-404-7291,"Sales,Service,Up To 2MW,Mobile/Diesel/Gas,"
10802,Industrial/Commercial Sales & Service,00010208021002,Modern Group Power Systems, 295 New Commerce Blvd.,,Wilkes Barre,PA ,18706,USA,,800-404-7291,"Sales,Service,Up To 2MW,Mobile/Diesel/Gas,"
10802,Industrial/Commercial Sales & Service,00010000931002,"EMERGENCY POWER SYSTEMS, LLC", 35 HAMILTON LANE,,GLENMONT,NY ,12077,USA,,800-914-1465,"Service,Up To 2MW,Mobile/Diesel/Gas,"
10802,Industrial/Commercial Sales & Service,00010000931002,"EMERGENCY POWER SYSTEMS, LLC", 35 HAMILTON LANE,,GLENMONT,NY ,12077,USA,,800-914-1465,"Service,"
10802,Industrial/Commercial Sales & Service,00010208021002,Modern Group Power Systems, 66A South Gate Blvd.,,New Castle,DE ,19720,USA,,800-404-7291,"Sales,Service,Up To 2MW,Mobile/Diesel/Gas,"
10802,Industrial/Commercial Sales & Service,00010001731002,AUTHORIZED SERVICES OF NEW ENGLAND, 410 FOREST STREET,,MARLBOROUGH,MA ,01752,USA,,888-890-9886,"Sales,"
10802,Industrial/Commercial Sales & Service,00010208021002,Modern Group Power Systems, 3480 Board Road,,York,PA ,17402,USA,,800-404-7291,"Sales,Service,Up To 2MW,Mobile/Diesel/Gas,"
10802,Industrial/Commercial Sales & Service,00010001761002,"GENSERVE, INC.", 100 NEWTOWN RD,,PLAINVIEW,NY ,11803,USA,www.genserveinc.com,631-435-0437,"Service,"
10802,Industrial/Commercial Sales & Service,00111209521002,LONG ISLAND EMERGENCY POWER -QO, 2 Ocean Avenue,,DEER PARK,NY ,11729,USA,,631-586-7513,"Sales,"
10802,Industrial/Commercial Sales & Service,00010139211002,POWERPRO SERVICE CO. INC., 608 JOHNSON AVE. UNIT 6,,BOHEMIA,NY ,11716,USA,,631-567-2700,"Sales,Service,Up To 600kW,Mobile/Diesel/Gas,"
10802,Industrial/Commercial Sales & Service,00111209531002,HUNTINGTON POWER - LONG ISLAND, PO BOX 2040,,SHELTON,CT ,06484,USA,,631-586-7513,"Sales,"
10802,Industrial/Commercial Sales & Service,00010134071002,PEAK POWER SYSTEMS, 99 SPRAGUE AVENUE,,MIDDLETOWN,NY ,10940,USA,www.peakpowersystems.com,845-344-1975,"Sales,Service,Up To 600kW,Mobile/Diesel/Gas,Rental,"
10802,Industrial/Commercial Sales & Service,00010001761002,"GENSERVE, INC.", 115A TWINBRIDGE DR.,,PENNSAUKEN,NJ ,08110,USA,www.genserveinc.com,856-324-0459,"Service,"
10802,Industrial/Commercial Sales & Service,00010001621002,BROOKFIELD SERVICE, 708 GLEBE ROAD,,WESTMORELAND,NH ,03467,USA,www.brookfieldservice.com,802-485-6567,"Service,Up To 600kW,Mobile/Diesel/Gas,"
10802,Industrial/Commercial Sales & Service,00010021101002,SOUTH SHORE GENERATOR INC-Quote, 2696A CRANBERRY HWY,,WAREHAM,MA ,02571,USA,,508-295-7336,"Sales,Service,Up To 600kW,Mobile/Diesel/Gas,"
10802,Industrial/Commercial Sales & Service,00111184131002,HUNTER & LOMISON, 1956 W FOURTH ST,,WILLIAMSPORT,PA ,17701,USA,www.hunterlomison.com,570-326-1764,"Sales,Service,Up To 600kW,Mobile/Diesel/Gas,Rental,"
10802,Industrial/Commercial Sales & Service,00010000881002,HUNTER & LOMISON INC., 1956 W. 4TH STREET,,WILLIAMSPORT,PA ,17701,USA,www.hunterlomison.com,570-326-1764,"Service,Up To 600kW,Mobile/Diesel/Gas,"
10802,Industrial/Commercial Sales & Service,00010001701002,SOUTH SHORE GENERATOR INC, ,,EAST WAREHAM,MA ,02538,USA,,508-295-7336,"Financing,Sales,Service,Up To 600kW,Mobile/Diesel/Gas,"
10802,Industrial/Commercial Sales & Service,00111207431002,WARSHAUER ELECTRIC SUPPLY CO INC, 800 SHREWSBURY AVE,,TINTON FALLS,NJ ,07724,USA,www.warshauer.com,732-741-6400,"Service,"
10802,Industrial/Commercial Sales & Service,00010157021002,Mechanical Service Co, 1145 Oak St.,,Pittston,PA ,18640,USA,,570-654-2445,"Service,"
10803,Industrial/Commercial Sales & Service,00010001611002,Huntington Power, 230 Long Hill Cross Rd,,Shelton,CT ,06484,USA,www.huntingtonpower.com,203-929-3203,"Sales,Service,Up To 2MW,Mobile/Diesel/Gas,Training,Rental,"
10803,Industrial/Commercial Sales & Service,00010214161002,"R.L. Kistler, Inc", 300 Mile Crossing Blvd.,,Rochester,NY ,14624,USA,rlkistler.com,585-436-1940,"Sales,"
10803,Industrial/Commercial Sales & Service,00010214161002,"R.L. KISTLER, INC.", 35 HAMILTON LANE,,GLENMONT,NY ,12077,USA,,585-436-1940,"Sales,Service,"
10803,Industrial/Commercial Sales & Service,00010001611002,Huntington Power, 68 Enter Ln,,Islandia,NY ,11749,USA,,631-563-4943,"Sales,Service,Up To 2MW,Mobile/Diesel/Gas,"
10803,Industrial/Commercial Sales & Service,00010001611002,Huntington Power, 34 E DUDLEY TOWN RD.,,BLOOMFIELD,CT ,06002,USA,,860-289-8790,"Sales,Service,Rental,"
10803,Industrial/Commercial Sales & Service,00010214161002,"R.L. Kistler, Inc", 5615 Business Ave.,,N. Syracuse,NY ,13208,USA,,315-458-2875,"Sales,"
10803,Industrial/Commercial Sales & Service,00010214161002,"R.L. Kistler, Inc", 5615 Business Ave.,,N. Syracuse,NY ,13208,USA,,315-458-2875,"Sales,"
10803,Industrial/Commercial Sales & Service,00010208021002,Modern Group Power Systems, 2501 Durham Road,,Bristol,PA ,19007,USA,www.moderngroup.com,800-404-7291,"Sales,Service,Up To 2MW,Mobile/Diesel/Gas,Training,Rental,"
10803,Industrial/Commercial Sales & Service,00010001731002,Authorized Services Of New England, 410 Forest Street,,Marlborough,MA ,01752,USA,www.asne.com,888-890-9886,"Financing,Sales,Service,Up To 2MW,Mobile/Diesel/Gas,Training,Rental,"
10803,Industrial/Commercial Sales & Service,00010008091002,MODERN HANDLING EQUIP, 75 NEW STREET,,EDISON,NJ ,08837,USA,www.moderngroup.com,800-779-5116,"Sales,Service,Up To 2MW,Mobile/Diesel/Gas,"
10803,Industrial/Commercial Sales & Service,00010208021002,Modern Group Power Systems, 6352 Chapmans Rd,,Allentown,PA ,18106,USA,,800-404-7291,"Sales,Service,Up To 2MW,Mobile/Diesel/Gas,"
10803,Industrial/Commercial Sales & Service,00010208021002,Modern Group Power Systems, 200 Allied Parkway,,West Berlin,NJ ,08091,USA,,800-404-7291,"Sales,Service,Up To 2MW,Mobile/Diesel/Gas,"
10803,Industrial/Commercial Sales & Service,00010208021002,Modern Group Power Systems, 295 New Commerce Blvd.,,Wilkes Barre,PA ,18706,USA,,800-404-7291,"Sales,Service,Up To 2MW,Mobile/Diesel/Gas,"
10803,Industrial/Commercial Sales & Service,00010000931002,"EMERGENCY POWER SYSTEMS, LLC", 35 HAMILTON LANE,,GLENMONT,NY ,12077,USA,,800-914-1465,"Service,Up To 2MW,Mobile/Diesel/Gas,"
10803,Industrial/Commercial Sales & Service,00010000931002,"EMERGENCY POWER SYSTEMS, LLC", 35 HAMILTON LANE,,GLENMONT,NY ,12077,USA,,800-914-1465,"Service,"
10803,Industrial/Commercial Sales & Service,00010208021002,Modern Group Power Systems, 66A South Gate Blvd.,,New Castle,DE ,19720,USA,,800-404-7291,"Sales,Service,Up To 2MW,Mobile/Diesel/Gas,"
10803,Industrial/Commercial Sales & Service,00010001731002,AUTHORIZED SERVICES OF NEW ENGLAND, 410 FOREST STREET,,MARLBOROUGH,MA ,01752,USA,,888-890-9886,"Sales,"
10803,Industrial/Commercial Sales & Service,00010208021002,Modern Group Power Systems, 3480 Board Road,,York,PA ,17402,USA,,800-404-7291,"Sales,Service,Up To 2MW,Mobile/Diesel/Gas,"
10803,Industrial/Commercial Sales & Service,00010001761002,"GENSERVE, INC.", 100 NEWTOWN RD,,PLAINVIEW,NY ,11803,USA,www.genserveinc.com,631-435-0437,"Service,"
10803,Industrial/Commercial Sales & Service,00111209521002,LONG ISLAND EMERGENCY POWER -QO, 2 Ocean Avenue,,DEER PARK,NY ,11729,USA,,631-586-7513,"Sales,"
10803,Industrial/Commercial Sales & Service,00010139211002,POWERPRO SERVICE CO. INC., 608 JOHNSON AVE. UNIT 6,,BOHEMIA,NY ,11716,USA,,631-567-2700,"Sales,Service,Up To 600kW,Mobile/Diesel/Gas,"
10803,Industrial/Commercial Sales & Service,00111209531002,HUNTINGTON POWER - LONG ISLAND, PO BOX 2040,,SHELTON,CT ,06484,USA,,631-586-7513,"Sales,"
10803,Industrial/Commercial Sales & Service,00010134071002,PEAK POWER SYSTEMS, 99 SPRAGUE AVENUE,,MIDDLETOWN,NY ,10940,USA,www.peakpowersystems.com,845-344-1975,"Sales,Service,Up To 600kW,Mobile/Diesel/Gas,Rental,"
10803,Industrial/Commercial Sales & Service,00010001761002,"GENSERVE, INC.", 115A TWINBRIDGE DR.,,PENNSAUKEN,NJ ,08110,USA,www.genserveinc.com,856-324-0459,"Service,"
10803,Industrial/Commercial Sales & Service,00010001621002,BROOKFIELD SERVICE, 708 GLEBE ROAD,,WESTMORELAND,NH ,03467,USA,www.brookfieldservice.com,802-485-6567,"Service,Up To 600kW,Mobile/Diesel/Gas,"
10803,Industrial/Commercial Sales & Service,00111184131002,HUNTER & LOMISON, 1956 W FOURTH ST,,WILLIAMSPORT,PA ,17701,USA,www.hunterlomison.com,570-326-1764,"Sales,Service,Up To 600kW,Mobile/Diesel/Gas,Rental,"
10803,Industrial/Commercial Sales & Service,00010000881002,HUNTER & LOMISON INC., 1956 W. 4TH STREET,,WILLIAMSPORT,PA ,17701,USA,www.hunterlomison.com,570-326-1764,"Service,Up To 600kW,Mobile/Diesel/Gas,"
10803,Industrial/Commercial Sales & Service,00010021101002,SOUTH SHORE GENERATOR INC-Quote, 2696A CRANBERRY HWY,,WAREHAM,MA ,02571,USA,,508-295-7336,"Sales,Service,Up To 600kW,Mobile/Diesel/Gas,"
10803,Industrial/Commercial Sales & Service,00010001701002,SOUTH SHORE GENERATOR INC, ,,EAST WAREHAM,MA ,02538,USA,,508-295-7336,"Financing,Sales,Service,Up To 600kW,Mobile/Diesel/Gas,"
10803,Industrial/Commercial Sales & Service,00111207431002,WARSHAUER ELECTRIC SUPPLY CO INC, 800 SHREWSBURY AVE,,TINTON FALLS,NJ ,07724,USA,www.warshauer.com,732-741-6400,"Service,"
10803,Industrial/Commercial Sales & Service,00010157021002,Mechanical Service Co, 1145 Oak St.,,Pittston,PA ,18640,USA,,570-654-2445,"Service,"
10804,Industrial/Commercial Sales & Service,00010214161002,"R.L. Kistler, Inc", 300 Mile Crossing Blvd.,,Rochester,NY ,14624,USA,rlkistler.com,585-436-1940,"Sales,"
10804,Industrial/Commercial Sales & Service,00010001611002,Huntington Power, 230 Long Hill Cross Rd,,Shelton,CT ,06484,USA,www.huntingtonpower.com,203-929-3203,"Sales,Service,Up To 2MW,Mobile/Diesel/Gas,Training,Rental,"
10804,Industrial/Commercial Sales & Service,00010214161002,"R.L. KISTLER, INC.", 35 HAMILTON LANE,,GLENMONT,NY ,12077,USA,,585-436-1940,"Sales,Service,"
10804,Industrial/Commercial Sales & Service,00010214161002,"R.L. Kistler, Inc", 5615 Business Ave.,,N. Syracuse,NY ,13208,USA,,315-458-2875,"Sales,"
10804,Industrial/Commercial Sales & Service,00010001611002,Huntington Power, 68 Enter Ln,,Islandia,NY ,11749,USA,,631-563-4943,"Sales,Service,Up To 2MW,Mobile/Diesel/Gas,"
10804,Industrial/Commercial Sales & Service,00010001611002,Huntington Power, 34 E DUDLEY TOWN RD.,,BLOOMFIELD,CT ,06002,USA,,860-289-8790,"Sales,Service,Rental,"
10804,Industrial/Commercial Sales & Service,00010214161002,"R.L. Kistler, Inc", 5615 Business Ave.,,N. Syracuse,NY ,13208,USA,,315-458-2875,"Sales,"
10804,Industrial/Commercial Sales & Service,00010208021002,Modern Group Power Systems, 2501 Durham Road,,Bristol,PA ,19007,USA,www.moderngroup.com,800-404-7291,"Sales,Service,Up To 2MW,Mobile/Diesel/Gas,Training,Rental,"
10804,Industrial/Commercial Sales & Service,00010001731002,Authorized Services Of New England, 410 Forest Street,,Marlborough,MA ,01752,USA,www.asne.com,888-890-9886,"Financing,Sales,Service,Up To 2MW,Mobile/Diesel/Gas,Training,Rental,"
10804,Industrial/Commercial Sales & Service,00010008091002,MODERN HANDLING EQUIP, 75 NEW STREET,,EDISON,NJ ,08837,USA,www.moderngroup.com,800-779-5116,"Sales,Service,Up To 2MW,Mobile/Diesel/Gas,"
10804,Industrial/Commercial Sales & Service,00010208021002,Modern Group Power Systems, 6352 Chapmans Rd,,Allentown,PA ,18106,USA,,800-404-7291,"Sales,Service,Up To 2MW,Mobile/Diesel/Gas,"
10804,Industrial/Commercial Sales & Service,00010208021002,Modern Group Power Systems, 200 Allied Parkway,,West Berlin,NJ ,08091,USA,,800-404-7291,"Sales,Service,Up To 2MW,Mobile/Diesel/Gas,"
10804,Industrial/Commercial Sales & Service,00010208021002,Modern Group Power Systems, 295 New Commerce Blvd.,,Wilkes Barre,PA ,18706,USA,,800-404-7291,"Sales,Service,Up To 2MW,Mobile/Diesel/Gas,"
10804,Industrial/Commercial Sales & Service,00010000931002,"EMERGENCY POWER SYSTEMS, LLC", 35 HAMILTON LANE,,GLENMONT,NY ,12077,USA,,800-914-1465,"Service,Up To 2MW,Mobile/Diesel/Gas,"
10804,Industrial/Commercial Sales & Service,00010000931002,"EMERGENCY POWER SYSTEMS, LLC", 35 HAMILTON LANE,,GLENMONT,NY ,12077,USA,,800-914-1465,"Service,"
10804,Industrial/Commercial Sales & Service,00010208021002,Modern Group Power Systems, 66A South Gate Blvd.,,New Castle,DE ,19720,USA,,800-404-7291,"Sales,Service,Up To 2MW,Mobile/Diesel/Gas,"
10804,Industrial/Commercial Sales & Service,00010001731002,AUTHORIZED SERVICES OF NEW ENGLAND, 410 FOREST STREET,,MARLBOROUGH,MA ,01752,USA,,888-890-9886,"Sales,"
10804,Industrial/Commercial Sales & Service,00010208021002,Modern Group Power Systems, 3480 Board Road,,York,PA ,17402,USA,,800-404-7291,"Sales,Service,Up To 2MW,Mobile/Diesel/Gas,"
10804,Industrial/Commercial Sales & Service,00010001761002,"GENSERVE, INC.", 100 NEWTOWN RD,,PLAINVIEW,NY ,11803,USA,www.genserveinc.com,631-435-0437,"Service,"
10804,Industrial/Commercial Sales & Service,00111209521002,LONG ISLAND EMERGENCY POWER -QO, 2 Ocean Avenue,,DEER PARK,NY ,11729,USA,,631-586-7513,"Sales,"
10804,Industrial/Commercial Sales & Service,00010139211002,POWERPRO SERVICE CO. INC., 608 JOHNSON AVE. UNIT 6,,BOHEMIA,NY ,11716,USA,,631-567-2700,"Sales,Service,Up To 600kW,Mobile/Diesel/Gas,"
10804,Industrial/Commercial Sales & Service,00111209531002,HUNTINGTON POWER - LONG ISLAND, PO BOX 2040,,SHELTON,CT ,06484,USA,,631-586-7513,"Sales,"
10804,Industrial/Commercial Sales & Service,00010134071002,PEAK POWER SYSTEMS, 99 SPRAGUE AVENUE,,MIDDLETOWN,NY ,10940,USA,www.peakpowersystems.com,845-344-1975,"Sales,Service,Up To 600kW,Mobile/Diesel/Gas,Rental,"
10804,Industrial/Commercial Sales & Service,00010001761002,"GENSERVE, INC.", 115A TWINBRIDGE DR.,,PENNSAUKEN,NJ ,08110,USA,www.genserveinc.com,856-324-0459,"Service,"
10804,Industrial/Commercial Sales & Service,00010001621002,BROOKFIELD SERVICE, 708 GLEBE ROAD,,WESTMORELAND,NH ,03467,USA,www.brookfieldservice.com,802-485-6567,"Service,Up To 600kW,Mobile/Diesel/Gas,"
10804,Industrial/Commercial Sales & Service,00010021101002,SOUTH SHORE GENERATOR INC-Quote, 2696A CRANBERRY HWY,,WAREHAM,MA ,02571,USA,,508-295-7336,"Sales,Service,Up To 600kW,Mobile/Diesel/Gas,"
10804,Industrial/Commercial Sales & Service,00111184131002,HUNTER & LOMISON, 1956 W FOURTH ST,,WILLIAMSPORT,PA ,17701,USA,www.hunterlomison.com,570-326-1764,"Sales,Service,Up To 600kW,Mobile/Diesel/Gas,Rental,"
10804,Industrial/Commercial Sales & Service,00010000881002,HUNTER & LOMISON INC., 1956 W. 4TH STREET,,WILLIAMSPORT,PA ,17701,USA,www.hunterlomison.com,570-326-1764,"Service,Up To 600kW,Mobile/Diesel/Gas,"
10804,Industrial/Commercial Sales & Service,00010001701002,SOUTH SHORE GENERATOR INC, ,,EAST WAREHAM,MA ,02538,USA,,508-295-7336,"Financing,Sales,Service,Up To 600kW,Mobile/Diesel/Gas,"
10804,Industrial/Commercial Sales & Service,00111207431002,WARSHAUER ELECTRIC SUPPLY CO INC, 800 SHREWSBURY AVE,,TINTON FALLS,NJ ,07724,USA,www.warshauer.com,732-741-6400,"Service,"
10804,Industrial/Commercial Sales & Service,00010157021002,Mechanical Service Co, 1145 Oak St.,,Pittston,PA ,18640,USA,,570-654-2445,"Service,"
10805,Industrial/Commercial Sales & Service,00010001611002,Huntington Power, 230 Long Hill Cross Rd,,Shelton,CT ,06484,USA,www.huntingtonpower.com,203-929-3203,"Sales,Service,Up To 2MW,Mobile/Diesel/Gas,Training,Rental,"
10805,Industrial/Commercial Sales & Service,00010214161002,"R.L. KISTLER, INC.", 35 HAMILTON LANE,,GLENMONT,NY ,12077,USA,,585-436-1940,"Sales,Service,"
10805,Industrial/Commercial Sales & Service,00010214161002,"R.L. Kistler, Inc", 300 Mile Crossing Blvd.,,Rochester,NY ,14624,USA,rlkistler.com,585-436-1940,"Sales,"
10805,Industrial/Commercial Sales & Service,00010001611002,Huntington Power, 68 Enter Ln,,Islandia,NY ,11749,USA,,631-563-4943,"Sales,Service,Up To 2MW,Mobile/Diesel/Gas,"
10805,Industrial/Commercial Sales & Service,00010001611002,Huntington Power, 34 E DUDLEY TOWN RD.,,BLOOMFIELD,CT ,06002,USA,,860-289-8790,"Sales,Service,Rental,"
10805,Industrial/Commercial Sales & Service,00010214161002,"R.L. Kistler, Inc", 5615 Business Ave.,,N. Syracuse,NY ,13208,USA,,315-458-2875,"Sales,"
10805,Industrial/Commercial Sales & Service,00010214161002,"R.L. Kistler, Inc", 5615 Business Ave.,,N. Syracuse,NY ,13208,USA,,315-458-2875,"Sales,"
10805,Industrial/Commercial Sales & Service,00010208021002,Modern Group Power Systems, 2501 Durham Road,,Bristol,PA ,19007,USA,www.moderngroup.com,800-404-7291,"Sales,Service,Up To 2MW,Mobile/Diesel/Gas,Training,Rental,"
10805,Industrial/Commercial Sales & Service,00010001731002,Authorized Services Of New England, 410 Forest Street,,Marlborough,MA ,01752,USA,www.asne.com,888-890-9886,"Financing,Sales,Service,Up To 2MW,Mobile/Diesel/Gas,Training,Rental,"
10805,Industrial/Commercial Sales & Service,00010008091002,MODERN HANDLING EQUIP, 75 NEW STREET,,EDISON,NJ ,08837,USA,www.moderngroup.com,800-779-5116,"Sales,Service,Up To 2MW,Mobile/Diesel/Gas,"
10805,Industrial/Commercial Sales & Service,00010208021002,Modern Group Power Systems, 6352 Chapmans Rd,,Allentown,PA ,18106,USA,,800-404-7291,"Sales,Service,Up To 2MW,Mobile/Diesel/Gas,"
10805,Industrial/Commercial Sales & Service,00010208021002,Modern Group Power Systems, 200 Allied Parkway,,West Berlin,NJ ,08091,USA,,800-404-7291,"Sales,Service,Up To 2MW,Mobile/Diesel/Gas,"
10805,Industrial/Commercial Sales & Service,00010208021002,Modern Group Power Systems, 295 New Commerce Blvd.,,Wilkes Barre,PA ,18706,USA,,800-404-7291,"Sales,Service,Up To 2MW,Mobile/Diesel/Gas,"
10805,Industrial/Commercial Sales & Service,00010000931002,"EMERGENCY POWER SYSTEMS, LLC", 35 HAMILTON LANE,,GLENMONT,NY ,12077,USA,,800-914-1465,"Service,Up To 2MW,Mobile/Diesel/Gas,"
10805,Industrial/Commercial Sales & Service,00010000931002,"EMERGENCY POWER SYSTEMS, LLC", 35 HAMILTON LANE,,GLENMONT,NY ,12077,USA,,800-914-1465,"Service,"
10805,Industrial/Commercial Sales & Service,00010208021002,Modern Group Power Systems, 66A South Gate Blvd.,,New Castle,DE ,19720,USA,,800-404-7291,"Sales,Service,Up To 2MW,Mobile/Diesel/Gas,"
10805,Industrial/Commercial Sales & Service,00010001731002,AUTHORIZED SERVICES OF NEW ENGLAND, 410 FOREST STREET,,MARLBOROUGH,MA ,01752,USA,,888-890-9886,"Sales,"
10805,Industrial/Commercial Sales & Service,00010208021002,Modern Group Power Systems, 3480 Board Road,,York,PA ,17402,USA,,800-404-7291,"Sales,Service,Up To 2MW,Mobile/Diesel/Gas,"
10805,Industrial/Commercial Sales & Service,00010001761002,"GENSERVE, INC.", 100 NEWTOWN RD,,PLAINVIEW,NY ,11803,USA,www.genserveinc.com,631-435-0437,"Service,"
10805,Industrial/Commercial Sales & Service,00111209521002,LONG ISLAND EMERGENCY POWER -QO, 2 Ocean Avenue,,DEER PARK,NY ,11729,USA,,631-586-7513,"Sales,"
10805,Industrial/Commercial Sales & Service,00010139211002,POWERPRO SERVICE CO. INC., 608 JOHNSON AVE. UNIT 6,,BOHEMIA,NY ,11716,USA,,631-567-2700,"Sales,Service,Up To 600kW,Mobile/Diesel/Gas,"
10805,Industrial/Commercial Sales & Service,00111209531002,HUNTINGTON POWER - LONG ISLAND, PO BOX 2040,,SHELTON,CT ,06484,USA,,631-586-7513,"Sales,"
10805,Industrial/Commercial Sales & Service,00010134071002,PEAK POWER SYSTEMS, 99 SPRAGUE AVENUE,,MIDDLETOWN,NY ,10940,USA,www.peakpowersystems.com,845-344-1975,"Sales,Service,Up To 600kW,Mobile/Diesel/Gas,Rental,"
10805,Industrial/Commercial Sales & Service,00010001761002,"GENSERVE, INC.", 115A TWINBRIDGE DR.,,PENNSAUKEN,NJ ,08110,USA,www.genserveinc.com,856-324-0459,"Service,"
10805,Industrial/Commercial Sales & Service,00010001621002,BROOKFIELD SERVICE, 708 GLEBE ROAD,,WESTMORELAND,NH ,03467,USA,www.brookfieldservice.com,802-485-6567,"Service,Up To 600kW,Mobile/Diesel/Gas,"
10805,Industrial/Commercial Sales & Service,00010021101002,SOUTH SHORE GENERATOR INC-Quote, 2696A CRANBERRY HWY,,WAREHAM,MA ,02571,USA,,508-295-7336,"Sales,Service,Up To 600kW,Mobile/Diesel/Gas,"
10805,Industrial/Commercial Sales & Service,00111184131002,HUNTER & LOMISON, 1956 W FOURTH ST,,WILLIAMSPORT,PA ,17701,USA,www.hunterlomison.com,570-326-1764,"Sales,Service,Up To 600kW,Mobile/Diesel/Gas,Rental,"
10805,Industrial/Commercial Sales & Service,00010000881002,HUNTER & LOMISON INC., 1956 W. 4TH STREET,,WILLIAMSPORT,PA ,17701,USA,www.hunterlomison.com,570-326-1764,"Service,Up To 600kW,Mobile/Diesel/Gas,"
10805,Industrial/Commercial Sales & Service,00010001701002,SOUTH SHORE GENERATOR INC, ,,EAST WAREHAM,MA ,02538,USA,,508-295-7336,"Financing,Sales,Service,Up To 600kW,Mobile/Diesel/Gas,"
10805,Industrial/Commercial Sales & Service,00111207431002,WARSHAUER ELECTRIC SUPPLY CO INC, 800 SHREWSBURY AVE,,TINTON FALLS,NJ ,07724,USA,www.warshauer.com,732-741-6400,"Service,"
10805,Industrial/Commercial Sales & Service,00010157021002,Mechanical Service Co, 1145 Oak St.,,Pittston,PA ,18640,USA,,570-654-2445,"Service,"
10901,Industrial/Commercial Sales & Service,00010214161002,"R.L. KISTLER, INC.", 35 HAMILTON LANE,,GLENMONT,NY ,12077,USA,,585-436-1940,"Sales,Service,"
10901,Industrial/Commercial Sales & Service,00010001611002,Huntington Power, 230 Long Hill Cross Rd,,Shelton,CT ,06484,USA,www.huntingtonpower.com,203-929-3203,"Sales,Service,Up To 2MW,Mobile/Diesel/Gas,Training,Rental,"
10901,Industrial/Commercial Sales & Service,00010214161002,"R.L. Kistler, Inc", 300 Mile Crossing Blvd.,,Rochester,NY ,14624,USA,rlkistler.com,585-436-1940,"Sales,"
10901,Industrial/Commercial Sales & Service,00010214161002,"R.L. Kistler, Inc", 5615 Business Ave.,,N. Syracuse,NY ,13208,USA,,315-458-2875,"Sales,"
10901,Industrial/Commercial Sales & Service,00010001611002,Huntington Power, 68 Enter Ln,,Islandia,NY ,11749,USA,,631-563-4943,"Sales,Service,Up To 2MW,Mobile/Diesel/Gas,"
10901,Industrial/Commercial Sales & Service,00010001611002,Huntington Power, 34 E DUDLEY TOWN RD.,,BLOOMFIELD,CT ,06002,USA,,860-289-8790,"Sales,Service,Rental,"
10901,Industrial/Commercial Sales & Service,00010214161002,"R.L. Kistler, Inc", 5615 Business Ave.,,N. Syracuse,NY ,13208,USA,,315-458-2875,"Sales,"
10901,Industrial/Commercial Sales & Service,00010208021002,Modern Group Power Systems, 2501 Durham Road,,Bristol,PA ,19007,USA,www.moderngroup.com,800-404-7291,"Sales,Service,Up To 2MW,Mobile/Diesel/Gas,Training,Rental,"
10901,Industrial/Commercial Sales & Service,00010001731002,Authorized Services Of New England, 410 Forest Street,,Marlborough,MA ,01752,USA,www.asne.com,888-890-9886,"Financing,Sales,Service,Up To 2MW,Mobile/Diesel/Gas,Training,Rental,"
10901,Industrial/Commercial Sales & Service,00010008091002,MODERN HANDLING EQUIP, 75 NEW STREET,,EDISON,NJ ,08837,USA,www.moderngroup.com,800-779-5116,"Sales,Service,Up To 2MW,Mobile/Diesel/Gas,"
10901,Industrial/Commercial Sales & Service,00010208021002,Modern Group Power Systems, 6352 Chapmans Rd,,Allentown,PA ,18106,USA,,800-404-7291,"Sales,Service,Up To 2MW,Mobile/Diesel/Gas,"
10901,Industrial/Commercial Sales & Service,00010208021002,Modern Group Power Systems, 295 New Commerce Blvd.,,Wilkes Barre,PA ,18706,USA,,800-404-7291,"Sales,Service,Up To 2MW,Mobile/Diesel/Gas,"
10901,Industrial/Commercial Sales & Service,00010000931002,"EMERGENCY POWER SYSTEMS, LLC", 35 HAMILTON LANE,,GLENMONT,NY ,12077,USA,,800-914-1465,"Service,Up To 2MW,Mobile/Diesel/Gas,"
10901,Industrial/Commercial Sales & Service,00010000931002,"EMERGENCY POWER SYSTEMS, LLC", 35 HAMILTON LANE,,GLENMONT,NY ,12077,USA,,800-914-1465,"Service,"
10901,Industrial/Commercial Sales & Service,00010208021002,Modern Group Power Systems, 200 Allied Parkway,,West Berlin,NJ ,08091,USA,,800-404-7291,"Sales,Service,Up To 2MW,Mobile/Diesel/Gas,"
10901,Industrial/Commercial Sales & Service,00010208021002,Modern Group Power Systems, 66A South Gate Blvd.,,New Castle,DE ,19720,USA,,800-404-7291,"Sales,Service,Up To 2MW,Mobile/Diesel/Gas,"
10901,Industrial/Commercial Sales & Service,00010001731002,AUTHORIZED SERVICES OF NEW ENGLAND, 410 FOREST STREET,,MARLBOROUGH,MA ,01752,USA,,888-890-9886,"Sales,"
10901,Industrial/Commercial Sales & Service,00010208021002,Modern Group Power Systems, 3480 Board Road,,York,PA ,17402,USA,,800-404-7291,"Sales,Service,Up To 2MW,Mobile/Diesel/Gas,"
10901,Industrial/Commercial Sales & Service,00010134071002,PEAK POWER SYSTEMS, 99 SPRAGUE AVENUE,,MIDDLETOWN,NY ,10940,USA,www.peakpowersystems.com,845-344-1975,"Sales,Service,Up To 600kW,Mobile/Diesel/Gas,Rental,"
10901,Industrial/Commercial Sales & Service,00010001761002,"GENSERVE, INC.", 100 NEWTOWN RD,,PLAINVIEW,NY ,11803,USA,www.genserveinc.com,631-435-0437,"Service,"
10901,Industrial/Commercial Sales & Service,00111209521002,LONG ISLAND EMERGENCY POWER -QO, 2 Ocean Avenue,,DEER PARK,NY ,11729,USA,,631-586-7513,"Sales,"
10901,Industrial/Commercial Sales & Service,00111209531002,HUNTINGTON POWER - LONG ISLAND, PO BOX 2040,,SHELTON,CT ,06484,USA,,631-586-7513,"Sales,"
10901,Industrial/Commercial Sales & Service,00010139211002,POWERPRO SERVICE CO. INC., 608 JOHNSON AVE. UNIT 6,,BOHEMIA,NY ,11716,USA,,631-567-2700,"Sales,Service,Up To 600kW,Mobile/Diesel/Gas,"
10901,Industrial/Commercial Sales & Service,00010001761002,"GENSERVE, INC.", 115A TWINBRIDGE DR.,,PENNSAUKEN,NJ ,08110,USA,www.genserveinc.com,856-324-0459,"Service,"
10901,Industrial/Commercial Sales & Service,00111184131002,HUNTER & LOMISON, 1956 W FOURTH ST,,WILLIAMSPORT,PA ,17701,USA,www.hunterlomison.com,570-326-1764,"Sales,Service,Up To 600kW,Mobile/Diesel/Gas,Rental,"
10901,Industrial/Commercial Sales & Service,00010000881002,HUNTER & LOMISON INC., 1956 W. 4TH STREET,,WILLIAMSPORT,PA ,17701,USA,www.hunterlomison.com,570-326-1764,"Service,Up To 600kW,Mobile/Diesel/Gas,"
10901,Industrial/Commercial Sales & Service,00010001621002,BROOKFIELD SERVICE, 708 GLEBE ROAD,,WESTMORELAND,NH ,03467,USA,www.brookfieldservice.com,802-485-6567,"Service,Up To 600kW,Mobile/Diesel/Gas,"
10901,Industrial/Commercial Sales & Service,00010021101002,SOUTH SHORE GENERATOR INC-Quote, 2696A CRANBERRY HWY,,WAREHAM,MA ,02571,USA,,508-295-7336,"Sales,Service,Up To 600kW,Mobile/Diesel/Gas,"
10901,Industrial/Commercial Sales & Service,00010001701002,SOUTH SHORE GENERATOR INC, ,,EAST WAREHAM,MA ,02538,USA,,508-295-7336,"Financing,Sales,Service,Up To 600kW,Mobile/Diesel/Gas,"
10901,Industrial/Commercial Sales & Service,00111207431002,WARSHAUER ELECTRIC SUPPLY CO INC, 800 SHREWSBURY AVE,,TINTON FALLS,NJ ,07724,USA,www.warshauer.com,732-741-6400,"Service,"
10901,Industrial/Commercial Sales & Service,00010157021002,Mechanical Service Co, 1145 Oak St.,,Pittston,PA ,18640,USA,,570-654-2445,"Service,"
10910,Industrial/Commercial Sales & Service,00010001611002,Huntington Power, 230 Long Hill Cross Rd,,Shelton,CT ,06484,USA,www.huntingtonpower.com,203-929-3203,"Sales,Service,Up To 2MW,Mobile/Diesel/Gas,Training,Rental,"
10910,Industrial/Commercial Sales & Service,00010214161002,"R.L. Kistler, Inc", 300 Mile Crossing Blvd.,,Rochester,NY ,14624,USA,rlkistler.com,585-436-1940,"Sales,"
10910,Industrial/Commercial Sales & Service,00010214161002,"R.L. KISTLER, INC.", 35 HAMILTON LANE,,GLENMONT,NY ,12077,USA,,585-436-1940,"Sales,Service,"
10910,Industrial/Commercial Sales & Service,00010001611002,Huntington Power, 68 Enter Ln,,Islandia,NY ,11749,USA,,631-563-4943,"Sales,Service,Up To 2MW,Mobile/Diesel/Gas,"
10910,Industrial/Commercial Sales & Service,00010001611002,Huntington Power, 34 E DUDLEY TOWN RD.,,BLOOMFIELD,CT ,06002,USA,,860-289-8790,"Sales,Service,Rental,"
10910,Industrial/Commercial Sales & Service,00010214161002,"R.L. Kistler, Inc", 5615 Business Ave.,,N. Syracuse,NY ,13208,USA,,315-458-2875,"Sales,"
10910,Industrial/Commercial Sales & Service,00010214161002,"R.L. Kistler, Inc", 5615 Business Ave.,,N. Syracuse,NY ,13208,USA,,315-458-2875,"Sales,"
10910,Industrial/Commercial Sales & Service,00010208021002,Modern Group Power Systems, 2501 Durham Road,,Bristol,PA ,19007,USA,www.moderngroup.com,800-404-7291,"Sales,Service,Up To 2MW,Mobile/Diesel/Gas,Training,Rental,"
10910,Industrial/Commercial Sales & Service,00010001731002,Authorized Services Of New England, 410 Forest Street,,Marlborough,MA ,01752,USA,www.asne.com,888-890-9886,"Financing,Sales,Service,Up To 2MW,Mobile/Diesel/Gas,Training,Rental,"
10910,Industrial/Commercial Sales & Service,00010008091002,MODERN HANDLING EQUIP, 75 NEW STREET,,EDISON,NJ ,08837,USA,www.moderngroup.com,800-779-5116,"Sales,Service,Up To 2MW,Mobile/Diesel/Gas,"
10910,Industrial/Commercial Sales & Service,00010208021002,Modern Group Power Systems, 6352 Chapmans Rd,,Allentown,PA ,18106,USA,,800-404-7291,"Sales,Service,Up To 2MW,Mobile/Diesel/Gas,"
10910,Industrial/Commercial Sales & Service,00010000931002,"EMERGENCY POWER SYSTEMS, LLC", 35 HAMILTON LANE,,GLENMONT,NY ,12077,USA,,800-914-1465,"Service,Up To 2MW,Mobile/Diesel/Gas,"
10910,Industrial/Commercial Sales & Service,00010000931002,"EMERGENCY POWER SYSTEMS, LLC", 35 HAMILTON LANE,,GLENMONT,NY ,12077,USA,,800-914-1465,"Service,"
10910,Industrial/Commercial Sales & Service,00010208021002,Modern Group Power Systems, 295 New Commerce Blvd.,,Wilkes Barre,PA ,18706,USA,,800-404-7291,"Sales,Service,Up To 2MW,Mobile/Diesel/Gas,"
10910,Industrial/Commercial Sales & Service,00010208021002,Modern Group Power Systems, 200 Allied Parkway,,West Berlin,NJ ,08091,USA,,800-404-7291,"Sales,Service,Up To 2MW,Mobile/Diesel/Gas,"
10910,Industrial/Commercial Sales & Service,00010208021002,Modern Group Power Systems, 66A South Gate Blvd.,,New Castle,DE ,19720,USA,,800-404-7291,"Sales,Service,Up To 2MW,Mobile/Diesel/Gas,"
10910,Industrial/Commercial Sales & Service,00010001731002,AUTHORIZED SERVICES OF NEW ENGLAND, 410 FOREST STREET,,MARLBOROUGH,MA ,01752,USA,,888-890-9886,"Sales,"
10910,Industrial/Commercial Sales & Service,00010208021002,Modern Group Power Systems, 3480 Board Road,,York,PA ,17402,USA,,800-404-7291,"Sales,Service,Up To 2MW,Mobile/Diesel/Gas,"
10910,Industrial/Commercial Sales & Service,00010134071002,PEAK POWER SYSTEMS, 99 SPRAGUE AVENUE,,MIDDLETOWN,NY ,10940,USA,www.peakpowersystems.com,845-344-1975,"Sales,Service,Up To 600kW,Mobile/Diesel/Gas,Rental,"
10910,Industrial/Commercial Sales & Service,00010001761002,"GENSERVE, INC.", 100 NEWTOWN RD,,PLAINVIEW,NY ,11803,USA,www.genserveinc.com,631-435-0437,"Service,"
10910,Industrial/Commercial Sales & Service,00111209531002,HUNTINGTON POWER - LONG ISLAND, PO BOX 2040,,SHELTON,CT ,06484,USA,,631-586-7513,"Sales,"
10910,Industrial/Commercial Sales & Service,00111209521002,LONG ISLAND EMERGENCY POWER -QO, 2 Ocean Avenue,,DEER PARK,NY ,11729,USA,,631-586-7513,"Sales,"
10910,Industrial/Commercial Sales & Service,00010139211002,POWERPRO SERVICE CO. INC., 608 JOHNSON AVE. UNIT 6,,BOHEMIA,NY ,11716,USA,,631-567-2700,"Sales,Service,Up To 600kW,Mobile/Diesel/Gas,"
10910,Industrial/Commercial Sales & Service,00010001761002,"GENSERVE, INC.", 115A TWINBRIDGE DR.,,PENNSAUKEN,NJ ,08110,USA,www.genserveinc.com,856-324-0459,"Service,"
10910,Industrial/Commercial Sales & Service,00010001621002,BROOKFIELD SERVICE, 708 GLEBE ROAD,,WESTMORELAND,NH ,03467,USA,www.brookfieldservice.com,802-485-6567,"Service,Up To 600kW,Mobile/Diesel/Gas,"
10910,Industrial/Commercial Sales & Service,00111184131002,HUNTER & LOMISON, 1956 W FOURTH ST,,WILLIAMSPORT,PA ,17701,USA,www.hunterlomison.com,570-326-1764,"Sales,Service,Up To 600kW,Mobile/Diesel/Gas,Rental,"
10910,Industrial/Commercial Sales & Service,00010000881002,HUNTER & LOMISON INC., 1956 W. 4TH STREET,,WILLIAMSPORT,PA ,17701,USA,www.hunterlomison.com,570-326-1764,"Service,Up To 600kW,Mobile/Diesel/Gas,"
10910,Industrial/Commercial Sales & Service,00010021101002,SOUTH SHORE GENERATOR INC-Quote, 2696A CRANBERRY HWY,,WAREHAM,MA ,02571,USA,,508-295-7336,"Sales,Service,Up To 600kW,Mobile/Diesel/Gas,"
10910,Industrial/Commercial Sales & Service,00010001701002,SOUTH SHORE GENERATOR INC, ,,EAST WAREHAM,MA ,02538,USA,,508-295-7336,"Financing,Sales,Service,Up To 600kW,Mobile/Diesel/Gas,"
10910,Industrial/Commercial Sales & Service,00111207431002,WARSHAUER ELECTRIC SUPPLY CO INC, 800 SHREWSBURY AVE,,TINTON FALLS,NJ ,07724,USA,www.warshauer.com,732-741-6400,"Service,"
10910,Industrial/Commercial Sales & Service,00010157021002,Mechanical Service Co, 1145 Oak St.,,Pittston,PA ,18640,USA,,570-654-2445,"Service,"
10911,Industrial/Commercial Sales & Service,00010214161002,"R.L. KISTLER, INC.", 35 HAMILTON LANE,,GLENMONT,NY ,12077,USA,,585-436-1940,"Sales,Service,"
10911,Industrial/Commercial Sales & Service,00010214161002,"R.L. Kistler, Inc", 300 Mile Crossing Blvd.,,Rochester,NY ,14624,USA,rlkistler.com,585-436-1940,"Sales,"
10911,Industrial/Commercial Sales & Service,00010001611002,Huntington Power, 230 Long Hill Cross Rd,,Shelton,CT ,06484,USA,www.huntingtonpower.com,203-929-3203,"Sales,Service,Up To 2MW,Mobile/Diesel/Gas,Training,Rental,"
10911,Industrial/Commercial Sales & Service,00010214161002,"R.L. Kistler, Inc", 5615 Business Ave.,,N. Syracuse,NY ,13208,USA,,315-458-2875,"Sales,"
10911,Industrial/Commercial Sales & Service,00010214161002,"R.L. Kistler, Inc", 5615 Business Ave.,,N. Syracuse,NY ,13208,USA,,315-458-2875,"Sales,"
10911,Industrial/Commercial Sales & Service,00010001611002,Huntington Power, 68 Enter Ln,,Islandia,NY ,11749,USA,,631-563-4943,"Sales,Service,Up To 2MW,Mobile/Diesel/Gas,"
10911,Industrial/Commercial Sales & Service,00010001611002,Huntington Power, 34 E DUDLEY TOWN RD.,,BLOOMFIELD,CT ,06002,USA,,860-289-8790,"Sales,Service,Rental,"
10911,Industrial/Commercial Sales & Service,00010208021002,Modern Group Power Systems, 2501 Durham Road,,Bristol,PA ,19007,USA,www.moderngroup.com,800-404-7291,"Sales,Service,Up To 2MW,Mobile/Diesel/Gas,Training,Rental,"
10911,Industrial/Commercial Sales & Service,00010001731002,Authorized Services Of New England, 410 Forest Street,,Marlborough,MA ,01752,USA,www.asne.com,888-890-9886,"Financing,Sales,Service,Up To 2MW,Mobile/Diesel/Gas,Training,Rental,"
10911,Industrial/Commercial Sales & Service,00010008091002,MODERN HANDLING EQUIP, 75 NEW STREET,,EDISON,NJ ,08837,USA,www.moderngroup.com,800-779-5116,"Sales,Service,Up To 2MW,Mobile/Diesel/Gas,"
10911,Industrial/Commercial Sales & Service,00010000931002,"EMERGENCY POWER SYSTEMS, LLC", 35 HAMILTON LANE,,GLENMONT,NY ,12077,USA,,800-914-1465,"Service,Up To 2MW,Mobile/Diesel/Gas,"
10911,Industrial/Commercial Sales & Service,00010000931002,"EMERGENCY POWER SYSTEMS, LLC", 35 HAMILTON LANE,,GLENMONT,NY ,12077,USA,,800-914-1465,"Service,"
10911,Industrial/Commercial Sales & Service,00010208021002,Modern Group Power Systems, 6352 Chapmans Rd,,Allentown,PA ,18106,USA,,800-404-7291,"Sales,Service,Up To 2MW,Mobile/Diesel/Gas,"
10911,Industrial/Commercial Sales & Service,00010208021002,Modern Group Power Systems, 295 New Commerce Blvd.,,Wilkes Barre,PA ,18706,USA,,800-404-7291,"Sales,Service,Up To 2MW,Mobile/Diesel/Gas,"
10911,Industrial/Commercial Sales & Service,00010208021002,Modern Group Power Systems, 200 Allied Parkway,,West Berlin,NJ ,08091,USA,,800-404-7291,"Sales,Service,Up To 2MW,Mobile/Diesel/Gas,"
10911,Industrial/Commercial Sales & Service,00010208021002,Modern Group Power Systems, 66A South Gate Blvd.,,New Castle,DE ,19720,USA,,800-404-7291,"Sales,Service,Up To 2MW,Mobile/Diesel/Gas,"
10911,Industrial/Commercial Sales & Service,00010001731002,AUTHORIZED SERVICES OF NEW ENGLAND, 410 FOREST STREET,,MARLBOROUGH,MA ,01752,USA,,888-890-9886,"Sales,"
10911,Industrial/Commercial Sales & Service,00010208021002,Modern Group Power Systems, 3480 Board Road,,York,PA ,17402,USA,,800-404-7291,"Sales,Service,Up To 2MW,Mobile/Diesel/Gas,"
10911,Industrial/Commercial Sales & Service,00010134071002,PEAK POWER SYSTEMS, 99 SPRAGUE AVENUE,,MIDDLETOWN,NY ,10940,USA,www.peakpowersystems.com,845-344-1975,"Sales,Service,Up To 600kW,Mobile/Diesel/Gas,Rental,"
10911,Industrial/Commercial Sales & Service,00111209531002,HUNTINGTON POWER - LONG ISLAND, PO BOX 2040,,SHELTON,CT ,06484,USA,,631-586-7513,"Sales,"
10911,Industrial/Commercial Sales & Service,00010001761002,"GENSERVE, INC.", 100 NEWTOWN RD,,PLAINVIEW,NY ,11803,USA,www.genserveinc.com,631-435-0437,"Service,"
10911,Industrial/Commercial Sales & Service,00111209521002,LONG ISLAND EMERGENCY POWER -QO, 2 Ocean Avenue,,DEER PARK,NY ,11729,USA,,631-586-7513,"Sales,"
10911,Industrial/Commercial Sales & Service,00010139211002,POWERPRO SERVICE CO. INC., 608 JOHNSON AVE. UNIT 6,,BOHEMIA,NY ,11716,USA,,631-567-2700,"Sales,Service,Up To 600kW,Mobile/Diesel/Gas,"
10911,Industrial/Commercial Sales & Service,00010001761002,"GENSERVE, INC.", 115A TWINBRIDGE DR.,,PENNSAUKEN,NJ ,08110,USA,www.genserveinc.com,856-324-0459,"Service,"
10911,Industrial/Commercial Sales & Service,00010001621002,BROOKFIELD SERVICE, 708 GLEBE ROAD,,WESTMORELAND,NH ,03467,USA,www.brookfieldservice.com,802-485-6567,"Service,Up To 600kW,Mobile/Diesel/Gas,"
10911,Industrial/Commercial Sales & Service,00111184131002,HUNTER & LOMISON, 1956 W FOURTH ST,,WILLIAMSPORT,PA ,17701,USA,www.hunterlomison.com,570-326-1764,"Sales,Service,Up To 600kW,Mobile/Diesel/Gas,Rental,"
10911,Industrial/Commercial Sales & Service,00010000881002,HUNTER & LOMISON INC., 1956 W. 4TH STREET,,WILLIAMSPORT,PA ,17701,USA,www.hunterlomison.com,570-326-1764,"Service,Up To 600kW,Mobile/Diesel/Gas,"
10911,Industrial/Commercial Sales & Service,00010021101002,SOUTH SHORE GENERATOR INC-Quote, 2696A CRANBERRY HWY,,WAREHAM,MA ,02571,USA,,508-295-7336,"Sales,Service,Up To 600kW,Mobile/Diesel/Gas,"
10911,Industrial/Commercial Sales & Service,00010001701002,SOUTH SHORE GENERATOR INC, ,,EAST WAREHAM,MA ,02538,USA,,508-295-7336,"Financing,Sales,Service,Up To 600kW,Mobile/Diesel/Gas,"
10911,Industrial/Commercial Sales & Service,00111207431002,WARSHAUER ELECTRIC SUPPLY CO INC, 800 SHREWSBURY AVE,,TINTON FALLS,NJ ,07724,USA,www.warshauer.com,732-741-6400,"Service,"
10911,Industrial/Commercial Sales & Service,00010157021002,Mechanical Service Co, 1145 Oak St.,,Pittston,PA ,18640,USA,,570-654-2445,"Service,"
10912,Industrial/Commercial Sales & Service,00010214161002,"R.L. Kistler, Inc", 300 Mile Crossing Blvd.,,Rochester,NY ,14624,USA,rlkistler.com,585-436-1940,"Sales,"
10912,Industrial/Commercial Sales & Service,00010214161002,"R.L. KISTLER, INC.", 35 HAMILTON LANE,,GLENMONT,NY ,12077,USA,,585-436-1940,"Sales,Service,"
10912,Industrial/Commercial Sales & Service,00010001611002,Huntington Power, 230 Long Hill Cross Rd,,Shelton,CT ,06484,USA,www.huntingtonpower.com,203-929-3203,"Sales,Service,Up To 2MW,Mobile/Diesel/Gas,Training,Rental,"
10912,Industrial/Commercial Sales & Service,00010214161002,"R.L. Kistler, Inc", 5615 Business Ave.,,N. Syracuse,NY ,13208,USA,,315-458-2875,"Sales,"
10912,Industrial/Commercial Sales & Service,00010214161002,"R.L. Kistler, Inc", 5615 Business Ave.,,N. Syracuse,NY ,13208,USA,,315-458-2875,"Sales,"
10912,Industrial/Commercial Sales & Service,00010001611002,Huntington Power, 68 Enter Ln,,Islandia,NY ,11749,USA,,631-563-4943,"Sales,Service,Up To 2MW,Mobile/Diesel/Gas,"
10912,Industrial/Commercial Sales & Service,00010001611002,Huntington Power, 34 E DUDLEY TOWN RD.,,BLOOMFIELD,CT ,06002,USA,,860-289-8790,"Sales,Service,Rental,"
10912,Industrial/Commercial Sales & Service,00010208021002,Modern Group Power Systems, 2501 Durham Road,,Bristol,PA ,19007,USA,www.moderngroup.com,800-404-7291,"Sales,Service,Up To 2MW,Mobile/Diesel/Gas,Training,Rental,"
10912,Industrial/Commercial Sales & Service,00010001731002,Authorized Services Of New England, 410 Forest Street,,Marlborough,MA ,01752,USA,www.asne.com,888-890-9886,"Financing,Sales,Service,Up To 2MW,Mobile/Diesel/Gas,Training,Rental,"
10912,Industrial/Commercial Sales & Service,00010008091002,MODERN HANDLING EQUIP, 75 NEW STREET,,EDISON,NJ ,08837,USA,www.moderngroup.com,800-779-5116,"Sales,Service,Up To 2MW,Mobile/Diesel/Gas,"
10912,Industrial/Commercial Sales & Service,00010208021002,Modern Group Power Systems, 6352 Chapmans Rd,,Allentown,PA ,18106,USA,,800-404-7291,"Sales,Service,Up To 2MW,Mobile/Diesel/Gas,"
10912,Industrial/Commercial Sales & Service,00010208021002,Modern Group Power Systems, 295 New Commerce Blvd.,,Wilkes Barre,PA ,18706,USA,,800-404-7291,"Sales,Service,Up To 2MW,Mobile/Diesel/Gas,"
10912,Industrial/Commercial Sales & Service,00010000931002,"EMERGENCY POWER SYSTEMS, LLC", 35 HAMILTON LANE,,GLENMONT,NY ,12077,USA,,800-914-1465,"Service,Up To 2MW,Mobile/Diesel/Gas,"
10912,Industrial/Commercial Sales & Service,00010000931002,"EMERGENCY POWER SYSTEMS, LLC", 35 HAMILTON LANE,,GLENMONT,NY ,12077,USA,,800-914-1465,"Service,"
10912,Industrial/Commercial Sales & Service,00010208021002,Modern Group Power Systems, 200 Allied Parkway,,West Berlin,NJ ,08091,USA,,800-404-7291,"Sales,Service,Up To 2MW,Mobile/Diesel/Gas,"
10912,Industrial/Commercial Sales & Service,00010208021002,Modern Group Power Systems, 66A South Gate Blvd.,,New Castle,DE ,19720,USA,,800-404-7291,"Sales,Service,Up To 2MW,Mobile/Diesel/Gas,"
10912,Industrial/Commercial Sales & Service,00010208021002,Modern Group Power Systems, 3480 Board Road,,York,PA ,17402,USA,,800-404-7291,"Sales,Service,Up To 2MW,Mobile/Diesel/Gas,"
10912,Industrial/Commercial Sales & Service,00010001731002,AUTHORIZED SERVICES OF NEW ENGLAND, 410 FOREST STREET,,MARLBOROUGH,MA ,01752,USA,,888-890-9886,"Sales,"
10912,Industrial/Commercial Sales & Service,00010134071002,PEAK POWER SYSTEMS, 99 SPRAGUE AVENUE,,MIDDLETOWN,NY ,10940,USA,www.peakpowersystems.com,845-344-1975,"Sales,Service,Up To 600kW,Mobile/Diesel/Gas,Rental,"
10912,Industrial/Commercial Sales & Service,00010001761002,"GENSERVE, INC.", 100 NEWTOWN RD,,PLAINVIEW,NY ,11803,USA,www.genserveinc.com,631-435-0437,"Service,"
10912,Industrial/Commercial Sales & Service,00111209521002,LONG ISLAND EMERGENCY POWER -QO, 2 Ocean Avenue,,DEER PARK,NY ,11729,USA,,631-586-7513,"Sales,"
10912,Industrial/Commercial Sales & Service,00111209531002,HUNTINGTON POWER - LONG ISLAND, PO BOX 2040,,SHELTON,CT ,06484,USA,,631-586-7513,"Sales,"
10912,Industrial/Commercial Sales & Service,00010139211002,POWERPRO SERVICE CO. INC., 608 JOHNSON AVE. UNIT 6,,BOHEMIA,NY ,11716,USA,,631-567-2700,"Sales,Service,Up To 600kW,Mobile/Diesel/Gas,"
10912,Industrial/Commercial Sales & Service,00010001761002,"GENSERVE, INC.", 115A TWINBRIDGE DR.,,PENNSAUKEN,NJ ,08110,USA,www.genserveinc.com,856-324-0459,"Service,"
10912,Industrial/Commercial Sales & Service,00111184131002,HUNTER & LOMISON, 1956 W FOURTH ST,,WILLIAMSPORT,PA ,17701,USA,www.hunterlomison.com,570-326-1764,"Sales,Service,Up To 600kW,Mobile/Diesel/Gas,Rental,"
10912,Industrial/Commercial Sales & Service,00010000881002,HUNTER & LOMISON INC., 1956 W. 4TH STREET,,WILLIAMSPORT,PA ,17701,USA,www.hunterlomison.com,570-326-1764,"Service,Up To 600kW,Mobile/Diesel/Gas,"
10912,Industrial/Commercial Sales & Service,00010001621002,BROOKFIELD SERVICE, 708 GLEBE ROAD,,WESTMORELAND,NH ,03467,USA,www.brookfieldservice.com,802-485-6567,"Service,Up To 600kW,Mobile/Diesel/Gas,"
10912,Industrial/Commercial Sales & Service,00010021101002,SOUTH SHORE GENERATOR INC-Quote, 2696A CRANBERRY HWY,,WAREHAM,MA ,02571,USA,,508-295-7336,"Sales,Service,Up To 600kW,Mobile/Diesel/Gas,"
10912,Industrial/Commercial Sales & Service,00010001701002,SOUTH SHORE GENERATOR INC, ,,EAST WAREHAM,MA ,02538,USA,,508-295-7336,"Financing,Sales,Service,Up To 600kW,Mobile/Diesel/Gas,"
10912,Industrial/Commercial Sales & Service,00111207431002,WARSHAUER ELECTRIC SUPPLY CO INC, 800 SHREWSBURY AVE,,TINTON FALLS,NJ ,07724,USA,www.warshauer.com,732-741-6400,"Service,"
10912,Industrial/Commercial Sales & Service,00010157021002,Mechanical Service Co, 1145 Oak St.,,Pittston,PA ,18640,USA,,570-654-2445,"Service,"
10913,Industrial/Commercial Sales & Service,00010214161002,"R.L. KISTLER, INC.", 35 HAMILTON LANE,,GLENMONT,NY ,12077,USA,,585-436-1940,"Sales,Service,"
10913,Industrial/Commercial Sales & Service,00010214161002,"R.L. Kistler, Inc", 300 Mile Crossing Blvd.,,Rochester,NY ,14624,USA,rlkistler.com,585-436-1940,"Sales,"
10913,Industrial/Commercial Sales & Service,00010001611002,Huntington Power, 230 Long Hill Cross Rd,,Shelton,CT ,06484,USA,www.huntingtonpower.com,203-929-3203,"Sales,Service,Up To 2MW,Mobile/Diesel/Gas,Training,Rental,"
10913,Industrial/Commercial Sales & Service,00010214161002,"R.L. Kistler, Inc", 5615 Business Ave.,,N. Syracuse,NY ,13208,USA,,315-458-2875,"Sales,"
10913,Industrial/Commercial Sales & Service,00010214161002,"R.L. Kistler, Inc", 5615 Business Ave.,,N. Syracuse,NY ,13208,USA,,315-458-2875,"Sales,"
10913,Industrial/Commercial Sales & Service,00010001611002,Huntington Power, 68 Enter Ln,,Islandia,NY ,11749,USA,,631-563-4943,"Sales,Service,Up To 2MW,Mobile/Diesel/Gas,"
10913,Industrial/Commercial Sales & Service,00010001611002,Huntington Power, 34 E DUDLEY TOWN RD.,,BLOOMFIELD,CT ,06002,USA,,860-289-8790,"Sales,Service,Rental,"
10913,Industrial/Commercial Sales & Service,00010208021002,Modern Group Power Systems, 2501 Durham Road,,Bristol,PA ,19007,USA,www.moderngroup.com,800-404-7291,"Sales,Service,Up To 2MW,Mobile/Diesel/Gas,Training,Rental,"
10913,Industrial/Commercial Sales & Service,00010001731002,Authorized Services Of New England, 410 Forest Street,,Marlborough,MA ,01752,USA,www.asne.com,888-890-9886,"Financing,Sales,Service,Up To 2MW,Mobile/Diesel/Gas,Training,Rental,"
10913,Industrial/Commercial Sales & Service,00010008091002,MODERN HANDLING EQUIP, 75 NEW STREET,,EDISON,NJ ,08837,USA,www.moderngroup.com,800-779-5116,"Sales,Service,Up To 2MW,Mobile/Diesel/Gas,"
10913,Industrial/Commercial Sales & Service,00010208021002,Modern Group Power Systems, 6352 Chapmans Rd,,Allentown,PA ,18106,USA,,800-404-7291,"Sales,Service,Up To 2MW,Mobile/Diesel/Gas,"
10913,Industrial/Commercial Sales & Service,00010208021002,Modern Group Power Systems, 200 Allied Parkway,,West Berlin,NJ ,08091,USA,,800-404-7291,"Sales,Service,Up To 2MW,Mobile/Diesel/Gas,"
10913,Industrial/Commercial Sales & Service,00010208021002,Modern Group Power Systems, 295 New Commerce Blvd.,,Wilkes Barre,PA ,18706,USA,,800-404-7291,"Sales,Service,Up To 2MW,Mobile/Diesel/Gas,"
10913,Industrial/Commercial Sales & Service,00010000931002,"EMERGENCY POWER SYSTEMS, LLC", 35 HAMILTON LANE,,GLENMONT,NY ,12077,USA,,800-914-1465,"Service,Up To 2MW,Mobile/Diesel/Gas,"
10913,Industrial/Commercial Sales & Service,00010000931002,"EMERGENCY POWER SYSTEMS, LLC", 35 HAMILTON LANE,,GLENMONT,NY ,12077,USA,,800-914-1465,"Service,"
10913,Industrial/Commercial Sales & Service,00010208021002,Modern Group Power Systems, 66A South Gate Blvd.,,New Castle,DE ,19720,USA,,800-404-7291,"Sales,Service,Up To 2MW,Mobile/Diesel/Gas,"
10913,Industrial/Commercial Sales & Service,00010001731002,AUTHORIZED SERVICES OF NEW ENGLAND, 410 FOREST STREET,,MARLBOROUGH,MA ,01752,USA,,888-890-9886,"Sales,"
10913,Industrial/Commercial Sales & Service,00010208021002,Modern Group Power Systems, 3480 Board Road,,York,PA ,17402,USA,,800-404-7291,"Sales,Service,Up To 2MW,Mobile/Diesel/Gas,"
10913,Industrial/Commercial Sales & Service,00010001761002,"GENSERVE, INC.", 100 NEWTOWN RD,,PLAINVIEW,NY ,11803,USA,www.genserveinc.com,631-435-0437,"Service,"
10913,Industrial/Commercial Sales & Service,00010134071002,PEAK POWER SYSTEMS, 99 SPRAGUE AVENUE,,MIDDLETOWN,NY ,10940,USA,www.peakpowersystems.com,845-344-1975,"Sales,Service,Up To 600kW,Mobile/Diesel/Gas,Rental,"
10913,Industrial/Commercial Sales & Service,00111209521002,LONG ISLAND EMERGENCY POWER -QO, 2 Ocean Avenue,,DEER PARK,NY ,11729,USA,,631-586-7513,"Sales,"
10913,Industrial/Commercial Sales & Service,00111209531002,HUNTINGTON POWER - LONG ISLAND, PO BOX 2040,,SHELTON,CT ,06484,USA,,631-586-7513,"Sales,"
10913,Industrial/Commercial Sales & Service,00010139211002,POWERPRO SERVICE CO. INC., 608 JOHNSON AVE. UNIT 6,,BOHEMIA,NY ,11716,USA,,631-567-2700,"Sales,Service,Up To 600kW,Mobile/Diesel/Gas,"
10913,Industrial/Commercial Sales & Service,00010001761002,"GENSERVE, INC.", 115A TWINBRIDGE DR.,,PENNSAUKEN,NJ ,08110,USA,www.genserveinc.com,856-324-0459,"Service,"
10913,Industrial/Commercial Sales & Service,00010001621002,BROOKFIELD SERVICE, 708 GLEBE ROAD,,WESTMORELAND,NH ,03467,USA,www.brookfieldservice.com,802-485-6567,"Service,Up To 600kW,Mobile/Diesel/Gas,"
10913,Industrial/Commercial Sales & Service,00111184131002,HUNTER & LOMISON, 1956 W FOURTH ST,,WILLIAMSPORT,PA ,17701,USA,www.hunterlomison.com,570-326-1764,"Sales,Service,Up To 600kW,Mobile/Diesel/Gas,Rental,"
10913,Industrial/Commercial Sales & Service,00010000881002,HUNTER & LOMISON INC., 1956 W. 4TH STREET,,WILLIAMSPORT,PA ,17701,USA,www.hunterlomison.com,570-326-1764,"Service,Up To 600kW,Mobile/Diesel/Gas,"
10913,Industrial/Commercial Sales & Service,00010021101002,SOUTH SHORE GENERATOR INC-Quote, 2696A CRANBERRY HWY,,WAREHAM,MA ,02571,USA,,508-295-7336,"Sales,Service,Up To 600kW,Mobile/Diesel/Gas,"
10913,Industrial/Commercial Sales & Service,00010001701002,SOUTH SHORE GENERATOR INC, ,,EAST WAREHAM,MA ,02538,USA,,508-295-7336,"Financing,Sales,Service,Up To 600kW,Mobile/Diesel/Gas,"
10913,Industrial/Commercial Sales & Service,00111207431002,WARSHAUER ELECTRIC SUPPLY CO INC, 800 SHREWSBURY AVE,,TINTON FALLS,NJ ,07724,USA,www.warshauer.com,732-741-6400,"Service,"
10913,Industrial/Commercial Sales & Service,00010157021002,Mechanical Service Co, 1145 Oak St.,,Pittston,PA ,18640,USA,,570-654-2445,"Service,"
10914,Industrial/Commercial Sales & Service,00010214161002,"R.L. KISTLER, INC.", 35 HAMILTON LANE,,GLENMONT,NY ,12077,USA,,585-436-1940,"Sales,Service,"
10914,Industrial/Commercial Sales & Service,00010214161002,"R.L. Kistler, Inc", 300 Mile Crossing Blvd.,,Rochester,NY ,14624,USA,rlkistler.com,585-436-1940,"Sales,"
10914,Industrial/Commercial Sales & Service,00010001611002,Huntington Power, 230 Long Hill Cross Rd,,Shelton,CT ,06484,USA,www.huntingtonpower.com,203-929-3203,"Sales,Service,Up To 2MW,Mobile/Diesel/Gas,Training,Rental,"
10914,Industrial/Commercial Sales & Service,00010214161002,"R.L. Kistler, Inc", 5615 Business Ave.,,N. Syracuse,NY ,13208,USA,,315-458-2875,"Sales,"
10914,Industrial/Commercial Sales & Service,00010214161002,"R.L. Kistler, Inc", 5615 Business Ave.,,N. Syracuse,NY ,13208,USA,,315-458-2875,"Sales,"
10914,Industrial/Commercial Sales & Service,00010001611002,Huntington Power, 68 Enter Ln,,Islandia,NY ,11749,USA,,631-563-4943,"Sales,Service,Up To 2MW,Mobile/Diesel/Gas,"
10914,Industrial/Commercial Sales & Service,00010001611002,Huntington Power, 34 E DUDLEY TOWN RD.,,BLOOMFIELD,CT ,06002,USA,,860-289-8790,"Sales,Service,Rental,"
10914,Industrial/Commercial Sales & Service,00010208021002,Modern Group Power Systems, 2501 Durham Road,,Bristol,PA ,19007,USA,www.moderngroup.com,800-404-7291,"Sales,Service,Up To 2MW,Mobile/Diesel/Gas,Training,Rental,"
10914,Industrial/Commercial Sales & Service,00010001731002,Authorized Services Of New England, 410 Forest Street,,Marlborough,MA ,01752,USA,www.asne.com,888-890-9886,"Financing,Sales,Service,Up To 2MW,Mobile/Diesel/Gas,Training,Rental,"
10914,Industrial/Commercial Sales & Service,00010008091002,MODERN HANDLING EQUIP, 75 NEW STREET,,EDISON,NJ ,08837,USA,www.moderngroup.com,800-779-5116,"Sales,Service,Up To 2MW,Mobile/Diesel/Gas,"
10914,Industrial/Commercial Sales & Service,00010000931002,"EMERGENCY POWER SYSTEMS, LLC", 35 HAMILTON LANE,,GLENMONT,NY ,12077,USA,,800-914-1465,"Service,Up To 2MW,Mobile/Diesel/Gas,"
10914,Industrial/Commercial Sales & Service,00010000931002,"EMERGENCY POWER SYSTEMS, LLC", 35 HAMILTON LANE,,GLENMONT,NY ,12077,USA,,800-914-1465,"Service,"
10914,Industrial/Commercial Sales & Service,00010208021002,Modern Group Power Systems, 6352 Chapmans Rd,,Allentown,PA ,18106,USA,,800-404-7291,"Sales,Service,Up To 2MW,Mobile/Diesel/Gas,"
10914,Industrial/Commercial Sales & Service,00010208021002,Modern Group Power Systems, 295 New Commerce Blvd.,,Wilkes Barre,PA ,18706,USA,,800-404-7291,"Sales,Service,Up To 2MW,Mobile/Diesel/Gas,"
10914,Industrial/Commercial Sales & Service,00010208021002,Modern Group Power Systems, 200 Allied Parkway,,West Berlin,NJ ,08091,USA,,800-404-7291,"Sales,Service,Up To 2MW,Mobile/Diesel/Gas,"
10914,Industrial/Commercial Sales & Service,00010208021002,Modern Group Power Systems, 66A South Gate Blvd.,,New Castle,DE ,19720,USA,,800-404-7291,"Sales,Service,Up To 2MW,Mobile/Diesel/Gas,"
10914,Industrial/Commercial Sales & Service,00010001731002,AUTHORIZED SERVICES OF NEW ENGLAND, 410 FOREST STREET,,MARLBOROUGH,MA ,01752,USA,,888-890-9886,"Sales,"
10914,Industrial/Commercial Sales & Service,00010208021002,Modern Group Power Systems, 3480 Board Road,,York,PA ,17402,USA,,800-404-7291,"Sales,Service,Up To 2MW,Mobile/Diesel/Gas,"
10914,Industrial/Commercial Sales & Service,00010134071002,PEAK POWER SYSTEMS, 99 SPRAGUE AVENUE,,MIDDLETOWN,NY ,10940,USA,www.peakpowersystems.com,845-344-1975,"Sales,Service,Up To 600kW,Mobile/Diesel/Gas,Rental,"
10914,Industrial/Commercial Sales & Service,00111209531002,HUNTINGTON POWER - LONG ISLAND, PO BOX 2040,,SHELTON,CT ,06484,USA,,631-586-7513,"Sales,"
10914,Industrial/Commercial Sales & Service,00010001761002,"GENSERVE, INC.", 100 NEWTOWN RD,,PLAINVIEW,NY ,11803,USA,www.genserveinc.com,631-435-0437,"Service,"
10914,Industrial/Commercial Sales & Service,00111209521002,LONG ISLAND EMERGENCY POWER -QO, 2 Ocean Avenue,,DEER PARK,NY ,11729,USA,,631-586-7513,"Sales,"
10914,Industrial/Commercial Sales & Service,00010139211002,POWERPRO SERVICE CO. INC., 608 JOHNSON AVE. UNIT 6,,BOHEMIA,NY ,11716,USA,,631-567-2700,"Sales,Service,Up To 600kW,Mobile/Diesel/Gas,"
10914,Industrial/Commercial Sales & Service,00010001761002,"GENSERVE, INC.", 115A TWINBRIDGE DR.,,PENNSAUKEN,NJ ,08110,USA,www.genserveinc.com,856-324-0459,"Service,"
10914,Industrial/Commercial Sales & Service,00010001621002,BROOKFIELD SERVICE, 708 GLEBE ROAD,,WESTMORELAND,NH ,03467,USA,www.brookfieldservice.com,802-485-6567,"Service,Up To 600kW,Mobile/Diesel/Gas,"
10914,Industrial/Commercial Sales & Service,00111184131002,HUNTER & LOMISON, 1956 W FOURTH ST,,WILLIAMSPORT,PA ,17701,USA,www.hunterlomison.com,570-326-1764,"Sales,Service,Up To 600kW,Mobile/Diesel/Gas,Rental,"
10914,Industrial/Commercial Sales & Service,00010000881002,HUNTER & LOMISON INC., 1956 W. 4TH STREET,,WILLIAMSPORT,PA ,17701,USA,www.hunterlomison.com,570-326-1764,"Service,Up To 600kW,Mobile/Diesel/Gas,"
10914,Industrial/Commercial Sales & Service,00010021101002,SOUTH SHORE GENERATOR INC-Quote, 2696A CRANBERRY HWY,,WAREHAM,MA ,02571,USA,,508-295-7336,"Sales,Service,Up To 600kW,Mobile/Diesel/Gas,"
10914,Industrial/Commercial Sales & Service,00010001701002,SOUTH SHORE GENERATOR INC, ,,EAST WAREHAM,MA ,02538,USA,,508-295-7336,"Financing,Sales,Service,Up To 600kW,Mobile/Diesel/Gas,"
10914,Industrial/Commercial Sales & Service,00111207431002,WARSHAUER ELECTRIC SUPPLY CO INC, 800 SHREWSBURY AVE,,TINTON FALLS,NJ ,07724,USA,www.warshauer.com,732-741-6400,"Service,"
10914,Industrial/Commercial Sales & Service,00010157021002,Mechanical Service Co, 1145 Oak St.,,Pittston,PA ,18640,USA,,570-654-2445,"Service,"
10915,Industrial/Commercial Sales & Service,00010214161002,"R.L. KISTLER, INC.", 35 HAMILTON LANE,,GLENMONT,NY ,12077,USA,,585-436-1940,"Sales,Service,"
10915,Industrial/Commercial Sales & Service,00010214161002,"R.L. Kistler, Inc", 300 Mile Crossing Blvd.,,Rochester,NY ,14624,USA,rlkistler.com,585-436-1940,"Sales,"
10915,Industrial/Commercial Sales & Service,00010001611002,Huntington Power, 230 Long Hill Cross Rd,,Shelton,CT ,06484,USA,www.huntingtonpower.com,203-929-3203,"Sales,Service,Up To 2MW,Mobile/Diesel/Gas,Training,Rental,"
10915,Industrial/Commercial Sales & Service,00010214161002,"R.L. Kistler, Inc", 5615 Business Ave.,,N. Syracuse,NY ,13208,USA,,315-458-2875,"Sales,"
10915,Industrial/Commercial Sales & Service,00010214161002,"R.L. Kistler, Inc", 5615 Business Ave.,,N. Syracuse,NY ,13208,USA,,315-458-2875,"Sales,"
10915,Industrial/Commercial Sales & Service,00010001611002,Huntington Power, 68 Enter Ln,,Islandia,NY ,11749,USA,,631-563-4943,"Sales,Service,Up To 2MW,Mobile/Diesel/Gas,"
10915,Industrial/Commercial Sales & Service,00010001611002,Huntington Power, 34 E DUDLEY TOWN RD.,,BLOOMFIELD,CT ,06002,USA,,860-289-8790,"Sales,Service,Rental,"
10915,Industrial/Commercial Sales & Service,00010208021002,Modern Group Power Systems, 2501 Durham Road,,Bristol,PA ,19007,USA,www.moderngroup.com,800-404-7291,"Sales,Service,Up To 2MW,Mobile/Diesel/Gas,Training,Rental,"
10915,Industrial/Commercial Sales & Service,00010001731002,Authorized Services Of New England, 410 Forest Street,,Marlborough,MA ,01752,USA,www.asne.com,888-890-9886,"Financing,Sales,Service,Up To 2MW,Mobile/Diesel/Gas,Training,Rental,"
10915,Industrial/Commercial Sales & Service,00010008091002,MODERN HANDLING EQUIP, 75 NEW STREET,,EDISON,NJ ,08837,USA,www.moderngroup.com,800-779-5116,"Sales,Service,Up To 2MW,Mobile/Diesel/Gas,"
10915,Industrial/Commercial Sales & Service,00010000931002,"EMERGENCY POWER SYSTEMS, LLC", 35 HAMILTON LANE,,GLENMONT,NY ,12077,USA,,800-914-1465,"Service,Up To 2MW,Mobile/Diesel/Gas,"
10915,Industrial/Commercial Sales & Service,00010000931002,"EMERGENCY POWER SYSTEMS, LLC", 35 HAMILTON LANE,,GLENMONT,NY ,12077,USA,,800-914-1465,"Service,"
10915,Industrial/Commercial Sales & Service,00010208021002,Modern Group Power Systems, 295 New Commerce Blvd.,,Wilkes Barre,PA ,18706,USA,,800-404-7291,"Sales,Service,Up To 2MW,Mobile/Diesel/Gas,"
10915,Industrial/Commercial Sales & Service,00010208021002,Modern Group Power Systems, 6352 Chapmans Rd,,Allentown,PA ,18106,USA,,800-404-7291,"Sales,Service,Up To 2MW,Mobile/Diesel/Gas,"
10915,Industrial/Commercial Sales & Service,00010208021002,Modern Group Power Systems, 200 Allied Parkway,,West Berlin,NJ ,08091,USA,,800-404-7291,"Sales,Service,Up To 2MW,Mobile/Diesel/Gas,"
10915,Industrial/Commercial Sales & Service,00010208021002,Modern Group Power Systems, 66A South Gate Blvd.,,New Castle,DE ,19720,USA,,800-404-7291,"Sales,Service,Up To 2MW,Mobile/Diesel/Gas,"
10915,Industrial/Commercial Sales & Service,00010001731002,AUTHORIZED SERVICES OF NEW ENGLAND, 410 FOREST STREET,,MARLBOROUGH,MA ,01752,USA,,888-890-9886,"Sales,"
10915,Industrial/Commercial Sales & Service,00010208021002,Modern Group Power Systems, 3480 Board Road,,York,PA ,17402,USA,,800-404-7291,"Sales,Service,Up To 2MW,Mobile/Diesel/Gas,"
10915,Industrial/Commercial Sales & Service,00010134071002,PEAK POWER SYSTEMS, 99 SPRAGUE AVENUE,,MIDDLETOWN,NY ,10940,USA,www.peakpowersystems.com,845-344-1975,"Sales,Service,Up To 600kW,Mobile/Diesel/Gas,Rental,"
10915,Industrial/Commercial Sales & Service,00111209531002,HUNTINGTON POWER - LONG ISLAND, PO BOX 2040,,SHELTON,CT ,06484,USA,,631-586-7513,"Sales,"
10915,Industrial/Commercial Sales & Service,00010001761002,"GENSERVE, INC.", 100 NEWTOWN RD,,PLAINVIEW,NY ,11803,USA,www.genserveinc.com,631-435-0437,"Service,"
10915,Industrial/Commercial Sales & Service,00111209521002,LONG ISLAND EMERGENCY POWER -QO, 2 Ocean Avenue,,DEER PARK,NY ,11729,USA,,631-586-7513,"Sales,"
10915,Industrial/Commercial Sales & Service,00010139211002,POWERPRO SERVICE CO. INC., 608 JOHNSON AVE. UNIT 6,,BOHEMIA,NY ,11716,USA,,631-567-2700,"Sales,Service,Up To 600kW,Mobile/Diesel/Gas,"
10915,Industrial/Commercial Sales & Service,00010001761002,"GENSERVE, INC.", 115A TWINBRIDGE DR.,,PENNSAUKEN,NJ ,08110,USA,www.genserveinc.com,856-324-0459,"Service,"
10915,Industrial/Commercial Sales & Service,00010001621002,BROOKFIELD SERVICE, 708 GLEBE ROAD,,WESTMORELAND,NH ,03467,USA,www.brookfieldservice.com,802-485-6567,"Service,Up To 600kW,Mobile/Diesel/Gas,"
10915,Industrial/Commercial Sales & Service,00111184131002,HUNTER & LOMISON, 1956 W FOURTH ST,,WILLIAMSPORT,PA ,17701,USA,www.hunterlomison.com,570-326-1764,"Sales,Service,Up To 600kW,Mobile/Diesel/Gas,Rental,"
10915,Industrial/Commercial Sales & Service,00010000881002,HUNTER & LOMISON INC., 1956 W. 4TH STREET,,WILLIAMSPORT,PA ,17701,USA,www.hunterlomison.com,570-326-1764,"Service,Up To 600kW,Mobile/Diesel/Gas,"
10915,Industrial/Commercial Sales & Service,00010021101002,SOUTH SHORE GENERATOR INC-Quote, 2696A CRANBERRY HWY,,WAREHAM,MA ,02571,USA,,508-295-7336,"Sales,Service,Up To 600kW,Mobile/Diesel/Gas,"
10915,Industrial/Commercial Sales & Service,00010001701002,SOUTH SHORE GENERATOR INC, ,,EAST WAREHAM,MA ,02538,USA,,508-295-7336,"Financing,Sales,Service,Up To 600kW,Mobile/Diesel/Gas,"
10915,Industrial/Commercial Sales & Service,00010001621002,BROOKFIELD SERVICE, 829 VT ROUTE 12 SOUTH,,NORTHFIELD,VT ,05663,USA,www.brookfieldservice.com,802-485-6567,"Sales,Service,Up To 600kW,Mobile/Diesel/Gas,"
10915,Industrial/Commercial Sales & Service,00010157021002,Mechanical Service Co, 1145 Oak St.,,Pittston,PA ,18640,USA,,570-654-2445,"Service,"
10915,Industrial/Commercial Sales & Service,00111207431002,WARSHAUER ELECTRIC SUPPLY CO INC, 800 SHREWSBURY AVE,,TINTON FALLS,NJ ,07724,USA,www.warshauer.com,732-741-6400,"Service,"
10916,Industrial/Commercial Sales & Service,00010214161002,"R.L. Kistler, Inc", 300 Mile Crossing Blvd.,,Rochester,NY ,14624,USA,rlkistler.com,585-436-1940,"Sales,"
10916,Industrial/Commercial Sales & Service,00010001611002,Huntington Power, 230 Long Hill Cross Rd,,Shelton,CT ,06484,USA,www.huntingtonpower.com,203-929-3203,"Sales,Service,Up To 2MW,Mobile/Diesel/Gas,Training,Rental,"
10916,Industrial/Commercial Sales & Service,00010214161002,"R.L. KISTLER, INC.", 35 HAMILTON LANE,,GLENMONT,NY ,12077,USA,,585-436-1940,"Sales,Service,"
10916,Industrial/Commercial Sales & Service,00010214161002,"R.L. Kistler, Inc", 5615 Business Ave.,,N. Syracuse,NY ,13208,USA,,315-458-2875,"Sales,"
10916,Industrial/Commercial Sales & Service,00010001611002,Huntington Power, 68 Enter Ln,,Islandia,NY ,11749,USA,,631-563-4943,"Sales,Service,Up To 2MW,Mobile/Diesel/Gas,"
10916,Industrial/Commercial Sales & Service,00010001611002,Huntington Power, 34 E DUDLEY TOWN RD.,,BLOOMFIELD,CT ,06002,USA,,860-289-8790,"Sales,Service,Rental,"
10916,Industrial/Commercial Sales & Service,00010214161002,"R.L. Kistler, Inc", 5615 Business Ave.,,N. Syracuse,NY ,13208,USA,,315-458-2875,"Sales,"
10916,Industrial/Commercial Sales & Service,00010208021002,Modern Group Power Systems, 2501 Durham Road,,Bristol,PA ,19007,USA,www.moderngroup.com,800-404-7291,"Sales,Service,Up To 2MW,Mobile/Diesel/Gas,Training,Rental,"
10916,Industrial/Commercial Sales & Service,00010001731002,Authorized Services Of New England, 410 Forest Street,,Marlborough,MA ,01752,USA,www.asne.com,888-890-9886,"Financing,Sales,Service,Up To 2MW,Mobile/Diesel/Gas,Training,Rental,"
10916,Industrial/Commercial Sales & Service,00010008091002,MODERN HANDLING EQUIP, 75 NEW STREET,,EDISON,NJ ,08837,USA,www.moderngroup.com,800-779-5116,"Sales,Service,Up To 2MW,Mobile/Diesel/Gas,"
10916,Industrial/Commercial Sales & Service,00010000931002,"EMERGENCY POWER SYSTEMS, LLC", 35 HAMILTON LANE,,GLENMONT,NY ,12077,USA,,800-914-1465,"Service,Up To 2MW,Mobile/Diesel/Gas,"
10916,Industrial/Commercial Sales & Service,00010000931002,"EMERGENCY POWER SYSTEMS, LLC", 35 HAMILTON LANE,,GLENMONT,NY ,12077,USA,,800-914-1465,"Service,"
10916,Industrial/Commercial Sales & Service,00010208021002,Modern Group Power Systems, 295 New Commerce Blvd.,,Wilkes Barre,PA ,18706,USA,,800-404-7291,"Sales,Service,Up To 2MW,Mobile/Diesel/Gas,"
10916,Industrial/Commercial Sales & Service,00010208021002,Modern Group Power Systems, 6352 Chapmans Rd,,Allentown,PA ,18106,USA,,800-404-7291,"Sales,Service,Up To 2MW,Mobile/Diesel/Gas,"
10916,Industrial/Commercial Sales & Service,00010208021002,Modern Group Power Systems, 200 Allied Parkway,,West Berlin,NJ ,08091,USA,,800-404-7291,"Sales,Service,Up To 2MW,Mobile/Diesel/Gas,"
10916,Industrial/Commercial Sales & Service,00010208021002,Modern Group Power Systems, 66A South Gate Blvd.,,New Castle,DE ,19720,USA,,800-404-7291,"Sales,Service,Up To 2MW,Mobile/Diesel/Gas,"
10916,Industrial/Commercial Sales & Service,00010001731002,AUTHORIZED SERVICES OF NEW ENGLAND, 410 FOREST STREET,,MARLBOROUGH,MA ,01752,USA,,888-890-9886,"Sales,"
10916,Industrial/Commercial Sales & Service,00010208021002,Modern Group Power Systems, 3480 Board Road,,York,PA ,17402,USA,,800-404-7291,"Sales,Service,Up To 2MW,Mobile/Diesel/Gas,"
10916,Industrial/Commercial Sales & Service,00010134071002,PEAK POWER SYSTEMS, 99 SPRAGUE AVENUE,,MIDDLETOWN,NY ,10940,USA,www.peakpowersystems.com,845-344-1975,"Sales,Service,Up To 600kW,Mobile/Diesel/Gas,Rental,"
10916,Industrial/Commercial Sales & Service,00111209531002,HUNTINGTON POWER - LONG ISLAND, PO BOX 2040,,SHELTON,CT ,06484,USA,,631-586-7513,"Sales,"
10916,Industrial/Commercial Sales & Service,00010001761002,"GENSERVE, INC.", 100 NEWTOWN RD,,PLAINVIEW,NY ,11803,USA,www.genserveinc.com,631-435-0437,"Service,"
10916,Industrial/Commercial Sales & Service,00111209521002,LONG ISLAND EMERGENCY POWER -QO, 2 Ocean Avenue,,DEER PARK,NY ,11729,USA,,631-586-7513,"Sales,"
10916,Industrial/Commercial Sales & Service,00010139211002,POWERPRO SERVICE CO. INC., 608 JOHNSON AVE. UNIT 6,,BOHEMIA,NY ,11716,USA,,631-567-2700,"Sales,Service,Up To 600kW,Mobile/Diesel/Gas,"
10916,Industrial/Commercial Sales & Service,00010001761002,"GENSERVE, INC.", 115A TWINBRIDGE DR.,,PENNSAUKEN,NJ ,08110,USA,www.genserveinc.com,856-324-0459,"Service,"
10916,Industrial/Commercial Sales & Service,00010001621002,BROOKFIELD SERVICE, 708 GLEBE ROAD,,WESTMORELAND,NH ,03467,USA,www.brookfieldservice.com,802-485-6567,"Service,Up To 600kW,Mobile/Diesel/Gas,"
10916,Industrial/Commercial Sales & Service,00111184131002,HUNTER & LOMISON, 1956 W FOURTH ST,,WILLIAMSPORT,PA ,17701,USA,www.hunterlomison.com,570-326-1764,"Sales,Service,Up To 600kW,Mobile/Diesel/Gas,Rental,"
10916,Industrial/Commercial Sales & Service,00010000881002,HUNTER & LOMISON INC., 1956 W. 4TH STREET,,WILLIAMSPORT,PA ,17701,USA,www.hunterlomison.com,570-326-1764,"Service,Up To 600kW,Mobile/Diesel/Gas,"
10916,Industrial/Commercial Sales & Service,00010021101002,SOUTH SHORE GENERATOR INC-Quote, 2696A CRANBERRY HWY,,WAREHAM,MA ,02571,USA,,508-295-7336,"Sales,Service,Up To 600kW,Mobile/Diesel/Gas,"
10916,Industrial/Commercial Sales & Service,00010001701002,SOUTH SHORE GENERATOR INC, ,,EAST WAREHAM,MA ,02538,USA,,508-295-7336,"Financing,Sales,Service,Up To 600kW,Mobile/Diesel/Gas,"
10916,Industrial/Commercial Sales & Service,00111207431002,WARSHAUER ELECTRIC SUPPLY CO INC, 800 SHREWSBURY AVE,,TINTON FALLS,NJ ,07724,USA,www.warshauer.com,732-741-6400,"Service,"
10916,Industrial/Commercial Sales & Service,00010157021002,Mechanical Service Co, 1145 Oak St.,,Pittston,PA ,18640,USA,,570-654-2445,"Service,"
10917,Industrial/Commercial Sales & Service,00010214161002,"R.L. KISTLER, INC.", 35 HAMILTON LANE,,GLENMONT,NY ,12077,USA,,585-436-1940,"Sales,Service,"
10917,Industrial/Commercial Sales & Service,00010214161002,"R.L. Kistler, Inc", 300 Mile Crossing Blvd.,,Rochester,NY ,14624,USA,rlkistler.com,585-436-1940,"Sales,"
10917,Industrial/Commercial Sales & Service,00010001611002,Huntington Power, 230 Long Hill Cross Rd,,Shelton,CT ,06484,USA,www.huntingtonpower.com,203-929-3203,"Sales,Service,Up To 2MW,Mobile/Diesel/Gas,Training,Rental,"
10917,Industrial/Commercial Sales & Service,00010214161002,"R.L. Kistler, Inc", 5615 Business Ave.,,N. Syracuse,NY ,13208,USA,,315-458-2875,"Sales,"
10917,Industrial/Commercial Sales & Service,00010214161002,"R.L. Kistler, Inc", 5615 Business Ave.,,N. Syracuse,NY ,13208,USA,,315-458-2875,"Sales,"
10917,Industrial/Commercial Sales & Service,00010001611002,Huntington Power, 68 Enter Ln,,Islandia,NY ,11749,USA,,631-563-4943,"Sales,Service,Up To 2MW,Mobile/Diesel/Gas,"
10917,Industrial/Commercial Sales & Service,00010001611002,Huntington Power, 34 E DUDLEY TOWN RD.,,BLOOMFIELD,CT ,06002,USA,,860-289-8790,"Sales,Service,Rental,"
10917,Industrial/Commercial Sales & Service,00010208021002,Modern Group Power Systems, 2501 Durham Road,,Bristol,PA ,19007,USA,www.moderngroup.com,800-404-7291,"Sales,Service,Up To 2MW,Mobile/Diesel/Gas,Training,Rental,"
10917,Industrial/Commercial Sales & Service,00010001731002,Authorized Services Of New England, 410 Forest Street,,Marlborough,MA ,01752,USA,www.asne.com,888-890-9886,"Financing,Sales,Service,Up To 2MW,Mobile/Diesel/Gas,Training,Rental,"
10917,Industrial/Commercial Sales & Service,00010008091002,MODERN HANDLING EQUIP, 75 NEW STREET,,EDISON,NJ ,08837,USA,www.moderngroup.com,800-779-5116,"Sales,Service,Up To 2MW,Mobile/Diesel/Gas,"
10917,Industrial/Commercial Sales & Service,00010000931002,"EMERGENCY POWER SYSTEMS, LLC", 35 HAMILTON LANE,,GLENMONT,NY ,12077,USA,,800-914-1465,"Service,Up To 2MW,Mobile/Diesel/Gas,"
10917,Industrial/Commercial Sales & Service,00010000931002,"EMERGENCY POWER SYSTEMS, LLC", 35 HAMILTON LANE,,GLENMONT,NY ,12077,USA,,800-914-1465,"Service,"
10917,Industrial/Commercial Sales & Service,00010208021002,Modern Group Power Systems, 6352 Chapmans Rd,,Allentown,PA ,18106,USA,,800-404-7291,"Sales,Service,Up To 2MW,Mobile/Diesel/Gas,"
10917,Industrial/Commercial Sales & Service,00010208021002,Modern Group Power Systems, 295 New Commerce Blvd.,,Wilkes Barre,PA ,18706,USA,,800-404-7291,"Sales,Service,Up To 2MW,Mobile/Diesel/Gas,"
10917,Industrial/Commercial Sales & Service,00010208021002,Modern Group Power Systems, 200 Allied Parkway,,West Berlin,NJ ,08091,USA,,800-404-7291,"Sales,Service,Up To 2MW,Mobile/Diesel/Gas,"
10917,Industrial/Commercial Sales & Service,00010208021002,Modern Group Power Systems, 66A South Gate Blvd.,,New Castle,DE ,19720,USA,,800-404-7291,"Sales,Service,Up To 2MW,Mobile/Diesel/Gas,"
10917,Industrial/Commercial Sales & Service,00010001731002,AUTHORIZED SERVICES OF NEW ENGLAND, 410 FOREST STREET,,MARLBOROUGH,MA ,01752,USA,,888-890-9886,"Sales,"
10917,Industrial/Commercial Sales & Service,00010208021002,Modern Group Power Systems, 3480 Board Road,,York,PA ,17402,USA,,800-404-7291,"Sales,Service,Up To 2MW,Mobile/Diesel/Gas,"
10917,Industrial/Commercial Sales & Service,00010134071002,PEAK POWER SYSTEMS, 99 SPRAGUE AVENUE,,MIDDLETOWN,NY ,10940,USA,www.peakpowersystems.com,845-344-1975,"Sales,Service,Up To 600kW,Mobile/Diesel/Gas,Rental,"
10917,Industrial/Commercial Sales & Service,00010001761002,"GENSERVE, INC.", 100 NEWTOWN RD,,PLAINVIEW,NY ,11803,USA,www.genserveinc.com,631-435-0437,"Service,"
10917,Industrial/Commercial Sales & Service,00111209531002,HUNTINGTON POWER - LONG ISLAND, PO BOX 2040,,SHELTON,CT ,06484,USA,,631-586-7513,"Sales,"
10917,Industrial/Commercial Sales & Service,00111209521002,LONG ISLAND EMERGENCY POWER -QO, 2 Ocean Avenue,,DEER PARK,NY ,11729,USA,,631-586-7513,"Sales,"
10917,Industrial/Commercial Sales & Service,00010139211002,POWERPRO SERVICE CO. INC., 608 JOHNSON AVE. UNIT 6,,BOHEMIA,NY ,11716,USA,,631-567-2700,"Sales,Service,Up To 600kW,Mobile/Diesel/Gas,"
10917,Industrial/Commercial Sales & Service,00010001761002,"GENSERVE, INC.", 115A TWINBRIDGE DR.,,PENNSAUKEN,NJ ,08110,USA,www.genserveinc.com,856-324-0459,"Service,"
10917,Industrial/Commercial Sales & Service,00010001621002,BROOKFIELD SERVICE, 708 GLEBE ROAD,,WESTMORELAND,NH ,03467,USA,www.brookfieldservice.com,802-485-6567,"Service,Up To 600kW,Mobile/Diesel/Gas,"
10917,Industrial/Commercial Sales & Service,00111184131002,HUNTER & LOMISON, 1956 W FOURTH ST,,WILLIAMSPORT,PA ,17701,USA,www.hunterlomison.com,570-326-1764,"Sales,Service,Up To 600kW,Mobile/Diesel/Gas,Rental,"
10917,Industrial/Commercial Sales & Service,00010000881002,HUNTER & LOMISON INC., 1956 W. 4TH STREET,,WILLIAMSPORT,PA ,17701,USA,www.hunterlomison.com,570-326-1764,"Service,Up To 600kW,Mobile/Diesel/Gas,"
10917,Industrial/Commercial Sales & Service,00010021101002,SOUTH SHORE GENERATOR INC-Quote, 2696A CRANBERRY HWY,,WAREHAM,MA ,02571,USA,,508-295-7336,"Sales,Service,Up To 600kW,Mobile/Diesel/Gas,"
10917,Industrial/Commercial Sales & Service,00010001701002,SOUTH SHORE GENERATOR INC, ,,EAST WAREHAM,MA ,02538,USA,,508-295-7336,"Financing,Sales,Service,Up To 600kW,Mobile/Diesel/Gas,"
10917,Industrial/Commercial Sales & Service,00111207431002,WARSHAUER ELECTRIC SUPPLY CO INC, 800 SHREWSBURY AVE,,TINTON FALLS,NJ ,07724,USA,www.warshauer.com,732-741-6400,"Service,"
10917,Industrial/Commercial Sales & Service,00010157021002,Mechanical Service Co, 1145 Oak St.,,Pittston,PA ,18640,USA,,570-654-2445,"Service,"
10918,Industrial/Commercial Sales & Service,00010214161002,"R.L. Kistler, Inc", 300 Mile Crossing Blvd.,,Rochester,NY ,14624,USA,rlkistler.com,585-436-1940,"Sales,"
10918,Industrial/Commercial Sales & Service,00010214161002,"R.L. KISTLER, INC.", 35 HAMILTON LANE,,GLENMONT,NY ,12077,USA,,585-436-1940,"Sales,Service,"
10918,Industrial/Commercial Sales & Service,00010001611002,Huntington Power, 230 Long Hill Cross Rd,,Shelton,CT ,06484,USA,www.huntingtonpower.com,203-929-3203,"Sales,Service,Up To 2MW,Mobile/Diesel/Gas,Training,Rental,"
10918,Industrial/Commercial Sales & Service,00010214161002,"R.L. Kistler, Inc", 5615 Business Ave.,,N. Syracuse,NY ,13208,USA,,315-458-2875,"Sales,"
10918,Industrial/Commercial Sales & Service,00010214161002,"R.L. Kistler, Inc", 5615 Business Ave.,,N. Syracuse,NY ,13208,USA,,315-458-2875,"Sales,"
10918,Industrial/Commercial Sales & Service,00010001611002,Huntington Power, 68 Enter Ln,,Islandia,NY ,11749,USA,,631-563-4943,"Sales,Service,Up To 2MW,Mobile/Diesel/Gas,"
10918,Industrial/Commercial Sales & Service,00010001611002,Huntington Power, 34 E DUDLEY TOWN RD.,,BLOOMFIELD,CT ,06002,USA,,860-289-8790,"Sales,Service,Rental,"
10918,Industrial/Commercial Sales & Service,00010208021002,Modern Group Power Systems, 2501 Durham Road,,Bristol,PA ,19007,USA,www.moderngroup.com,800-404-7291,"Sales,Service,Up To 2MW,Mobile/Diesel/Gas,Training,Rental,"
10918,Industrial/Commercial Sales & Service,00010001731002,Authorized Services Of New England, 410 Forest Street,,Marlborough,MA ,01752,USA,www.asne.com,888-890-9886,"Financing,Sales,Service,Up To 2MW,Mobile/Diesel/Gas,Training,Rental,"
10918,Industrial/Commercial Sales & Service,00010008091002,MODERN HANDLING EQUIP, 75 NEW STREET,,EDISON,NJ ,08837,USA,www.moderngroup.com,800-779-5116,"Sales,Service,Up To 2MW,Mobile/Diesel/Gas,"
10918,Industrial/Commercial Sales & Service,00010208021002,Modern Group Power Systems, 6352 Chapmans Rd,,Allentown,PA ,18106,USA,,800-404-7291,"Sales,Service,Up To 2MW,Mobile/Diesel/Gas,"
10918,Industrial/Commercial Sales & Service,00010208021002,Modern Group Power Systems, 295 New Commerce Blvd.,,Wilkes Barre,PA ,18706,USA,,800-404-7291,"Sales,Service,Up To 2MW,Mobile/Diesel/Gas,"
10918,Industrial/Commercial Sales & Service,00010000931002,"EMERGENCY POWER SYSTEMS, LLC", 35 HAMILTON LANE,,GLENMONT,NY ,12077,USA,,800-914-1465,"Service,Up To 2MW,Mobile/Diesel/Gas,"
10918,Industrial/Commercial Sales & Service,00010000931002,"EMERGENCY POWER SYSTEMS, LLC", 35 HAMILTON LANE,,GLENMONT,NY ,12077,USA,,800-914-1465,"Service,"
10918,Industrial/Commercial Sales & Service,00010208021002,Modern Group Power Systems, 200 Allied Parkway,,West Berlin,NJ ,08091,USA,,800-404-7291,"Sales,Service,Up To 2MW,Mobile/Diesel/Gas,"
10918,Industrial/Commercial Sales & Service,00010208021002,Modern Group Power Systems, 66A South Gate Blvd.,,New Castle,DE ,19720,USA,,800-404-7291,"Sales,Service,Up To 2MW,Mobile/Diesel/Gas,"
10918,Industrial/Commercial Sales & Service,00010001731002,AUTHORIZED SERVICES OF NEW ENGLAND, 410 FOREST STREET,,MARLBOROUGH,MA ,01752,USA,,888-890-9886,"Sales,"
10918,Industrial/Commercial Sales & Service,00010208021002,Modern Group Power Systems, 3480 Board Road,,York,PA ,17402,USA,,800-404-7291,"Sales,Service,Up To 2MW,Mobile/Diesel/Gas,"
10918,Industrial/Commercial Sales & Service,00010134071002,PEAK POWER SYSTEMS, 99 SPRAGUE AVENUE,,MIDDLETOWN,NY ,10940,USA,www.peakpowersystems.com,845-344-1975,"Sales,Service,Up To 600kW,Mobile/Diesel/Gas,Rental,"
10918,Industrial/Commercial Sales & Service,00010001761002,"GENSERVE, INC.", 100 NEWTOWN RD,,PLAINVIEW,NY ,11803,USA,www.genserveinc.com,631-435-0437,"Service,"
10918,Industrial/Commercial Sales & Service,00111209531002,HUNTINGTON POWER - LONG ISLAND, PO BOX 2040,,SHELTON,CT ,06484,USA,,631-586-7513,"Sales,"
10918,Industrial/Commercial Sales & Service,00111209521002,LONG ISLAND EMERGENCY POWER -QO, 2 Ocean Avenue,,DEER PARK,NY ,11729,USA,,631-586-7513,"Sales,"
10918,Industrial/Commercial Sales & Service,00010139211002,POWERPRO SERVICE CO. INC., 608 JOHNSON AVE. UNIT 6,,BOHEMIA,NY ,11716,USA,,631-567-2700,"Sales,Service,Up To 600kW,Mobile/Diesel/Gas,"
10918,Industrial/Commercial Sales & Service,00010001761002,"GENSERVE, INC.", 115A TWINBRIDGE DR.,,PENNSAUKEN,NJ ,08110,USA,www.genserveinc.com,856-324-0459,"Service,"
10918,Industrial/Commercial Sales & Service,00111184131002,HUNTER & LOMISON, 1956 W FOURTH ST,,WILLIAMSPORT,PA ,17701,USA,www.hunterlomison.com,570-326-1764,"Sales,Service,Up To 600kW,Mobile/Diesel/Gas,Rental,"
10918,Industrial/Commercial Sales & Service,00010000881002,HUNTER & LOMISON INC., 1956 W. 4TH STREET,,WILLIAMSPORT,PA ,17701,USA,www.hunterlomison.com,570-326-1764,"Service,Up To 600kW,Mobile/Diesel/Gas,"
10918,Industrial/Commercial Sales & Service,00010001621002,BROOKFIELD SERVICE, 708 GLEBE ROAD,,WESTMORELAND,NH ,03467,USA,www.brookfieldservice.com,802-485-6567,"Service,Up To 600kW,Mobile/Diesel/Gas,"
10918,Industrial/Commercial Sales & Service,00010021101002,SOUTH SHORE GENERATOR INC-Quote, 2696A CRANBERRY HWY,,WAREHAM,MA ,02571,USA,,508-295-7336,"Sales,Service,Up To 600kW,Mobile/Diesel/Gas,"
10918,Industrial/Commercial Sales & Service,00010001701002,SOUTH SHORE GENERATOR INC, ,,EAST WAREHAM,MA ,02538,USA,,508-295-7336,"Financing,Sales,Service,Up To 600kW,Mobile/Diesel/Gas,"
10918,Industrial/Commercial Sales & Service,00111207431002,WARSHAUER ELECTRIC SUPPLY CO INC, 800 SHREWSBURY AVE,,TINTON FALLS,NJ ,07724,USA,www.warshauer.com,732-741-6400,"Service,"
10918,Industrial/Commercial Sales & Service,00010157021002,Mechanical Service Co, 1145 Oak St.,,Pittston,PA ,18640,USA,,570-654-2445,"Service,"
10919,Industrial/Commercial Sales & Service,00010214161002,"R.L. Kistler, Inc", 300 Mile Crossing Blvd.,,Rochester,NY ,14624,USA,rlkistler.com,585-436-1940,"Sales,"
10919,Industrial/Commercial Sales & Service,00010214161002,"R.L. KISTLER, INC.", 35 HAMILTON LANE,,GLENMONT,NY ,12077,USA,,585-436-1940,"Sales,Service,"
10919,Industrial/Commercial Sales & Service,00010001611002,Huntington Power, 230 Long Hill Cross Rd,,Shelton,CT ,06484,USA,www.huntingtonpower.com,203-929-3203,"Sales,Service,Up To 2MW,Mobile/Diesel/Gas,Training,Rental,"
10919,Industrial/Commercial Sales & Service,00010214161002,"R.L. Kistler, Inc", 5615 Business Ave.,,N. Syracuse,NY ,13208,USA,,315-458-2875,"Sales,"
10919,Industrial/Commercial Sales & Service,00010214161002,"R.L. Kistler, Inc", 5615 Business Ave.,,N. Syracuse,NY ,13208,USA,,315-458-2875,"Sales,"
10919,Industrial/Commercial Sales & Service,00010001611002,Huntington Power, 68 Enter Ln,,Islandia,NY ,11749,USA,,631-563-4943,"Sales,Service,Up To 2MW,Mobile/Diesel/Gas,"
10919,Industrial/Commercial Sales & Service,00010001611002,Huntington Power, 34 E DUDLEY TOWN RD.,,BLOOMFIELD,CT ,06002,USA,,860-289-8790,"Sales,Service,Rental,"
10919,Industrial/Commercial Sales & Service,00010208021002,Modern Group Power Systems, 2501 Durham Road,,Bristol,PA ,19007,USA,www.moderngroup.com,800-404-7291,"Sales,Service,Up To 2MW,Mobile/Diesel/Gas,Training,Rental,"
10919,Industrial/Commercial Sales & Service,00010001731002,Authorized Services Of New England, 410 Forest Street,,Marlborough,MA ,01752,USA,www.asne.com,888-890-9886,"Financing,Sales,Service,Up To 2MW,Mobile/Diesel/Gas,Training,Rental,"
10919,Industrial/Commercial Sales & Service,00010008091002,MODERN HANDLING EQUIP, 75 NEW STREET,,EDISON,NJ ,08837,USA,www.moderngroup.com,800-779-5116,"Sales,Service,Up To 2MW,Mobile/Diesel/Gas,"
10919,Industrial/Commercial Sales & Service,00010000931002,"EMERGENCY POWER SYSTEMS, LLC", 35 HAMILTON LANE,,GLENMONT,NY ,12077,USA,,800-914-1465,"Service,Up To 2MW,Mobile/Diesel/Gas,"
10919,Industrial/Commercial Sales & Service,00010000931002,"EMERGENCY POWER SYSTEMS, LLC", 35 HAMILTON LANE,,GLENMONT,NY ,12077,USA,,800-914-1465,"Service,"
10919,Industrial/Commercial Sales & Service,00010208021002,Modern Group Power Systems, 295 New Commerce Blvd.,,Wilkes Barre,PA ,18706,USA,,800-404-7291,"Sales,Service,Up To 2MW,Mobile/Diesel/Gas,"
10919,Industrial/Commercial Sales & Service,00010208021002,Modern Group Power Systems, 6352 Chapmans Rd,,Allentown,PA ,18106,USA,,800-404-7291,"Sales,Service,Up To 2MW,Mobile/Diesel/Gas,"
10919,Industrial/Commercial Sales & Service,00010208021002,Modern Group Power Systems, 200 Allied Parkway,,West Berlin,NJ ,08091,USA,,800-404-7291,"Sales,Service,Up To 2MW,Mobile/Diesel/Gas,"
10919,Industrial/Commercial Sales & Service,00010208021002,Modern Group Power Systems, 66A South Gate Blvd.,,New Castle,DE ,19720,USA,,800-404-7291,"Sales,Service,Up To 2MW,Mobile/Diesel/Gas,"
10919,Industrial/Commercial Sales & Service,00010001731002,AUTHORIZED SERVICES OF NEW ENGLAND, 410 FOREST STREET,,MARLBOROUGH,MA ,01752,USA,,888-890-9886,"Sales,"
10919,Industrial/Commercial Sales & Service,00010208021002,Modern Group Power Systems, 3480 Board Road,,York,PA ,17402,USA,,800-404-7291,"Sales,Service,Up To 2MW,Mobile/Diesel/Gas,"
10919,Industrial/Commercial Sales & Service,00010134071002,PEAK POWER SYSTEMS, 99 SPRAGUE AVENUE,,MIDDLETOWN,NY ,10940,USA,www.peakpowersystems.com,845-344-1975,"Sales,Service,Up To 600kW,Mobile/Diesel/Gas,Rental,"
10919,Industrial/Commercial Sales & Service,00111209531002,HUNTINGTON POWER - LONG ISLAND, PO BOX 2040,,SHELTON,CT ,06484,USA,,631-586-7513,"Sales,"
10919,Industrial/Commercial Sales & Service,00010001761002,"GENSERVE, INC.", 100 NEWTOWN RD,,PLAINVIEW,NY ,11803,USA,www.genserveinc.com,631-435-0437,"Service,"
10919,Industrial/Commercial Sales & Service,00111209521002,LONG ISLAND EMERGENCY POWER -QO, 2 Ocean Avenue,,DEER PARK,NY ,11729,USA,,631-586-7513,"Sales,"
10919,Industrial/Commercial Sales & Service,00010139211002,POWERPRO SERVICE CO. INC., 608 JOHNSON AVE. UNIT 6,,BOHEMIA,NY ,11716,USA,,631-567-2700,"Sales,Service,Up To 600kW,Mobile/Diesel/Gas,"
10919,Industrial/Commercial Sales & Service,00010001761002,"GENSERVE, INC.", 115A TWINBRIDGE DR.,,PENNSAUKEN,NJ ,08110,USA,www.genserveinc.com,856-324-0459,"Service,"
10919,Industrial/Commercial Sales & Service,00111184131002,HUNTER & LOMISON, 1956 W FOURTH ST,,WILLIAMSPORT,PA ,17701,USA,www.hunterlomison.com,570-326-1764,"Sales,Service,Up To 600kW,Mobile/Diesel/Gas,Rental,"
10919,Industrial/Commercial Sales & Service,00010000881002,HUNTER & LOMISON INC., 1956 W. 4TH STREET,,WILLIAMSPORT,PA ,17701,USA,www.hunterlomison.com,570-326-1764,"Service,Up To 600kW,Mobile/Diesel/Gas,"
10919,Industrial/Commercial Sales & Service,00010001621002,BROOKFIELD SERVICE, 708 GLEBE ROAD,,WESTMORELAND,NH ,03467,USA,www.brookfieldservice.com,802-485-6567,"Service,Up To 600kW,Mobile/Diesel/Gas,"
10919,Industrial/Commercial Sales & Service,00010021101002,SOUTH SHORE GENERATOR INC-Quote, 2696A CRANBERRY HWY,,WAREHAM,MA ,02571,USA,,508-295-7336,"Sales,Service,Up To 600kW,Mobile/Diesel/Gas,"
10919,Industrial/Commercial Sales & Service,00010001701002,SOUTH SHORE GENERATOR INC, ,,EAST WAREHAM,MA ,02538,USA,,508-295-7336,"Financing,Sales,Service,Up To 600kW,Mobile/Diesel/Gas,"
10919,Industrial/Commercial Sales & Service,00010157021002,Mechanical Service Co, 1145 Oak St.,,Pittston,PA ,18640,USA,,570-654-2445,"Service,"
10919,Industrial/Commercial Sales & Service,00111207431002,WARSHAUER ELECTRIC SUPPLY CO INC, 800 SHREWSBURY AVE,,TINTON FALLS,NJ ,07724,USA,www.warshauer.com,732-741-6400,"Service,"
10920,Industrial/Commercial Sales & Service,00010001611002,Huntington Power, 230 Long Hill Cross Rd,,Shelton,CT ,06484,USA,www.huntingtonpower.com,203-929-3203,"Sales,Service,Up To 2MW,Mobile/Diesel/Gas,Training,Rental,"
10920,Industrial/Commercial Sales & Service,00010214161002,"R.L. Kistler, Inc", 300 Mile Crossing Blvd.,,Rochester,NY ,14624,USA,rlkistler.com,585-436-1940,"Sales,"
10920,Industrial/Commercial Sales & Service,00010214161002,"R.L. KISTLER, INC.", 35 HAMILTON LANE,,GLENMONT,NY ,12077,USA,,585-436-1940,"Sales,Service,"
10920,Industrial/Commercial Sales & Service,00010001611002,Huntington Power, 68 Enter Ln,,Islandia,NY ,11749,USA,,631-563-4943,"Sales,Service,Up To 2MW,Mobile/Diesel/Gas,"
10920,Industrial/Commercial Sales & Service,00010001611002,Huntington Power, 34 E DUDLEY TOWN RD.,,BLOOMFIELD,CT ,06002,USA,,860-289-8790,"Sales,Service,Rental,"
10920,Industrial/Commercial Sales & Service,00010214161002,"R.L. Kistler, Inc", 5615 Business Ave.,,N. Syracuse,NY ,13208,USA,,315-458-2875,"Sales,"
10920,Industrial/Commercial Sales & Service,00010214161002,"R.L. Kistler, Inc", 5615 Business Ave.,,N. Syracuse,NY ,13208,USA,,315-458-2875,"Sales,"
10920,Industrial/Commercial Sales & Service,00010208021002,Modern Group Power Systems, 2501 Durham Road,,Bristol,PA ,19007,USA,www.moderngroup.com,800-404-7291,"Sales,Service,Up To 2MW,Mobile/Diesel/Gas,Training,Rental,"
10920,Industrial/Commercial Sales & Service,00010001731002,Authorized Services Of New England, 410 Forest Street,,Marlborough,MA ,01752,USA,www.asne.com,888-890-9886,"Financing,Sales,Service,Up To 2MW,Mobile/Diesel/Gas,Training,Rental,"
10920,Industrial/Commercial Sales & Service,00010008091002,MODERN HANDLING EQUIP, 75 NEW STREET,,EDISON,NJ ,08837,USA,www.moderngroup.com,800-779-5116,"Sales,Service,Up To 2MW,Mobile/Diesel/Gas,"
10920,Industrial/Commercial Sales & Service,00010208021002,Modern Group Power Systems, 6352 Chapmans Rd,,Allentown,PA ,18106,USA,,800-404-7291,"Sales,Service,Up To 2MW,Mobile/Diesel/Gas,"
10920,Industrial/Commercial Sales & Service,00010000931002,"EMERGENCY POWER SYSTEMS, LLC", 35 HAMILTON LANE,,GLENMONT,NY ,12077,USA,,800-914-1465,"Service,Up To 2MW,Mobile/Diesel/Gas,"
10920,Industrial/Commercial Sales & Service,00010000931002,"EMERGENCY POWER SYSTEMS, LLC", 35 HAMILTON LANE,,GLENMONT,NY ,12077,USA,,800-914-1465,"Service,"
10920,Industrial/Commercial Sales & Service,00010208021002,Modern Group Power Systems, 295 New Commerce Blvd.,,Wilkes Barre,PA ,18706,USA,,800-404-7291,"Sales,Service,Up To 2MW,Mobile/Diesel/Gas,"
10920,Industrial/Commercial Sales & Service,00010208021002,Modern Group Power Systems, 200 Allied Parkway,,West Berlin,NJ ,08091,USA,,800-404-7291,"Sales,Service,Up To 2MW,Mobile/Diesel/Gas,"
10920,Industrial/Commercial Sales & Service,00010208021002,Modern Group Power Systems, 66A South Gate Blvd.,,New Castle,DE ,19720,USA,,800-404-7291,"Sales,Service,Up To 2MW,Mobile/Diesel/Gas,"
10920,Industrial/Commercial Sales & Service,00010001731002,AUTHORIZED SERVICES OF NEW ENGLAND, 410 FOREST STREET,,MARLBOROUGH,MA ,01752,USA,,888-890-9886,"Sales,"
10920,Industrial/Commercial Sales & Service,00010208021002,Modern Group Power Systems, 3480 Board Road,,York,PA ,17402,USA,,800-404-7291,"Sales,Service,Up To 2MW,Mobile/Diesel/Gas,"
10920,Industrial/Commercial Sales & Service,00010134071002,PEAK POWER SYSTEMS, 99 SPRAGUE AVENUE,,MIDDLETOWN,NY ,10940,USA,www.peakpowersystems.com,845-344-1975,"Sales,Service,Up To 600kW,Mobile/Diesel/Gas,Rental,"
10920,Industrial/Commercial Sales & Service,00010001761002,"GENSERVE, INC.", 100 NEWTOWN RD,,PLAINVIEW,NY ,11803,USA,www.genserveinc.com,631-435-0437,"Service,"
10920,Industrial/Commercial Sales & Service,00111209521002,LONG ISLAND EMERGENCY POWER -QO, 2 Ocean Avenue,,DEER PARK,NY ,11729,USA,,631-586-7513,"Sales,"
10920,Industrial/Commercial Sales & Service,00111209531002,HUNTINGTON POWER - LONG ISLAND, PO BOX 2040,,SHELTON,CT ,06484,USA,,631-586-7513,"Sales,"
10920,Industrial/Commercial Sales & Service,00010139211002,POWERPRO SERVICE CO. INC., 608 JOHNSON AVE. UNIT 6,,BOHEMIA,NY ,11716,USA,,631-567-2700,"Sales,Service,Up To 600kW,Mobile/Diesel/Gas,"
10920,Industrial/Commercial Sales & Service,00010001761002,"GENSERVE, INC.", 115A TWINBRIDGE DR.,,PENNSAUKEN,NJ ,08110,USA,www.genserveinc.com,856-324-0459,"Service,"
10920,Industrial/Commercial Sales & Service,00010001621002,BROOKFIELD SERVICE, 708 GLEBE ROAD,,WESTMORELAND,NH ,03467,USA,www.brookfieldservice.com,802-485-6567,"Service,Up To 600kW,Mobile/Diesel/Gas,"
10920,Industrial/Commercial Sales & Service,00111184131002,HUNTER & LOMISON, 1956 W FOURTH ST,,WILLIAMSPORT,PA ,17701,USA,www.hunterlomison.com,570-326-1764,"Sales,Service,Up To 600kW,Mobile/Diesel/Gas,Rental,"
10920,Industrial/Commercial Sales & Service,00010000881002,HUNTER & LOMISON INC., 1956 W. 4TH STREET,,WILLIAMSPORT,PA ,17701,USA,www.hunterlomison.com,570-326-1764,"Service,Up To 600kW,Mobile/Diesel/Gas,"
10920,Industrial/Commercial Sales & Service,00010021101002,SOUTH SHORE GENERATOR INC-Quote, 2696A CRANBERRY HWY,,WAREHAM,MA ,02571,USA,,508-295-7336,"Sales,Service,Up To 600kW,Mobile/Diesel/Gas,"
10920,Industrial/Commercial Sales & Service,00010001701002,SOUTH SHORE GENERATOR INC, ,,EAST WAREHAM,MA ,02538,USA,,508-295-7336,"Financing,Sales,Service,Up To 600kW,Mobile/Diesel/Gas,"
10920,Industrial/Commercial Sales & Service,00111207431002,WARSHAUER ELECTRIC SUPPLY CO INC, 800 SHREWSBURY AVE,,TINTON FALLS,NJ ,07724,USA,www.warshauer.com,732-741-6400,"Service,"
10920,Industrial/Commercial Sales & Service,00010157021002,Mechanical Service Co, 1145 Oak St.,,Pittston,PA ,18640,USA,,570-654-2445,"Service,"
10921,Industrial/Commercial Sales & Service,00010001611002,Huntington Power, 230 Long Hill Cross Rd,,Shelton,CT ,06484,USA,www.huntingtonpower.com,203-929-3203,"Sales,Service,Up To 2MW,Mobile/Diesel/Gas,Training,Rental,"
10921,Industrial/Commercial Sales & Service,00010214161002,"R.L. Kistler, Inc", 300 Mile Crossing Blvd.,,Rochester,NY ,14624,USA,rlkistler.com,585-436-1940,"Sales,"
10921,Industrial/Commercial Sales & Service,00010214161002,"R.L. KISTLER, INC.", 35 HAMILTON LANE,,GLENMONT,NY ,12077,USA,,585-436-1940,"Sales,Service,"
10921,Industrial/Commercial Sales & Service,00010001611002,Huntington Power, 68 Enter Ln,,Islandia,NY ,11749,USA,,631-563-4943,"Sales,Service,Up To 2MW,Mobile/Diesel/Gas,"
10921,Industrial/Commercial Sales & Service,00010001611002,Huntington Power, 34 E DUDLEY TOWN RD.,,BLOOMFIELD,CT ,06002,USA,,860-289-8790,"Sales,Service,Rental,"
10921,Industrial/Commercial Sales & Service,00010214161002,"R.L. Kistler, Inc", 5615 Business Ave.,,N. Syracuse,NY ,13208,USA,,315-458-2875,"Sales,"
10921,Industrial/Commercial Sales & Service,00010214161002,"R.L. Kistler, Inc", 5615 Business Ave.,,N. Syracuse,NY ,13208,USA,,315-458-2875,"Sales,"
10921,Industrial/Commercial Sales & Service,00010208021002,Modern Group Power Systems, 2501 Durham Road,,Bristol,PA ,19007,USA,www.moderngroup.com,800-404-7291,"Sales,Service,Up To 2MW,Mobile/Diesel/Gas,Training,Rental,"
10921,Industrial/Commercial Sales & Service,00010001731002,Authorized Services Of New England, 410 Forest Street,,Marlborough,MA ,01752,USA,www.asne.com,888-890-9886,"Financing,Sales,Service,Up To 2MW,Mobile/Diesel/Gas,Training,Rental,"
10921,Industrial/Commercial Sales & Service,00010008091002,MODERN HANDLING EQUIP, 75 NEW STREET,,EDISON,NJ ,08837,USA,www.moderngroup.com,800-779-5116,"Sales,Service,Up To 2MW,Mobile/Diesel/Gas,"
10921,Industrial/Commercial Sales & Service,00010208021002,Modern Group Power Systems, 6352 Chapmans Rd,,Allentown,PA ,18106,USA,,800-404-7291,"Sales,Service,Up To 2MW,Mobile/Diesel/Gas,"
10921,Industrial/Commercial Sales & Service,00010208021002,Modern Group Power Systems, 295 New Commerce Blvd.,,Wilkes Barre,PA ,18706,USA,,800-404-7291,"Sales,Service,Up To 2MW,Mobile/Diesel/Gas,"
10921,Industrial/Commercial Sales & Service,00010000931002,"EMERGENCY POWER SYSTEMS, LLC", 35 HAMILTON LANE,,GLENMONT,NY ,12077,USA,,800-914-1465,"Service,Up To 2MW,Mobile/Diesel/Gas,"
10921,Industrial/Commercial Sales & Service,00010000931002,"EMERGENCY POWER SYSTEMS, LLC", 35 HAMILTON LANE,,GLENMONT,NY ,12077,USA,,800-914-1465,"Service,"
10921,Industrial/Commercial Sales & Service,00010208021002,Modern Group Power Systems, 200 Allied Parkway,,West Berlin,NJ ,08091,USA,,800-404-7291,"Sales,Service,Up To 2MW,Mobile/Diesel/Gas,"
10921,Industrial/Commercial Sales & Service,00010208021002,Modern Group Power Systems, 66A South Gate Blvd.,,New Castle,DE ,19720,USA,,800-404-7291,"Sales,Service,Up To 2MW,Mobile/Diesel/Gas,"
10921,Industrial/Commercial Sales & Service,00010208021002,Modern Group Power Systems, 3480 Board Road,,York,PA ,17402,USA,,800-404-7291,"Sales,Service,Up To 2MW,Mobile/Diesel/Gas,"
10921,Industrial/Commercial Sales & Service,00010001731002,AUTHORIZED SERVICES OF NEW ENGLAND, 410 FOREST STREET,,MARLBOROUGH,MA ,01752,USA,,888-890-9886,"Sales,"
10921,Industrial/Commercial Sales & Service,00010134071002,PEAK POWER SYSTEMS, 99 SPRAGUE AVENUE,,MIDDLETOWN,NY ,10940,USA,www.peakpowersystems.com,845-344-1975,"Sales,Service,Up To 600kW,Mobile/Diesel/Gas,Rental,"
10921,Industrial/Commercial Sales & Service,00010001761002,"GENSERVE, INC.", 100 NEWTOWN RD,,PLAINVIEW,NY ,11803,USA,www.genserveinc.com,631-435-0437,"Service,"
10921,Industrial/Commercial Sales & Service,00111209531002,HUNTINGTON POWER - LONG ISLAND, PO BOX 2040,,SHELTON,CT ,06484,USA,,631-586-7513,"Sales,"
10921,Industrial/Commercial Sales & Service,00111209521002,LONG ISLAND EMERGENCY POWER -QO, 2 Ocean Avenue,,DEER PARK,NY ,11729,USA,,631-586-7513,"Sales,"
10921,Industrial/Commercial Sales & Service,00010139211002,POWERPRO SERVICE CO. INC., 608 JOHNSON AVE. UNIT 6,,BOHEMIA,NY ,11716,USA,,631-567-2700,"Sales,Service,Up To 600kW,Mobile/Diesel/Gas,"
10921,Industrial/Commercial Sales & Service,00010001761002,"GENSERVE, INC.", 115A TWINBRIDGE DR.,,PENNSAUKEN,NJ ,08110,USA,www.genserveinc.com,856-324-0459,"Service,"
10921,Industrial/Commercial Sales & Service,00111184131002,HUNTER & LOMISON, 1956 W FOURTH ST,,WILLIAMSPORT,PA ,17701,USA,www.hunterlomison.com,570-326-1764,"Sales,Service,Up To 600kW,Mobile/Diesel/Gas,Rental,"
10921,Industrial/Commercial Sales & Service,00010000881002,HUNTER & LOMISON INC., 1956 W. 4TH STREET,,WILLIAMSPORT,PA ,17701,USA,www.hunterlomison.com,570-326-1764,"Service,Up To 600kW,Mobile/Diesel/Gas,"
10921,Industrial/Commercial Sales & Service,00010001621002,BROOKFIELD SERVICE, 708 GLEBE ROAD,,WESTMORELAND,NH ,03467,USA,www.brookfieldservice.com,802-485-6567,"Service,Up To 600kW,Mobile/Diesel/Gas,"
10921,Industrial/Commercial Sales & Service,00010021101002,SOUTH SHORE GENERATOR INC-Quote, 2696A CRANBERRY HWY,,WAREHAM,MA ,02571,USA,,508-295-7336,"Sales,Service,Up To 600kW,Mobile/Diesel/Gas,"
10921,Industrial/Commercial Sales & Service,00010001701002,SOUTH SHORE GENERATOR INC, ,,EAST WAREHAM,MA ,02538,USA,,508-295-7336,"Financing,Sales,Service,Up To 600kW,Mobile/Diesel/Gas,"
10921,Industrial/Commercial Sales & Service,00111207431002,WARSHAUER ELECTRIC SUPPLY CO INC, 800 SHREWSBURY AVE,,TINTON FALLS,NJ ,07724,USA,www.warshauer.com,732-741-6400,"Service,"
10921,Industrial/Commercial Sales & Service,00010157021002,Mechanical Service Co, 1145 Oak St.,,Pittston,PA ,18640,USA,,570-654-2445,"Service,"
10922,Industrial/Commercial Sales & Service,00010214161002,"R.L. KISTLER, INC.", 35 HAMILTON LANE,,GLENMONT,NY ,12077,USA,,585-436-1940,"Sales,Service,"
10922,Industrial/Commercial Sales & Service,00010001611002,Huntington Power, 230 Long Hill Cross Rd,,Shelton,CT ,06484,USA,www.huntingtonpower.com,203-929-3203,"Sales,Service,Up To 2MW,Mobile/Diesel/Gas,Training,Rental,"
10922,Industrial/Commercial Sales & Service,00010214161002,"R.L. Kistler, Inc", 300 Mile Crossing Blvd.,,Rochester,NY ,14624,USA,rlkistler.com,585-436-1940,"Sales,"
10922,Industrial/Commercial Sales & Service,00010214161002,"R.L. Kistler, Inc", 5615 Business Ave.,,N. Syracuse,NY ,13208,USA,,315-458-2875,"Sales,"
10922,Industrial/Commercial Sales & Service,00010001611002,Huntington Power, 68 Enter Ln,,Islandia,NY ,11749,USA,,631-563-4943,"Sales,Service,Up To 2MW,Mobile/Diesel/Gas,"
10922,Industrial/Commercial Sales & Service,00010001611002,Huntington Power, 34 E DUDLEY TOWN RD.,,BLOOMFIELD,CT ,06002,USA,,860-289-8790,"Sales,Service,Rental,"
10922,Industrial/Commercial Sales & Service,00010214161002,"R.L. Kistler, Inc", 5615 Business Ave.,,N. Syracuse,NY ,13208,USA,,315-458-2875,"Sales,"
10922,Industrial/Commercial Sales & Service,00010208021002,Modern Group Power Systems, 2501 Durham Road,,Bristol,PA ,19007,USA,www.moderngroup.com,800-404-7291,"Sales,Service,Up To 2MW,Mobile/Diesel/Gas,Training,Rental,"
10922,Industrial/Commercial Sales & Service,00010001731002,Authorized Services Of New England, 410 Forest Street,,Marlborough,MA ,01752,USA,www.asne.com,888-890-9886,"Financing,Sales,Service,Up To 2MW,Mobile/Diesel/Gas,Training,Rental,"
10922,Industrial/Commercial Sales & Service,00010008091002,MODERN HANDLING EQUIP, 75 NEW STREET,,EDISON,NJ ,08837,USA,www.moderngroup.com,800-779-5116,"Sales,Service,Up To 2MW,Mobile/Diesel/Gas,"
10922,Industrial/Commercial Sales & Service,00010000931002,"EMERGENCY POWER SYSTEMS, LLC", 35 HAMILTON LANE,,GLENMONT,NY ,12077,USA,,800-914-1465,"Service,Up To 2MW,Mobile/Diesel/Gas,"
10922,Industrial/Commercial Sales & Service,00010000931002,"EMERGENCY POWER SYSTEMS, LLC", 35 HAMILTON LANE,,GLENMONT,NY ,12077,USA,,800-914-1465,"Service,"
10922,Industrial/Commercial Sales & Service,00010208021002,Modern Group Power Systems, 6352 Chapmans Rd,,Allentown,PA ,18106,USA,,800-404-7291,"Sales,Service,Up To 2MW,Mobile/Diesel/Gas,"
10922,Industrial/Commercial Sales & Service,00010208021002,Modern Group Power Systems, 295 New Commerce Blvd.,,Wilkes Barre,PA ,18706,USA,,800-404-7291,"Sales,Service,Up To 2MW,Mobile/Diesel/Gas,"
10922,Industrial/Commercial Sales & Service,00010208021002,Modern Group Power Systems, 200 Allied Parkway,,West Berlin,NJ ,08091,USA,,800-404-7291,"Sales,Service,Up To 2MW,Mobile/Diesel/Gas,"
10922,Industrial/Commercial Sales & Service,00010001731002,AUTHORIZED SERVICES OF NEW ENGLAND, 410 FOREST STREET,,MARLBOROUGH,MA ,01752,USA,,888-890-9886,"Sales,"
10922,Industrial/Commercial Sales & Service,00010208021002,Modern Group Power Systems, 66A South Gate Blvd.,,New Castle,DE ,19720,USA,,800-404-7291,"Sales,Service,Up To 2MW,Mobile/Diesel/Gas,"
10922,Industrial/Commercial Sales & Service,00010208021002,Modern Group Power Systems, 3480 Board Road,,York,PA ,17402,USA,,800-404-7291,"Sales,Service,Up To 2MW,Mobile/Diesel/Gas,"
10922,Industrial/Commercial Sales & Service,00010134071002,PEAK POWER SYSTEMS, 99 SPRAGUE AVENUE,,MIDDLETOWN,NY ,10940,USA,www.peakpowersystems.com,845-344-1975,"Sales,Service,Up To 600kW,Mobile/Diesel/Gas,Rental,"
10922,Industrial/Commercial Sales & Service,00111209531002,HUNTINGTON POWER - LONG ISLAND, PO BOX 2040,,SHELTON,CT ,06484,USA,,631-586-7513,"Sales,"
10922,Industrial/Commercial Sales & Service,00010001761002,"GENSERVE, INC.", 100 NEWTOWN RD,,PLAINVIEW,NY ,11803,USA,www.genserveinc.com,631-435-0437,"Service,"
10922,Industrial/Commercial Sales & Service,00111209521002,LONG ISLAND EMERGENCY POWER -QO, 2 Ocean Avenue,,DEER PARK,NY ,11729,USA,,631-586-7513,"Sales,"
10922,Industrial/Commercial Sales & Service,00010139211002,POWERPRO SERVICE CO. INC., 608 JOHNSON AVE. UNIT 6,,BOHEMIA,NY ,11716,USA,,631-567-2700,"Sales,Service,Up To 600kW,Mobile/Diesel/Gas,"
10922,Industrial/Commercial Sales & Service,00010001761002,"GENSERVE, INC.", 115A TWINBRIDGE DR.,,PENNSAUKEN,NJ ,08110,USA,www.genserveinc.com,856-324-0459,"Service,"
10922,Industrial/Commercial Sales & Service,00010001621002,BROOKFIELD SERVICE, 708 GLEBE ROAD,,WESTMORELAND,NH ,03467,USA,www.brookfieldservice.com,802-485-6567,"Service,Up To 600kW,Mobile/Diesel/Gas,"
10922,Industrial/Commercial Sales & Service,00111184131002,HUNTER & LOMISON, 1956 W FOURTH ST,,WILLIAMSPORT,PA ,17701,USA,www.hunterlomison.com,570-326-1764,"Sales,Service,Up To 600kW,Mobile/Diesel/Gas,Rental,"
10922,Industrial/Commercial Sales & Service,00010000881002,HUNTER & LOMISON INC., 1956 W. 4TH STREET,,WILLIAMSPORT,PA ,17701,USA,www.hunterlomison.com,570-326-1764,"Service,Up To 600kW,Mobile/Diesel/Gas,"
10922,Industrial/Commercial Sales & Service,00010021101002,SOUTH SHORE GENERATOR INC-Quote, 2696A CRANBERRY HWY,,WAREHAM,MA ,02571,USA,,508-295-7336,"Sales,Service,Up To 600kW,Mobile/Diesel/Gas,"
10922,Industrial/Commercial Sales & Service,00010001701002,SOUTH SHORE GENERATOR INC, ,,EAST WAREHAM,MA ,02538,USA,,508-295-7336,"Financing,Sales,Service,Up To 600kW,Mobile/Diesel/Gas,"
10922,Industrial/Commercial Sales & Service,00111207431002,WARSHAUER ELECTRIC SUPPLY CO INC, 800 SHREWSBURY AVE,,TINTON FALLS,NJ ,07724,USA,www.warshauer.com,732-741-6400,"Service,"
10922,Industrial/Commercial Sales & Service,00010157021002,Mechanical Service Co, 1145 Oak St.,,Pittston,PA ,18640,USA,,570-654-2445,"Service,"
10923,Industrial/Commercial Sales & Service,00010214161002,"R.L. Kistler, Inc", 300 Mile Crossing Blvd.,,Rochester,NY ,14624,USA,rlkistler.com,585-436-1940,"Sales,"
10923,Industrial/Commercial Sales & Service,00010001611002,Huntington Power, 230 Long Hill Cross Rd,,Shelton,CT ,06484,USA,www.huntingtonpower.com,203-929-3203,"Sales,Service,Up To 2MW,Mobile/Diesel/Gas,Training,Rental,"
10923,Industrial/Commercial Sales & Service,00010214161002,"R.L. KISTLER, INC.", 35 HAMILTON LANE,,GLENMONT,NY ,12077,USA,,585-436-1940,"Sales,Service,"
10923,Industrial/Commercial Sales & Service,00010214161002,"R.L. Kistler, Inc", 5615 Business Ave.,,N. Syracuse,NY ,13208,USA,,315-458-2875,"Sales,"
10923,Industrial/Commercial Sales & Service,00010001611002,Huntington Power, 68 Enter Ln,,Islandia,NY ,11749,USA,,631-563-4943,"Sales,Service,Up To 2MW,Mobile/Diesel/Gas,"
10923,Industrial/Commercial Sales & Service,00010001611002,Huntington Power, 34 E DUDLEY TOWN RD.,,BLOOMFIELD,CT ,06002,USA,,860-289-8790,"Sales,Service,Rental,"
10923,Industrial/Commercial Sales & Service,00010214161002,"R.L. Kistler, Inc", 5615 Business Ave.,,N. Syracuse,NY ,13208,USA,,315-458-2875,"Sales,"
10923,Industrial/Commercial Sales & Service,00010208021002,Modern Group Power Systems, 2501 Durham Road,,Bristol,PA ,19007,USA,www.moderngroup.com,800-404-7291,"Sales,Service,Up To 2MW,Mobile/Diesel/Gas,Training,Rental,"
10923,Industrial/Commercial Sales & Service,00010001731002,Authorized Services Of New England, 410 Forest Street,,Marlborough,MA ,01752,USA,www.asne.com,888-890-9886,"Financing,Sales,Service,Up To 2MW,Mobile/Diesel/Gas,Training,Rental,"
10923,Industrial/Commercial Sales & Service,00010008091002,MODERN HANDLING EQUIP, 75 NEW STREET,,EDISON,NJ ,08837,USA,www.moderngroup.com,800-779-5116,"Sales,Service,Up To 2MW,Mobile/Diesel/Gas,"
10923,Industrial/Commercial Sales & Service,00010208021002,Modern Group Power Systems, 6352 Chapmans Rd,,Allentown,PA ,18106,USA,,800-404-7291,"Sales,Service,Up To 2MW,Mobile/Diesel/Gas,"
10923,Industrial/Commercial Sales & Service,00010000931002,"EMERGENCY POWER SYSTEMS, LLC", 35 HAMILTON LANE,,GLENMONT,NY ,12077,USA,,800-914-1465,"Service,Up To 2MW,Mobile/Diesel/Gas,"
10923,Industrial/Commercial Sales & Service,00010000931002,"EMERGENCY POWER SYSTEMS, LLC", 35 HAMILTON LANE,,GLENMONT,NY ,12077,USA,,800-914-1465,"Service,"
10923,Industrial/Commercial Sales & Service,00010208021002,Modern Group Power Systems, 295 New Commerce Blvd.,,Wilkes Barre,PA ,18706,USA,,800-404-7291,"Sales,Service,Up To 2MW,Mobile/Diesel/Gas,"
10923,Industrial/Commercial Sales & Service,00010208021002,Modern Group Power Systems, 200 Allied Parkway,,West Berlin,NJ ,08091,USA,,800-404-7291,"Sales,Service,Up To 2MW,Mobile/Diesel/Gas,"
10923,Industrial/Commercial Sales & Service,00010208021002,Modern Group Power Systems, 66A South Gate Blvd.,,New Castle,DE ,19720,USA,,800-404-7291,"Sales,Service,Up To 2MW,Mobile/Diesel/Gas,"
10923,Industrial/Commercial Sales & Service,00010001731002,AUTHORIZED SERVICES OF NEW ENGLAND, 410 FOREST STREET,,MARLBOROUGH,MA ,01752,USA,,888-890-9886,"Sales,"
10923,Industrial/Commercial Sales & Service,00010208021002,Modern Group Power Systems, 3480 Board Road,,York,PA ,17402,USA,,800-404-7291,"Sales,Service,Up To 2MW,Mobile/Diesel/Gas,"
10923,Industrial/Commercial Sales & Service,00010134071002,PEAK POWER SYSTEMS, 99 SPRAGUE AVENUE,,MIDDLETOWN,NY ,10940,USA,www.peakpowersystems.com,845-344-1975,"Sales,Service,Up To 600kW,Mobile/Diesel/Gas,Rental,"
10923,Industrial/Commercial Sales & Service,00010001761002,"GENSERVE, INC.", 100 NEWTOWN RD,,PLAINVIEW,NY ,11803,USA,www.genserveinc.com,631-435-0437,"Service,"
10923,Industrial/Commercial Sales & Service,00111209531002,HUNTINGTON POWER - LONG ISLAND, PO BOX 2040,,SHELTON,CT ,06484,USA,,631-586-7513,"Sales,"
10923,Industrial/Commercial Sales & Service,00111209521002,LONG ISLAND EMERGENCY POWER -QO, 2 Ocean Avenue,,DEER PARK,NY ,11729,USA,,631-586-7513,"Sales,"
10923,Industrial/Commercial Sales & Service,00010139211002,POWERPRO SERVICE CO. INC., 608 JOHNSON AVE. UNIT 6,,BOHEMIA,NY ,11716,USA,,631-567-2700,"Sales,Service,Up To 600kW,Mobile/Diesel/Gas,"
10923,Industrial/Commercial Sales & Service,00010001761002,"GENSERVE, INC.", 115A TWINBRIDGE DR.,,PENNSAUKEN,NJ ,08110,USA,www.genserveinc.com,856-324-0459,"Service,"
10923,Industrial/Commercial Sales & Service,00010001621002,BROOKFIELD SERVICE, 708 GLEBE ROAD,,WESTMORELAND,NH ,03467,USA,www.brookfieldservice.com,802-485-6567,"Service,Up To 600kW,Mobile/Diesel/Gas,"
10923,Industrial/Commercial Sales & Service,00111184131002,HUNTER & LOMISON, 1956 W FOURTH ST,,WILLIAMSPORT,PA ,17701,USA,www.hunterlomison.com,570-326-1764,"Sales,Service,Up To 600kW,Mobile/Diesel/Gas,Rental,"
10923,Industrial/Commercial Sales & Service,00010000881002,HUNTER & LOMISON INC., 1956 W. 4TH STREET,,WILLIAMSPORT,PA ,17701,USA,www.hunterlomison.com,570-326-1764,"Service,Up To 600kW,Mobile/Diesel/Gas,"
10923,Industrial/Commercial Sales & Service,00010021101002,SOUTH SHORE GENERATOR INC-Quote, 2696A CRANBERRY HWY,,WAREHAM,MA ,02571,USA,,508-295-7336,"Sales,Service,Up To 600kW,Mobile/Diesel/Gas,"
10923,Industrial/Commercial Sales & Service,00010001701002,SOUTH SHORE GENERATOR INC, ,,EAST WAREHAM,MA ,02538,USA,,508-295-7336,"Financing,Sales,Service,Up To 600kW,Mobile/Diesel/Gas,"
10923,Industrial/Commercial Sales & Service,00111207431002,WARSHAUER ELECTRIC SUPPLY CO INC, 800 SHREWSBURY AVE,,TINTON FALLS,NJ ,07724,USA,www.warshauer.com,732-741-6400,"Service,"
10923,Industrial/Commercial Sales & Service,00010157021002,Mechanical Service Co, 1145 Oak St.,,Pittston,PA ,18640,USA,,570-654-2445,"Service,"
10924,Industrial/Commercial Sales & Service,00010001611002,Huntington Power, 230 Long Hill Cross Rd,,Shelton,CT ,06484,USA,www.huntingtonpower.com,203-929-3203,"Sales,Service,Up To 2MW,Mobile/Diesel/Gas,Training,Rental,"
10924,Industrial/Commercial Sales & Service,00010214161002,"R.L. Kistler, Inc", 300 Mile Crossing Blvd.,,Rochester,NY ,14624,USA,rlkistler.com,585-436-1940,"Sales,"
10924,Industrial/Commercial Sales & Service,00010214161002,"R.L. KISTLER, INC.", 35 HAMILTON LANE,,GLENMONT,NY ,12077,USA,,585-436-1940,"Sales,Service,"
10924,Industrial/Commercial Sales & Service,00010001611002,Huntington Power, 68 Enter Ln,,Islandia,NY ,11749,USA,,631-563-4943,"Sales,Service,Up To 2MW,Mobile/Diesel/Gas,"
10924,Industrial/Commercial Sales & Service,00010001611002,Huntington Power, 34 E DUDLEY TOWN RD.,,BLOOMFIELD,CT ,06002,USA,,860-289-8790,"Sales,Service,Rental,"
10924,Industrial/Commercial Sales & Service,00010214161002,"R.L. Kistler, Inc", 5615 Business Ave.,,N. Syracuse,NY ,13208,USA,,315-458-2875,"Sales,"
10924,Industrial/Commercial Sales & Service,00010214161002,"R.L. Kistler, Inc", 5615 Business Ave.,,N. Syracuse,NY ,13208,USA,,315-458-2875,"Sales,"
10924,Industrial/Commercial Sales & Service,00010208021002,Modern Group Power Systems, 2501 Durham Road,,Bristol,PA ,19007,USA,www.moderngroup.com,800-404-7291,"Sales,Service,Up To 2MW,Mobile/Diesel/Gas,Training,Rental,"
10924,Industrial/Commercial Sales & Service,00010001731002,Authorized Services Of New England, 410 Forest Street,,Marlborough,MA ,01752,USA,www.asne.com,888-890-9886,"Financing,Sales,Service,Up To 2MW,Mobile/Diesel/Gas,Training,Rental,"
10924,Industrial/Commercial Sales & Service,00010008091002,MODERN HANDLING EQUIP, 75 NEW STREET,,EDISON,NJ ,08837,USA,www.moderngroup.com,800-779-5116,"Sales,Service,Up To 2MW,Mobile/Diesel/Gas,"
10924,Industrial/Commercial Sales & Service,00010208021002,Modern Group Power Systems, 6352 Chapmans Rd,,Allentown,PA ,18106,USA,,800-404-7291,"Sales,Service,Up To 2MW,Mobile/Diesel/Gas,"
10924,Industrial/Commercial Sales & Service,00010208021002,Modern Group Power Systems, 295 New Commerce Blvd.,,Wilkes Barre,PA ,18706,USA,,800-404-7291,"Sales,Service,Up To 2MW,Mobile/Diesel/Gas,"
10924,Industrial/Commercial Sales & Service,00010000931002,"EMERGENCY POWER SYSTEMS, LLC", 35 HAMILTON LANE,,GLENMONT,NY ,12077,USA,,800-914-1465,"Service,Up To 2MW,Mobile/Diesel/Gas,"
10924,Industrial/Commercial Sales & Service,00010000931002,"EMERGENCY POWER SYSTEMS, LLC", 35 HAMILTON LANE,,GLENMONT,NY ,12077,USA,,800-914-1465,"Service,"
10924,Industrial/Commercial Sales & Service,00010208021002,Modern Group Power Systems, 200 Allied Parkway,,West Berlin,NJ ,08091,USA,,800-404-7291,"Sales,Service,Up To 2MW,Mobile/Diesel/Gas,"
10924,Industrial/Commercial Sales & Service,00010208021002,Modern Group Power Systems, 66A South Gate Blvd.,,New Castle,DE ,19720,USA,,800-404-7291,"Sales,Service,Up To 2MW,Mobile/Diesel/Gas,"
10924,Industrial/Commercial Sales & Service,00010001731002,AUTHORIZED SERVICES OF NEW ENGLAND, 410 FOREST STREET,,MARLBOROUGH,MA ,01752,USA,,888-890-9886,"Sales,"
10924,Industrial/Commercial Sales & Service,00010208021002,Modern Group Power Systems, 3480 Board Road,,York,PA ,17402,USA,,800-404-7291,"Sales,Service,Up To 2MW,Mobile/Diesel/Gas,"
10924,Industrial/Commercial Sales & Service,00010134071002,PEAK POWER SYSTEMS, 99 SPRAGUE AVENUE,,MIDDLETOWN,NY ,10940,USA,www.peakpowersystems.com,845-344-1975,"Sales,Service,Up To 600kW,Mobile/Diesel/Gas,Rental,"
10924,Industrial/Commercial Sales & Service,00010001761002,"GENSERVE, INC.", 100 NEWTOWN RD,,PLAINVIEW,NY ,11803,USA,www.genserveinc.com,631-435-0437,"Service,"
10924,Industrial/Commercial Sales & Service,00111209531002,HUNTINGTON POWER - LONG ISLAND, PO BOX 2040,,SHELTON,CT ,06484,USA,,631-586-7513,"Sales,"
10924,Industrial/Commercial Sales & Service,00111209521002,LONG ISLAND EMERGENCY POWER -QO, 2 Ocean Avenue,,DEER PARK,NY ,11729,USA,,631-586-7513,"Sales,"
10924,Industrial/Commercial Sales & Service,00010139211002,POWERPRO SERVICE CO. INC., 608 JOHNSON AVE. UNIT 6,,BOHEMIA,NY ,11716,USA,,631-567-2700,"Sales,Service,Up To 600kW,Mobile/Diesel/Gas,"
10924,Industrial/Commercial Sales & Service,00010001761002,"GENSERVE, INC.", 115A TWINBRIDGE DR.,,PENNSAUKEN,NJ ,08110,USA,www.genserveinc.com,856-324-0459,"Service,"
10924,Industrial/Commercial Sales & Service,00111184131002,HUNTER & LOMISON, 1956 W FOURTH ST,,WILLIAMSPORT,PA ,17701,USA,www.hunterlomison.com,570-326-1764,"Sales,Service,Up To 600kW,Mobile/Diesel/Gas,Rental,"
10924,Industrial/Commercial Sales & Service,00010000881002,HUNTER & LOMISON INC., 1956 W. 4TH STREET,,WILLIAMSPORT,PA ,17701,USA,www.hunterlomison.com,570-326-1764,"Service,Up To 600kW,Mobile/Diesel/Gas,"
10924,Industrial/Commercial Sales & Service,00010001621002,BROOKFIELD SERVICE, 708 GLEBE ROAD,,WESTMORELAND,NH ,03467,USA,www.brookfieldservice.com,802-485-6567,"Service,Up To 600kW,Mobile/Diesel/Gas,"
10924,Industrial/Commercial Sales & Service,00010021101002,SOUTH SHORE GENERATOR INC-Quote, 2696A CRANBERRY HWY,,WAREHAM,MA ,02571,USA,,508-295-7336,"Sales,Service,Up To 600kW,Mobile/Diesel/Gas,"
10924,Industrial/Commercial Sales & Service,00010001701002,SOUTH SHORE GENERATOR INC, ,,EAST WAREHAM,MA ,02538,USA,,508-295-7336,"Financing,Sales,Service,Up To 600kW,Mobile/Diesel/Gas,"
10924,Industrial/Commercial Sales & Service,00010157021002,Mechanical Service Co, 1145 Oak St.,,Pittston,PA ,18640,USA,,570-654-2445,"Service,"
10924,Industrial/Commercial Sales & Service,00111207431002,WARSHAUER ELECTRIC SUPPLY CO INC, 800 SHREWSBURY AVE,,TINTON FALLS,NJ ,07724,USA,www.warshauer.com,732-741-6400,"Service,"
10925,Industrial/Commercial Sales & Service,00010001611002,Huntington Power, 230 Long Hill Cross Rd,,Shelton,CT ,06484,USA,www.huntingtonpower.com,203-929-3203,"Sales,Service,Up To 2MW,Mobile/Diesel/Gas,Training,Rental,"
10925,Industrial/Commercial Sales & Service,00010214161002,"R.L. Kistler, Inc", 300 Mile Crossing Blvd.,,Rochester,NY ,14624,USA,rlkistler.com,585-436-1940,"Sales,"
10925,Industrial/Commercial Sales & Service,00010214161002,"R.L. KISTLER, INC.", 35 HAMILTON LANE,,GLENMONT,NY ,12077,USA,,585-436-1940,"Sales,Service,"
10925,Industrial/Commercial Sales & Service,00010001611002,Huntington Power, 68 Enter Ln,,Islandia,NY ,11749,USA,,631-563-4943,"Sales,Service,Up To 2MW,Mobile/Diesel/Gas,"
10925,Industrial/Commercial Sales & Service,00010001611002,Huntington Power, 34 E DUDLEY TOWN RD.,,BLOOMFIELD,CT ,06002,USA,,860-289-8790,"Sales,Service,Rental,"
10925,Industrial/Commercial Sales & Service,00010214161002,"R.L. Kistler, Inc", 5615 Business Ave.,,N. Syracuse,NY ,13208,USA,,315-458-2875,"Sales,"
10925,Industrial/Commercial Sales & Service,00010214161002,"R.L. Kistler, Inc", 5615 Business Ave.,,N. Syracuse,NY ,13208,USA,,315-458-2875,"Sales,"
10925,Industrial/Commercial Sales & Service,00010208021002,Modern Group Power Systems, 2501 Durham Road,,Bristol,PA ,19007,USA,www.moderngroup.com,800-404-7291,"Sales,Service,Up To 2MW,Mobile/Diesel/Gas,Training,Rental,"
10925,Industrial/Commercial Sales & Service,00010001731002,Authorized Services Of New England, 410 Forest Street,,Marlborough,MA ,01752,USA,www.asne.com,888-890-9886,"Financing,Sales,Service,Up To 2MW,Mobile/Diesel/Gas,Training,Rental,"
10925,Industrial/Commercial Sales & Service,00010008091002,MODERN HANDLING EQUIP, 75 NEW STREET,,EDISON,NJ ,08837,USA,www.moderngroup.com,800-779-5116,"Sales,Service,Up To 2MW,Mobile/Diesel/Gas,"
10925,Industrial/Commercial Sales & Service,00010208021002,Modern Group Power Systems, 6352 Chapmans Rd,,Allentown,PA ,18106,USA,,800-404-7291,"Sales,Service,Up To 2MW,Mobile/Diesel/Gas,"
10925,Industrial/Commercial Sales & Service,00010208021002,Modern Group Power Systems, 295 New Commerce Blvd.,,Wilkes Barre,PA ,18706,USA,,800-404-7291,"Sales,Service,Up To 2MW,Mobile/Diesel/Gas,"
10925,Industrial/Commercial Sales & Service,00010000931002,"EMERGENCY POWER SYSTEMS, LLC", 35 HAMILTON LANE,,GLENMONT,NY ,12077,USA,,800-914-1465,"Service,Up To 2MW,Mobile/Diesel/Gas,"
10925,Industrial/Commercial Sales & Service,00010000931002,"EMERGENCY POWER SYSTEMS, LLC", 35 HAMILTON LANE,,GLENMONT,NY ,12077,USA,,800-914-1465,"Service,"
10925,Industrial/Commercial Sales & Service,00010208021002,Modern Group Power Systems, 200 Allied Parkway,,West Berlin,NJ ,08091,USA,,800-404-7291,"Sales,Service,Up To 2MW,Mobile/Diesel/Gas,"
10925,Industrial/Commercial Sales & Service,00010208021002,Modern Group Power Systems, 66A South Gate Blvd.,,New Castle,DE ,19720,USA,,800-404-7291,"Sales,Service,Up To 2MW,Mobile/Diesel/Gas,"
10925,Industrial/Commercial Sales & Service,00010208021002,Modern Group Power Systems, 3480 Board Road,,York,PA ,17402,USA,,800-404-7291,"Sales,Service,Up To 2MW,Mobile/Diesel/Gas,"
10925,Industrial/Commercial Sales & Service,00010001731002,AUTHORIZED SERVICES OF NEW ENGLAND, 410 FOREST STREET,,MARLBOROUGH,MA ,01752,USA,,888-890-9886,"Sales,"
10925,Industrial/Commercial Sales & Service,00010134071002,PEAK POWER SYSTEMS, 99 SPRAGUE AVENUE,,MIDDLETOWN,NY ,10940,USA,www.peakpowersystems.com,845-344-1975,"Sales,Service,Up To 600kW,Mobile/Diesel/Gas,Rental,"
10925,Industrial/Commercial Sales & Service,00010001761002,"GENSERVE, INC.", 100 NEWTOWN RD,,PLAINVIEW,NY ,11803,USA,www.genserveinc.com,631-435-0437,"Service,"
10925,Industrial/Commercial Sales & Service,00111209521002,LONG ISLAND EMERGENCY POWER -QO, 2 Ocean Avenue,,DEER PARK,NY ,11729,USA,,631-586-7513,"Sales,"
10925,Industrial/Commercial Sales & Service,00111209531002,HUNTINGTON POWER - LONG ISLAND, PO BOX 2040,,SHELTON,CT ,06484,USA,,631-586-7513,"Sales,"
10925,Industrial/Commercial Sales & Service,00010139211002,POWERPRO SERVICE CO. INC., 608 JOHNSON AVE. UNIT 6,,BOHEMIA,NY ,11716,USA,,631-567-2700,"Sales,Service,Up To 600kW,Mobile/Diesel/Gas,"
10925,Industrial/Commercial Sales & Service,00010001761002,"GENSERVE, INC.", 115A TWINBRIDGE DR.,,PENNSAUKEN,NJ ,08110,USA,www.genserveinc.com,856-324-0459,"Service,"
10925,Industrial/Commercial Sales & Service,00111184131002,HUNTER & LOMISON, 1956 W FOURTH ST,,WILLIAMSPORT,PA ,17701,USA,www.hunterlomison.com,570-326-1764,"Sales,Service,Up To 600kW,Mobile/Diesel/Gas,Rental,"
10925,Industrial/Commercial Sales & Service,00010000881002,HUNTER & LOMISON INC., 1956 W. 4TH STREET,,WILLIAMSPORT,PA ,17701,USA,www.hunterlomison.com,570-326-1764,"Service,Up To 600kW,Mobile/Diesel/Gas,"
10925,Industrial/Commercial Sales & Service,00010001621002,BROOKFIELD SERVICE, 708 GLEBE ROAD,,WESTMORELAND,NH ,03467,USA,www.brookfieldservice.com,802-485-6567,"Service,Up To 600kW,Mobile/Diesel/Gas,"
10925,Industrial/Commercial Sales & Service,00010021101002,SOUTH SHORE GENERATOR INC-Quote, 2696A CRANBERRY HWY,,WAREHAM,MA ,02571,USA,,508-295-7336,"Sales,Service,Up To 600kW,Mobile/Diesel/Gas,"
10925,Industrial/Commercial Sales & Service,00010001701002,SOUTH SHORE GENERATOR INC, ,,EAST WAREHAM,MA ,02538,USA,,508-295-7336,"Financing,Sales,Service,Up To 600kW,Mobile/Diesel/Gas,"
10925,Industrial/Commercial Sales & Service,00111207431002,WARSHAUER ELECTRIC SUPPLY CO INC, 800 SHREWSBURY AVE,,TINTON FALLS,NJ ,07724,USA,www.warshauer.com,732-741-6400,"Service,"
10925,Industrial/Commercial Sales & Service,00010157021002,Mechanical Service Co, 1145 Oak St.,,Pittston,PA ,18640,USA,,570-654-2445,"Service,"
10926,Industrial/Commercial Sales & Service,00010001611002,Huntington Power, 230 Long Hill Cross Rd,,Shelton,CT ,06484,USA,www.huntingtonpower.com,203-929-3203,"Sales,Service,Up To 2MW,Mobile/Diesel/Gas,Training,Rental,"
10926,Industrial/Commercial Sales & Service,00010214161002,"R.L. KISTLER, INC.", 35 HAMILTON LANE,,GLENMONT,NY ,12077,USA,,585-436-1940,"Sales,Service,"
10926,Industrial/Commercial Sales & Service,00010214161002,"R.L. Kistler, Inc", 300 Mile Crossing Blvd.,,Rochester,NY ,14624,USA,rlkistler.com,585-436-1940,"Sales,"
10926,Industrial/Commercial Sales & Service,00010001611002,Huntington Power, 68 Enter Ln,,Islandia,NY ,11749,USA,,631-563-4943,"Sales,Service,Up To 2MW,Mobile/Diesel/Gas,"
10926,Industrial/Commercial Sales & Service,00010001611002,Huntington Power, 34 E DUDLEY TOWN RD.,,BLOOMFIELD,CT ,06002,USA,,860-289-8790,"Sales,Service,Rental,"
10926,Industrial/Commercial Sales & Service,00010214161002,"R.L. Kistler, Inc", 5615 Business Ave.,,N. Syracuse,NY ,13208,USA,,315-458-2875,"Sales,"
10926,Industrial/Commercial Sales & Service,00010214161002,"R.L. Kistler, Inc", 5615 Business Ave.,,N. Syracuse,NY ,13208,USA,,315-458-2875,"Sales,"
10926,Industrial/Commercial Sales & Service,00010208021002,Modern Group Power Systems, 2501 Durham Road,,Bristol,PA ,19007,USA,www.moderngroup.com,800-404-7291,"Sales,Service,Up To 2MW,Mobile/Diesel/Gas,Training,Rental,"
10926,Industrial/Commercial Sales & Service,00010001731002,Authorized Services Of New England, 410 Forest Street,,Marlborough,MA ,01752,USA,www.asne.com,888-890-9886,"Financing,Sales,Service,Up To 2MW,Mobile/Diesel/Gas,Training,Rental,"
10926,Industrial/Commercial Sales & Service,00010008091002,MODERN HANDLING EQUIP, 75 NEW STREET,,EDISON,NJ ,08837,USA,www.moderngroup.com,800-779-5116,"Sales,Service,Up To 2MW,Mobile/Diesel/Gas,"
10926,Industrial/Commercial Sales & Service,00010208021002,Modern Group Power Systems, 6352 Chapmans Rd,,Allentown,PA ,18106,USA,,800-404-7291,"Sales,Service,Up To 2MW,Mobile/Diesel/Gas,"
10926,Industrial/Commercial Sales & Service,00010000931002,"EMERGENCY POWER SYSTEMS, LLC", 35 HAMILTON LANE,,GLENMONT,NY ,12077,USA,,800-914-1465,"Service,Up To 2MW,Mobile/Diesel/Gas,"
10926,Industrial/Commercial Sales & Service,00010000931002,"EMERGENCY POWER SYSTEMS, LLC", 35 HAMILTON LANE,,GLENMONT,NY ,12077,USA,,800-914-1465,"Service,"
10926,Industrial/Commercial Sales & Service,00010208021002,Modern Group Power Systems, 295 New Commerce Blvd.,,Wilkes Barre,PA ,18706,USA,,800-404-7291,"Sales,Service,Up To 2MW,Mobile/Diesel/Gas,"
10926,Industrial/Commercial Sales & Service,00010208021002,Modern Group Power Systems, 200 Allied Parkway,,West Berlin,NJ ,08091,USA,,800-404-7291,"Sales,Service,Up To 2MW,Mobile/Diesel/Gas,"
10926,Industrial/Commercial Sales & Service,00010208021002,Modern Group Power Systems, 66A South Gate Blvd.,,New Castle,DE ,19720,USA,,800-404-7291,"Sales,Service,Up To 2MW,Mobile/Diesel/Gas,"
10926,Industrial/Commercial Sales & Service,00010001731002,AUTHORIZED SERVICES OF NEW ENGLAND, 410 FOREST STREET,,MARLBOROUGH,MA ,01752,USA,,888-890-9886,"Sales,"
10926,Industrial/Commercial Sales & Service,00010208021002,Modern Group Power Systems, 3480 Board Road,,York,PA ,17402,USA,,800-404-7291,"Sales,Service,Up To 2MW,Mobile/Diesel/Gas,"
10926,Industrial/Commercial Sales & Service,00010134071002,PEAK POWER SYSTEMS, 99 SPRAGUE AVENUE,,MIDDLETOWN,NY ,10940,USA,www.peakpowersystems.com,845-344-1975,"Sales,Service,Up To 600kW,Mobile/Diesel/Gas,Rental,"
10926,Industrial/Commercial Sales & Service,00010001761002,"GENSERVE, INC.", 100 NEWTOWN RD,,PLAINVIEW,NY ,11803,USA,www.genserveinc.com,631-435-0437,"Service,"
10926,Industrial/Commercial Sales & Service,00111209531002,HUNTINGTON POWER - LONG ISLAND, PO BOX 2040,,SHELTON,CT ,06484,USA,,631-586-7513,"Sales,"
10926,Industrial/Commercial Sales & Service,00111209521002,LONG ISLAND EMERGENCY POWER -QO, 2 Ocean Avenue,,DEER PARK,NY ,11729,USA,,631-586-7513,"Sales,"
10926,Industrial/Commercial Sales & Service,00010139211002,POWERPRO SERVICE CO. INC., 608 JOHNSON AVE. UNIT 6,,BOHEMIA,NY ,11716,USA,,631-567-2700,"Sales,Service,Up To 600kW,Mobile/Diesel/Gas,"
10926,Industrial/Commercial Sales & Service,00010001761002,"GENSERVE, INC.", 115A TWINBRIDGE DR.,,PENNSAUKEN,NJ ,08110,USA,www.genserveinc.com,856-324-0459,"Service,"
10926,Industrial/Commercial Sales & Service,00010001621002,BROOKFIELD SERVICE, 708 GLEBE ROAD,,WESTMORELAND,NH ,03467,USA,www.brookfieldservice.com,802-485-6567,"Service,Up To 600kW,Mobile/Diesel/Gas,"
10926,Industrial/Commercial Sales & Service,00111184131002,HUNTER & LOMISON, 1956 W FOURTH ST,,WILLIAMSPORT,PA ,17701,USA,www.hunterlomison.com,570-326-1764,"Sales,Service,Up To 600kW,Mobile/Diesel/Gas,Rental,"
10926,Industrial/Commercial Sales & Service,00010000881002,HUNTER & LOMISON INC., 1956 W. 4TH STREET,,WILLIAMSPORT,PA ,17701,USA,www.hunterlomison.com,570-326-1764,"Service,Up To 600kW,Mobile/Diesel/Gas,"
10926,Industrial/Commercial Sales & Service,00010021101002,SOUTH SHORE GENERATOR INC-Quote, 2696A CRANBERRY HWY,,WAREHAM,MA ,02571,USA,,508-295-7336,"Sales,Service,Up To 600kW,Mobile/Diesel/Gas,"
10926,Industrial/Commercial Sales & Service,00010001701002,SOUTH SHORE GENERATOR INC, ,,EAST WAREHAM,MA ,02538,USA,,508-295-7336,"Financing,Sales,Service,Up To 600kW,Mobile/Diesel/Gas,"
10926,Industrial/Commercial Sales & Service,00111207431002,WARSHAUER ELECTRIC SUPPLY CO INC, 800 SHREWSBURY AVE,,TINTON FALLS,NJ ,07724,USA,www.warshauer.com,732-741-6400,"Service,"
10926,Industrial/Commercial Sales & Service,00010157021002,Mechanical Service Co, 1145 Oak St.,,Pittston,PA ,18640,USA,,570-654-2445,"Service,"
10927,Industrial/Commercial Sales & Service,00010214161002,"R.L. KISTLER, INC.", 35 HAMILTON LANE,,GLENMONT,NY ,12077,USA,,585-436-1940,"Sales,Service,"
10927,Industrial/Commercial Sales & Service,00010214161002,"R.L. Kistler, Inc", 300 Mile Crossing Blvd.,,Rochester,NY ,14624,USA,rlkistler.com,585-436-1940,"Sales,"
10927,Industrial/Commercial Sales & Service,00010001611002,Huntington Power, 230 Long Hill Cross Rd,,Shelton,CT ,06484,USA,www.huntingtonpower.com,203-929-3203,"Sales,Service,Up To 2MW,Mobile/Diesel/Gas,Training,Rental,"
10927,Industrial/Commercial Sales & Service,00010214161002,"R.L. Kistler, Inc", 5615 Business Ave.,,N. Syracuse,NY ,13208,USA,,315-458-2875,"Sales,"
10927,Industrial/Commercial Sales & Service,00010214161002,"R.L. Kistler, Inc", 5615 Business Ave.,,N. Syracuse,NY ,13208,USA,,315-458-2875,"Sales,"
10927,Industrial/Commercial Sales & Service,00010001611002,Huntington Power, 68 Enter Ln,,Islandia,NY ,11749,USA,,631-563-4943,"Sales,Service,Up To 2MW,Mobile/Diesel/Gas,"
10927,Industrial/Commercial Sales & Service,00010001611002,Huntington Power, 34 E DUDLEY TOWN RD.,,BLOOMFIELD,CT ,06002,USA,,860-289-8790,"Sales,Service,Rental,"
10927,Industrial/Commercial Sales & Service,00010208021002,Modern Group Power Systems, 2501 Durham Road,,Bristol,PA ,19007,USA,www.moderngroup.com,800-404-7291,"Sales,Service,Up To 2MW,Mobile/Diesel/Gas,Training,Rental,"
10927,Industrial/Commercial Sales & Service,00010001731002,Authorized Services Of New England, 410 Forest Street,,Marlborough,MA ,01752,USA,www.asne.com,888-890-9886,"Financing,Sales,Service,Up To 2MW,Mobile/Diesel/Gas,Training,Rental,"
10927,Industrial/Commercial Sales & Service,00010008091002,MODERN HANDLING EQUIP, 75 NEW STREET,,EDISON,NJ ,08837,USA,www.moderngroup.com,800-779-5116,"Sales,Service,Up To 2MW,Mobile/Diesel/Gas,"
10927,Industrial/Commercial Sales & Service,00010208021002,Modern Group Power Systems, 6352 Chapmans Rd,,Allentown,PA ,18106,USA,,800-404-7291,"Sales,Service,Up To 2MW,Mobile/Diesel/Gas,"
10927,Industrial/Commercial Sales & Service,00010000931002,"EMERGENCY POWER SYSTEMS, LLC", 35 HAMILTON LANE,,GLENMONT,NY ,12077,USA,,800-914-1465,"Service,Up To 2MW,Mobile/Diesel/Gas,"
10927,Industrial/Commercial Sales & Service,00010000931002,"EMERGENCY POWER SYSTEMS, LLC", 35 HAMILTON LANE,,GLENMONT,NY ,12077,USA,,800-914-1465,"Service,"
10927,Industrial/Commercial Sales & Service,00010208021002,Modern Group Power Systems, 295 New Commerce Blvd.,,Wilkes Barre,PA ,18706,USA,,800-404-7291,"Sales,Service,Up To 2MW,Mobile/Diesel/Gas,"
10927,Industrial/Commercial Sales & Service,00010208021002,Modern Group Power Systems, 200 Allied Parkway,,West Berlin,NJ ,08091,USA,,800-404-7291,"Sales,Service,Up To 2MW,Mobile/Diesel/Gas,"
10927,Industrial/Commercial Sales & Service,00010208021002,Modern Group Power Systems, 66A South Gate Blvd.,,New Castle,DE ,19720,USA,,800-404-7291,"Sales,Service,Up To 2MW,Mobile/Diesel/Gas,"
10927,Industrial/Commercial Sales & Service,00010001731002,AUTHORIZED SERVICES OF NEW ENGLAND, 410 FOREST STREET,,MARLBOROUGH,MA ,01752,USA,,888-890-9886,"Sales,"
10927,Industrial/Commercial Sales & Service,00010208021002,Modern Group Power Systems, 3480 Board Road,,York,PA ,17402,USA,,800-404-7291,"Sales,Service,Up To 2MW,Mobile/Diesel/Gas,"
10927,Industrial/Commercial Sales & Service,00010134071002,PEAK POWER SYSTEMS, 99 SPRAGUE AVENUE,,MIDDLETOWN,NY ,10940,USA,www.peakpowersystems.com,845-344-1975,"Sales,Service,Up To 600kW,Mobile/Diesel/Gas,Rental,"
10927,Industrial/Commercial Sales & Service,00010001761002,"GENSERVE, INC.", 100 NEWTOWN RD,,PLAINVIEW,NY ,11803,USA,www.genserveinc.com,631-435-0437,"Service,"
10927,Industrial/Commercial Sales & Service,00111209531002,HUNTINGTON POWER - LONG ISLAND, PO BOX 2040,,SHELTON,CT ,06484,USA,,631-586-7513,"Sales,"
10927,Industrial/Commercial Sales & Service,00111209521002,LONG ISLAND EMERGENCY POWER -QO, 2 Ocean Avenue,,DEER PARK,NY ,11729,USA,,631-586-7513,"Sales,"
10927,Industrial/Commercial Sales & Service,00010139211002,POWERPRO SERVICE CO. INC., 608 JOHNSON AVE. UNIT 6,,BOHEMIA,NY ,11716,USA,,631-567-2700,"Sales,Service,Up To 600kW,Mobile/Diesel/Gas,"
10927,Industrial/Commercial Sales & Service,00010001761002,"GENSERVE, INC.", 115A TWINBRIDGE DR.,,PENNSAUKEN,NJ ,08110,USA,www.genserveinc.com,856-324-0459,"Service,"
10927,Industrial/Commercial Sales & Service,00010001621002,BROOKFIELD SERVICE, 708 GLEBE ROAD,,WESTMORELAND,NH ,03467,USA,www.brookfieldservice.com,802-485-6567,"Service,Up To 600kW,Mobile/Diesel/Gas,"
10927,Industrial/Commercial Sales & Service,00111184131002,HUNTER & LOMISON, 1956 W FOURTH ST,,WILLIAMSPORT,PA ,17701,USA,www.hunterlomison.com,570-326-1764,"Sales,Service,Up To 600kW,Mobile/Diesel/Gas,Rental,"
10927,Industrial/Commercial Sales & Service,00010000881002,HUNTER & LOMISON INC., 1956 W. 4TH STREET,,WILLIAMSPORT,PA ,17701,USA,www.hunterlomison.com,570-326-1764,"Service,Up To 600kW,Mobile/Diesel/Gas,"
10927,Industrial/Commercial Sales & Service,00010021101002,SOUTH SHORE GENERATOR INC-Quote, 2696A CRANBERRY HWY,,WAREHAM,MA ,02571,USA,,508-295-7336,"Sales,Service,Up To 600kW,Mobile/Diesel/Gas,"
10927,Industrial/Commercial Sales & Service,00010001701002,SOUTH SHORE GENERATOR INC, ,,EAST WAREHAM,MA ,02538,USA,,508-295-7336,"Financing,Sales,Service,Up To 600kW,Mobile/Diesel/Gas,"
10927,Industrial/Commercial Sales & Service,00111207431002,WARSHAUER ELECTRIC SUPPLY CO INC, 800 SHREWSBURY AVE,,TINTON FALLS,NJ ,07724,USA,www.warshauer.com,732-741-6400,"Service,"
10927,Industrial/Commercial Sales & Service,00010157021002,Mechanical Service Co, 1145 Oak St.,,Pittston,PA ,18640,USA,,570-654-2445,"Service,"
10928,Industrial/Commercial Sales & Service,00010214161002,"R.L. KISTLER, INC.", 35 HAMILTON LANE,,GLENMONT,NY ,12077,USA,,585-436-1940,"Sales,Service,"
10928,Industrial/Commercial Sales & Service,00010001611002,Huntington Power, 230 Long Hill Cross Rd,,Shelton,CT ,06484,USA,www.huntingtonpower.com,203-929-3203,"Sales,Service,Up To 2MW,Mobile/Diesel/Gas,Training,Rental,"
10928,Industrial/Commercial Sales & Service,00010214161002,"R.L. Kistler, Inc", 300 Mile Crossing Blvd.,,Rochester,NY ,14624,USA,rlkistler.com,585-436-1940,"Sales,"
10928,Industrial/Commercial Sales & Service,00010214161002,"R.L. Kistler, Inc", 5615 Business Ave.,,N. Syracuse,NY ,13208,USA,,315-458-2875,"Sales,"
10928,Industrial/Commercial Sales & Service,00010001611002,Huntington Power, 68 Enter Ln,,Islandia,NY ,11749,USA,,631-563-4943,"Sales,Service,Up To 2MW,Mobile/Diesel/Gas,"
10928,Industrial/Commercial Sales & Service,00010001611002,Huntington Power, 34 E DUDLEY TOWN RD.,,BLOOMFIELD,CT ,06002,USA,,860-289-8790,"Sales,Service,Rental,"
10928,Industrial/Commercial Sales & Service,00010214161002,"R.L. Kistler, Inc", 5615 Business Ave.,,N. Syracuse,NY ,13208,USA,,315-458-2875,"Sales,"
10928,Industrial/Commercial Sales & Service,00010208021002,Modern Group Power Systems, 2501 Durham Road,,Bristol,PA ,19007,USA,www.moderngroup.com,800-404-7291,"Sales,Service,Up To 2MW,Mobile/Diesel/Gas,Training,Rental,"
10928,Industrial/Commercial Sales & Service,00010001731002,Authorized Services Of New England, 410 Forest Street,,Marlborough,MA ,01752,USA,www.asne.com,888-890-9886,"Financing,Sales,Service,Up To 2MW,Mobile/Diesel/Gas,Training,Rental,"
10928,Industrial/Commercial Sales & Service,00010008091002,MODERN HANDLING EQUIP, 75 NEW STREET,,EDISON,NJ ,08837,USA,www.moderngroup.com,800-779-5116,"Sales,Service,Up To 2MW,Mobile/Diesel/Gas,"
10928,Industrial/Commercial Sales & Service,00010000931002,"EMERGENCY POWER SYSTEMS, LLC", 35 HAMILTON LANE,,GLENMONT,NY ,12077,USA,,800-914-1465,"Service,Up To 2MW,Mobile/Diesel/Gas,"
10928,Industrial/Commercial Sales & Service,00010000931002,"EMERGENCY POWER SYSTEMS, LLC", 35 HAMILTON LANE,,GLENMONT,NY ,12077,USA,,800-914-1465,"Service,"
10928,Industrial/Commercial Sales & Service,00010208021002,Modern Group Power Systems, 6352 Chapmans Rd,,Allentown,PA ,18106,USA,,800-404-7291,"Sales,Service,Up To 2MW,Mobile/Diesel/Gas,"
10928,Industrial/Commercial Sales & Service,00010208021002,Modern Group Power Systems, 295 New Commerce Blvd.,,Wilkes Barre,PA ,18706,USA,,800-404-7291,"Sales,Service,Up To 2MW,Mobile/Diesel/Gas,"
10928,Industrial/Commercial Sales & Service,00010208021002,Modern Group Power Systems, 200 Allied Parkway,,West Berlin,NJ ,08091,USA,,800-404-7291,"Sales,Service,Up To 2MW,Mobile/Diesel/Gas,"
10928,Industrial/Commercial Sales & Service,00010001731002,AUTHORIZED SERVICES OF NEW ENGLAND, 410 FOREST STREET,,MARLBOROUGH,MA ,01752,USA,,888-890-9886,"Sales,"
10928,Industrial/Commercial Sales & Service,00010208021002,Modern Group Power Systems, 66A South Gate Blvd.,,New Castle,DE ,19720,USA,,800-404-7291,"Sales,Service,Up To 2MW,Mobile/Diesel/Gas,"
10928,Industrial/Commercial Sales & Service,00010208021002,Modern Group Power Systems, 3480 Board Road,,York,PA ,17402,USA,,800-404-7291,"Sales,Service,Up To 2MW,Mobile/Diesel/Gas,"
10928,Industrial/Commercial Sales & Service,00010134071002,PEAK POWER SYSTEMS, 99 SPRAGUE AVENUE,,MIDDLETOWN,NY ,10940,USA,www.peakpowersystems.com,845-344-1975,"Sales,Service,Up To 600kW,Mobile/Diesel/Gas,Rental,"
10928,Industrial/Commercial Sales & Service,00111209531002,HUNTINGTON POWER - LONG ISLAND, PO BOX 2040,,SHELTON,CT ,06484,USA,,631-586-7513,"Sales,"
10928,Industrial/Commercial Sales & Service,00010001761002,"GENSERVE, INC.", 100 NEWTOWN RD,,PLAINVIEW,NY ,11803,USA,www.genserveinc.com,631-435-0437,"Service,"
10928,Industrial/Commercial Sales & Service,00111209521002,LONG ISLAND EMERGENCY POWER -QO, 2 Ocean Avenue,,DEER PARK,NY ,11729,USA,,631-586-7513,"Sales,"
10928,Industrial/Commercial Sales & Service,00010139211002,POWERPRO SERVICE CO. INC., 608 JOHNSON AVE. UNIT 6,,BOHEMIA,NY ,11716,USA,,631-567-2700,"Sales,Service,Up To 600kW,Mobile/Diesel/Gas,"
10928,Industrial/Commercial Sales & Service,00010001761002,"GENSERVE, INC.", 115A TWINBRIDGE DR.,,PENNSAUKEN,NJ ,08110,USA,www.genserveinc.com,856-324-0459,"Service,"
10928,Industrial/Commercial Sales & Service,00010001621002,BROOKFIELD SERVICE, 708 GLEBE ROAD,,WESTMORELAND,NH ,03467,USA,www.brookfieldservice.com,802-485-6567,"Service,Up To 600kW,Mobile/Diesel/Gas,"
10928,Industrial/Commercial Sales & Service,00111184131002,HUNTER & LOMISON, 1956 W FOURTH ST,,WILLIAMSPORT,PA ,17701,USA,www.hunterlomison.com,570-326-1764,"Sales,Service,Up To 600kW,Mobile/Diesel/Gas,Rental,"
10928,Industrial/Commercial Sales & Service,00010000881002,HUNTER & LOMISON INC., 1956 W. 4TH STREET,,WILLIAMSPORT,PA ,17701,USA,www.hunterlomison.com,570-326-1764,"Service,Up To 600kW,Mobile/Diesel/Gas,"
10928,Industrial/Commercial Sales & Service,00010021101002,SOUTH SHORE GENERATOR INC-Quote, 2696A CRANBERRY HWY,,WAREHAM,MA ,02571,USA,,508-295-7336,"Sales,Service,Up To 600kW,Mobile/Diesel/Gas,"
10928,Industrial/Commercial Sales & Service,00010001701002,SOUTH SHORE GENERATOR INC, ,,EAST WAREHAM,MA ,02538,USA,,508-295-7336,"Financing,Sales,Service,Up To 600kW,Mobile/Diesel/Gas,"
10928,Industrial/Commercial Sales & Service,00111207431002,WARSHAUER ELECTRIC SUPPLY CO INC, 800 SHREWSBURY AVE,,TINTON FALLS,NJ ,07724,USA,www.warshauer.com,732-741-6400,"Service,"
10928,Industrial/Commercial Sales & Service,00010157021002,Mechanical Service Co, 1145 Oak St.,,Pittston,PA ,18640,USA,,570-654-2445,"Service,"
10930,Industrial/Commercial Sales & Service,00010214161002,"R.L. Kistler, Inc", 300 Mile Crossing Blvd.,,Rochester,NY ,14624,USA,rlkistler.com,585-436-1940,"Sales,"
10930,Industrial/Commercial Sales & Service,00010214161002,"R.L. KISTLER, INC.", 35 HAMILTON LANE,,GLENMONT,NY ,12077,USA,,585-436-1940,"Sales,Service,"
10930,Industrial/Commercial Sales & Service,00010001611002,Huntington Power, 230 Long Hill Cross Rd,,Shelton,CT ,06484,USA,www.huntingtonpower.com,203-929-3203,"Sales,Service,Up To 2MW,Mobile/Diesel/Gas,Training,Rental,"
10930,Industrial/Commercial Sales & Service,00010214161002,"R.L. Kistler, Inc", 5615 Business Ave.,,N. Syracuse,NY ,13208,USA,,315-458-2875,"Sales,"
10930,Industrial/Commercial Sales & Service,00010214161002,"R.L. Kistler, Inc", 5615 Business Ave.,,N. Syracuse,NY ,13208,USA,,315-458-2875,"Sales,"
10930,Industrial/Commercial Sales & Service,00010001611002,Huntington Power, 68 Enter Ln,,Islandia,NY ,11749,USA,,631-563-4943,"Sales,Service,Up To 2MW,Mobile/Diesel/Gas,"
10930,Industrial/Commercial Sales & Service,00010001611002,Huntington Power, 34 E DUDLEY TOWN RD.,,BLOOMFIELD,CT ,06002,USA,,860-289-8790,"Sales,Service,Rental,"
10930,Industrial/Commercial Sales & Service,00010208021002,Modern Group Power Systems, 2501 Durham Road,,Bristol,PA ,19007,USA,www.moderngroup.com,800-404-7291,"Sales,Service,Up To 2MW,Mobile/Diesel/Gas,Training,Rental,"
10930,Industrial/Commercial Sales & Service,00010001731002,Authorized Services Of New England, 410 Forest Street,,Marlborough,MA ,01752,USA,www.asne.com,888-890-9886,"Financing,Sales,Service,Up To 2MW,Mobile/Diesel/Gas,Training,Rental,"
10930,Industrial/Commercial Sales & Service,00010008091002,MODERN HANDLING EQUIP, 75 NEW STREET,,EDISON,NJ ,08837,USA,www.moderngroup.com,800-779-5116,"Sales,Service,Up To 2MW,Mobile/Diesel/Gas,"
10930,Industrial/Commercial Sales & Service,00010000931002,"EMERGENCY POWER SYSTEMS, LLC", 35 HAMILTON LANE,,GLENMONT,NY ,12077,USA,,800-914-1465,"Service,Up To 2MW,Mobile/Diesel/Gas,"
10930,Industrial/Commercial Sales & Service,00010000931002,"EMERGENCY POWER SYSTEMS, LLC", 35 HAMILTON LANE,,GLENMONT,NY ,12077,USA,,800-914-1465,"Service,"
10930,Industrial/Commercial Sales & Service,00010208021002,Modern Group Power Systems, 6352 Chapmans Rd,,Allentown,PA ,18106,USA,,800-404-7291,"Sales,Service,Up To 2MW,Mobile/Diesel/Gas,"
10930,Industrial/Commercial Sales & Service,00010208021002,Modern Group Power Systems, 295 New Commerce Blvd.,,Wilkes Barre,PA ,18706,USA,,800-404-7291,"Sales,Service,Up To 2MW,Mobile/Diesel/Gas,"
10930,Industrial/Commercial Sales & Service,00010208021002,Modern Group Power Systems, 200 Allied Parkway,,West Berlin,NJ ,08091,USA,,800-404-7291,"Sales,Service,Up To 2MW,Mobile/Diesel/Gas,"
10930,Industrial/Commercial Sales & Service,00010208021002,Modern Group Power Systems, 66A South Gate Blvd.,,New Castle,DE ,19720,USA,,800-404-7291,"Sales,Service,Up To 2MW,Mobile/Diesel/Gas,"
10930,Industrial/Commercial Sales & Service,00010001731002,AUTHORIZED SERVICES OF NEW ENGLAND, 410 FOREST STREET,,MARLBOROUGH,MA ,01752,USA,,888-890-9886,"Sales,"
10930,Industrial/Commercial Sales & Service,00010208021002,Modern Group Power Systems, 3480 Board Road,,York,PA ,17402,USA,,800-404-7291,"Sales,Service,Up To 2MW,Mobile/Diesel/Gas,"
10930,Industrial/Commercial Sales & Service,00010134071002,PEAK POWER SYSTEMS, 99 SPRAGUE AVENUE,,MIDDLETOWN,NY ,10940,USA,www.peakpowersystems.com,845-344-1975,"Sales,Service,Up To 600kW,Mobile/Diesel/Gas,Rental,"
10930,Industrial/Commercial Sales & Service,00111209531002,HUNTINGTON POWER - LONG ISLAND, PO BOX 2040,,SHELTON,CT ,06484,USA,,631-586-7513,"Sales,"
10930,Industrial/Commercial Sales & Service,00010001761002,"GENSERVE, INC.", 100 NEWTOWN RD,,PLAINVIEW,NY ,11803,USA,www.genserveinc.com,631-435-0437,"Service,"
10930,Industrial/Commercial Sales & Service,00111209521002,LONG ISLAND EMERGENCY POWER -QO, 2 Ocean Avenue,,DEER PARK,NY ,11729,USA,,631-586-7513,"Sales,"
10930,Industrial/Commercial Sales & Service,00010139211002,POWERPRO SERVICE CO. INC., 608 JOHNSON AVE. UNIT 6,,BOHEMIA,NY ,11716,USA,,631-567-2700,"Sales,Service,Up To 600kW,Mobile/Diesel/Gas,"
10930,Industrial/Commercial Sales & Service,00010001761002,"GENSERVE, INC.", 115A TWINBRIDGE DR.,,PENNSAUKEN,NJ ,08110,USA,www.genserveinc.com,856-324-0459,"Service,"
10930,Industrial/Commercial Sales & Service,00010001621002,BROOKFIELD SERVICE, 708 GLEBE ROAD,,WESTMORELAND,NH ,03467,USA,www.brookfieldservice.com,802-485-6567,"Service,Up To 600kW,Mobile/Diesel/Gas,"
10930,Industrial/Commercial Sales & Service,00111184131002,HUNTER & LOMISON, 1956 W FOURTH ST,,WILLIAMSPORT,PA ,17701,USA,www.hunterlomison.com,570-326-1764,"Sales,Service,Up To 600kW,Mobile/Diesel/Gas,Rental,"
10930,Industrial/Commercial Sales & Service,00010000881002,HUNTER & LOMISON INC., 1956 W. 4TH STREET,,WILLIAMSPORT,PA ,17701,USA,www.hunterlomison.com,570-326-1764,"Service,Up To 600kW,Mobile/Diesel/Gas,"
10930,Industrial/Commercial Sales & Service,00010021101002,SOUTH SHORE GENERATOR INC-Quote, 2696A CRANBERRY HWY,,WAREHAM,MA ,02571,USA,,508-295-7336,"Sales,Service,Up To 600kW,Mobile/Diesel/Gas,"
10930,Industrial/Commercial Sales & Service,00010001701002,SOUTH SHORE GENERATOR INC, ,,EAST WAREHAM,MA ,02538,USA,,508-295-7336,"Financing,Sales,Service,Up To 600kW,Mobile/Diesel/Gas,"
10930,Industrial/Commercial Sales & Service,00111207431002,WARSHAUER ELECTRIC SUPPLY CO INC, 800 SHREWSBURY AVE,,TINTON FALLS,NJ ,07724,USA,www.warshauer.com,732-741-6400,"Service,"
10930,Industrial/Commercial Sales & Service,00010157021002,Mechanical Service Co, 1145 Oak St.,,Pittston,PA ,18640,USA,,570-654-2445,"Service,"
10931,Industrial/Commercial Sales & Service,00010214161002,"R.L. Kistler, Inc", 300 Mile Crossing Blvd.,,Rochester,NY ,14624,USA,rlkistler.com,585-436-1940,"Sales,"
10931,Industrial/Commercial Sales & Service,00010001611002,Huntington Power, 230 Long Hill Cross Rd,,Shelton,CT ,06484,USA,www.huntingtonpower.com,203-929-3203,"Sales,Service,Up To 2MW,Mobile/Diesel/Gas,Training,Rental,"
10931,Industrial/Commercial Sales & Service,00010214161002,"R.L. KISTLER, INC.", 35 HAMILTON LANE,,GLENMONT,NY ,12077,USA,,585-436-1940,"Sales,Service,"
10931,Industrial/Commercial Sales & Service,00010214161002,"R.L. Kistler, Inc", 5615 Business Ave.,,N. Syracuse,NY ,13208,USA,,315-458-2875,"Sales,"
10931,Industrial/Commercial Sales & Service,00010001611002,Huntington Power, 68 Enter Ln,,Islandia,NY ,11749,USA,,631-563-4943,"Sales,Service,Up To 2MW,Mobile/Diesel/Gas,"
10931,Industrial/Commercial Sales & Service,00010001611002,Huntington Power, 34 E DUDLEY TOWN RD.,,BLOOMFIELD,CT ,06002,USA,,860-289-8790,"Sales,Service,Rental,"
10931,Industrial/Commercial Sales & Service,00010214161002,"R.L. Kistler, Inc", 5615 Business Ave.,,N. Syracuse,NY ,13208,USA,,315-458-2875,"Sales,"
10931,Industrial/Commercial Sales & Service,00010208021002,Modern Group Power Systems, 2501 Durham Road,,Bristol,PA ,19007,USA,www.moderngroup.com,800-404-7291,"Sales,Service,Up To 2MW,Mobile/Diesel/Gas,Training,Rental,"
10931,Industrial/Commercial Sales & Service,00010001731002,Authorized Services Of New England, 410 Forest Street,,Marlborough,MA ,01752,USA,www.asne.com,888-890-9886,"Financing,Sales,Service,Up To 2MW,Mobile/Diesel/Gas,Training,Rental,"
10931,Industrial/Commercial Sales & Service,00010008091002,MODERN HANDLING EQUIP, 75 NEW STREET,,EDISON,NJ ,08837,USA,www.moderngroup.com,800-779-5116,"Sales,Service,Up To 2MW,Mobile/Diesel/Gas,"
10931,Industrial/Commercial Sales & Service,00010208021002,Modern Group Power Systems, 6352 Chapmans Rd,,Allentown,PA ,18106,USA,,800-404-7291,"Sales,Service,Up To 2MW,Mobile/Diesel/Gas,"
10931,Industrial/Commercial Sales & Service,00010208021002,Modern Group Power Systems, 295 New Commerce Blvd.,,Wilkes Barre,PA ,18706,USA,,800-404-7291,"Sales,Service,Up To 2MW,Mobile/Diesel/Gas,"
10931,Industrial/Commercial Sales & Service,00010208021002,Modern Group Power Systems, 200 Allied Parkway,,West Berlin,NJ ,08091,USA,,800-404-7291,"Sales,Service,Up To 2MW,Mobile/Diesel/Gas,"
10931,Industrial/Commercial Sales & Service,00010000931002,"EMERGENCY POWER SYSTEMS, LLC", 35 HAMILTON LANE,,GLENMONT,NY ,12077,USA,,800-914-1465,"Service,Up To 2MW,Mobile/Diesel/Gas,"
10931,Industrial/Commercial Sales & Service,00010000931002,"EMERGENCY POWER SYSTEMS, LLC", 35 HAMILTON LANE,,GLENMONT,NY ,12077,USA,,800-914-1465,"Service,"
10931,Industrial/Commercial Sales & Service,00010208021002,Modern Group Power Systems, 66A South Gate Blvd.,,New Castle,DE ,19720,USA,,800-404-7291,"Sales,Service,Up To 2MW,Mobile/Diesel/Gas,"
10931,Industrial/Commercial Sales & Service,00010208021002,Modern Group Power Systems, 3480 Board Road,,York,PA ,17402,USA,,800-404-7291,"Sales,Service,Up To 2MW,Mobile/Diesel/Gas,"
10931,Industrial/Commercial Sales & Service,00010001731002,AUTHORIZED SERVICES OF NEW ENGLAND, 410 FOREST STREET,,MARLBOROUGH,MA ,01752,USA,,888-890-9886,"Sales,"
10931,Industrial/Commercial Sales & Service,00010134071002,PEAK POWER SYSTEMS, 99 SPRAGUE AVENUE,,MIDDLETOWN,NY ,10940,USA,www.peakpowersystems.com,845-344-1975,"Sales,Service,Up To 600kW,Mobile/Diesel/Gas,Rental,"
10931,Industrial/Commercial Sales & Service,00010001761002,"GENSERVE, INC.", 100 NEWTOWN RD,,PLAINVIEW,NY ,11803,USA,www.genserveinc.com,631-435-0437,"Service,"
10931,Industrial/Commercial Sales & Service,00111209521002,LONG ISLAND EMERGENCY POWER -QO, 2 Ocean Avenue,,DEER PARK,NY ,11729,USA,,631-586-7513,"Sales,"
10931,Industrial/Commercial Sales & Service,00111209531002,HUNTINGTON POWER - LONG ISLAND, PO BOX 2040,,SHELTON,CT ,06484,USA,,631-586-7513,"Sales,"
10931,Industrial/Commercial Sales & Service,00010139211002,POWERPRO SERVICE CO. INC., 608 JOHNSON AVE. UNIT 6,,BOHEMIA,NY ,11716,USA,,631-567-2700,"Sales,Service,Up To 600kW,Mobile/Diesel/Gas,"
10931,Industrial/Commercial Sales & Service,00010001761002,"GENSERVE, INC.", 115A TWINBRIDGE DR.,,PENNSAUKEN,NJ ,08110,USA,www.genserveinc.com,856-324-0459,"Service,"
10931,Industrial/Commercial Sales & Service,00111184131002,HUNTER & LOMISON, 1956 W FOURTH ST,,WILLIAMSPORT,PA ,17701,USA,www.hunterlomison.com,570-326-1764,"Sales,Service,Up To 600kW,Mobile/Diesel/Gas,Rental,"
10931,Industrial/Commercial Sales & Service,00010000881002,HUNTER & LOMISON INC., 1956 W. 4TH STREET,,WILLIAMSPORT,PA ,17701,USA,www.hunterlomison.com,570-326-1764,"Service,Up To 600kW,Mobile/Diesel/Gas,"
10931,Industrial/Commercial Sales & Service,00010001621002,BROOKFIELD SERVICE, 708 GLEBE ROAD,,WESTMORELAND,NH ,03467,USA,www.brookfieldservice.com,802-485-6567,"Service,Up To 600kW,Mobile/Diesel/Gas,"
10931,Industrial/Commercial Sales & Service,00010021101002,SOUTH SHORE GENERATOR INC-Quote, 2696A CRANBERRY HWY,,WAREHAM,MA ,02571,USA,,508-295-7336,"Sales,Service,Up To 600kW,Mobile/Diesel/Gas,"
10931,Industrial/Commercial Sales & Service,00010001701002,SOUTH SHORE GENERATOR INC, ,,EAST WAREHAM,MA ,02538,USA,,508-295-7336,"Financing,Sales,Service,Up To 600kW,Mobile/Diesel/Gas,"
10931,Industrial/Commercial Sales & Service,00111207431002,WARSHAUER ELECTRIC SUPPLY CO INC, 800 SHREWSBURY AVE,,TINTON FALLS,NJ ,07724,USA,www.warshauer.com,732-741-6400,"Service,"
10931,Industrial/Commercial Sales & Service,00010157021002,Mechanical Service Co, 1145 Oak St.,,Pittston,PA ,18640,USA,,570-654-2445,"Service,"
10932,Industrial/Commercial Sales & Service,00010001611002,Huntington Power, 230 Long Hill Cross Rd,,Shelton,CT ,06484,USA,www.huntingtonpower.com,203-929-3203,"Sales,Service,Up To 2MW,Mobile/Diesel/Gas,Training,Rental,"
10932,Industrial/Commercial Sales & Service,00010214161002,"R.L. Kistler, Inc", 300 Mile Crossing Blvd.,,Rochester,NY ,14624,USA,rlkistler.com,585-436-1940,"Sales,"
10932,Industrial/Commercial Sales & Service,00010214161002,"R.L. KISTLER, INC.", 35 HAMILTON LANE,,GLENMONT,NY ,12077,USA,,585-436-1940,"Sales,Service,"
10932,Industrial/Commercial Sales & Service,00010001611002,Huntington Power, 68 Enter Ln,,Islandia,NY ,11749,USA,,631-563-4943,"Sales,Service,Up To 2MW,Mobile/Diesel/Gas,"
10932,Industrial/Commercial Sales & Service,00010001611002,Huntington Power, 34 E DUDLEY TOWN RD.,,BLOOMFIELD,CT ,06002,USA,,860-289-8790,"Sales,Service,Rental,"
10932,Industrial/Commercial Sales & Service,00010214161002,"R.L. Kistler, Inc", 5615 Business Ave.,,N. Syracuse,NY ,13208,USA,,315-458-2875,"Sales,"
10932,Industrial/Commercial Sales & Service,00010214161002,"R.L. Kistler, Inc", 5615 Business Ave.,,N. Syracuse,NY ,13208,USA,,315-458-2875,"Sales,"
10932,Industrial/Commercial Sales & Service,00010208021002,Modern Group Power Systems, 2501 Durham Road,,Bristol,PA ,19007,USA,www.moderngroup.com,800-404-7291,"Sales,Service,Up To 2MW,Mobile/Diesel/Gas,Training,Rental,"
10932,Industrial/Commercial Sales & Service,00010001731002,Authorized Services Of New England, 410 Forest Street,,Marlborough,MA ,01752,USA,www.asne.com,888-890-9886,"Financing,Sales,Service,Up To 2MW,Mobile/Diesel/Gas,Training,Rental,"
10932,Industrial/Commercial Sales & Service,00010008091002,MODERN HANDLING EQUIP, 75 NEW STREET,,EDISON,NJ ,08837,USA,www.moderngroup.com,800-779-5116,"Sales,Service,Up To 2MW,Mobile/Diesel/Gas,"
10932,Industrial/Commercial Sales & Service,00010208021002,Modern Group Power Systems, 295 New Commerce Blvd.,,Wilkes Barre,PA ,18706,USA,,800-404-7291,"Sales,Service,Up To 2MW,Mobile/Diesel/Gas,"
10932,Industrial/Commercial Sales & Service,00010208021002,Modern Group Power Systems, 6352 Chapmans Rd,,Allentown,PA ,18106,USA,,800-404-7291,"Sales,Service,Up To 2MW,Mobile/Diesel/Gas,"
10932,Industrial/Commercial Sales & Service,00010000931002,"EMERGENCY POWER SYSTEMS, LLC", 35 HAMILTON LANE,,GLENMONT,NY ,12077,USA,,800-914-1465,"Service,Up To 2MW,Mobile/Diesel/Gas,"
10932,Industrial/Commercial Sales & Service,00010000931002,"EMERGENCY POWER SYSTEMS, LLC", 35 HAMILTON LANE,,GLENMONT,NY ,12077,USA,,800-914-1465,"Service,"
10932,Industrial/Commercial Sales & Service,00010208021002,Modern Group Power Systems, 200 Allied Parkway,,West Berlin,NJ ,08091,USA,,800-404-7291,"Sales,Service,Up To 2MW,Mobile/Diesel/Gas,"
10932,Industrial/Commercial Sales & Service,00010208021002,Modern Group Power Systems, 66A South Gate Blvd.,,New Castle,DE ,19720,USA,,800-404-7291,"Sales,Service,Up To 2MW,Mobile/Diesel/Gas,"
10932,Industrial/Commercial Sales & Service,00010208021002,Modern Group Power Systems, 3480 Board Road,,York,PA ,17402,USA,,800-404-7291,"Sales,Service,Up To 2MW,Mobile/Diesel/Gas,"
10932,Industrial/Commercial Sales & Service,00010001731002,AUTHORIZED SERVICES OF NEW ENGLAND, 410 FOREST STREET,,MARLBOROUGH,MA ,01752,USA,,888-890-9886,"Sales,"
10932,Industrial/Commercial Sales & Service,00010134071002,PEAK POWER SYSTEMS, 99 SPRAGUE AVENUE,,MIDDLETOWN,NY ,10940,USA,www.peakpowersystems.com,845-344-1975,"Sales,Service,Up To 600kW,Mobile/Diesel/Gas,Rental,"
10932,Industrial/Commercial Sales & Service,00111209531002,HUNTINGTON POWER - LONG ISLAND, PO BOX 2040,,SHELTON,CT ,06484,USA,,631-586-7513,"Sales,"
10932,Industrial/Commercial Sales & Service,00010001761002,"GENSERVE, INC.", 100 NEWTOWN RD,,PLAINVIEW,NY ,11803,USA,www.genserveinc.com,631-435-0437,"Service,"
10932,Industrial/Commercial Sales & Service,00111209521002,LONG ISLAND EMERGENCY POWER -QO, 2 Ocean Avenue,,DEER PARK,NY ,11729,USA,,631-586-7513,"Sales,"
10932,Industrial/Commercial Sales & Service,00010139211002,POWERPRO SERVICE CO. INC., 608 JOHNSON AVE. UNIT 6,,BOHEMIA,NY ,11716,USA,,631-567-2700,"Sales,Service,Up To 600kW,Mobile/Diesel/Gas,"
10932,Industrial/Commercial Sales & Service,00010001761002,"GENSERVE, INC.", 115A TWINBRIDGE DR.,,PENNSAUKEN,NJ ,08110,USA,www.genserveinc.com,856-324-0459,"Service,"
10932,Industrial/Commercial Sales & Service,00111184131002,HUNTER & LOMISON, 1956 W FOURTH ST,,WILLIAMSPORT,PA ,17701,USA,www.hunterlomison.com,570-326-1764,"Sales,Service,Up To 600kW,Mobile/Diesel/Gas,Rental,"
10932,Industrial/Commercial Sales & Service,00010000881002,HUNTER & LOMISON INC., 1956 W. 4TH STREET,,WILLIAMSPORT,PA ,17701,USA,www.hunterlomison.com,570-326-1764,"Service,Up To 600kW,Mobile/Diesel/Gas,"
10932,Industrial/Commercial Sales & Service,00010001621002,BROOKFIELD SERVICE, 708 GLEBE ROAD,,WESTMORELAND,NH ,03467,USA,www.brookfieldservice.com,802-485-6567,"Service,Up To 600kW,Mobile/Diesel/Gas,"
10932,Industrial/Commercial Sales & Service,00010021101002,SOUTH SHORE GENERATOR INC-Quote, 2696A CRANBERRY HWY,,WAREHAM,MA ,02571,USA,,508-295-7336,"Sales,Service,Up To 600kW,Mobile/Diesel/Gas,"
10932,Industrial/Commercial Sales & Service,00010001701002,SOUTH SHORE GENERATOR INC, ,,EAST WAREHAM,MA ,02538,USA,,508-295-7336,"Financing,Sales,Service,Up To 600kW,Mobile/Diesel/Gas,"
10932,Industrial/Commercial Sales & Service,00010157021002,Mechanical Service Co, 1145 Oak St.,,Pittston,PA ,18640,USA,,570-654-2445,"Service,"
10932,Industrial/Commercial Sales & Service,00111207431002,WARSHAUER ELECTRIC SUPPLY CO INC, 800 SHREWSBURY AVE,,TINTON FALLS,NJ ,07724,USA,www.warshauer.com,732-741-6400,"Service,"
10933,Industrial/Commercial Sales & Service,00010214161002,"R.L. KISTLER, INC.", 35 HAMILTON LANE,,GLENMONT,NY ,12077,USA,,585-436-1940,"Sales,Service,"
10933,Industrial/Commercial Sales & Service,00010214161002,"R.L. Kistler, Inc", 300 Mile Crossing Blvd.,,Rochester,NY ,14624,USA,rlkistler.com,585-436-1940,"Sales,"
10933,Industrial/Commercial Sales & Service,00010001611002,Huntington Power, 230 Long Hill Cross Rd,,Shelton,CT ,06484,USA,www.huntingtonpower.com,203-929-3203,"Sales,Service,Up To 2MW,Mobile/Diesel/Gas,Training,Rental,"
10933,Industrial/Commercial Sales & Service,00010214161002,"R.L. Kistler, Inc", 5615 Business Ave.,,N. Syracuse,NY ,13208,USA,,315-458-2875,"Sales,"
10933,Industrial/Commercial Sales & Service,00010214161002,"R.L. Kistler, Inc", 5615 Business Ave.,,N. Syracuse,NY ,13208,USA,,315-458-2875,"Sales,"
10933,Industrial/Commercial Sales & Service,00010001611002,Huntington Power, 68 Enter Ln,,Islandia,NY ,11749,USA,,631-563-4943,"Sales,Service,Up To 2MW,Mobile/Diesel/Gas,"
10933,Industrial/Commercial Sales & Service,00010001611002,Huntington Power, 34 E DUDLEY TOWN RD.,,BLOOMFIELD,CT ,06002,USA,,860-289-8790,"Sales,Service,Rental,"
10933,Industrial/Commercial Sales & Service,00010208021002,Modern Group Power Systems, 2501 Durham Road,,Bristol,PA ,19007,USA,www.moderngroup.com,800-404-7291,"Sales,Service,Up To 2MW,Mobile/Diesel/Gas,Training,Rental,"
10933,Industrial/Commercial Sales & Service,00010001731002,Authorized Services Of New England, 410 Forest Street,,Marlborough,MA ,01752,USA,www.asne.com,888-890-9886,"Financing,Sales,Service,Up To 2MW,Mobile/Diesel/Gas,Training,Rental,"
10933,Industrial/Commercial Sales & Service,00010008091002,MODERN HANDLING EQUIP, 75 NEW STREET,,EDISON,NJ ,08837,USA,www.moderngroup.com,800-779-5116,"Sales,Service,Up To 2MW,Mobile/Diesel/Gas,"
10933,Industrial/Commercial Sales & Service,00010208021002,Modern Group Power Systems, 295 New Commerce Blvd.,,Wilkes Barre,PA ,18706,USA,,800-404-7291,"Sales,Service,Up To 2MW,Mobile/Diesel/Gas,"
10933,Industrial/Commercial Sales & Service,00010208021002,Modern Group Power Systems, 6352 Chapmans Rd,,Allentown,PA ,18106,USA,,800-404-7291,"Sales,Service,Up To 2MW,Mobile/Diesel/Gas,"
10933,Industrial/Commercial Sales & Service,00010000931002,"EMERGENCY POWER SYSTEMS, LLC", 35 HAMILTON LANE,,GLENMONT,NY ,12077,USA,,800-914-1465,"Service,Up To 2MW,Mobile/Diesel/Gas,"
10933,Industrial/Commercial Sales & Service,00010000931002,"EMERGENCY POWER SYSTEMS, LLC", 35 HAMILTON LANE,,GLENMONT,NY ,12077,USA,,800-914-1465,"Service,"
10933,Industrial/Commercial Sales & Service,00010208021002,Modern Group Power Systems, 200 Allied Parkway,,West Berlin,NJ ,08091,USA,,800-404-7291,"Sales,Service,Up To 2MW,Mobile/Diesel/Gas,"
10933,Industrial/Commercial Sales & Service,00010208021002,Modern Group Power Systems, 66A South Gate Blvd.,,New Castle,DE ,19720,USA,,800-404-7291,"Sales,Service,Up To 2MW,Mobile/Diesel/Gas,"
10933,Industrial/Commercial Sales & Service,00010208021002,Modern Group Power Systems, 3480 Board Road,,York,PA ,17402,USA,,800-404-7291,"Sales,Service,Up To 2MW,Mobile/Diesel/Gas,"
10933,Industrial/Commercial Sales & Service,00010001731002,AUTHORIZED SERVICES OF NEW ENGLAND, 410 FOREST STREET,,MARLBOROUGH,MA ,01752,USA,,888-890-9886,"Sales,"
10933,Industrial/Commercial Sales & Service,00010134071002,PEAK POWER SYSTEMS, 99 SPRAGUE AVENUE,,MIDDLETOWN,NY ,10940,USA,www.peakpowersystems.com,845-344-1975,"Sales,Service,Up To 600kW,Mobile/Diesel/Gas,Rental,"
10933,Industrial/Commercial Sales & Service,00010001761002,"GENSERVE, INC.", 100 NEWTOWN RD,,PLAINVIEW,NY ,11803,USA,www.genserveinc.com,631-435-0437,"Service,"
10933,Industrial/Commercial Sales & Service,00111209531002,HUNTINGTON POWER - LONG ISLAND, PO BOX 2040,,SHELTON,CT ,06484,USA,,631-586-7513,"Sales,"
10933,Industrial/Commercial Sales & Service,00111209521002,LONG ISLAND EMERGENCY POWER -QO, 2 Ocean Avenue,,DEER PARK,NY ,11729,USA,,631-586-7513,"Sales,"
10933,Industrial/Commercial Sales & Service,00010139211002,POWERPRO SERVICE CO. INC., 608 JOHNSON AVE. UNIT 6,,BOHEMIA,NY ,11716,USA,,631-567-2700,"Sales,Service,Up To 600kW,Mobile/Diesel/Gas,"
10933,Industrial/Commercial Sales & Service,00010001761002,"GENSERVE, INC.", 115A TWINBRIDGE DR.,,PENNSAUKEN,NJ ,08110,USA,www.genserveinc.com,856-324-0459,"Service,"
10933,Industrial/Commercial Sales & Service,00111184131002,HUNTER & LOMISON, 1956 W FOURTH ST,,WILLIAMSPORT,PA ,17701,USA,www.hunterlomison.com,570-326-1764,"Sales,Service,Up To 600kW,Mobile/Diesel/Gas,Rental,"
10933,Industrial/Commercial Sales & Service,00010000881002,HUNTER & LOMISON INC., 1956 W. 4TH STREET,,WILLIAMSPORT,PA ,17701,USA,www.hunterlomison.com,570-326-1764,"Service,Up To 600kW,Mobile/Diesel/Gas,"
10933,Industrial/Commercial Sales & Service,00010001621002,BROOKFIELD SERVICE, 708 GLEBE ROAD,,WESTMORELAND,NH ,03467,USA,www.brookfieldservice.com,802-485-6567,"Service,Up To 600kW,Mobile/Diesel/Gas,"
10933,Industrial/Commercial Sales & Service,00010021101002,SOUTH SHORE GENERATOR INC-Quote, 2696A CRANBERRY HWY,,WAREHAM,MA ,02571,USA,,508-295-7336,"Sales,Service,Up To 600kW,Mobile/Diesel/Gas,"
10933,Industrial/Commercial Sales & Service,00010157021002,Mechanical Service Co, 1145 Oak St.,,Pittston,PA ,18640,USA,,570-654-2445,"Service,"
10933,Industrial/Commercial Sales & Service,00111207431002,WARSHAUER ELECTRIC SUPPLY CO INC, 800 SHREWSBURY AVE,,TINTON FALLS,NJ ,07724,USA,www.warshauer.com,732-741-6400,"Service,"
10940,Industrial/Commercial Sales & Service,00010001611002,Huntington Power, 230 Long Hill Cross Rd,,Shelton,CT ,06484,USA,www.huntingtonpower.com,203-929-3203,"Sales,Service,Up To 2MW,Mobile/Diesel/Gas,Training,Rental,"
10940,Industrial/Commercial Sales & Service,00010214161002,"R.L. Kistler, Inc", 300 Mile Crossing Blvd.,,Rochester,NY ,14624,USA,rlkistler.com,585-436-1940,"Sales,"
10940,Industrial/Commercial Sales & Service,00010214161002,"R.L. KISTLER, INC.", 35 HAMILTON LANE,,GLENMONT,NY ,12077,USA,,585-436-1940,"Sales,Service,"
10940,Industrial/Commercial Sales & Service,00010001611002,Huntington Power, 68 Enter Ln,,Islandia,NY ,11749,USA,,631-563-4943,"Sales,Service,Up To 2MW,Mobile/Diesel/Gas,"
10940,Industrial/Commercial Sales & Service,00010001611002,Huntington Power, 34 E DUDLEY TOWN RD.,,BLOOMFIELD,CT ,06002,USA,,860-289-8790,"Sales,Service,Rental,"
10940,Industrial/Commercial Sales & Service,00010214161002,"R.L. Kistler, Inc", 5615 Business Ave.,,N. Syracuse,NY ,13208,USA,,315-458-2875,"Sales,"
10940,Industrial/Commercial Sales & Service,00010214161002,"R.L. Kistler, Inc", 5615 Business Ave.,,N. Syracuse,NY ,13208,USA,,315-458-2875,"Sales,"
10940,Industrial/Commercial Sales & Service,00010208021002,Modern Group Power Systems, 2501 Durham Road,,Bristol,PA ,19007,USA,www.moderngroup.com,800-404-7291,"Sales,Service,Up To 2MW,Mobile/Diesel/Gas,Training,Rental,"
10940,Industrial/Commercial Sales & Service,00010001731002,Authorized Services Of New England, 410 Forest Street,,Marlborough,MA ,01752,USA,www.asne.com,888-890-9886,"Financing,Sales,Service,Up To 2MW,Mobile/Diesel/Gas,Training,Rental,"
10940,Industrial/Commercial Sales & Service,00010008091002,MODERN HANDLING EQUIP, 75 NEW STREET,,EDISON,NJ ,08837,USA,www.moderngroup.com,800-779-5116,"Sales,Service,Up To 2MW,Mobile/Diesel/Gas,"
10940,Industrial/Commercial Sales & Service,00010208021002,Modern Group Power Systems, 295 New Commerce Blvd.,,Wilkes Barre,PA ,18706,USA,,800-404-7291,"Sales,Service,Up To 2MW,Mobile/Diesel/Gas,"
10940,Industrial/Commercial Sales & Service,00010000931002,"EMERGENCY POWER SYSTEMS, LLC", 35 HAMILTON LANE,,GLENMONT,NY ,12077,USA,,800-914-1465,"Service,Up To 2MW,Mobile/Diesel/Gas,"
10940,Industrial/Commercial Sales & Service,00010000931002,"EMERGENCY POWER SYSTEMS, LLC", 35 HAMILTON LANE,,GLENMONT,NY ,12077,USA,,800-914-1465,"Service,"
10940,Industrial/Commercial Sales & Service,00010208021002,Modern Group Power Systems, 6352 Chapmans Rd,,Allentown,PA ,18106,USA,,800-404-7291,"Sales,Service,Up To 2MW,Mobile/Diesel/Gas,"
10940,Industrial/Commercial Sales & Service,00010208021002,Modern Group Power Systems, 200 Allied Parkway,,West Berlin,NJ ,08091,USA,,800-404-7291,"Sales,Service,Up To 2MW,Mobile/Diesel/Gas,"
10940,Industrial/Commercial Sales & Service,00010208021002,Modern Group Power Systems, 66A South Gate Blvd.,,New Castle,DE ,19720,USA,,800-404-7291,"Sales,Service,Up To 2MW,Mobile/Diesel/Gas,"
10940,Industrial/Commercial Sales & Service,00010208021002,Modern Group Power Systems, 3480 Board Road,,York,PA ,17402,USA,,800-404-7291,"Sales,Service,Up To 2MW,Mobile/Diesel/Gas,"
10940,Industrial/Commercial Sales & Service,00010001731002,AUTHORIZED SERVICES OF NEW ENGLAND, 410 FOREST STREET,,MARLBOROUGH,MA ,01752,USA,,888-890-9886,"Sales,"
10940,Industrial/Commercial Sales & Service,00010134071002,PEAK POWER SYSTEMS, 99 SPRAGUE AVENUE,,MIDDLETOWN,NY ,10940,USA,www.peakpowersystems.com,845-344-1975,"Sales,Service,Up To 600kW,Mobile/Diesel/Gas,Rental,"
10940,Industrial/Commercial Sales & Service,00111209531002,HUNTINGTON POWER - LONG ISLAND, PO BOX 2040,,SHELTON,CT ,06484,USA,,631-586-7513,"Sales,"
10940,Industrial/Commercial Sales & Service,00010001761002,"GENSERVE, INC.", 100 NEWTOWN RD,,PLAINVIEW,NY ,11803,USA,www.genserveinc.com,631-435-0437,"Service,"
10940,Industrial/Commercial Sales & Service,00111209521002,LONG ISLAND EMERGENCY POWER -QO, 2 Ocean Avenue,,DEER PARK,NY ,11729,USA,,631-586-7513,"Sales,"
10940,Industrial/Commercial Sales & Service,00010139211002,POWERPRO SERVICE CO. INC., 608 JOHNSON AVE. UNIT 6,,BOHEMIA,NY ,11716,USA,,631-567-2700,"Sales,Service,Up To 600kW,Mobile/Diesel/Gas,"
10940,Industrial/Commercial Sales & Service,00010001761002,"GENSERVE, INC.", 115A TWINBRIDGE DR.,,PENNSAUKEN,NJ ,08110,USA,www.genserveinc.com,856-324-0459,"Service,"
10940,Industrial/Commercial Sales & Service,00111184131002,HUNTER & LOMISON, 1956 W FOURTH ST,,WILLIAMSPORT,PA ,17701,USA,www.hunterlomison.com,570-326-1764,"Sales,Service,Up To 600kW,Mobile/Diesel/Gas,Rental,"
10940,Industrial/Commercial Sales & Service,00010000881002,HUNTER & LOMISON INC., 1956 W. 4TH STREET,,WILLIAMSPORT,PA ,17701,USA,www.hunterlomison.com,570-326-1764,"Service,Up To 600kW,Mobile/Diesel/Gas,"
10940,Industrial/Commercial Sales & Service,00010001621002,BROOKFIELD SERVICE, 708 GLEBE ROAD,,WESTMORELAND,NH ,03467,USA,www.brookfieldservice.com,802-485-6567,"Service,Up To 600kW,Mobile/Diesel/Gas,"
10940,Industrial/Commercial Sales & Service,00010021101002,SOUTH SHORE GENERATOR INC-Quote, 2696A CRANBERRY HWY,,WAREHAM,MA ,02571,USA,,508-295-7336,"Sales,Service,Up To 600kW,Mobile/Diesel/Gas,"
10940,Industrial/Commercial Sales & Service,00010001701002,SOUTH SHORE GENERATOR INC, ,,EAST WAREHAM,MA ,02538,USA,,508-295-7336,"Financing,Sales,Service,Up To 600kW,Mobile/Diesel/Gas,"
10940,Industrial/Commercial Sales & Service,00010157021002,Mechanical Service Co, 1145 Oak St.,,Pittston,PA ,18640,USA,,570-654-2445,"Service,"
10940,Industrial/Commercial Sales & Service,00111207431002,WARSHAUER ELECTRIC SUPPLY CO INC, 800 SHREWSBURY AVE,,TINTON FALLS,NJ ,07724,USA,www.warshauer.com,732-741-6400,"Service,"
10941,Industrial/Commercial Sales & Service,00010214161002,"R.L. KISTLER, INC.", 35 HAMILTON LANE,,GLENMONT,NY ,12077,USA,,585-436-1940,"Sales,Service,"
10941,Industrial/Commercial Sales & Service,00010214161002,"R.L. Kistler, Inc", 300 Mile Crossing Blvd.,,Rochester,NY ,14624,USA,rlkistler.com,585-436-1940,"Sales,"
10941,Industrial/Commercial Sales & Service,00010001611002,Huntington Power, 230 Long Hill Cross Rd,,Shelton,CT ,06484,USA,www.huntingtonpower.com,203-929-3203,"Sales,Service,Up To 2MW,Mobile/Diesel/Gas,Training,Rental,"
10941,Industrial/Commercial Sales & Service,00010214161002,"R.L. Kistler, Inc", 5615 Business Ave.,,N. Syracuse,NY ,13208,USA,,315-458-2875,"Sales,"
10941,Industrial/Commercial Sales & Service,00010214161002,"R.L. Kistler, Inc", 5615 Business Ave.,,N. Syracuse,NY ,13208,USA,,315-458-2875,"Sales,"
10941,Industrial/Commercial Sales & Service,00010001611002,Huntington Power, 68 Enter Ln,,Islandia,NY ,11749,USA,,631-563-4943,"Sales,Service,Up To 2MW,Mobile/Diesel/Gas,"
10941,Industrial/Commercial Sales & Service,00010001611002,Huntington Power, 34 E DUDLEY TOWN RD.,,BLOOMFIELD,CT ,06002,USA,,860-289-8790,"Sales,Service,Rental,"
10941,Industrial/Commercial Sales & Service,00010208021002,Modern Group Power Systems, 2501 Durham Road,,Bristol,PA ,19007,USA,www.moderngroup.com,800-404-7291,"Sales,Service,Up To 2MW,Mobile/Diesel/Gas,Training,Rental,"
10941,Industrial/Commercial Sales & Service,00010001731002,Authorized Services Of New England, 410 Forest Street,,Marlborough,MA ,01752,USA,www.asne.com,888-890-9886,"Financing,Sales,Service,Up To 2MW,Mobile/Diesel/Gas,Training,Rental,"
10941,Industrial/Commercial Sales & Service,00010008091002,MODERN HANDLING EQUIP, 75 NEW STREET,,EDISON,NJ ,08837,USA,www.moderngroup.com,800-779-5116,"Sales,Service,Up To 2MW,Mobile/Diesel/Gas,"
10941,Industrial/Commercial Sales & Service,00010000931002,"EMERGENCY POWER SYSTEMS, LLC", 35 HAMILTON LANE,,GLENMONT,NY ,12077,USA,,800-914-1465,"Service,Up To 2MW,Mobile/Diesel/Gas,"
10941,Industrial/Commercial Sales & Service,00010000931002,"EMERGENCY POWER SYSTEMS, LLC", 35 HAMILTON LANE,,GLENMONT,NY ,12077,USA,,800-914-1465,"Service,"
10941,Industrial/Commercial Sales & Service,00010208021002,Modern Group Power Systems, 295 New Commerce Blvd.,,Wilkes Barre,PA ,18706,USA,,800-404-7291,"Sales,Service,Up To 2MW,Mobile/Diesel/Gas,"
10941,Industrial/Commercial Sales & Service,00010208021002,Modern Group Power Systems, 6352 Chapmans Rd,,Allentown,PA ,18106,USA,,800-404-7291,"Sales,Service,Up To 2MW,Mobile/Diesel/Gas,"
10941,Industrial/Commercial Sales & Service,00010208021002,Modern Group Power Systems, 200 Allied Parkway,,West Berlin,NJ ,08091,USA,,800-404-7291,"Sales,Service,Up To 2MW,Mobile/Diesel/Gas,"
10941,Industrial/Commercial Sales & Service,00010208021002,Modern Group Power Systems, 66A South Gate Blvd.,,New Castle,DE ,19720,USA,,800-404-7291,"Sales,Service,Up To 2MW,Mobile/Diesel/Gas,"
10941,Industrial/Commercial Sales & Service,00010001731002,AUTHORIZED SERVICES OF NEW ENGLAND, 410 FOREST STREET,,MARLBOROUGH,MA ,01752,USA,,888-890-9886,"Sales,"
10941,Industrial/Commercial Sales & Service,00010208021002,Modern Group Power Systems, 3480 Board Road,,York,PA ,17402,USA,,800-404-7291,"Sales,Service,Up To 2MW,Mobile/Diesel/Gas,"
10941,Industrial/Commercial Sales & Service,00010134071002,PEAK POWER SYSTEMS, 99 SPRAGUE AVENUE,,MIDDLETOWN,NY ,10940,USA,www.peakpowersystems.com,845-344-1975,"Sales,Service,Up To 600kW,Mobile/Diesel/Gas,Rental,"
10941,Industrial/Commercial Sales & Service,00111209531002,HUNTINGTON POWER - LONG ISLAND, PO BOX 2040,,SHELTON,CT ,06484,USA,,631-586-7513,"Sales,"
10941,Industrial/Commercial Sales & Service,00010001761002,"GENSERVE, INC.", 100 NEWTOWN RD,,PLAINVIEW,NY ,11803,USA,www.genserveinc.com,631-435-0437,"Service,"
10941,Industrial/Commercial Sales & Service,00111209521002,LONG ISLAND EMERGENCY POWER -QO, 2 Ocean Avenue,,DEER PARK,NY ,11729,USA,,631-586-7513,"Sales,"
10941,Industrial/Commercial Sales & Service,00010139211002,POWERPRO SERVICE CO. INC., 608 JOHNSON AVE. UNIT 6,,BOHEMIA,NY ,11716,USA,,631-567-2700,"Sales,Service,Up To 600kW,Mobile/Diesel/Gas,"
10941,Industrial/Commercial Sales & Service,00010001761002,"GENSERVE, INC.", 115A TWINBRIDGE DR.,,PENNSAUKEN,NJ ,08110,USA,www.genserveinc.com,856-324-0459,"Service,"
10941,Industrial/Commercial Sales & Service,00111184131002,HUNTER & LOMISON, 1956 W FOURTH ST,,WILLIAMSPORT,PA ,17701,USA,www.hunterlomison.com,570-326-1764,"Sales,Service,Up To 600kW,Mobile/Diesel/Gas,Rental,"
10941,Industrial/Commercial Sales & Service,00010000881002,HUNTER & LOMISON INC., 1956 W. 4TH STREET,,WILLIAMSPORT,PA ,17701,USA,www.hunterlomison.com,570-326-1764,"Service,Up To 600kW,Mobile/Diesel/Gas,"
10941,Industrial/Commercial Sales & Service,00010001621002,BROOKFIELD SERVICE, 708 GLEBE ROAD,,WESTMORELAND,NH ,03467,USA,www.brookfieldservice.com,802-485-6567,"Service,Up To 600kW,Mobile/Diesel/Gas,"
10941,Industrial/Commercial Sales & Service,00010021101002,SOUTH SHORE GENERATOR INC-Quote, 2696A CRANBERRY HWY,,WAREHAM,MA ,02571,USA,,508-295-7336,"Sales,Service,Up To 600kW,Mobile/Diesel/Gas,"
10941,Industrial/Commercial Sales & Service,00010001701002,SOUTH SHORE GENERATOR INC, ,,EAST WAREHAM,MA ,02538,USA,,508-295-7336,"Financing,Sales,Service,Up To 600kW,Mobile/Diesel/Gas,"
10941,Industrial/Commercial Sales & Service,00010157021002,Mechanical Service Co, 1145 Oak St.,,Pittston,PA ,18640,USA,,570-654-2445,"Service,"
10941,Industrial/Commercial Sales & Service,00111207431002,WARSHAUER ELECTRIC SUPPLY CO INC, 800 SHREWSBURY AVE,,TINTON FALLS,NJ ,07724,USA,www.warshauer.com,732-741-6400,"Service,"
10949,Industrial/Commercial Sales & Service,00010214161002,"R.L. Kistler, Inc", 300 Mile Crossing Blvd.,,Rochester,NY ,14624,USA,rlkistler.com,585-436-1940,"Sales,"
10949,Industrial/Commercial Sales & Service,00010001611002,Huntington Power, 230 Long Hill Cross Rd,,Shelton,CT ,06484,USA,www.huntingtonpower.com,203-929-3203,"Sales,Service,Up To 2MW,Mobile/Diesel/Gas,Training,Rental,"
10949,Industrial/Commercial Sales & Service,00010214161002,"R.L. KISTLER, INC.", 35 HAMILTON LANE,,GLENMONT,NY ,12077,USA,,585-436-1940,"Sales,Service,"
10949,Industrial/Commercial Sales & Service,00010214161002,"R.L. Kistler, Inc", 5615 Business Ave.,,N. Syracuse,NY ,13208,USA,,315-458-2875,"Sales,"
10949,Industrial/Commercial Sales & Service,00010001611002,Huntington Power, 68 Enter Ln,,Islandia,NY ,11749,USA,,631-563-4943,"Sales,Service,Up To 2MW,Mobile/Diesel/Gas,"
10949,Industrial/Commercial Sales & Service,00010001611002,Huntington Power, 34 E DUDLEY TOWN RD.,,BLOOMFIELD,CT ,06002,USA,,860-289-8790,"Sales,Service,Rental,"
10949,Industrial/Commercial Sales & Service,00010214161002,"R.L. Kistler, Inc", 5615 Business Ave.,,N. Syracuse,NY ,13208,USA,,315-458-2875,"Sales,"
10949,Industrial/Commercial Sales & Service,00010208021002,Modern Group Power Systems, 2501 Durham Road,,Bristol,PA ,19007,USA,www.moderngroup.com,800-404-7291,"Sales,Service,Up To 2MW,Mobile/Diesel/Gas,Training,Rental,"
10949,Industrial/Commercial Sales & Service,00010001731002,Authorized Services Of New England, 410 Forest Street,,Marlborough,MA ,01752,USA,www.asne.com,888-890-9886,"Financing,Sales,Service,Up To 2MW,Mobile/Diesel/Gas,Training,Rental,"
10949,Industrial/Commercial Sales & Service,00010008091002,MODERN HANDLING EQUIP, 75 NEW STREET,,EDISON,NJ ,08837,USA,www.moderngroup.com,800-779-5116,"Sales,Service,Up To 2MW,Mobile/Diesel/Gas,"
10949,Industrial/Commercial Sales & Service,00010208021002,Modern Group Power Systems, 6352 Chapmans Rd,,Allentown,PA ,18106,USA,,800-404-7291,"Sales,Service,Up To 2MW,Mobile/Diesel/Gas,"
10949,Industrial/Commercial Sales & Service,00010000931002,"EMERGENCY POWER SYSTEMS, LLC", 35 HAMILTON LANE,,GLENMONT,NY ,12077,USA,,800-914-1465,"Service,Up To 2MW,Mobile/Diesel/Gas,"
10949,Industrial/Commercial Sales & Service,00010000931002,"EMERGENCY POWER SYSTEMS, LLC", 35 HAMILTON LANE,,GLENMONT,NY ,12077,USA,,800-914-1465,"Service,"
10949,Industrial/Commercial Sales & Service,00010208021002,Modern Group Power Systems, 295 New Commerce Blvd.,,Wilkes Barre,PA ,18706,USA,,800-404-7291,"Sales,Service,Up To 2MW,Mobile/Diesel/Gas,"
10949,Industrial/Commercial Sales & Service,00010208021002,Modern Group Power Systems, 200 Allied Parkway,,West Berlin,NJ ,08091,USA,,800-404-7291,"Sales,Service,Up To 2MW,Mobile/Diesel/Gas,"
10949,Industrial/Commercial Sales & Service,00010208021002,Modern Group Power Systems, 66A South Gate Blvd.,,New Castle,DE ,19720,USA,,800-404-7291,"Sales,Service,Up To 2MW,Mobile/Diesel/Gas,"
10949,Industrial/Commercial Sales & Service,00010001731002,AUTHORIZED SERVICES OF NEW ENGLAND, 410 FOREST STREET,,MARLBOROUGH,MA ,01752,USA,,888-890-9886,"Sales,"
10949,Industrial/Commercial Sales & Service,00010208021002,Modern Group Power Systems, 3480 Board Road,,York,PA ,17402,USA,,800-404-7291,"Sales,Service,Up To 2MW,Mobile/Diesel/Gas,"
10949,Industrial/Commercial Sales & Service,00010134071002,PEAK POWER SYSTEMS, 99 SPRAGUE AVENUE,,MIDDLETOWN,NY ,10940,USA,www.peakpowersystems.com,845-344-1975,"Sales,Service,Up To 600kW,Mobile/Diesel/Gas,Rental,"
10949,Industrial/Commercial Sales & Service,00010001761002,"GENSERVE, INC.", 100 NEWTOWN RD,,PLAINVIEW,NY ,11803,USA,www.genserveinc.com,631-435-0437,"Service,"
10949,Industrial/Commercial Sales & Service,00111209531002,HUNTINGTON POWER - LONG ISLAND, PO BOX 2040,,SHELTON,CT ,06484,USA,,631-586-7513,"Sales,"
10949,Industrial/Commercial Sales & Service,00111209521002,LONG ISLAND EMERGENCY POWER -QO, 2 Ocean Avenue,,DEER PARK,NY ,11729,USA,,631-586-7513,"Sales,"
10949,Industrial/Commercial Sales & Service,00010139211002,POWERPRO SERVICE CO. INC., 608 JOHNSON AVE. UNIT 6,,BOHEMIA,NY ,11716,USA,,631-567-2700,"Sales,Service,Up To 600kW,Mobile/Diesel/Gas,"
10949,Industrial/Commercial Sales & Service,00010001761002,"GENSERVE, INC.", 115A TWINBRIDGE DR.,,PENNSAUKEN,NJ ,08110,USA,www.genserveinc.com,856-324-0459,"Service,"
10949,Industrial/Commercial Sales & Service,00010001621002,BROOKFIELD SERVICE, 708 GLEBE ROAD,,WESTMORELAND,NH ,03467,USA,www.brookfieldservice.com,802-485-6567,"Service,Up To 600kW,Mobile/Diesel/Gas,"
10949,Industrial/Commercial Sales & Service,00111184131002,HUNTER & LOMISON, 1956 W FOURTH ST,,WILLIAMSPORT,PA ,17701,USA,www.hunterlomison.com,570-326-1764,"Sales,Service,Up To 600kW,Mobile/Diesel/Gas,Rental,"
10949,Industrial/Commercial Sales & Service,00010000881002,HUNTER & LOMISON INC., 1956 W. 4TH STREET,,WILLIAMSPORT,PA ,17701,USA,www.hunterlomison.com,570-326-1764,"Service,Up To 600kW,Mobile/Diesel/Gas,"
10949,Industrial/Commercial Sales & Service,00010021101002,SOUTH SHORE GENERATOR INC-Quote, 2696A CRANBERRY HWY,,WAREHAM,MA ,02571,USA,,508-295-7336,"Sales,Service,Up To 600kW,Mobile/Diesel/Gas,"
10949,Industrial/Commercial Sales & Service,00010001701002,SOUTH SHORE GENERATOR INC, ,,EAST WAREHAM,MA ,02538,USA,,508-295-7336,"Financing,Sales,Service,Up To 600kW,Mobile/Diesel/Gas,"
10949,Industrial/Commercial Sales & Service,00111207431002,WARSHAUER ELECTRIC SUPPLY CO INC, 800 SHREWSBURY AVE,,TINTON FALLS,NJ ,07724,USA,www.warshauer.com,732-741-6400,"Service,"
10949,Industrial/Commercial Sales & Service,00010157021002,Mechanical Service Co, 1145 Oak St.,,Pittston,PA ,18640,USA,,570-654-2445,"Service,"
10950,Industrial/Commercial Sales & Service,00010001611002,Huntington Power, 230 Long Hill Cross Rd,,Shelton,CT ,06484,USA,www.huntingtonpower.com,203-929-3203,"Sales,Service,Up To 2MW,Mobile/Diesel/Gas,Training,Rental,"
10950,Industrial/Commercial Sales & Service,00010214161002,"R.L. KISTLER, INC.", 35 HAMILTON LANE,,GLENMONT,NY ,12077,USA,,585-436-1940,"Sales,Service,"
10950,Industrial/Commercial Sales & Service,00010214161002,"R.L. Kistler, Inc", 300 Mile Crossing Blvd.,,Rochester,NY ,14624,USA,rlkistler.com,585-436-1940,"Sales,"
10950,Industrial/Commercial Sales & Service,00010001611002,Huntington Power, 68 Enter Ln,,Islandia,NY ,11749,USA,,631-563-4943,"Sales,Service,Up To 2MW,Mobile/Diesel/Gas,"
10950,Industrial/Commercial Sales & Service,00010001611002,Huntington Power, 34 E DUDLEY TOWN RD.,,BLOOMFIELD,CT ,06002,USA,,860-289-8790,"Sales,Service,Rental,"
10950,Industrial/Commercial Sales & Service,00010214161002,"R.L. Kistler, Inc", 5615 Business Ave.,,N. Syracuse,NY ,13208,USA,,315-458-2875,"Sales,"
10950,Industrial/Commercial Sales & Service,00010214161002,"R.L. Kistler, Inc", 5615 Business Ave.,,N. Syracuse,NY ,13208,USA,,315-458-2875,"Sales,"
10950,Industrial/Commercial Sales & Service,00010208021002,Modern Group Power Systems, 2501 Durham Road,,Bristol,PA ,19007,USA,www.moderngroup.com,800-404-7291,"Sales,Service,Up To 2MW,Mobile/Diesel/Gas,Training,Rental,"
10950,Industrial/Commercial Sales & Service,00010001731002,Authorized Services Of New England, 410 Forest Street,,Marlborough,MA ,01752,USA,www.asne.com,888-890-9886,"Financing,Sales,Service,Up To 2MW,Mobile/Diesel/Gas,Training,Rental,"
10950,Industrial/Commercial Sales & Service,00010008091002,MODERN HANDLING EQUIP, 75 NEW STREET,,EDISON,NJ ,08837,USA,www.moderngroup.com,800-779-5116,"Sales,Service,Up To 2MW,Mobile/Diesel/Gas,"
10950,Industrial/Commercial Sales & Service,00010208021002,Modern Group Power Systems, 6352 Chapmans Rd,,Allentown,PA ,18106,USA,,800-404-7291,"Sales,Service,Up To 2MW,Mobile/Diesel/Gas,"
10950,Industrial/Commercial Sales & Service,00010208021002,Modern Group Power Systems, 295 New Commerce Blvd.,,Wilkes Barre,PA ,18706,USA,,800-404-7291,"Sales,Service,Up To 2MW,Mobile/Diesel/Gas,"
10950,Industrial/Commercial Sales & Service,00010000931002,"EMERGENCY POWER SYSTEMS, LLC", 35 HAMILTON LANE,,GLENMONT,NY ,12077,USA,,800-914-1465,"Service,Up To 2MW,Mobile/Diesel/Gas,"
10950,Industrial/Commercial Sales & Service,00010000931002,"EMERGENCY POWER SYSTEMS, LLC", 35 HAMILTON LANE,,GLENMONT,NY ,12077,USA,,800-914-1465,"Service,"
10950,Industrial/Commercial Sales & Service,00010208021002,Modern Group Power Systems, 200 Allied Parkway,,West Berlin,NJ ,08091,USA,,800-404-7291,"Sales,Service,Up To 2MW,Mobile/Diesel/Gas,"
10950,Industrial/Commercial Sales & Service,00010208021002,Modern Group Power Systems, 66A South Gate Blvd.,,New Castle,DE ,19720,USA,,800-404-7291,"Sales,Service,Up To 2MW,Mobile/Diesel/Gas,"
10950,Industrial/Commercial Sales & Service,00010001731002,AUTHORIZED SERVICES OF NEW ENGLAND, 410 FOREST STREET,,MARLBOROUGH,MA ,01752,USA,,888-890-9886,"Sales,"
10950,Industrial/Commercial Sales & Service,00010208021002,Modern Group Power Systems, 3480 Board Road,,York,PA ,17402,USA,,800-404-7291,"Sales,Service,Up To 2MW,Mobile/Diesel/Gas,"
10950,Industrial/Commercial Sales & Service,00010134071002,PEAK POWER SYSTEMS, 99 SPRAGUE AVENUE,,MIDDLETOWN,NY ,10940,USA,www.peakpowersystems.com,845-344-1975,"Sales,Service,Up To 600kW,Mobile/Diesel/Gas,Rental,"
10950,Industrial/Commercial Sales & Service,00010001761002,"GENSERVE, INC.", 100 NEWTOWN RD,,PLAINVIEW,NY ,11803,USA,www.genserveinc.com,631-435-0437,"Service,"
10950,Industrial/Commercial Sales & Service,00111209531002,HUNTINGTON POWER - LONG ISLAND, PO BOX 2040,,SHELTON,CT ,06484,USA,,631-586-7513,"Sales,"
10950,Industrial/Commercial Sales & Service,00111209521002,LONG ISLAND EMERGENCY POWER -QO, 2 Ocean Avenue,,DEER PARK,NY ,11729,USA,,631-586-7513,"Sales,"
10950,Industrial/Commercial Sales & Service,00010139211002,POWERPRO SERVICE CO. INC., 608 JOHNSON AVE. UNIT 6,,BOHEMIA,NY ,11716,USA,,631-567-2700,"Sales,Service,Up To 600kW,Mobile/Diesel/Gas,"
10950,Industrial/Commercial Sales & Service,00010001761002,"GENSERVE, INC.", 115A TWINBRIDGE DR.,,PENNSAUKEN,NJ ,08110,USA,www.genserveinc.com,856-324-0459,"Service,"
10950,Industrial/Commercial Sales & Service,00010001621002,BROOKFIELD SERVICE, 708 GLEBE ROAD,,WESTMORELAND,NH ,03467,USA,www.brookfieldservice.com,802-485-6567,"Service,Up To 600kW,Mobile/Diesel/Gas,"
10950,Industrial/Commercial Sales & Service,00111184131002,HUNTER & LOMISON, 1956 W FOURTH ST,,WILLIAMSPORT,PA ,17701,USA,www.hunterlomison.com,570-326-1764,"Sales,Service,Up To 600kW,Mobile/Diesel/Gas,Rental,"
10950,Industrial/Commercial Sales & Service,00010000881002,HUNTER & LOMISON INC., 1956 W. 4TH STREET,,WILLIAMSPORT,PA ,17701,USA,www.hunterlomison.com,570-326-1764,"Service,Up To 600kW,Mobile/Diesel/Gas,"
10950,Industrial/Commercial Sales & Service,00010021101002,SOUTH SHORE GENERATOR INC-Quote, 2696A CRANBERRY HWY,,WAREHAM,MA ,02571,USA,,508-295-7336,"Sales,Service,Up To 600kW,Mobile/Diesel/Gas,"
10950,Industrial/Commercial Sales & Service,00010001701002,SOUTH SHORE GENERATOR INC, ,,EAST WAREHAM,MA ,02538,USA,,508-295-7336,"Financing,Sales,Service,Up To 600kW,Mobile/Diesel/Gas,"
10950,Industrial/Commercial Sales & Service,00111207431002,WARSHAUER ELECTRIC SUPPLY CO INC, 800 SHREWSBURY AVE,,TINTON FALLS,NJ ,07724,USA,www.warshauer.com,732-741-6400,"Service,"
10950,Industrial/Commercial Sales & Service,00010157021002,Mechanical Service Co, 1145 Oak St.,,Pittston,PA ,18640,USA,,570-654-2445,"Service,"
10952,Industrial/Commercial Sales & Service,00010001611002,Huntington Power, 230 Long Hill Cross Rd,,Shelton,CT ,06484,USA,www.huntingtonpower.com,203-929-3203,"Sales,Service,Up To 2MW,Mobile/Diesel/Gas,Training,Rental,"
10952,Industrial/Commercial Sales & Service,00010214161002,"R.L. Kistler, Inc", 300 Mile Crossing Blvd.,,Rochester,NY ,14624,USA,rlkistler.com,585-436-1940,"Sales,"
10952,Industrial/Commercial Sales & Service,00010214161002,"R.L. KISTLER, INC.", 35 HAMILTON LANE,,GLENMONT,NY ,12077,USA,,585-436-1940,"Sales,Service,"
10952,Industrial/Commercial Sales & Service,00010001611002,Huntington Power, 68 Enter Ln,,Islandia,NY ,11749,USA,,631-563-4943,"Sales,Service,Up To 2MW,Mobile/Diesel/Gas,"
10952,Industrial/Commercial Sales & Service,00010001611002,Huntington Power, 34 E DUDLEY TOWN RD.,,BLOOMFIELD,CT ,06002,USA,,860-289-8790,"Sales,Service,Rental,"
10952,Industrial/Commercial Sales & Service,00010214161002,"R.L. Kistler, Inc", 5615 Business Ave.,,N. Syracuse,NY ,13208,USA,,315-458-2875,"Sales,"
10952,Industrial/Commercial Sales & Service,00010214161002,"R.L. Kistler, Inc", 5615 Business Ave.,,N. Syracuse,NY ,13208,USA,,315-458-2875,"Sales,"
10952,Industrial/Commercial Sales & Service,00010208021002,Modern Group Power Systems, 2501 Durham Road,,Bristol,PA ,19007,USA,www.moderngroup.com,800-404-7291,"Sales,Service,Up To 2MW,Mobile/Diesel/Gas,Training,Rental,"
10952,Industrial/Commercial Sales & Service,00010001731002,Authorized Services Of New England, 410 Forest Street,,Marlborough,MA ,01752,USA,www.asne.com,888-890-9886,"Financing,Sales,Service,Up To 2MW,Mobile/Diesel/Gas,Training,Rental,"
10952,Industrial/Commercial Sales & Service,00010008091002,MODERN HANDLING EQUIP, 75 NEW STREET,,EDISON,NJ ,08837,USA,www.moderngroup.com,800-779-5116,"Sales,Service,Up To 2MW,Mobile/Diesel/Gas,"
10952,Industrial/Commercial Sales & Service,00010208021002,Modern Group Power Systems, 6352 Chapmans Rd,,Allentown,PA ,18106,USA,,800-404-7291,"Sales,Service,Up To 2MW,Mobile/Diesel/Gas,"
10952,Industrial/Commercial Sales & Service,00010208021002,Modern Group Power Systems, 295 New Commerce Blvd.,,Wilkes Barre,PA ,18706,USA,,800-404-7291,"Sales,Service,Up To 2MW,Mobile/Diesel/Gas,"
10952,Industrial/Commercial Sales & Service,00010208021002,Modern Group Power Systems, 200 Allied Parkway,,West Berlin,NJ ,08091,USA,,800-404-7291,"Sales,Service,Up To 2MW,Mobile/Diesel/Gas,"
10952,Industrial/Commercial Sales & Service,00010000931002,"EMERGENCY POWER SYSTEMS, LLC", 35 HAMILTON LANE,,GLENMONT,NY ,12077,USA,,800-914-1465,"Service,Up To 2MW,Mobile/Diesel/Gas,"
10952,Industrial/Commercial Sales & Service,00010000931002,"EMERGENCY POWER SYSTEMS, LLC", 35 HAMILTON LANE,,GLENMONT,NY ,12077,USA,,800-914-1465,"Service,"
10952,Industrial/Commercial Sales & Service,00010208021002,Modern Group Power Systems, 66A South Gate Blvd.,,New Castle,DE ,19720,USA,,800-404-7291,"Sales,Service,Up To 2MW,Mobile/Diesel/Gas,"
10952,Industrial/Commercial Sales & Service,00010001731002,AUTHORIZED SERVICES OF NEW ENGLAND, 410 FOREST STREET,,MARLBOROUGH,MA ,01752,USA,,888-890-9886,"Sales,"
10952,Industrial/Commercial Sales & Service,00010208021002,Modern Group Power Systems, 3480 Board Road,,York,PA ,17402,USA,,800-404-7291,"Sales,Service,Up To 2MW,Mobile/Diesel/Gas,"
10952,Industrial/Commercial Sales & Service,00010134071002,PEAK POWER SYSTEMS, 99 SPRAGUE AVENUE,,MIDDLETOWN,NY ,10940,USA,www.peakpowersystems.com,845-344-1975,"Sales,Service,Up To 600kW,Mobile/Diesel/Gas,Rental,"
10952,Industrial/Commercial Sales & Service,00010001761002,"GENSERVE, INC.", 100 NEWTOWN RD,,PLAINVIEW,NY ,11803,USA,www.genserveinc.com,631-435-0437,"Service,"
10952,Industrial/Commercial Sales & Service,00111209521002,LONG ISLAND EMERGENCY POWER -QO, 2 Ocean Avenue,,DEER PARK,NY ,11729,USA,,631-586-7513,"Sales,"
10952,Industrial/Commercial Sales & Service,00111209531002,HUNTINGTON POWER - LONG ISLAND, PO BOX 2040,,SHELTON,CT ,06484,USA,,631-586-7513,"Sales,"
10952,Industrial/Commercial Sales & Service,00010139211002,POWERPRO SERVICE CO. INC., 608 JOHNSON AVE. UNIT 6,,BOHEMIA,NY ,11716,USA,,631-567-2700,"Sales,Service,Up To 600kW,Mobile/Diesel/Gas,"
10952,Industrial/Commercial Sales & Service,00010001761002,"GENSERVE, INC.", 115A TWINBRIDGE DR.,,PENNSAUKEN,NJ ,08110,USA,www.genserveinc.com,856-324-0459,"Service,"
10952,Industrial/Commercial Sales & Service,00010001621002,BROOKFIELD SERVICE, 708 GLEBE ROAD,,WESTMORELAND,NH ,03467,USA,www.brookfieldservice.com,802-485-6567,"Service,Up To 600kW,Mobile/Diesel/Gas,"
10952,Industrial/Commercial Sales & Service,00111184131002,HUNTER & LOMISON, 1956 W FOURTH ST,,WILLIAMSPORT,PA ,17701,USA,www.hunterlomison.com,570-326-1764,"Sales,Service,Up To 600kW,Mobile/Diesel/Gas,Rental,"
10952,Industrial/Commercial Sales & Service,00010000881002,HUNTER & LOMISON INC., 1956 W. 4TH STREET,,WILLIAMSPORT,PA ,17701,USA,www.hunterlomison.com,570-326-1764,"Service,Up To 600kW,Mobile/Diesel/Gas,"
10952,Industrial/Commercial Sales & Service,00010021101002,SOUTH SHORE GENERATOR INC-Quote, 2696A CRANBERRY HWY,,WAREHAM,MA ,02571,USA,,508-295-7336,"Sales,Service,Up To 600kW,Mobile/Diesel/Gas,"
10952,Industrial/Commercial Sales & Service,00010001701002,SOUTH SHORE GENERATOR INC, ,,EAST WAREHAM,MA ,02538,USA,,508-295-7336,"Financing,Sales,Service,Up To 600kW,Mobile/Diesel/Gas,"
10952,Industrial/Commercial Sales & Service,00111207431002,WARSHAUER ELECTRIC SUPPLY CO INC, 800 SHREWSBURY AVE,,TINTON FALLS,NJ ,07724,USA,www.warshauer.com,732-741-6400,"Service,"
10952,Industrial/Commercial Sales & Service,00010157021002,Mechanical Service Co, 1145 Oak St.,,Pittston,PA ,18640,USA,,570-654-2445,"Service,"
10953,Industrial/Commercial Sales & Service,00010214161002,"R.L. KISTLER, INC.", 35 HAMILTON LANE,,GLENMONT,NY ,12077,USA,,585-436-1940,"Sales,Service,"
10953,Industrial/Commercial Sales & Service,00010001611002,Huntington Power, 230 Long Hill Cross Rd,,Shelton,CT ,06484,USA,www.huntingtonpower.com,203-929-3203,"Sales,Service,Up To 2MW,Mobile/Diesel/Gas,Training,Rental,"
10953,Industrial/Commercial Sales & Service,00010214161002,"R.L. Kistler, Inc", 300 Mile Crossing Blvd.,,Rochester,NY ,14624,USA,rlkistler.com,585-436-1940,"Sales,"
10953,Industrial/Commercial Sales & Service,00010214161002,"R.L. Kistler, Inc", 5615 Business Ave.,,N. Syracuse,NY ,13208,USA,,315-458-2875,"Sales,"
10953,Industrial/Commercial Sales & Service,00010001611002,Huntington Power, 68 Enter Ln,,Islandia,NY ,11749,USA,,631-563-4943,"Sales,Service,Up To 2MW,Mobile/Diesel/Gas,"
10953,Industrial/Commercial Sales & Service,00010001611002,Huntington Power, 34 E DUDLEY TOWN RD.,,BLOOMFIELD,CT ,06002,USA,,860-289-8790,"Sales,Service,Rental,"
10953,Industrial/Commercial Sales & Service,00010214161002,"R.L. Kistler, Inc", 5615 Business Ave.,,N. Syracuse,NY ,13208,USA,,315-458-2875,"Sales,"
10953,Industrial/Commercial Sales & Service,00010208021002,Modern Group Power Systems, 2501 Durham Road,,Bristol,PA ,19007,USA,www.moderngroup.com,800-404-7291,"Sales,Service,Up To 2MW,Mobile/Diesel/Gas,Training,Rental,"
10953,Industrial/Commercial Sales & Service,00010001731002,Authorized Services Of New England, 410 Forest Street,,Marlborough,MA ,01752,USA,www.asne.com,888-890-9886,"Financing,Sales,Service,Up To 2MW,Mobile/Diesel/Gas,Training,Rental,"
10953,Industrial/Commercial Sales & Service,00010008091002,MODERN HANDLING EQUIP, 75 NEW STREET,,EDISON,NJ ,08837,USA,www.moderngroup.com,800-779-5116,"Sales,Service,Up To 2MW,Mobile/Diesel/Gas,"
10953,Industrial/Commercial Sales & Service,00010000931002,"EMERGENCY POWER SYSTEMS, LLC", 35 HAMILTON LANE,,GLENMONT,NY ,12077,USA,,800-914-1465,"Service,Up To 2MW,Mobile/Diesel/Gas,"
10953,Industrial/Commercial Sales & Service,00010000931002,"EMERGENCY POWER SYSTEMS, LLC", 35 HAMILTON LANE,,GLENMONT,NY ,12077,USA,,800-914-1465,"Service,"
10953,Industrial/Commercial Sales & Service,00010208021002,Modern Group Power Systems, 6352 Chapmans Rd,,Allentown,PA ,18106,USA,,800-404-7291,"Sales,Service,Up To 2MW,Mobile/Diesel/Gas,"
10953,Industrial/Commercial Sales & Service,00010208021002,Modern Group Power Systems, 295 New Commerce Blvd.,,Wilkes Barre,PA ,18706,USA,,800-404-7291,"Sales,Service,Up To 2MW,Mobile/Diesel/Gas,"
10953,Industrial/Commercial Sales & Service,00010208021002,Modern Group Power Systems, 200 Allied Parkway,,West Berlin,NJ ,08091,USA,,800-404-7291,"Sales,Service,Up To 2MW,Mobile/Diesel/Gas,"
10953,Industrial/Commercial Sales & Service,00010208021002,Modern Group Power Systems, 66A South Gate Blvd.,,New Castle,DE ,19720,USA,,800-404-7291,"Sales,Service,Up To 2MW,Mobile/Diesel/Gas,"
10953,Industrial/Commercial Sales & Service,00010001731002,AUTHORIZED SERVICES OF NEW ENGLAND, 410 FOREST STREET,,MARLBOROUGH,MA ,01752,USA,,888-890-9886,"Sales,"
10953,Industrial/Commercial Sales & Service,00010208021002,Modern Group Power Systems, 3480 Board Road,,York,PA ,17402,USA,,800-404-7291,"Sales,Service,Up To 2MW,Mobile/Diesel/Gas,"
10953,Industrial/Commercial Sales & Service,00010134071002,PEAK POWER SYSTEMS, 99 SPRAGUE AVENUE,,MIDDLETOWN,NY ,10940,USA,www.peakpowersystems.com,845-344-1975,"Sales,Service,Up To 600kW,Mobile/Diesel/Gas,Rental,"
10953,Industrial/Commercial Sales & Service,00111209531002,HUNTINGTON POWER - LONG ISLAND, PO BOX 2040,,SHELTON,CT ,06484,USA,,631-586-7513,"Sales,"
10953,Industrial/Commercial Sales & Service,00010001761002,"GENSERVE, INC.", 100 NEWTOWN RD,,PLAINVIEW,NY ,11803,USA,www.genserveinc.com,631-435-0437,"Service,"
10953,Industrial/Commercial Sales & Service,00111209521002,LONG ISLAND EMERGENCY POWER -QO, 2 Ocean Avenue,,DEER PARK,NY ,11729,USA,,631-586-7513,"Sales,"
10953,Industrial/Commercial Sales & Service,00010139211002,POWERPRO SERVICE CO. INC., 608 JOHNSON AVE. UNIT 6,,BOHEMIA,NY ,11716,USA,,631-567-2700,"Sales,Service,Up To 600kW,Mobile/Diesel/Gas,"
10953,Industrial/Commercial Sales & Service,00010001761002,"GENSERVE, INC.", 115A TWINBRIDGE DR.,,PENNSAUKEN,NJ ,08110,USA,www.genserveinc.com,856-324-0459,"Service,"
10953,Industrial/Commercial Sales & Service,00010001621002,BROOKFIELD SERVICE, 708 GLEBE ROAD,,WESTMORELAND,NH ,03467,USA,www.brookfieldservice.com,802-485-6567,"Service,Up To 600kW,Mobile/Diesel/Gas,"
10953,Industrial/Commercial Sales & Service,00111184131002,HUNTER & LOMISON, 1956 W FOURTH ST,,WILLIAMSPORT,PA ,17701,USA,www.hunterlomison.com,570-326-1764,"Sales,Service,Up To 600kW,Mobile/Diesel/Gas,Rental,"
10953,Industrial/Commercial Sales & Service,00010000881002,HUNTER & LOMISON INC., 1956 W. 4TH STREET,,WILLIAMSPORT,PA ,17701,USA,www.hunterlomison.com,570-326-1764,"Service,Up To 600kW,Mobile/Diesel/Gas,"
10953,Industrial/Commercial Sales & Service,00010021101002,SOUTH SHORE GENERATOR INC-Quote, 2696A CRANBERRY HWY,,WAREHAM,MA ,02571,USA,,508-295-7336,"Sales,Service,Up To 600kW,Mobile/Diesel/Gas,"
10953,Industrial/Commercial Sales & Service,00010001701002,SOUTH SHORE GENERATOR INC, ,,EAST WAREHAM,MA ,02538,USA,,508-295-7336,"Financing,Sales,Service,Up To 600kW,Mobile/Diesel/Gas,"
10953,Industrial/Commercial Sales & Service,00111207431002,WARSHAUER ELECTRIC SUPPLY CO INC, 800 SHREWSBURY AVE,,TINTON FALLS,NJ ,07724,USA,www.warshauer.com,732-741-6400,"Service,"
10953,Industrial/Commercial Sales & Service,00010157021002,Mechanical Service Co, 1145 Oak St.,,Pittston,PA ,18640,USA,,570-654-2445,"Service,"
10954,Industrial/Commercial Sales & Service,00010214161002,"R.L. Kistler, Inc", 300 Mile Crossing Blvd.,,Rochester,NY ,14624,USA,rlkistler.com,585-436-1940,"Sales,"
10954,Industrial/Commercial Sales & Service,00010001611002,Huntington Power, 230 Long Hill Cross Rd,,Shelton,CT ,06484,USA,www.huntingtonpower.com,203-929-3203,"Sales,Service,Up To 2MW,Mobile/Diesel/Gas,Training,Rental,"
10954,Industrial/Commercial Sales & Service,00010214161002,"R.L. KISTLER, INC.", 35 HAMILTON LANE,,GLENMONT,NY ,12077,USA,,585-436-1940,"Sales,Service,"
10954,Industrial/Commercial Sales & Service,00010214161002,"R.L. Kistler, Inc", 5615 Business Ave.,,N. Syracuse,NY ,13208,USA,,315-458-2875,"Sales,"
10954,Industrial/Commercial Sales & Service,00010001611002,Huntington Power, 68 Enter Ln,,Islandia,NY ,11749,USA,,631-563-4943,"Sales,Service,Up To 2MW,Mobile/Diesel/Gas,"
10954,Industrial/Commercial Sales & Service,00010001611002,Huntington Power, 34 E DUDLEY TOWN RD.,,BLOOMFIELD,CT ,06002,USA,,860-289-8790,"Sales,Service,Rental,"
10954,Industrial/Commercial Sales & Service,00010214161002,"R.L. Kistler, Inc", 5615 Business Ave.,,N. Syracuse,NY ,13208,USA,,315-458-2875,"Sales,"
10954,Industrial/Commercial Sales & Service,00010208021002,Modern Group Power Systems, 2501 Durham Road,,Bristol,PA ,19007,USA,www.moderngroup.com,800-404-7291,"Sales,Service,Up To 2MW,Mobile/Diesel/Gas,Training,Rental,"
10954,Industrial/Commercial Sales & Service,00010001731002,Authorized Services Of New England, 410 Forest Street,,Marlborough,MA ,01752,USA,www.asne.com,888-890-9886,"Financing,Sales,Service,Up To 2MW,Mobile/Diesel/Gas,Training,Rental,"
10954,Industrial/Commercial Sales & Service,00010008091002,MODERN HANDLING EQUIP, 75 NEW STREET,,EDISON,NJ ,08837,USA,www.moderngroup.com,800-779-5116,"Sales,Service,Up To 2MW,Mobile/Diesel/Gas,"
10954,Industrial/Commercial Sales & Service,00010208021002,Modern Group Power Systems, 6352 Chapmans Rd,,Allentown,PA ,18106,USA,,800-404-7291,"Sales,Service,Up To 2MW,Mobile/Diesel/Gas,"
10954,Industrial/Commercial Sales & Service,00010208021002,Modern Group Power Systems, 295 New Commerce Blvd.,,Wilkes Barre,PA ,18706,USA,,800-404-7291,"Sales,Service,Up To 2MW,Mobile/Diesel/Gas,"
10954,Industrial/Commercial Sales & Service,00010208021002,Modern Group Power Systems, 200 Allied Parkway,,West Berlin,NJ ,08091,USA,,800-404-7291,"Sales,Service,Up To 2MW,Mobile/Diesel/Gas,"
10954,Industrial/Commercial Sales & Service,00010000931002,"EMERGENCY POWER SYSTEMS, LLC", 35 HAMILTON LANE,,GLENMONT,NY ,12077,USA,,800-914-1465,"Service,Up To 2MW,Mobile/Diesel/Gas,"
10954,Industrial/Commercial Sales & Service,00010000931002,"EMERGENCY POWER SYSTEMS, LLC", 35 HAMILTON LANE,,GLENMONT,NY ,12077,USA,,800-914-1465,"Service,"
10954,Industrial/Commercial Sales & Service,00010208021002,Modern Group Power Systems, 66A South Gate Blvd.,,New Castle,DE ,19720,USA,,800-404-7291,"Sales,Service,Up To 2MW,Mobile/Diesel/Gas,"
10954,Industrial/Commercial Sales & Service,00010001731002,AUTHORIZED SERVICES OF NEW ENGLAND, 410 FOREST STREET,,MARLBOROUGH,MA ,01752,USA,,888-890-9886,"Sales,"
10954,Industrial/Commercial Sales & Service,00010208021002,Modern Group Power Systems, 3480 Board Road,,York,PA ,17402,USA,,800-404-7291,"Sales,Service,Up To 2MW,Mobile/Diesel/Gas,"
10954,Industrial/Commercial Sales & Service,00010134071002,PEAK POWER SYSTEMS, 99 SPRAGUE AVENUE,,MIDDLETOWN,NY ,10940,USA,www.peakpowersystems.com,845-344-1975,"Sales,Service,Up To 600kW,Mobile/Diesel/Gas,Rental,"
10954,Industrial/Commercial Sales & Service,00010001761002,"GENSERVE, INC.", 100 NEWTOWN RD,,PLAINVIEW,NY ,11803,USA,www.genserveinc.com,631-435-0437,"Service,"
10954,Industrial/Commercial Sales & Service,00111209521002,LONG ISLAND EMERGENCY POWER -QO, 2 Ocean Avenue,,DEER PARK,NY ,11729,USA,,631-586-7513,"Sales,"
10954,Industrial/Commercial Sales & Service,00111209531002,HUNTINGTON POWER - LONG ISLAND, PO BOX 2040,,SHELTON,CT ,06484,USA,,631-586-7513,"Sales,"
10954,Industrial/Commercial Sales & Service,00010139211002,POWERPRO SERVICE CO. INC., 608 JOHNSON AVE. UNIT 6,,BOHEMIA,NY ,11716,USA,,631-567-2700,"Sales,Service,Up To 600kW,Mobile/Diesel/Gas,"
10954,Industrial/Commercial Sales & Service,00010001761002,"GENSERVE, INC.", 115A TWINBRIDGE DR.,,PENNSAUKEN,NJ ,08110,USA,www.genserveinc.com,856-324-0459,"Service,"
10954,Industrial/Commercial Sales & Service,00010001621002,BROOKFIELD SERVICE, 708 GLEBE ROAD,,WESTMORELAND,NH ,03467,USA,www.brookfieldservice.com,802-485-6567,"Service,Up To 600kW,Mobile/Diesel/Gas,"
10954,Industrial/Commercial Sales & Service,00111184131002,HUNTER & LOMISON, 1956 W FOURTH ST,,WILLIAMSPORT,PA ,17701,USA,www.hunterlomison.com,570-326-1764,"Sales,Service,Up To 600kW,Mobile/Diesel/Gas,Rental,"
10954,Industrial/Commercial Sales & Service,00010000881002,HUNTER & LOMISON INC., 1956 W. 4TH STREET,,WILLIAMSPORT,PA ,17701,USA,www.hunterlomison.com,570-326-1764,"Service,Up To 600kW,Mobile/Diesel/Gas,"
10954,Industrial/Commercial Sales & Service,00010021101002,SOUTH SHORE GENERATOR INC-Quote, 2696A CRANBERRY HWY,,WAREHAM,MA ,02571,USA,,508-295-7336,"Sales,Service,Up To 600kW,Mobile/Diesel/Gas,"
10954,Industrial/Commercial Sales & Service,00010001701002,SOUTH SHORE GENERATOR INC, ,,EAST WAREHAM,MA ,02538,USA,,508-295-7336,"Financing,Sales,Service,Up To 600kW,Mobile/Diesel/Gas,"
10954,Industrial/Commercial Sales & Service,00111207431002,WARSHAUER ELECTRIC SUPPLY CO INC, 800 SHREWSBURY AVE,,TINTON FALLS,NJ ,07724,USA,www.warshauer.com,732-741-6400,"Service,"
10954,Industrial/Commercial Sales & Service,00010157021002,Mechanical Service Co, 1145 Oak St.,,Pittston,PA ,18640,USA,,570-654-2445,"Service,"
10956,Industrial/Commercial Sales & Service,00010214161002,"R.L. KISTLER, INC.", 35 HAMILTON LANE,,GLENMONT,NY ,12077,USA,,585-436-1940,"Sales,Service,"
10956,Industrial/Commercial Sales & Service,00010001611002,Huntington Power, 230 Long Hill Cross Rd,,Shelton,CT ,06484,USA,www.huntingtonpower.com,203-929-3203,"Sales,Service,Up To 2MW,Mobile/Diesel/Gas,Training,Rental,"
10956,Industrial/Commercial Sales & Service,00010214161002,"R.L. Kistler, Inc", 300 Mile Crossing Blvd.,,Rochester,NY ,14624,USA,rlkistler.com,585-436-1940,"Sales,"
10956,Industrial/Commercial Sales & Service,00010214161002,"R.L. Kistler, Inc", 5615 Business Ave.,,N. Syracuse,NY ,13208,USA,,315-458-2875,"Sales,"
10956,Industrial/Commercial Sales & Service,00010001611002,Huntington Power, 68 Enter Ln,,Islandia,NY ,11749,USA,,631-563-4943,"Sales,Service,Up To 2MW,Mobile/Diesel/Gas,"
10956,Industrial/Commercial Sales & Service,00010001611002,Huntington Power, 34 E DUDLEY TOWN RD.,,BLOOMFIELD,CT ,06002,USA,,860-289-8790,"Sales,Service,Rental,"
10956,Industrial/Commercial Sales & Service,00010214161002,"R.L. Kistler, Inc", 5615 Business Ave.,,N. Syracuse,NY ,13208,USA,,315-458-2875,"Sales,"
10956,Industrial/Commercial Sales & Service,00010208021002,Modern Group Power Systems, 2501 Durham Road,,Bristol,PA ,19007,USA,www.moderngroup.com,800-404-7291,"Sales,Service,Up To 2MW,Mobile/Diesel/Gas,Training,Rental,"
10956,Industrial/Commercial Sales & Service,00010001731002,Authorized Services Of New England, 410 Forest Street,,Marlborough,MA ,01752,USA,www.asne.com,888-890-9886,"Financing,Sales,Service,Up To 2MW,Mobile/Diesel/Gas,Training,Rental,"
10956,Industrial/Commercial Sales & Service,00010008091002,MODERN HANDLING EQUIP, 75 NEW STREET,,EDISON,NJ ,08837,USA,www.moderngroup.com,800-779-5116,"Sales,Service,Up To 2MW,Mobile/Diesel/Gas,"
10956,Industrial/Commercial Sales & Service,00010208021002,Modern Group Power Systems, 6352 Chapmans Rd,,Allentown,PA ,18106,USA,,800-404-7291,"Sales,Service,Up To 2MW,Mobile/Diesel/Gas,"
10956,Industrial/Commercial Sales & Service,00010000931002,"EMERGENCY POWER SYSTEMS, LLC", 35 HAMILTON LANE,,GLENMONT,NY ,12077,USA,,800-914-1465,"Service,Up To 2MW,Mobile/Diesel/Gas,"
10956,Industrial/Commercial Sales & Service,00010000931002,"EMERGENCY POWER SYSTEMS, LLC", 35 HAMILTON LANE,,GLENMONT,NY ,12077,USA,,800-914-1465,"Service,"
10956,Industrial/Commercial Sales & Service,00010208021002,Modern Group Power Systems, 295 New Commerce Blvd.,,Wilkes Barre,PA ,18706,USA,,800-404-7291,"Sales,Service,Up To 2MW,Mobile/Diesel/Gas,"
10956,Industrial/Commercial Sales & Service,00010208021002,Modern Group Power Systems, 200 Allied Parkway,,West Berlin,NJ ,08091,USA,,800-404-7291,"Sales,Service,Up To 2MW,Mobile/Diesel/Gas,"
10956,Industrial/Commercial Sales & Service,00010208021002,Modern Group Power Systems, 66A South Gate Blvd.,,New Castle,DE ,19720,USA,,800-404-7291,"Sales,Service,Up To 2MW,Mobile/Diesel/Gas,"
10956,Industrial/Commercial Sales & Service,00010001731002,AUTHORIZED SERVICES OF NEW ENGLAND, 410 FOREST STREET,,MARLBOROUGH,MA ,01752,USA,,888-890-9886,"Sales,"
10956,Industrial/Commercial Sales & Service,00010208021002,Modern Group Power Systems, 3480 Board Road,,York,PA ,17402,USA,,800-404-7291,"Sales,Service,Up To 2MW,Mobile/Diesel/Gas,"
10956,Industrial/Commercial Sales & Service,00010134071002,PEAK POWER SYSTEMS, 99 SPRAGUE AVENUE,,MIDDLETOWN,NY ,10940,USA,www.peakpowersystems.com,845-344-1975,"Sales,Service,Up To 600kW,Mobile/Diesel/Gas,Rental,"
10956,Industrial/Commercial Sales & Service,00010001761002,"GENSERVE, INC.", 100 NEWTOWN RD,,PLAINVIEW,NY ,11803,USA,www.genserveinc.com,631-435-0437,"Service,"
10956,Industrial/Commercial Sales & Service,00111209521002,LONG ISLAND EMERGENCY POWER -QO, 2 Ocean Avenue,,DEER PARK,NY ,11729,USA,,631-586-7513,"Sales,"
10956,Industrial/Commercial Sales & Service,00111209531002,HUNTINGTON POWER - LONG ISLAND, PO BOX 2040,,SHELTON,CT ,06484,USA,,631-586-7513,"Sales,"
10956,Industrial/Commercial Sales & Service,00010139211002,POWERPRO SERVICE CO. INC., 608 JOHNSON AVE. UNIT 6,,BOHEMIA,NY ,11716,USA,,631-567-2700,"Sales,Service,Up To 600kW,Mobile/Diesel/Gas,"
10956,Industrial/Commercial Sales & Service,00010001761002,"GENSERVE, INC.", 115A TWINBRIDGE DR.,,PENNSAUKEN,NJ ,08110,USA,www.genserveinc.com,856-324-0459,"Service,"
10956,Industrial/Commercial Sales & Service,00010001621002,BROOKFIELD SERVICE, 708 GLEBE ROAD,,WESTMORELAND,NH ,03467,USA,www.brookfieldservice.com,802-485-6567,"Service,Up To 600kW,Mobile/Diesel/Gas,"
10956,Industrial/Commercial Sales & Service,00111184131002,HUNTER & LOMISON, 1956 W FOURTH ST,,WILLIAMSPORT,PA ,17701,USA,www.hunterlomison.com,570-326-1764,"Sales,Service,Up To 600kW,Mobile/Diesel/Gas,Rental,"
10956,Industrial/Commercial Sales & Service,00010000881002,HUNTER & LOMISON INC., 1956 W. 4TH STREET,,WILLIAMSPORT,PA ,17701,USA,www.hunterlomison.com,570-326-1764,"Service,Up To 600kW,Mobile/Diesel/Gas,"
10956,Industrial/Commercial Sales & Service,00010021101002,SOUTH SHORE GENERATOR INC-Quote, 2696A CRANBERRY HWY,,WAREHAM,MA ,02571,USA,,508-295-7336,"Sales,Service,Up To 600kW,Mobile/Diesel/Gas,"
10956,Industrial/Commercial Sales & Service,00010001701002,SOUTH SHORE GENERATOR INC, ,,EAST WAREHAM,MA ,02538,USA,,508-295-7336,"Financing,Sales,Service,Up To 600kW,Mobile/Diesel/Gas,"
10956,Industrial/Commercial Sales & Service,00111207431002,WARSHAUER ELECTRIC SUPPLY CO INC, 800 SHREWSBURY AVE,,TINTON FALLS,NJ ,07724,USA,www.warshauer.com,732-741-6400,"Service,"
10956,Industrial/Commercial Sales & Service,00010157021002,Mechanical Service Co, 1145 Oak St.,,Pittston,PA ,18640,USA,,570-654-2445,"Service,"
10958,Industrial/Commercial Sales & Service,00010001611002,Huntington Power, 230 Long Hill Cross Rd,,Shelton,CT ,06484,USA,www.huntingtonpower.com,203-929-3203,"Sales,Service,Up To 2MW,Mobile/Diesel/Gas,Training,Rental,"
10958,Industrial/Commercial Sales & Service,00010214161002,"R.L. Kistler, Inc", 300 Mile Crossing Blvd.,,Rochester,NY ,14624,USA,rlkistler.com,585-436-1940,"Sales,"
10958,Industrial/Commercial Sales & Service,00010214161002,"R.L. KISTLER, INC.", 35 HAMILTON LANE,,GLENMONT,NY ,12077,USA,,585-436-1940,"Sales,Service,"
10958,Industrial/Commercial Sales & Service,00010001611002,Huntington Power, 68 Enter Ln,,Islandia,NY ,11749,USA,,631-563-4943,"Sales,Service,Up To 2MW,Mobile/Diesel/Gas,"
10958,Industrial/Commercial Sales & Service,00010001611002,Huntington Power, 34 E DUDLEY TOWN RD.,,BLOOMFIELD,CT ,06002,USA,,860-289-8790,"Sales,Service,Rental,"
10958,Industrial/Commercial Sales & Service,00010214161002,"R.L. Kistler, Inc", 5615 Business Ave.,,N. Syracuse,NY ,13208,USA,,315-458-2875,"Sales,"
10958,Industrial/Commercial Sales & Service,00010214161002,"R.L. Kistler, Inc", 5615 Business Ave.,,N. Syracuse,NY ,13208,USA,,315-458-2875,"Sales,"
10958,Industrial/Commercial Sales & Service,00010208021002,Modern Group Power Systems, 2501 Durham Road,,Bristol,PA ,19007,USA,www.moderngroup.com,800-404-7291,"Sales,Service,Up To 2MW,Mobile/Diesel/Gas,Training,Rental,"
10958,Industrial/Commercial Sales & Service,00010001731002,Authorized Services Of New England, 410 Forest Street,,Marlborough,MA ,01752,USA,www.asne.com,888-890-9886,"Financing,Sales,Service,Up To 2MW,Mobile/Diesel/Gas,Training,Rental,"
10958,Industrial/Commercial Sales & Service,00010008091002,MODERN HANDLING EQUIP, 75 NEW STREET,,EDISON,NJ ,08837,USA,www.moderngroup.com,800-779-5116,"Sales,Service,Up To 2MW,Mobile/Diesel/Gas,"
10958,Industrial/Commercial Sales & Service,00010208021002,Modern Group Power Systems, 295 New Commerce Blvd.,,Wilkes Barre,PA ,18706,USA,,800-404-7291,"Sales,Service,Up To 2MW,Mobile/Diesel/Gas,"
10958,Industrial/Commercial Sales & Service,00010208021002,Modern Group Power Systems, 6352 Chapmans Rd,,Allentown,PA ,18106,USA,,800-404-7291,"Sales,Service,Up To 2MW,Mobile/Diesel/Gas,"
10958,Industrial/Commercial Sales & Service,00010000931002,"EMERGENCY POWER SYSTEMS, LLC", 35 HAMILTON LANE,,GLENMONT,NY ,12077,USA,,800-914-1465,"Service,Up To 2MW,Mobile/Diesel/Gas,"
10958,Industrial/Commercial Sales & Service,00010000931002,"EMERGENCY POWER SYSTEMS, LLC", 35 HAMILTON LANE,,GLENMONT,NY ,12077,USA,,800-914-1465,"Service,"
10958,Industrial/Commercial Sales & Service,00010208021002,Modern Group Power Systems, 200 Allied Parkway,,West Berlin,NJ ,08091,USA,,800-404-7291,"Sales,Service,Up To 2MW,Mobile/Diesel/Gas,"
10958,Industrial/Commercial Sales & Service,00010208021002,Modern Group Power Systems, 66A South Gate Blvd.,,New Castle,DE ,19720,USA,,800-404-7291,"Sales,Service,Up To 2MW,Mobile/Diesel/Gas,"
10958,Industrial/Commercial Sales & Service,00010208021002,Modern Group Power Systems, 3480 Board Road,,York,PA ,17402,USA,,800-404-7291,"Sales,Service,Up To 2MW,Mobile/Diesel/Gas,"
10958,Industrial/Commercial Sales & Service,00010001731002,AUTHORIZED SERVICES OF NEW ENGLAND, 410 FOREST STREET,,MARLBOROUGH,MA ,01752,USA,,888-890-9886,"Sales,"
10958,Industrial/Commercial Sales & Service,00010134071002,PEAK POWER SYSTEMS, 99 SPRAGUE AVENUE,,MIDDLETOWN,NY ,10940,USA,www.peakpowersystems.com,845-344-1975,"Sales,Service,Up To 600kW,Mobile/Diesel/Gas,Rental,"
10958,Industrial/Commercial Sales & Service,00010001761002,"GENSERVE, INC.", 100 NEWTOWN RD,,PLAINVIEW,NY ,11803,USA,www.genserveinc.com,631-435-0437,"Service,"
10958,Industrial/Commercial Sales & Service,00111209531002,HUNTINGTON POWER - LONG ISLAND, PO BOX 2040,,SHELTON,CT ,06484,USA,,631-586-7513,"Sales,"
10958,Industrial/Commercial Sales & Service,00111209521002,LONG ISLAND EMERGENCY POWER -QO, 2 Ocean Avenue,,DEER PARK,NY ,11729,USA,,631-586-7513,"Sales,"
10958,Industrial/Commercial Sales & Service,00010139211002,POWERPRO SERVICE CO. INC., 608 JOHNSON AVE. UNIT 6,,BOHEMIA,NY ,11716,USA,,631-567-2700,"Sales,Service,Up To 600kW,Mobile/Diesel/Gas,"
10958,Industrial/Commercial Sales & Service,00010001761002,"GENSERVE, INC.", 115A TWINBRIDGE DR.,,PENNSAUKEN,NJ ,08110,USA,www.genserveinc.com,856-324-0459,"Service,"
10958,Industrial/Commercial Sales & Service,00111184131002,HUNTER & LOMISON, 1956 W FOURTH ST,,WILLIAMSPORT,PA ,17701,USA,www.hunterlomison.com,570-326-1764,"Sales,Service,Up To 600kW,Mobile/Diesel/Gas,Rental,"
10958,Industrial/Commercial Sales & Service,00010000881002,HUNTER & LOMISON INC., 1956 W. 4TH STREET,,WILLIAMSPORT,PA ,17701,USA,www.hunterlomison.com,570-326-1764,"Service,Up To 600kW,Mobile/Diesel/Gas,"
10958,Industrial/Commercial Sales & Service,00010001621002,BROOKFIELD SERVICE, 708 GLEBE ROAD,,WESTMORELAND,NH ,03467,USA,www.brookfieldservice.com,802-485-6567,"Service,Up To 600kW,Mobile/Diesel/Gas,"
10958,Industrial/Commercial Sales & Service,00010021101002,SOUTH SHORE GENERATOR INC-Quote, 2696A CRANBERRY HWY,,WAREHAM,MA ,02571,USA,,508-295-7336,"Sales,Service,Up To 600kW,Mobile/Diesel/Gas,"
10958,Industrial/Commercial Sales & Service,00010001701002,SOUTH SHORE GENERATOR INC, ,,EAST WAREHAM,MA ,02538,USA,,508-295-7336,"Financing,Sales,Service,Up To 600kW,Mobile/Diesel/Gas,"
10958,Industrial/Commercial Sales & Service,00010157021002,Mechanical Service Co, 1145 Oak St.,,Pittston,PA ,18640,USA,,570-654-2445,"Service,"
10958,Industrial/Commercial Sales & Service,00111207431002,WARSHAUER ELECTRIC SUPPLY CO INC, 800 SHREWSBURY AVE,,TINTON FALLS,NJ ,07724,USA,www.warshauer.com,732-741-6400,"Service,"
10959,Industrial/Commercial Sales & Service,00010214161002,"R.L. KISTLER, INC.", 35 HAMILTON LANE,,GLENMONT,NY ,12077,USA,,585-436-1940,"Sales,Service,"
10959,Industrial/Commercial Sales & Service,00010214161002,"R.L. Kistler, Inc", 300 Mile Crossing Blvd.,,Rochester,NY ,14624,USA,rlkistler.com,585-436-1940,"Sales,"
10959,Industrial/Commercial Sales & Service,00010001611002,Huntington Power, 230 Long Hill Cross Rd,,Shelton,CT ,06484,USA,www.huntingtonpower.com,203-929-3203,"Sales,Service,Up To 2MW,Mobile/Diesel/Gas,Training,Rental,"
10959,Industrial/Commercial Sales & Service,00010214161002,"R.L. Kistler, Inc", 5615 Business Ave.,,N. Syracuse,NY ,13208,USA,,315-458-2875,"Sales,"
10959,Industrial/Commercial Sales & Service,00010214161002,"R.L. Kistler, Inc", 5615 Business Ave.,,N. Syracuse,NY ,13208,USA,,315-458-2875,"Sales,"
10959,Industrial/Commercial Sales & Service,00010001611002,Huntington Power, 68 Enter Ln,,Islandia,NY ,11749,USA,,631-563-4943,"Sales,Service,Up To 2MW,Mobile/Diesel/Gas,"
10959,Industrial/Commercial Sales & Service,00010001611002,Huntington Power, 34 E DUDLEY TOWN RD.,,BLOOMFIELD,CT ,06002,USA,,860-289-8790,"Sales,Service,Rental,"
10959,Industrial/Commercial Sales & Service,00010208021002,Modern Group Power Systems, 2501 Durham Road,,Bristol,PA ,19007,USA,www.moderngroup.com,800-404-7291,"Sales,Service,Up To 2MW,Mobile/Diesel/Gas,Training,Rental,"
10959,Industrial/Commercial Sales & Service,00010001731002,Authorized Services Of New England, 410 Forest Street,,Marlborough,MA ,01752,USA,www.asne.com,888-890-9886,"Financing,Sales,Service,Up To 2MW,Mobile/Diesel/Gas,Training,Rental,"
10959,Industrial/Commercial Sales & Service,00010008091002,MODERN HANDLING EQUIP, 75 NEW STREET,,EDISON,NJ ,08837,USA,www.moderngroup.com,800-779-5116,"Sales,Service,Up To 2MW,Mobile/Diesel/Gas,"
10959,Industrial/Commercial Sales & Service,00010208021002,Modern Group Power Systems, 6352 Chapmans Rd,,Allentown,PA ,18106,USA,,800-404-7291,"Sales,Service,Up To 2MW,Mobile/Diesel/Gas,"
10959,Industrial/Commercial Sales & Service,00010208021002,Modern Group Power Systems, 295 New Commerce Blvd.,,Wilkes Barre,PA ,18706,USA,,800-404-7291,"Sales,Service,Up To 2MW,Mobile/Diesel/Gas,"
10959,Industrial/Commercial Sales & Service,00010000931002,"EMERGENCY POWER SYSTEMS, LLC", 35 HAMILTON LANE,,GLENMONT,NY ,12077,USA,,800-914-1465,"Service,Up To 2MW,Mobile/Diesel/Gas,"
10959,Industrial/Commercial Sales & Service,00010000931002,"EMERGENCY POWER SYSTEMS, LLC", 35 HAMILTON LANE,,GLENMONT,NY ,12077,USA,,800-914-1465,"Service,"
10959,Industrial/Commercial Sales & Service,00010208021002,Modern Group Power Systems, 200 Allied Parkway,,West Berlin,NJ ,08091,USA,,800-404-7291,"Sales,Service,Up To 2MW,Mobile/Diesel/Gas,"
10959,Industrial/Commercial Sales & Service,00010208021002,Modern Group Power Systems, 66A South Gate Blvd.,,New Castle,DE ,19720,USA,,800-404-7291,"Sales,Service,Up To 2MW,Mobile/Diesel/Gas,"
10959,Industrial/Commercial Sales & Service,00010208021002,Modern Group Power Systems, 3480 Board Road,,York,PA ,17402,USA,,800-404-7291,"Sales,Service,Up To 2MW,Mobile/Diesel/Gas,"
10959,Industrial/Commercial Sales & Service,00010001731002,AUTHORIZED SERVICES OF NEW ENGLAND, 410 FOREST STREET,,MARLBOROUGH,MA ,01752,USA,,888-890-9886,"Sales,"
10959,Industrial/Commercial Sales & Service,00010134071002,PEAK POWER SYSTEMS, 99 SPRAGUE AVENUE,,MIDDLETOWN,NY ,10940,USA,www.peakpowersystems.com,845-344-1975,"Sales,Service,Up To 600kW,Mobile/Diesel/Gas,Rental,"
10959,Industrial/Commercial Sales & Service,00010001761002,"GENSERVE, INC.", 100 NEWTOWN RD,,PLAINVIEW,NY ,11803,USA,www.genserveinc.com,631-435-0437,"Service,"
10959,Industrial/Commercial Sales & Service,00111209521002,LONG ISLAND EMERGENCY POWER -QO, 2 Ocean Avenue,,DEER PARK,NY ,11729,USA,,631-586-7513,"Sales,"
10959,Industrial/Commercial Sales & Service,00111209531002,HUNTINGTON POWER - LONG ISLAND, PO BOX 2040,,SHELTON,CT ,06484,USA,,631-586-7513,"Sales,"
10959,Industrial/Commercial Sales & Service,00010139211002,POWERPRO SERVICE CO. INC., 608 JOHNSON AVE. UNIT 6,,BOHEMIA,NY ,11716,USA,,631-567-2700,"Sales,Service,Up To 600kW,Mobile/Diesel/Gas,"
10959,Industrial/Commercial Sales & Service,00010001761002,"GENSERVE, INC.", 115A TWINBRIDGE DR.,,PENNSAUKEN,NJ ,08110,USA,www.genserveinc.com,856-324-0459,"Service,"
10959,Industrial/Commercial Sales & Service,00111184131002,HUNTER & LOMISON, 1956 W FOURTH ST,,WILLIAMSPORT,PA ,17701,USA,www.hunterlomison.com,570-326-1764,"Sales,Service,Up To 600kW,Mobile/Diesel/Gas,Rental,"
10959,Industrial/Commercial Sales & Service,00010000881002,HUNTER & LOMISON INC., 1956 W. 4TH STREET,,WILLIAMSPORT,PA ,17701,USA,www.hunterlomison.com,570-326-1764,"Service,Up To 600kW,Mobile/Diesel/Gas,"
10959,Industrial/Commercial Sales & Service,00010001621002,BROOKFIELD SERVICE, 708 GLEBE ROAD,,WESTMORELAND,NH ,03467,USA,www.brookfieldservice.com,802-485-6567,"Service,Up To 600kW,Mobile/Diesel/Gas,"
10959,Industrial/Commercial Sales & Service,00010021101002,SOUTH SHORE GENERATOR INC-Quote, 2696A CRANBERRY HWY,,WAREHAM,MA ,02571,USA,,508-295-7336,"Sales,Service,Up To 600kW,Mobile/Diesel/Gas,"
10959,Industrial/Commercial Sales & Service,00010001701002,SOUTH SHORE GENERATOR INC, ,,EAST WAREHAM,MA ,02538,USA,,508-295-7336,"Financing,Sales,Service,Up To 600kW,Mobile/Diesel/Gas,"
10959,Industrial/Commercial Sales & Service,00111207431002,WARSHAUER ELECTRIC SUPPLY CO INC, 800 SHREWSBURY AVE,,TINTON FALLS,NJ ,07724,USA,www.warshauer.com,732-741-6400,"Service,"
10959,Industrial/Commercial Sales & Service,00010157021002,Mechanical Service Co, 1145 Oak St.,,Pittston,PA ,18640,USA,,570-654-2445,"Service,"
10960,Industrial/Commercial Sales & Service,00010214161002,"R.L. KISTLER, INC.", 35 HAMILTON LANE,,GLENMONT,NY ,12077,USA,,585-436-1940,"Sales,Service,"
10960,Industrial/Commercial Sales & Service,00010214161002,"R.L. Kistler, Inc", 300 Mile Crossing Blvd.,,Rochester,NY ,14624,USA,rlkistler.com,585-436-1940,"Sales,"
10960,Industrial/Commercial Sales & Service,00010001611002,Huntington Power, 230 Long Hill Cross Rd,,Shelton,CT ,06484,USA,www.huntingtonpower.com,203-929-3203,"Sales,Service,Up To 2MW,Mobile/Diesel/Gas,Training,Rental,"
10960,Industrial/Commercial Sales & Service,00010214161002,"R.L. Kistler, Inc", 5615 Business Ave.,,N. Syracuse,NY ,13208,USA,,315-458-2875,"Sales,"
10960,Industrial/Commercial Sales & Service,00010214161002,"R.L. Kistler, Inc", 5615 Business Ave.,,N. Syracuse,NY ,13208,USA,,315-458-2875,"Sales,"
10960,Industrial/Commercial Sales & Service,00010001611002,Huntington Power, 68 Enter Ln,,Islandia,NY ,11749,USA,,631-563-4943,"Sales,Service,Up To 2MW,Mobile/Diesel/Gas,"
10960,Industrial/Commercial Sales & Service,00010001611002,Huntington Power, 34 E DUDLEY TOWN RD.,,BLOOMFIELD,CT ,06002,USA,,860-289-8790,"Sales,Service,Rental,"
10960,Industrial/Commercial Sales & Service,00010208021002,Modern Group Power Systems, 2501 Durham Road,,Bristol,PA ,19007,USA,www.moderngroup.com,800-404-7291,"Sales,Service,Up To 2MW,Mobile/Diesel/Gas,Training,Rental,"
10960,Industrial/Commercial Sales & Service,00010001731002,Authorized Services Of New England, 410 Forest Street,,Marlborough,MA ,01752,USA,www.asne.com,888-890-9886,"Financing,Sales,Service,Up To 2MW,Mobile/Diesel/Gas,Training,Rental,"
10960,Industrial/Commercial Sales & Service,00010008091002,MODERN HANDLING EQUIP, 75 NEW STREET,,EDISON,NJ ,08837,USA,www.moderngroup.com,800-779-5116,"Sales,Service,Up To 2MW,Mobile/Diesel/Gas,"
10960,Industrial/Commercial Sales & Service,00010208021002,Modern Group Power Systems, 6352 Chapmans Rd,,Allentown,PA ,18106,USA,,800-404-7291,"Sales,Service,Up To 2MW,Mobile/Diesel/Gas,"
10960,Industrial/Commercial Sales & Service,00010208021002,Modern Group Power Systems, 200 Allied Parkway,,West Berlin,NJ ,08091,USA,,800-404-7291,"Sales,Service,Up To 2MW,Mobile/Diesel/Gas,"
10960,Industrial/Commercial Sales & Service,00010000931002,"EMERGENCY POWER SYSTEMS, LLC", 35 HAMILTON LANE,,GLENMONT,NY ,12077,USA,,800-914-1465,"Service,Up To 2MW,Mobile/Diesel/Gas,"
10960,Industrial/Commercial Sales & Service,00010000931002,"EMERGENCY POWER SYSTEMS, LLC", 35 HAMILTON LANE,,GLENMONT,NY ,12077,USA,,800-914-1465,"Service,"
10960,Industrial/Commercial Sales & Service,00010208021002,Modern Group Power Systems, 295 New Commerce Blvd.,,Wilkes Barre,PA ,18706,USA,,800-404-7291,"Sales,Service,Up To 2MW,Mobile/Diesel/Gas,"
10960,Industrial/Commercial Sales & Service,00010208021002,Modern Group Power Systems, 66A South Gate Blvd.,,New Castle,DE ,19720,USA,,800-404-7291,"Sales,Service,Up To 2MW,Mobile/Diesel/Gas,"
10960,Industrial/Commercial Sales & Service,00010001731002,AUTHORIZED SERVICES OF NEW ENGLAND, 410 FOREST STREET,,MARLBOROUGH,MA ,01752,USA,,888-890-9886,"Sales,"
10960,Industrial/Commercial Sales & Service,00010208021002,Modern Group Power Systems, 3480 Board Road,,York,PA ,17402,USA,,800-404-7291,"Sales,Service,Up To 2MW,Mobile/Diesel/Gas,"
10960,Industrial/Commercial Sales & Service,00010001761002,"GENSERVE, INC.", 100 NEWTOWN RD,,PLAINVIEW,NY ,11803,USA,www.genserveinc.com,631-435-0437,"Service,"
10960,Industrial/Commercial Sales & Service,00010134071002,PEAK POWER SYSTEMS, 99 SPRAGUE AVENUE,,MIDDLETOWN,NY ,10940,USA,www.peakpowersystems.com,845-344-1975,"Sales,Service,Up To 600kW,Mobile/Diesel/Gas,Rental,"
10960,Industrial/Commercial Sales & Service,00111209521002,LONG ISLAND EMERGENCY POWER -QO, 2 Ocean Avenue,,DEER PARK,NY ,11729,USA,,631-586-7513,"Sales,"
10960,Industrial/Commercial Sales & Service,00111209531002,HUNTINGTON POWER - LONG ISLAND, PO BOX 2040,,SHELTON,CT ,06484,USA,,631-586-7513,"Sales,"
10960,Industrial/Commercial Sales & Service,00010139211002,POWERPRO SERVICE CO. INC., 608 JOHNSON AVE. UNIT 6,,BOHEMIA,NY ,11716,USA,,631-567-2700,"Sales,Service,Up To 600kW,Mobile/Diesel/Gas,"
10960,Industrial/Commercial Sales & Service,00010001761002,"GENSERVE, INC.", 115A TWINBRIDGE DR.,,PENNSAUKEN,NJ ,08110,USA,www.genserveinc.com,856-324-0459,"Service,"
10960,Industrial/Commercial Sales & Service,00010001621002,BROOKFIELD SERVICE, 708 GLEBE ROAD,,WESTMORELAND,NH ,03467,USA,www.brookfieldservice.com,802-485-6567,"Service,Up To 600kW,Mobile/Diesel/Gas,"
10960,Industrial/Commercial Sales & Service,00111184131002,HUNTER & LOMISON, 1956 W FOURTH ST,,WILLIAMSPORT,PA ,17701,USA,www.hunterlomison.com,570-326-1764,"Sales,Service,Up To 600kW,Mobile/Diesel/Gas,Rental,"
10960,Industrial/Commercial Sales & Service,00010000881002,HUNTER & LOMISON INC., 1956 W. 4TH STREET,,WILLIAMSPORT,PA ,17701,USA,www.hunterlomison.com,570-326-1764,"Service,Up To 600kW,Mobile/Diesel/Gas,"
10960,Industrial/Commercial Sales & Service,00010021101002,SOUTH SHORE GENERATOR INC-Quote, 2696A CRANBERRY HWY,,WAREHAM,MA ,02571,USA,,508-295-7336,"Sales,Service,Up To 600kW,Mobile/Diesel/Gas,"
10960,Industrial/Commercial Sales & Service,00010001701002,SOUTH SHORE GENERATOR INC, ,,EAST WAREHAM,MA ,02538,USA,,508-295-7336,"Financing,Sales,Service,Up To 600kW,Mobile/Diesel/Gas,"
10960,Industrial/Commercial Sales & Service,00111207431002,WARSHAUER ELECTRIC SUPPLY CO INC, 800 SHREWSBURY AVE,,TINTON FALLS,NJ ,07724,USA,www.warshauer.com,732-741-6400,"Service,"
10960,Industrial/Commercial Sales & Service,00010157021002,Mechanical Service Co, 1145 Oak St.,,Pittston,PA ,18640,USA,,570-654-2445,"Service,"
10962,Industrial/Commercial Sales & Service,00010001611002,Huntington Power, 230 Long Hill Cross Rd,,Shelton,CT ,06484,USA,www.huntingtonpower.com,203-929-3203,"Sales,Service,Up To 2MW,Mobile/Diesel/Gas,Training,Rental,"
10962,Industrial/Commercial Sales & Service,00010214161002,"R.L. KISTLER, INC.", 35 HAMILTON LANE,,GLENMONT,NY ,12077,USA,,585-436-1940,"Sales,Service,"
10962,Industrial/Commercial Sales & Service,00010214161002,"R.L. Kistler, Inc", 300 Mile Crossing Blvd.,,Rochester,NY ,14624,USA,rlkistler.com,585-436-1940,"Sales,"
10962,Industrial/Commercial Sales & Service,00010001611002,Huntington Power, 68 Enter Ln,,Islandia,NY ,11749,USA,,631-563-4943,"Sales,Service,Up To 2MW,Mobile/Diesel/Gas,"
10962,Industrial/Commercial Sales & Service,00010001611002,Huntington Power, 34 E DUDLEY TOWN RD.,,BLOOMFIELD,CT ,06002,USA,,860-289-8790,"Sales,Service,Rental,"
10962,Industrial/Commercial Sales & Service,00010214161002,"R.L. Kistler, Inc", 5615 Business Ave.,,N. Syracuse,NY ,13208,USA,,315-458-2875,"Sales,"
10962,Industrial/Commercial Sales & Service,00010214161002,"R.L. Kistler, Inc", 5615 Business Ave.,,N. Syracuse,NY ,13208,USA,,315-458-2875,"Sales,"
10962,Industrial/Commercial Sales & Service,00010208021002,Modern Group Power Systems, 2501 Durham Road,,Bristol,PA ,19007,USA,www.moderngroup.com,800-404-7291,"Sales,Service,Up To 2MW,Mobile/Diesel/Gas,Training,Rental,"
10962,Industrial/Commercial Sales & Service,00010001731002,Authorized Services Of New England, 410 Forest Street,,Marlborough,MA ,01752,USA,www.asne.com,888-890-9886,"Financing,Sales,Service,Up To 2MW,Mobile/Diesel/Gas,Training,Rental,"
10962,Industrial/Commercial Sales & Service,00010008091002,MODERN HANDLING EQUIP, 75 NEW STREET,,EDISON,NJ ,08837,USA,www.moderngroup.com,800-779-5116,"Sales,Service,Up To 2MW,Mobile/Diesel/Gas,"
10962,Industrial/Commercial Sales & Service,00010208021002,Modern Group Power Systems, 6352 Chapmans Rd,,Allentown,PA ,18106,USA,,800-404-7291,"Sales,Service,Up To 2MW,Mobile/Diesel/Gas,"
10962,Industrial/Commercial Sales & Service,00010208021002,Modern Group Power Systems, 200 Allied Parkway,,West Berlin,NJ ,08091,USA,,800-404-7291,"Sales,Service,Up To 2MW,Mobile/Diesel/Gas,"
10962,Industrial/Commercial Sales & Service,00010208021002,Modern Group Power Systems, 295 New Commerce Blvd.,,Wilkes Barre,PA ,18706,USA,,800-404-7291,"Sales,Service,Up To 2MW,Mobile/Diesel/Gas,"
10962,Industrial/Commercial Sales & Service,00010000931002,"EMERGENCY POWER SYSTEMS, LLC", 35 HAMILTON LANE,,GLENMONT,NY ,12077,USA,,800-914-1465,"Service,Up To 2MW,Mobile/Diesel/Gas,"
10962,Industrial/Commercial Sales & Service,00010000931002,"EMERGENCY POWER SYSTEMS, LLC", 35 HAMILTON LANE,,GLENMONT,NY ,12077,USA,,800-914-1465,"Service,"
10962,Industrial/Commercial Sales & Service,00010208021002,Modern Group Power Systems, 66A South Gate Blvd.,,New Castle,DE ,19720,USA,,800-404-7291,"Sales,Service,Up To 2MW,Mobile/Diesel/Gas,"
10962,Industrial/Commercial Sales & Service,00010001731002,AUTHORIZED SERVICES OF NEW ENGLAND, 410 FOREST STREET,,MARLBOROUGH,MA ,01752,USA,,888-890-9886,"Sales,"
10962,Industrial/Commercial Sales & Service,00010208021002,Modern Group Power Systems, 3480 Board Road,,York,PA ,17402,USA,,800-404-7291,"Sales,Service,Up To 2MW,Mobile/Diesel/Gas,"
10962,Industrial/Commercial Sales & Service,00010001761002,"GENSERVE, INC.", 100 NEWTOWN RD,,PLAINVIEW,NY ,11803,USA,www.genserveinc.com,631-435-0437,"Service,"
10962,Industrial/Commercial Sales & Service,00010134071002,PEAK POWER SYSTEMS, 99 SPRAGUE AVENUE,,MIDDLETOWN,NY ,10940,USA,www.peakpowersystems.com,845-344-1975,"Sales,Service,Up To 600kW,Mobile/Diesel/Gas,Rental,"
10962,Industrial/Commercial Sales & Service,00111209521002,LONG ISLAND EMERGENCY POWER -QO, 2 Ocean Avenue,,DEER PARK,NY ,11729,USA,,631-586-7513,"Sales,"
10962,Industrial/Commercial Sales & Service,00111209531002,HUNTINGTON POWER - LONG ISLAND, PO BOX 2040,,SHELTON,CT ,06484,USA,,631-586-7513,"Sales,"
10962,Industrial/Commercial Sales & Service,00010139211002,POWERPRO SERVICE CO. INC., 608 JOHNSON AVE. UNIT 6,,BOHEMIA,NY ,11716,USA,,631-567-2700,"Sales,Service,Up To 600kW,Mobile/Diesel/Gas,"
10962,Industrial/Commercial Sales & Service,00010001761002,"GENSERVE, INC.", 115A TWINBRIDGE DR.,,PENNSAUKEN,NJ ,08110,USA,www.genserveinc.com,856-324-0459,"Service,"
10962,Industrial/Commercial Sales & Service,00010001621002,BROOKFIELD SERVICE, 708 GLEBE ROAD,,WESTMORELAND,NH ,03467,USA,www.brookfieldservice.com,802-485-6567,"Service,Up To 600kW,Mobile/Diesel/Gas,"
10962,Industrial/Commercial Sales & Service,00111184131002,HUNTER & LOMISON, 1956 W FOURTH ST,,WILLIAMSPORT,PA ,17701,USA,www.hunterlomison.com,570-326-1764,"Sales,Service,Up To 600kW,Mobile/Diesel/Gas,Rental,"
10962,Industrial/Commercial Sales & Service,00010000881002,HUNTER & LOMISON INC., 1956 W. 4TH STREET,,WILLIAMSPORT,PA ,17701,USA,www.hunterlomison.com,570-326-1764,"Service,Up To 600kW,Mobile/Diesel/Gas,"
10962,Industrial/Commercial Sales & Service,00010021101002,SOUTH SHORE GENERATOR INC-Quote, 2696A CRANBERRY HWY,,WAREHAM,MA ,02571,USA,,508-295-7336,"Sales,Service,Up To 600kW,Mobile/Diesel/Gas,"
10962,Industrial/Commercial Sales & Service,00010001701002,SOUTH SHORE GENERATOR INC, ,,EAST WAREHAM,MA ,02538,USA,,508-295-7336,"Financing,Sales,Service,Up To 600kW,Mobile/Diesel/Gas,"
10962,Industrial/Commercial Sales & Service,00111207431002,WARSHAUER ELECTRIC SUPPLY CO INC, 800 SHREWSBURY AVE,,TINTON FALLS,NJ ,07724,USA,www.warshauer.com,732-741-6400,"Service,"
10962,Industrial/Commercial Sales & Service,00010157021002,Mechanical Service Co, 1145 Oak St.,,Pittston,PA ,18640,USA,,570-654-2445,"Service,"
10963,Industrial/Commercial Sales & Service,00010001611002,Huntington Power, 230 Long Hill Cross Rd,,Shelton,CT ,06484,USA,www.huntingtonpower.com,203-929-3203,"Sales,Service,Up To 2MW,Mobile/Diesel/Gas,Training,Rental,"
10963,Industrial/Commercial Sales & Service,00010214161002,"R.L. Kistler, Inc", 300 Mile Crossing Blvd.,,Rochester,NY ,14624,USA,rlkistler.com,585-436-1940,"Sales,"
10963,Industrial/Commercial Sales & Service,00010214161002,"R.L. KISTLER, INC.", 35 HAMILTON LANE,,GLENMONT,NY ,12077,USA,,585-436-1940,"Sales,Service,"
10963,Industrial/Commercial Sales & Service,00010001611002,Huntington Power, 68 Enter Ln,,Islandia,NY ,11749,USA,,631-563-4943,"Sales,Service,Up To 2MW,Mobile/Diesel/Gas,"
10963,Industrial/Commercial Sales & Service,00010001611002,Huntington Power, 34 E DUDLEY TOWN RD.,,BLOOMFIELD,CT ,06002,USA,,860-289-8790,"Sales,Service,Rental,"
10963,Industrial/Commercial Sales & Service,00010214161002,"R.L. Kistler, Inc", 5615 Business Ave.,,N. Syracuse,NY ,13208,USA,,315-458-2875,"Sales,"
10963,Industrial/Commercial Sales & Service,00010214161002,"R.L. Kistler, Inc", 5615 Business Ave.,,N. Syracuse,NY ,13208,USA,,315-458-2875,"Sales,"
10963,Industrial/Commercial Sales & Service,00010208021002,Modern Group Power Systems, 2501 Durham Road,,Bristol,PA ,19007,USA,www.moderngroup.com,800-404-7291,"Sales,Service,Up To 2MW,Mobile/Diesel/Gas,Training,Rental,"
10963,Industrial/Commercial Sales & Service,00010001731002,Authorized Services Of New England, 410 Forest Street,,Marlborough,MA ,01752,USA,www.asne.com,888-890-9886,"Financing,Sales,Service,Up To 2MW,Mobile/Diesel/Gas,Training,Rental,"
10963,Industrial/Commercial Sales & Service,00010008091002,MODERN HANDLING EQUIP, 75 NEW STREET,,EDISON,NJ ,08837,USA,www.moderngroup.com,800-779-5116,"Sales,Service,Up To 2MW,Mobile/Diesel/Gas,"
10963,Industrial/Commercial Sales & Service,00010208021002,Modern Group Power Systems, 295 New Commerce Blvd.,,Wilkes Barre,PA ,18706,USA,,800-404-7291,"Sales,Service,Up To 2MW,Mobile/Diesel/Gas,"
10963,Industrial/Commercial Sales & Service,00010208021002,Modern Group Power Systems, 6352 Chapmans Rd,,Allentown,PA ,18106,USA,,800-404-7291,"Sales,Service,Up To 2MW,Mobile/Diesel/Gas,"
10963,Industrial/Commercial Sales & Service,00010000931002,"EMERGENCY POWER SYSTEMS, LLC", 35 HAMILTON LANE,,GLENMONT,NY ,12077,USA,,800-914-1465,"Service,Up To 2MW,Mobile/Diesel/Gas,"
10963,Industrial/Commercial Sales & Service,00010000931002,"EMERGENCY POWER SYSTEMS, LLC", 35 HAMILTON LANE,,GLENMONT,NY ,12077,USA,,800-914-1465,"Service,"
10963,Industrial/Commercial Sales & Service,00010208021002,Modern Group Power Systems, 200 Allied Parkway,,West Berlin,NJ ,08091,USA,,800-404-7291,"Sales,Service,Up To 2MW,Mobile/Diesel/Gas,"
10963,Industrial/Commercial Sales & Service,00010208021002,Modern Group Power Systems, 66A South Gate Blvd.,,New Castle,DE ,19720,USA,,800-404-7291,"Sales,Service,Up To 2MW,Mobile/Diesel/Gas,"
10963,Industrial/Commercial Sales & Service,00010208021002,Modern Group Power Systems, 3480 Board Road,,York,PA ,17402,USA,,800-404-7291,"Sales,Service,Up To 2MW,Mobile/Diesel/Gas,"
10963,Industrial/Commercial Sales & Service,00010001731002,AUTHORIZED SERVICES OF NEW ENGLAND, 410 FOREST STREET,,MARLBOROUGH,MA ,01752,USA,,888-890-9886,"Sales,"
10963,Industrial/Commercial Sales & Service,00010000931002,"EMERGENCY POWER SYSTEMS, LLC", 300 MILE CROSSING BLVD.,,ROCHESTER,NY ,14624,USA,,585-464-6333,"Service,Up To 2MW,Mobile/Diesel/Gas,Rental,"
10963,Industrial/Commercial Sales & Service,00010000931002,"EMERGENCY POWER SYSTEMS, LLC", 300 MILE CROSSING BLVD.,,ROCHESTER,NY ,14624,USA,,585-464-6333,"Service,"
10963,Industrial/Commercial Sales & Service,00010134071002,PEAK POWER SYSTEMS, 99 SPRAGUE AVENUE,,MIDDLETOWN,NY ,10940,USA,www.peakpowersystems.com,845-344-1975,"Sales,Service,Up To 600kW,Mobile/Diesel/Gas,Rental,"
10963,Industrial/Commercial Sales & Service,00010001761002,"GENSERVE, INC.", 100 NEWTOWN RD,,PLAINVIEW,NY ,11803,USA,www.genserveinc.com,631-435-0437,"Service,"
10963,Industrial/Commercial Sales & Service,00111209531002,HUNTINGTON POWER - LONG ISLAND, PO BOX 2040,,SHELTON,CT ,06484,USA,,631-586-7513,"Sales,"
10963,Industrial/Commercial Sales & Service,00111209521002,LONG ISLAND EMERGENCY POWER -QO, 2 Ocean Avenue,,DEER PARK,NY ,11729,USA,,631-586-7513,"Sales,"
10963,Industrial/Commercial Sales & Service,00010139211002,POWERPRO SERVICE CO. INC., 608 JOHNSON AVE. UNIT 6,,BOHEMIA,NY ,11716,USA,,631-567-2700,"Sales,Service,Up To 600kW,Mobile/Diesel/Gas,"
10963,Industrial/Commercial Sales & Service,00010001761002,"GENSERVE, INC.", 115A TWINBRIDGE DR.,,PENNSAUKEN,NJ ,08110,USA,www.genserveinc.com,856-324-0459,"Service,"
10963,Industrial/Commercial Sales & Service,00111184131002,HUNTER & LOMISON, 1956 W FOURTH ST,,WILLIAMSPORT,PA ,17701,USA,www.hunterlomison.com,570-326-1764,"Sales,Service,Up To 600kW,Mobile/Diesel/Gas,Rental,"
10963,Industrial/Commercial Sales & Service,00010000881002,HUNTER & LOMISON INC., 1956 W. 4TH STREET,,WILLIAMSPORT,PA ,17701,USA,www.hunterlomison.com,570-326-1764,"Service,Up To 600kW,Mobile/Diesel/Gas,"
10963,Industrial/Commercial Sales & Service,00010001621002,BROOKFIELD SERVICE, 708 GLEBE ROAD,,WESTMORELAND,NH ,03467,USA,www.brookfieldservice.com,802-485-6567,"Service,Up To 600kW,Mobile/Diesel/Gas,"
10963,Industrial/Commercial Sales & Service,00010021101002,SOUTH SHORE GENERATOR INC-Quote, 2696A CRANBERRY HWY,,WAREHAM,MA ,02571,USA,,508-295-7336,"Sales,Service,Up To 600kW,Mobile/Diesel/Gas,"
10963,Industrial/Commercial Sales & Service,00010157021002,Mechanical Service Co, 1145 Oak St.,,Pittston,PA ,18640,USA,,570-654-2445,"Service,"
10963,Industrial/Commercial Sales & Service,00111207431002,WARSHAUER ELECTRIC SUPPLY CO INC, 800 SHREWSBURY AVE,,TINTON FALLS,NJ ,07724,USA,www.warshauer.com,732-741-6400,"Service,"
10964,Industrial/Commercial Sales & Service,00010214161002,"R.L. KISTLER, INC.", 35 HAMILTON LANE,,GLENMONT,NY ,12077,USA,,585-436-1940,"Sales,Service,"
10964,Industrial/Commercial Sales & Service,00010214161002,"R.L. Kistler, Inc", 300 Mile Crossing Blvd.,,Rochester,NY ,14624,USA,rlkistler.com,585-436-1940,"Sales,"
10964,Industrial/Commercial Sales & Service,00010001611002,Huntington Power, 230 Long Hill Cross Rd,,Shelton,CT ,06484,USA,www.huntingtonpower.com,203-929-3203,"Sales,Service,Up To 2MW,Mobile/Diesel/Gas,Training,Rental,"
10964,Industrial/Commercial Sales & Service,00010214161002,"R.L. Kistler, Inc", 5615 Business Ave.,,N. Syracuse,NY ,13208,USA,,315-458-2875,"Sales,"
10964,Industrial/Commercial Sales & Service,00010214161002,"R.L. Kistler, Inc", 5615 Business Ave.,,N. Syracuse,NY ,13208,USA,,315-458-2875,"Sales,"
10964,Industrial/Commercial Sales & Service,00010001611002,Huntington Power, 68 Enter Ln,,Islandia,NY ,11749,USA,,631-563-4943,"Sales,Service,Up To 2MW,Mobile/Diesel/Gas,"
10964,Industrial/Commercial Sales & Service,00010001611002,Huntington Power, 34 E DUDLEY TOWN RD.,,BLOOMFIELD,CT ,06002,USA,,860-289-8790,"Sales,Service,Rental,"
10964,Industrial/Commercial Sales & Service,00010208021002,Modern Group Power Systems, 2501 Durham Road,,Bristol,PA ,19007,USA,www.moderngroup.com,800-404-7291,"Sales,Service,Up To 2MW,Mobile/Diesel/Gas,Training,Rental,"
10964,Industrial/Commercial Sales & Service,00010001731002,Authorized Services Of New England, 410 Forest Street,,Marlborough,MA ,01752,USA,www.asne.com,888-890-9886,"Financing,Sales,Service,Up To 2MW,Mobile/Diesel/Gas,Training,Rental,"
10964,Industrial/Commercial Sales & Service,00010008091002,MODERN HANDLING EQUIP, 75 NEW STREET,,EDISON,NJ ,08837,USA,www.moderngroup.com,800-779-5116,"Sales,Service,Up To 2MW,Mobile/Diesel/Gas,"
10964,Industrial/Commercial Sales & Service,00010208021002,Modern Group Power Systems, 6352 Chapmans Rd,,Allentown,PA ,18106,USA,,800-404-7291,"Sales,Service,Up To 2MW,Mobile/Diesel/Gas,"
10964,Industrial/Commercial Sales & Service,00010208021002,Modern Group Power Systems, 200 Allied Parkway,,West Berlin,NJ ,08091,USA,,800-404-7291,"Sales,Service,Up To 2MW,Mobile/Diesel/Gas,"
10964,Industrial/Commercial Sales & Service,00010208021002,Modern Group Power Systems, 295 New Commerce Blvd.,,Wilkes Barre,PA ,18706,USA,,800-404-7291,"Sales,Service,Up To 2MW,Mobile/Diesel/Gas,"
10964,Industrial/Commercial Sales & Service,00010000931002,"EMERGENCY POWER SYSTEMS, LLC", 35 HAMILTON LANE,,GLENMONT,NY ,12077,USA,,800-914-1465,"Service,Up To 2MW,Mobile/Diesel/Gas,"
10964,Industrial/Commercial Sales & Service,00010000931002,"EMERGENCY POWER SYSTEMS, LLC", 35 HAMILTON LANE,,GLENMONT,NY ,12077,USA,,800-914-1465,"Service,"
10964,Industrial/Commercial Sales & Service,00010208021002,Modern Group Power Systems, 66A South Gate Blvd.,,New Castle,DE ,19720,USA,,800-404-7291,"Sales,Service,Up To 2MW,Mobile/Diesel/Gas,"
10964,Industrial/Commercial Sales & Service,00010001731002,AUTHORIZED SERVICES OF NEW ENGLAND, 410 FOREST STREET,,MARLBOROUGH,MA ,01752,USA,,888-890-9886,"Sales,"
10964,Industrial/Commercial Sales & Service,00010208021002,Modern Group Power Systems, 3480 Board Road,,York,PA ,17402,USA,,800-404-7291,"Sales,Service,Up To 2MW,Mobile/Diesel/Gas,"
10964,Industrial/Commercial Sales & Service,00010001761002,"GENSERVE, INC.", 100 NEWTOWN RD,,PLAINVIEW,NY ,11803,USA,www.genserveinc.com,631-435-0437,"Service,"
10964,Industrial/Commercial Sales & Service,00111209521002,LONG ISLAND EMERGENCY POWER -QO, 2 Ocean Avenue,,DEER PARK,NY ,11729,USA,,631-586-7513,"Sales,"
10964,Industrial/Commercial Sales & Service,00010134071002,PEAK POWER SYSTEMS, 99 SPRAGUE AVENUE,,MIDDLETOWN,NY ,10940,USA,www.peakpowersystems.com,845-344-1975,"Sales,Service,Up To 600kW,Mobile/Diesel/Gas,Rental,"
10964,Industrial/Commercial Sales & Service,00010139211002,POWERPRO SERVICE CO. INC., 608 JOHNSON AVE. UNIT 6,,BOHEMIA,NY ,11716,USA,,631-567-2700,"Sales,Service,Up To 600kW,Mobile/Diesel/Gas,"
10964,Industrial/Commercial Sales & Service,00111209531002,HUNTINGTON POWER - LONG ISLAND, PO BOX 2040,,SHELTON,CT ,06484,USA,,631-586-7513,"Sales,"
10964,Industrial/Commercial Sales & Service,00010001761002,"GENSERVE, INC.", 115A TWINBRIDGE DR.,,PENNSAUKEN,NJ ,08110,USA,www.genserveinc.com,856-324-0459,"Service,"
10964,Industrial/Commercial Sales & Service,00010001621002,BROOKFIELD SERVICE, 708 GLEBE ROAD,,WESTMORELAND,NH ,03467,USA,www.brookfieldservice.com,802-485-6567,"Service,Up To 600kW,Mobile/Diesel/Gas,"
10964,Industrial/Commercial Sales & Service,00111184131002,HUNTER & LOMISON, 1956 W FOURTH ST,,WILLIAMSPORT,PA ,17701,USA,www.hunterlomison.com,570-326-1764,"Sales,Service,Up To 600kW,Mobile/Diesel/Gas,Rental,"
10964,Industrial/Commercial Sales & Service,00010000881002,HUNTER & LOMISON INC., 1956 W. 4TH STREET,,WILLIAMSPORT,PA ,17701,USA,www.hunterlomison.com,570-326-1764,"Service,Up To 600kW,Mobile/Diesel/Gas,"
10964,Industrial/Commercial Sales & Service,00010021101002,SOUTH SHORE GENERATOR INC-Quote, 2696A CRANBERRY HWY,,WAREHAM,MA ,02571,USA,,508-295-7336,"Sales,Service,Up To 600kW,Mobile/Diesel/Gas,"
10964,Industrial/Commercial Sales & Service,00010001701002,SOUTH SHORE GENERATOR INC, ,,EAST WAREHAM,MA ,02538,USA,,508-295-7336,"Financing,Sales,Service,Up To 600kW,Mobile/Diesel/Gas,"
10964,Industrial/Commercial Sales & Service,00111207431002,WARSHAUER ELECTRIC SUPPLY CO INC, 800 SHREWSBURY AVE,,TINTON FALLS,NJ ,07724,USA,www.warshauer.com,732-741-6400,"Service,"
10964,Industrial/Commercial Sales & Service,00010157021002,Mechanical Service Co, 1145 Oak St.,,Pittston,PA ,18640,USA,,570-654-2445,"Service,"
10965,Industrial/Commercial Sales & Service,00010214161002,"R.L. KISTLER, INC.", 35 HAMILTON LANE,,GLENMONT,NY ,12077,USA,,585-436-1940,"Sales,Service,"
10965,Industrial/Commercial Sales & Service,00010001611002,Huntington Power, 230 Long Hill Cross Rd,,Shelton,CT ,06484,USA,www.huntingtonpower.com,203-929-3203,"Sales,Service,Up To 2MW,Mobile/Diesel/Gas,Training,Rental,"
10965,Industrial/Commercial Sales & Service,00010214161002,"R.L. Kistler, Inc", 300 Mile Crossing Blvd.,,Rochester,NY ,14624,USA,rlkistler.com,585-436-1940,"Sales,"
10965,Industrial/Commercial Sales & Service,00010214161002,"R.L. Kistler, Inc", 5615 Business Ave.,,N. Syracuse,NY ,13208,USA,,315-458-2875,"Sales,"
10965,Industrial/Commercial Sales & Service,00010001611002,Huntington Power, 68 Enter Ln,,Islandia,NY ,11749,USA,,631-563-4943,"Sales,Service,Up To 2MW,Mobile/Diesel/Gas,"
10965,Industrial/Commercial Sales & Service,00010001611002,Huntington Power, 34 E DUDLEY TOWN RD.,,BLOOMFIELD,CT ,06002,USA,,860-289-8790,"Sales,Service,Rental,"
10965,Industrial/Commercial Sales & Service,00010214161002,"R.L. Kistler, Inc", 5615 Business Ave.,,N. Syracuse,NY ,13208,USA,,315-458-2875,"Sales,"
10965,Industrial/Commercial Sales & Service,00010208021002,Modern Group Power Systems, 2501 Durham Road,,Bristol,PA ,19007,USA,www.moderngroup.com,800-404-7291,"Sales,Service,Up To 2MW,Mobile/Diesel/Gas,Training,Rental,"
10965,Industrial/Commercial Sales & Service,00010001731002,Authorized Services Of New England, 410 Forest Street,,Marlborough,MA ,01752,USA,www.asne.com,888-890-9886,"Financing,Sales,Service,Up To 2MW,Mobile/Diesel/Gas,Training,Rental,"
10965,Industrial/Commercial Sales & Service,00010008091002,MODERN HANDLING EQUIP, 75 NEW STREET,,EDISON,NJ ,08837,USA,www.moderngroup.com,800-779-5116,"Sales,Service,Up To 2MW,Mobile/Diesel/Gas,"
10965,Industrial/Commercial Sales & Service,00010208021002,Modern Group Power Systems, 6352 Chapmans Rd,,Allentown,PA ,18106,USA,,800-404-7291,"Sales,Service,Up To 2MW,Mobile/Diesel/Gas,"
10965,Industrial/Commercial Sales & Service,00010208021002,Modern Group Power Systems, 200 Allied Parkway,,West Berlin,NJ ,08091,USA,,800-404-7291,"Sales,Service,Up To 2MW,Mobile/Diesel/Gas,"
10965,Industrial/Commercial Sales & Service,00010208021002,Modern Group Power Systems, 295 New Commerce Blvd.,,Wilkes Barre,PA ,18706,USA,,800-404-7291,"Sales,Service,Up To 2MW,Mobile/Diesel/Gas,"
10965,Industrial/Commercial Sales & Service,00010000931002,"EMERGENCY POWER SYSTEMS, LLC", 35 HAMILTON LANE,,GLENMONT,NY ,12077,USA,,800-914-1465,"Service,Up To 2MW,Mobile/Diesel/Gas,"
10965,Industrial/Commercial Sales & Service,00010000931002,"EMERGENCY POWER SYSTEMS, LLC", 35 HAMILTON LANE,,GLENMONT,NY ,12077,USA,,800-914-1465,"Service,"
10965,Industrial/Commercial Sales & Service,00010208021002,Modern Group Power Systems, 66A South Gate Blvd.,,New Castle,DE ,19720,USA,,800-404-7291,"Sales,Service,Up To 2MW,Mobile/Diesel/Gas,"
10965,Industrial/Commercial Sales & Service,00010001731002,AUTHORIZED SERVICES OF NEW ENGLAND, 410 FOREST STREET,,MARLBOROUGH,MA ,01752,USA,,888-890-9886,"Sales,"
10965,Industrial/Commercial Sales & Service,00010208021002,Modern Group Power Systems, 3480 Board Road,,York,PA ,17402,USA,,800-404-7291,"Sales,Service,Up To 2MW,Mobile/Diesel/Gas,"
10965,Industrial/Commercial Sales & Service,00010001761002,"GENSERVE, INC.", 100 NEWTOWN RD,,PLAINVIEW,NY ,11803,USA,www.genserveinc.com,631-435-0437,"Service,"
10965,Industrial/Commercial Sales & Service,00010134071002,PEAK POWER SYSTEMS, 99 SPRAGUE AVENUE,,MIDDLETOWN,NY ,10940,USA,www.peakpowersystems.com,845-344-1975,"Sales,Service,Up To 600kW,Mobile/Diesel/Gas,Rental,"
10965,Industrial/Commercial Sales & Service,00111209521002,LONG ISLAND EMERGENCY POWER -QO, 2 Ocean Avenue,,DEER PARK,NY ,11729,USA,,631-586-7513,"Sales,"
10965,Industrial/Commercial Sales & Service,00111209531002,HUNTINGTON POWER - LONG ISLAND, PO BOX 2040,,SHELTON,CT ,06484,USA,,631-586-7513,"Sales,"
10965,Industrial/Commercial Sales & Service,00010139211002,POWERPRO SERVICE CO. INC., 608 JOHNSON AVE. UNIT 6,,BOHEMIA,NY ,11716,USA,,631-567-2700,"Sales,Service,Up To 600kW,Mobile/Diesel/Gas,"
10965,Industrial/Commercial Sales & Service,00010001761002,"GENSERVE, INC.", 115A TWINBRIDGE DR.,,PENNSAUKEN,NJ ,08110,USA,www.genserveinc.com,856-324-0459,"Service,"
10965,Industrial/Commercial Sales & Service,00010001621002,BROOKFIELD SERVICE, 708 GLEBE ROAD,,WESTMORELAND,NH ,03467,USA,www.brookfieldservice.com,802-485-6567,"Service,Up To 600kW,Mobile/Diesel/Gas,"
10965,Industrial/Commercial Sales & Service,00111184131002,HUNTER & LOMISON, 1956 W FOURTH ST,,WILLIAMSPORT,PA ,17701,USA,www.hunterlomison.com,570-326-1764,"Sales,Service,Up To 600kW,Mobile/Diesel/Gas,Rental,"
10965,Industrial/Commercial Sales & Service,00010000881002,HUNTER & LOMISON INC., 1956 W. 4TH STREET,,WILLIAMSPORT,PA ,17701,USA,www.hunterlomison.com,570-326-1764,"Service,Up To 600kW,Mobile/Diesel/Gas,"
10965,Industrial/Commercial Sales & Service,00010021101002,SOUTH SHORE GENERATOR INC-Quote, 2696A CRANBERRY HWY,,WAREHAM,MA ,02571,USA,,508-295-7336,"Sales,Service,Up To 600kW,Mobile/Diesel/Gas,"
10965,Industrial/Commercial Sales & Service,00010001701002,SOUTH SHORE GENERATOR INC, ,,EAST WAREHAM,MA ,02538,USA,,508-295-7336,"Financing,Sales,Service,Up To 600kW,Mobile/Diesel/Gas,"
10965,Industrial/Commercial Sales & Service,00111207431002,WARSHAUER ELECTRIC SUPPLY CO INC, 800 SHREWSBURY AVE,,TINTON FALLS,NJ ,07724,USA,www.warshauer.com,732-741-6400,"Service,"
10965,Industrial/Commercial Sales & Service,00010157021002,Mechanical Service Co, 1145 Oak St.,,Pittston,PA ,18640,USA,,570-654-2445,"Service,"
10968,Industrial/Commercial Sales & Service,00010214161002,"R.L. Kistler, Inc", 300 Mile Crossing Blvd.,,Rochester,NY ,14624,USA,rlkistler.com,585-436-1940,"Sales,"
10968,Industrial/Commercial Sales & Service,00010214161002,"R.L. KISTLER, INC.", 35 HAMILTON LANE,,GLENMONT,NY ,12077,USA,,585-436-1940,"Sales,Service,"
10968,Industrial/Commercial Sales & Service,00010001611002,Huntington Power, 230 Long Hill Cross Rd,,Shelton,CT ,06484,USA,www.huntingtonpower.com,203-929-3203,"Sales,Service,Up To 2MW,Mobile/Diesel/Gas,Training,Rental,"
10968,Industrial/Commercial Sales & Service,00010214161002,"R.L. Kistler, Inc", 5615 Business Ave.,,N. Syracuse,NY ,13208,USA,,315-458-2875,"Sales,"
10968,Industrial/Commercial Sales & Service,00010214161002,"R.L. Kistler, Inc", 5615 Business Ave.,,N. Syracuse,NY ,13208,USA,,315-458-2875,"Sales,"
10968,Industrial/Commercial Sales & Service,00010001611002,Huntington Power, 68 Enter Ln,,Islandia,NY ,11749,USA,,631-563-4943,"Sales,Service,Up To 2MW,Mobile/Diesel/Gas,"
10968,Industrial/Commercial Sales & Service,00010001611002,Huntington Power, 34 E DUDLEY TOWN RD.,,BLOOMFIELD,CT ,06002,USA,,860-289-8790,"Sales,Service,Rental,"
10968,Industrial/Commercial Sales & Service,00010208021002,Modern Group Power Systems, 2501 Durham Road,,Bristol,PA ,19007,USA,www.moderngroup.com,800-404-7291,"Sales,Service,Up To 2MW,Mobile/Diesel/Gas,Training,Rental,"
10968,Industrial/Commercial Sales & Service,00010001731002,Authorized Services Of New England, 410 Forest Street,,Marlborough,MA ,01752,USA,www.asne.com,888-890-9886,"Financing,Sales,Service,Up To 2MW,Mobile/Diesel/Gas,Training,Rental,"
10968,Industrial/Commercial Sales & Service,00010008091002,MODERN HANDLING EQUIP, 75 NEW STREET,,EDISON,NJ ,08837,USA,www.moderngroup.com,800-779-5116,"Sales,Service,Up To 2MW,Mobile/Diesel/Gas,"
10968,Industrial/Commercial Sales & Service,00010208021002,Modern Group Power Systems, 6352 Chapmans Rd,,Allentown,PA ,18106,USA,,800-404-7291,"Sales,Service,Up To 2MW,Mobile/Diesel/Gas,"
10968,Industrial/Commercial Sales & Service,00010208021002,Modern Group Power Systems, 200 Allied Parkway,,West Berlin,NJ ,08091,USA,,800-404-7291,"Sales,Service,Up To 2MW,Mobile/Diesel/Gas,"
10968,Industrial/Commercial Sales & Service,00010208021002,Modern Group Power Systems, 295 New Commerce Blvd.,,Wilkes Barre,PA ,18706,USA,,800-404-7291,"Sales,Service,Up To 2MW,Mobile/Diesel/Gas,"
10968,Industrial/Commercial Sales & Service,00010000931002,"EMERGENCY POWER SYSTEMS, LLC", 35 HAMILTON LANE,,GLENMONT,NY ,12077,USA,,800-914-1465,"Service,Up To 2MW,Mobile/Diesel/Gas,"
10968,Industrial/Commercial Sales & Service,00010000931002,"EMERGENCY POWER SYSTEMS, LLC", 35 HAMILTON LANE,,GLENMONT,NY ,12077,USA,,800-914-1465,"Service,"
10968,Industrial/Commercial Sales & Service,00010208021002,Modern Group Power Systems, 66A South Gate Blvd.,,New Castle,DE ,19720,USA,,800-404-7291,"Sales,Service,Up To 2MW,Mobile/Diesel/Gas,"
10968,Industrial/Commercial Sales & Service,00010001731002,AUTHORIZED SERVICES OF NEW ENGLAND, 410 FOREST STREET,,MARLBOROUGH,MA ,01752,USA,,888-890-9886,"Sales,"
10968,Industrial/Commercial Sales & Service,00010208021002,Modern Group Power Systems, 3480 Board Road,,York,PA ,17402,USA,,800-404-7291,"Sales,Service,Up To 2MW,Mobile/Diesel/Gas,"
10968,Industrial/Commercial Sales & Service,00010001761002,"GENSERVE, INC.", 100 NEWTOWN RD,,PLAINVIEW,NY ,11803,USA,www.genserveinc.com,631-435-0437,"Service,"
10968,Industrial/Commercial Sales & Service,00111209521002,LONG ISLAND EMERGENCY POWER -QO, 2 Ocean Avenue,,DEER PARK,NY ,11729,USA,,631-586-7513,"Sales,"
10968,Industrial/Commercial Sales & Service,00010134071002,PEAK POWER SYSTEMS, 99 SPRAGUE AVENUE,,MIDDLETOWN,NY ,10940,USA,www.peakpowersystems.com,845-344-1975,"Sales,Service,Up To 600kW,Mobile/Diesel/Gas,Rental,"
10968,Industrial/Commercial Sales & Service,00111209531002,HUNTINGTON POWER - LONG ISLAND, PO BOX 2040,,SHELTON,CT ,06484,USA,,631-586-7513,"Sales,"
10968,Industrial/Commercial Sales & Service,00010139211002,POWERPRO SERVICE CO. INC., 608 JOHNSON AVE. UNIT 6,,BOHEMIA,NY ,11716,USA,,631-567-2700,"Sales,Service,Up To 600kW,Mobile/Diesel/Gas,"
10968,Industrial/Commercial Sales & Service,00010001761002,"GENSERVE, INC.", 115A TWINBRIDGE DR.,,PENNSAUKEN,NJ ,08110,USA,www.genserveinc.com,856-324-0459,"Service,"
10968,Industrial/Commercial Sales & Service,00010001621002,BROOKFIELD SERVICE, 708 GLEBE ROAD,,WESTMORELAND,NH ,03467,USA,www.brookfieldservice.com,802-485-6567,"Service,Up To 600kW,Mobile/Diesel/Gas,"
10968,Industrial/Commercial Sales & Service,00111184131002,HUNTER & LOMISON, 1956 W FOURTH ST,,WILLIAMSPORT,PA ,17701,USA,www.hunterlomison.com,570-326-1764,"Sales,Service,Up To 600kW,Mobile/Diesel/Gas,Rental,"
10968,Industrial/Commercial Sales & Service,00010000881002,HUNTER & LOMISON INC., 1956 W. 4TH STREET,,WILLIAMSPORT,PA ,17701,USA,www.hunterlomison.com,570-326-1764,"Service,Up To 600kW,Mobile/Diesel/Gas,"
10968,Industrial/Commercial Sales & Service,00010021101002,SOUTH SHORE GENERATOR INC-Quote, 2696A CRANBERRY HWY,,WAREHAM,MA ,02571,USA,,508-295-7336,"Sales,Service,Up To 600kW,Mobile/Diesel/Gas,"
10968,Industrial/Commercial Sales & Service,00010001701002,SOUTH SHORE GENERATOR INC, ,,EAST WAREHAM,MA ,02538,USA,,508-295-7336,"Financing,Sales,Service,Up To 600kW,Mobile/Diesel/Gas,"
10968,Industrial/Commercial Sales & Service,00111207431002,WARSHAUER ELECTRIC SUPPLY CO INC, 800 SHREWSBURY AVE,,TINTON FALLS,NJ ,07724,USA,www.warshauer.com,732-741-6400,"Service,"
10968,Industrial/Commercial Sales & Service,00010157021002,Mechanical Service Co, 1145 Oak St.,,Pittston,PA ,18640,USA,,570-654-2445,"Service,"
10969,Industrial/Commercial Sales & Service,00010214161002,"R.L. KISTLER, INC.", 35 HAMILTON LANE,,GLENMONT,NY ,12077,USA,,585-436-1940,"Sales,Service,"
10969,Industrial/Commercial Sales & Service,00010214161002,"R.L. Kistler, Inc", 300 Mile Crossing Blvd.,,Rochester,NY ,14624,USA,rlkistler.com,585-436-1940,"Sales,"
10969,Industrial/Commercial Sales & Service,00010001611002,Huntington Power, 230 Long Hill Cross Rd,,Shelton,CT ,06484,USA,www.huntingtonpower.com,203-929-3203,"Sales,Service,Up To 2MW,Mobile/Diesel/Gas,Training,Rental,"
10969,Industrial/Commercial Sales & Service,00010214161002,"R.L. Kistler, Inc", 5615 Business Ave.,,N. Syracuse,NY ,13208,USA,,315-458-2875,"Sales,"
10969,Industrial/Commercial Sales & Service,00010214161002,"R.L. Kistler, Inc", 5615 Business Ave.,,N. Syracuse,NY ,13208,USA,,315-458-2875,"Sales,"
10969,Industrial/Commercial Sales & Service,00010001611002,Huntington Power, 68 Enter Ln,,Islandia,NY ,11749,USA,,631-563-4943,"Sales,Service,Up To 2MW,Mobile/Diesel/Gas,"
10969,Industrial/Commercial Sales & Service,00010001611002,Huntington Power, 34 E DUDLEY TOWN RD.,,BLOOMFIELD,CT ,06002,USA,,860-289-8790,"Sales,Service,Rental,"
10969,Industrial/Commercial Sales & Service,00010208021002,Modern Group Power Systems, 2501 Durham Road,,Bristol,PA ,19007,USA,www.moderngroup.com,800-404-7291,"Sales,Service,Up To 2MW,Mobile/Diesel/Gas,Training,Rental,"
10969,Industrial/Commercial Sales & Service,00010001731002,Authorized Services Of New England, 410 Forest Street,,Marlborough,MA ,01752,USA,www.asne.com,888-890-9886,"Financing,Sales,Service,Up To 2MW,Mobile/Diesel/Gas,Training,Rental,"
10969,Industrial/Commercial Sales & Service,00010008091002,MODERN HANDLING EQUIP, 75 NEW STREET,,EDISON,NJ ,08837,USA,www.moderngroup.com,800-779-5116,"Sales,Service,Up To 2MW,Mobile/Diesel/Gas,"
10969,Industrial/Commercial Sales & Service,00010208021002,Modern Group Power Systems, 6352 Chapmans Rd,,Allentown,PA ,18106,USA,,800-404-7291,"Sales,Service,Up To 2MW,Mobile/Diesel/Gas,"
10969,Industrial/Commercial Sales & Service,00010208021002,Modern Group Power Systems, 295 New Commerce Blvd.,,Wilkes Barre,PA ,18706,USA,,800-404-7291,"Sales,Service,Up To 2MW,Mobile/Diesel/Gas,"
10969,Industrial/Commercial Sales & Service,00010000931002,"EMERGENCY POWER SYSTEMS, LLC", 35 HAMILTON LANE,,GLENMONT,NY ,12077,USA,,800-914-1465,"Service,Up To 2MW,Mobile/Diesel/Gas,"
10969,Industrial/Commercial Sales & Service,00010000931002,"EMERGENCY POWER SYSTEMS, LLC", 35 HAMILTON LANE,,GLENMONT,NY ,12077,USA,,800-914-1465,"Service,"
10969,Industrial/Commercial Sales & Service,00010208021002,Modern Group Power Systems, 200 Allied Parkway,,West Berlin,NJ ,08091,USA,,800-404-7291,"Sales,Service,Up To 2MW,Mobile/Diesel/Gas,"
10969,Industrial/Commercial Sales & Service,00010208021002,Modern Group Power Systems, 66A South Gate Blvd.,,New Castle,DE ,19720,USA,,800-404-7291,"Sales,Service,Up To 2MW,Mobile/Diesel/Gas,"
10969,Industrial/Commercial Sales & Service,00010208021002,Modern Group Power Systems, 3480 Board Road,,York,PA ,17402,USA,,800-404-7291,"Sales,Service,Up To 2MW,Mobile/Diesel/Gas,"
10969,Industrial/Commercial Sales & Service,00010001731002,AUTHORIZED SERVICES OF NEW ENGLAND, 410 FOREST STREET,,MARLBOROUGH,MA ,01752,USA,,888-890-9886,"Sales,"
10969,Industrial/Commercial Sales & Service,00010134071002,PEAK POWER SYSTEMS, 99 SPRAGUE AVENUE,,MIDDLETOWN,NY ,10940,USA,www.peakpowersystems.com,845-344-1975,"Sales,Service,Up To 600kW,Mobile/Diesel/Gas,Rental,"
10969,Industrial/Commercial Sales & Service,00010001761002,"GENSERVE, INC.", 100 NEWTOWN RD,,PLAINVIEW,NY ,11803,USA,www.genserveinc.com,631-435-0437,"Service,"
10969,Industrial/Commercial Sales & Service,00111209531002,HUNTINGTON POWER - LONG ISLAND, PO BOX 2040,,SHELTON,CT ,06484,USA,,631-586-7513,"Sales,"
10969,Industrial/Commercial Sales & Service,00111209521002,LONG ISLAND EMERGENCY POWER -QO, 2 Ocean Avenue,,DEER PARK,NY ,11729,USA,,631-586-7513,"Sales,"
10969,Industrial/Commercial Sales & Service,00010139211002,POWERPRO SERVICE CO. INC., 608 JOHNSON AVE. UNIT 6,,BOHEMIA,NY ,11716,USA,,631-567-2700,"Sales,Service,Up To 600kW,Mobile/Diesel/Gas,"
10969,Industrial/Commercial Sales & Service,00010001761002,"GENSERVE, INC.", 115A TWINBRIDGE DR.,,PENNSAUKEN,NJ ,08110,USA,www.genserveinc.com,856-324-0459,"Service,"
10969,Industrial/Commercial Sales & Service,00111184131002,HUNTER & LOMISON, 1956 W FOURTH ST,,WILLIAMSPORT,PA ,17701,USA,www.hunterlomison.com,570-326-1764,"Sales,Service,Up To 600kW,Mobile/Diesel/Gas,Rental,"
10969,Industrial/Commercial Sales & Service,00010000881002,HUNTER & LOMISON INC., 1956 W. 4TH STREET,,WILLIAMSPORT,PA ,17701,USA,www.hunterlomison.com,570-326-1764,"Service,Up To 600kW,Mobile/Diesel/Gas,"
10969,Industrial/Commercial Sales & Service,00010001621002,BROOKFIELD SERVICE, 708 GLEBE ROAD,,WESTMORELAND,NH ,03467,USA,www.brookfieldservice.com,802-485-6567,"Service,Up To 600kW,Mobile/Diesel/Gas,"
10969,Industrial/Commercial Sales & Service,00010021101002,SOUTH SHORE GENERATOR INC-Quote, 2696A CRANBERRY HWY,,WAREHAM,MA ,02571,USA,,508-295-7336,"Sales,Service,Up To 600kW,Mobile/Diesel/Gas,"
10969,Industrial/Commercial Sales & Service,00010157021002,Mechanical Service Co, 1145 Oak St.,,Pittston,PA ,18640,USA,,570-654-2445,"Service,"
10969,Industrial/Commercial Sales & Service,00111207431002,WARSHAUER ELECTRIC SUPPLY CO INC, 800 SHREWSBURY AVE,,TINTON FALLS,NJ ,07724,USA,www.warshauer.com,732-741-6400,"Service,"
10970,Industrial/Commercial Sales & Service,00010001611002,Huntington Power, 230 Long Hill Cross Rd,,Shelton,CT ,06484,USA,www.huntingtonpower.com,203-929-3203,"Sales,Service,Up To 2MW,Mobile/Diesel/Gas,Training,Rental,"
10970,Industrial/Commercial Sales & Service,00010214161002,"R.L. KISTLER, INC.", 35 HAMILTON LANE,,GLENMONT,NY ,12077,USA,,585-436-1940,"Sales,Service,"
10970,Industrial/Commercial Sales & Service,00010214161002,"R.L. Kistler, Inc", 300 Mile Crossing Blvd.,,Rochester,NY ,14624,USA,rlkistler.com,585-436-1940,"Sales,"
10970,Industrial/Commercial Sales & Service,00010001611002,Huntington Power, 68 Enter Ln,,Islandia,NY ,11749,USA,,631-563-4943,"Sales,Service,Up To 2MW,Mobile/Diesel/Gas,"
10970,Industrial/Commercial Sales & Service,00010001611002,Huntington Power, 34 E DUDLEY TOWN RD.,,BLOOMFIELD,CT ,06002,USA,,860-289-8790,"Sales,Service,Rental,"
10970,Industrial/Commercial Sales & Service,00010214161002,"R.L. Kistler, Inc", 5615 Business Ave.,,N. Syracuse,NY ,13208,USA,,315-458-2875,"Sales,"
10970,Industrial/Commercial Sales & Service,00010214161002,"R.L. Kistler, Inc", 5615 Business Ave.,,N. Syracuse,NY ,13208,USA,,315-458-2875,"Sales,"
10970,Industrial/Commercial Sales & Service,00010208021002,Modern Group Power Systems, 2501 Durham Road,,Bristol,PA ,19007,USA,www.moderngroup.com,800-404-7291,"Sales,Service,Up To 2MW,Mobile/Diesel/Gas,Training,Rental,"
10970,Industrial/Commercial Sales & Service,00010001731002,Authorized Services Of New England, 410 Forest Street,,Marlborough,MA ,01752,USA,www.asne.com,888-890-9886,"Financing,Sales,Service,Up To 2MW,Mobile/Diesel/Gas,Training,Rental,"
10970,Industrial/Commercial Sales & Service,00010008091002,MODERN HANDLING EQUIP, 75 NEW STREET,,EDISON,NJ ,08837,USA,www.moderngroup.com,800-779-5116,"Sales,Service,Up To 2MW,Mobile/Diesel/Gas,"
10970,Industrial/Commercial Sales & Service,00010208021002,Modern Group Power Systems, 6352 Chapmans Rd,,Allentown,PA ,18106,USA,,800-404-7291,"Sales,Service,Up To 2MW,Mobile/Diesel/Gas,"
10970,Industrial/Commercial Sales & Service,00010000931002,"EMERGENCY POWER SYSTEMS, LLC", 35 HAMILTON LANE,,GLENMONT,NY ,12077,USA,,800-914-1465,"Service,Up To 2MW,Mobile/Diesel/Gas,"
10970,Industrial/Commercial Sales & Service,00010000931002,"EMERGENCY POWER SYSTEMS, LLC", 35 HAMILTON LANE,,GLENMONT,NY ,12077,USA,,800-914-1465,"Service,"
10970,Industrial/Commercial Sales & Service,00010208021002,Modern Group Power Systems, 295 New Commerce Blvd.,,Wilkes Barre,PA ,18706,USA,,800-404-7291,"Sales,Service,Up To 2MW,Mobile/Diesel/Gas,"
10970,Industrial/Commercial Sales & Service,00010208021002,Modern Group Power Systems, 200 Allied Parkway,,West Berlin,NJ ,08091,USA,,800-404-7291,"Sales,Service,Up To 2MW,Mobile/Diesel/Gas,"
10970,Industrial/Commercial Sales & Service,00010208021002,Modern Group Power Systems, 66A South Gate Blvd.,,New Castle,DE ,19720,USA,,800-404-7291,"Sales,Service,Up To 2MW,Mobile/Diesel/Gas,"
10970,Industrial/Commercial Sales & Service,00010001731002,AUTHORIZED SERVICES OF NEW ENGLAND, 410 FOREST STREET,,MARLBOROUGH,MA ,01752,USA,,888-890-9886,"Sales,"
10970,Industrial/Commercial Sales & Service,00010208021002,Modern Group Power Systems, 3480 Board Road,,York,PA ,17402,USA,,800-404-7291,"Sales,Service,Up To 2MW,Mobile/Diesel/Gas,"
10970,Industrial/Commercial Sales & Service,00010134071002,PEAK POWER SYSTEMS, 99 SPRAGUE AVENUE,,MIDDLETOWN,NY ,10940,USA,www.peakpowersystems.com,845-344-1975,"Sales,Service,Up To 600kW,Mobile/Diesel/Gas,Rental,"
10970,Industrial/Commercial Sales & Service,00010001761002,"GENSERVE, INC.", 100 NEWTOWN RD,,PLAINVIEW,NY ,11803,USA,www.genserveinc.com,631-435-0437,"Service,"
10970,Industrial/Commercial Sales & Service,00111209521002,LONG ISLAND EMERGENCY POWER -QO, 2 Ocean Avenue,,DEER PARK,NY ,11729,USA,,631-586-7513,"Sales,"
10970,Industrial/Commercial Sales & Service,00111209531002,HUNTINGTON POWER - LONG ISLAND, PO BOX 2040,,SHELTON,CT ,06484,USA,,631-586-7513,"Sales,"
10970,Industrial/Commercial Sales & Service,00010139211002,POWERPRO SERVICE CO. INC., 608 JOHNSON AVE. UNIT 6,,BOHEMIA,NY ,11716,USA,,631-567-2700,"Sales,Service,Up To 600kW,Mobile/Diesel/Gas,"
10970,Industrial/Commercial Sales & Service,00010001761002,"GENSERVE, INC.", 115A TWINBRIDGE DR.,,PENNSAUKEN,NJ ,08110,USA,www.genserveinc.com,856-324-0459,"Service,"
10970,Industrial/Commercial Sales & Service,00010001621002,BROOKFIELD SERVICE, 708 GLEBE ROAD,,WESTMORELAND,NH ,03467,USA,www.brookfieldservice.com,802-485-6567,"Service,Up To 600kW,Mobile/Diesel/Gas,"
10970,Industrial/Commercial Sales & Service,00111184131002,HUNTER & LOMISON, 1956 W FOURTH ST,,WILLIAMSPORT,PA ,17701,USA,www.hunterlomison.com,570-326-1764,"Sales,Service,Up To 600kW,Mobile/Diesel/Gas,Rental,"
10970,Industrial/Commercial Sales & Service,00010000881002,HUNTER & LOMISON INC., 1956 W. 4TH STREET,,WILLIAMSPORT,PA ,17701,USA,www.hunterlomison.com,570-326-1764,"Service,Up To 600kW,Mobile/Diesel/Gas,"
10970,Industrial/Commercial Sales & Service,00010021101002,SOUTH SHORE GENERATOR INC-Quote, 2696A CRANBERRY HWY,,WAREHAM,MA ,02571,USA,,508-295-7336,"Sales,Service,Up To 600kW,Mobile/Diesel/Gas,"
10970,Industrial/Commercial Sales & Service,00010001701002,SOUTH SHORE GENERATOR INC, ,,EAST WAREHAM,MA ,02538,USA,,508-295-7336,"Financing,Sales,Service,Up To 600kW,Mobile/Diesel/Gas,"
10970,Industrial/Commercial Sales & Service,00111207431002,WARSHAUER ELECTRIC SUPPLY CO INC, 800 SHREWSBURY AVE,,TINTON FALLS,NJ ,07724,USA,www.warshauer.com,732-741-6400,"Service,"
10970,Industrial/Commercial Sales & Service,00010157021002,Mechanical Service Co, 1145 Oak St.,,Pittston,PA ,18640,USA,,570-654-2445,"Service,"
10973,Industrial/Commercial Sales & Service,00010214161002,"R.L. Kistler, Inc", 300 Mile Crossing Blvd.,,Rochester,NY ,14624,USA,rlkistler.com,585-436-1940,"Sales,"
10973,Industrial/Commercial Sales & Service,00010214161002,"R.L. KISTLER, INC.", 35 HAMILTON LANE,,GLENMONT,NY ,12077,USA,,585-436-1940,"Sales,Service,"
10973,Industrial/Commercial Sales & Service,00010001611002,Huntington Power, 230 Long Hill Cross Rd,,Shelton,CT ,06484,USA,www.huntingtonpower.com,203-929-3203,"Sales,Service,Up To 2MW,Mobile/Diesel/Gas,Training,Rental,"
10973,Industrial/Commercial Sales & Service,00010214161002,"R.L. Kistler, Inc", 5615 Business Ave.,,N. Syracuse,NY ,13208,USA,,315-458-2875,"Sales,"
10973,Industrial/Commercial Sales & Service,00010214161002,"R.L. Kistler, Inc", 5615 Business Ave.,,N. Syracuse,NY ,13208,USA,,315-458-2875,"Sales,"
10973,Industrial/Commercial Sales & Service,00010001611002,Huntington Power, 68 Enter Ln,,Islandia,NY ,11749,USA,,631-563-4943,"Sales,Service,Up To 2MW,Mobile/Diesel/Gas,"
10973,Industrial/Commercial Sales & Service,00010001611002,Huntington Power, 34 E DUDLEY TOWN RD.,,BLOOMFIELD,CT ,06002,USA,,860-289-8790,"Sales,Service,Rental,"
10973,Industrial/Commercial Sales & Service,00010208021002,Modern Group Power Systems, 2501 Durham Road,,Bristol,PA ,19007,USA,www.moderngroup.com,800-404-7291,"Sales,Service,Up To 2MW,Mobile/Diesel/Gas,Training,Rental,"
10973,Industrial/Commercial Sales & Service,00010001731002,Authorized Services Of New England, 410 Forest Street,,Marlborough,MA ,01752,USA,www.asne.com,888-890-9886,"Financing,Sales,Service,Up To 2MW,Mobile/Diesel/Gas,Training,Rental,"
10973,Industrial/Commercial Sales & Service,00010008091002,MODERN HANDLING EQUIP, 75 NEW STREET,,EDISON,NJ ,08837,USA,www.moderngroup.com,800-779-5116,"Sales,Service,Up To 2MW,Mobile/Diesel/Gas,"
10973,Industrial/Commercial Sales & Service,00010208021002,Modern Group Power Systems, 295 New Commerce Blvd.,,Wilkes Barre,PA ,18706,USA,,800-404-7291,"Sales,Service,Up To 2MW,Mobile/Diesel/Gas,"
10973,Industrial/Commercial Sales & Service,00010208021002,Modern Group Power Systems, 6352 Chapmans Rd,,Allentown,PA ,18106,USA,,800-404-7291,"Sales,Service,Up To 2MW,Mobile/Diesel/Gas,"
10973,Industrial/Commercial Sales & Service,00010000931002,"EMERGENCY POWER SYSTEMS, LLC", 35 HAMILTON LANE,,GLENMONT,NY ,12077,USA,,800-914-1465,"Service,Up To 2MW,Mobile/Diesel/Gas,"
10973,Industrial/Commercial Sales & Service,00010000931002,"EMERGENCY POWER SYSTEMS, LLC", 35 HAMILTON LANE,,GLENMONT,NY ,12077,USA,,800-914-1465,"Service,"
10973,Industrial/Commercial Sales & Service,00010208021002,Modern Group Power Systems, 200 Allied Parkway,,West Berlin,NJ ,08091,USA,,800-404-7291,"Sales,Service,Up To 2MW,Mobile/Diesel/Gas,"
10973,Industrial/Commercial Sales & Service,00010208021002,Modern Group Power Systems, 66A South Gate Blvd.,,New Castle,DE ,19720,USA,,800-404-7291,"Sales,Service,Up To 2MW,Mobile/Diesel/Gas,"
10973,Industrial/Commercial Sales & Service,00010208021002,Modern Group Power Systems, 3480 Board Road,,York,PA ,17402,USA,,800-404-7291,"Sales,Service,Up To 2MW,Mobile/Diesel/Gas,"
10973,Industrial/Commercial Sales & Service,00010001731002,AUTHORIZED SERVICES OF NEW ENGLAND, 410 FOREST STREET,,MARLBOROUGH,MA ,01752,USA,,888-890-9886,"Sales,"
10973,Industrial/Commercial Sales & Service,00010134071002,PEAK POWER SYSTEMS, 99 SPRAGUE AVENUE,,MIDDLETOWN,NY ,10940,USA,www.peakpowersystems.com,845-344-1975,"Sales,Service,Up To 600kW,Mobile/Diesel/Gas,Rental,"
10973,Industrial/Commercial Sales & Service,00010001761002,"GENSERVE, INC.", 100 NEWTOWN RD,,PLAINVIEW,NY ,11803,USA,www.genserveinc.com,631-435-0437,"Service,"
10973,Industrial/Commercial Sales & Service,00111209531002,HUNTINGTON POWER - LONG ISLAND, PO BOX 2040,,SHELTON,CT ,06484,USA,,631-586-7513,"Sales,"
10973,Industrial/Commercial Sales & Service,00111209521002,LONG ISLAND EMERGENCY POWER -QO, 2 Ocean Avenue,,DEER PARK,NY ,11729,USA,,631-586-7513,"Sales,"
10973,Industrial/Commercial Sales & Service,00010139211002,POWERPRO SERVICE CO. INC., 608 JOHNSON AVE. UNIT 6,,BOHEMIA,NY ,11716,USA,,631-567-2700,"Sales,Service,Up To 600kW,Mobile/Diesel/Gas,"
10973,Industrial/Commercial Sales & Service,00010001761002,"GENSERVE, INC.", 115A TWINBRIDGE DR.,,PENNSAUKEN,NJ ,08110,USA,www.genserveinc.com,856-324-0459,"Service,"
10973,Industrial/Commercial Sales & Service,00111184131002,HUNTER & LOMISON, 1956 W FOURTH ST,,WILLIAMSPORT,PA ,17701,USA,www.hunterlomison.com,570-326-1764,"Sales,Service,Up To 600kW,Mobile/Diesel/Gas,Rental,"
10973,Industrial/Commercial Sales & Service,00010000881002,HUNTER & LOMISON INC., 1956 W. 4TH STREET,,WILLIAMSPORT,PA ,17701,USA,www.hunterlomison.com,570-326-1764,"Service,Up To 600kW,Mobile/Diesel/Gas,"
10973,Industrial/Commercial Sales & Service,00010001621002,BROOKFIELD SERVICE, 708 GLEBE ROAD,,WESTMORELAND,NH ,03467,USA,www.brookfieldservice.com,802-485-6567,"Service,Up To 600kW,Mobile/Diesel/Gas,"
10973,Industrial/Commercial Sales & Service,00010021101002,SOUTH SHORE GENERATOR INC-Quote, 2696A CRANBERRY HWY,,WAREHAM,MA ,02571,USA,,508-295-7336,"Sales,Service,Up To 600kW,Mobile/Diesel/Gas,"
10973,Industrial/Commercial Sales & Service,00010157021002,Mechanical Service Co, 1145 Oak St.,,Pittston,PA ,18640,USA,,570-654-2445,"Service,"
10973,Industrial/Commercial Sales & Service,00111207431002,WARSHAUER ELECTRIC SUPPLY CO INC, 800 SHREWSBURY AVE,,TINTON FALLS,NJ ,07724,USA,www.warshauer.com,732-741-6400,"Service,"
10974,Industrial/Commercial Sales & Service,00010214161002,"R.L. KISTLER, INC.", 35 HAMILTON LANE,,GLENMONT,NY ,12077,USA,,585-436-1940,"Sales,Service,"
10974,Industrial/Commercial Sales & Service,00010214161002,"R.L. Kistler, Inc", 300 Mile Crossing Blvd.,,Rochester,NY ,14624,USA,rlkistler.com,585-436-1940,"Sales,"
10974,Industrial/Commercial Sales & Service,00010001611002,Huntington Power, 230 Long Hill Cross Rd,,Shelton,CT ,06484,USA,www.huntingtonpower.com,203-929-3203,"Sales,Service,Up To 2MW,Mobile/Diesel/Gas,Training,Rental,"
10974,Industrial/Commercial Sales & Service,00010214161002,"R.L. Kistler, Inc", 5615 Business Ave.,,N. Syracuse,NY ,13208,USA,,315-458-2875,"Sales,"
10974,Industrial/Commercial Sales & Service,00010214161002,"R.L. Kistler, Inc", 5615 Business Ave.,,N. Syracuse,NY ,13208,USA,,315-458-2875,"Sales,"
10974,Industrial/Commercial Sales & Service,00010001611002,Huntington Power, 68 Enter Ln,,Islandia,NY ,11749,USA,,631-563-4943,"Sales,Service,Up To 2MW,Mobile/Diesel/Gas,"
10974,Industrial/Commercial Sales & Service,00010001611002,Huntington Power, 34 E DUDLEY TOWN RD.,,BLOOMFIELD,CT ,06002,USA,,860-289-8790,"Sales,Service,Rental,"
10974,Industrial/Commercial Sales & Service,00010208021002,Modern Group Power Systems, 2501 Durham Road,,Bristol,PA ,19007,USA,www.moderngroup.com,800-404-7291,"Sales,Service,Up To 2MW,Mobile/Diesel/Gas,Training,Rental,"
10974,Industrial/Commercial Sales & Service,00010001731002,Authorized Services Of New England, 410 Forest Street,,Marlborough,MA ,01752,USA,www.asne.com,888-890-9886,"Financing,Sales,Service,Up To 2MW,Mobile/Diesel/Gas,Training,Rental,"
10974,Industrial/Commercial Sales & Service,00010008091002,MODERN HANDLING EQUIP, 75 NEW STREET,,EDISON,NJ ,08837,USA,www.moderngroup.com,800-779-5116,"Sales,Service,Up To 2MW,Mobile/Diesel/Gas,"
10974,Industrial/Commercial Sales & Service,00010208021002,Modern Group Power Systems, 6352 Chapmans Rd,,Allentown,PA ,18106,USA,,800-404-7291,"Sales,Service,Up To 2MW,Mobile/Diesel/Gas,"
10974,Industrial/Commercial Sales & Service,00010208021002,Modern Group Power Systems, 295 New Commerce Blvd.,,Wilkes Barre,PA ,18706,USA,,800-404-7291,"Sales,Service,Up To 2MW,Mobile/Diesel/Gas,"
10974,Industrial/Commercial Sales & Service,00010000931002,"EMERGENCY POWER SYSTEMS, LLC", 35 HAMILTON LANE,,GLENMONT,NY ,12077,USA,,800-914-1465,"Service,Up To 2MW,Mobile/Diesel/Gas,"
10974,Industrial/Commercial Sales & Service,00010000931002,"EMERGENCY POWER SYSTEMS, LLC", 35 HAMILTON LANE,,GLENMONT,NY ,12077,USA,,800-914-1465,"Service,"
10974,Industrial/Commercial Sales & Service,00010208021002,Modern Group Power Systems, 200 Allied Parkway,,West Berlin,NJ ,08091,USA,,800-404-7291,"Sales,Service,Up To 2MW,Mobile/Diesel/Gas,"
10974,Industrial/Commercial Sales & Service,00010208021002,Modern Group Power Systems, 66A South Gate Blvd.,,New Castle,DE ,19720,USA,,800-404-7291,"Sales,Service,Up To 2MW,Mobile/Diesel/Gas,"
10974,Industrial/Commercial Sales & Service,00010208021002,Modern Group Power Systems, 3480 Board Road,,York,PA ,17402,USA,,800-404-7291,"Sales,Service,Up To 2MW,Mobile/Diesel/Gas,"
10974,Industrial/Commercial Sales & Service,00010001731002,AUTHORIZED SERVICES OF NEW ENGLAND, 410 FOREST STREET,,MARLBOROUGH,MA ,01752,USA,,888-890-9886,"Sales,"
10974,Industrial/Commercial Sales & Service,00010134071002,PEAK POWER SYSTEMS, 99 SPRAGUE AVENUE,,MIDDLETOWN,NY ,10940,USA,www.peakpowersystems.com,845-344-1975,"Sales,Service,Up To 600kW,Mobile/Diesel/Gas,Rental,"
10974,Industrial/Commercial Sales & Service,00010001761002,"GENSERVE, INC.", 100 NEWTOWN RD,,PLAINVIEW,NY ,11803,USA,www.genserveinc.com,631-435-0437,"Service,"
10974,Industrial/Commercial Sales & Service,00111209521002,LONG ISLAND EMERGENCY POWER -QO, 2 Ocean Avenue,,DEER PARK,NY ,11729,USA,,631-586-7513,"Sales,"
10974,Industrial/Commercial Sales & Service,00111209531002,HUNTINGTON POWER - LONG ISLAND, PO BOX 2040,,SHELTON,CT ,06484,USA,,631-586-7513,"Sales,"
10974,Industrial/Commercial Sales & Service,00010139211002,POWERPRO SERVICE CO. INC., 608 JOHNSON AVE. UNIT 6,,BOHEMIA,NY ,11716,USA,,631-567-2700,"Sales,Service,Up To 600kW,Mobile/Diesel/Gas,"
10974,Industrial/Commercial Sales & Service,00010001761002,"GENSERVE, INC.", 115A TWINBRIDGE DR.,,PENNSAUKEN,NJ ,08110,USA,www.genserveinc.com,856-324-0459,"Service,"
10974,Industrial/Commercial Sales & Service,00111184131002,HUNTER & LOMISON, 1956 W FOURTH ST,,WILLIAMSPORT,PA ,17701,USA,www.hunterlomison.com,570-326-1764,"Sales,Service,Up To 600kW,Mobile/Diesel/Gas,Rental,"
10974,Industrial/Commercial Sales & Service,00010000881002,HUNTER & LOMISON INC., 1956 W. 4TH STREET,,WILLIAMSPORT,PA ,17701,USA,www.hunterlomison.com,570-326-1764,"Service,Up To 600kW,Mobile/Diesel/Gas,"
10974,Industrial/Commercial Sales & Service,00010001621002,BROOKFIELD SERVICE, 708 GLEBE ROAD,,WESTMORELAND,NH ,03467,USA,www.brookfieldservice.com,802-485-6567,"Service,Up To 600kW,Mobile/Diesel/Gas,"
10974,Industrial/Commercial Sales & Service,00010021101002,SOUTH SHORE GENERATOR INC-Quote, 2696A CRANBERRY HWY,,WAREHAM,MA ,02571,USA,,508-295-7336,"Sales,Service,Up To 600kW,Mobile/Diesel/Gas,"
10974,Industrial/Commercial Sales & Service,00010001701002,SOUTH SHORE GENERATOR INC, ,,EAST WAREHAM,MA ,02538,USA,,508-295-7336,"Financing,Sales,Service,Up To 600kW,Mobile/Diesel/Gas,"
10974,Industrial/Commercial Sales & Service,00111207431002,WARSHAUER ELECTRIC SUPPLY CO INC, 800 SHREWSBURY AVE,,TINTON FALLS,NJ ,07724,USA,www.warshauer.com,732-741-6400,"Service,"
10974,Industrial/Commercial Sales & Service,00010157021002,Mechanical Service Co, 1145 Oak St.,,Pittston,PA ,18640,USA,,570-654-2445,"Service,"
10975,Industrial/Commercial Sales & Service,00010214161002,"R.L. Kistler, Inc", 300 Mile Crossing Blvd.,,Rochester,NY ,14624,USA,rlkistler.com,585-436-1940,"Sales,"
10975,Industrial/Commercial Sales & Service,00010001611002,Huntington Power, 230 Long Hill Cross Rd,,Shelton,CT ,06484,USA,www.huntingtonpower.com,203-929-3203,"Sales,Service,Up To 2MW,Mobile/Diesel/Gas,Training,Rental,"
10975,Industrial/Commercial Sales & Service,00010214161002,"R.L. KISTLER, INC.", 35 HAMILTON LANE,,GLENMONT,NY ,12077,USA,,585-436-1940,"Sales,Service,"
10975,Industrial/Commercial Sales & Service,00010214161002,"R.L. Kistler, Inc", 5615 Business Ave.,,N. Syracuse,NY ,13208,USA,,315-458-2875,"Sales,"
10975,Industrial/Commercial Sales & Service,00010001611002,Huntington Power, 68 Enter Ln,,Islandia,NY ,11749,USA,,631-563-4943,"Sales,Service,Up To 2MW,Mobile/Diesel/Gas,"
10975,Industrial/Commercial Sales & Service,00010001611002,Huntington Power, 34 E DUDLEY TOWN RD.,,BLOOMFIELD,CT ,06002,USA,,860-289-8790,"Sales,Service,Rental,"
10975,Industrial/Commercial Sales & Service,00010214161002,"R.L. Kistler, Inc", 5615 Business Ave.,,N. Syracuse,NY ,13208,USA,,315-458-2875,"Sales,"
10975,Industrial/Commercial Sales & Service,00010208021002,Modern Group Power Systems, 2501 Durham Road,,Bristol,PA ,19007,USA,www.moderngroup.com,800-404-7291,"Sales,Service,Up To 2MW,Mobile/Diesel/Gas,Training,Rental,"
10975,Industrial/Commercial Sales & Service,00010001731002,Authorized Services Of New England, 410 Forest Street,,Marlborough,MA ,01752,USA,www.asne.com,888-890-9886,"Financing,Sales,Service,Up To 2MW,Mobile/Diesel/Gas,Training,Rental,"
10975,Industrial/Commercial Sales & Service,00010008091002,MODERN HANDLING EQUIP, 75 NEW STREET,,EDISON,NJ ,08837,USA,www.moderngroup.com,800-779-5116,"Sales,Service,Up To 2MW,Mobile/Diesel/Gas,"
10975,Industrial/Commercial Sales & Service,00010208021002,Modern Group Power Systems, 6352 Chapmans Rd,,Allentown,PA ,18106,USA,,800-404-7291,"Sales,Service,Up To 2MW,Mobile/Diesel/Gas,"
10975,Industrial/Commercial Sales & Service,00010208021002,Modern Group Power Systems, 295 New Commerce Blvd.,,Wilkes Barre,PA ,18706,USA,,800-404-7291,"Sales,Service,Up To 2MW,Mobile/Diesel/Gas,"
10975,Industrial/Commercial Sales & Service,00010000931002,"EMERGENCY POWER SYSTEMS, LLC", 35 HAMILTON LANE,,GLENMONT,NY ,12077,USA,,800-914-1465,"Service,Up To 2MW,Mobile/Diesel/Gas,"
10975,Industrial/Commercial Sales & Service,00010000931002,"EMERGENCY POWER SYSTEMS, LLC", 35 HAMILTON LANE,,GLENMONT,NY ,12077,USA,,800-914-1465,"Service,"
10975,Industrial/Commercial Sales & Service,00010208021002,Modern Group Power Systems, 200 Allied Parkway,,West Berlin,NJ ,08091,USA,,800-404-7291,"Sales,Service,Up To 2MW,Mobile/Diesel/Gas,"
10975,Industrial/Commercial Sales & Service,00010208021002,Modern Group Power Systems, 66A South Gate Blvd.,,New Castle,DE ,19720,USA,,800-404-7291,"Sales,Service,Up To 2MW,Mobile/Diesel/Gas,"
10975,Industrial/Commercial Sales & Service,00010001731002,AUTHORIZED SERVICES OF NEW ENGLAND, 410 FOREST STREET,,MARLBOROUGH,MA ,01752,USA,,888-890-9886,"Sales,"
10975,Industrial/Commercial Sales & Service,00010208021002,Modern Group Power Systems, 3480 Board Road,,York,PA ,17402,USA,,800-404-7291,"Sales,Service,Up To 2MW,Mobile/Diesel/Gas,"
10975,Industrial/Commercial Sales & Service,00010134071002,PEAK POWER SYSTEMS, 99 SPRAGUE AVENUE,,MIDDLETOWN,NY ,10940,USA,www.peakpowersystems.com,845-344-1975,"Sales,Service,Up To 600kW,Mobile/Diesel/Gas,Rental,"
10975,Industrial/Commercial Sales & Service,00010001761002,"GENSERVE, INC.", 100 NEWTOWN RD,,PLAINVIEW,NY ,11803,USA,www.genserveinc.com,631-435-0437,"Service,"
10975,Industrial/Commercial Sales & Service,00111209531002,HUNTINGTON POWER - LONG ISLAND, PO BOX 2040,,SHELTON,CT ,06484,USA,,631-586-7513,"Sales,"
10975,Industrial/Commercial Sales & Service,00111209521002,LONG ISLAND EMERGENCY POWER -QO, 2 Ocean Avenue,,DEER PARK,NY ,11729,USA,,631-586-7513,"Sales,"
10975,Industrial/Commercial Sales & Service,00010139211002,POWERPRO SERVICE CO. INC., 608 JOHNSON AVE. UNIT 6,,BOHEMIA,NY ,11716,USA,,631-567-2700,"Sales,Service,Up To 600kW,Mobile/Diesel/Gas,"
10975,Industrial/Commercial Sales & Service,00010001761002,"GENSERVE, INC.", 115A TWINBRIDGE DR.,,PENNSAUKEN,NJ ,08110,USA,www.genserveinc.com,856-324-0459,"Service,"
10975,Industrial/Commercial Sales & Service,00010001621002,BROOKFIELD SERVICE, 708 GLEBE ROAD,,WESTMORELAND,NH ,03467,USA,www.brookfieldservice.com,802-485-6567,"Service,Up To 600kW,Mobile/Diesel/Gas,"
10975,Industrial/Commercial Sales & Service,00111184131002,HUNTER & LOMISON, 1956 W FOURTH ST,,WILLIAMSPORT,PA ,17701,USA,www.hunterlomison.com,570-326-1764,"Sales,Service,Up To 600kW,Mobile/Diesel/Gas,Rental,"
10975,Industrial/Commercial Sales & Service,00010000881002,HUNTER & LOMISON INC., 1956 W. 4TH STREET,,WILLIAMSPORT,PA ,17701,USA,www.hunterlomison.com,570-326-1764,"Service,Up To 600kW,Mobile/Diesel/Gas,"
10975,Industrial/Commercial Sales & Service,00010021101002,SOUTH SHORE GENERATOR INC-Quote, 2696A CRANBERRY HWY,,WAREHAM,MA ,02571,USA,,508-295-7336,"Sales,Service,Up To 600kW,Mobile/Diesel/Gas,"
10975,Industrial/Commercial Sales & Service,00010001701002,SOUTH SHORE GENERATOR INC, ,,EAST WAREHAM,MA ,02538,USA,,508-295-7336,"Financing,Sales,Service,Up To 600kW,Mobile/Diesel/Gas,"
10975,Industrial/Commercial Sales & Service,00111207431002,WARSHAUER ELECTRIC SUPPLY CO INC, 800 SHREWSBURY AVE,,TINTON FALLS,NJ ,07724,USA,www.warshauer.com,732-741-6400,"Service,"
10975,Industrial/Commercial Sales & Service,00010157021002,Mechanical Service Co, 1145 Oak St.,,Pittston,PA ,18640,USA,,570-654-2445,"Service,"
10976,Industrial/Commercial Sales & Service,00010001611002,Huntington Power, 230 Long Hill Cross Rd,,Shelton,CT ,06484,USA,www.huntingtonpower.com,203-929-3203,"Sales,Service,Up To 2MW,Mobile/Diesel/Gas,Training,Rental,"
10976,Industrial/Commercial Sales & Service,00010214161002,"R.L. Kistler, Inc", 300 Mile Crossing Blvd.,,Rochester,NY ,14624,USA,rlkistler.com,585-436-1940,"Sales,"
10976,Industrial/Commercial Sales & Service,00010214161002,"R.L. KISTLER, INC.", 35 HAMILTON LANE,,GLENMONT,NY ,12077,USA,,585-436-1940,"Sales,Service,"
10976,Industrial/Commercial Sales & Service,00010001611002,Huntington Power, 68 Enter Ln,,Islandia,NY ,11749,USA,,631-563-4943,"Sales,Service,Up To 2MW,Mobile/Diesel/Gas,"
10976,Industrial/Commercial Sales & Service,00010001611002,Huntington Power, 34 E DUDLEY TOWN RD.,,BLOOMFIELD,CT ,06002,USA,,860-289-8790,"Sales,Service,Rental,"
10976,Industrial/Commercial Sales & Service,00010214161002,"R.L. Kistler, Inc", 5615 Business Ave.,,N. Syracuse,NY ,13208,USA,,315-458-2875,"Sales,"
10976,Industrial/Commercial Sales & Service,00010214161002,"R.L. Kistler, Inc", 5615 Business Ave.,,N. Syracuse,NY ,13208,USA,,315-458-2875,"Sales,"
10976,Industrial/Commercial Sales & Service,00010208021002,Modern Group Power Systems, 2501 Durham Road,,Bristol,PA ,19007,USA,www.moderngroup.com,800-404-7291,"Sales,Service,Up To 2MW,Mobile/Diesel/Gas,Training,Rental,"
10976,Industrial/Commercial Sales & Service,00010001731002,Authorized Services Of New England, 410 Forest Street,,Marlborough,MA ,01752,USA,www.asne.com,888-890-9886,"Financing,Sales,Service,Up To 2MW,Mobile/Diesel/Gas,Training,Rental,"
10976,Industrial/Commercial Sales & Service,00010008091002,MODERN HANDLING EQUIP, 75 NEW STREET,,EDISON,NJ ,08837,USA,www.moderngroup.com,800-779-5116,"Sales,Service,Up To 2MW,Mobile/Diesel/Gas,"
10976,Industrial/Commercial Sales & Service,00010208021002,Modern Group Power Systems, 6352 Chapmans Rd,,Allentown,PA ,18106,USA,,800-404-7291,"Sales,Service,Up To 2MW,Mobile/Diesel/Gas,"
10976,Industrial/Commercial Sales & Service,00010208021002,Modern Group Power Systems, 200 Allied Parkway,,West Berlin,NJ ,08091,USA,,800-404-7291,"Sales,Service,Up To 2MW,Mobile/Diesel/Gas,"
10976,Industrial/Commercial Sales & Service,00010208021002,Modern Group Power Systems, 295 New Commerce Blvd.,,Wilkes Barre,PA ,18706,USA,,800-404-7291,"Sales,Service,Up To 2MW,Mobile/Diesel/Gas,"
10976,Industrial/Commercial Sales & Service,00010000931002,"EMERGENCY POWER SYSTEMS, LLC", 35 HAMILTON LANE,,GLENMONT,NY ,12077,USA,,800-914-1465,"Service,Up To 2MW,Mobile/Diesel/Gas,"
10976,Industrial/Commercial Sales & Service,00010000931002,"EMERGENCY POWER SYSTEMS, LLC", 35 HAMILTON LANE,,GLENMONT,NY ,12077,USA,,800-914-1465,"Service,"
10976,Industrial/Commercial Sales & Service,00010208021002,Modern Group Power Systems, 66A South Gate Blvd.,,New Castle,DE ,19720,USA,,800-404-7291,"Sales,Service,Up To 2MW,Mobile/Diesel/Gas,"
10976,Industrial/Commercial Sales & Service,00010001731002,AUTHORIZED SERVICES OF NEW ENGLAND, 410 FOREST STREET,,MARLBOROUGH,MA ,01752,USA,,888-890-9886,"Sales,"
10976,Industrial/Commercial Sales & Service,00010208021002,Modern Group Power Systems, 3480 Board Road,,York,PA ,17402,USA,,800-404-7291,"Sales,Service,Up To 2MW,Mobile/Diesel/Gas,"
10976,Industrial/Commercial Sales & Service,00010001761002,"GENSERVE, INC.", 100 NEWTOWN RD,,PLAINVIEW,NY ,11803,USA,www.genserveinc.com,631-435-0437,"Service,"
10976,Industrial/Commercial Sales & Service,00111209521002,LONG ISLAND EMERGENCY POWER -QO, 2 Ocean Avenue,,DEER PARK,NY ,11729,USA,,631-586-7513,"Sales,"
10976,Industrial/Commercial Sales & Service,00010134071002,PEAK POWER SYSTEMS, 99 SPRAGUE AVENUE,,MIDDLETOWN,NY ,10940,USA,www.peakpowersystems.com,845-344-1975,"Sales,Service,Up To 600kW,Mobile/Diesel/Gas,Rental,"
10976,Industrial/Commercial Sales & Service,00010139211002,POWERPRO SERVICE CO. INC., 608 JOHNSON AVE. UNIT 6,,BOHEMIA,NY ,11716,USA,,631-567-2700,"Sales,Service,Up To 600kW,Mobile/Diesel/Gas,"
10976,Industrial/Commercial Sales & Service,00111209531002,HUNTINGTON POWER - LONG ISLAND, PO BOX 2040,,SHELTON,CT ,06484,USA,,631-586-7513,"Sales,"
10976,Industrial/Commercial Sales & Service,00010001761002,"GENSERVE, INC.", 115A TWINBRIDGE DR.,,PENNSAUKEN,NJ ,08110,USA,www.genserveinc.com,856-324-0459,"Service,"
10976,Industrial/Commercial Sales & Service,00010001621002,BROOKFIELD SERVICE, 708 GLEBE ROAD,,WESTMORELAND,NH ,03467,USA,www.brookfieldservice.com,802-485-6567,"Service,Up To 600kW,Mobile/Diesel/Gas,"
10976,Industrial/Commercial Sales & Service,00111184131002,HUNTER & LOMISON, 1956 W FOURTH ST,,WILLIAMSPORT,PA ,17701,USA,www.hunterlomison.com,570-326-1764,"Sales,Service,Up To 600kW,Mobile/Diesel/Gas,Rental,"
10976,Industrial/Commercial Sales & Service,00010000881002,HUNTER & LOMISON INC., 1956 W. 4TH STREET,,WILLIAMSPORT,PA ,17701,USA,www.hunterlomison.com,570-326-1764,"Service,Up To 600kW,Mobile/Diesel/Gas,"
10976,Industrial/Commercial Sales & Service,00010021101002,SOUTH SHORE GENERATOR INC-Quote, 2696A CRANBERRY HWY,,WAREHAM,MA ,02571,USA,,508-295-7336,"Sales,Service,Up To 600kW,Mobile/Diesel/Gas,"
10976,Industrial/Commercial Sales & Service,00010001701002,SOUTH SHORE GENERATOR INC, ,,EAST WAREHAM,MA ,02538,USA,,508-295-7336,"Financing,Sales,Service,Up To 600kW,Mobile/Diesel/Gas,"
10976,Industrial/Commercial Sales & Service,00111207431002,WARSHAUER ELECTRIC SUPPLY CO INC, 800 SHREWSBURY AVE,,TINTON FALLS,NJ ,07724,USA,www.warshauer.com,732-741-6400,"Service,"
10976,Industrial/Commercial Sales & Service,00010157021002,Mechanical Service Co, 1145 Oak St.,,Pittston,PA ,18640,USA,,570-654-2445,"Service,"
10977,Industrial/Commercial Sales & Service,00010214161002,"R.L. KISTLER, INC.", 35 HAMILTON LANE,,GLENMONT,NY ,12077,USA,,585-436-1940,"Sales,Service,"
10977,Industrial/Commercial Sales & Service,00010001611002,Huntington Power, 230 Long Hill Cross Rd,,Shelton,CT ,06484,USA,www.huntingtonpower.com,203-929-3203,"Sales,Service,Up To 2MW,Mobile/Diesel/Gas,Training,Rental,"
10977,Industrial/Commercial Sales & Service,00010214161002,"R.L. Kistler, Inc", 300 Mile Crossing Blvd.,,Rochester,NY ,14624,USA,rlkistler.com,585-436-1940,"Sales,"
10977,Industrial/Commercial Sales & Service,00010214161002,"R.L. Kistler, Inc", 5615 Business Ave.,,N. Syracuse,NY ,13208,USA,,315-458-2875,"Sales,"
10977,Industrial/Commercial Sales & Service,00010001611002,Huntington Power, 68 Enter Ln,,Islandia,NY ,11749,USA,,631-563-4943,"Sales,Service,Up To 2MW,Mobile/Diesel/Gas,"
10977,Industrial/Commercial Sales & Service,00010001611002,Huntington Power, 34 E DUDLEY TOWN RD.,,BLOOMFIELD,CT ,06002,USA,,860-289-8790,"Sales,Service,Rental,"
10977,Industrial/Commercial Sales & Service,00010214161002,"R.L. Kistler, Inc", 5615 Business Ave.,,N. Syracuse,NY ,13208,USA,,315-458-2875,"Sales,"
10977,Industrial/Commercial Sales & Service,00010208021002,Modern Group Power Systems, 2501 Durham Road,,Bristol,PA ,19007,USA,www.moderngroup.com,800-404-7291,"Sales,Service,Up To 2MW,Mobile/Diesel/Gas,Training,Rental,"
10977,Industrial/Commercial Sales & Service,00010001731002,Authorized Services Of New England, 410 Forest Street,,Marlborough,MA ,01752,USA,www.asne.com,888-890-9886,"Financing,Sales,Service,Up To 2MW,Mobile/Diesel/Gas,Training,Rental,"
10977,Industrial/Commercial Sales & Service,00010008091002,MODERN HANDLING EQUIP, 75 NEW STREET,,EDISON,NJ ,08837,USA,www.moderngroup.com,800-779-5116,"Sales,Service,Up To 2MW,Mobile/Diesel/Gas,"
10977,Industrial/Commercial Sales & Service,00010208021002,Modern Group Power Systems, 6352 Chapmans Rd,,Allentown,PA ,18106,USA,,800-404-7291,"Sales,Service,Up To 2MW,Mobile/Diesel/Gas,"
10977,Industrial/Commercial Sales & Service,00010208021002,Modern Group Power Systems, 295 New Commerce Blvd.,,Wilkes Barre,PA ,18706,USA,,800-404-7291,"Sales,Service,Up To 2MW,Mobile/Diesel/Gas,"
10977,Industrial/Commercial Sales & Service,00010208021002,Modern Group Power Systems, 200 Allied Parkway,,West Berlin,NJ ,08091,USA,,800-404-7291,"Sales,Service,Up To 2MW,Mobile/Diesel/Gas,"
10977,Industrial/Commercial Sales & Service,00010000931002,"EMERGENCY POWER SYSTEMS, LLC", 35 HAMILTON LANE,,GLENMONT,NY ,12077,USA,,800-914-1465,"Service,Up To 2MW,Mobile/Diesel/Gas,"
10977,Industrial/Commercial Sales & Service,00010000931002,"EMERGENCY POWER SYSTEMS, LLC", 35 HAMILTON LANE,,GLENMONT,NY ,12077,USA,,800-914-1465,"Service,"
10977,Industrial/Commercial Sales & Service,00010208021002,Modern Group Power Systems, 66A South Gate Blvd.,,New Castle,DE ,19720,USA,,800-404-7291,"Sales,Service,Up To 2MW,Mobile/Diesel/Gas,"
10977,Industrial/Commercial Sales & Service,00010001731002,AUTHORIZED SERVICES OF NEW ENGLAND, 410 FOREST STREET,,MARLBOROUGH,MA ,01752,USA,,888-890-9886,"Sales,"
10977,Industrial/Commercial Sales & Service,00010208021002,Modern Group Power Systems, 3480 Board Road,,York,PA ,17402,USA,,800-404-7291,"Sales,Service,Up To 2MW,Mobile/Diesel/Gas,"
10977,Industrial/Commercial Sales & Service,00010134071002,PEAK POWER SYSTEMS, 99 SPRAGUE AVENUE,,MIDDLETOWN,NY ,10940,USA,www.peakpowersystems.com,845-344-1975,"Sales,Service,Up To 600kW,Mobile/Diesel/Gas,Rental,"
10977,Industrial/Commercial Sales & Service,00010001761002,"GENSERVE, INC.", 100 NEWTOWN RD,,PLAINVIEW,NY ,11803,USA,www.genserveinc.com,631-435-0437,"Service,"
10977,Industrial/Commercial Sales & Service,00111209521002,LONG ISLAND EMERGENCY POWER -QO, 2 Ocean Avenue,,DEER PARK,NY ,11729,USA,,631-586-7513,"Sales,"
10977,Industrial/Commercial Sales & Service,00111209531002,HUNTINGTON POWER - LONG ISLAND, PO BOX 2040,,SHELTON,CT ,06484,USA,,631-586-7513,"Sales,"
10977,Industrial/Commercial Sales & Service,00010139211002,POWERPRO SERVICE CO. INC., 608 JOHNSON AVE. UNIT 6,,BOHEMIA,NY ,11716,USA,,631-567-2700,"Sales,Service,Up To 600kW,Mobile/Diesel/Gas,"
10977,Industrial/Commercial Sales & Service,00010001761002,"GENSERVE, INC.", 115A TWINBRIDGE DR.,,PENNSAUKEN,NJ ,08110,USA,www.genserveinc.com,856-324-0459,"Service,"
10977,Industrial/Commercial Sales & Service,00010001621002,BROOKFIELD SERVICE, 708 GLEBE ROAD,,WESTMORELAND,NH ,03467,USA,www.brookfieldservice.com,802-485-6567,"Service,Up To 600kW,Mobile/Diesel/Gas,"
10977,Industrial/Commercial Sales & Service,00111184131002,HUNTER & LOMISON, 1956 W FOURTH ST,,WILLIAMSPORT,PA ,17701,USA,www.hunterlomison.com,570-326-1764,"Sales,Service,Up To 600kW,Mobile/Diesel/Gas,Rental,"
10977,Industrial/Commercial Sales & Service,00010000881002,HUNTER & LOMISON INC., 1956 W. 4TH STREET,,WILLIAMSPORT,PA ,17701,USA,www.hunterlomison.com,570-326-1764,"Service,Up To 600kW,Mobile/Diesel/Gas,"
10977,Industrial/Commercial Sales & Service,00010021101002,SOUTH SHORE GENERATOR INC-Quote, 2696A CRANBERRY HWY,,WAREHAM,MA ,02571,USA,,508-295-7336,"Sales,Service,Up To 600kW,Mobile/Diesel/Gas,"
10977,Industrial/Commercial Sales & Service,00010001701002,SOUTH SHORE GENERATOR INC, ,,EAST WAREHAM,MA ,02538,USA,,508-295-7336,"Financing,Sales,Service,Up To 600kW,Mobile/Diesel/Gas,"
10977,Industrial/Commercial Sales & Service,00111207431002,WARSHAUER ELECTRIC SUPPLY CO INC, 800 SHREWSBURY AVE,,TINTON FALLS,NJ ,07724,USA,www.warshauer.com,732-741-6400,"Service,"
10977,Industrial/Commercial Sales & Service,00010157021002,Mechanical Service Co, 1145 Oak St.,,Pittston,PA ,18640,USA,,570-654-2445,"Service,"
10979,Industrial/Commercial Sales & Service,00010214161002,"R.L. KISTLER, INC.", 35 HAMILTON LANE,,GLENMONT,NY ,12077,USA,,585-436-1940,"Sales,Service,"
10979,Industrial/Commercial Sales & Service,00010214161002,"R.L. Kistler, Inc", 300 Mile Crossing Blvd.,,Rochester,NY ,14624,USA,rlkistler.com,585-436-1940,"Sales,"
10979,Industrial/Commercial Sales & Service,00010001611002,Huntington Power, 230 Long Hill Cross Rd,,Shelton,CT ,06484,USA,www.huntingtonpower.com,203-929-3203,"Sales,Service,Up To 2MW,Mobile/Diesel/Gas,Training,Rental,"
10979,Industrial/Commercial Sales & Service,00010214161002,"R.L. Kistler, Inc", 5615 Business Ave.,,N. Syracuse,NY ,13208,USA,,315-458-2875,"Sales,"
10979,Industrial/Commercial Sales & Service,00010214161002,"R.L. Kistler, Inc", 5615 Business Ave.,,N. Syracuse,NY ,13208,USA,,315-458-2875,"Sales,"
10979,Industrial/Commercial Sales & Service,00010001611002,Huntington Power, 68 Enter Ln,,Islandia,NY ,11749,USA,,631-563-4943,"Sales,Service,Up To 2MW,Mobile/Diesel/Gas,"
10979,Industrial/Commercial Sales & Service,00010001611002,Huntington Power, 34 E DUDLEY TOWN RD.,,BLOOMFIELD,CT ,06002,USA,,860-289-8790,"Sales,Service,Rental,"
10979,Industrial/Commercial Sales & Service,00010208021002,Modern Group Power Systems, 2501 Durham Road,,Bristol,PA ,19007,USA,www.moderngroup.com,800-404-7291,"Sales,Service,Up To 2MW,Mobile/Diesel/Gas,Training,Rental,"
10979,Industrial/Commercial Sales & Service,00010001731002,Authorized Services Of New England, 410 Forest Street,,Marlborough,MA ,01752,USA,www.asne.com,888-890-9886,"Financing,Sales,Service,Up To 2MW,Mobile/Diesel/Gas,Training,Rental,"
10979,Industrial/Commercial Sales & Service,00010008091002,MODERN HANDLING EQUIP, 75 NEW STREET,,EDISON,NJ ,08837,USA,www.moderngroup.com,800-779-5116,"Sales,Service,Up To 2MW,Mobile/Diesel/Gas,"
10979,Industrial/Commercial Sales & Service,00010208021002,Modern Group Power Systems, 6352 Chapmans Rd,,Allentown,PA ,18106,USA,,800-404-7291,"Sales,Service,Up To 2MW,Mobile/Diesel/Gas,"
10979,Industrial/Commercial Sales & Service,00010208021002,Modern Group Power Systems, 295 New Commerce Blvd.,,Wilkes Barre,PA ,18706,USA,,800-404-7291,"Sales,Service,Up To 2MW,Mobile/Diesel/Gas,"
10979,Industrial/Commercial Sales & Service,00010208021002,Modern Group Power Systems, 200 Allied Parkway,,West Berlin,NJ ,08091,USA,,800-404-7291,"Sales,Service,Up To 2MW,Mobile/Diesel/Gas,"
10979,Industrial/Commercial Sales & Service,00010000931002,"EMERGENCY POWER SYSTEMS, LLC", 35 HAMILTON LANE,,GLENMONT,NY ,12077,USA,,800-914-1465,"Service,Up To 2MW,Mobile/Diesel/Gas,"
10979,Industrial/Commercial Sales & Service,00010000931002,"EMERGENCY POWER SYSTEMS, LLC", 35 HAMILTON LANE,,GLENMONT,NY ,12077,USA,,800-914-1465,"Service,"
10979,Industrial/Commercial Sales & Service,00010208021002,Modern Group Power Systems, 66A South Gate Blvd.,,New Castle,DE ,19720,USA,,800-404-7291,"Sales,Service,Up To 2MW,Mobile/Diesel/Gas,"
10979,Industrial/Commercial Sales & Service,00010208021002,Modern Group Power Systems, 3480 Board Road,,York,PA ,17402,USA,,800-404-7291,"Sales,Service,Up To 2MW,Mobile/Diesel/Gas,"
10979,Industrial/Commercial Sales & Service,00010001731002,AUTHORIZED SERVICES OF NEW ENGLAND, 410 FOREST STREET,,MARLBOROUGH,MA ,01752,USA,,888-890-9886,"Sales,"
10979,Industrial/Commercial Sales & Service,00010134071002,PEAK POWER SYSTEMS, 99 SPRAGUE AVENUE,,MIDDLETOWN,NY ,10940,USA,www.peakpowersystems.com,845-344-1975,"Sales,Service,Up To 600kW,Mobile/Diesel/Gas,Rental,"
10979,Industrial/Commercial Sales & Service,00010001761002,"GENSERVE, INC.", 100 NEWTOWN RD,,PLAINVIEW,NY ,11803,USA,www.genserveinc.com,631-435-0437,"Service,"
10979,Industrial/Commercial Sales & Service,00111209521002,LONG ISLAND EMERGENCY POWER -QO, 2 Ocean Avenue,,DEER PARK,NY ,11729,USA,,631-586-7513,"Sales,"
10979,Industrial/Commercial Sales & Service,00111209531002,HUNTINGTON POWER - LONG ISLAND, PO BOX 2040,,SHELTON,CT ,06484,USA,,631-586-7513,"Sales,"
10979,Industrial/Commercial Sales & Service,00010139211002,POWERPRO SERVICE CO. INC., 608 JOHNSON AVE. UNIT 6,,BOHEMIA,NY ,11716,USA,,631-567-2700,"Sales,Service,Up To 600kW,Mobile/Diesel/Gas,"
10979,Industrial/Commercial Sales & Service,00010001761002,"GENSERVE, INC.", 115A TWINBRIDGE DR.,,PENNSAUKEN,NJ ,08110,USA,www.genserveinc.com,856-324-0459,"Service,"
10979,Industrial/Commercial Sales & Service,00111184131002,HUNTER & LOMISON, 1956 W FOURTH ST,,WILLIAMSPORT,PA ,17701,USA,www.hunterlomison.com,570-326-1764,"Sales,Service,Up To 600kW,Mobile/Diesel/Gas,Rental,"
10979,Industrial/Commercial Sales & Service,00010000881002,HUNTER & LOMISON INC., 1956 W. 4TH STREET,,WILLIAMSPORT,PA ,17701,USA,www.hunterlomison.com,570-326-1764,"Service,Up To 600kW,Mobile/Diesel/Gas,"
10979,Industrial/Commercial Sales & Service,00010001621002,BROOKFIELD SERVICE, 708 GLEBE ROAD,,WESTMORELAND,NH ,03467,USA,www.brookfieldservice.com,802-485-6567,"Service,Up To 600kW,Mobile/Diesel/Gas,"
10979,Industrial/Commercial Sales & Service,00010021101002,SOUTH SHORE GENERATOR INC-Quote, 2696A CRANBERRY HWY,,WAREHAM,MA ,02571,USA,,508-295-7336,"Sales,Service,Up To 600kW,Mobile/Diesel/Gas,"
10979,Industrial/Commercial Sales & Service,00010001701002,SOUTH SHORE GENERATOR INC, ,,EAST WAREHAM,MA ,02538,USA,,508-295-7336,"Financing,Sales,Service,Up To 600kW,Mobile/Diesel/Gas,"
10979,Industrial/Commercial Sales & Service,00111207431002,WARSHAUER ELECTRIC SUPPLY CO INC, 800 SHREWSBURY AVE,,TINTON FALLS,NJ ,07724,USA,www.warshauer.com,732-741-6400,"Service,"
10979,Industrial/Commercial Sales & Service,00010157021002,Mechanical Service Co, 1145 Oak St.,,Pittston,PA ,18640,USA,,570-654-2445,"Service,"
10980,Industrial/Commercial Sales & Service,00010214161002,"R.L. KISTLER, INC.", 35 HAMILTON LANE,,GLENMONT,NY ,12077,USA,,585-436-1940,"Sales,Service,"
10980,Industrial/Commercial Sales & Service,00010214161002,"R.L. Kistler, Inc", 300 Mile Crossing Blvd.,,Rochester,NY ,14624,USA,rlkistler.com,585-436-1940,"Sales,"
10980,Industrial/Commercial Sales & Service,00010001611002,Huntington Power, 230 Long Hill Cross Rd,,Shelton,CT ,06484,USA,www.huntingtonpower.com,203-929-3203,"Sales,Service,Up To 2MW,Mobile/Diesel/Gas,Training,Rental,"
10980,Industrial/Commercial Sales & Service,00010214161002,"R.L. Kistler, Inc", 5615 Business Ave.,,N. Syracuse,NY ,13208,USA,,315-458-2875,"Sales,"
10980,Industrial/Commercial Sales & Service,00010214161002,"R.L. Kistler, Inc", 5615 Business Ave.,,N. Syracuse,NY ,13208,USA,,315-458-2875,"Sales,"
10980,Industrial/Commercial Sales & Service,00010001611002,Huntington Power, 68 Enter Ln,,Islandia,NY ,11749,USA,,631-563-4943,"Sales,Service,Up To 2MW,Mobile/Diesel/Gas,"
10980,Industrial/Commercial Sales & Service,00010001611002,Huntington Power, 34 E DUDLEY TOWN RD.,,BLOOMFIELD,CT ,06002,USA,,860-289-8790,"Sales,Service,Rental,"
10980,Industrial/Commercial Sales & Service,00010208021002,Modern Group Power Systems, 2501 Durham Road,,Bristol,PA ,19007,USA,www.moderngroup.com,800-404-7291,"Sales,Service,Up To 2MW,Mobile/Diesel/Gas,Training,Rental,"
10980,Industrial/Commercial Sales & Service,00010001731002,Authorized Services Of New England, 410 Forest Street,,Marlborough,MA ,01752,USA,www.asne.com,888-890-9886,"Financing,Sales,Service,Up To 2MW,Mobile/Diesel/Gas,Training,Rental,"
10980,Industrial/Commercial Sales & Service,00010008091002,MODERN HANDLING EQUIP, 75 NEW STREET,,EDISON,NJ ,08837,USA,www.moderngroup.com,800-779-5116,"Sales,Service,Up To 2MW,Mobile/Diesel/Gas,"
10980,Industrial/Commercial Sales & Service,00010208021002,Modern Group Power Systems, 6352 Chapmans Rd,,Allentown,PA ,18106,USA,,800-404-7291,"Sales,Service,Up To 2MW,Mobile/Diesel/Gas,"
10980,Industrial/Commercial Sales & Service,00010000931002,"EMERGENCY POWER SYSTEMS, LLC", 35 HAMILTON LANE,,GLENMONT,NY ,12077,USA,,800-914-1465,"Service,Up To 2MW,Mobile/Diesel/Gas,"
10980,Industrial/Commercial Sales & Service,00010000931002,"EMERGENCY POWER SYSTEMS, LLC", 35 HAMILTON LANE,,GLENMONT,NY ,12077,USA,,800-914-1465,"Service,"
10980,Industrial/Commercial Sales & Service,00010208021002,Modern Group Power Systems, 295 New Commerce Blvd.,,Wilkes Barre,PA ,18706,USA,,800-404-7291,"Sales,Service,Up To 2MW,Mobile/Diesel/Gas,"
10980,Industrial/Commercial Sales & Service,00010208021002,Modern Group Power Systems, 200 Allied Parkway,,West Berlin,NJ ,08091,USA,,800-404-7291,"Sales,Service,Up To 2MW,Mobile/Diesel/Gas,"
10980,Industrial/Commercial Sales & Service,00010208021002,Modern Group Power Systems, 66A South Gate Blvd.,,New Castle,DE ,19720,USA,,800-404-7291,"Sales,Service,Up To 2MW,Mobile/Diesel/Gas,"
10980,Industrial/Commercial Sales & Service,00010001731002,AUTHORIZED SERVICES OF NEW ENGLAND, 410 FOREST STREET,,MARLBOROUGH,MA ,01752,USA,,888-890-9886,"Sales,"
10980,Industrial/Commercial Sales & Service,00010208021002,Modern Group Power Systems, 3480 Board Road,,York,PA ,17402,USA,,800-404-7291,"Sales,Service,Up To 2MW,Mobile/Diesel/Gas,"
10980,Industrial/Commercial Sales & Service,00010134071002,PEAK POWER SYSTEMS, 99 SPRAGUE AVENUE,,MIDDLETOWN,NY ,10940,USA,www.peakpowersystems.com,845-344-1975,"Sales,Service,Up To 600kW,Mobile/Diesel/Gas,Rental,"
10980,Industrial/Commercial Sales & Service,00010001761002,"GENSERVE, INC.", 100 NEWTOWN RD,,PLAINVIEW,NY ,11803,USA,www.genserveinc.com,631-435-0437,"Service,"
10980,Industrial/Commercial Sales & Service,00111209531002,HUNTINGTON POWER - LONG ISLAND, PO BOX 2040,,SHELTON,CT ,06484,USA,,631-586-7513,"Sales,"
10980,Industrial/Commercial Sales & Service,00111209521002,LONG ISLAND EMERGENCY POWER -QO, 2 Ocean Avenue,,DEER PARK,NY ,11729,USA,,631-586-7513,"Sales,"
10980,Industrial/Commercial Sales & Service,00010139211002,POWERPRO SERVICE CO. INC., 608 JOHNSON AVE. UNIT 6,,BOHEMIA,NY ,11716,USA,,631-567-2700,"Sales,Service,Up To 600kW,Mobile/Diesel/Gas,"
10980,Industrial/Commercial Sales & Service,00010001761002,"GENSERVE, INC.", 115A TWINBRIDGE DR.,,PENNSAUKEN,NJ ,08110,USA,www.genserveinc.com,856-324-0459,"Service,"
10980,Industrial/Commercial Sales & Service,00010001621002,BROOKFIELD SERVICE, 708 GLEBE ROAD,,WESTMORELAND,NH ,03467,USA,www.brookfieldservice.com,802-485-6567,"Service,Up To 600kW,Mobile/Diesel/Gas,"
10980,Industrial/Commercial Sales & Service,00111184131002,HUNTER & LOMISON, 1956 W FOURTH ST,,WILLIAMSPORT,PA ,17701,USA,www.hunterlomison.com,570-326-1764,"Sales,Service,Up To 600kW,Mobile/Diesel/Gas,Rental,"
10980,Industrial/Commercial Sales & Service,00010000881002,HUNTER & LOMISON INC., 1956 W. 4TH STREET,,WILLIAMSPORT,PA ,17701,USA,www.hunterlomison.com,570-326-1764,"Service,Up To 600kW,Mobile/Diesel/Gas,"
10980,Industrial/Commercial Sales & Service,00010021101002,SOUTH SHORE GENERATOR INC-Quote, 2696A CRANBERRY HWY,,WAREHAM,MA ,02571,USA,,508-295-7336,"Sales,Service,Up To 600kW,Mobile/Diesel/Gas,"
10980,Industrial/Commercial Sales & Service,00010001701002,SOUTH SHORE GENERATOR INC, ,,EAST WAREHAM,MA ,02538,USA,,508-295-7336,"Financing,Sales,Service,Up To 600kW,Mobile/Diesel/Gas,"
10980,Industrial/Commercial Sales & Service,00111207431002,WARSHAUER ELECTRIC SUPPLY CO INC, 800 SHREWSBURY AVE,,TINTON FALLS,NJ ,07724,USA,www.warshauer.com,732-741-6400,"Service,"
10980,Industrial/Commercial Sales & Service,00010157021002,Mechanical Service Co, 1145 Oak St.,,Pittston,PA ,18640,USA,,570-654-2445,"Service,"
10981,Industrial/Commercial Sales & Service,00010214161002,"R.L. Kistler, Inc", 300 Mile Crossing Blvd.,,Rochester,NY ,14624,USA,rlkistler.com,585-436-1940,"Sales,"
10981,Industrial/Commercial Sales & Service,00010001611002,Huntington Power, 230 Long Hill Cross Rd,,Shelton,CT ,06484,USA,www.huntingtonpower.com,203-929-3203,"Sales,Service,Up To 2MW,Mobile/Diesel/Gas,Training,Rental,"
10981,Industrial/Commercial Sales & Service,00010214161002,"R.L. KISTLER, INC.", 35 HAMILTON LANE,,GLENMONT,NY ,12077,USA,,585-436-1940,"Sales,Service,"
10981,Industrial/Commercial Sales & Service,00010214161002,"R.L. Kistler, Inc", 5615 Business Ave.,,N. Syracuse,NY ,13208,USA,,315-458-2875,"Sales,"
10981,Industrial/Commercial Sales & Service,00010001611002,Huntington Power, 68 Enter Ln,,Islandia,NY ,11749,USA,,631-563-4943,"Sales,Service,Up To 2MW,Mobile/Diesel/Gas,"
10981,Industrial/Commercial Sales & Service,00010001611002,Huntington Power, 34 E DUDLEY TOWN RD.,,BLOOMFIELD,CT ,06002,USA,,860-289-8790,"Sales,Service,Rental,"
10981,Industrial/Commercial Sales & Service,00010214161002,"R.L. Kistler, Inc", 5615 Business Ave.,,N. Syracuse,NY ,13208,USA,,315-458-2875,"Sales,"
10981,Industrial/Commercial Sales & Service,00010208021002,Modern Group Power Systems, 2501 Durham Road,,Bristol,PA ,19007,USA,www.moderngroup.com,800-404-7291,"Sales,Service,Up To 2MW,Mobile/Diesel/Gas,Training,Rental,"
10981,Industrial/Commercial Sales & Service,00010001731002,Authorized Services Of New England, 410 Forest Street,,Marlborough,MA ,01752,USA,www.asne.com,888-890-9886,"Financing,Sales,Service,Up To 2MW,Mobile/Diesel/Gas,Training,Rental,"
10981,Industrial/Commercial Sales & Service,00010008091002,MODERN HANDLING EQUIP, 75 NEW STREET,,EDISON,NJ ,08837,USA,www.moderngroup.com,800-779-5116,"Sales,Service,Up To 2MW,Mobile/Diesel/Gas,"
10981,Industrial/Commercial Sales & Service,00010208021002,Modern Group Power Systems, 6352 Chapmans Rd,,Allentown,PA ,18106,USA,,800-404-7291,"Sales,Service,Up To 2MW,Mobile/Diesel/Gas,"
10981,Industrial/Commercial Sales & Service,00010208021002,Modern Group Power Systems, 295 New Commerce Blvd.,,Wilkes Barre,PA ,18706,USA,,800-404-7291,"Sales,Service,Up To 2MW,Mobile/Diesel/Gas,"
10981,Industrial/Commercial Sales & Service,00010000931002,"EMERGENCY POWER SYSTEMS, LLC", 35 HAMILTON LANE,,GLENMONT,NY ,12077,USA,,800-914-1465,"Service,Up To 2MW,Mobile/Diesel/Gas,"
10981,Industrial/Commercial Sales & Service,00010000931002,"EMERGENCY POWER SYSTEMS, LLC", 35 HAMILTON LANE,,GLENMONT,NY ,12077,USA,,800-914-1465,"Service,"
10981,Industrial/Commercial Sales & Service,00010208021002,Modern Group Power Systems, 200 Allied Parkway,,West Berlin,NJ ,08091,USA,,800-404-7291,"Sales,Service,Up To 2MW,Mobile/Diesel/Gas,"
10981,Industrial/Commercial Sales & Service,00010208021002,Modern Group Power Systems, 66A South Gate Blvd.,,New Castle,DE ,19720,USA,,800-404-7291,"Sales,Service,Up To 2MW,Mobile/Diesel/Gas,"
10981,Industrial/Commercial Sales & Service,00010208021002,Modern Group Power Systems, 3480 Board Road,,York,PA ,17402,USA,,800-404-7291,"Sales,Service,Up To 2MW,Mobile/Diesel/Gas,"
10981,Industrial/Commercial Sales & Service,00010001731002,AUTHORIZED SERVICES OF NEW ENGLAND, 410 FOREST STREET,,MARLBOROUGH,MA ,01752,USA,,888-890-9886,"Sales,"
10981,Industrial/Commercial Sales & Service,00010134071002,PEAK POWER SYSTEMS, 99 SPRAGUE AVENUE,,MIDDLETOWN,NY ,10940,USA,www.peakpowersystems.com,845-344-1975,"Sales,Service,Up To 600kW,Mobile/Diesel/Gas,Rental,"
10981,Industrial/Commercial Sales & Service,00010001761002,"GENSERVE, INC.", 100 NEWTOWN RD,,PLAINVIEW,NY ,11803,USA,www.genserveinc.com,631-435-0437,"Service,"
10981,Industrial/Commercial Sales & Service,00111209531002,HUNTINGTON POWER - LONG ISLAND, PO BOX 2040,,SHELTON,CT ,06484,USA,,631-586-7513,"Sales,"
10981,Industrial/Commercial Sales & Service,00111209521002,LONG ISLAND EMERGENCY POWER -QO, 2 Ocean Avenue,,DEER PARK,NY ,11729,USA,,631-586-7513,"Sales,"
10981,Industrial/Commercial Sales & Service,00010139211002,POWERPRO SERVICE CO. INC., 608 JOHNSON AVE. UNIT 6,,BOHEMIA,NY ,11716,USA,,631-567-2700,"Sales,Service,Up To 600kW,Mobile/Diesel/Gas,"
10981,Industrial/Commercial Sales & Service,00010001761002,"GENSERVE, INC.", 115A TWINBRIDGE DR.,,PENNSAUKEN,NJ ,08110,USA,www.genserveinc.com,856-324-0459,"Service,"
10981,Industrial/Commercial Sales & Service,00111184131002,HUNTER & LOMISON, 1956 W FOURTH ST,,WILLIAMSPORT,PA ,17701,USA,www.hunterlomison.com,570-326-1764,"Sales,Service,Up To 600kW,Mobile/Diesel/Gas,Rental,"
10981,Industrial/Commercial Sales & Service,00010000881002,HUNTER & LOMISON INC., 1956 W. 4TH STREET,,WILLIAMSPORT,PA ,17701,USA,www.hunterlomison.com,570-326-1764,"Service,Up To 600kW,Mobile/Diesel/Gas,"
10981,Industrial/Commercial Sales & Service,00010001621002,BROOKFIELD SERVICE, 708 GLEBE ROAD,,WESTMORELAND,NH ,03467,USA,www.brookfieldservice.com,802-485-6567,"Service,Up To 600kW,Mobile/Diesel/Gas,"
10981,Industrial/Commercial Sales & Service,00010021101002,SOUTH SHORE GENERATOR INC-Quote, 2696A CRANBERRY HWY,,WAREHAM,MA ,02571,USA,,508-295-7336,"Sales,Service,Up To 600kW,Mobile/Diesel/Gas,"
10981,Industrial/Commercial Sales & Service,00010001701002,SOUTH SHORE GENERATOR INC, ,,EAST WAREHAM,MA ,02538,USA,,508-295-7336,"Financing,Sales,Service,Up To 600kW,Mobile/Diesel/Gas,"
10981,Industrial/Commercial Sales & Service,00111207431002,WARSHAUER ELECTRIC SUPPLY CO INC, 800 SHREWSBURY AVE,,TINTON FALLS,NJ ,07724,USA,www.warshauer.com,732-741-6400,"Service,"
10981,Industrial/Commercial Sales & Service,00010157021002,Mechanical Service Co, 1145 Oak St.,,Pittston,PA ,18640,USA,,570-654-2445,"Service,"
10982,Industrial/Commercial Sales & Service,00010214161002,"R.L. Kistler, Inc", 300 Mile Crossing Blvd.,,Rochester,NY ,14624,USA,rlkistler.com,585-436-1940,"Sales,"
10982,Industrial/Commercial Sales & Service,00010214161002,"R.L. KISTLER, INC.", 35 HAMILTON LANE,,GLENMONT,NY ,12077,USA,,585-436-1940,"Sales,Service,"
10982,Industrial/Commercial Sales & Service,00010001611002,Huntington Power, 230 Long Hill Cross Rd,,Shelton,CT ,06484,USA,www.huntingtonpower.com,203-929-3203,"Sales,Service,Up To 2MW,Mobile/Diesel/Gas,Training,Rental,"
10982,Industrial/Commercial Sales & Service,00010214161002,"R.L. Kistler, Inc", 5615 Business Ave.,,N. Syracuse,NY ,13208,USA,,315-458-2875,"Sales,"
10982,Industrial/Commercial Sales & Service,00010214161002,"R.L. Kistler, Inc", 5615 Business Ave.,,N. Syracuse,NY ,13208,USA,,315-458-2875,"Sales,"
10982,Industrial/Commercial Sales & Service,00010001611002,Huntington Power, 68 Enter Ln,,Islandia,NY ,11749,USA,,631-563-4943,"Sales,Service,Up To 2MW,Mobile/Diesel/Gas,"
10982,Industrial/Commercial Sales & Service,00010001611002,Huntington Power, 34 E DUDLEY TOWN RD.,,BLOOMFIELD,CT ,06002,USA,,860-289-8790,"Sales,Service,Rental,"
10982,Industrial/Commercial Sales & Service,00010208021002,Modern Group Power Systems, 2501 Durham Road,,Bristol,PA ,19007,USA,www.moderngroup.com,800-404-7291,"Sales,Service,Up To 2MW,Mobile/Diesel/Gas,Training,Rental,"
10982,Industrial/Commercial Sales & Service,00010001731002,Authorized Services Of New England, 410 Forest Street,,Marlborough,MA ,01752,USA,www.asne.com,888-890-9886,"Financing,Sales,Service,Up To 2MW,Mobile/Diesel/Gas,Training,Rental,"
10982,Industrial/Commercial Sales & Service,00010008091002,MODERN HANDLING EQUIP, 75 NEW STREET,,EDISON,NJ ,08837,USA,www.moderngroup.com,800-779-5116,"Sales,Service,Up To 2MW,Mobile/Diesel/Gas,"
10982,Industrial/Commercial Sales & Service,00010208021002,Modern Group Power Systems, 6352 Chapmans Rd,,Allentown,PA ,18106,USA,,800-404-7291,"Sales,Service,Up To 2MW,Mobile/Diesel/Gas,"
10982,Industrial/Commercial Sales & Service,00010208021002,Modern Group Power Systems, 295 New Commerce Blvd.,,Wilkes Barre,PA ,18706,USA,,800-404-7291,"Sales,Service,Up To 2MW,Mobile/Diesel/Gas,"
10982,Industrial/Commercial Sales & Service,00010208021002,Modern Group Power Systems, 200 Allied Parkway,,West Berlin,NJ ,08091,USA,,800-404-7291,"Sales,Service,Up To 2MW,Mobile/Diesel/Gas,"
10982,Industrial/Commercial Sales & Service,00010000931002,"EMERGENCY POWER SYSTEMS, LLC", 35 HAMILTON LANE,,GLENMONT,NY ,12077,USA,,800-914-1465,"Service,Up To 2MW,Mobile/Diesel/Gas,"
10982,Industrial/Commercial Sales & Service,00010000931002,"EMERGENCY POWER SYSTEMS, LLC", 35 HAMILTON LANE,,GLENMONT,NY ,12077,USA,,800-914-1465,"Service,"
10982,Industrial/Commercial Sales & Service,00010208021002,Modern Group Power Systems, 66A South Gate Blvd.,,New Castle,DE ,19720,USA,,800-404-7291,"Sales,Service,Up To 2MW,Mobile/Diesel/Gas,"
10982,Industrial/Commercial Sales & Service,00010001731002,AUTHORIZED SERVICES OF NEW ENGLAND, 410 FOREST STREET,,MARLBOROUGH,MA ,01752,USA,,888-890-9886,"Sales,"
10982,Industrial/Commercial Sales & Service,00010208021002,Modern Group Power Systems, 3480 Board Road,,York,PA ,17402,USA,,800-404-7291,"Sales,Service,Up To 2MW,Mobile/Diesel/Gas,"
10982,Industrial/Commercial Sales & Service,00010134071002,PEAK POWER SYSTEMS, 99 SPRAGUE AVENUE,,MIDDLETOWN,NY ,10940,USA,www.peakpowersystems.com,845-344-1975,"Sales,Service,Up To 600kW,Mobile/Diesel/Gas,Rental,"
10982,Industrial/Commercial Sales & Service,00010001761002,"GENSERVE, INC.", 100 NEWTOWN RD,,PLAINVIEW,NY ,11803,USA,www.genserveinc.com,631-435-0437,"Service,"
10982,Industrial/Commercial Sales & Service,00111209521002,LONG ISLAND EMERGENCY POWER -QO, 2 Ocean Avenue,,DEER PARK,NY ,11729,USA,,631-586-7513,"Sales,"
10982,Industrial/Commercial Sales & Service,00111209531002,HUNTINGTON POWER - LONG ISLAND, PO BOX 2040,,SHELTON,CT ,06484,USA,,631-586-7513,"Sales,"
10982,Industrial/Commercial Sales & Service,00010139211002,POWERPRO SERVICE CO. INC., 608 JOHNSON AVE. UNIT 6,,BOHEMIA,NY ,11716,USA,,631-567-2700,"Sales,Service,Up To 600kW,Mobile/Diesel/Gas,"
10982,Industrial/Commercial Sales & Service,00010001761002,"GENSERVE, INC.", 115A TWINBRIDGE DR.,,PENNSAUKEN,NJ ,08110,USA,www.genserveinc.com,856-324-0459,"Service,"
10982,Industrial/Commercial Sales & Service,00111184131002,HUNTER & LOMISON, 1956 W FOURTH ST,,WILLIAMSPORT,PA ,17701,USA,www.hunterlomison.com,570-326-1764,"Sales,Service,Up To 600kW,Mobile/Diesel/Gas,Rental,"
10982,Industrial/Commercial Sales & Service,00010000881002,HUNTER & LOMISON INC., 1956 W. 4TH STREET,,WILLIAMSPORT,PA ,17701,USA,www.hunterlomison.com,570-326-1764,"Service,Up To 600kW,Mobile/Diesel/Gas,"
10982,Industrial/Commercial Sales & Service,00010001621002,BROOKFIELD SERVICE, 708 GLEBE ROAD,,WESTMORELAND,NH ,03467,USA,www.brookfieldservice.com,802-485-6567,"Service,Up To 600kW,Mobile/Diesel/Gas,"
10982,Industrial/Commercial Sales & Service,00010021101002,SOUTH SHORE GENERATOR INC-Quote, 2696A CRANBERRY HWY,,WAREHAM,MA ,02571,USA,,508-295-7336,"Sales,Service,Up To 600kW,Mobile/Diesel/Gas,"
10982,Industrial/Commercial Sales & Service,00010001701002,SOUTH SHORE GENERATOR INC, ,,EAST WAREHAM,MA ,02538,USA,,508-295-7336,"Financing,Sales,Service,Up To 600kW,Mobile/Diesel/Gas,"
10982,Industrial/Commercial Sales & Service,00111207431002,WARSHAUER ELECTRIC SUPPLY CO INC, 800 SHREWSBURY AVE,,TINTON FALLS,NJ ,07724,USA,www.warshauer.com,732-741-6400,"Service,"
10982,Industrial/Commercial Sales & Service,00010157021002,Mechanical Service Co, 1145 Oak St.,,Pittston,PA ,18640,USA,,570-654-2445,"Service,"
10983,Industrial/Commercial Sales & Service,00010214161002,"R.L. KISTLER, INC.", 35 HAMILTON LANE,,GLENMONT,NY ,12077,USA,,585-436-1940,"Sales,Service,"
10983,Industrial/Commercial Sales & Service,00010001611002,Huntington Power, 230 Long Hill Cross Rd,,Shelton,CT ,06484,USA,www.huntingtonpower.com,203-929-3203,"Sales,Service,Up To 2MW,Mobile/Diesel/Gas,Training,Rental,"
10983,Industrial/Commercial Sales & Service,00010214161002,"R.L. Kistler, Inc", 300 Mile Crossing Blvd.,,Rochester,NY ,14624,USA,rlkistler.com,585-436-1940,"Sales,"
10983,Industrial/Commercial Sales & Service,00010214161002,"R.L. Kistler, Inc", 5615 Business Ave.,,N. Syracuse,NY ,13208,USA,,315-458-2875,"Sales,"
10983,Industrial/Commercial Sales & Service,00010001611002,Huntington Power, 68 Enter Ln,,Islandia,NY ,11749,USA,,631-563-4943,"Sales,Service,Up To 2MW,Mobile/Diesel/Gas,"
10983,Industrial/Commercial Sales & Service,00010001611002,Huntington Power, 34 E DUDLEY TOWN RD.,,BLOOMFIELD,CT ,06002,USA,,860-289-8790,"Sales,Service,Rental,"
10983,Industrial/Commercial Sales & Service,00010214161002,"R.L. Kistler, Inc", 5615 Business Ave.,,N. Syracuse,NY ,13208,USA,,315-458-2875,"Sales,"
10983,Industrial/Commercial Sales & Service,00010208021002,Modern Group Power Systems, 2501 Durham Road,,Bristol,PA ,19007,USA,www.moderngroup.com,800-404-7291,"Sales,Service,Up To 2MW,Mobile/Diesel/Gas,Training,Rental,"
10983,Industrial/Commercial Sales & Service,00010001731002,Authorized Services Of New England, 410 Forest Street,,Marlborough,MA ,01752,USA,www.asne.com,888-890-9886,"Financing,Sales,Service,Up To 2MW,Mobile/Diesel/Gas,Training,Rental,"
10983,Industrial/Commercial Sales & Service,00010008091002,MODERN HANDLING EQUIP, 75 NEW STREET,,EDISON,NJ ,08837,USA,www.moderngroup.com,800-779-5116,"Sales,Service,Up To 2MW,Mobile/Diesel/Gas,"
10983,Industrial/Commercial Sales & Service,00010208021002,Modern Group Power Systems, 6352 Chapmans Rd,,Allentown,PA ,18106,USA,,800-404-7291,"Sales,Service,Up To 2MW,Mobile/Diesel/Gas,"
10983,Industrial/Commercial Sales & Service,00010208021002,Modern Group Power Systems, 200 Allied Parkway,,West Berlin,NJ ,08091,USA,,800-404-7291,"Sales,Service,Up To 2MW,Mobile/Diesel/Gas,"
10983,Industrial/Commercial Sales & Service,00010208021002,Modern Group Power Systems, 295 New Commerce Blvd.,,Wilkes Barre,PA ,18706,USA,,800-404-7291,"Sales,Service,Up To 2MW,Mobile/Diesel/Gas,"
10983,Industrial/Commercial Sales & Service,00010000931002,"EMERGENCY POWER SYSTEMS, LLC", 35 HAMILTON LANE,,GLENMONT,NY ,12077,USA,,800-914-1465,"Service,Up To 2MW,Mobile/Diesel/Gas,"
10983,Industrial/Commercial Sales & Service,00010000931002,"EMERGENCY POWER SYSTEMS, LLC", 35 HAMILTON LANE,,GLENMONT,NY ,12077,USA,,800-914-1465,"Service,"
10983,Industrial/Commercial Sales & Service,00010208021002,Modern Group Power Systems, 66A South Gate Blvd.,,New Castle,DE ,19720,USA,,800-404-7291,"Sales,Service,Up To 2MW,Mobile/Diesel/Gas,"
10983,Industrial/Commercial Sales & Service,00010001731002,AUTHORIZED SERVICES OF NEW ENGLAND, 410 FOREST STREET,,MARLBOROUGH,MA ,01752,USA,,888-890-9886,"Sales,"
10983,Industrial/Commercial Sales & Service,00010208021002,Modern Group Power Systems, 3480 Board Road,,York,PA ,17402,USA,,800-404-7291,"Sales,Service,Up To 2MW,Mobile/Diesel/Gas,"
10983,Industrial/Commercial Sales & Service,00010001761002,"GENSERVE, INC.", 100 NEWTOWN RD,,PLAINVIEW,NY ,11803,USA,www.genserveinc.com,631-435-0437,"Service,"
10983,Industrial/Commercial Sales & Service,00111209521002,LONG ISLAND EMERGENCY POWER -QO, 2 Ocean Avenue,,DEER PARK,NY ,11729,USA,,631-586-7513,"Sales,"
10983,Industrial/Commercial Sales & Service,00010134071002,PEAK POWER SYSTEMS, 99 SPRAGUE AVENUE,,MIDDLETOWN,NY ,10940,USA,www.peakpowersystems.com,845-344-1975,"Sales,Service,Up To 600kW,Mobile/Diesel/Gas,Rental,"
10983,Industrial/Commercial Sales & Service,00010139211002,POWERPRO SERVICE CO. INC., 608 JOHNSON AVE. UNIT 6,,BOHEMIA,NY ,11716,USA,,631-567-2700,"Sales,Service,Up To 600kW,Mobile/Diesel/Gas,"
10983,Industrial/Commercial Sales & Service,00111209531002,HUNTINGTON POWER - LONG ISLAND, PO BOX 2040,,SHELTON,CT ,06484,USA,,631-586-7513,"Sales,"
10983,Industrial/Commercial Sales & Service,00010001761002,"GENSERVE, INC.", 115A TWINBRIDGE DR.,,PENNSAUKEN,NJ ,08110,USA,www.genserveinc.com,856-324-0459,"Service,"
10983,Industrial/Commercial Sales & Service,00010001621002,BROOKFIELD SERVICE, 708 GLEBE ROAD,,WESTMORELAND,NH ,03467,USA,www.brookfieldservice.com,802-485-6567,"Service,Up To 600kW,Mobile/Diesel/Gas,"
10983,Industrial/Commercial Sales & Service,00111184131002,HUNTER & LOMISON, 1956 W FOURTH ST,,WILLIAMSPORT,PA ,17701,USA,www.hunterlomison.com,570-326-1764,"Sales,Service,Up To 600kW,Mobile/Diesel/Gas,Rental,"
10983,Industrial/Commercial Sales & Service,00010000881002,HUNTER & LOMISON INC., 1956 W. 4TH STREET,,WILLIAMSPORT,PA ,17701,USA,www.hunterlomison.com,570-326-1764,"Service,Up To 600kW,Mobile/Diesel/Gas,"
10983,Industrial/Commercial Sales & Service,00010021101002,SOUTH SHORE GENERATOR INC-Quote, 2696A CRANBERRY HWY,,WAREHAM,MA ,02571,USA,,508-295-7336,"Sales,Service,Up To 600kW,Mobile/Diesel/Gas,"
10983,Industrial/Commercial Sales & Service,00010001701002,SOUTH SHORE GENERATOR INC, ,,EAST WAREHAM,MA ,02538,USA,,508-295-7336,"Financing,Sales,Service,Up To 600kW,Mobile/Diesel/Gas,"
10983,Industrial/Commercial Sales & Service,00111207431002,WARSHAUER ELECTRIC SUPPLY CO INC, 800 SHREWSBURY AVE,,TINTON FALLS,NJ ,07724,USA,www.warshauer.com,732-741-6400,"Service,"
10983,Industrial/Commercial Sales & Service,00010157021002,Mechanical Service Co, 1145 Oak St.,,Pittston,PA ,18640,USA,,570-654-2445,"Service,"
10984,Industrial/Commercial Sales & Service,00010001611002,Huntington Power, 230 Long Hill Cross Rd,,Shelton,CT ,06484,USA,www.huntingtonpower.com,203-929-3203,"Sales,Service,Up To 2MW,Mobile/Diesel/Gas,Training,Rental,"
10984,Industrial/Commercial Sales & Service,00010214161002,"R.L. Kistler, Inc", 300 Mile Crossing Blvd.,,Rochester,NY ,14624,USA,rlkistler.com,585-436-1940,"Sales,"
10984,Industrial/Commercial Sales & Service,00010214161002,"R.L. KISTLER, INC.", 35 HAMILTON LANE,,GLENMONT,NY ,12077,USA,,585-436-1940,"Sales,Service,"
10984,Industrial/Commercial Sales & Service,00010001611002,Huntington Power, 68 Enter Ln,,Islandia,NY ,11749,USA,,631-563-4943,"Sales,Service,Up To 2MW,Mobile/Diesel/Gas,"
10984,Industrial/Commercial Sales & Service,00010001611002,Huntington Power, 34 E DUDLEY TOWN RD.,,BLOOMFIELD,CT ,06002,USA,,860-289-8790,"Sales,Service,Rental,"
10984,Industrial/Commercial Sales & Service,00010214161002,"R.L. Kistler, Inc", 5615 Business Ave.,,N. Syracuse,NY ,13208,USA,,315-458-2875,"Sales,"
10984,Industrial/Commercial Sales & Service,00010214161002,"R.L. Kistler, Inc", 5615 Business Ave.,,N. Syracuse,NY ,13208,USA,,315-458-2875,"Sales,"
10984,Industrial/Commercial Sales & Service,00010208021002,Modern Group Power Systems, 2501 Durham Road,,Bristol,PA ,19007,USA,www.moderngroup.com,800-404-7291,"Sales,Service,Up To 2MW,Mobile/Diesel/Gas,Training,Rental,"
10984,Industrial/Commercial Sales & Service,00010001731002,Authorized Services Of New England, 410 Forest Street,,Marlborough,MA ,01752,USA,www.asne.com,888-890-9886,"Financing,Sales,Service,Up To 2MW,Mobile/Diesel/Gas,Training,Rental,"
10984,Industrial/Commercial Sales & Service,00010008091002,MODERN HANDLING EQUIP, 75 NEW STREET,,EDISON,NJ ,08837,USA,www.moderngroup.com,800-779-5116,"Sales,Service,Up To 2MW,Mobile/Diesel/Gas,"
10984,Industrial/Commercial Sales & Service,00010208021002,Modern Group Power Systems, 6352 Chapmans Rd,,Allentown,PA ,18106,USA,,800-404-7291,"Sales,Service,Up To 2MW,Mobile/Diesel/Gas,"
10984,Industrial/Commercial Sales & Service,00010000931002,"EMERGENCY POWER SYSTEMS, LLC", 35 HAMILTON LANE,,GLENMONT,NY ,12077,USA,,800-914-1465,"Service,Up To 2MW,Mobile/Diesel/Gas,"
10984,Industrial/Commercial Sales & Service,00010000931002,"EMERGENCY POWER SYSTEMS, LLC", 35 HAMILTON LANE,,GLENMONT,NY ,12077,USA,,800-914-1465,"Service,"
10984,Industrial/Commercial Sales & Service,00010208021002,Modern Group Power Systems, 295 New Commerce Blvd.,,Wilkes Barre,PA ,18706,USA,,800-404-7291,"Sales,Service,Up To 2MW,Mobile/Diesel/Gas,"
10984,Industrial/Commercial Sales & Service,00010208021002,Modern Group Power Systems, 200 Allied Parkway,,West Berlin,NJ ,08091,USA,,800-404-7291,"Sales,Service,Up To 2MW,Mobile/Diesel/Gas,"
10984,Industrial/Commercial Sales & Service,00010208021002,Modern Group Power Systems, 66A South Gate Blvd.,,New Castle,DE ,19720,USA,,800-404-7291,"Sales,Service,Up To 2MW,Mobile/Diesel/Gas,"
10984,Industrial/Commercial Sales & Service,00010001731002,AUTHORIZED SERVICES OF NEW ENGLAND, 410 FOREST STREET,,MARLBOROUGH,MA ,01752,USA,,888-890-9886,"Sales,"
10984,Industrial/Commercial Sales & Service,00010208021002,Modern Group Power Systems, 3480 Board Road,,York,PA ,17402,USA,,800-404-7291,"Sales,Service,Up To 2MW,Mobile/Diesel/Gas,"
10984,Industrial/Commercial Sales & Service,00010134071002,PEAK POWER SYSTEMS, 99 SPRAGUE AVENUE,,MIDDLETOWN,NY ,10940,USA,www.peakpowersystems.com,845-344-1975,"Sales,Service,Up To 600kW,Mobile/Diesel/Gas,Rental,"
10984,Industrial/Commercial Sales & Service,00010001761002,"GENSERVE, INC.", 100 NEWTOWN RD,,PLAINVIEW,NY ,11803,USA,www.genserveinc.com,631-435-0437,"Service,"
10984,Industrial/Commercial Sales & Service,00111209531002,HUNTINGTON POWER - LONG ISLAND, PO BOX 2040,,SHELTON,CT ,06484,USA,,631-586-7513,"Sales,"
10984,Industrial/Commercial Sales & Service,00111209521002,LONG ISLAND EMERGENCY POWER -QO, 2 Ocean Avenue,,DEER PARK,NY ,11729,USA,,631-586-7513,"Sales,"
10984,Industrial/Commercial Sales & Service,00010139211002,POWERPRO SERVICE CO. INC., 608 JOHNSON AVE. UNIT 6,,BOHEMIA,NY ,11716,USA,,631-567-2700,"Sales,Service,Up To 600kW,Mobile/Diesel/Gas,"
10984,Industrial/Commercial Sales & Service,00010001761002,"GENSERVE, INC.", 115A TWINBRIDGE DR.,,PENNSAUKEN,NJ ,08110,USA,www.genserveinc.com,856-324-0459,"Service,"
10984,Industrial/Commercial Sales & Service,00010001621002,BROOKFIELD SERVICE, 708 GLEBE ROAD,,WESTMORELAND,NH ,03467,USA,www.brookfieldservice.com,802-485-6567,"Service,Up To 600kW,Mobile/Diesel/Gas,"
10984,Industrial/Commercial Sales & Service,00111184131002,HUNTER & LOMISON, 1956 W FOURTH ST,,WILLIAMSPORT,PA ,17701,USA,www.hunterlomison.com,570-326-1764,"Sales,Service,Up To 600kW,Mobile/Diesel/Gas,Rental,"
10984,Industrial/Commercial Sales & Service,00010000881002,HUNTER & LOMISON INC., 1956 W. 4TH STREET,,WILLIAMSPORT,PA ,17701,USA,www.hunterlomison.com,570-326-1764,"Service,Up To 600kW,Mobile/Diesel/Gas,"
10984,Industrial/Commercial Sales & Service,00010021101002,SOUTH SHORE GENERATOR INC-Quote, 2696A CRANBERRY HWY,,WAREHAM,MA ,02571,USA,,508-295-7336,"Sales,Service,Up To 600kW,Mobile/Diesel/Gas,"
10984,Industrial/Commercial Sales & Service,00010001701002,SOUTH SHORE GENERATOR INC, ,,EAST WAREHAM,MA ,02538,USA,,508-295-7336,"Financing,Sales,Service,Up To 600kW,Mobile/Diesel/Gas,"
10984,Industrial/Commercial Sales & Service,00111207431002,WARSHAUER ELECTRIC SUPPLY CO INC, 800 SHREWSBURY AVE,,TINTON FALLS,NJ ,07724,USA,www.warshauer.com,732-741-6400,"Service,"
10984,Industrial/Commercial Sales & Service,00010157021002,Mechanical Service Co, 1145 Oak St.,,Pittston,PA ,18640,USA,,570-654-2445,"Service,"
10985,Industrial/Commercial Sales & Service,00010214161002,"R.L. KISTLER, INC.", 35 HAMILTON LANE,,GLENMONT,NY ,12077,USA,,585-436-1940,"Sales,Service,"
10985,Industrial/Commercial Sales & Service,00010001611002,Huntington Power, 230 Long Hill Cross Rd,,Shelton,CT ,06484,USA,www.huntingtonpower.com,203-929-3203,"Sales,Service,Up To 2MW,Mobile/Diesel/Gas,Training,Rental,"
10985,Industrial/Commercial Sales & Service,00010214161002,"R.L. Kistler, Inc", 300 Mile Crossing Blvd.,,Rochester,NY ,14624,USA,rlkistler.com,585-436-1940,"Sales,"
10985,Industrial/Commercial Sales & Service,00010214161002,"R.L. Kistler, Inc", 5615 Business Ave.,,N. Syracuse,NY ,13208,USA,,315-458-2875,"Sales,"
10985,Industrial/Commercial Sales & Service,00010001611002,Huntington Power, 34 E DUDLEY TOWN RD.,,BLOOMFIELD,CT ,06002,USA,,860-289-8790,"Sales,Service,Rental,"
10985,Industrial/Commercial Sales & Service,00010001611002,Huntington Power, 68 Enter Ln,,Islandia,NY ,11749,USA,,631-563-4943,"Sales,Service,Up To 2MW,Mobile/Diesel/Gas,"
10985,Industrial/Commercial Sales & Service,00010214161002,"R.L. Kistler, Inc", 5615 Business Ave.,,N. Syracuse,NY ,13208,USA,,315-458-2875,"Sales,"
10985,Industrial/Commercial Sales & Service,00010208021002,Modern Group Power Systems, 2501 Durham Road,,Bristol,PA ,19007,USA,www.moderngroup.com,800-404-7291,"Sales,Service,Up To 2MW,Mobile/Diesel/Gas,Training,Rental,"
10985,Industrial/Commercial Sales & Service,00010001731002,Authorized Services Of New England, 410 Forest Street,,Marlborough,MA ,01752,USA,www.asne.com,888-890-9886,"Financing,Sales,Service,Up To 2MW,Mobile/Diesel/Gas,Training,Rental,"
10985,Industrial/Commercial Sales & Service,00010008091002,MODERN HANDLING EQUIP, 75 NEW STREET,,EDISON,NJ ,08837,USA,www.moderngroup.com,800-779-5116,"Sales,Service,Up To 2MW,Mobile/Diesel/Gas,"
10985,Industrial/Commercial Sales & Service,00010000931002,"EMERGENCY POWER SYSTEMS, LLC", 35 HAMILTON LANE,,GLENMONT,NY ,12077,USA,,800-914-1465,"Service,Up To 2MW,Mobile/Diesel/Gas,"
10985,Industrial/Commercial Sales & Service,00010000931002,"EMERGENCY POWER SYSTEMS, LLC", 35 HAMILTON LANE,,GLENMONT,NY ,12077,USA,,800-914-1465,"Service,"
10985,Industrial/Commercial Sales & Service,00010208021002,Modern Group Power Systems, 295 New Commerce Blvd.,,Wilkes Barre,PA ,18706,USA,,800-404-7291,"Sales,Service,Up To 2MW,Mobile/Diesel/Gas,"
10985,Industrial/Commercial Sales & Service,00010208021002,Modern Group Power Systems, 6352 Chapmans Rd,,Allentown,PA ,18106,USA,,800-404-7291,"Sales,Service,Up To 2MW,Mobile/Diesel/Gas,"
10985,Industrial/Commercial Sales & Service,00010208021002,Modern Group Power Systems, 200 Allied Parkway,,West Berlin,NJ ,08091,USA,,800-404-7291,"Sales,Service,Up To 2MW,Mobile/Diesel/Gas,"
10985,Industrial/Commercial Sales & Service,00010208021002,Modern Group Power Systems, 66A South Gate Blvd.,,New Castle,DE ,19720,USA,,800-404-7291,"Sales,Service,Up To 2MW,Mobile/Diesel/Gas,"
10985,Industrial/Commercial Sales & Service,00010001731002,AUTHORIZED SERVICES OF NEW ENGLAND, 410 FOREST STREET,,MARLBOROUGH,MA ,01752,USA,,888-890-9886,"Sales,"
10985,Industrial/Commercial Sales & Service,00010208021002,Modern Group Power Systems, 3480 Board Road,,York,PA ,17402,USA,,800-404-7291,"Sales,Service,Up To 2MW,Mobile/Diesel/Gas,"
10985,Industrial/Commercial Sales & Service,00010134071002,PEAK POWER SYSTEMS, 99 SPRAGUE AVENUE,,MIDDLETOWN,NY ,10940,USA,www.peakpowersystems.com,845-344-1975,"Sales,Service,Up To 600kW,Mobile/Diesel/Gas,Rental,"
10985,Industrial/Commercial Sales & Service,00111209531002,HUNTINGTON POWER - LONG ISLAND, PO BOX 2040,,SHELTON,CT ,06484,USA,,631-586-7513,"Sales,"
10985,Industrial/Commercial Sales & Service,00010001761002,"GENSERVE, INC.", 100 NEWTOWN RD,,PLAINVIEW,NY ,11803,USA,www.genserveinc.com,631-435-0437,"Service,"
10985,Industrial/Commercial Sales & Service,00111209521002,LONG ISLAND EMERGENCY POWER -QO, 2 Ocean Avenue,,DEER PARK,NY ,11729,USA,,631-586-7513,"Sales,"
10985,Industrial/Commercial Sales & Service,00010139211002,POWERPRO SERVICE CO. INC., 608 JOHNSON AVE. UNIT 6,,BOHEMIA,NY ,11716,USA,,631-567-2700,"Sales,Service,Up To 600kW,Mobile/Diesel/Gas,"
10985,Industrial/Commercial Sales & Service,00010001761002,"GENSERVE, INC.", 115A TWINBRIDGE DR.,,PENNSAUKEN,NJ ,08110,USA,www.genserveinc.com,856-324-0459,"Service,"
10985,Industrial/Commercial Sales & Service,00010001621002,BROOKFIELD SERVICE, 708 GLEBE ROAD,,WESTMORELAND,NH ,03467,USA,www.brookfieldservice.com,802-485-6567,"Service,Up To 600kW,Mobile/Diesel/Gas,"
10985,Industrial/Commercial Sales & Service,00111184131002,HUNTER & LOMISON, 1956 W FOURTH ST,,WILLIAMSPORT,PA ,17701,USA,www.hunterlomison.com,570-326-1764,"Sales,Service,Up To 600kW,Mobile/Diesel/Gas,Rental,"
10985,Industrial/Commercial Sales & Service,00010000881002,HUNTER & LOMISON INC., 1956 W. 4TH STREET,,WILLIAMSPORT,PA ,17701,USA,www.hunterlomison.com,570-326-1764,"Service,Up To 600kW,Mobile/Diesel/Gas,"
10985,Industrial/Commercial Sales & Service,00010021101002,SOUTH SHORE GENERATOR INC-Quote, 2696A CRANBERRY HWY,,WAREHAM,MA ,02571,USA,,508-295-7336,"Sales,Service,Up To 600kW,Mobile/Diesel/Gas,"
10985,Industrial/Commercial Sales & Service,00010001701002,SOUTH SHORE GENERATOR INC, ,,EAST WAREHAM,MA ,02538,USA,,508-295-7336,"Financing,Sales,Service,Up To 600kW,Mobile/Diesel/Gas,"
10985,Industrial/Commercial Sales & Service,00010001621002,BROOKFIELD SERVICE, 829 VT ROUTE 12 SOUTH,,NORTHFIELD,VT ,05663,USA,www.brookfieldservice.com,802-485-6567,"Sales,Service,Up To 600kW,Mobile/Diesel/Gas,"
10985,Industrial/Commercial Sales & Service,00010157021002,Mechanical Service Co, 1145 Oak St.,,Pittston,PA ,18640,USA,,570-654-2445,"Service,"
10985,Industrial/Commercial Sales & Service,00111207431002,WARSHAUER ELECTRIC SUPPLY CO INC, 800 SHREWSBURY AVE,,TINTON FALLS,NJ ,07724,USA,www.warshauer.com,732-741-6400,"Service,"
10986,Industrial/Commercial Sales & Service,00010214161002,"R.L. Kistler, Inc", 300 Mile Crossing Blvd.,,Rochester,NY ,14624,USA,rlkistler.com,585-436-1940,"Sales,"
10986,Industrial/Commercial Sales & Service,00010214161002,"R.L. KISTLER, INC.", 35 HAMILTON LANE,,GLENMONT,NY ,12077,USA,,585-436-1940,"Sales,Service,"
10986,Industrial/Commercial Sales & Service,00010001611002,Huntington Power, 230 Long Hill Cross Rd,,Shelton,CT ,06484,USA,www.huntingtonpower.com,203-929-3203,"Sales,Service,Up To 2MW,Mobile/Diesel/Gas,Training,Rental,"
10986,Industrial/Commercial Sales & Service,00010214161002,"R.L. Kistler, Inc", 5615 Business Ave.,,N. Syracuse,NY ,13208,USA,,315-458-2875,"Sales,"
10986,Industrial/Commercial Sales & Service,00010214161002,"R.L. Kistler, Inc", 5615 Business Ave.,,N. Syracuse,NY ,13208,USA,,315-458-2875,"Sales,"
10986,Industrial/Commercial Sales & Service,00010001611002,Huntington Power, 68 Enter Ln,,Islandia,NY ,11749,USA,,631-563-4943,"Sales,Service,Up To 2MW,Mobile/Diesel/Gas,"
10986,Industrial/Commercial Sales & Service,00010001611002,Huntington Power, 34 E DUDLEY TOWN RD.,,BLOOMFIELD,CT ,06002,USA,,860-289-8790,"Sales,Service,Rental,"
10986,Industrial/Commercial Sales & Service,00010208021002,Modern Group Power Systems, 2501 Durham Road,,Bristol,PA ,19007,USA,www.moderngroup.com,800-404-7291,"Sales,Service,Up To 2MW,Mobile/Diesel/Gas,Training,Rental,"
10986,Industrial/Commercial Sales & Service,00010001731002,Authorized Services Of New England, 410 Forest Street,,Marlborough,MA ,01752,USA,www.asne.com,888-890-9886,"Financing,Sales,Service,Up To 2MW,Mobile/Diesel/Gas,Training,Rental,"
10986,Industrial/Commercial Sales & Service,00010008091002,MODERN HANDLING EQUIP, 75 NEW STREET,,EDISON,NJ ,08837,USA,www.moderngroup.com,800-779-5116,"Sales,Service,Up To 2MW,Mobile/Diesel/Gas,"
10986,Industrial/Commercial Sales & Service,00010000931002,"EMERGENCY POWER SYSTEMS, LLC", 35 HAMILTON LANE,,GLENMONT,NY ,12077,USA,,800-914-1465,"Service,Up To 2MW,Mobile/Diesel/Gas,"
10986,Industrial/Commercial Sales & Service,00010000931002,"EMERGENCY POWER SYSTEMS, LLC", 35 HAMILTON LANE,,GLENMONT,NY ,12077,USA,,800-914-1465,"Service,"
10986,Industrial/Commercial Sales & Service,00010208021002,Modern Group Power Systems, 6352 Chapmans Rd,,Allentown,PA ,18106,USA,,800-404-7291,"Sales,Service,Up To 2MW,Mobile/Diesel/Gas,"
10986,Industrial/Commercial Sales & Service,00010208021002,Modern Group Power Systems, 295 New Commerce Blvd.,,Wilkes Barre,PA ,18706,USA,,800-404-7291,"Sales,Service,Up To 2MW,Mobile/Diesel/Gas,"
10986,Industrial/Commercial Sales & Service,00010208021002,Modern Group Power Systems, 200 Allied Parkway,,West Berlin,NJ ,08091,USA,,800-404-7291,"Sales,Service,Up To 2MW,Mobile/Diesel/Gas,"
10986,Industrial/Commercial Sales & Service,00010208021002,Modern Group Power Systems, 66A South Gate Blvd.,,New Castle,DE ,19720,USA,,800-404-7291,"Sales,Service,Up To 2MW,Mobile/Diesel/Gas,"
10986,Industrial/Commercial Sales & Service,00010001731002,AUTHORIZED SERVICES OF NEW ENGLAND, 410 FOREST STREET,,MARLBOROUGH,MA ,01752,USA,,888-890-9886,"Sales,"
10986,Industrial/Commercial Sales & Service,00010208021002,Modern Group Power Systems, 3480 Board Road,,York,PA ,17402,USA,,800-404-7291,"Sales,Service,Up To 2MW,Mobile/Diesel/Gas,"
10986,Industrial/Commercial Sales & Service,00010134071002,PEAK POWER SYSTEMS, 99 SPRAGUE AVENUE,,MIDDLETOWN,NY ,10940,USA,www.peakpowersystems.com,845-344-1975,"Sales,Service,Up To 600kW,Mobile/Diesel/Gas,Rental,"
10986,Industrial/Commercial Sales & Service,00010001761002,"GENSERVE, INC.", 100 NEWTOWN RD,,PLAINVIEW,NY ,11803,USA,www.genserveinc.com,631-435-0437,"Service,"
10986,Industrial/Commercial Sales & Service,00111209531002,HUNTINGTON POWER - LONG ISLAND, PO BOX 2040,,SHELTON,CT ,06484,USA,,631-586-7513,"Sales,"
10986,Industrial/Commercial Sales & Service,00111209521002,LONG ISLAND EMERGENCY POWER -QO, 2 Ocean Avenue,,DEER PARK,NY ,11729,USA,,631-586-7513,"Sales,"
10986,Industrial/Commercial Sales & Service,00010139211002,POWERPRO SERVICE CO. INC., 608 JOHNSON AVE. UNIT 6,,BOHEMIA,NY ,11716,USA,,631-567-2700,"Sales,Service,Up To 600kW,Mobile/Diesel/Gas,"
10986,Industrial/Commercial Sales & Service,00010001761002,"GENSERVE, INC.", 115A TWINBRIDGE DR.,,PENNSAUKEN,NJ ,08110,USA,www.genserveinc.com,856-324-0459,"Service,"
10986,Industrial/Commercial Sales & Service,00010001621002,BROOKFIELD SERVICE, 708 GLEBE ROAD,,WESTMORELAND,NH ,03467,USA,www.brookfieldservice.com,802-485-6567,"Service,Up To 600kW,Mobile/Diesel/Gas,"
10986,Industrial/Commercial Sales & Service,00111184131002,HUNTER & LOMISON, 1956 W FOURTH ST,,WILLIAMSPORT,PA ,17701,USA,www.hunterlomison.com,570-326-1764,"Sales,Service,Up To 600kW,Mobile/Diesel/Gas,Rental,"
10986,Industrial/Commercial Sales & Service,00010000881002,HUNTER & LOMISON INC., 1956 W. 4TH STREET,,WILLIAMSPORT,PA ,17701,USA,www.hunterlomison.com,570-326-1764,"Service,Up To 600kW,Mobile/Diesel/Gas,"
10986,Industrial/Commercial Sales & Service,00010021101002,SOUTH SHORE GENERATOR INC-Quote, 2696A CRANBERRY HWY,,WAREHAM,MA ,02571,USA,,508-295-7336,"Sales,Service,Up To 600kW,Mobile/Diesel/Gas,"
10986,Industrial/Commercial Sales & Service,00010001701002,SOUTH SHORE GENERATOR INC, ,,EAST WAREHAM,MA ,02538,USA,,508-295-7336,"Financing,Sales,Service,Up To 600kW,Mobile/Diesel/Gas,"
10986,Industrial/Commercial Sales & Service,00111207431002,WARSHAUER ELECTRIC SUPPLY CO INC, 800 SHREWSBURY AVE,,TINTON FALLS,NJ ,07724,USA,www.warshauer.com,732-741-6400,"Service,"
10986,Industrial/Commercial Sales & Service,00010157021002,Mechanical Service Co, 1145 Oak St.,,Pittston,PA ,18640,USA,,570-654-2445,"Service,"
10987,Industrial/Commercial Sales & Service,00010214161002,"R.L. KISTLER, INC.", 35 HAMILTON LANE,,GLENMONT,NY ,12077,USA,,585-436-1940,"Sales,Service,"
10987,Industrial/Commercial Sales & Service,00010214161002,"R.L. Kistler, Inc", 300 Mile Crossing Blvd.,,Rochester,NY ,14624,USA,rlkistler.com,585-436-1940,"Sales,"
10987,Industrial/Commercial Sales & Service,00010001611002,Huntington Power, 230 Long Hill Cross Rd,,Shelton,CT ,06484,USA,www.huntingtonpower.com,203-929-3203,"Sales,Service,Up To 2MW,Mobile/Diesel/Gas,Training,Rental,"
10987,Industrial/Commercial Sales & Service,00010214161002,"R.L. Kistler, Inc", 5615 Business Ave.,,N. Syracuse,NY ,13208,USA,,315-458-2875,"Sales,"
10987,Industrial/Commercial Sales & Service,00010214161002,"R.L. Kistler, Inc", 5615 Business Ave.,,N. Syracuse,NY ,13208,USA,,315-458-2875,"Sales,"
10987,Industrial/Commercial Sales & Service,00010001611002,Huntington Power, 68 Enter Ln,,Islandia,NY ,11749,USA,,631-563-4943,"Sales,Service,Up To 2MW,Mobile/Diesel/Gas,"
10987,Industrial/Commercial Sales & Service,00010001611002,Huntington Power, 34 E DUDLEY TOWN RD.,,BLOOMFIELD,CT ,06002,USA,,860-289-8790,"Sales,Service,Rental,"
10987,Industrial/Commercial Sales & Service,00010208021002,Modern Group Power Systems, 2501 Durham Road,,Bristol,PA ,19007,USA,www.moderngroup.com,800-404-7291,"Sales,Service,Up To 2MW,Mobile/Diesel/Gas,Training,Rental,"
10987,Industrial/Commercial Sales & Service,00010001731002,Authorized Services Of New England, 410 Forest Street,,Marlborough,MA ,01752,USA,www.asne.com,888-890-9886,"Financing,Sales,Service,Up To 2MW,Mobile/Diesel/Gas,Training,Rental,"
10987,Industrial/Commercial Sales & Service,00010008091002,MODERN HANDLING EQUIP, 75 NEW STREET,,EDISON,NJ ,08837,USA,www.moderngroup.com,800-779-5116,"Sales,Service,Up To 2MW,Mobile/Diesel/Gas,"
10987,Industrial/Commercial Sales & Service,00010208021002,Modern Group Power Systems, 6352 Chapmans Rd,,Allentown,PA ,18106,USA,,800-404-7291,"Sales,Service,Up To 2MW,Mobile/Diesel/Gas,"
10987,Industrial/Commercial Sales & Service,00010208021002,Modern Group Power Systems, 295 New Commerce Blvd.,,Wilkes Barre,PA ,18706,USA,,800-404-7291,"Sales,Service,Up To 2MW,Mobile/Diesel/Gas,"
10987,Industrial/Commercial Sales & Service,00010000931002,"EMERGENCY POWER SYSTEMS, LLC", 35 HAMILTON LANE,,GLENMONT,NY ,12077,USA,,800-914-1465,"Service,Up To 2MW,Mobile/Diesel/Gas,"
10987,Industrial/Commercial Sales & Service,00010000931002,"EMERGENCY POWER SYSTEMS, LLC", 35 HAMILTON LANE,,GLENMONT,NY ,12077,USA,,800-914-1465,"Service,"
10987,Industrial/Commercial Sales & Service,00010208021002,Modern Group Power Systems, 200 Allied Parkway,,West Berlin,NJ ,08091,USA,,800-404-7291,"Sales,Service,Up To 2MW,Mobile/Diesel/Gas,"
10987,Industrial/Commercial Sales & Service,00010208021002,Modern Group Power Systems, 66A South Gate Blvd.,,New Castle,DE ,19720,USA,,800-404-7291,"Sales,Service,Up To 2MW,Mobile/Diesel/Gas,"
10987,Industrial/Commercial Sales & Service,00010208021002,Modern Group Power Systems, 3480 Board Road,,York,PA ,17402,USA,,800-404-7291,"Sales,Service,Up To 2MW,Mobile/Diesel/Gas,"
10987,Industrial/Commercial Sales & Service,00010001731002,AUTHORIZED SERVICES OF NEW ENGLAND, 410 FOREST STREET,,MARLBOROUGH,MA ,01752,USA,,888-890-9886,"Sales,"
10987,Industrial/Commercial Sales & Service,00010134071002,PEAK POWER SYSTEMS, 99 SPRAGUE AVENUE,,MIDDLETOWN,NY ,10940,USA,www.peakpowersystems.com,845-344-1975,"Sales,Service,Up To 600kW,Mobile/Diesel/Gas,Rental,"
10987,Industrial/Commercial Sales & Service,00010001761002,"GENSERVE, INC.", 100 NEWTOWN RD,,PLAINVIEW,NY ,11803,USA,www.genserveinc.com,631-435-0437,"Service,"
10987,Industrial/Commercial Sales & Service,00111209521002,LONG ISLAND EMERGENCY POWER -QO, 2 Ocean Avenue,,DEER PARK,NY ,11729,USA,,631-586-7513,"Sales,"
10987,Industrial/Commercial Sales & Service,00111209531002,HUNTINGTON POWER - LONG ISLAND, PO BOX 2040,,SHELTON,CT ,06484,USA,,631-586-7513,"Sales,"
10987,Industrial/Commercial Sales & Service,00010139211002,POWERPRO SERVICE CO. INC., 608 JOHNSON AVE. UNIT 6,,BOHEMIA,NY ,11716,USA,,631-567-2700,"Sales,Service,Up To 600kW,Mobile/Diesel/Gas,"
10987,Industrial/Commercial Sales & Service,00010001761002,"GENSERVE, INC.", 115A TWINBRIDGE DR.,,PENNSAUKEN,NJ ,08110,USA,www.genserveinc.com,856-324-0459,"Service,"
10987,Industrial/Commercial Sales & Service,00111184131002,HUNTER & LOMISON, 1956 W FOURTH ST,,WILLIAMSPORT,PA ,17701,USA,www.hunterlomison.com,570-326-1764,"Sales,Service,Up To 600kW,Mobile/Diesel/Gas,Rental,"
10987,Industrial/Commercial Sales & Service,00010000881002,HUNTER & LOMISON INC., 1956 W. 4TH STREET,,WILLIAMSPORT,PA ,17701,USA,www.hunterlomison.com,570-326-1764,"Service,Up To 600kW,Mobile/Diesel/Gas,"
10987,Industrial/Commercial Sales & Service,00010001621002,BROOKFIELD SERVICE, 708 GLEBE ROAD,,WESTMORELAND,NH ,03467,USA,www.brookfieldservice.com,802-485-6567,"Service,Up To 600kW,Mobile/Diesel/Gas,"
10987,Industrial/Commercial Sales & Service,00010021101002,SOUTH SHORE GENERATOR INC-Quote, 2696A CRANBERRY HWY,,WAREHAM,MA ,02571,USA,,508-295-7336,"Sales,Service,Up To 600kW,Mobile/Diesel/Gas,"
10987,Industrial/Commercial Sales & Service,00010001701002,SOUTH SHORE GENERATOR INC, ,,EAST WAREHAM,MA ,02538,USA,,508-295-7336,"Financing,Sales,Service,Up To 600kW,Mobile/Diesel/Gas,"
10987,Industrial/Commercial Sales & Service,00111207431002,WARSHAUER ELECTRIC SUPPLY CO INC, 800 SHREWSBURY AVE,,TINTON FALLS,NJ ,07724,USA,www.warshauer.com,732-741-6400,"Service,"
10987,Industrial/Commercial Sales & Service,00010157021002,Mechanical Service Co, 1145 Oak St.,,Pittston,PA ,18640,USA,,570-654-2445,"Service,"
10988,Industrial/Commercial Sales & Service,00010214161002,"R.L. KISTLER, INC.", 35 HAMILTON LANE,,GLENMONT,NY ,12077,USA,,585-436-1940,"Sales,Service,"
10988,Industrial/Commercial Sales & Service,00010001611002,Huntington Power, 230 Long Hill Cross Rd,,Shelton,CT ,06484,USA,www.huntingtonpower.com,203-929-3203,"Sales,Service,Up To 2MW,Mobile/Diesel/Gas,Training,Rental,"
10988,Industrial/Commercial Sales & Service,00010214161002,"R.L. Kistler, Inc", 300 Mile Crossing Blvd.,,Rochester,NY ,14624,USA,rlkistler.com,585-436-1940,"Sales,"
10988,Industrial/Commercial Sales & Service,00010214161002,"R.L. Kistler, Inc", 5615 Business Ave.,,N. Syracuse,NY ,13208,USA,,315-458-2875,"Sales,"
10988,Industrial/Commercial Sales & Service,00010001611002,Huntington Power, 68 Enter Ln,,Islandia,NY ,11749,USA,,631-563-4943,"Sales,Service,Up To 2MW,Mobile/Diesel/Gas,"
10988,Industrial/Commercial Sales & Service,00010001611002,Huntington Power, 34 E DUDLEY TOWN RD.,,BLOOMFIELD,CT ,06002,USA,,860-289-8790,"Sales,Service,Rental,"
10988,Industrial/Commercial Sales & Service,00010214161002,"R.L. Kistler, Inc", 5615 Business Ave.,,N. Syracuse,NY ,13208,USA,,315-458-2875,"Sales,"
10988,Industrial/Commercial Sales & Service,00010208021002,Modern Group Power Systems, 2501 Durham Road,,Bristol,PA ,19007,USA,www.moderngroup.com,800-404-7291,"Sales,Service,Up To 2MW,Mobile/Diesel/Gas,Training,Rental,"
10988,Industrial/Commercial Sales & Service,00010001731002,Authorized Services Of New England, 410 Forest Street,,Marlborough,MA ,01752,USA,www.asne.com,888-890-9886,"Financing,Sales,Service,Up To 2MW,Mobile/Diesel/Gas,Training,Rental,"
10988,Industrial/Commercial Sales & Service,00010008091002,MODERN HANDLING EQUIP, 75 NEW STREET,,EDISON,NJ ,08837,USA,www.moderngroup.com,800-779-5116,"Sales,Service,Up To 2MW,Mobile/Diesel/Gas,"
10988,Industrial/Commercial Sales & Service,00010208021002,Modern Group Power Systems, 6352 Chapmans Rd,,Allentown,PA ,18106,USA,,800-404-7291,"Sales,Service,Up To 2MW,Mobile/Diesel/Gas,"
10988,Industrial/Commercial Sales & Service,00010208021002,Modern Group Power Systems, 295 New Commerce Blvd.,,Wilkes Barre,PA ,18706,USA,,800-404-7291,"Sales,Service,Up To 2MW,Mobile/Diesel/Gas,"
10988,Industrial/Commercial Sales & Service,00010000931002,"EMERGENCY POWER SYSTEMS, LLC", 35 HAMILTON LANE,,GLENMONT,NY ,12077,USA,,800-914-1465,"Service,Up To 2MW,Mobile/Diesel/Gas,"
10988,Industrial/Commercial Sales & Service,00010000931002,"EMERGENCY POWER SYSTEMS, LLC", 35 HAMILTON LANE,,GLENMONT,NY ,12077,USA,,800-914-1465,"Service,"
10988,Industrial/Commercial Sales & Service,00010208021002,Modern Group Power Systems, 200 Allied Parkway,,West Berlin,NJ ,08091,USA,,800-404-7291,"Sales,Service,Up To 2MW,Mobile/Diesel/Gas,"
10988,Industrial/Commercial Sales & Service,00010208021002,Modern Group Power Systems, 66A South Gate Blvd.,,New Castle,DE ,19720,USA,,800-404-7291,"Sales,Service,Up To 2MW,Mobile/Diesel/Gas,"
10988,Industrial/Commercial Sales & Service,00010208021002,Modern Group Power Systems, 3480 Board Road,,York,PA ,17402,USA,,800-404-7291,"Sales,Service,Up To 2MW,Mobile/Diesel/Gas,"
10988,Industrial/Commercial Sales & Service,00010001731002,AUTHORIZED SERVICES OF NEW ENGLAND, 410 FOREST STREET,,MARLBOROUGH,MA ,01752,USA,,888-890-9886,"Sales,"
10988,Industrial/Commercial Sales & Service,00010134071002,PEAK POWER SYSTEMS, 99 SPRAGUE AVENUE,,MIDDLETOWN,NY ,10940,USA,www.peakpowersystems.com,845-344-1975,"Sales,Service,Up To 600kW,Mobile/Diesel/Gas,Rental,"
10988,Industrial/Commercial Sales & Service,00010001761002,"GENSERVE, INC.", 100 NEWTOWN RD,,PLAINVIEW,NY ,11803,USA,www.genserveinc.com,631-435-0437,"Service,"
10988,Industrial/Commercial Sales & Service,00111209521002,LONG ISLAND EMERGENCY POWER -QO, 2 Ocean Avenue,,DEER PARK,NY ,11729,USA,,631-586-7513,"Sales,"
10988,Industrial/Commercial Sales & Service,00111209531002,HUNTINGTON POWER - LONG ISLAND, PO BOX 2040,,SHELTON,CT ,06484,USA,,631-586-7513,"Sales,"
10988,Industrial/Commercial Sales & Service,00010139211002,POWERPRO SERVICE CO. INC., 608 JOHNSON AVE. UNIT 6,,BOHEMIA,NY ,11716,USA,,631-567-2700,"Sales,Service,Up To 600kW,Mobile/Diesel/Gas,"
10988,Industrial/Commercial Sales & Service,00010001761002,"GENSERVE, INC.", 115A TWINBRIDGE DR.,,PENNSAUKEN,NJ ,08110,USA,www.genserveinc.com,856-324-0459,"Service,"
10988,Industrial/Commercial Sales & Service,00111184131002,HUNTER & LOMISON, 1956 W FOURTH ST,,WILLIAMSPORT,PA ,17701,USA,www.hunterlomison.com,570-326-1764,"Sales,Service,Up To 600kW,Mobile/Diesel/Gas,Rental,"
10988,Industrial/Commercial Sales & Service,00010000881002,HUNTER & LOMISON INC., 1956 W. 4TH STREET,,WILLIAMSPORT,PA ,17701,USA,www.hunterlomison.com,570-326-1764,"Service,Up To 600kW,Mobile/Diesel/Gas,"
10988,Industrial/Commercial Sales & Service,00010001621002,BROOKFIELD SERVICE, 708 GLEBE ROAD,,WESTMORELAND,NH ,03467,USA,www.brookfieldservice.com,802-485-6567,"Service,Up To 600kW,Mobile/Diesel/Gas,"
10988,Industrial/Commercial Sales & Service,00010157021002,Mechanical Service Co, 1145 Oak St.,,Pittston,PA ,18640,USA,,570-654-2445,"Service,"
10988,Industrial/Commercial Sales & Service,00111207431002,WARSHAUER ELECTRIC SUPPLY CO INC, 800 SHREWSBURY AVE,,TINTON FALLS,NJ ,07724,USA,www.warshauer.com,732-741-6400,"Service,"
10989,Industrial/Commercial Sales & Service,00010001611002,Huntington Power, 230 Long Hill Cross Rd,,Shelton,CT ,06484,USA,www.huntingtonpower.com,203-929-3203,"Sales,Service,Up To 2MW,Mobile/Diesel/Gas,Training,Rental,"
10989,Industrial/Commercial Sales & Service,00010214161002,"R.L. KISTLER, INC.", 35 HAMILTON LANE,,GLENMONT,NY ,12077,USA,,585-436-1940,"Sales,Service,"
10989,Industrial/Commercial Sales & Service,00010214161002,"R.L. Kistler, Inc", 300 Mile Crossing Blvd.,,Rochester,NY ,14624,USA,rlkistler.com,585-436-1940,"Sales,"
10989,Industrial/Commercial Sales & Service,00010001611002,Huntington Power, 68 Enter Ln,,Islandia,NY ,11749,USA,,631-563-4943,"Sales,Service,Up To 2MW,Mobile/Diesel/Gas,"
10989,Industrial/Commercial Sales & Service,00010001611002,Huntington Power, 34 E DUDLEY TOWN RD.,,BLOOMFIELD,CT ,06002,USA,,860-289-8790,"Sales,Service,Rental,"
10989,Industrial/Commercial Sales & Service,00010214161002,"R.L. Kistler, Inc", 5615 Business Ave.,,N. Syracuse,NY ,13208,USA,,315-458-2875,"Sales,"
10989,Industrial/Commercial Sales & Service,00010214161002,"R.L. Kistler, Inc", 5615 Business Ave.,,N. Syracuse,NY ,13208,USA,,315-458-2875,"Sales,"
10989,Industrial/Commercial Sales & Service,00010208021002,Modern Group Power Systems, 2501 Durham Road,,Bristol,PA ,19007,USA,www.moderngroup.com,800-404-7291,"Sales,Service,Up To 2MW,Mobile/Diesel/Gas,Training,Rental,"
10989,Industrial/Commercial Sales & Service,00010001731002,Authorized Services Of New England, 410 Forest Street,,Marlborough,MA ,01752,USA,www.asne.com,888-890-9886,"Financing,Sales,Service,Up To 2MW,Mobile/Diesel/Gas,Training,Rental,"
10989,Industrial/Commercial Sales & Service,00010008091002,MODERN HANDLING EQUIP, 75 NEW STREET,,EDISON,NJ ,08837,USA,www.moderngroup.com,800-779-5116,"Sales,Service,Up To 2MW,Mobile/Diesel/Gas,"
10989,Industrial/Commercial Sales & Service,00010208021002,Modern Group Power Systems, 6352 Chapmans Rd,,Allentown,PA ,18106,USA,,800-404-7291,"Sales,Service,Up To 2MW,Mobile/Diesel/Gas,"
10989,Industrial/Commercial Sales & Service,00010000931002,"EMERGENCY POWER SYSTEMS, LLC", 35 HAMILTON LANE,,GLENMONT,NY ,12077,USA,,800-914-1465,"Service,Up To 2MW,Mobile/Diesel/Gas,"
10989,Industrial/Commercial Sales & Service,00010000931002,"EMERGENCY POWER SYSTEMS, LLC", 35 HAMILTON LANE,,GLENMONT,NY ,12077,USA,,800-914-1465,"Service,"
10989,Industrial/Commercial Sales & Service,00010208021002,Modern Group Power Systems, 295 New Commerce Blvd.,,Wilkes Barre,PA ,18706,USA,,800-404-7291,"Sales,Service,Up To 2MW,Mobile/Diesel/Gas,"
10989,Industrial/Commercial Sales & Service,00010208021002,Modern Group Power Systems, 200 Allied Parkway,,West Berlin,NJ ,08091,USA,,800-404-7291,"Sales,Service,Up To 2MW,Mobile/Diesel/Gas,"
10989,Industrial/Commercial Sales & Service,00010208021002,Modern Group Power Systems, 66A South Gate Blvd.,,New Castle,DE ,19720,USA,,800-404-7291,"Sales,Service,Up To 2MW,Mobile/Diesel/Gas,"
10989,Industrial/Commercial Sales & Service,00010001731002,AUTHORIZED SERVICES OF NEW ENGLAND, 410 FOREST STREET,,MARLBOROUGH,MA ,01752,USA,,888-890-9886,"Sales,"
10989,Industrial/Commercial Sales & Service,00010208021002,Modern Group Power Systems, 3480 Board Road,,York,PA ,17402,USA,,800-404-7291,"Sales,Service,Up To 2MW,Mobile/Diesel/Gas,"
10989,Industrial/Commercial Sales & Service,00010134071002,PEAK POWER SYSTEMS, 99 SPRAGUE AVENUE,,MIDDLETOWN,NY ,10940,USA,www.peakpowersystems.com,845-344-1975,"Sales,Service,Up To 600kW,Mobile/Diesel/Gas,Rental,"
10989,Industrial/Commercial Sales & Service,00010001761002,"GENSERVE, INC.", 100 NEWTOWN RD,,PLAINVIEW,NY ,11803,USA,www.genserveinc.com,631-435-0437,"Service,"
10989,Industrial/Commercial Sales & Service,00111209521002,LONG ISLAND EMERGENCY POWER -QO, 2 Ocean Avenue,,DEER PARK,NY ,11729,USA,,631-586-7513,"Sales,"
10989,Industrial/Commercial Sales & Service,00111209531002,HUNTINGTON POWER - LONG ISLAND, PO BOX 2040,,SHELTON,CT ,06484,USA,,631-586-7513,"Sales,"
10989,Industrial/Commercial Sales & Service,00010139211002,POWERPRO SERVICE CO. INC., 608 JOHNSON AVE. UNIT 6,,BOHEMIA,NY ,11716,USA,,631-567-2700,"Sales,Service,Up To 600kW,Mobile/Diesel/Gas,"
10989,Industrial/Commercial Sales & Service,00010001761002,"GENSERVE, INC.", 115A TWINBRIDGE DR.,,PENNSAUKEN,NJ ,08110,USA,www.genserveinc.com,856-324-0459,"Service,"
10989,Industrial/Commercial Sales & Service,00010001621002,BROOKFIELD SERVICE, 708 GLEBE ROAD,,WESTMORELAND,NH ,03467,USA,www.brookfieldservice.com,802-485-6567,"Service,Up To 600kW,Mobile/Diesel/Gas,"
10989,Industrial/Commercial Sales & Service,00111184131002,HUNTER & LOMISON, 1956 W FOURTH ST,,WILLIAMSPORT,PA ,17701,USA,www.hunterlomison.com,570-326-1764,"Sales,Service,Up To 600kW,Mobile/Diesel/Gas,Rental,"
10989,Industrial/Commercial Sales & Service,00010000881002,HUNTER & LOMISON INC., 1956 W. 4TH STREET,,WILLIAMSPORT,PA ,17701,USA,www.hunterlomison.com,570-326-1764,"Service,Up To 600kW,Mobile/Diesel/Gas,"
10989,Industrial/Commercial Sales & Service,00010021101002,SOUTH SHORE GENERATOR INC-Quote, 2696A CRANBERRY HWY,,WAREHAM,MA ,02571,USA,,508-295-7336,"Sales,Service,Up To 600kW,Mobile/Diesel/Gas,"
10989,Industrial/Commercial Sales & Service,00010001701002,SOUTH SHORE GENERATOR INC, ,,EAST WAREHAM,MA ,02538,USA,,508-295-7336,"Financing,Sales,Service,Up To 600kW,Mobile/Diesel/Gas,"
10989,Industrial/Commercial Sales & Service,00111207431002,WARSHAUER ELECTRIC SUPPLY CO INC, 800 SHREWSBURY AVE,,TINTON FALLS,NJ ,07724,USA,www.warshauer.com,732-741-6400,"Service,"
10989,Industrial/Commercial Sales & Service,00010157021002,Mechanical Service Co, 1145 Oak St.,,Pittston,PA ,18640,USA,,570-654-2445,"Service,"
10990,Industrial/Commercial Sales & Service,00010001611002,Huntington Power, 230 Long Hill Cross Rd,,Shelton,CT ,06484,USA,www.huntingtonpower.com,203-929-3203,"Sales,Service,Up To 2MW,Mobile/Diesel/Gas,Training,Rental,"
10990,Industrial/Commercial Sales & Service,00010214161002,"R.L. Kistler, Inc", 300 Mile Crossing Blvd.,,Rochester,NY ,14624,USA,rlkistler.com,585-436-1940,"Sales,"
10990,Industrial/Commercial Sales & Service,00010214161002,"R.L. KISTLER, INC.", 35 HAMILTON LANE,,GLENMONT,NY ,12077,USA,,585-436-1940,"Sales,Service,"
10990,Industrial/Commercial Sales & Service,00010001611002,Huntington Power, 68 Enter Ln,,Islandia,NY ,11749,USA,,631-563-4943,"Sales,Service,Up To 2MW,Mobile/Diesel/Gas,"
10990,Industrial/Commercial Sales & Service,00010001611002,Huntington Power, 34 E DUDLEY TOWN RD.,,BLOOMFIELD,CT ,06002,USA,,860-289-8790,"Sales,Service,Rental,"
10990,Industrial/Commercial Sales & Service,00010214161002,"R.L. Kistler, Inc", 5615 Business Ave.,,N. Syracuse,NY ,13208,USA,,315-458-2875,"Sales,"
10990,Industrial/Commercial Sales & Service,00010214161002,"R.L. Kistler, Inc", 5615 Business Ave.,,N. Syracuse,NY ,13208,USA,,315-458-2875,"Sales,"
10990,Industrial/Commercial Sales & Service,00010208021002,Modern Group Power Systems, 2501 Durham Road,,Bristol,PA ,19007,USA,www.moderngroup.com,800-404-7291,"Sales,Service,Up To 2MW,Mobile/Diesel/Gas,Training,Rental,"
10990,Industrial/Commercial Sales & Service,00010001731002,Authorized Services Of New England, 410 Forest Street,,Marlborough,MA ,01752,USA,www.asne.com,888-890-9886,"Financing,Sales,Service,Up To 2MW,Mobile/Diesel/Gas,Training,Rental,"
10990,Industrial/Commercial Sales & Service,00010008091002,MODERN HANDLING EQUIP, 75 NEW STREET,,EDISON,NJ ,08837,USA,www.moderngroup.com,800-779-5116,"Sales,Service,Up To 2MW,Mobile/Diesel/Gas,"
10990,Industrial/Commercial Sales & Service,00010208021002,Modern Group Power Systems, 6352 Chapmans Rd,,Allentown,PA ,18106,USA,,800-404-7291,"Sales,Service,Up To 2MW,Mobile/Diesel/Gas,"
10990,Industrial/Commercial Sales & Service,00010208021002,Modern Group Power Systems, 295 New Commerce Blvd.,,Wilkes Barre,PA ,18706,USA,,800-404-7291,"Sales,Service,Up To 2MW,Mobile/Diesel/Gas,"
10990,Industrial/Commercial Sales & Service,00010000931002,"EMERGENCY POWER SYSTEMS, LLC", 35 HAMILTON LANE,,GLENMONT,NY ,12077,USA,,800-914-1465,"Service,Up To 2MW,Mobile/Diesel/Gas,"
10990,Industrial/Commercial Sales & Service,00010000931002,"EMERGENCY POWER SYSTEMS, LLC", 35 HAMILTON LANE,,GLENMONT,NY ,12077,USA,,800-914-1465,"Service,"
10990,Industrial/Commercial Sales & Service,00010208021002,Modern Group Power Systems, 200 Allied Parkway,,West Berlin,NJ ,08091,USA,,800-404-7291,"Sales,Service,Up To 2MW,Mobile/Diesel/Gas,"
10990,Industrial/Commercial Sales & Service,00010208021002,Modern Group Power Systems, 66A South Gate Blvd.,,New Castle,DE ,19720,USA,,800-404-7291,"Sales,Service,Up To 2MW,Mobile/Diesel/Gas,"
10990,Industrial/Commercial Sales & Service,00010208021002,Modern Group Power Systems, 3480 Board Road,,York,PA ,17402,USA,,800-404-7291,"Sales,Service,Up To 2MW,Mobile/Diesel/Gas,"
10990,Industrial/Commercial Sales & Service,00010001731002,AUTHORIZED SERVICES OF NEW ENGLAND, 410 FOREST STREET,,MARLBOROUGH,MA ,01752,USA,,888-890-9886,"Sales,"
10990,Industrial/Commercial Sales & Service,00010134071002,PEAK POWER SYSTEMS, 99 SPRAGUE AVENUE,,MIDDLETOWN,NY ,10940,USA,www.peakpowersystems.com,845-344-1975,"Sales,Service,Up To 600kW,Mobile/Diesel/Gas,Rental,"
10990,Industrial/Commercial Sales & Service,00010001761002,"GENSERVE, INC.", 100 NEWTOWN RD,,PLAINVIEW,NY ,11803,USA,www.genserveinc.com,631-435-0437,"Service,"
10990,Industrial/Commercial Sales & Service,00111209521002,LONG ISLAND EMERGENCY POWER -QO, 2 Ocean Avenue,,DEER PARK,NY ,11729,USA,,631-586-7513,"Sales,"
10990,Industrial/Commercial Sales & Service,00111209531002,HUNTINGTON POWER - LONG ISLAND, PO BOX 2040,,SHELTON,CT ,06484,USA,,631-586-7513,"Sales,"
10990,Industrial/Commercial Sales & Service,00010139211002,POWERPRO SERVICE CO. INC., 608 JOHNSON AVE. UNIT 6,,BOHEMIA,NY ,11716,USA,,631-567-2700,"Sales,Service,Up To 600kW,Mobile/Diesel/Gas,"
10990,Industrial/Commercial Sales & Service,00010001761002,"GENSERVE, INC.", 115A TWINBRIDGE DR.,,PENNSAUKEN,NJ ,08110,USA,www.genserveinc.com,856-324-0459,"Service,"
10990,Industrial/Commercial Sales & Service,00111184131002,HUNTER & LOMISON, 1956 W FOURTH ST,,WILLIAMSPORT,PA ,17701,USA,www.hunterlomison.com,570-326-1764,"Sales,Service,Up To 600kW,Mobile/Diesel/Gas,Rental,"
10990,Industrial/Commercial Sales & Service,00010000881002,HUNTER & LOMISON INC., 1956 W. 4TH STREET,,WILLIAMSPORT,PA ,17701,USA,www.hunterlomison.com,570-326-1764,"Service,Up To 600kW,Mobile/Diesel/Gas,"
10990,Industrial/Commercial Sales & Service,00010001621002,BROOKFIELD SERVICE, 708 GLEBE ROAD,,WESTMORELAND,NH ,03467,USA,www.brookfieldservice.com,802-485-6567,"Service,Up To 600kW,Mobile/Diesel/Gas,"
10990,Industrial/Commercial Sales & Service,00010021101002,SOUTH SHORE GENERATOR INC-Quote, 2696A CRANBERRY HWY,,WAREHAM,MA ,02571,USA,,508-295-7336,"Sales,Service,Up To 600kW,Mobile/Diesel/Gas,"
10990,Industrial/Commercial Sales & Service,00010001701002,SOUTH SHORE GENERATOR INC, ,,EAST WAREHAM,MA ,02538,USA,,508-295-7336,"Financing,Sales,Service,Up To 600kW,Mobile/Diesel/Gas,"
10990,Industrial/Commercial Sales & Service,00111207431002,WARSHAUER ELECTRIC SUPPLY CO INC, 800 SHREWSBURY AVE,,TINTON FALLS,NJ ,07724,USA,www.warshauer.com,732-741-6400,"Service,"
10990,Industrial/Commercial Sales & Service,00010157021002,Mechanical Service Co, 1145 Oak St.,,Pittston,PA ,18640,USA,,570-654-2445,"Service,"
10992,Industrial/Commercial Sales & Service,00010214161002,"R.L. Kistler, Inc", 300 Mile Crossing Blvd.,,Rochester,NY ,14624,USA,rlkistler.com,585-436-1940,"Sales,"
10992,Industrial/Commercial Sales & Service,00010214161002,"R.L. KISTLER, INC.", 35 HAMILTON LANE,,GLENMONT,NY ,12077,USA,,585-436-1940,"Sales,Service,"
10992,Industrial/Commercial Sales & Service,00010001611002,Huntington Power, 230 Long Hill Cross Rd,,Shelton,CT ,06484,USA,www.huntingtonpower.com,203-929-3203,"Sales,Service,Up To 2MW,Mobile/Diesel/Gas,Training,Rental,"
10992,Industrial/Commercial Sales & Service,00010214161002,"R.L. Kistler, Inc", 5615 Business Ave.,,N. Syracuse,NY ,13208,USA,,315-458-2875,"Sales,"
10992,Industrial/Commercial Sales & Service,00010214161002,"R.L. Kistler, Inc", 5615 Business Ave.,,N. Syracuse,NY ,13208,USA,,315-458-2875,"Sales,"
10992,Industrial/Commercial Sales & Service,00010001611002,Huntington Power, 68 Enter Ln,,Islandia,NY ,11749,USA,,631-563-4943,"Sales,Service,Up To 2MW,Mobile/Diesel/Gas,"
10992,Industrial/Commercial Sales & Service,00010001611002,Huntington Power, 34 E DUDLEY TOWN RD.,,BLOOMFIELD,CT ,06002,USA,,860-289-8790,"Sales,Service,Rental,"
10992,Industrial/Commercial Sales & Service,00010208021002,Modern Group Power Systems, 2501 Durham Road,,Bristol,PA ,19007,USA,www.moderngroup.com,800-404-7291,"Sales,Service,Up To 2MW,Mobile/Diesel/Gas,Training,Rental,"
10992,Industrial/Commercial Sales & Service,00010001731002,Authorized Services Of New England, 410 Forest Street,,Marlborough,MA ,01752,USA,www.asne.com,888-890-9886,"Financing,Sales,Service,Up To 2MW,Mobile/Diesel/Gas,Training,Rental,"
10992,Industrial/Commercial Sales & Service,00010008091002,MODERN HANDLING EQUIP, 75 NEW STREET,,EDISON,NJ ,08837,USA,www.moderngroup.com,800-779-5116,"Sales,Service,Up To 2MW,Mobile/Diesel/Gas,"
10992,Industrial/Commercial Sales & Service,00010000931002,"EMERGENCY POWER SYSTEMS, LLC", 35 HAMILTON LANE,,GLENMONT,NY ,12077,USA,,800-914-1465,"Service,Up To 2MW,Mobile/Diesel/Gas,"
10992,Industrial/Commercial Sales & Service,00010000931002,"EMERGENCY POWER SYSTEMS, LLC", 35 HAMILTON LANE,,GLENMONT,NY ,12077,USA,,800-914-1465,"Service,"
10992,Industrial/Commercial Sales & Service,00010208021002,Modern Group Power Systems, 6352 Chapmans Rd,,Allentown,PA ,18106,USA,,800-404-7291,"Sales,Service,Up To 2MW,Mobile/Diesel/Gas,"
10992,Industrial/Commercial Sales & Service,00010208021002,Modern Group Power Systems, 295 New Commerce Blvd.,,Wilkes Barre,PA ,18706,USA,,800-404-7291,"Sales,Service,Up To 2MW,Mobile/Diesel/Gas,"
10992,Industrial/Commercial Sales & Service,00010208021002,Modern Group Power Systems, 200 Allied Parkway,,West Berlin,NJ ,08091,USA,,800-404-7291,"Sales,Service,Up To 2MW,Mobile/Diesel/Gas,"
10992,Industrial/Commercial Sales & Service,00010208021002,Modern Group Power Systems, 66A South Gate Blvd.,,New Castle,DE ,19720,USA,,800-404-7291,"Sales,Service,Up To 2MW,Mobile/Diesel/Gas,"
10992,Industrial/Commercial Sales & Service,00010001731002,AUTHORIZED SERVICES OF NEW ENGLAND, 410 FOREST STREET,,MARLBOROUGH,MA ,01752,USA,,888-890-9886,"Sales,"
10992,Industrial/Commercial Sales & Service,00010208021002,Modern Group Power Systems, 3480 Board Road,,York,PA ,17402,USA,,800-404-7291,"Sales,Service,Up To 2MW,Mobile/Diesel/Gas,"
10992,Industrial/Commercial Sales & Service,00010134071002,PEAK POWER SYSTEMS, 99 SPRAGUE AVENUE,,MIDDLETOWN,NY ,10940,USA,www.peakpowersystems.com,845-344-1975,"Sales,Service,Up To 600kW,Mobile/Diesel/Gas,Rental,"
10992,Industrial/Commercial Sales & Service,00111209531002,HUNTINGTON POWER - LONG ISLAND, PO BOX 2040,,SHELTON,CT ,06484,USA,,631-586-7513,"Sales,"
10992,Industrial/Commercial Sales & Service,00010001761002,"GENSERVE, INC.", 100 NEWTOWN RD,,PLAINVIEW,NY ,11803,USA,www.genserveinc.com,631-435-0437,"Service,"
10992,Industrial/Commercial Sales & Service,00111209521002,LONG ISLAND EMERGENCY POWER -QO, 2 Ocean Avenue,,DEER PARK,NY ,11729,USA,,631-586-7513,"Sales,"
10992,Industrial/Commercial Sales & Service,00010139211002,POWERPRO SERVICE CO. INC., 608 JOHNSON AVE. UNIT 6,,BOHEMIA,NY ,11716,USA,,631-567-2700,"Sales,Service,Up To 600kW,Mobile/Diesel/Gas,"
10992,Industrial/Commercial Sales & Service,00010001761002,"GENSERVE, INC.", 115A TWINBRIDGE DR.,,PENNSAUKEN,NJ ,08110,USA,www.genserveinc.com,856-324-0459,"Service,"
10992,Industrial/Commercial Sales & Service,00010001621002,BROOKFIELD SERVICE, 708 GLEBE ROAD,,WESTMORELAND,NH ,03467,USA,www.brookfieldservice.com,802-485-6567,"Service,Up To 600kW,Mobile/Diesel/Gas,"
10992,Industrial/Commercial Sales & Service,00111184131002,HUNTER & LOMISON, 1956 W FOURTH ST,,WILLIAMSPORT,PA ,17701,USA,www.hunterlomison.com,570-326-1764,"Sales,Service,Up To 600kW,Mobile/Diesel/Gas,Rental,"
10992,Industrial/Commercial Sales & Service,00010000881002,HUNTER & LOMISON INC., 1956 W. 4TH STREET,,WILLIAMSPORT,PA ,17701,USA,www.hunterlomison.com,570-326-1764,"Service,Up To 600kW,Mobile/Diesel/Gas,"
10992,Industrial/Commercial Sales & Service,00010021101002,SOUTH SHORE GENERATOR INC-Quote, 2696A CRANBERRY HWY,,WAREHAM,MA ,02571,USA,,508-295-7336,"Sales,Service,Up To 600kW,Mobile/Diesel/Gas,"
10992,Industrial/Commercial Sales & Service,00010001701002,SOUTH SHORE GENERATOR INC, ,,EAST WAREHAM,MA ,02538,USA,,508-295-7336,"Financing,Sales,Service,Up To 600kW,Mobile/Diesel/Gas,"
10992,Industrial/Commercial Sales & Service,00111207431002,WARSHAUER ELECTRIC SUPPLY CO INC, 800 SHREWSBURY AVE,,TINTON FALLS,NJ ,07724,USA,www.warshauer.com,732-741-6400,"Service,"
10992,Industrial/Commercial Sales & Service,00010157021002,Mechanical Service Co, 1145 Oak St.,,Pittston,PA ,18640,USA,,570-654-2445,"Service,"
10993,Industrial/Commercial Sales & Service,00010214161002,"R.L. Kistler, Inc", 300 Mile Crossing Blvd.,,Rochester,NY ,14624,USA,rlkistler.com,585-436-1940,"Sales,"
10993,Industrial/Commercial Sales & Service,00010214161002,"R.L. KISTLER, INC.", 35 HAMILTON LANE,,GLENMONT,NY ,12077,USA,,585-436-1940,"Sales,Service,"
10993,Industrial/Commercial Sales & Service,00010001611002,Huntington Power, 230 Long Hill Cross Rd,,Shelton,CT ,06484,USA,www.huntingtonpower.com,203-929-3203,"Sales,Service,Up To 2MW,Mobile/Diesel/Gas,Training,Rental,"
10993,Industrial/Commercial Sales & Service,00010214161002,"R.L. Kistler, Inc", 5615 Business Ave.,,N. Syracuse,NY ,13208,USA,,315-458-2875,"Sales,"
10993,Industrial/Commercial Sales & Service,00010214161002,"R.L. Kistler, Inc", 5615 Business Ave.,,N. Syracuse,NY ,13208,USA,,315-458-2875,"Sales,"
10993,Industrial/Commercial Sales & Service,00010001611002,Huntington Power, 68 Enter Ln,,Islandia,NY ,11749,USA,,631-563-4943,"Sales,Service,Up To 2MW,Mobile/Diesel/Gas,"
10993,Industrial/Commercial Sales & Service,00010001611002,Huntington Power, 34 E DUDLEY TOWN RD.,,BLOOMFIELD,CT ,06002,USA,,860-289-8790,"Sales,Service,Rental,"
10993,Industrial/Commercial Sales & Service,00010208021002,Modern Group Power Systems, 2501 Durham Road,,Bristol,PA ,19007,USA,www.moderngroup.com,800-404-7291,"Sales,Service,Up To 2MW,Mobile/Diesel/Gas,Training,Rental,"
10993,Industrial/Commercial Sales & Service,00010001731002,Authorized Services Of New England, 410 Forest Street,,Marlborough,MA ,01752,USA,www.asne.com,888-890-9886,"Financing,Sales,Service,Up To 2MW,Mobile/Diesel/Gas,Training,Rental,"
10993,Industrial/Commercial Sales & Service,00010008091002,MODERN HANDLING EQUIP, 75 NEW STREET,,EDISON,NJ ,08837,USA,www.moderngroup.com,800-779-5116,"Sales,Service,Up To 2MW,Mobile/Diesel/Gas,"
10993,Industrial/Commercial Sales & Service,00010208021002,Modern Group Power Systems, 6352 Chapmans Rd,,Allentown,PA ,18106,USA,,800-404-7291,"Sales,Service,Up To 2MW,Mobile/Diesel/Gas,"
10993,Industrial/Commercial Sales & Service,00010000931002,"EMERGENCY POWER SYSTEMS, LLC", 35 HAMILTON LANE,,GLENMONT,NY ,12077,USA,,800-914-1465,"Service,Up To 2MW,Mobile/Diesel/Gas,"
10993,Industrial/Commercial Sales & Service,00010000931002,"EMERGENCY POWER SYSTEMS, LLC", 35 HAMILTON LANE,,GLENMONT,NY ,12077,USA,,800-914-1465,"Service,"
10993,Industrial/Commercial Sales & Service,00010208021002,Modern Group Power Systems, 295 New Commerce Blvd.,,Wilkes Barre,PA ,18706,USA,,800-404-7291,"Sales,Service,Up To 2MW,Mobile/Diesel/Gas,"
10993,Industrial/Commercial Sales & Service,00010208021002,Modern Group Power Systems, 200 Allied Parkway,,West Berlin,NJ ,08091,USA,,800-404-7291,"Sales,Service,Up To 2MW,Mobile/Diesel/Gas,"
10993,Industrial/Commercial Sales & Service,00010208021002,Modern Group Power Systems, 66A South Gate Blvd.,,New Castle,DE ,19720,USA,,800-404-7291,"Sales,Service,Up To 2MW,Mobile/Diesel/Gas,"
10993,Industrial/Commercial Sales & Service,00010001731002,AUTHORIZED SERVICES OF NEW ENGLAND, 410 FOREST STREET,,MARLBOROUGH,MA ,01752,USA,,888-890-9886,"Sales,"
10993,Industrial/Commercial Sales & Service,00010208021002,Modern Group Power Systems, 3480 Board Road,,York,PA ,17402,USA,,800-404-7291,"Sales,Service,Up To 2MW,Mobile/Diesel/Gas,"
10993,Industrial/Commercial Sales & Service,00010134071002,PEAK POWER SYSTEMS, 99 SPRAGUE AVENUE,,MIDDLETOWN,NY ,10940,USA,www.peakpowersystems.com,845-344-1975,"Sales,Service,Up To 600kW,Mobile/Diesel/Gas,Rental,"
10993,Industrial/Commercial Sales & Service,00010001761002,"GENSERVE, INC.", 100 NEWTOWN RD,,PLAINVIEW,NY ,11803,USA,www.genserveinc.com,631-435-0437,"Service,"
10993,Industrial/Commercial Sales & Service,00111209531002,HUNTINGTON POWER - LONG ISLAND, PO BOX 2040,,SHELTON,CT ,06484,USA,,631-586-7513,"Sales,"
10993,Industrial/Commercial Sales & Service,00111209521002,LONG ISLAND EMERGENCY POWER -QO, 2 Ocean Avenue,,DEER PARK,NY ,11729,USA,,631-586-7513,"Sales,"
10993,Industrial/Commercial Sales & Service,00010139211002,POWERPRO SERVICE CO. INC., 608 JOHNSON AVE. UNIT 6,,BOHEMIA,NY ,11716,USA,,631-567-2700,"Sales,Service,Up To 600kW,Mobile/Diesel/Gas,"
10993,Industrial/Commercial Sales & Service,00010001761002,"GENSERVE, INC.", 115A TWINBRIDGE DR.,,PENNSAUKEN,NJ ,08110,USA,www.genserveinc.com,856-324-0459,"Service,"
10993,Industrial/Commercial Sales & Service,00010001621002,BROOKFIELD SERVICE, 708 GLEBE ROAD,,WESTMORELAND,NH ,03467,USA,www.brookfieldservice.com,802-485-6567,"Service,Up To 600kW,Mobile/Diesel/Gas,"
10993,Industrial/Commercial Sales & Service,00111184131002,HUNTER & LOMISON, 1956 W FOURTH ST,,WILLIAMSPORT,PA ,17701,USA,www.hunterlomison.com,570-326-1764,"Sales,Service,Up To 600kW,Mobile/Diesel/Gas,Rental,"
10993,Industrial/Commercial Sales & Service,00010000881002,HUNTER & LOMISON INC., 1956 W. 4TH STREET,,WILLIAMSPORT,PA ,17701,USA,www.hunterlomison.com,570-326-1764,"Service,Up To 600kW,Mobile/Diesel/Gas,"
10993,Industrial/Commercial Sales & Service,00010021101002,SOUTH SHORE GENERATOR INC-Quote, 2696A CRANBERRY HWY,,WAREHAM,MA ,02571,USA,,508-295-7336,"Sales,Service,Up To 600kW,Mobile/Diesel/Gas,"
10993,Industrial/Commercial Sales & Service,00010001701002,SOUTH SHORE GENERATOR INC, ,,EAST WAREHAM,MA ,02538,USA,,508-295-7336,"Financing,Sales,Service,Up To 600kW,Mobile/Diesel/Gas,"
10993,Industrial/Commercial Sales & Service,00111207431002,WARSHAUER ELECTRIC SUPPLY CO INC, 800 SHREWSBURY AVE,,TINTON FALLS,NJ ,07724,USA,www.warshauer.com,732-741-6400,"Service,"
10993,Industrial/Commercial Sales & Service,00010157021002,Mechanical Service Co, 1145 Oak St.,,Pittston,PA ,18640,USA,,570-654-2445,"Service,"
10994,Industrial/Commercial Sales & Service,00010214161002,"R.L. Kistler, Inc", 300 Mile Crossing Blvd.,,Rochester,NY ,14624,USA,rlkistler.com,585-436-1940,"Sales,"
10994,Industrial/Commercial Sales & Service,00010001611002,Huntington Power, 230 Long Hill Cross Rd,,Shelton,CT ,06484,USA,www.huntingtonpower.com,203-929-3203,"Sales,Service,Up To 2MW,Mobile/Diesel/Gas,Training,Rental,"
10994,Industrial/Commercial Sales & Service,00010214161002,"R.L. KISTLER, INC.", 35 HAMILTON LANE,,GLENMONT,NY ,12077,USA,,585-436-1940,"Sales,Service,"
10994,Industrial/Commercial Sales & Service,00010214161002,"R.L. Kistler, Inc", 5615 Business Ave.,,N. Syracuse,NY ,13208,USA,,315-458-2875,"Sales,"
10994,Industrial/Commercial Sales & Service,00010001611002,Huntington Power, 68 Enter Ln,,Islandia,NY ,11749,USA,,631-563-4943,"Sales,Service,Up To 2MW,Mobile/Diesel/Gas,"
10994,Industrial/Commercial Sales & Service,00010001611002,Huntington Power, 34 E DUDLEY TOWN RD.,,BLOOMFIELD,CT ,06002,USA,,860-289-8790,"Sales,Service,Rental,"
10994,Industrial/Commercial Sales & Service,00010214161002,"R.L. Kistler, Inc", 5615 Business Ave.,,N. Syracuse,NY ,13208,USA,,315-458-2875,"Sales,"
10994,Industrial/Commercial Sales & Service,00010208021002,Modern Group Power Systems, 2501 Durham Road,,Bristol,PA ,19007,USA,www.moderngroup.com,800-404-7291,"Sales,Service,Up To 2MW,Mobile/Diesel/Gas,Training,Rental,"
10994,Industrial/Commercial Sales & Service,00010001731002,Authorized Services Of New England, 410 Forest Street,,Marlborough,MA ,01752,USA,www.asne.com,888-890-9886,"Financing,Sales,Service,Up To 2MW,Mobile/Diesel/Gas,Training,Rental,"
10994,Industrial/Commercial Sales & Service,00010008091002,MODERN HANDLING EQUIP, 75 NEW STREET,,EDISON,NJ ,08837,USA,www.moderngroup.com,800-779-5116,"Sales,Service,Up To 2MW,Mobile/Diesel/Gas,"
10994,Industrial/Commercial Sales & Service,00010208021002,Modern Group Power Systems, 6352 Chapmans Rd,,Allentown,PA ,18106,USA,,800-404-7291,"Sales,Service,Up To 2MW,Mobile/Diesel/Gas,"
10994,Industrial/Commercial Sales & Service,00010208021002,Modern Group Power Systems, 295 New Commerce Blvd.,,Wilkes Barre,PA ,18706,USA,,800-404-7291,"Sales,Service,Up To 2MW,Mobile/Diesel/Gas,"
10994,Industrial/Commercial Sales & Service,00010208021002,Modern Group Power Systems, 200 Allied Parkway,,West Berlin,NJ ,08091,USA,,800-404-7291,"Sales,Service,Up To 2MW,Mobile/Diesel/Gas,"
10994,Industrial/Commercial Sales & Service,00010000931002,"EMERGENCY POWER SYSTEMS, LLC", 35 HAMILTON LANE,,GLENMONT,NY ,12077,USA,,800-914-1465,"Service,Up To 2MW,Mobile/Diesel/Gas,"
10994,Industrial/Commercial Sales & Service,00010000931002,"EMERGENCY POWER SYSTEMS, LLC", 35 HAMILTON LANE,,GLENMONT,NY ,12077,USA,,800-914-1465,"Service,"
10994,Industrial/Commercial Sales & Service,00010208021002,Modern Group Power Systems, 66A South Gate Blvd.,,New Castle,DE ,19720,USA,,800-404-7291,"Sales,Service,Up To 2MW,Mobile/Diesel/Gas,"
10994,Industrial/Commercial Sales & Service,00010001731002,AUTHORIZED SERVICES OF NEW ENGLAND, 410 FOREST STREET,,MARLBOROUGH,MA ,01752,USA,,888-890-9886,"Sales,"
10994,Industrial/Commercial Sales & Service,00010208021002,Modern Group Power Systems, 3480 Board Road,,York,PA ,17402,USA,,800-404-7291,"Sales,Service,Up To 2MW,Mobile/Diesel/Gas,"
10994,Industrial/Commercial Sales & Service,00010134071002,PEAK POWER SYSTEMS, 99 SPRAGUE AVENUE,,MIDDLETOWN,NY ,10940,USA,www.peakpowersystems.com,845-344-1975,"Sales,Service,Up To 600kW,Mobile/Diesel/Gas,Rental,"
10994,Industrial/Commercial Sales & Service,00010001761002,"GENSERVE, INC.", 100 NEWTOWN RD,,PLAINVIEW,NY ,11803,USA,www.genserveinc.com,631-435-0437,"Service,"
10994,Industrial/Commercial Sales & Service,00111209521002,LONG ISLAND EMERGENCY POWER -QO, 2 Ocean Avenue,,DEER PARK,NY ,11729,USA,,631-586-7513,"Sales,"
10994,Industrial/Commercial Sales & Service,00111209531002,HUNTINGTON POWER - LONG ISLAND, PO BOX 2040,,SHELTON,CT ,06484,USA,,631-586-7513,"Sales,"
10994,Industrial/Commercial Sales & Service,00010139211002,POWERPRO SERVICE CO. INC., 608 JOHNSON AVE. UNIT 6,,BOHEMIA,NY ,11716,USA,,631-567-2700,"Sales,Service,Up To 600kW,Mobile/Diesel/Gas,"
10994,Industrial/Commercial Sales & Service,00010001761002,"GENSERVE, INC.", 115A TWINBRIDGE DR.,,PENNSAUKEN,NJ ,08110,USA,www.genserveinc.com,856-324-0459,"Service,"
10994,Industrial/Commercial Sales & Service,00010001621002,BROOKFIELD SERVICE, 708 GLEBE ROAD,,WESTMORELAND,NH ,03467,USA,www.brookfieldservice.com,802-485-6567,"Service,Up To 600kW,Mobile/Diesel/Gas,"
10994,Industrial/Commercial Sales & Service,00111184131002,HUNTER & LOMISON, 1956 W FOURTH ST,,WILLIAMSPORT,PA ,17701,USA,www.hunterlomison.com,570-326-1764,"Sales,Service,Up To 600kW,Mobile/Diesel/Gas,Rental,"
10994,Industrial/Commercial Sales & Service,00010000881002,HUNTER & LOMISON INC., 1956 W. 4TH STREET,,WILLIAMSPORT,PA ,17701,USA,www.hunterlomison.com,570-326-1764,"Service,Up To 600kW,Mobile/Diesel/Gas,"
10994,Industrial/Commercial Sales & Service,00010021101002,SOUTH SHORE GENERATOR INC-Quote, 2696A CRANBERRY HWY,,WAREHAM,MA ,02571,USA,,508-295-7336,"Sales,Service,Up To 600kW,Mobile/Diesel/Gas,"
10994,Industrial/Commercial Sales & Service,00010001701002,SOUTH SHORE GENERATOR INC, ,,EAST WAREHAM,MA ,02538,USA,,508-295-7336,"Financing,Sales,Service,Up To 600kW,Mobile/Diesel/Gas,"
10994,Industrial/Commercial Sales & Service,00111207431002,WARSHAUER ELECTRIC SUPPLY CO INC, 800 SHREWSBURY AVE,,TINTON FALLS,NJ ,07724,USA,www.warshauer.com,732-741-6400,"Service,"
10994,Industrial/Commercial Sales & Service,00010157021002,Mechanical Service Co, 1145 Oak St.,,Pittston,PA ,18640,USA,,570-654-2445,"Service,"
10996,Industrial/Commercial Sales & Service,00010001611002,Huntington Power, 230 Long Hill Cross Rd,,Shelton,CT ,06484,USA,www.huntingtonpower.com,203-929-3203,"Sales,Service,Up To 2MW,Mobile/Diesel/Gas,Training,Rental,"
10996,Industrial/Commercial Sales & Service,00010214161002,"R.L. Kistler, Inc", 300 Mile Crossing Blvd.,,Rochester,NY ,14624,USA,rlkistler.com,585-436-1940,"Sales,"
10996,Industrial/Commercial Sales & Service,00010214161002,"R.L. KISTLER, INC.", 35 HAMILTON LANE,,GLENMONT,NY ,12077,USA,,585-436-1940,"Sales,Service,"
10996,Industrial/Commercial Sales & Service,00010001611002,Huntington Power, 68 Enter Ln,,Islandia,NY ,11749,USA,,631-563-4943,"Sales,Service,Up To 2MW,Mobile/Diesel/Gas,"
10996,Industrial/Commercial Sales & Service,00010001611002,Huntington Power, 34 E DUDLEY TOWN RD.,,BLOOMFIELD,CT ,06002,USA,,860-289-8790,"Sales,Service,Rental,"
10996,Industrial/Commercial Sales & Service,00010214161002,"R.L. Kistler, Inc", 5615 Business Ave.,,N. Syracuse,NY ,13208,USA,,315-458-2875,"Sales,"
10996,Industrial/Commercial Sales & Service,00010214161002,"R.L. Kistler, Inc", 5615 Business Ave.,,N. Syracuse,NY ,13208,USA,,315-458-2875,"Sales,"
10996,Industrial/Commercial Sales & Service,00010208021002,Modern Group Power Systems, 2501 Durham Road,,Bristol,PA ,19007,USA,www.moderngroup.com,800-404-7291,"Sales,Service,Up To 2MW,Mobile/Diesel/Gas,Training,Rental,"
10996,Industrial/Commercial Sales & Service,00010001731002,Authorized Services Of New England, 410 Forest Street,,Marlborough,MA ,01752,USA,www.asne.com,888-890-9886,"Financing,Sales,Service,Up To 2MW,Mobile/Diesel/Gas,Training,Rental,"
10996,Industrial/Commercial Sales & Service,00010008091002,MODERN HANDLING EQUIP, 75 NEW STREET,,EDISON,NJ ,08837,USA,www.moderngroup.com,800-779-5116,"Sales,Service,Up To 2MW,Mobile/Diesel/Gas,"
10996,Industrial/Commercial Sales & Service,00010000931002,"EMERGENCY POWER SYSTEMS, LLC", 35 HAMILTON LANE,,GLENMONT,NY ,12077,USA,,800-914-1465,"Service,Up To 2MW,Mobile/Diesel/Gas,"
10996,Industrial/Commercial Sales & Service,00010000931002,"EMERGENCY POWER SYSTEMS, LLC", 35 HAMILTON LANE,,GLENMONT,NY ,12077,USA,,800-914-1465,"Service,"
10996,Industrial/Commercial Sales & Service,00010208021002,Modern Group Power Systems, 6352 Chapmans Rd,,Allentown,PA ,18106,USA,,800-404-7291,"Sales,Service,Up To 2MW,Mobile/Diesel/Gas,"
10996,Industrial/Commercial Sales & Service,00010208021002,Modern Group Power Systems, 295 New Commerce Blvd.,,Wilkes Barre,PA ,18706,USA,,800-404-7291,"Sales,Service,Up To 2MW,Mobile/Diesel/Gas,"
10996,Industrial/Commercial Sales & Service,00010208021002,Modern Group Power Systems, 200 Allied Parkway,,West Berlin,NJ ,08091,USA,,800-404-7291,"Sales,Service,Up To 2MW,Mobile/Diesel/Gas,"
10996,Industrial/Commercial Sales & Service,00010001731002,AUTHORIZED SERVICES OF NEW ENGLAND, 410 FOREST STREET,,MARLBOROUGH,MA ,01752,USA,,888-890-9886,"Sales,"
10996,Industrial/Commercial Sales & Service,00010208021002,Modern Group Power Systems, 66A South Gate Blvd.,,New Castle,DE ,19720,USA,,800-404-7291,"Sales,Service,Up To 2MW,Mobile/Diesel/Gas,"
10996,Industrial/Commercial Sales & Service,00010208021002,Modern Group Power Systems, 3480 Board Road,,York,PA ,17402,USA,,800-404-7291,"Sales,Service,Up To 2MW,Mobile/Diesel/Gas,"
10996,Industrial/Commercial Sales & Service,00010134071002,PEAK POWER SYSTEMS, 99 SPRAGUE AVENUE,,MIDDLETOWN,NY ,10940,USA,www.peakpowersystems.com,845-344-1975,"Sales,Service,Up To 600kW,Mobile/Diesel/Gas,Rental,"
10996,Industrial/Commercial Sales & Service,00111209531002,HUNTINGTON POWER - LONG ISLAND, PO BOX 2040,,SHELTON,CT ,06484,USA,,631-586-7513,"Sales,"
10996,Industrial/Commercial Sales & Service,00010001761002,"GENSERVE, INC.", 100 NEWTOWN RD,,PLAINVIEW,NY ,11803,USA,www.genserveinc.com,631-435-0437,"Service,"
10996,Industrial/Commercial Sales & Service,00111209521002,LONG ISLAND EMERGENCY POWER -QO, 2 Ocean Avenue,,DEER PARK,NY ,11729,USA,,631-586-7513,"Sales,"
10996,Industrial/Commercial Sales & Service,00010139211002,POWERPRO SERVICE CO. INC., 608 JOHNSON AVE. UNIT 6,,BOHEMIA,NY ,11716,USA,,631-567-2700,"Sales,Service,Up To 600kW,Mobile/Diesel/Gas,"
10996,Industrial/Commercial Sales & Service,00010001761002,"GENSERVE, INC.", 115A TWINBRIDGE DR.,,PENNSAUKEN,NJ ,08110,USA,www.genserveinc.com,856-324-0459,"Service,"
10996,Industrial/Commercial Sales & Service,00010001621002,BROOKFIELD SERVICE, 708 GLEBE ROAD,,WESTMORELAND,NH ,03467,USA,www.brookfieldservice.com,802-485-6567,"Service,Up To 600kW,Mobile/Diesel/Gas,"
10996,Industrial/Commercial Sales & Service,00111184131002,HUNTER & LOMISON, 1956 W FOURTH ST,,WILLIAMSPORT,PA ,17701,USA,www.hunterlomison.com,570-326-1764,"Sales,Service,Up To 600kW,Mobile/Diesel/Gas,Rental,"
10996,Industrial/Commercial Sales & Service,00010000881002,HUNTER & LOMISON INC., 1956 W. 4TH STREET,,WILLIAMSPORT,PA ,17701,USA,www.hunterlomison.com,570-326-1764,"Service,Up To 600kW,Mobile/Diesel/Gas,"
10996,Industrial/Commercial Sales & Service,00010021101002,SOUTH SHORE GENERATOR INC-Quote, 2696A CRANBERRY HWY,,WAREHAM,MA ,02571,USA,,508-295-7336,"Sales,Service,Up To 600kW,Mobile/Diesel/Gas,"
10996,Industrial/Commercial Sales & Service,00010001701002,SOUTH SHORE GENERATOR INC, ,,EAST WAREHAM,MA ,02538,USA,,508-295-7336,"Financing,Sales,Service,Up To 600kW,Mobile/Diesel/Gas,"
10996,Industrial/Commercial Sales & Service,00111207431002,WARSHAUER ELECTRIC SUPPLY CO INC, 800 SHREWSBURY AVE,,TINTON FALLS,NJ ,07724,USA,www.warshauer.com,732-741-6400,"Service,"
10996,Industrial/Commercial Sales & Service,00010157021002,Mechanical Service Co, 1145 Oak St.,,Pittston,PA ,18640,USA,,570-654-2445,"Service,"
10997,Industrial/Commercial Sales & Service,00010214161002,"R.L. Kistler, Inc", 300 Mile Crossing Blvd.,,Rochester,NY ,14624,USA,rlkistler.com,585-436-1940,"Sales,"
10997,Industrial/Commercial Sales & Service,00010214161002,"R.L. KISTLER, INC.", 35 HAMILTON LANE,,GLENMONT,NY ,12077,USA,,585-436-1940,"Sales,Service,"
10997,Industrial/Commercial Sales & Service,00010001611002,Huntington Power, 230 Long Hill Cross Rd,,Shelton,CT ,06484,USA,www.huntingtonpower.com,203-929-3203,"Sales,Service,Up To 2MW,Mobile/Diesel/Gas,Training,Rental,"
10997,Industrial/Commercial Sales & Service,00010214161002,"R.L. Kistler, Inc", 5615 Business Ave.,,N. Syracuse,NY ,13208,USA,,315-458-2875,"Sales,"
10997,Industrial/Commercial Sales & Service,00010214161002,"R.L. Kistler, Inc", 5615 Business Ave.,,N. Syracuse,NY ,13208,USA,,315-458-2875,"Sales,"
10997,Industrial/Commercial Sales & Service,00010001611002,Huntington Power, 68 Enter Ln,,Islandia,NY ,11749,USA,,631-563-4943,"Sales,Service,Up To 2MW,Mobile/Diesel/Gas,"
10997,Industrial/Commercial Sales & Service,00010001611002,Huntington Power, 34 E DUDLEY TOWN RD.,,BLOOMFIELD,CT ,06002,USA,,860-289-8790,"Sales,Service,Rental,"
10997,Industrial/Commercial Sales & Service,00010208021002,Modern Group Power Systems, 2501 Durham Road,,Bristol,PA ,19007,USA,www.moderngroup.com,800-404-7291,"Sales,Service,Up To 2MW,Mobile/Diesel/Gas,Training,Rental,"
10997,Industrial/Commercial Sales & Service,00010001731002,Authorized Services Of New England, 410 Forest Street,,Marlborough,MA ,01752,USA,www.asne.com,888-890-9886,"Financing,Sales,Service,Up To 2MW,Mobile/Diesel/Gas,Training,Rental,"
10997,Industrial/Commercial Sales & Service,00010008091002,MODERN HANDLING EQUIP, 75 NEW STREET,,EDISON,NJ ,08837,USA,www.moderngroup.com,800-779-5116,"Sales,Service,Up To 2MW,Mobile/Diesel/Gas,"
10997,Industrial/Commercial Sales & Service,00010000931002,"EMERGENCY POWER SYSTEMS, LLC", 35 HAMILTON LANE,,GLENMONT,NY ,12077,USA,,800-914-1465,"Service,Up To 2MW,Mobile/Diesel/Gas,"
10997,Industrial/Commercial Sales & Service,00010000931002,"EMERGENCY POWER SYSTEMS, LLC", 35 HAMILTON LANE,,GLENMONT,NY ,12077,USA,,800-914-1465,"Service,"
10997,Industrial/Commercial Sales & Service,00010208021002,Modern Group Power Systems, 6352 Chapmans Rd,,Allentown,PA ,18106,USA,,800-404-7291,"Sales,Service,Up To 2MW,Mobile/Diesel/Gas,"
10997,Industrial/Commercial Sales & Service,00010208021002,Modern Group Power Systems, 295 New Commerce Blvd.,,Wilkes Barre,PA ,18706,USA,,800-404-7291,"Sales,Service,Up To 2MW,Mobile/Diesel/Gas,"
10997,Industrial/Commercial Sales & Service,00010208021002,Modern Group Power Systems, 200 Allied Parkway,,West Berlin,NJ ,08091,USA,,800-404-7291,"Sales,Service,Up To 2MW,Mobile/Diesel/Gas,"
10997,Industrial/Commercial Sales & Service,00010001731002,AUTHORIZED SERVICES OF NEW ENGLAND, 410 FOREST STREET,,MARLBOROUGH,MA ,01752,USA,,888-890-9886,"Sales,"
10997,Industrial/Commercial Sales & Service,00010208021002,Modern Group Power Systems, 66A South Gate Blvd.,,New Castle,DE ,19720,USA,,800-404-7291,"Sales,Service,Up To 2MW,Mobile/Diesel/Gas,"
10997,Industrial/Commercial Sales & Service,00010208021002,Modern Group Power Systems, 3480 Board Road,,York,PA ,17402,USA,,800-404-7291,"Sales,Service,Up To 2MW,Mobile/Diesel/Gas,"
10997,Industrial/Commercial Sales & Service,00010134071002,PEAK POWER SYSTEMS, 99 SPRAGUE AVENUE,,MIDDLETOWN,NY ,10940,USA,www.peakpowersystems.com,845-344-1975,"Sales,Service,Up To 600kW,Mobile/Diesel/Gas,Rental,"
10997,Industrial/Commercial Sales & Service,00111209531002,HUNTINGTON POWER - LONG ISLAND, PO BOX 2040,,SHELTON,CT ,06484,USA,,631-586-7513,"Sales,"
10997,Industrial/Commercial Sales & Service,00010001761002,"GENSERVE, INC.", 100 NEWTOWN RD,,PLAINVIEW,NY ,11803,USA,www.genserveinc.com,631-435-0437,"Service,"
10997,Industrial/Commercial Sales & Service,00111209521002,LONG ISLAND EMERGENCY POWER -QO, 2 Ocean Avenue,,DEER PARK,NY ,11729,USA,,631-586-7513,"Sales,"
10997,Industrial/Commercial Sales & Service,00010139211002,POWERPRO SERVICE CO. INC., 608 JOHNSON AVE. UNIT 6,,BOHEMIA,NY ,11716,USA,,631-567-2700,"Sales,Service,Up To 600kW,Mobile/Diesel/Gas,"
10997,Industrial/Commercial Sales & Service,00010001761002,"GENSERVE, INC.", 115A TWINBRIDGE DR.,,PENNSAUKEN,NJ ,08110,USA,www.genserveinc.com,856-324-0459,"Service,"
10997,Industrial/Commercial Sales & Service,00010001621002,BROOKFIELD SERVICE, 708 GLEBE ROAD,,WESTMORELAND,NH ,03467,USA,www.brookfieldservice.com,802-485-6567,"Service,Up To 600kW,Mobile/Diesel/Gas,"
10997,Industrial/Commercial Sales & Service,00111184131002,HUNTER & LOMISON, 1956 W FOURTH ST,,WILLIAMSPORT,PA ,17701,USA,www.hunterlomison.com,570-326-1764,"Sales,Service,Up To 600kW,Mobile/Diesel/Gas,Rental,"
10997,Industrial/Commercial Sales & Service,00010000881002,HUNTER & LOMISON INC., 1956 W. 4TH STREET,,WILLIAMSPORT,PA ,17701,USA,www.hunterlomison.com,570-326-1764,"Service,Up To 600kW,Mobile/Diesel/Gas,"
10997,Industrial/Commercial Sales & Service,00010021101002,SOUTH SHORE GENERATOR INC-Quote, 2696A CRANBERRY HWY,,WAREHAM,MA ,02571,USA,,508-295-7336,"Sales,Service,Up To 600kW,Mobile/Diesel/Gas,"
10997,Industrial/Commercial Sales & Service,00010001701002,SOUTH SHORE GENERATOR INC, ,,EAST WAREHAM,MA ,02538,USA,,508-295-7336,"Financing,Sales,Service,Up To 600kW,Mobile/Diesel/Gas,"
10997,Industrial/Commercial Sales & Service,00111207431002,WARSHAUER ELECTRIC SUPPLY CO INC, 800 SHREWSBURY AVE,,TINTON FALLS,NJ ,07724,USA,www.warshauer.com,732-741-6400,"Service,"
10997,Industrial/Commercial Sales & Service,00010157021002,Mechanical Service Co, 1145 Oak St.,,Pittston,PA ,18640,USA,,570-654-2445,"Service,"
10998,Industrial/Commercial Sales & Service,00010214161002,"R.L. Kistler, Inc", 300 Mile Crossing Blvd.,,Rochester,NY ,14624,USA,rlkistler.com,585-436-1940,"Sales,"
10998,Industrial/Commercial Sales & Service,00010214161002,"R.L. KISTLER, INC.", 35 HAMILTON LANE,,GLENMONT,NY ,12077,USA,,585-436-1940,"Sales,Service,"
10998,Industrial/Commercial Sales & Service,00010001611002,Huntington Power, 230 Long Hill Cross Rd,,Shelton,CT ,06484,USA,www.huntingtonpower.com,203-929-3203,"Sales,Service,Up To 2MW,Mobile/Diesel/Gas,Training,Rental,"
10998,Industrial/Commercial Sales & Service,00010214161002,"R.L. Kistler, Inc", 5615 Business Ave.,,N. Syracuse,NY ,13208,USA,,315-458-2875,"Sales,"
10998,Industrial/Commercial Sales & Service,00010214161002,"R.L. Kistler, Inc", 5615 Business Ave.,,N. Syracuse,NY ,13208,USA,,315-458-2875,"Sales,"
10998,Industrial/Commercial Sales & Service,00010001611002,Huntington Power, 68 Enter Ln,,Islandia,NY ,11749,USA,,631-563-4943,"Sales,Service,Up To 2MW,Mobile/Diesel/Gas,"
10998,Industrial/Commercial Sales & Service,00010001611002,Huntington Power, 34 E DUDLEY TOWN RD.,,BLOOMFIELD,CT ,06002,USA,,860-289-8790,"Sales,Service,Rental,"
10998,Industrial/Commercial Sales & Service,00010208021002,Modern Group Power Systems, 2501 Durham Road,,Bristol,PA ,19007,USA,www.moderngroup.com,800-404-7291,"Sales,Service,Up To 2MW,Mobile/Diesel/Gas,Training,Rental,"
10998,Industrial/Commercial Sales & Service,00010001731002,Authorized Services Of New England, 410 Forest Street,,Marlborough,MA ,01752,USA,www.asne.com,888-890-9886,"Financing,Sales,Service,Up To 2MW,Mobile/Diesel/Gas,Training,Rental,"
10998,Industrial/Commercial Sales & Service,00010008091002,MODERN HANDLING EQUIP, 75 NEW STREET,,EDISON,NJ ,08837,USA,www.moderngroup.com,800-779-5116,"Sales,Service,Up To 2MW,Mobile/Diesel/Gas,"
10998,Industrial/Commercial Sales & Service,00010208021002,Modern Group Power Systems, 6352 Chapmans Rd,,Allentown,PA ,18106,USA,,800-404-7291,"Sales,Service,Up To 2MW,Mobile/Diesel/Gas,"
10998,Industrial/Commercial Sales & Service,00010208021002,Modern Group Power Systems, 295 New Commerce Blvd.,,Wilkes Barre,PA ,18706,USA,,800-404-7291,"Sales,Service,Up To 2MW,Mobile/Diesel/Gas,"
10998,Industrial/Commercial Sales & Service,00010000931002,"EMERGENCY POWER SYSTEMS, LLC", 35 HAMILTON LANE,,GLENMONT,NY ,12077,USA,,800-914-1465,"Service,Up To 2MW,Mobile/Diesel/Gas,"
10998,Industrial/Commercial Sales & Service,00010000931002,"EMERGENCY POWER SYSTEMS, LLC", 35 HAMILTON LANE,,GLENMONT,NY ,12077,USA,,800-914-1465,"Service,"
10998,Industrial/Commercial Sales & Service,00010208021002,Modern Group Power Systems, 200 Allied Parkway,,West Berlin,NJ ,08091,USA,,800-404-7291,"Sales,Service,Up To 2MW,Mobile/Diesel/Gas,"
10998,Industrial/Commercial Sales & Service,00010208021002,Modern Group Power Systems, 66A South Gate Blvd.,,New Castle,DE ,19720,USA,,800-404-7291,"Sales,Service,Up To 2MW,Mobile/Diesel/Gas,"
10998,Industrial/Commercial Sales & Service,00010208021002,Modern Group Power Systems, 3480 Board Road,,York,PA ,17402,USA,,800-404-7291,"Sales,Service,Up To 2MW,Mobile/Diesel/Gas,"
10998,Industrial/Commercial Sales & Service,00010001731002,AUTHORIZED SERVICES OF NEW ENGLAND, 410 FOREST STREET,,MARLBOROUGH,MA ,01752,USA,,888-890-9886,"Sales,"
10998,Industrial/Commercial Sales & Service,00010134071002,PEAK POWER SYSTEMS, 99 SPRAGUE AVENUE,,MIDDLETOWN,NY ,10940,USA,www.peakpowersystems.com,845-344-1975,"Sales,Service,Up To 600kW,Mobile/Diesel/Gas,Rental,"
10998,Industrial/Commercial Sales & Service,00010001761002,"GENSERVE, INC.", 100 NEWTOWN RD,,PLAINVIEW,NY ,11803,USA,www.genserveinc.com,631-435-0437,"Service,"
10998,Industrial/Commercial Sales & Service,00111209531002,HUNTINGTON POWER - LONG ISLAND, PO BOX 2040,,SHELTON,CT ,06484,USA,,631-586-7513,"Sales,"
10998,Industrial/Commercial Sales & Service,00111209521002,LONG ISLAND EMERGENCY POWER -QO, 2 Ocean Avenue,,DEER PARK,NY ,11729,USA,,631-586-7513,"Sales,"
10998,Industrial/Commercial Sales & Service,00010139211002,POWERPRO SERVICE CO. INC., 608 JOHNSON AVE. UNIT 6,,BOHEMIA,NY ,11716,USA,,631-567-2700,"Sales,Service,Up To 600kW,Mobile/Diesel/Gas,"
10998,Industrial/Commercial Sales & Service,00010001761002,"GENSERVE, INC.", 115A TWINBRIDGE DR.,,PENNSAUKEN,NJ ,08110,USA,www.genserveinc.com,856-324-0459,"Service,"
10998,Industrial/Commercial Sales & Service,00111184131002,HUNTER & LOMISON, 1956 W FOURTH ST,,WILLIAMSPORT,PA ,17701,USA,www.hunterlomison.com,570-326-1764,"Sales,Service,Up To 600kW,Mobile/Diesel/Gas,Rental,"
10998,Industrial/Commercial Sales & Service,00010000881002,HUNTER & LOMISON INC., 1956 W. 4TH STREET,,WILLIAMSPORT,PA ,17701,USA,www.hunterlomison.com,570-326-1764,"Service,Up To 600kW,Mobile/Diesel/Gas,"
10998,Industrial/Commercial Sales & Service,00010001621002,BROOKFIELD SERVICE, 708 GLEBE ROAD,,WESTMORELAND,NH ,03467,USA,www.brookfieldservice.com,802-485-6567,"Service,Up To 600kW,Mobile/Diesel/Gas,"
10998,Industrial/Commercial Sales & Service,00010157021002,Mechanical Service Co, 1145 Oak St.,,Pittston,PA ,18640,USA,,570-654-2445,"Service,"
10998,Industrial/Commercial Sales & Service,00111207431002,WARSHAUER ELECTRIC SUPPLY CO INC, 800 SHREWSBURY AVE,,TINTON FALLS,NJ ,07724,USA,www.warshauer.com,732-741-6400,"Service,"
11001,Industrial/Commercial Sales & Service,00010214161002,"R.L. Kistler, Inc", 300 Mile Crossing Blvd.,,Rochester,NY ,14624,USA,rlkistler.com,585-436-1940,"Sales,"
11001,Industrial/Commercial Sales & Service,00010214161002,"R.L. KISTLER, INC.", 35 HAMILTON LANE,,GLENMONT,NY ,12077,USA,,585-436-1940,"Sales,Service,"
11001,Industrial/Commercial Sales & Service,00010001611002,Huntington Power, 230 Long Hill Cross Rd,,Shelton,CT ,06484,USA,www.huntingtonpower.com,203-929-3203,"Sales,Service,Up To 2MW,Mobile/Diesel/Gas,Training,Rental,"
11001,Industrial/Commercial Sales & Service,00010214161002,"R.L. Kistler, Inc", 5615 Business Ave.,,N. Syracuse,NY ,13208,USA,,315-458-2875,"Sales,"
11001,Industrial/Commercial Sales & Service,00010214161002,"R.L. Kistler, Inc", 5615 Business Ave.,,N. Syracuse,NY ,13208,USA,,315-458-2875,"Sales,"
11001,Industrial/Commercial Sales & Service,00010001611002,Huntington Power, 68 Enter Ln,,Islandia,NY ,11749,USA,,631-563-4943,"Sales,Service,Up To 2MW,Mobile/Diesel/Gas,"
11001,Industrial/Commercial Sales & Service,00010001611002,Huntington Power, 34 E DUDLEY TOWN RD.,,BLOOMFIELD,CT ,06002,USA,,860-289-8790,"Sales,Service,Rental,"
11001,Industrial/Commercial Sales & Service,00010208021002,Modern Group Power Systems, 2501 Durham Road,,Bristol,PA ,19007,USA,www.moderngroup.com,800-404-7291,"Sales,Service,Up To 2MW,Mobile/Diesel/Gas,Training,Rental,"
11001,Industrial/Commercial Sales & Service,00010001731002,Authorized Services Of New England, 410 Forest Street,,Marlborough,MA ,01752,USA,www.asne.com,888-890-9886,"Financing,Sales,Service,Up To 2MW,Mobile/Diesel/Gas,Training,Rental,"
11001,Industrial/Commercial Sales & Service,00010008091002,MODERN HANDLING EQUIP, 75 NEW STREET,,EDISON,NJ ,08837,USA,www.moderngroup.com,800-779-5116,"Sales,Service,Up To 2MW,Mobile/Diesel/Gas,"
11001,Industrial/Commercial Sales & Service,00010208021002,Modern Group Power Systems, 200 Allied Parkway,,West Berlin,NJ ,08091,USA,,800-404-7291,"Sales,Service,Up To 2MW,Mobile/Diesel/Gas,"
11001,Industrial/Commercial Sales & Service,00010208021002,Modern Group Power Systems, 6352 Chapmans Rd,,Allentown,PA ,18106,USA,,800-404-7291,"Sales,Service,Up To 2MW,Mobile/Diesel/Gas,"
11001,Industrial/Commercial Sales & Service,00010208021002,Modern Group Power Systems, 295 New Commerce Blvd.,,Wilkes Barre,PA ,18706,USA,,800-404-7291,"Sales,Service,Up To 2MW,Mobile/Diesel/Gas,"
11001,Industrial/Commercial Sales & Service,00010208021002,Modern Group Power Systems, 66A South Gate Blvd.,,New Castle,DE ,19720,USA,,800-404-7291,"Sales,Service,Up To 2MW,Mobile/Diesel/Gas,"
11001,Industrial/Commercial Sales & Service,00010000931002,"EMERGENCY POWER SYSTEMS, LLC", 35 HAMILTON LANE,,GLENMONT,NY ,12077,USA,,800-914-1465,"Service,Up To 2MW,Mobile/Diesel/Gas,"
11001,Industrial/Commercial Sales & Service,00010000931002,"EMERGENCY POWER SYSTEMS, LLC", 35 HAMILTON LANE,,GLENMONT,NY ,12077,USA,,800-914-1465,"Service,"
11001,Industrial/Commercial Sales & Service,00010001731002,AUTHORIZED SERVICES OF NEW ENGLAND, 410 FOREST STREET,,MARLBOROUGH,MA ,01752,USA,,888-890-9886,"Sales,"
11001,Industrial/Commercial Sales & Service,00010208021002,Modern Group Power Systems, 3480 Board Road,,York,PA ,17402,USA,,800-404-7291,"Sales,Service,Up To 2MW,Mobile/Diesel/Gas,"
11001,Industrial/Commercial Sales & Service,00010001761002,"GENSERVE, INC.", 100 NEWTOWN RD,,PLAINVIEW,NY ,11803,USA,www.genserveinc.com,631-435-0437,"Service,"
11001,Industrial/Commercial Sales & Service,00111209521002,LONG ISLAND EMERGENCY POWER -QO, 2 Ocean Avenue,,DEER PARK,NY ,11729,USA,,631-586-7513,"Sales,"
11001,Industrial/Commercial Sales & Service,00010139211002,POWERPRO SERVICE CO. INC., 608 JOHNSON AVE. UNIT 6,,BOHEMIA,NY ,11716,USA,,631-567-2700,"Sales,Service,Up To 600kW,Mobile/Diesel/Gas,"
11001,Industrial/Commercial Sales & Service,00111209531002,HUNTINGTON POWER - LONG ISLAND, PO BOX 2040,,SHELTON,CT ,06484,USA,,631-586-7513,"Sales,"
11001,Industrial/Commercial Sales & Service,00010134071002,PEAK POWER SYSTEMS, 99 SPRAGUE AVENUE,,MIDDLETOWN,NY ,10940,USA,www.peakpowersystems.com,845-344-1975,"Sales,Service,Up To 600kW,Mobile/Diesel/Gas,Rental,"
11001,Industrial/Commercial Sales & Service,00010001761002,"GENSERVE, INC.", 115A TWINBRIDGE DR.,,PENNSAUKEN,NJ ,08110,USA,www.genserveinc.com,856-324-0459,"Service,"
11001,Industrial/Commercial Sales & Service,00010001621002,BROOKFIELD SERVICE, 708 GLEBE ROAD,,WESTMORELAND,NH ,03467,USA,www.brookfieldservice.com,802-485-6567,"Service,Up To 600kW,Mobile/Diesel/Gas,"
11001,Industrial/Commercial Sales & Service,00010021101002,SOUTH SHORE GENERATOR INC-Quote, 2696A CRANBERRY HWY,,WAREHAM,MA ,02571,USA,,508-295-7336,"Sales,Service,Up To 600kW,Mobile/Diesel/Gas,"
11001,Industrial/Commercial Sales & Service,00010001701002,SOUTH SHORE GENERATOR INC, ,,EAST WAREHAM,MA ,02538,USA,,508-295-7336,"Financing,Sales,Service,Up To 600kW,Mobile/Diesel/Gas,"
11001,Industrial/Commercial Sales & Service,00111184131002,HUNTER & LOMISON, 1956 W FOURTH ST,,WILLIAMSPORT,PA ,17701,USA,www.hunterlomison.com,570-326-1764,"Sales,Service,Up To 600kW,Mobile/Diesel/Gas,Rental,"
11001,Industrial/Commercial Sales & Service,00010000881002,HUNTER & LOMISON INC., 1956 W. 4TH STREET,,WILLIAMSPORT,PA ,17701,USA,www.hunterlomison.com,570-326-1764,"Service,Up To 600kW,Mobile/Diesel/Gas,"
11001,Industrial/Commercial Sales & Service,00111207431002,WARSHAUER ELECTRIC SUPPLY CO INC, 800 SHREWSBURY AVE,,TINTON FALLS,NJ ,07724,USA,www.warshauer.com,732-741-6400,"Service,"
11001,Industrial/Commercial Sales & Service,00010157021002,Mechanical Service Co, 1145 Oak St.,,Pittston,PA ,18640,USA,,570-654-2445,"Service,"
11002,Industrial/Commercial Sales & Service,00010001611002,Huntington Power, 230 Long Hill Cross Rd,,Shelton,CT ,06484,USA,www.huntingtonpower.com,203-929-3203,"Sales,Service,Up To 2MW,Mobile/Diesel/Gas,Training,Rental,"
11002,Industrial/Commercial Sales & Service,00010214161002,"R.L. Kistler, Inc", 300 Mile Crossing Blvd.,,Rochester,NY ,14624,USA,rlkistler.com,585-436-1940,"Sales,"
11002,Industrial/Commercial Sales & Service,00010214161002,"R.L. KISTLER, INC.", 35 HAMILTON LANE,,GLENMONT,NY ,12077,USA,,585-436-1940,"Sales,Service,"
11002,Industrial/Commercial Sales & Service,00010001611002,Huntington Power, 68 Enter Ln,,Islandia,NY ,11749,USA,,631-563-4943,"Sales,Service,Up To 2MW,Mobile/Diesel/Gas,"
11002,Industrial/Commercial Sales & Service,00010001611002,Huntington Power, 34 E DUDLEY TOWN RD.,,BLOOMFIELD,CT ,06002,USA,,860-289-8790,"Sales,Service,Rental,"
11002,Industrial/Commercial Sales & Service,00010214161002,"R.L. Kistler, Inc", 5615 Business Ave.,,N. Syracuse,NY ,13208,USA,,315-458-2875,"Sales,"
11002,Industrial/Commercial Sales & Service,00010214161002,"R.L. Kistler, Inc", 5615 Business Ave.,,N. Syracuse,NY ,13208,USA,,315-458-2875,"Sales,"
11002,Industrial/Commercial Sales & Service,00010208021002,Modern Group Power Systems, 2501 Durham Road,,Bristol,PA ,19007,USA,www.moderngroup.com,800-404-7291,"Sales,Service,Up To 2MW,Mobile/Diesel/Gas,Training,Rental,"
11002,Industrial/Commercial Sales & Service,00010001731002,Authorized Services Of New England, 410 Forest Street,,Marlborough,MA ,01752,USA,www.asne.com,888-890-9886,"Financing,Sales,Service,Up To 2MW,Mobile/Diesel/Gas,Training,Rental,"
11002,Industrial/Commercial Sales & Service,00010008091002,MODERN HANDLING EQUIP, 75 NEW STREET,,EDISON,NJ ,08837,USA,www.moderngroup.com,800-779-5116,"Sales,Service,Up To 2MW,Mobile/Diesel/Gas,"
11002,Industrial/Commercial Sales & Service,00010208021002,Modern Group Power Systems, 200 Allied Parkway,,West Berlin,NJ ,08091,USA,,800-404-7291,"Sales,Service,Up To 2MW,Mobile/Diesel/Gas,"
11002,Industrial/Commercial Sales & Service,00010208021002,Modern Group Power Systems, 6352 Chapmans Rd,,Allentown,PA ,18106,USA,,800-404-7291,"Sales,Service,Up To 2MW,Mobile/Diesel/Gas,"
11002,Industrial/Commercial Sales & Service,00010208021002,Modern Group Power Systems, 295 New Commerce Blvd.,,Wilkes Barre,PA ,18706,USA,,800-404-7291,"Sales,Service,Up To 2MW,Mobile/Diesel/Gas,"
11002,Industrial/Commercial Sales & Service,00010208021002,Modern Group Power Systems, 66A South Gate Blvd.,,New Castle,DE ,19720,USA,,800-404-7291,"Sales,Service,Up To 2MW,Mobile/Diesel/Gas,"
11002,Industrial/Commercial Sales & Service,00010000931002,"EMERGENCY POWER SYSTEMS, LLC", 35 HAMILTON LANE,,GLENMONT,NY ,12077,USA,,800-914-1465,"Service,Up To 2MW,Mobile/Diesel/Gas,"
11002,Industrial/Commercial Sales & Service,00010000931002,"EMERGENCY POWER SYSTEMS, LLC", 35 HAMILTON LANE,,GLENMONT,NY ,12077,USA,,800-914-1465,"Service,"
11002,Industrial/Commercial Sales & Service,00010001731002,AUTHORIZED SERVICES OF NEW ENGLAND, 410 FOREST STREET,,MARLBOROUGH,MA ,01752,USA,,888-890-9886,"Sales,"
11002,Industrial/Commercial Sales & Service,00010208021002,Modern Group Power Systems, 3480 Board Road,,York,PA ,17402,USA,,800-404-7291,"Sales,Service,Up To 2MW,Mobile/Diesel/Gas,"
11002,Industrial/Commercial Sales & Service,00010001761002,"GENSERVE, INC.", 100 NEWTOWN RD,,PLAINVIEW,NY ,11803,USA,www.genserveinc.com,631-435-0437,"Service,"
11002,Industrial/Commercial Sales & Service,00111209521002,LONG ISLAND EMERGENCY POWER -QO, 2 Ocean Avenue,,DEER PARK,NY ,11729,USA,,631-586-7513,"Sales,"
11002,Industrial/Commercial Sales & Service,00010139211002,POWERPRO SERVICE CO. INC., 608 JOHNSON AVE. UNIT 6,,BOHEMIA,NY ,11716,USA,,631-567-2700,"Sales,Service,Up To 600kW,Mobile/Diesel/Gas,"
11002,Industrial/Commercial Sales & Service,00111209531002,HUNTINGTON POWER - LONG ISLAND, PO BOX 2040,,SHELTON,CT ,06484,USA,,631-586-7513,"Sales,"
11002,Industrial/Commercial Sales & Service,00010134071002,PEAK POWER SYSTEMS, 99 SPRAGUE AVENUE,,MIDDLETOWN,NY ,10940,USA,www.peakpowersystems.com,845-344-1975,"Sales,Service,Up To 600kW,Mobile/Diesel/Gas,Rental,"
11002,Industrial/Commercial Sales & Service,00010001761002,"GENSERVE, INC.", 115A TWINBRIDGE DR.,,PENNSAUKEN,NJ ,08110,USA,www.genserveinc.com,856-324-0459,"Service,"
11002,Industrial/Commercial Sales & Service,00010001621002,BROOKFIELD SERVICE, 708 GLEBE ROAD,,WESTMORELAND,NH ,03467,USA,www.brookfieldservice.com,802-485-6567,"Service,Up To 600kW,Mobile/Diesel/Gas,"
11002,Industrial/Commercial Sales & Service,00010021101002,SOUTH SHORE GENERATOR INC-Quote, 2696A CRANBERRY HWY,,WAREHAM,MA ,02571,USA,,508-295-7336,"Sales,Service,Up To 600kW,Mobile/Diesel/Gas,"
11002,Industrial/Commercial Sales & Service,00010001701002,SOUTH SHORE GENERATOR INC, ,,EAST WAREHAM,MA ,02538,USA,,508-295-7336,"Financing,Sales,Service,Up To 600kW,Mobile/Diesel/Gas,"
11002,Industrial/Commercial Sales & Service,00111184131002,HUNTER & LOMISON, 1956 W FOURTH ST,,WILLIAMSPORT,PA ,17701,USA,www.hunterlomison.com,570-326-1764,"Sales,Service,Up To 600kW,Mobile/Diesel/Gas,Rental,"
11002,Industrial/Commercial Sales & Service,00010000881002,HUNTER & LOMISON INC., 1956 W. 4TH STREET,,WILLIAMSPORT,PA ,17701,USA,www.hunterlomison.com,570-326-1764,"Service,Up To 600kW,Mobile/Diesel/Gas,"
11002,Industrial/Commercial Sales & Service,00111207431002,WARSHAUER ELECTRIC SUPPLY CO INC, 800 SHREWSBURY AVE,,TINTON FALLS,NJ ,07724,USA,www.warshauer.com,732-741-6400,"Service,"
11002,Industrial/Commercial Sales & Service,00010157021002,Mechanical Service Co, 1145 Oak St.,,Pittston,PA ,18640,USA,,570-654-2445,"Service,"
11003,Industrial/Commercial Sales & Service,00010214161002,"R.L. Kistler, Inc", 300 Mile Crossing Blvd.,,Rochester,NY ,14624,USA,rlkistler.com,585-436-1940,"Sales,"
11003,Industrial/Commercial Sales & Service,00010214161002,"R.L. KISTLER, INC.", 35 HAMILTON LANE,,GLENMONT,NY ,12077,USA,,585-436-1940,"Sales,Service,"
11003,Industrial/Commercial Sales & Service,00010001611002,Huntington Power, 230 Long Hill Cross Rd,,Shelton,CT ,06484,USA,www.huntingtonpower.com,203-929-3203,"Sales,Service,Up To 2MW,Mobile/Diesel/Gas,Training,Rental,"
11003,Industrial/Commercial Sales & Service,00010214161002,"R.L. Kistler, Inc", 5615 Business Ave.,,N. Syracuse,NY ,13208,USA,,315-458-2875,"Sales,"
11003,Industrial/Commercial Sales & Service,00010214161002,"R.L. Kistler, Inc", 5615 Business Ave.,,N. Syracuse,NY ,13208,USA,,315-458-2875,"Sales,"
11003,Industrial/Commercial Sales & Service,00010001611002,Huntington Power, 68 Enter Ln,,Islandia,NY ,11749,USA,,631-563-4943,"Sales,Service,Up To 2MW,Mobile/Diesel/Gas,"
11003,Industrial/Commercial Sales & Service,00010001611002,Huntington Power, 34 E DUDLEY TOWN RD.,,BLOOMFIELD,CT ,06002,USA,,860-289-8790,"Sales,Service,Rental,"
11003,Industrial/Commercial Sales & Service,00010208021002,Modern Group Power Systems, 2501 Durham Road,,Bristol,PA ,19007,USA,www.moderngroup.com,800-404-7291,"Sales,Service,Up To 2MW,Mobile/Diesel/Gas,Training,Rental,"
11003,Industrial/Commercial Sales & Service,00010001731002,Authorized Services Of New England, 410 Forest Street,,Marlborough,MA ,01752,USA,www.asne.com,888-890-9886,"Financing,Sales,Service,Up To 2MW,Mobile/Diesel/Gas,Training,Rental,"
11003,Industrial/Commercial Sales & Service,00010008091002,MODERN HANDLING EQUIP, 75 NEW STREET,,EDISON,NJ ,08837,USA,www.moderngroup.com,800-779-5116,"Sales,Service,Up To 2MW,Mobile/Diesel/Gas,"
11003,Industrial/Commercial Sales & Service,00010208021002,Modern Group Power Systems, 200 Allied Parkway,,West Berlin,NJ ,08091,USA,,800-404-7291,"Sales,Service,Up To 2MW,Mobile/Diesel/Gas,"
11003,Industrial/Commercial Sales & Service,00010208021002,Modern Group Power Systems, 6352 Chapmans Rd,,Allentown,PA ,18106,USA,,800-404-7291,"Sales,Service,Up To 2MW,Mobile/Diesel/Gas,"
11003,Industrial/Commercial Sales & Service,00010208021002,Modern Group Power Systems, 295 New Commerce Blvd.,,Wilkes Barre,PA ,18706,USA,,800-404-7291,"Sales,Service,Up To 2MW,Mobile/Diesel/Gas,"
11003,Industrial/Commercial Sales & Service,00010208021002,Modern Group Power Systems, 66A South Gate Blvd.,,New Castle,DE ,19720,USA,,800-404-7291,"Sales,Service,Up To 2MW,Mobile/Diesel/Gas,"
11003,Industrial/Commercial Sales & Service,00010000931002,"EMERGENCY POWER SYSTEMS, LLC", 35 HAMILTON LANE,,GLENMONT,NY ,12077,USA,,800-914-1465,"Service,Up To 2MW,Mobile/Diesel/Gas,"
11003,Industrial/Commercial Sales & Service,00010000931002,"EMERGENCY POWER SYSTEMS, LLC", 35 HAMILTON LANE,,GLENMONT,NY ,12077,USA,,800-914-1465,"Service,"
11003,Industrial/Commercial Sales & Service,00010001731002,AUTHORIZED SERVICES OF NEW ENGLAND, 410 FOREST STREET,,MARLBOROUGH,MA ,01752,USA,,888-890-9886,"Sales,"
11003,Industrial/Commercial Sales & Service,00010208021002,Modern Group Power Systems, 3480 Board Road,,York,PA ,17402,USA,,800-404-7291,"Sales,Service,Up To 2MW,Mobile/Diesel/Gas,"
11003,Industrial/Commercial Sales & Service,00010001761002,"GENSERVE, INC.", 100 NEWTOWN RD,,PLAINVIEW,NY ,11803,USA,www.genserveinc.com,631-435-0437,"Service,"
11003,Industrial/Commercial Sales & Service,00111209521002,LONG ISLAND EMERGENCY POWER -QO, 2 Ocean Avenue,,DEER PARK,NY ,11729,USA,,631-586-7513,"Sales,"
11003,Industrial/Commercial Sales & Service,00010139211002,POWERPRO SERVICE CO. INC., 608 JOHNSON AVE. UNIT 6,,BOHEMIA,NY ,11716,USA,,631-567-2700,"Sales,Service,Up To 600kW,Mobile/Diesel/Gas,"
11003,Industrial/Commercial Sales & Service,00111209531002,HUNTINGTON POWER - LONG ISLAND, PO BOX 2040,,SHELTON,CT ,06484,USA,,631-586-7513,"Sales,"
11003,Industrial/Commercial Sales & Service,00010134071002,PEAK POWER SYSTEMS, 99 SPRAGUE AVENUE,,MIDDLETOWN,NY ,10940,USA,www.peakpowersystems.com,845-344-1975,"Sales,Service,Up To 600kW,Mobile/Diesel/Gas,Rental,"
11003,Industrial/Commercial Sales & Service,00010001761002,"GENSERVE, INC.", 115A TWINBRIDGE DR.,,PENNSAUKEN,NJ ,08110,USA,www.genserveinc.com,856-324-0459,"Service,"
11003,Industrial/Commercial Sales & Service,00010001621002,BROOKFIELD SERVICE, 708 GLEBE ROAD,,WESTMORELAND,NH ,03467,USA,www.brookfieldservice.com,802-485-6567,"Service,Up To 600kW,Mobile/Diesel/Gas,"
11003,Industrial/Commercial Sales & Service,00010021101002,SOUTH SHORE GENERATOR INC-Quote, 2696A CRANBERRY HWY,,WAREHAM,MA ,02571,USA,,508-295-7336,"Sales,Service,Up To 600kW,Mobile/Diesel/Gas,"
11003,Industrial/Commercial Sales & Service,00010001701002,SOUTH SHORE GENERATOR INC, ,,EAST WAREHAM,MA ,02538,USA,,508-295-7336,"Financing,Sales,Service,Up To 600kW,Mobile/Diesel/Gas,"
11003,Industrial/Commercial Sales & Service,00111184131002,HUNTER & LOMISON, 1956 W FOURTH ST,,WILLIAMSPORT,PA ,17701,USA,www.hunterlomison.com,570-326-1764,"Sales,Service,Up To 600kW,Mobile/Diesel/Gas,Rental,"
11003,Industrial/Commercial Sales & Service,00010000881002,HUNTER & LOMISON INC., 1956 W. 4TH STREET,,WILLIAMSPORT,PA ,17701,USA,www.hunterlomison.com,570-326-1764,"Service,Up To 600kW,Mobile/Diesel/Gas,"
11003,Industrial/Commercial Sales & Service,00111207431002,WARSHAUER ELECTRIC SUPPLY CO INC, 800 SHREWSBURY AVE,,TINTON FALLS,NJ ,07724,USA,www.warshauer.com,732-741-6400,"Service,"
11003,Industrial/Commercial Sales & Service,00010157021002,Mechanical Service Co, 1145 Oak St.,,Pittston,PA ,18640,USA,,570-654-2445,"Service,"
11004,Industrial/Commercial Sales & Service,00010214161002,"R.L. KISTLER, INC.", 35 HAMILTON LANE,,GLENMONT,NY ,12077,USA,,585-436-1940,"Sales,Service,"
11004,Industrial/Commercial Sales & Service,00010214161002,"R.L. Kistler, Inc", 300 Mile Crossing Blvd.,,Rochester,NY ,14624,USA,rlkistler.com,585-436-1940,"Sales,"
11004,Industrial/Commercial Sales & Service,00010001611002,Huntington Power, 230 Long Hill Cross Rd,,Shelton,CT ,06484,USA,www.huntingtonpower.com,203-929-3203,"Sales,Service,Up To 2MW,Mobile/Diesel/Gas,Training,Rental,"
11004,Industrial/Commercial Sales & Service,00010214161002,"R.L. Kistler, Inc", 5615 Business Ave.,,N. Syracuse,NY ,13208,USA,,315-458-2875,"Sales,"
11004,Industrial/Commercial Sales & Service,00010214161002,"R.L. Kistler, Inc", 5615 Business Ave.,,N. Syracuse,NY ,13208,USA,,315-458-2875,"Sales,"
11004,Industrial/Commercial Sales & Service,00010001611002,Huntington Power, 68 Enter Ln,,Islandia,NY ,11749,USA,,631-563-4943,"Sales,Service,Up To 2MW,Mobile/Diesel/Gas,"
11004,Industrial/Commercial Sales & Service,00010001611002,Huntington Power, 34 E DUDLEY TOWN RD.,,BLOOMFIELD,CT ,06002,USA,,860-289-8790,"Sales,Service,Rental,"
11004,Industrial/Commercial Sales & Service,00010208021002,Modern Group Power Systems, 2501 Durham Road,,Bristol,PA ,19007,USA,www.moderngroup.com,800-404-7291,"Sales,Service,Up To 2MW,Mobile/Diesel/Gas,Training,Rental,"
11004,Industrial/Commercial Sales & Service,00010001731002,Authorized Services Of New England, 410 Forest Street,,Marlborough,MA ,01752,USA,www.asne.com,888-890-9886,"Financing,Sales,Service,Up To 2MW,Mobile/Diesel/Gas,Training,Rental,"
11004,Industrial/Commercial Sales & Service,00010008091002,MODERN HANDLING EQUIP, 75 NEW STREET,,EDISON,NJ ,08837,USA,www.moderngroup.com,800-779-5116,"Sales,Service,Up To 2MW,Mobile/Diesel/Gas,"
11004,Industrial/Commercial Sales & Service,00010208021002,Modern Group Power Systems, 200 Allied Parkway,,West Berlin,NJ ,08091,USA,,800-404-7291,"Sales,Service,Up To 2MW,Mobile/Diesel/Gas,"
11004,Industrial/Commercial Sales & Service,00010208021002,Modern Group Power Systems, 6352 Chapmans Rd,,Allentown,PA ,18106,USA,,800-404-7291,"Sales,Service,Up To 2MW,Mobile/Diesel/Gas,"
11004,Industrial/Commercial Sales & Service,00010208021002,Modern Group Power Systems, 295 New Commerce Blvd.,,Wilkes Barre,PA ,18706,USA,,800-404-7291,"Sales,Service,Up To 2MW,Mobile/Diesel/Gas,"
11004,Industrial/Commercial Sales & Service,00010208021002,Modern Group Power Systems, 66A South Gate Blvd.,,New Castle,DE ,19720,USA,,800-404-7291,"Sales,Service,Up To 2MW,Mobile/Diesel/Gas,"
11004,Industrial/Commercial Sales & Service,00010000931002,"EMERGENCY POWER SYSTEMS, LLC", 35 HAMILTON LANE,,GLENMONT,NY ,12077,USA,,800-914-1465,"Service,Up To 2MW,Mobile/Diesel/Gas,"
11004,Industrial/Commercial Sales & Service,00010000931002,"EMERGENCY POWER SYSTEMS, LLC", 35 HAMILTON LANE,,GLENMONT,NY ,12077,USA,,800-914-1465,"Service,"
11004,Industrial/Commercial Sales & Service,00010001731002,AUTHORIZED SERVICES OF NEW ENGLAND, 410 FOREST STREET,,MARLBOROUGH,MA ,01752,USA,,888-890-9886,"Sales,"
11004,Industrial/Commercial Sales & Service,00010208021002,Modern Group Power Systems, 3480 Board Road,,York,PA ,17402,USA,,800-404-7291,"Sales,Service,Up To 2MW,Mobile/Diesel/Gas,"
11004,Industrial/Commercial Sales & Service,00010001761002,"GENSERVE, INC.", 100 NEWTOWN RD,,PLAINVIEW,NY ,11803,USA,www.genserveinc.com,631-435-0437,"Service,"
11004,Industrial/Commercial Sales & Service,00111209521002,LONG ISLAND EMERGENCY POWER -QO, 2 Ocean Avenue,,DEER PARK,NY ,11729,USA,,631-586-7513,"Sales,"
11004,Industrial/Commercial Sales & Service,00010139211002,POWERPRO SERVICE CO. INC., 608 JOHNSON AVE. UNIT 6,,BOHEMIA,NY ,11716,USA,,631-567-2700,"Sales,Service,Up To 600kW,Mobile/Diesel/Gas,"
11004,Industrial/Commercial Sales & Service,00111209531002,HUNTINGTON POWER - LONG ISLAND, PO BOX 2040,,SHELTON,CT ,06484,USA,,631-586-7513,"Sales,"
11004,Industrial/Commercial Sales & Service,00010134071002,PEAK POWER SYSTEMS, 99 SPRAGUE AVENUE,,MIDDLETOWN,NY ,10940,USA,www.peakpowersystems.com,845-344-1975,"Sales,Service,Up To 600kW,Mobile/Diesel/Gas,Rental,"
11004,Industrial/Commercial Sales & Service,00010001761002,"GENSERVE, INC.", 115A TWINBRIDGE DR.,,PENNSAUKEN,NJ ,08110,USA,www.genserveinc.com,856-324-0459,"Service,"
11004,Industrial/Commercial Sales & Service,00010001621002,BROOKFIELD SERVICE, 708 GLEBE ROAD,,WESTMORELAND,NH ,03467,USA,www.brookfieldservice.com,802-485-6567,"Service,Up To 600kW,Mobile/Diesel/Gas,"
11004,Industrial/Commercial Sales & Service,00010021101002,SOUTH SHORE GENERATOR INC-Quote, 2696A CRANBERRY HWY,,WAREHAM,MA ,02571,USA,,508-295-7336,"Sales,Service,Up To 600kW,Mobile/Diesel/Gas,"
11004,Industrial/Commercial Sales & Service,00010001701002,SOUTH SHORE GENERATOR INC, ,,EAST WAREHAM,MA ,02538,USA,,508-295-7336,"Financing,Sales,Service,Up To 600kW,Mobile/Diesel/Gas,"
11004,Industrial/Commercial Sales & Service,00111184131002,HUNTER & LOMISON, 1956 W FOURTH ST,,WILLIAMSPORT,PA ,17701,USA,www.hunterlomison.com,570-326-1764,"Sales,Service,Up To 600kW,Mobile/Diesel/Gas,Rental,"
11004,Industrial/Commercial Sales & Service,00010000881002,HUNTER & LOMISON INC., 1956 W. 4TH STREET,,WILLIAMSPORT,PA ,17701,USA,www.hunterlomison.com,570-326-1764,"Service,Up To 600kW,Mobile/Diesel/Gas,"
11004,Industrial/Commercial Sales & Service,00111207431002,WARSHAUER ELECTRIC SUPPLY CO INC, 800 SHREWSBURY AVE,,TINTON FALLS,NJ ,07724,USA,www.warshauer.com,732-741-6400,"Service,"
11004,Industrial/Commercial Sales & Service,00010157021002,Mechanical Service Co, 1145 Oak St.,,Pittston,PA ,18640,USA,,570-654-2445,"Service,"
11005,Industrial/Commercial Sales & Service,00010214161002,"R.L. KISTLER, INC.", 35 HAMILTON LANE,,GLENMONT,NY ,12077,USA,,585-436-1940,"Sales,Service,"
11005,Industrial/Commercial Sales & Service,00010001611002,Huntington Power, 230 Long Hill Cross Rd,,Shelton,CT ,06484,USA,www.huntingtonpower.com,203-929-3203,"Sales,Service,Up To 2MW,Mobile/Diesel/Gas,Training,Rental,"
11005,Industrial/Commercial Sales & Service,00010214161002,"R.L. Kistler, Inc", 300 Mile Crossing Blvd.,,Rochester,NY ,14624,USA,rlkistler.com,585-436-1940,"Sales,"
11005,Industrial/Commercial Sales & Service,00010214161002,"R.L. Kistler, Inc", 5615 Business Ave.,,N. Syracuse,NY ,13208,USA,,315-458-2875,"Sales,"
11005,Industrial/Commercial Sales & Service,00010001611002,Huntington Power, 68 Enter Ln,,Islandia,NY ,11749,USA,,631-563-4943,"Sales,Service,Up To 2MW,Mobile/Diesel/Gas,"
11005,Industrial/Commercial Sales & Service,00010001611002,Huntington Power, 34 E DUDLEY TOWN RD.,,BLOOMFIELD,CT ,06002,USA,,860-289-8790,"Sales,Service,Rental,"
11005,Industrial/Commercial Sales & Service,00010214161002,"R.L. Kistler, Inc", 5615 Business Ave.,,N. Syracuse,NY ,13208,USA,,315-458-2875,"Sales,"
11005,Industrial/Commercial Sales & Service,00010208021002,Modern Group Power Systems, 2501 Durham Road,,Bristol,PA ,19007,USA,www.moderngroup.com,800-404-7291,"Sales,Service,Up To 2MW,Mobile/Diesel/Gas,Training,Rental,"
11005,Industrial/Commercial Sales & Service,00010001731002,Authorized Services Of New England, 410 Forest Street,,Marlborough,MA ,01752,USA,www.asne.com,888-890-9886,"Financing,Sales,Service,Up To 2MW,Mobile/Diesel/Gas,Training,Rental,"
11005,Industrial/Commercial Sales & Service,00010008091002,MODERN HANDLING EQUIP, 75 NEW STREET,,EDISON,NJ ,08837,USA,www.moderngroup.com,800-779-5116,"Sales,Service,Up To 2MW,Mobile/Diesel/Gas,"
11005,Industrial/Commercial Sales & Service,00010208021002,Modern Group Power Systems, 200 Allied Parkway,,West Berlin,NJ ,08091,USA,,800-404-7291,"Sales,Service,Up To 2MW,Mobile/Diesel/Gas,"
11005,Industrial/Commercial Sales & Service,00010208021002,Modern Group Power Systems, 6352 Chapmans Rd,,Allentown,PA ,18106,USA,,800-404-7291,"Sales,Service,Up To 2MW,Mobile/Diesel/Gas,"
11005,Industrial/Commercial Sales & Service,00010208021002,Modern Group Power Systems, 295 New Commerce Blvd.,,Wilkes Barre,PA ,18706,USA,,800-404-7291,"Sales,Service,Up To 2MW,Mobile/Diesel/Gas,"
11005,Industrial/Commercial Sales & Service,00010208021002,Modern Group Power Systems, 66A South Gate Blvd.,,New Castle,DE ,19720,USA,,800-404-7291,"Sales,Service,Up To 2MW,Mobile/Diesel/Gas,"
11005,Industrial/Commercial Sales & Service,00010000931002,"EMERGENCY POWER SYSTEMS, LLC", 35 HAMILTON LANE,,GLENMONT,NY ,12077,USA,,800-914-1465,"Service,Up To 2MW,Mobile/Diesel/Gas,"
11005,Industrial/Commercial Sales & Service,00010000931002,"EMERGENCY POWER SYSTEMS, LLC", 35 HAMILTON LANE,,GLENMONT,NY ,12077,USA,,800-914-1465,"Service,"
11005,Industrial/Commercial Sales & Service,00010001731002,AUTHORIZED SERVICES OF NEW ENGLAND, 410 FOREST STREET,,MARLBOROUGH,MA ,01752,USA,,888-890-9886,"Sales,"
11005,Industrial/Commercial Sales & Service,00010208021002,Modern Group Power Systems, 3480 Board Road,,York,PA ,17402,USA,,800-404-7291,"Sales,Service,Up To 2MW,Mobile/Diesel/Gas,"
11005,Industrial/Commercial Sales & Service,00010001761002,"GENSERVE, INC.", 100 NEWTOWN RD,,PLAINVIEW,NY ,11803,USA,www.genserveinc.com,631-435-0437,"Service,"
11005,Industrial/Commercial Sales & Service,00111209521002,LONG ISLAND EMERGENCY POWER -QO, 2 Ocean Avenue,,DEER PARK,NY ,11729,USA,,631-586-7513,"Sales,"
11005,Industrial/Commercial Sales & Service,00010139211002,POWERPRO SERVICE CO. INC., 608 JOHNSON AVE. UNIT 6,,BOHEMIA,NY ,11716,USA,,631-567-2700,"Sales,Service,Up To 600kW,Mobile/Diesel/Gas,"
11005,Industrial/Commercial Sales & Service,00111209531002,HUNTINGTON POWER - LONG ISLAND, PO BOX 2040,,SHELTON,CT ,06484,USA,,631-586-7513,"Sales,"
11005,Industrial/Commercial Sales & Service,00010134071002,PEAK POWER SYSTEMS, 99 SPRAGUE AVENUE,,MIDDLETOWN,NY ,10940,USA,www.peakpowersystems.com,845-344-1975,"Sales,Service,Up To 600kW,Mobile/Diesel/Gas,Rental,"
11005,Industrial/Commercial Sales & Service,00010001761002,"GENSERVE, INC.", 115A TWINBRIDGE DR.,,PENNSAUKEN,NJ ,08110,USA,www.genserveinc.com,856-324-0459,"Service,"
11005,Industrial/Commercial Sales & Service,00010001621002,BROOKFIELD SERVICE, 708 GLEBE ROAD,,WESTMORELAND,NH ,03467,USA,www.brookfieldservice.com,802-485-6567,"Service,Up To 600kW,Mobile/Diesel/Gas,"
11005,Industrial/Commercial Sales & Service,00010021101002,SOUTH SHORE GENERATOR INC-Quote, 2696A CRANBERRY HWY,,WAREHAM,MA ,02571,USA,,508-295-7336,"Sales,Service,Up To 600kW,Mobile/Diesel/Gas,"
11005,Industrial/Commercial Sales & Service,00010001701002,SOUTH SHORE GENERATOR INC, ,,EAST WAREHAM,MA ,02538,USA,,508-295-7336,"Financing,Sales,Service,Up To 600kW,Mobile/Diesel/Gas,"
11005,Industrial/Commercial Sales & Service,00111184131002,HUNTER & LOMISON, 1956 W FOURTH ST,,WILLIAMSPORT,PA ,17701,USA,www.hunterlomison.com,570-326-1764,"Sales,Service,Up To 600kW,Mobile/Diesel/Gas,Rental,"
11005,Industrial/Commercial Sales & Service,00010000881002,HUNTER & LOMISON INC., 1956 W. 4TH STREET,,WILLIAMSPORT,PA ,17701,USA,www.hunterlomison.com,570-326-1764,"Service,Up To 600kW,Mobile/Diesel/Gas,"
11005,Industrial/Commercial Sales & Service,00111207431002,WARSHAUER ELECTRIC SUPPLY CO INC, 800 SHREWSBURY AVE,,TINTON FALLS,NJ ,07724,USA,www.warshauer.com,732-741-6400,"Service,"
11005,Industrial/Commercial Sales & Service,00010157021002,Mechanical Service Co, 1145 Oak St.,,Pittston,PA ,18640,USA,,570-654-2445,"Service,"
11010,Industrial/Commercial Sales & Service,00010214161002,"R.L. KISTLER, INC.", 35 HAMILTON LANE,,GLENMONT,NY ,12077,USA,,585-436-1940,"Sales,Service,"
11010,Industrial/Commercial Sales & Service,00010214161002,"R.L. Kistler, Inc", 300 Mile Crossing Blvd.,,Rochester,NY ,14624,USA,rlkistler.com,585-436-1940,"Sales,"
11010,Industrial/Commercial Sales & Service,00010001611002,Huntington Power, 230 Long Hill Cross Rd,,Shelton,CT ,06484,USA,www.huntingtonpower.com,203-929-3203,"Sales,Service,Up To 2MW,Mobile/Diesel/Gas,Training,Rental,"
11010,Industrial/Commercial Sales & Service,00010214161002,"R.L. Kistler, Inc", 5615 Business Ave.,,N. Syracuse,NY ,13208,USA,,315-458-2875,"Sales,"
11010,Industrial/Commercial Sales & Service,00010214161002,"R.L. Kistler, Inc", 5615 Business Ave.,,N. Syracuse,NY ,13208,USA,,315-458-2875,"Sales,"
11010,Industrial/Commercial Sales & Service,00010001611002,Huntington Power, 68 Enter Ln,,Islandia,NY ,11749,USA,,631-563-4943,"Sales,Service,Up To 2MW,Mobile/Diesel/Gas,"
11010,Industrial/Commercial Sales & Service,00010001611002,Huntington Power, 34 E DUDLEY TOWN RD.,,BLOOMFIELD,CT ,06002,USA,,860-289-8790,"Sales,Service,Rental,"
11010,Industrial/Commercial Sales & Service,00010208021002,Modern Group Power Systems, 2501 Durham Road,,Bristol,PA ,19007,USA,www.moderngroup.com,800-404-7291,"Sales,Service,Up To 2MW,Mobile/Diesel/Gas,Training,Rental,"
11010,Industrial/Commercial Sales & Service,00010001731002,Authorized Services Of New England, 410 Forest Street,,Marlborough,MA ,01752,USA,www.asne.com,888-890-9886,"Financing,Sales,Service,Up To 2MW,Mobile/Diesel/Gas,Training,Rental,"
11010,Industrial/Commercial Sales & Service,00010008091002,MODERN HANDLING EQUIP, 75 NEW STREET,,EDISON,NJ ,08837,USA,www.moderngroup.com,800-779-5116,"Sales,Service,Up To 2MW,Mobile/Diesel/Gas,"
11010,Industrial/Commercial Sales & Service,00010208021002,Modern Group Power Systems, 200 Allied Parkway,,West Berlin,NJ ,08091,USA,,800-404-7291,"Sales,Service,Up To 2MW,Mobile/Diesel/Gas,"
11010,Industrial/Commercial Sales & Service,00010208021002,Modern Group Power Systems, 6352 Chapmans Rd,,Allentown,PA ,18106,USA,,800-404-7291,"Sales,Service,Up To 2MW,Mobile/Diesel/Gas,"
11010,Industrial/Commercial Sales & Service,00010208021002,Modern Group Power Systems, 295 New Commerce Blvd.,,Wilkes Barre,PA ,18706,USA,,800-404-7291,"Sales,Service,Up To 2MW,Mobile/Diesel/Gas,"
11010,Industrial/Commercial Sales & Service,00010208021002,Modern Group Power Systems, 66A South Gate Blvd.,,New Castle,DE ,19720,USA,,800-404-7291,"Sales,Service,Up To 2MW,Mobile/Diesel/Gas,"
11010,Industrial/Commercial Sales & Service,00010000931002,"EMERGENCY POWER SYSTEMS, LLC", 35 HAMILTON LANE,,GLENMONT,NY ,12077,USA,,800-914-1465,"Service,Up To 2MW,Mobile/Diesel/Gas,"
11010,Industrial/Commercial Sales & Service,00010000931002,"EMERGENCY POWER SYSTEMS, LLC", 35 HAMILTON LANE,,GLENMONT,NY ,12077,USA,,800-914-1465,"Service,"
11010,Industrial/Commercial Sales & Service,00010001731002,AUTHORIZED SERVICES OF NEW ENGLAND, 410 FOREST STREET,,MARLBOROUGH,MA ,01752,USA,,888-890-9886,"Sales,"
11010,Industrial/Commercial Sales & Service,00010208021002,Modern Group Power Systems, 3480 Board Road,,York,PA ,17402,USA,,800-404-7291,"Sales,Service,Up To 2MW,Mobile/Diesel/Gas,"
11010,Industrial/Commercial Sales & Service,00010001761002,"GENSERVE, INC.", 100 NEWTOWN RD,,PLAINVIEW,NY ,11803,USA,www.genserveinc.com,631-435-0437,"Service,"
11010,Industrial/Commercial Sales & Service,00111209521002,LONG ISLAND EMERGENCY POWER -QO, 2 Ocean Avenue,,DEER PARK,NY ,11729,USA,,631-586-7513,"Sales,"
11010,Industrial/Commercial Sales & Service,00010139211002,POWERPRO SERVICE CO. INC., 608 JOHNSON AVE. UNIT 6,,BOHEMIA,NY ,11716,USA,,631-567-2700,"Sales,Service,Up To 600kW,Mobile/Diesel/Gas,"
11010,Industrial/Commercial Sales & Service,00111209531002,HUNTINGTON POWER - LONG ISLAND, PO BOX 2040,,SHELTON,CT ,06484,USA,,631-586-7513,"Sales,"
11010,Industrial/Commercial Sales & Service,00010134071002,PEAK POWER SYSTEMS, 99 SPRAGUE AVENUE,,MIDDLETOWN,NY ,10940,USA,www.peakpowersystems.com,845-344-1975,"Sales,Service,Up To 600kW,Mobile/Diesel/Gas,Rental,"
11010,Industrial/Commercial Sales & Service,00010001761002,"GENSERVE, INC.", 115A TWINBRIDGE DR.,,PENNSAUKEN,NJ ,08110,USA,www.genserveinc.com,856-324-0459,"Service,"
11010,Industrial/Commercial Sales & Service,00010001621002,BROOKFIELD SERVICE, 708 GLEBE ROAD,,WESTMORELAND,NH ,03467,USA,www.brookfieldservice.com,802-485-6567,"Service,Up To 600kW,Mobile/Diesel/Gas,"
11010,Industrial/Commercial Sales & Service,00010021101002,SOUTH SHORE GENERATOR INC-Quote, 2696A CRANBERRY HWY,,WAREHAM,MA ,02571,USA,,508-295-7336,"Sales,Service,Up To 600kW,Mobile/Diesel/Gas,"
11010,Industrial/Commercial Sales & Service,00010001701002,SOUTH SHORE GENERATOR INC, ,,EAST WAREHAM,MA ,02538,USA,,508-295-7336,"Financing,Sales,Service,Up To 600kW,Mobile/Diesel/Gas,"
11010,Industrial/Commercial Sales & Service,00111184131002,HUNTER & LOMISON, 1956 W FOURTH ST,,WILLIAMSPORT,PA ,17701,USA,www.hunterlomison.com,570-326-1764,"Sales,Service,Up To 600kW,Mobile/Diesel/Gas,Rental,"
11010,Industrial/Commercial Sales & Service,00010000881002,HUNTER & LOMISON INC., 1956 W. 4TH STREET,,WILLIAMSPORT,PA ,17701,USA,www.hunterlomison.com,570-326-1764,"Service,Up To 600kW,Mobile/Diesel/Gas,"
11010,Industrial/Commercial Sales & Service,00111207431002,WARSHAUER ELECTRIC SUPPLY CO INC, 800 SHREWSBURY AVE,,TINTON FALLS,NJ ,07724,USA,www.warshauer.com,732-741-6400,"Service,"
11010,Industrial/Commercial Sales & Service,00010157021002,Mechanical Service Co, 1145 Oak St.,,Pittston,PA ,18640,USA,,570-654-2445,"Service,"
11020,Industrial/Commercial Sales & Service,00010214161002,"R.L. Kistler, Inc", 300 Mile Crossing Blvd.,,Rochester,NY ,14624,USA,rlkistler.com,585-436-1940,"Sales,"
11020,Industrial/Commercial Sales & Service,00010214161002,"R.L. KISTLER, INC.", 35 HAMILTON LANE,,GLENMONT,NY ,12077,USA,,585-436-1940,"Sales,Service,"
11020,Industrial/Commercial Sales & Service,00010001611002,Huntington Power, 230 Long Hill Cross Rd,,Shelton,CT ,06484,USA,www.huntingtonpower.com,203-929-3203,"Sales,Service,Up To 2MW,Mobile/Diesel/Gas,Training,Rental,"
11020,Industrial/Commercial Sales & Service,00010214161002,"R.L. Kistler, Inc", 5615 Business Ave.,,N. Syracuse,NY ,13208,USA,,315-458-2875,"Sales,"
11020,Industrial/Commercial Sales & Service,00010214161002,"R.L. Kistler, Inc", 5615 Business Ave.,,N. Syracuse,NY ,13208,USA,,315-458-2875,"Sales,"
11020,Industrial/Commercial Sales & Service,00010001611002,Huntington Power, 68 Enter Ln,,Islandia,NY ,11749,USA,,631-563-4943,"Sales,Service,Up To 2MW,Mobile/Diesel/Gas,"
11020,Industrial/Commercial Sales & Service,00010001611002,Huntington Power, 34 E DUDLEY TOWN RD.,,BLOOMFIELD,CT ,06002,USA,,860-289-8790,"Sales,Service,Rental,"
11020,Industrial/Commercial Sales & Service,00010208021002,Modern Group Power Systems, 2501 Durham Road,,Bristol,PA ,19007,USA,www.moderngroup.com,800-404-7291,"Sales,Service,Up To 2MW,Mobile/Diesel/Gas,Training,Rental,"
11020,Industrial/Commercial Sales & Service,00010001731002,Authorized Services Of New England, 410 Forest Street,,Marlborough,MA ,01752,USA,www.asne.com,888-890-9886,"Financing,Sales,Service,Up To 2MW,Mobile/Diesel/Gas,Training,Rental,"
11020,Industrial/Commercial Sales & Service,00010008091002,MODERN HANDLING EQUIP, 75 NEW STREET,,EDISON,NJ ,08837,USA,www.moderngroup.com,800-779-5116,"Sales,Service,Up To 2MW,Mobile/Diesel/Gas,"
11020,Industrial/Commercial Sales & Service,00010208021002,Modern Group Power Systems, 200 Allied Parkway,,West Berlin,NJ ,08091,USA,,800-404-7291,"Sales,Service,Up To 2MW,Mobile/Diesel/Gas,"
11020,Industrial/Commercial Sales & Service,00010208021002,Modern Group Power Systems, 6352 Chapmans Rd,,Allentown,PA ,18106,USA,,800-404-7291,"Sales,Service,Up To 2MW,Mobile/Diesel/Gas,"
11020,Industrial/Commercial Sales & Service,00010208021002,Modern Group Power Systems, 295 New Commerce Blvd.,,Wilkes Barre,PA ,18706,USA,,800-404-7291,"Sales,Service,Up To 2MW,Mobile/Diesel/Gas,"
11020,Industrial/Commercial Sales & Service,00010000931002,"EMERGENCY POWER SYSTEMS, LLC", 35 HAMILTON LANE,,GLENMONT,NY ,12077,USA,,800-914-1465,"Service,Up To 2MW,Mobile/Diesel/Gas,"
11020,Industrial/Commercial Sales & Service,00010000931002,"EMERGENCY POWER SYSTEMS, LLC", 35 HAMILTON LANE,,GLENMONT,NY ,12077,USA,,800-914-1465,"Service,"
11020,Industrial/Commercial Sales & Service,00010208021002,Modern Group Power Systems, 66A South Gate Blvd.,,New Castle,DE ,19720,USA,,800-404-7291,"Sales,Service,Up To 2MW,Mobile/Diesel/Gas,"
11020,Industrial/Commercial Sales & Service,00010001731002,AUTHORIZED SERVICES OF NEW ENGLAND, 410 FOREST STREET,,MARLBOROUGH,MA ,01752,USA,,888-890-9886,"Sales,"
11020,Industrial/Commercial Sales & Service,00010208021002,Modern Group Power Systems, 3480 Board Road,,York,PA ,17402,USA,,800-404-7291,"Sales,Service,Up To 2MW,Mobile/Diesel/Gas,"
11020,Industrial/Commercial Sales & Service,00010001761002,"GENSERVE, INC.", 100 NEWTOWN RD,,PLAINVIEW,NY ,11803,USA,www.genserveinc.com,631-435-0437,"Service,"
11020,Industrial/Commercial Sales & Service,00111209521002,LONG ISLAND EMERGENCY POWER -QO, 2 Ocean Avenue,,DEER PARK,NY ,11729,USA,,631-586-7513,"Sales,"
11020,Industrial/Commercial Sales & Service,00010139211002,POWERPRO SERVICE CO. INC., 608 JOHNSON AVE. UNIT 6,,BOHEMIA,NY ,11716,USA,,631-567-2700,"Sales,Service,Up To 600kW,Mobile/Diesel/Gas,"
11020,Industrial/Commercial Sales & Service,00111209531002,HUNTINGTON POWER - LONG ISLAND, PO BOX 2040,,SHELTON,CT ,06484,USA,,631-586-7513,"Sales,"
11020,Industrial/Commercial Sales & Service,00010134071002,PEAK POWER SYSTEMS, 99 SPRAGUE AVENUE,,MIDDLETOWN,NY ,10940,USA,www.peakpowersystems.com,845-344-1975,"Sales,Service,Up To 600kW,Mobile/Diesel/Gas,Rental,"
11020,Industrial/Commercial Sales & Service,00010001761002,"GENSERVE, INC.", 115A TWINBRIDGE DR.,,PENNSAUKEN,NJ ,08110,USA,www.genserveinc.com,856-324-0459,"Service,"
11020,Industrial/Commercial Sales & Service,00010001621002,BROOKFIELD SERVICE, 708 GLEBE ROAD,,WESTMORELAND,NH ,03467,USA,www.brookfieldservice.com,802-485-6567,"Service,Up To 600kW,Mobile/Diesel/Gas,"
11020,Industrial/Commercial Sales & Service,00010021101002,SOUTH SHORE GENERATOR INC-Quote, 2696A CRANBERRY HWY,,WAREHAM,MA ,02571,USA,,508-295-7336,"Sales,Service,Up To 600kW,Mobile/Diesel/Gas,"
11020,Industrial/Commercial Sales & Service,00010001701002,SOUTH SHORE GENERATOR INC, ,,EAST WAREHAM,MA ,02538,USA,,508-295-7336,"Financing,Sales,Service,Up To 600kW,Mobile/Diesel/Gas,"
11020,Industrial/Commercial Sales & Service,00111184131002,HUNTER & LOMISON, 1956 W FOURTH ST,,WILLIAMSPORT,PA ,17701,USA,www.hunterlomison.com,570-326-1764,"Sales,Service,Up To 600kW,Mobile/Diesel/Gas,Rental,"
11020,Industrial/Commercial Sales & Service,00010000881002,HUNTER & LOMISON INC., 1956 W. 4TH STREET,,WILLIAMSPORT,PA ,17701,USA,www.hunterlomison.com,570-326-1764,"Service,Up To 600kW,Mobile/Diesel/Gas,"
11020,Industrial/Commercial Sales & Service,00111207431002,WARSHAUER ELECTRIC SUPPLY CO INC, 800 SHREWSBURY AVE,,TINTON FALLS,NJ ,07724,USA,www.warshauer.com,732-741-6400,"Service,"
11020,Industrial/Commercial Sales & Service,00010157021002,Mechanical Service Co, 1145 Oak St.,,Pittston,PA ,18640,USA,,570-654-2445,"Service,"
11021,Industrial/Commercial Sales & Service,00010001611002,Huntington Power, 230 Long Hill Cross Rd,,Shelton,CT ,06484,USA,www.huntingtonpower.com,203-929-3203,"Sales,Service,Up To 2MW,Mobile/Diesel/Gas,Training,Rental,"
11021,Industrial/Commercial Sales & Service,00010214161002,"R.L. KISTLER, INC.", 35 HAMILTON LANE,,GLENMONT,NY ,12077,USA,,585-436-1940,"Sales,Service,"
11021,Industrial/Commercial Sales & Service,00010214161002,"R.L. Kistler, Inc", 300 Mile Crossing Blvd.,,Rochester,NY ,14624,USA,rlkistler.com,585-436-1940,"Sales,"
11021,Industrial/Commercial Sales & Service,00010001611002,Huntington Power, 68 Enter Ln,,Islandia,NY ,11749,USA,,631-563-4943,"Sales,Service,Up To 2MW,Mobile/Diesel/Gas,"
11021,Industrial/Commercial Sales & Service,00010001611002,Huntington Power, 34 E DUDLEY TOWN RD.,,BLOOMFIELD,CT ,06002,USA,,860-289-8790,"Sales,Service,Rental,"
11021,Industrial/Commercial Sales & Service,00010214161002,"R.L. Kistler, Inc", 5615 Business Ave.,,N. Syracuse,NY ,13208,USA,,315-458-2875,"Sales,"
11021,Industrial/Commercial Sales & Service,00010214161002,"R.L. Kistler, Inc", 5615 Business Ave.,,N. Syracuse,NY ,13208,USA,,315-458-2875,"Sales,"
11021,Industrial/Commercial Sales & Service,00010208021002,Modern Group Power Systems, 2501 Durham Road,,Bristol,PA ,19007,USA,www.moderngroup.com,800-404-7291,"Sales,Service,Up To 2MW,Mobile/Diesel/Gas,Training,Rental,"
11021,Industrial/Commercial Sales & Service,00010001731002,Authorized Services Of New England, 410 Forest Street,,Marlborough,MA ,01752,USA,www.asne.com,888-890-9886,"Financing,Sales,Service,Up To 2MW,Mobile/Diesel/Gas,Training,Rental,"
11021,Industrial/Commercial Sales & Service,00010008091002,MODERN HANDLING EQUIP, 75 NEW STREET,,EDISON,NJ ,08837,USA,www.moderngroup.com,800-779-5116,"Sales,Service,Up To 2MW,Mobile/Diesel/Gas,"
11021,Industrial/Commercial Sales & Service,00010208021002,Modern Group Power Systems, 200 Allied Parkway,,West Berlin,NJ ,08091,USA,,800-404-7291,"Sales,Service,Up To 2MW,Mobile/Diesel/Gas,"
11021,Industrial/Commercial Sales & Service,00010208021002,Modern Group Power Systems, 6352 Chapmans Rd,,Allentown,PA ,18106,USA,,800-404-7291,"Sales,Service,Up To 2MW,Mobile/Diesel/Gas,"
11021,Industrial/Commercial Sales & Service,00010208021002,Modern Group Power Systems, 295 New Commerce Blvd.,,Wilkes Barre,PA ,18706,USA,,800-404-7291,"Sales,Service,Up To 2MW,Mobile/Diesel/Gas,"
11021,Industrial/Commercial Sales & Service,00010000931002,"EMERGENCY POWER SYSTEMS, LLC", 35 HAMILTON LANE,,GLENMONT,NY ,12077,USA,,800-914-1465,"Service,Up To 2MW,Mobile/Diesel/Gas,"
11021,Industrial/Commercial Sales & Service,00010000931002,"EMERGENCY POWER SYSTEMS, LLC", 35 HAMILTON LANE,,GLENMONT,NY ,12077,USA,,800-914-1465,"Service,"
11021,Industrial/Commercial Sales & Service,00010208021002,Modern Group Power Systems, 66A South Gate Blvd.,,New Castle,DE ,19720,USA,,800-404-7291,"Sales,Service,Up To 2MW,Mobile/Diesel/Gas,"
11021,Industrial/Commercial Sales & Service,00010001731002,AUTHORIZED SERVICES OF NEW ENGLAND, 410 FOREST STREET,,MARLBOROUGH,MA ,01752,USA,,888-890-9886,"Sales,"
11021,Industrial/Commercial Sales & Service,00010208021002,Modern Group Power Systems, 3480 Board Road,,York,PA ,17402,USA,,800-404-7291,"Sales,Service,Up To 2MW,Mobile/Diesel/Gas,"
11021,Industrial/Commercial Sales & Service,00010001761002,"GENSERVE, INC.", 100 NEWTOWN RD,,PLAINVIEW,NY ,11803,USA,www.genserveinc.com,631-435-0437,"Service,"
11021,Industrial/Commercial Sales & Service,00111209521002,LONG ISLAND EMERGENCY POWER -QO, 2 Ocean Avenue,,DEER PARK,NY ,11729,USA,,631-586-7513,"Sales,"
11021,Industrial/Commercial Sales & Service,00010139211002,POWERPRO SERVICE CO. INC., 608 JOHNSON AVE. UNIT 6,,BOHEMIA,NY ,11716,USA,,631-567-2700,"Sales,Service,Up To 600kW,Mobile/Diesel/Gas,"
11021,Industrial/Commercial Sales & Service,00111209531002,HUNTINGTON POWER - LONG ISLAND, PO BOX 2040,,SHELTON,CT ,06484,USA,,631-586-7513,"Sales,"
11021,Industrial/Commercial Sales & Service,00010134071002,PEAK POWER SYSTEMS, 99 SPRAGUE AVENUE,,MIDDLETOWN,NY ,10940,USA,www.peakpowersystems.com,845-344-1975,"Sales,Service,Up To 600kW,Mobile/Diesel/Gas,Rental,"
11021,Industrial/Commercial Sales & Service,00010001761002,"GENSERVE, INC.", 115A TWINBRIDGE DR.,,PENNSAUKEN,NJ ,08110,USA,www.genserveinc.com,856-324-0459,"Service,"
11021,Industrial/Commercial Sales & Service,00010001621002,BROOKFIELD SERVICE, 708 GLEBE ROAD,,WESTMORELAND,NH ,03467,USA,www.brookfieldservice.com,802-485-6567,"Service,Up To 600kW,Mobile/Diesel/Gas,"
11021,Industrial/Commercial Sales & Service,00010021101002,SOUTH SHORE GENERATOR INC-Quote, 2696A CRANBERRY HWY,,WAREHAM,MA ,02571,USA,,508-295-7336,"Sales,Service,Up To 600kW,Mobile/Diesel/Gas,"
11021,Industrial/Commercial Sales & Service,00010001701002,SOUTH SHORE GENERATOR INC, ,,EAST WAREHAM,MA ,02538,USA,,508-295-7336,"Financing,Sales,Service,Up To 600kW,Mobile/Diesel/Gas,"
11021,Industrial/Commercial Sales & Service,00111184131002,HUNTER & LOMISON, 1956 W FOURTH ST,,WILLIAMSPORT,PA ,17701,USA,www.hunterlomison.com,570-326-1764,"Sales,Service,Up To 600kW,Mobile/Diesel/Gas,Rental,"
11021,Industrial/Commercial Sales & Service,00010000881002,HUNTER & LOMISON INC., 1956 W. 4TH STREET,,WILLIAMSPORT,PA ,17701,USA,www.hunterlomison.com,570-326-1764,"Service,Up To 600kW,Mobile/Diesel/Gas,"
11021,Industrial/Commercial Sales & Service,00111207431002,WARSHAUER ELECTRIC SUPPLY CO INC, 800 SHREWSBURY AVE,,TINTON FALLS,NJ ,07724,USA,www.warshauer.com,732-741-6400,"Service,"
11021,Industrial/Commercial Sales & Service,00010157021002,Mechanical Service Co, 1145 Oak St.,,Pittston,PA ,18640,USA,,570-654-2445,"Service,"
11022,Industrial/Commercial Sales & Service,00010001611002,Huntington Power, 230 Long Hill Cross Rd,,Shelton,CT ,06484,USA,www.huntingtonpower.com,203-929-3203,"Sales,Service,Up To 2MW,Mobile/Diesel/Gas,Training,Rental,"
11022,Industrial/Commercial Sales & Service,00010214161002,"R.L. KISTLER, INC.", 35 HAMILTON LANE,,GLENMONT,NY ,12077,USA,,585-436-1940,"Sales,Service,"
11022,Industrial/Commercial Sales & Service,00010214161002,"R.L. Kistler, Inc", 300 Mile Crossing Blvd.,,Rochester,NY ,14624,USA,rlkistler.com,585-436-1940,"Sales,"
11022,Industrial/Commercial Sales & Service,00010001611002,Huntington Power, 68 Enter Ln,,Islandia,NY ,11749,USA,,631-563-4943,"Sales,Service,Up To 2MW,Mobile/Diesel/Gas,"
11022,Industrial/Commercial Sales & Service,00010001611002,Huntington Power, 34 E DUDLEY TOWN RD.,,BLOOMFIELD,CT ,06002,USA,,860-289-8790,"Sales,Service,Rental,"
11022,Industrial/Commercial Sales & Service,00010214161002,"R.L. Kistler, Inc", 5615 Business Ave.,,N. Syracuse,NY ,13208,USA,,315-458-2875,"Sales,"
11022,Industrial/Commercial Sales & Service,00010214161002,"R.L. Kistler, Inc", 5615 Business Ave.,,N. Syracuse,NY ,13208,USA,,315-458-2875,"Sales,"
11022,Industrial/Commercial Sales & Service,00010208021002,Modern Group Power Systems, 2501 Durham Road,,Bristol,PA ,19007,USA,www.moderngroup.com,800-404-7291,"Sales,Service,Up To 2MW,Mobile/Diesel/Gas,Training,Rental,"
11022,Industrial/Commercial Sales & Service,00010001731002,Authorized Services Of New England, 410 Forest Street,,Marlborough,MA ,01752,USA,www.asne.com,888-890-9886,"Financing,Sales,Service,Up To 2MW,Mobile/Diesel/Gas,Training,Rental,"
11022,Industrial/Commercial Sales & Service,00010008091002,MODERN HANDLING EQUIP, 75 NEW STREET,,EDISON,NJ ,08837,USA,www.moderngroup.com,800-779-5116,"Sales,Service,Up To 2MW,Mobile/Diesel/Gas,"
11022,Industrial/Commercial Sales & Service,00010208021002,Modern Group Power Systems, 200 Allied Parkway,,West Berlin,NJ ,08091,USA,,800-404-7291,"Sales,Service,Up To 2MW,Mobile/Diesel/Gas,"
11022,Industrial/Commercial Sales & Service,00010208021002,Modern Group Power Systems, 6352 Chapmans Rd,,Allentown,PA ,18106,USA,,800-404-7291,"Sales,Service,Up To 2MW,Mobile/Diesel/Gas,"
11022,Industrial/Commercial Sales & Service,00010208021002,Modern Group Power Systems, 295 New Commerce Blvd.,,Wilkes Barre,PA ,18706,USA,,800-404-7291,"Sales,Service,Up To 2MW,Mobile/Diesel/Gas,"
11022,Industrial/Commercial Sales & Service,00010000931002,"EMERGENCY POWER SYSTEMS, LLC", 35 HAMILTON LANE,,GLENMONT,NY ,12077,USA,,800-914-1465,"Service,Up To 2MW,Mobile/Diesel/Gas,"
11022,Industrial/Commercial Sales & Service,00010000931002,"EMERGENCY POWER SYSTEMS, LLC", 35 HAMILTON LANE,,GLENMONT,NY ,12077,USA,,800-914-1465,"Service,"
11022,Industrial/Commercial Sales & Service,00010208021002,Modern Group Power Systems, 66A South Gate Blvd.,,New Castle,DE ,19720,USA,,800-404-7291,"Sales,Service,Up To 2MW,Mobile/Diesel/Gas,"
11022,Industrial/Commercial Sales & Service,00010001731002,AUTHORIZED SERVICES OF NEW ENGLAND, 410 FOREST STREET,,MARLBOROUGH,MA ,01752,USA,,888-890-9886,"Sales,"
11022,Industrial/Commercial Sales & Service,00010208021002,Modern Group Power Systems, 3480 Board Road,,York,PA ,17402,USA,,800-404-7291,"Sales,Service,Up To 2MW,Mobile/Diesel/Gas,"
11022,Industrial/Commercial Sales & Service,00010001761002,"GENSERVE, INC.", 100 NEWTOWN RD,,PLAINVIEW,NY ,11803,USA,www.genserveinc.com,631-435-0437,"Service,"
11022,Industrial/Commercial Sales & Service,00111209521002,LONG ISLAND EMERGENCY POWER -QO, 2 Ocean Avenue,,DEER PARK,NY ,11729,USA,,631-586-7513,"Sales,"
11022,Industrial/Commercial Sales & Service,00010139211002,POWERPRO SERVICE CO. INC., 608 JOHNSON AVE. UNIT 6,,BOHEMIA,NY ,11716,USA,,631-567-2700,"Sales,Service,Up To 600kW,Mobile/Diesel/Gas,"
11022,Industrial/Commercial Sales & Service,00111209531002,HUNTINGTON POWER - LONG ISLAND, PO BOX 2040,,SHELTON,CT ,06484,USA,,631-586-7513,"Sales,"
11022,Industrial/Commercial Sales & Service,00010134071002,PEAK POWER SYSTEMS, 99 SPRAGUE AVENUE,,MIDDLETOWN,NY ,10940,USA,www.peakpowersystems.com,845-344-1975,"Sales,Service,Up To 600kW,Mobile/Diesel/Gas,Rental,"
11022,Industrial/Commercial Sales & Service,00010001761002,"GENSERVE, INC.", 115A TWINBRIDGE DR.,,PENNSAUKEN,NJ ,08110,USA,www.genserveinc.com,856-324-0459,"Service,"
11022,Industrial/Commercial Sales & Service,00010001621002,BROOKFIELD SERVICE, 708 GLEBE ROAD,,WESTMORELAND,NH ,03467,USA,www.brookfieldservice.com,802-485-6567,"Service,Up To 600kW,Mobile/Diesel/Gas,"
11022,Industrial/Commercial Sales & Service,00010021101002,SOUTH SHORE GENERATOR INC-Quote, 2696A CRANBERRY HWY,,WAREHAM,MA ,02571,USA,,508-295-7336,"Sales,Service,Up To 600kW,Mobile/Diesel/Gas,"
11022,Industrial/Commercial Sales & Service,00010001701002,SOUTH SHORE GENERATOR INC, ,,EAST WAREHAM,MA ,02538,USA,,508-295-7336,"Financing,Sales,Service,Up To 600kW,Mobile/Diesel/Gas,"
11022,Industrial/Commercial Sales & Service,00111184131002,HUNTER & LOMISON, 1956 W FOURTH ST,,WILLIAMSPORT,PA ,17701,USA,www.hunterlomison.com,570-326-1764,"Sales,Service,Up To 600kW,Mobile/Diesel/Gas,Rental,"
11022,Industrial/Commercial Sales & Service,00010000881002,HUNTER & LOMISON INC., 1956 W. 4TH STREET,,WILLIAMSPORT,PA ,17701,USA,www.hunterlomison.com,570-326-1764,"Service,Up To 600kW,Mobile/Diesel/Gas,"
11022,Industrial/Commercial Sales & Service,00111207431002,WARSHAUER ELECTRIC SUPPLY CO INC, 800 SHREWSBURY AVE,,TINTON FALLS,NJ ,07724,USA,www.warshauer.com,732-741-6400,"Service,"
11022,Industrial/Commercial Sales & Service,00010157021002,Mechanical Service Co, 1145 Oak St.,,Pittston,PA ,18640,USA,,570-654-2445,"Service,"
11023,Industrial/Commercial Sales & Service,00010001611002,Huntington Power, 230 Long Hill Cross Rd,,Shelton,CT ,06484,USA,www.huntingtonpower.com,203-929-3203,"Sales,Service,Up To 2MW,Mobile/Diesel/Gas,Training,Rental,"
11023,Industrial/Commercial Sales & Service,00010214161002,"R.L. Kistler, Inc", 300 Mile Crossing Blvd.,,Rochester,NY ,14624,USA,rlkistler.com,585-436-1940,"Sales,"
11023,Industrial/Commercial Sales & Service,00010214161002,"R.L. KISTLER, INC.", 35 HAMILTON LANE,,GLENMONT,NY ,12077,USA,,585-436-1940,"Sales,Service,"
11023,Industrial/Commercial Sales & Service,00010001611002,Huntington Power, 68 Enter Ln,,Islandia,NY ,11749,USA,,631-563-4943,"Sales,Service,Up To 2MW,Mobile/Diesel/Gas,"
11023,Industrial/Commercial Sales & Service,00010001611002,Huntington Power, 34 E DUDLEY TOWN RD.,,BLOOMFIELD,CT ,06002,USA,,860-289-8790,"Sales,Service,Rental,"
11023,Industrial/Commercial Sales & Service,00010214161002,"R.L. Kistler, Inc", 5615 Business Ave.,,N. Syracuse,NY ,13208,USA,,315-458-2875,"Sales,"
11023,Industrial/Commercial Sales & Service,00010214161002,"R.L. Kistler, Inc", 5615 Business Ave.,,N. Syracuse,NY ,13208,USA,,315-458-2875,"Sales,"
11023,Industrial/Commercial Sales & Service,00010208021002,Modern Group Power Systems, 2501 Durham Road,,Bristol,PA ,19007,USA,www.moderngroup.com,800-404-7291,"Sales,Service,Up To 2MW,Mobile/Diesel/Gas,Training,Rental,"
11023,Industrial/Commercial Sales & Service,00010001731002,Authorized Services Of New England, 410 Forest Street,,Marlborough,MA ,01752,USA,www.asne.com,888-890-9886,"Financing,Sales,Service,Up To 2MW,Mobile/Diesel/Gas,Training,Rental,"
11023,Industrial/Commercial Sales & Service,00010008091002,MODERN HANDLING EQUIP, 75 NEW STREET,,EDISON,NJ ,08837,USA,www.moderngroup.com,800-779-5116,"Sales,Service,Up To 2MW,Mobile/Diesel/Gas,"
11023,Industrial/Commercial Sales & Service,00010208021002,Modern Group Power Systems, 200 Allied Parkway,,West Berlin,NJ ,08091,USA,,800-404-7291,"Sales,Service,Up To 2MW,Mobile/Diesel/Gas,"
11023,Industrial/Commercial Sales & Service,00010208021002,Modern Group Power Systems, 6352 Chapmans Rd,,Allentown,PA ,18106,USA,,800-404-7291,"Sales,Service,Up To 2MW,Mobile/Diesel/Gas,"
11023,Industrial/Commercial Sales & Service,00010208021002,Modern Group Power Systems, 295 New Commerce Blvd.,,Wilkes Barre,PA ,18706,USA,,800-404-7291,"Sales,Service,Up To 2MW,Mobile/Diesel/Gas,"
11023,Industrial/Commercial Sales & Service,00010000931002,"EMERGENCY POWER SYSTEMS, LLC", 35 HAMILTON LANE,,GLENMONT,NY ,12077,USA,,800-914-1465,"Service,Up To 2MW,Mobile/Diesel/Gas,"
11023,Industrial/Commercial Sales & Service,00010000931002,"EMERGENCY POWER SYSTEMS, LLC", 35 HAMILTON LANE,,GLENMONT,NY ,12077,USA,,800-914-1465,"Service,"
11023,Industrial/Commercial Sales & Service,00010208021002,Modern Group Power Systems, 66A South Gate Blvd.,,New Castle,DE ,19720,USA,,800-404-7291,"Sales,Service,Up To 2MW,Mobile/Diesel/Gas,"
11023,Industrial/Commercial Sales & Service,00010001731002,AUTHORIZED SERVICES OF NEW ENGLAND, 410 FOREST STREET,,MARLBOROUGH,MA ,01752,USA,,888-890-9886,"Sales,"
11023,Industrial/Commercial Sales & Service,00010208021002,Modern Group Power Systems, 3480 Board Road,,York,PA ,17402,USA,,800-404-7291,"Sales,Service,Up To 2MW,Mobile/Diesel/Gas,"
11023,Industrial/Commercial Sales & Service,00010001761002,"GENSERVE, INC.", 100 NEWTOWN RD,,PLAINVIEW,NY ,11803,USA,www.genserveinc.com,631-435-0437,"Service,"
11023,Industrial/Commercial Sales & Service,00111209521002,LONG ISLAND EMERGENCY POWER -QO, 2 Ocean Avenue,,DEER PARK,NY ,11729,USA,,631-586-7513,"Sales,"
11023,Industrial/Commercial Sales & Service,00010139211002,POWERPRO SERVICE CO. INC., 608 JOHNSON AVE. UNIT 6,,BOHEMIA,NY ,11716,USA,,631-567-2700,"Sales,Service,Up To 600kW,Mobile/Diesel/Gas,"
11023,Industrial/Commercial Sales & Service,00111209531002,HUNTINGTON POWER - LONG ISLAND, PO BOX 2040,,SHELTON,CT ,06484,USA,,631-586-7513,"Sales,"
11023,Industrial/Commercial Sales & Service,00010134071002,PEAK POWER SYSTEMS, 99 SPRAGUE AVENUE,,MIDDLETOWN,NY ,10940,USA,www.peakpowersystems.com,845-344-1975,"Sales,Service,Up To 600kW,Mobile/Diesel/Gas,Rental,"
11023,Industrial/Commercial Sales & Service,00010001761002,"GENSERVE, INC.", 115A TWINBRIDGE DR.,,PENNSAUKEN,NJ ,08110,USA,www.genserveinc.com,856-324-0459,"Service,"
11023,Industrial/Commercial Sales & Service,00010001621002,BROOKFIELD SERVICE, 708 GLEBE ROAD,,WESTMORELAND,NH ,03467,USA,www.brookfieldservice.com,802-485-6567,"Service,Up To 600kW,Mobile/Diesel/Gas,"
11023,Industrial/Commercial Sales & Service,00010021101002,SOUTH SHORE GENERATOR INC-Quote, 2696A CRANBERRY HWY,,WAREHAM,MA ,02571,USA,,508-295-7336,"Sales,Service,Up To 600kW,Mobile/Diesel/Gas,"
11023,Industrial/Commercial Sales & Service,00010001701002,SOUTH SHORE GENERATOR INC, ,,EAST WAREHAM,MA ,02538,USA,,508-295-7336,"Financing,Sales,Service,Up To 600kW,Mobile/Diesel/Gas,"
11023,Industrial/Commercial Sales & Service,00111184131002,HUNTER & LOMISON, 1956 W FOURTH ST,,WILLIAMSPORT,PA ,17701,USA,www.hunterlomison.com,570-326-1764,"Sales,Service,Up To 600kW,Mobile/Diesel/Gas,Rental,"
11023,Industrial/Commercial Sales & Service,00010000881002,HUNTER & LOMISON INC., 1956 W. 4TH STREET,,WILLIAMSPORT,PA ,17701,USA,www.hunterlomison.com,570-326-1764,"Service,Up To 600kW,Mobile/Diesel/Gas,"
11023,Industrial/Commercial Sales & Service,00111207431002,WARSHAUER ELECTRIC SUPPLY CO INC, 800 SHREWSBURY AVE,,TINTON FALLS,NJ ,07724,USA,www.warshauer.com,732-741-6400,"Service,"
11023,Industrial/Commercial Sales & Service,00010157021002,Mechanical Service Co, 1145 Oak St.,,Pittston,PA ,18640,USA,,570-654-2445,"Service,"
11024,Industrial/Commercial Sales & Service,00010214161002,"R.L. KISTLER, INC.", 35 HAMILTON LANE,,GLENMONT,NY ,12077,USA,,585-436-1940,"Sales,Service,"
11024,Industrial/Commercial Sales & Service,00010001611002,Huntington Power, 230 Long Hill Cross Rd,,Shelton,CT ,06484,USA,www.huntingtonpower.com,203-929-3203,"Sales,Service,Up To 2MW,Mobile/Diesel/Gas,Training,Rental,"
11024,Industrial/Commercial Sales & Service,00010214161002,"R.L. Kistler, Inc", 300 Mile Crossing Blvd.,,Rochester,NY ,14624,USA,rlkistler.com,585-436-1940,"Sales,"
11024,Industrial/Commercial Sales & Service,00010214161002,"R.L. Kistler, Inc", 5615 Business Ave.,,N. Syracuse,NY ,13208,USA,,315-458-2875,"Sales,"
11024,Industrial/Commercial Sales & Service,00010001611002,Huntington Power, 68 Enter Ln,,Islandia,NY ,11749,USA,,631-563-4943,"Sales,Service,Up To 2MW,Mobile/Diesel/Gas,"
11024,Industrial/Commercial Sales & Service,00010001611002,Huntington Power, 34 E DUDLEY TOWN RD.,,BLOOMFIELD,CT ,06002,USA,,860-289-8790,"Sales,Service,Rental,"
11024,Industrial/Commercial Sales & Service,00010214161002,"R.L. Kistler, Inc", 5615 Business Ave.,,N. Syracuse,NY ,13208,USA,,315-458-2875,"Sales,"
11024,Industrial/Commercial Sales & Service,00010208021002,Modern Group Power Systems, 2501 Durham Road,,Bristol,PA ,19007,USA,www.moderngroup.com,800-404-7291,"Sales,Service,Up To 2MW,Mobile/Diesel/Gas,Training,Rental,"
11024,Industrial/Commercial Sales & Service,00010001731002,Authorized Services Of New England, 410 Forest Street,,Marlborough,MA ,01752,USA,www.asne.com,888-890-9886,"Financing,Sales,Service,Up To 2MW,Mobile/Diesel/Gas,Training,Rental,"
11024,Industrial/Commercial Sales & Service,00010008091002,MODERN HANDLING EQUIP, 75 NEW STREET,,EDISON,NJ ,08837,USA,www.moderngroup.com,800-779-5116,"Sales,Service,Up To 2MW,Mobile/Diesel/Gas,"
11024,Industrial/Commercial Sales & Service,00010208021002,Modern Group Power Systems, 200 Allied Parkway,,West Berlin,NJ ,08091,USA,,800-404-7291,"Sales,Service,Up To 2MW,Mobile/Diesel/Gas,"
11024,Industrial/Commercial Sales & Service,00010208021002,Modern Group Power Systems, 6352 Chapmans Rd,,Allentown,PA ,18106,USA,,800-404-7291,"Sales,Service,Up To 2MW,Mobile/Diesel/Gas,"
11024,Industrial/Commercial Sales & Service,00010208021002,Modern Group Power Systems, 295 New Commerce Blvd.,,Wilkes Barre,PA ,18706,USA,,800-404-7291,"Sales,Service,Up To 2MW,Mobile/Diesel/Gas,"
11024,Industrial/Commercial Sales & Service,00010000931002,"EMERGENCY POWER SYSTEMS, LLC", 35 HAMILTON LANE,,GLENMONT,NY ,12077,USA,,800-914-1465,"Service,Up To 2MW,Mobile/Diesel/Gas,"
11024,Industrial/Commercial Sales & Service,00010000931002,"EMERGENCY POWER SYSTEMS, LLC", 35 HAMILTON LANE,,GLENMONT,NY ,12077,USA,,800-914-1465,"Service,"
11024,Industrial/Commercial Sales & Service,00010208021002,Modern Group Power Systems, 66A South Gate Blvd.,,New Castle,DE ,19720,USA,,800-404-7291,"Sales,Service,Up To 2MW,Mobile/Diesel/Gas,"
11024,Industrial/Commercial Sales & Service,00010001731002,AUTHORIZED SERVICES OF NEW ENGLAND, 410 FOREST STREET,,MARLBOROUGH,MA ,01752,USA,,888-890-9886,"Sales,"
11024,Industrial/Commercial Sales & Service,00010208021002,Modern Group Power Systems, 3480 Board Road,,York,PA ,17402,USA,,800-404-7291,"Sales,Service,Up To 2MW,Mobile/Diesel/Gas,"
11024,Industrial/Commercial Sales & Service,00010001761002,"GENSERVE, INC.", 100 NEWTOWN RD,,PLAINVIEW,NY ,11803,USA,www.genserveinc.com,631-435-0437,"Service,"
11024,Industrial/Commercial Sales & Service,00111209521002,LONG ISLAND EMERGENCY POWER -QO, 2 Ocean Avenue,,DEER PARK,NY ,11729,USA,,631-586-7513,"Sales,"
11024,Industrial/Commercial Sales & Service,00010139211002,POWERPRO SERVICE CO. INC., 608 JOHNSON AVE. UNIT 6,,BOHEMIA,NY ,11716,USA,,631-567-2700,"Sales,Service,Up To 600kW,Mobile/Diesel/Gas,"
11024,Industrial/Commercial Sales & Service,00111209531002,HUNTINGTON POWER - LONG ISLAND, PO BOX 2040,,SHELTON,CT ,06484,USA,,631-586-7513,"Sales,"
11024,Industrial/Commercial Sales & Service,00010134071002,PEAK POWER SYSTEMS, 99 SPRAGUE AVENUE,,MIDDLETOWN,NY ,10940,USA,www.peakpowersystems.com,845-344-1975,"Sales,Service,Up To 600kW,Mobile/Diesel/Gas,Rental,"
11024,Industrial/Commercial Sales & Service,00010001761002,"GENSERVE, INC.", 115A TWINBRIDGE DR.,,PENNSAUKEN,NJ ,08110,USA,www.genserveinc.com,856-324-0459,"Service,"
11024,Industrial/Commercial Sales & Service,00010001621002,BROOKFIELD SERVICE, 708 GLEBE ROAD,,WESTMORELAND,NH ,03467,USA,www.brookfieldservice.com,802-485-6567,"Service,Up To 600kW,Mobile/Diesel/Gas,"
11024,Industrial/Commercial Sales & Service,00010021101002,SOUTH SHORE GENERATOR INC-Quote, 2696A CRANBERRY HWY,,WAREHAM,MA ,02571,USA,,508-295-7336,"Sales,Service,Up To 600kW,Mobile/Diesel/Gas,"
11024,Industrial/Commercial Sales & Service,00010001701002,SOUTH SHORE GENERATOR INC, ,,EAST WAREHAM,MA ,02538,USA,,508-295-7336,"Financing,Sales,Service,Up To 600kW,Mobile/Diesel/Gas,"
11024,Industrial/Commercial Sales & Service,00111184131002,HUNTER & LOMISON, 1956 W FOURTH ST,,WILLIAMSPORT,PA ,17701,USA,www.hunterlomison.com,570-326-1764,"Sales,Service,Up To 600kW,Mobile/Diesel/Gas,Rental,"
11024,Industrial/Commercial Sales & Service,00010000881002,HUNTER & LOMISON INC., 1956 W. 4TH STREET,,WILLIAMSPORT,PA ,17701,USA,www.hunterlomison.com,570-326-1764,"Service,Up To 600kW,Mobile/Diesel/Gas,"
11024,Industrial/Commercial Sales & Service,00111207431002,WARSHAUER ELECTRIC SUPPLY CO INC, 800 SHREWSBURY AVE,,TINTON FALLS,NJ ,07724,USA,www.warshauer.com,732-741-6400,"Service,"
11024,Industrial/Commercial Sales & Service,00010157021002,Mechanical Service Co, 1145 Oak St.,,Pittston,PA ,18640,USA,,570-654-2445,"Service,"
11026,Industrial/Commercial Sales & Service,00010214161002,"R.L. KISTLER, INC.", 35 HAMILTON LANE,,GLENMONT,NY ,12077,USA,,585-436-1940,"Sales,Service,"
11026,Industrial/Commercial Sales & Service,00010214161002,"R.L. Kistler, Inc", 300 Mile Crossing Blvd.,,Rochester,NY ,14624,USA,rlkistler.com,585-436-1940,"Sales,"
11026,Industrial/Commercial Sales & Service,00010001611002,Huntington Power, 230 Long Hill Cross Rd,,Shelton,CT ,06484,USA,www.huntingtonpower.com,203-929-3203,"Sales,Service,Up To 2MW,Mobile/Diesel/Gas,Training,Rental,"
11026,Industrial/Commercial Sales & Service,00010214161002,"R.L. Kistler, Inc", 5615 Business Ave.,,N. Syracuse,NY ,13208,USA,,315-458-2875,"Sales,"
11026,Industrial/Commercial Sales & Service,00010214161002,"R.L. Kistler, Inc", 5615 Business Ave.,,N. Syracuse,NY ,13208,USA,,315-458-2875,"Sales,"
11026,Industrial/Commercial Sales & Service,00010001611002,Huntington Power, 68 Enter Ln,,Islandia,NY ,11749,USA,,631-563-4943,"Sales,Service,Up To 2MW,Mobile/Diesel/Gas,"
11026,Industrial/Commercial Sales & Service,00010001611002,Huntington Power, 34 E DUDLEY TOWN RD.,,BLOOMFIELD,CT ,06002,USA,,860-289-8790,"Sales,Service,Rental,"
11026,Industrial/Commercial Sales & Service,00010208021002,Modern Group Power Systems, 2501 Durham Road,,Bristol,PA ,19007,USA,www.moderngroup.com,800-404-7291,"Sales,Service,Up To 2MW,Mobile/Diesel/Gas,Training,Rental,"
11026,Industrial/Commercial Sales & Service,00010001731002,Authorized Services Of New England, 410 Forest Street,,Marlborough,MA ,01752,USA,www.asne.com,888-890-9886,"Financing,Sales,Service,Up To 2MW,Mobile/Diesel/Gas,Training,Rental,"
11026,Industrial/Commercial Sales & Service,00010008091002,MODERN HANDLING EQUIP, 75 NEW STREET,,EDISON,NJ ,08837,USA,www.moderngroup.com,800-779-5116,"Sales,Service,Up To 2MW,Mobile/Diesel/Gas,"
11026,Industrial/Commercial Sales & Service,00010208021002,Modern Group Power Systems, 200 Allied Parkway,,West Berlin,NJ ,08091,USA,,800-404-7291,"Sales,Service,Up To 2MW,Mobile/Diesel/Gas,"
11026,Industrial/Commercial Sales & Service,00010208021002,Modern Group Power Systems, 6352 Chapmans Rd,,Allentown,PA ,18106,USA,,800-404-7291,"Sales,Service,Up To 2MW,Mobile/Diesel/Gas,"
11026,Industrial/Commercial Sales & Service,00010208021002,Modern Group Power Systems, 295 New Commerce Blvd.,,Wilkes Barre,PA ,18706,USA,,800-404-7291,"Sales,Service,Up To 2MW,Mobile/Diesel/Gas,"
11026,Industrial/Commercial Sales & Service,00010000931002,"EMERGENCY POWER SYSTEMS, LLC", 35 HAMILTON LANE,,GLENMONT,NY ,12077,USA,,800-914-1465,"Service,Up To 2MW,Mobile/Diesel/Gas,"
11026,Industrial/Commercial Sales & Service,00010000931002,"EMERGENCY POWER SYSTEMS, LLC", 35 HAMILTON LANE,,GLENMONT,NY ,12077,USA,,800-914-1465,"Service,"
11026,Industrial/Commercial Sales & Service,00010208021002,Modern Group Power Systems, 66A South Gate Blvd.,,New Castle,DE ,19720,USA,,800-404-7291,"Sales,Service,Up To 2MW,Mobile/Diesel/Gas,"
11026,Industrial/Commercial Sales & Service,00010001731002,AUTHORIZED SERVICES OF NEW ENGLAND, 410 FOREST STREET,,MARLBOROUGH,MA ,01752,USA,,888-890-9886,"Sales,"
11026,Industrial/Commercial Sales & Service,00010208021002,Modern Group Power Systems, 3480 Board Road,,York,PA ,17402,USA,,800-404-7291,"Sales,Service,Up To 2MW,Mobile/Diesel/Gas,"
11026,Industrial/Commercial Sales & Service,00010001761002,"GENSERVE, INC.", 100 NEWTOWN RD,,PLAINVIEW,NY ,11803,USA,www.genserveinc.com,631-435-0437,"Service,"
11026,Industrial/Commercial Sales & Service,00111209521002,LONG ISLAND EMERGENCY POWER -QO, 2 Ocean Avenue,,DEER PARK,NY ,11729,USA,,631-586-7513,"Sales,"
11026,Industrial/Commercial Sales & Service,00010139211002,POWERPRO SERVICE CO. INC., 608 JOHNSON AVE. UNIT 6,,BOHEMIA,NY ,11716,USA,,631-567-2700,"Sales,Service,Up To 600kW,Mobile/Diesel/Gas,"
11026,Industrial/Commercial Sales & Service,00111209531002,HUNTINGTON POWER - LONG ISLAND, PO BOX 2040,,SHELTON,CT ,06484,USA,,631-586-7513,"Sales,"
11026,Industrial/Commercial Sales & Service,00010134071002,PEAK POWER SYSTEMS, 99 SPRAGUE AVENUE,,MIDDLETOWN,NY ,10940,USA,www.peakpowersystems.com,845-344-1975,"Sales,Service,Up To 600kW,Mobile/Diesel/Gas,Rental,"
11026,Industrial/Commercial Sales & Service,00010001761002,"GENSERVE, INC.", 115A TWINBRIDGE DR.,,PENNSAUKEN,NJ ,08110,USA,www.genserveinc.com,856-324-0459,"Service,"
11026,Industrial/Commercial Sales & Service,00010001621002,BROOKFIELD SERVICE, 708 GLEBE ROAD,,WESTMORELAND,NH ,03467,USA,www.brookfieldservice.com,802-485-6567,"Service,Up To 600kW,Mobile/Diesel/Gas,"
11026,Industrial/Commercial Sales & Service,00010021101002,SOUTH SHORE GENERATOR INC-Quote, 2696A CRANBERRY HWY,,WAREHAM,MA ,02571,USA,,508-295-7336,"Sales,Service,Up To 600kW,Mobile/Diesel/Gas,"
11026,Industrial/Commercial Sales & Service,00010001701002,SOUTH SHORE GENERATOR INC, ,,EAST WAREHAM,MA ,02538,USA,,508-295-7336,"Financing,Sales,Service,Up To 600kW,Mobile/Diesel/Gas,"
11026,Industrial/Commercial Sales & Service,00111184131002,HUNTER & LOMISON, 1956 W FOURTH ST,,WILLIAMSPORT,PA ,17701,USA,www.hunterlomison.com,570-326-1764,"Sales,Service,Up To 600kW,Mobile/Diesel/Gas,Rental,"
11026,Industrial/Commercial Sales & Service,00010000881002,HUNTER & LOMISON INC., 1956 W. 4TH STREET,,WILLIAMSPORT,PA ,17701,USA,www.hunterlomison.com,570-326-1764,"Service,Up To 600kW,Mobile/Diesel/Gas,"
11026,Industrial/Commercial Sales & Service,00111207431002,WARSHAUER ELECTRIC SUPPLY CO INC, 800 SHREWSBURY AVE,,TINTON FALLS,NJ ,07724,USA,www.warshauer.com,732-741-6400,"Service,"
11026,Industrial/Commercial Sales & Service,00010157021002,Mechanical Service Co, 1145 Oak St.,,Pittston,PA ,18640,USA,,570-654-2445,"Service,"
11027,Industrial/Commercial Sales & Service,00010214161002,"R.L. Kistler, Inc", 300 Mile Crossing Blvd.,,Rochester,NY ,14624,USA,rlkistler.com,585-436-1940,"Sales,"
11027,Industrial/Commercial Sales & Service,00010214161002,"R.L. KISTLER, INC.", 35 HAMILTON LANE,,GLENMONT,NY ,12077,USA,,585-436-1940,"Sales,Service,"
11027,Industrial/Commercial Sales & Service,00010001611002,Huntington Power, 230 Long Hill Cross Rd,,Shelton,CT ,06484,USA,www.huntingtonpower.com,203-929-3203,"Sales,Service,Up To 2MW,Mobile/Diesel/Gas,Training,Rental,"
11027,Industrial/Commercial Sales & Service,00010214161002,"R.L. Kistler, Inc", 5615 Business Ave.,,N. Syracuse,NY ,13208,USA,,315-458-2875,"Sales,"
11027,Industrial/Commercial Sales & Service,00010214161002,"R.L. Kistler, Inc", 5615 Business Ave.,,N. Syracuse,NY ,13208,USA,,315-458-2875,"Sales,"
11027,Industrial/Commercial Sales & Service,00010001611002,Huntington Power, 68 Enter Ln,,Islandia,NY ,11749,USA,,631-563-4943,"Sales,Service,Up To 2MW,Mobile/Diesel/Gas,"
11027,Industrial/Commercial Sales & Service,00010001611002,Huntington Power, 34 E DUDLEY TOWN RD.,,BLOOMFIELD,CT ,06002,USA,,860-289-8790,"Sales,Service,Rental,"
11027,Industrial/Commercial Sales & Service,00010208021002,Modern Group Power Systems, 2501 Durham Road,,Bristol,PA ,19007,USA,www.moderngroup.com,800-404-7291,"Sales,Service,Up To 2MW,Mobile/Diesel/Gas,Training,Rental,"
11027,Industrial/Commercial Sales & Service,00010001731002,Authorized Services Of New England, 410 Forest Street,,Marlborough,MA ,01752,USA,www.asne.com,888-890-9886,"Financing,Sales,Service,Up To 2MW,Mobile/Diesel/Gas,Training,Rental,"
11027,Industrial/Commercial Sales & Service,00010008091002,MODERN HANDLING EQUIP, 75 NEW STREET,,EDISON,NJ ,08837,USA,www.moderngroup.com,800-779-5116,"Sales,Service,Up To 2MW,Mobile/Diesel/Gas,"
11027,Industrial/Commercial Sales & Service,00010208021002,Modern Group Power Systems, 200 Allied Parkway,,West Berlin,NJ ,08091,USA,,800-404-7291,"Sales,Service,Up To 2MW,Mobile/Diesel/Gas,"
11027,Industrial/Commercial Sales & Service,00010208021002,Modern Group Power Systems, 6352 Chapmans Rd,,Allentown,PA ,18106,USA,,800-404-7291,"Sales,Service,Up To 2MW,Mobile/Diesel/Gas,"
11027,Industrial/Commercial Sales & Service,00010208021002,Modern Group Power Systems, 295 New Commerce Blvd.,,Wilkes Barre,PA ,18706,USA,,800-404-7291,"Sales,Service,Up To 2MW,Mobile/Diesel/Gas,"
11027,Industrial/Commercial Sales & Service,00010000931002,"EMERGENCY POWER SYSTEMS, LLC", 35 HAMILTON LANE,,GLENMONT,NY ,12077,USA,,800-914-1465,"Service,Up To 2MW,Mobile/Diesel/Gas,"
11027,Industrial/Commercial Sales & Service,00010000931002,"EMERGENCY POWER SYSTEMS, LLC", 35 HAMILTON LANE,,GLENMONT,NY ,12077,USA,,800-914-1465,"Service,"
11027,Industrial/Commercial Sales & Service,00010208021002,Modern Group Power Systems, 66A South Gate Blvd.,,New Castle,DE ,19720,USA,,800-404-7291,"Sales,Service,Up To 2MW,Mobile/Diesel/Gas,"
11027,Industrial/Commercial Sales & Service,00010001731002,AUTHORIZED SERVICES OF NEW ENGLAND, 410 FOREST STREET,,MARLBOROUGH,MA ,01752,USA,,888-890-9886,"Sales,"
11027,Industrial/Commercial Sales & Service,00010208021002,Modern Group Power Systems, 3480 Board Road,,York,PA ,17402,USA,,800-404-7291,"Sales,Service,Up To 2MW,Mobile/Diesel/Gas,"
11027,Industrial/Commercial Sales & Service,00010001761002,"GENSERVE, INC.", 100 NEWTOWN RD,,PLAINVIEW,NY ,11803,USA,www.genserveinc.com,631-435-0437,"Service,"
11027,Industrial/Commercial Sales & Service,00111209521002,LONG ISLAND EMERGENCY POWER -QO, 2 Ocean Avenue,,DEER PARK,NY ,11729,USA,,631-586-7513,"Sales,"
11027,Industrial/Commercial Sales & Service,00010139211002,POWERPRO SERVICE CO. INC., 608 JOHNSON AVE. UNIT 6,,BOHEMIA,NY ,11716,USA,,631-567-2700,"Sales,Service,Up To 600kW,Mobile/Diesel/Gas,"
11027,Industrial/Commercial Sales & Service,00111209531002,HUNTINGTON POWER - LONG ISLAND, PO BOX 2040,,SHELTON,CT ,06484,USA,,631-586-7513,"Sales,"
11027,Industrial/Commercial Sales & Service,00010134071002,PEAK POWER SYSTEMS, 99 SPRAGUE AVENUE,,MIDDLETOWN,NY ,10940,USA,www.peakpowersystems.com,845-344-1975,"Sales,Service,Up To 600kW,Mobile/Diesel/Gas,Rental,"
11027,Industrial/Commercial Sales & Service,00010001761002,"GENSERVE, INC.", 115A TWINBRIDGE DR.,,PENNSAUKEN,NJ ,08110,USA,www.genserveinc.com,856-324-0459,"Service,"
11027,Industrial/Commercial Sales & Service,00010001621002,BROOKFIELD SERVICE, 708 GLEBE ROAD,,WESTMORELAND,NH ,03467,USA,www.brookfieldservice.com,802-485-6567,"Service,Up To 600kW,Mobile/Diesel/Gas,"
11027,Industrial/Commercial Sales & Service,00010021101002,SOUTH SHORE GENERATOR INC-Quote, 2696A CRANBERRY HWY,,WAREHAM,MA ,02571,USA,,508-295-7336,"Sales,Service,Up To 600kW,Mobile/Diesel/Gas,"
11027,Industrial/Commercial Sales & Service,00010001701002,SOUTH SHORE GENERATOR INC, ,,EAST WAREHAM,MA ,02538,USA,,508-295-7336,"Financing,Sales,Service,Up To 600kW,Mobile/Diesel/Gas,"
11027,Industrial/Commercial Sales & Service,00111184131002,HUNTER & LOMISON, 1956 W FOURTH ST,,WILLIAMSPORT,PA ,17701,USA,www.hunterlomison.com,570-326-1764,"Sales,Service,Up To 600kW,Mobile/Diesel/Gas,Rental,"
11027,Industrial/Commercial Sales & Service,00010000881002,HUNTER & LOMISON INC., 1956 W. 4TH STREET,,WILLIAMSPORT,PA ,17701,USA,www.hunterlomison.com,570-326-1764,"Service,Up To 600kW,Mobile/Diesel/Gas,"
11027,Industrial/Commercial Sales & Service,00111207431002,WARSHAUER ELECTRIC SUPPLY CO INC, 800 SHREWSBURY AVE,,TINTON FALLS,NJ ,07724,USA,www.warshauer.com,732-741-6400,"Service,"
11027,Industrial/Commercial Sales & Service,00010157021002,Mechanical Service Co, 1145 Oak St.,,Pittston,PA ,18640,USA,,570-654-2445,"Service,"
11030,Industrial/Commercial Sales & Service,00010214161002,"R.L. Kistler, Inc", 300 Mile Crossing Blvd.,,Rochester,NY ,14624,USA,rlkistler.com,585-436-1940,"Sales,"
11030,Industrial/Commercial Sales & Service,00010214161002,"R.L. KISTLER, INC.", 35 HAMILTON LANE,,GLENMONT,NY ,12077,USA,,585-436-1940,"Sales,Service,"
11030,Industrial/Commercial Sales & Service,00010001611002,Huntington Power, 230 Long Hill Cross Rd,,Shelton,CT ,06484,USA,www.huntingtonpower.com,203-929-3203,"Sales,Service,Up To 2MW,Mobile/Diesel/Gas,Training,Rental,"
11030,Industrial/Commercial Sales & Service,00010214161002,"R.L. Kistler, Inc", 5615 Business Ave.,,N. Syracuse,NY ,13208,USA,,315-458-2875,"Sales,"
11030,Industrial/Commercial Sales & Service,00010214161002,"R.L. Kistler, Inc", 5615 Business Ave.,,N. Syracuse,NY ,13208,USA,,315-458-2875,"Sales,"
11030,Industrial/Commercial Sales & Service,00010001611002,Huntington Power, 68 Enter Ln,,Islandia,NY ,11749,USA,,631-563-4943,"Sales,Service,Up To 2MW,Mobile/Diesel/Gas,"
11030,Industrial/Commercial Sales & Service,00010001611002,Huntington Power, 34 E DUDLEY TOWN RD.,,BLOOMFIELD,CT ,06002,USA,,860-289-8790,"Sales,Service,Rental,"
11030,Industrial/Commercial Sales & Service,00010208021002,Modern Group Power Systems, 2501 Durham Road,,Bristol,PA ,19007,USA,www.moderngroup.com,800-404-7291,"Sales,Service,Up To 2MW,Mobile/Diesel/Gas,Training,Rental,"
11030,Industrial/Commercial Sales & Service,00010001731002,Authorized Services Of New England, 410 Forest Street,,Marlborough,MA ,01752,USA,www.asne.com,888-890-9886,"Financing,Sales,Service,Up To 2MW,Mobile/Diesel/Gas,Training,Rental,"
11030,Industrial/Commercial Sales & Service,00010008091002,MODERN HANDLING EQUIP, 75 NEW STREET,,EDISON,NJ ,08837,USA,www.moderngroup.com,800-779-5116,"Sales,Service,Up To 2MW,Mobile/Diesel/Gas,"
11030,Industrial/Commercial Sales & Service,00010208021002,Modern Group Power Systems, 200 Allied Parkway,,West Berlin,NJ ,08091,USA,,800-404-7291,"Sales,Service,Up To 2MW,Mobile/Diesel/Gas,"
11030,Industrial/Commercial Sales & Service,00010208021002,Modern Group Power Systems, 6352 Chapmans Rd,,Allentown,PA ,18106,USA,,800-404-7291,"Sales,Service,Up To 2MW,Mobile/Diesel/Gas,"
11030,Industrial/Commercial Sales & Service,00010208021002,Modern Group Power Systems, 295 New Commerce Blvd.,,Wilkes Barre,PA ,18706,USA,,800-404-7291,"Sales,Service,Up To 2MW,Mobile/Diesel/Gas,"
11030,Industrial/Commercial Sales & Service,00010000931002,"EMERGENCY POWER SYSTEMS, LLC", 35 HAMILTON LANE,,GLENMONT,NY ,12077,USA,,800-914-1465,"Service,Up To 2MW,Mobile/Diesel/Gas,"
11030,Industrial/Commercial Sales & Service,00010000931002,"EMERGENCY POWER SYSTEMS, LLC", 35 HAMILTON LANE,,GLENMONT,NY ,12077,USA,,800-914-1465,"Service,"
11030,Industrial/Commercial Sales & Service,00010208021002,Modern Group Power Systems, 66A South Gate Blvd.,,New Castle,DE ,19720,USA,,800-404-7291,"Sales,Service,Up To 2MW,Mobile/Diesel/Gas,"
11030,Industrial/Commercial Sales & Service,00010001731002,AUTHORIZED SERVICES OF NEW ENGLAND, 410 FOREST STREET,,MARLBOROUGH,MA ,01752,USA,,888-890-9886,"Sales,"
11030,Industrial/Commercial Sales & Service,00010208021002,Modern Group Power Systems, 3480 Board Road,,York,PA ,17402,USA,,800-404-7291,"Sales,Service,Up To 2MW,Mobile/Diesel/Gas,"
11030,Industrial/Commercial Sales & Service,00010001761002,"GENSERVE, INC.", 100 NEWTOWN RD,,PLAINVIEW,NY ,11803,USA,www.genserveinc.com,631-435-0437,"Service,"
11030,Industrial/Commercial Sales & Service,00111209521002,LONG ISLAND EMERGENCY POWER -QO, 2 Ocean Avenue,,DEER PARK,NY ,11729,USA,,631-586-7513,"Sales,"
11030,Industrial/Commercial Sales & Service,00010139211002,POWERPRO SERVICE CO. INC., 608 JOHNSON AVE. UNIT 6,,BOHEMIA,NY ,11716,USA,,631-567-2700,"Sales,Service,Up To 600kW,Mobile/Diesel/Gas,"
11030,Industrial/Commercial Sales & Service,00111209531002,HUNTINGTON POWER - LONG ISLAND, PO BOX 2040,,SHELTON,CT ,06484,USA,,631-586-7513,"Sales,"
11030,Industrial/Commercial Sales & Service,00010134071002,PEAK POWER SYSTEMS, 99 SPRAGUE AVENUE,,MIDDLETOWN,NY ,10940,USA,www.peakpowersystems.com,845-344-1975,"Sales,Service,Up To 600kW,Mobile/Diesel/Gas,Rental,"
11030,Industrial/Commercial Sales & Service,00010001761002,"GENSERVE, INC.", 115A TWINBRIDGE DR.,,PENNSAUKEN,NJ ,08110,USA,www.genserveinc.com,856-324-0459,"Service,"
11030,Industrial/Commercial Sales & Service,00010001621002,BROOKFIELD SERVICE, 708 GLEBE ROAD,,WESTMORELAND,NH ,03467,USA,www.brookfieldservice.com,802-485-6567,"Service,Up To 600kW,Mobile/Diesel/Gas,"
11030,Industrial/Commercial Sales & Service,00010021101002,SOUTH SHORE GENERATOR INC-Quote, 2696A CRANBERRY HWY,,WAREHAM,MA ,02571,USA,,508-295-7336,"Sales,Service,Up To 600kW,Mobile/Diesel/Gas,"
11030,Industrial/Commercial Sales & Service,00010001701002,SOUTH SHORE GENERATOR INC, ,,EAST WAREHAM,MA ,02538,USA,,508-295-7336,"Financing,Sales,Service,Up To 600kW,Mobile/Diesel/Gas,"
11030,Industrial/Commercial Sales & Service,00111184131002,HUNTER & LOMISON, 1956 W FOURTH ST,,WILLIAMSPORT,PA ,17701,USA,www.hunterlomison.com,570-326-1764,"Sales,Service,Up To 600kW,Mobile/Diesel/Gas,Rental,"
11030,Industrial/Commercial Sales & Service,00010000881002,HUNTER & LOMISON INC., 1956 W. 4TH STREET,,WILLIAMSPORT,PA ,17701,USA,www.hunterlomison.com,570-326-1764,"Service,Up To 600kW,Mobile/Diesel/Gas,"
11030,Industrial/Commercial Sales & Service,00111207431002,WARSHAUER ELECTRIC SUPPLY CO INC, 800 SHREWSBURY AVE,,TINTON FALLS,NJ ,07724,USA,www.warshauer.com,732-741-6400,"Service,"
11030,Industrial/Commercial Sales & Service,00010157021002,Mechanical Service Co, 1145 Oak St.,,Pittston,PA ,18640,USA,,570-654-2445,"Service,"
11040,Industrial/Commercial Sales & Service,00010214161002,"R.L. Kistler, Inc", 300 Mile Crossing Blvd.,,Rochester,NY ,14624,USA,rlkistler.com,585-436-1940,"Sales,"
11040,Industrial/Commercial Sales & Service,00010214161002,"R.L. KISTLER, INC.", 35 HAMILTON LANE,,GLENMONT,NY ,12077,USA,,585-436-1940,"Sales,Service,"
11040,Industrial/Commercial Sales & Service,00010001611002,Huntington Power, 230 Long Hill Cross Rd,,Shelton,CT ,06484,USA,www.huntingtonpower.com,203-929-3203,"Sales,Service,Up To 2MW,Mobile/Diesel/Gas,Training,Rental,"
11040,Industrial/Commercial Sales & Service,00010214161002,"R.L. Kistler, Inc", 5615 Business Ave.,,N. Syracuse,NY ,13208,USA,,315-458-2875,"Sales,"
11040,Industrial/Commercial Sales & Service,00010214161002,"R.L. Kistler, Inc", 5615 Business Ave.,,N. Syracuse,NY ,13208,USA,,315-458-2875,"Sales,"
11040,Industrial/Commercial Sales & Service,00010001611002,Huntington Power, 68 Enter Ln,,Islandia,NY ,11749,USA,,631-563-4943,"Sales,Service,Up To 2MW,Mobile/Diesel/Gas,"
11040,Industrial/Commercial Sales & Service,00010001611002,Huntington Power, 34 E DUDLEY TOWN RD.,,BLOOMFIELD,CT ,06002,USA,,860-289-8790,"Sales,Service,Rental,"
11040,Industrial/Commercial Sales & Service,00010208021002,Modern Group Power Systems, 2501 Durham Road,,Bristol,PA ,19007,USA,www.moderngroup.com,800-404-7291,"Sales,Service,Up To 2MW,Mobile/Diesel/Gas,Training,Rental,"
11040,Industrial/Commercial Sales & Service,00010001731002,Authorized Services Of New England, 410 Forest Street,,Marlborough,MA ,01752,USA,www.asne.com,888-890-9886,"Financing,Sales,Service,Up To 2MW,Mobile/Diesel/Gas,Training,Rental,"
11040,Industrial/Commercial Sales & Service,00010008091002,MODERN HANDLING EQUIP, 75 NEW STREET,,EDISON,NJ ,08837,USA,www.moderngroup.com,800-779-5116,"Sales,Service,Up To 2MW,Mobile/Diesel/Gas,"
11040,Industrial/Commercial Sales & Service,00010208021002,Modern Group Power Systems, 200 Allied Parkway,,West Berlin,NJ ,08091,USA,,800-404-7291,"Sales,Service,Up To 2MW,Mobile/Diesel/Gas,"
11040,Industrial/Commercial Sales & Service,00010208021002,Modern Group Power Systems, 6352 Chapmans Rd,,Allentown,PA ,18106,USA,,800-404-7291,"Sales,Service,Up To 2MW,Mobile/Diesel/Gas,"
11040,Industrial/Commercial Sales & Service,00010208021002,Modern Group Power Systems, 295 New Commerce Blvd.,,Wilkes Barre,PA ,18706,USA,,800-404-7291,"Sales,Service,Up To 2MW,Mobile/Diesel/Gas,"
11040,Industrial/Commercial Sales & Service,00010208021002,Modern Group Power Systems, 66A South Gate Blvd.,,New Castle,DE ,19720,USA,,800-404-7291,"Sales,Service,Up To 2MW,Mobile/Diesel/Gas,"
11040,Industrial/Commercial Sales & Service,00010000931002,"EMERGENCY POWER SYSTEMS, LLC", 35 HAMILTON LANE,,GLENMONT,NY ,12077,USA,,800-914-1465,"Service,Up To 2MW,Mobile/Diesel/Gas,"
11040,Industrial/Commercial Sales & Service,00010000931002,"EMERGENCY POWER SYSTEMS, LLC", 35 HAMILTON LANE,,GLENMONT,NY ,12077,USA,,800-914-1465,"Service,"
11040,Industrial/Commercial Sales & Service,00010001731002,AUTHORIZED SERVICES OF NEW ENGLAND, 410 FOREST STREET,,MARLBOROUGH,MA ,01752,USA,,888-890-9886,"Sales,"
11040,Industrial/Commercial Sales & Service,00010208021002,Modern Group Power Systems, 3480 Board Road,,York,PA ,17402,USA,,800-404-7291,"Sales,Service,Up To 2MW,Mobile/Diesel/Gas,"
11040,Industrial/Commercial Sales & Service,00010001761002,"GENSERVE, INC.", 100 NEWTOWN RD,,PLAINVIEW,NY ,11803,USA,www.genserveinc.com,631-435-0437,"Service,"
11040,Industrial/Commercial Sales & Service,00111209521002,LONG ISLAND EMERGENCY POWER -QO, 2 Ocean Avenue,,DEER PARK,NY ,11729,USA,,631-586-7513,"Sales,"
11040,Industrial/Commercial Sales & Service,00010139211002,POWERPRO SERVICE CO. INC., 608 JOHNSON AVE. UNIT 6,,BOHEMIA,NY ,11716,USA,,631-567-2700,"Sales,Service,Up To 600kW,Mobile/Diesel/Gas,"
11040,Industrial/Commercial Sales & Service,00111209531002,HUNTINGTON POWER - LONG ISLAND, PO BOX 2040,,SHELTON,CT ,06484,USA,,631-586-7513,"Sales,"
11040,Industrial/Commercial Sales & Service,00010134071002,PEAK POWER SYSTEMS, 99 SPRAGUE AVENUE,,MIDDLETOWN,NY ,10940,USA,www.peakpowersystems.com,845-344-1975,"Sales,Service,Up To 600kW,Mobile/Diesel/Gas,Rental,"
11040,Industrial/Commercial Sales & Service,00010001761002,"GENSERVE, INC.", 115A TWINBRIDGE DR.,,PENNSAUKEN,NJ ,08110,USA,www.genserveinc.com,856-324-0459,"Service,"
11040,Industrial/Commercial Sales & Service,00010001621002,BROOKFIELD SERVICE, 708 GLEBE ROAD,,WESTMORELAND,NH ,03467,USA,www.brookfieldservice.com,802-485-6567,"Service,Up To 600kW,Mobile/Diesel/Gas,"
11040,Industrial/Commercial Sales & Service,00010021101002,SOUTH SHORE GENERATOR INC-Quote, 2696A CRANBERRY HWY,,WAREHAM,MA ,02571,USA,,508-295-7336,"Sales,Service,Up To 600kW,Mobile/Diesel/Gas,"
11040,Industrial/Commercial Sales & Service,00010001701002,SOUTH SHORE GENERATOR INC, ,,EAST WAREHAM,MA ,02538,USA,,508-295-7336,"Financing,Sales,Service,Up To 600kW,Mobile/Diesel/Gas,"
11040,Industrial/Commercial Sales & Service,00111184131002,HUNTER & LOMISON, 1956 W FOURTH ST,,WILLIAMSPORT,PA ,17701,USA,www.hunterlomison.com,570-326-1764,"Sales,Service,Up To 600kW,Mobile/Diesel/Gas,Rental,"
11040,Industrial/Commercial Sales & Service,00010000881002,HUNTER & LOMISON INC., 1956 W. 4TH STREET,,WILLIAMSPORT,PA ,17701,USA,www.hunterlomison.com,570-326-1764,"Service,Up To 600kW,Mobile/Diesel/Gas,"
11040,Industrial/Commercial Sales & Service,00111207431002,WARSHAUER ELECTRIC SUPPLY CO INC, 800 SHREWSBURY AVE,,TINTON FALLS,NJ ,07724,USA,www.warshauer.com,732-741-6400,"Service,"
11040,Industrial/Commercial Sales & Service,00010157021002,Mechanical Service Co, 1145 Oak St.,,Pittston,PA ,18640,USA,,570-654-2445,"Service,"
11042,Industrial/Commercial Sales & Service,00010214161002,"R.L. Kistler, Inc", 300 Mile Crossing Blvd.,,Rochester,NY ,14624,USA,rlkistler.com,585-436-1940,"Sales,"
11042,Industrial/Commercial Sales & Service,00010001611002,Huntington Power, 230 Long Hill Cross Rd,,Shelton,CT ,06484,USA,www.huntingtonpower.com,203-929-3203,"Sales,Service,Up To 2MW,Mobile/Diesel/Gas,Training,Rental,"
11042,Industrial/Commercial Sales & Service,00010214161002,"R.L. KISTLER, INC.", 35 HAMILTON LANE,,GLENMONT,NY ,12077,USA,,585-436-1940,"Sales,Service,"
11042,Industrial/Commercial Sales & Service,00010214161002,"R.L. Kistler, Inc", 5615 Business Ave.,,N. Syracuse,NY ,13208,USA,,315-458-2875,"Sales,"
11042,Industrial/Commercial Sales & Service,00010001611002,Huntington Power, 68 Enter Ln,,Islandia,NY ,11749,USA,,631-563-4943,"Sales,Service,Up To 2MW,Mobile/Diesel/Gas,"
11042,Industrial/Commercial Sales & Service,00010001611002,Huntington Power, 34 E DUDLEY TOWN RD.,,BLOOMFIELD,CT ,06002,USA,,860-289-8790,"Sales,Service,Rental,"
11042,Industrial/Commercial Sales & Service,00010214161002,"R.L. Kistler, Inc", 5615 Business Ave.,,N. Syracuse,NY ,13208,USA,,315-458-2875,"Sales,"
11042,Industrial/Commercial Sales & Service,00010208021002,Modern Group Power Systems, 2501 Durham Road,,Bristol,PA ,19007,USA,www.moderngroup.com,800-404-7291,"Sales,Service,Up To 2MW,Mobile/Diesel/Gas,Training,Rental,"
11042,Industrial/Commercial Sales & Service,00010001731002,Authorized Services Of New England, 410 Forest Street,,Marlborough,MA ,01752,USA,www.asne.com,888-890-9886,"Financing,Sales,Service,Up To 2MW,Mobile/Diesel/Gas,Training,Rental,"
11042,Industrial/Commercial Sales & Service,00010008091002,MODERN HANDLING EQUIP, 75 NEW STREET,,EDISON,NJ ,08837,USA,www.moderngroup.com,800-779-5116,"Sales,Service,Up To 2MW,Mobile/Diesel/Gas,"
11042,Industrial/Commercial Sales & Service,00010208021002,Modern Group Power Systems, 200 Allied Parkway,,West Berlin,NJ ,08091,USA,,800-404-7291,"Sales,Service,Up To 2MW,Mobile/Diesel/Gas,"
11042,Industrial/Commercial Sales & Service,00010208021002,Modern Group Power Systems, 6352 Chapmans Rd,,Allentown,PA ,18106,USA,,800-404-7291,"Sales,Service,Up To 2MW,Mobile/Diesel/Gas,"
11042,Industrial/Commercial Sales & Service,00010208021002,Modern Group Power Systems, 295 New Commerce Blvd.,,Wilkes Barre,PA ,18706,USA,,800-404-7291,"Sales,Service,Up To 2MW,Mobile/Diesel/Gas,"
11042,Industrial/Commercial Sales & Service,00010000931002,"EMERGENCY POWER SYSTEMS, LLC", 35 HAMILTON LANE,,GLENMONT,NY ,12077,USA,,800-914-1465,"Service,Up To 2MW,Mobile/Diesel/Gas,"
11042,Industrial/Commercial Sales & Service,00010000931002,"EMERGENCY POWER SYSTEMS, LLC", 35 HAMILTON LANE,,GLENMONT,NY ,12077,USA,,800-914-1465,"Service,"
11042,Industrial/Commercial Sales & Service,00010208021002,Modern Group Power Systems, 66A South Gate Blvd.,,New Castle,DE ,19720,USA,,800-404-7291,"Sales,Service,Up To 2MW,Mobile/Diesel/Gas,"
11042,Industrial/Commercial Sales & Service,00010001731002,AUTHORIZED SERVICES OF NEW ENGLAND, 410 FOREST STREET,,MARLBOROUGH,MA ,01752,USA,,888-890-9886,"Sales,"
11042,Industrial/Commercial Sales & Service,00010208021002,Modern Group Power Systems, 3480 Board Road,,York,PA ,17402,USA,,800-404-7291,"Sales,Service,Up To 2MW,Mobile/Diesel/Gas,"
11042,Industrial/Commercial Sales & Service,00010001761002,"GENSERVE, INC.", 100 NEWTOWN RD,,PLAINVIEW,NY ,11803,USA,www.genserveinc.com,631-435-0437,"Service,"
11042,Industrial/Commercial Sales & Service,00111209521002,LONG ISLAND EMERGENCY POWER -QO, 2 Ocean Avenue,,DEER PARK,NY ,11729,USA,,631-586-7513,"Sales,"
11042,Industrial/Commercial Sales & Service,00010139211002,POWERPRO SERVICE CO. INC., 608 JOHNSON AVE. UNIT 6,,BOHEMIA,NY ,11716,USA,,631-567-2700,"Sales,Service,Up To 600kW,Mobile/Diesel/Gas,"
11042,Industrial/Commercial Sales & Service,00111209531002,HUNTINGTON POWER - LONG ISLAND, PO BOX 2040,,SHELTON,CT ,06484,USA,,631-586-7513,"Sales,"
11042,Industrial/Commercial Sales & Service,00010134071002,PEAK POWER SYSTEMS, 99 SPRAGUE AVENUE,,MIDDLETOWN,NY ,10940,USA,www.peakpowersystems.com,845-344-1975,"Sales,Service,Up To 600kW,Mobile/Diesel/Gas,Rental,"
11042,Industrial/Commercial Sales & Service,00010001761002,"GENSERVE, INC.", 115A TWINBRIDGE DR.,,PENNSAUKEN,NJ ,08110,USA,www.genserveinc.com,856-324-0459,"Service,"
11042,Industrial/Commercial Sales & Service,00010001621002,BROOKFIELD SERVICE, 708 GLEBE ROAD,,WESTMORELAND,NH ,03467,USA,www.brookfieldservice.com,802-485-6567,"Service,Up To 600kW,Mobile/Diesel/Gas,"
11042,Industrial/Commercial Sales & Service,00010021101002,SOUTH SHORE GENERATOR INC-Quote, 2696A CRANBERRY HWY,,WAREHAM,MA ,02571,USA,,508-295-7336,"Sales,Service,Up To 600kW,Mobile/Diesel/Gas,"
11042,Industrial/Commercial Sales & Service,00010001701002,SOUTH SHORE GENERATOR INC, ,,EAST WAREHAM,MA ,02538,USA,,508-295-7336,"Financing,Sales,Service,Up To 600kW,Mobile/Diesel/Gas,"
11042,Industrial/Commercial Sales & Service,00111184131002,HUNTER & LOMISON, 1956 W FOURTH ST,,WILLIAMSPORT,PA ,17701,USA,www.hunterlomison.com,570-326-1764,"Sales,Service,Up To 600kW,Mobile/Diesel/Gas,Rental,"
11042,Industrial/Commercial Sales & Service,00010000881002,HUNTER & LOMISON INC., 1956 W. 4TH STREET,,WILLIAMSPORT,PA ,17701,USA,www.hunterlomison.com,570-326-1764,"Service,Up To 600kW,Mobile/Diesel/Gas,"
11042,Industrial/Commercial Sales & Service,00111207431002,WARSHAUER ELECTRIC SUPPLY CO INC, 800 SHREWSBURY AVE,,TINTON FALLS,NJ ,07724,USA,www.warshauer.com,732-741-6400,"Service,"
11042,Industrial/Commercial Sales & Service,00010157021002,Mechanical Service Co, 1145 Oak St.,,Pittston,PA ,18640,USA,,570-654-2445,"Service,"
11050,Industrial/Commercial Sales & Service,00010001611002,Huntington Power, 230 Long Hill Cross Rd,,Shelton,CT ,06484,USA,www.huntingtonpower.com,203-929-3203,"Sales,Service,Up To 2MW,Mobile/Diesel/Gas,Training,Rental,"
11050,Industrial/Commercial Sales & Service,00010214161002,"R.L. Kistler, Inc", 300 Mile Crossing Blvd.,,Rochester,NY ,14624,USA,rlkistler.com,585-436-1940,"Sales,"
11050,Industrial/Commercial Sales & Service,00010214161002,"R.L. KISTLER, INC.", 35 HAMILTON LANE,,GLENMONT,NY ,12077,USA,,585-436-1940,"Sales,Service,"
11050,Industrial/Commercial Sales & Service,00010001611002,Huntington Power, 68 Enter Ln,,Islandia,NY ,11749,USA,,631-563-4943,"Sales,Service,Up To 2MW,Mobile/Diesel/Gas,"
11050,Industrial/Commercial Sales & Service,00010001611002,Huntington Power, 34 E DUDLEY TOWN RD.,,BLOOMFIELD,CT ,06002,USA,,860-289-8790,"Sales,Service,Rental,"
11050,Industrial/Commercial Sales & Service,00010214161002,"R.L. Kistler, Inc", 5615 Business Ave.,,N. Syracuse,NY ,13208,USA,,315-458-2875,"Sales,"
11050,Industrial/Commercial Sales & Service,00010214161002,"R.L. Kistler, Inc", 5615 Business Ave.,,N. Syracuse,NY ,13208,USA,,315-458-2875,"Sales,"
11050,Industrial/Commercial Sales & Service,00010208021002,Modern Group Power Systems, 2501 Durham Road,,Bristol,PA ,19007,USA,www.moderngroup.com,800-404-7291,"Sales,Service,Up To 2MW,Mobile/Diesel/Gas,Training,Rental,"
11050,Industrial/Commercial Sales & Service,00010001731002,Authorized Services Of New England, 410 Forest Street,,Marlborough,MA ,01752,USA,www.asne.com,888-890-9886,"Financing,Sales,Service,Up To 2MW,Mobile/Diesel/Gas,Training,Rental,"
11050,Industrial/Commercial Sales & Service,00010008091002,MODERN HANDLING EQUIP, 75 NEW STREET,,EDISON,NJ ,08837,USA,www.moderngroup.com,800-779-5116,"Sales,Service,Up To 2MW,Mobile/Diesel/Gas,"
11050,Industrial/Commercial Sales & Service,00010208021002,Modern Group Power Systems, 200 Allied Parkway,,West Berlin,NJ ,08091,USA,,800-404-7291,"Sales,Service,Up To 2MW,Mobile/Diesel/Gas,"
11050,Industrial/Commercial Sales & Service,00010208021002,Modern Group Power Systems, 6352 Chapmans Rd,,Allentown,PA ,18106,USA,,800-404-7291,"Sales,Service,Up To 2MW,Mobile/Diesel/Gas,"
11050,Industrial/Commercial Sales & Service,00010208021002,Modern Group Power Systems, 295 New Commerce Blvd.,,Wilkes Barre,PA ,18706,USA,,800-404-7291,"Sales,Service,Up To 2MW,Mobile/Diesel/Gas,"
11050,Industrial/Commercial Sales & Service,00010000931002,"EMERGENCY POWER SYSTEMS, LLC", 35 HAMILTON LANE,,GLENMONT,NY ,12077,USA,,800-914-1465,"Service,Up To 2MW,Mobile/Diesel/Gas,"
11050,Industrial/Commercial Sales & Service,00010000931002,"EMERGENCY POWER SYSTEMS, LLC", 35 HAMILTON LANE,,GLENMONT,NY ,12077,USA,,800-914-1465,"Service,"
11050,Industrial/Commercial Sales & Service,00010208021002,Modern Group Power Systems, 66A South Gate Blvd.,,New Castle,DE ,19720,USA,,800-404-7291,"Sales,Service,Up To 2MW,Mobile/Diesel/Gas,"
11050,Industrial/Commercial Sales & Service,00010001731002,AUTHORIZED SERVICES OF NEW ENGLAND, 410 FOREST STREET,,MARLBOROUGH,MA ,01752,USA,,888-890-9886,"Sales,"
11050,Industrial/Commercial Sales & Service,00010208021002,Modern Group Power Systems, 3480 Board Road,,York,PA ,17402,USA,,800-404-7291,"Sales,Service,Up To 2MW,Mobile/Diesel/Gas,"
11050,Industrial/Commercial Sales & Service,00010001761002,"GENSERVE, INC.", 100 NEWTOWN RD,,PLAINVIEW,NY ,11803,USA,www.genserveinc.com,631-435-0437,"Service,"
11050,Industrial/Commercial Sales & Service,00111209521002,LONG ISLAND EMERGENCY POWER -QO, 2 Ocean Avenue,,DEER PARK,NY ,11729,USA,,631-586-7513,"Sales,"
11050,Industrial/Commercial Sales & Service,00010139211002,POWERPRO SERVICE CO. INC., 608 JOHNSON AVE. UNIT 6,,BOHEMIA,NY ,11716,USA,,631-567-2700,"Sales,Service,Up To 600kW,Mobile/Diesel/Gas,"
11050,Industrial/Commercial Sales & Service,00111209531002,HUNTINGTON POWER - LONG ISLAND, PO BOX 2040,,SHELTON,CT ,06484,USA,,631-586-7513,"Sales,"
11050,Industrial/Commercial Sales & Service,00010134071002,PEAK POWER SYSTEMS, 99 SPRAGUE AVENUE,,MIDDLETOWN,NY ,10940,USA,www.peakpowersystems.com,845-344-1975,"Sales,Service,Up To 600kW,Mobile/Diesel/Gas,Rental,"
11050,Industrial/Commercial Sales & Service,00010001761002,"GENSERVE, INC.", 115A TWINBRIDGE DR.,,PENNSAUKEN,NJ ,08110,USA,www.genserveinc.com,856-324-0459,"Service,"
11050,Industrial/Commercial Sales & Service,00010001621002,BROOKFIELD SERVICE, 708 GLEBE ROAD,,WESTMORELAND,NH ,03467,USA,www.brookfieldservice.com,802-485-6567,"Service,Up To 600kW,Mobile/Diesel/Gas,"
11050,Industrial/Commercial Sales & Service,00010021101002,SOUTH SHORE GENERATOR INC-Quote, 2696A CRANBERRY HWY,,WAREHAM,MA ,02571,USA,,508-295-7336,"Sales,Service,Up To 600kW,Mobile/Diesel/Gas,"
11050,Industrial/Commercial Sales & Service,00010001701002,SOUTH SHORE GENERATOR INC, ,,EAST WAREHAM,MA ,02538,USA,,508-295-7336,"Financing,Sales,Service,Up To 600kW,Mobile/Diesel/Gas,"
11050,Industrial/Commercial Sales & Service,00111184131002,HUNTER & LOMISON, 1956 W FOURTH ST,,WILLIAMSPORT,PA ,17701,USA,www.hunterlomison.com,570-326-1764,"Sales,Service,Up To 600kW,Mobile/Diesel/Gas,Rental,"
11050,Industrial/Commercial Sales & Service,00010000881002,HUNTER & LOMISON INC., 1956 W. 4TH STREET,,WILLIAMSPORT,PA ,17701,USA,www.hunterlomison.com,570-326-1764,"Service,Up To 600kW,Mobile/Diesel/Gas,"
11050,Industrial/Commercial Sales & Service,00111207431002,WARSHAUER ELECTRIC SUPPLY CO INC, 800 SHREWSBURY AVE,,TINTON FALLS,NJ ,07724,USA,www.warshauer.com,732-741-6400,"Service,"
11050,Industrial/Commercial Sales & Service,00010157021002,Mechanical Service Co, 1145 Oak St.,,Pittston,PA ,18640,USA,,570-654-2445,"Service,"
11051,Industrial/Commercial Sales & Service,00010001611002,Huntington Power, 230 Long Hill Cross Rd,,Shelton,CT ,06484,USA,www.huntingtonpower.com,203-929-3203,"Sales,Service,Up To 2MW,Mobile/Diesel/Gas,Training,Rental,"
11051,Industrial/Commercial Sales & Service,00010214161002,"R.L. KISTLER, INC.", 35 HAMILTON LANE,,GLENMONT,NY ,12077,USA,,585-436-1940,"Sales,Service,"
11051,Industrial/Commercial Sales & Service,00010214161002,"R.L. Kistler, Inc", 300 Mile Crossing Blvd.,,Rochester,NY ,14624,USA,rlkistler.com,585-436-1940,"Sales,"
11051,Industrial/Commercial Sales & Service,00010001611002,Huntington Power, 68 Enter Ln,,Islandia,NY ,11749,USA,,631-563-4943,"Sales,Service,Up To 2MW,Mobile/Diesel/Gas,"
11051,Industrial/Commercial Sales & Service,00010001611002,Huntington Power, 34 E DUDLEY TOWN RD.,,BLOOMFIELD,CT ,06002,USA,,860-289-8790,"Sales,Service,Rental,"
11051,Industrial/Commercial Sales & Service,00010214161002,"R.L. Kistler, Inc", 5615 Business Ave.,,N. Syracuse,NY ,13208,USA,,315-458-2875,"Sales,"
11051,Industrial/Commercial Sales & Service,00010214161002,"R.L. Kistler, Inc", 5615 Business Ave.,,N. Syracuse,NY ,13208,USA,,315-458-2875,"Sales,"
11051,Industrial/Commercial Sales & Service,00010208021002,Modern Group Power Systems, 2501 Durham Road,,Bristol,PA ,19007,USA,www.moderngroup.com,800-404-7291,"Sales,Service,Up To 2MW,Mobile/Diesel/Gas,Training,Rental,"
11051,Industrial/Commercial Sales & Service,00010001731002,Authorized Services Of New England, 410 Forest Street,,Marlborough,MA ,01752,USA,www.asne.com,888-890-9886,"Financing,Sales,Service,Up To 2MW,Mobile/Diesel/Gas,Training,Rental,"
11051,Industrial/Commercial Sales & Service,00010008091002,MODERN HANDLING EQUIP, 75 NEW STREET,,EDISON,NJ ,08837,USA,www.moderngroup.com,800-779-5116,"Sales,Service,Up To 2MW,Mobile/Diesel/Gas,"
11051,Industrial/Commercial Sales & Service,00010208021002,Modern Group Power Systems, 200 Allied Parkway,,West Berlin,NJ ,08091,USA,,800-404-7291,"Sales,Service,Up To 2MW,Mobile/Diesel/Gas,"
11051,Industrial/Commercial Sales & Service,00010208021002,Modern Group Power Systems, 6352 Chapmans Rd,,Allentown,PA ,18106,USA,,800-404-7291,"Sales,Service,Up To 2MW,Mobile/Diesel/Gas,"
11051,Industrial/Commercial Sales & Service,00010208021002,Modern Group Power Systems, 295 New Commerce Blvd.,,Wilkes Barre,PA ,18706,USA,,800-404-7291,"Sales,Service,Up To 2MW,Mobile/Diesel/Gas,"
11051,Industrial/Commercial Sales & Service,00010000931002,"EMERGENCY POWER SYSTEMS, LLC", 35 HAMILTON LANE,,GLENMONT,NY ,12077,USA,,800-914-1465,"Service,Up To 2MW,Mobile/Diesel/Gas,"
11051,Industrial/Commercial Sales & Service,00010000931002,"EMERGENCY POWER SYSTEMS, LLC", 35 HAMILTON LANE,,GLENMONT,NY ,12077,USA,,800-914-1465,"Service,"
11051,Industrial/Commercial Sales & Service,00010208021002,Modern Group Power Systems, 66A South Gate Blvd.,,New Castle,DE ,19720,USA,,800-404-7291,"Sales,Service,Up To 2MW,Mobile/Diesel/Gas,"
11051,Industrial/Commercial Sales & Service,00010001731002,AUTHORIZED SERVICES OF NEW ENGLAND, 410 FOREST STREET,,MARLBOROUGH,MA ,01752,USA,,888-890-9886,"Sales,"
11051,Industrial/Commercial Sales & Service,00010208021002,Modern Group Power Systems, 3480 Board Road,,York,PA ,17402,USA,,800-404-7291,"Sales,Service,Up To 2MW,Mobile/Diesel/Gas,"
11051,Industrial/Commercial Sales & Service,00010001761002,"GENSERVE, INC.", 100 NEWTOWN RD,,PLAINVIEW,NY ,11803,USA,www.genserveinc.com,631-435-0437,"Service,"
11051,Industrial/Commercial Sales & Service,00111209521002,LONG ISLAND EMERGENCY POWER -QO, 2 Ocean Avenue,,DEER PARK,NY ,11729,USA,,631-586-7513,"Sales,"
11051,Industrial/Commercial Sales & Service,00010139211002,POWERPRO SERVICE CO. INC., 608 JOHNSON AVE. UNIT 6,,BOHEMIA,NY ,11716,USA,,631-567-2700,"Sales,Service,Up To 600kW,Mobile/Diesel/Gas,"
11051,Industrial/Commercial Sales & Service,00111209531002,HUNTINGTON POWER - LONG ISLAND, PO BOX 2040,,SHELTON,CT ,06484,USA,,631-586-7513,"Sales,"
11051,Industrial/Commercial Sales & Service,00010134071002,PEAK POWER SYSTEMS, 99 SPRAGUE AVENUE,,MIDDLETOWN,NY ,10940,USA,www.peakpowersystems.com,845-344-1975,"Sales,Service,Up To 600kW,Mobile/Diesel/Gas,Rental,"
11051,Industrial/Commercial Sales & Service,00010001761002,"GENSERVE, INC.", 115A TWINBRIDGE DR.,,PENNSAUKEN,NJ ,08110,USA,www.genserveinc.com,856-324-0459,"Service,"
11051,Industrial/Commercial Sales & Service,00010001621002,BROOKFIELD SERVICE, 708 GLEBE ROAD,,WESTMORELAND,NH ,03467,USA,www.brookfieldservice.com,802-485-6567,"Service,Up To 600kW,Mobile/Diesel/Gas,"
11051,Industrial/Commercial Sales & Service,00010021101002,SOUTH SHORE GENERATOR INC-Quote, 2696A CRANBERRY HWY,,WAREHAM,MA ,02571,USA,,508-295-7336,"Sales,Service,Up To 600kW,Mobile/Diesel/Gas,"
11051,Industrial/Commercial Sales & Service,00010001701002,SOUTH SHORE GENERATOR INC, ,,EAST WAREHAM,MA ,02538,USA,,508-295-7336,"Financing,Sales,Service,Up To 600kW,Mobile/Diesel/Gas,"
11051,Industrial/Commercial Sales & Service,00111184131002,HUNTER & LOMISON, 1956 W FOURTH ST,,WILLIAMSPORT,PA ,17701,USA,www.hunterlomison.com,570-326-1764,"Sales,Service,Up To 600kW,Mobile/Diesel/Gas,Rental,"
11051,Industrial/Commercial Sales & Service,00010000881002,HUNTER & LOMISON INC., 1956 W. 4TH STREET,,WILLIAMSPORT,PA ,17701,USA,www.hunterlomison.com,570-326-1764,"Service,Up To 600kW,Mobile/Diesel/Gas,"
11051,Industrial/Commercial Sales & Service,00111207431002,WARSHAUER ELECTRIC SUPPLY CO INC, 800 SHREWSBURY AVE,,TINTON FALLS,NJ ,07724,USA,www.warshauer.com,732-741-6400,"Service,"
11051,Industrial/Commercial Sales & Service,00010157021002,Mechanical Service Co, 1145 Oak St.,,Pittston,PA ,18640,USA,,570-654-2445,"Service,"
11052,Industrial/Commercial Sales & Service,00010214161002,"R.L. Kistler, Inc", 300 Mile Crossing Blvd.,,Rochester,NY ,14624,USA,rlkistler.com,585-436-1940,"Sales,"
11052,Industrial/Commercial Sales & Service,00010001611002,Huntington Power, 230 Long Hill Cross Rd,,Shelton,CT ,06484,USA,www.huntingtonpower.com,203-929-3203,"Sales,Service,Up To 2MW,Mobile/Diesel/Gas,Training,Rental,"
11052,Industrial/Commercial Sales & Service,00010214161002,"R.L. KISTLER, INC.", 35 HAMILTON LANE,,GLENMONT,NY ,12077,USA,,585-436-1940,"Sales,Service,"
11052,Industrial/Commercial Sales & Service,00010214161002,"R.L. Kistler, Inc", 5615 Business Ave.,,N. Syracuse,NY ,13208,USA,,315-458-2875,"Sales,"
11052,Industrial/Commercial Sales & Service,00010001611002,Huntington Power, 68 Enter Ln,,Islandia,NY ,11749,USA,,631-563-4943,"Sales,Service,Up To 2MW,Mobile/Diesel/Gas,"
11052,Industrial/Commercial Sales & Service,00010001611002,Huntington Power, 34 E DUDLEY TOWN RD.,,BLOOMFIELD,CT ,06002,USA,,860-289-8790,"Sales,Service,Rental,"
11052,Industrial/Commercial Sales & Service,00010214161002,"R.L. Kistler, Inc", 5615 Business Ave.,,N. Syracuse,NY ,13208,USA,,315-458-2875,"Sales,"
11052,Industrial/Commercial Sales & Service,00010208021002,Modern Group Power Systems, 2501 Durham Road,,Bristol,PA ,19007,USA,www.moderngroup.com,800-404-7291,"Sales,Service,Up To 2MW,Mobile/Diesel/Gas,Training,Rental,"
11052,Industrial/Commercial Sales & Service,00010001731002,Authorized Services Of New England, 410 Forest Street,,Marlborough,MA ,01752,USA,www.asne.com,888-890-9886,"Financing,Sales,Service,Up To 2MW,Mobile/Diesel/Gas,Training,Rental,"
11052,Industrial/Commercial Sales & Service,00010008091002,MODERN HANDLING EQUIP, 75 NEW STREET,,EDISON,NJ ,08837,USA,www.moderngroup.com,800-779-5116,"Sales,Service,Up To 2MW,Mobile/Diesel/Gas,"
11052,Industrial/Commercial Sales & Service,00010208021002,Modern Group Power Systems, 200 Allied Parkway,,West Berlin,NJ ,08091,USA,,800-404-7291,"Sales,Service,Up To 2MW,Mobile/Diesel/Gas,"
11052,Industrial/Commercial Sales & Service,00010208021002,Modern Group Power Systems, 6352 Chapmans Rd,,Allentown,PA ,18106,USA,,800-404-7291,"Sales,Service,Up To 2MW,Mobile/Diesel/Gas,"
11052,Industrial/Commercial Sales & Service,00010208021002,Modern Group Power Systems, 295 New Commerce Blvd.,,Wilkes Barre,PA ,18706,USA,,800-404-7291,"Sales,Service,Up To 2MW,Mobile/Diesel/Gas,"
11052,Industrial/Commercial Sales & Service,00010000931002,"EMERGENCY POWER SYSTEMS, LLC", 35 HAMILTON LANE,,GLENMONT,NY ,12077,USA,,800-914-1465,"Service,Up To 2MW,Mobile/Diesel/Gas,"
11052,Industrial/Commercial Sales & Service,00010000931002,"EMERGENCY POWER SYSTEMS, LLC", 35 HAMILTON LANE,,GLENMONT,NY ,12077,USA,,800-914-1465,"Service,"
11052,Industrial/Commercial Sales & Service,00010208021002,Modern Group Power Systems, 66A South Gate Blvd.,,New Castle,DE ,19720,USA,,800-404-7291,"Sales,Service,Up To 2MW,Mobile/Diesel/Gas,"
11052,Industrial/Commercial Sales & Service,00010001731002,AUTHORIZED SERVICES OF NEW ENGLAND, 410 FOREST STREET,,MARLBOROUGH,MA ,01752,USA,,888-890-9886,"Sales,"
11052,Industrial/Commercial Sales & Service,00010208021002,Modern Group Power Systems, 3480 Board Road,,York,PA ,17402,USA,,800-404-7291,"Sales,Service,Up To 2MW,Mobile/Diesel/Gas,"
11052,Industrial/Commercial Sales & Service,00010001761002,"GENSERVE, INC.", 100 NEWTOWN RD,,PLAINVIEW,NY ,11803,USA,www.genserveinc.com,631-435-0437,"Service,"
11052,Industrial/Commercial Sales & Service,00111209521002,LONG ISLAND EMERGENCY POWER -QO, 2 Ocean Avenue,,DEER PARK,NY ,11729,USA,,631-586-7513,"Sales,"
11052,Industrial/Commercial Sales & Service,00010139211002,POWERPRO SERVICE CO. INC., 608 JOHNSON AVE. UNIT 6,,BOHEMIA,NY ,11716,USA,,631-567-2700,"Sales,Service,Up To 600kW,Mobile/Diesel/Gas,"
11052,Industrial/Commercial Sales & Service,00111209531002,HUNTINGTON POWER - LONG ISLAND, PO BOX 2040,,SHELTON,CT ,06484,USA,,631-586-7513,"Sales,"
11052,Industrial/Commercial Sales & Service,00010134071002,PEAK POWER SYSTEMS, 99 SPRAGUE AVENUE,,MIDDLETOWN,NY ,10940,USA,www.peakpowersystems.com,845-344-1975,"Sales,Service,Up To 600kW,Mobile/Diesel/Gas,Rental,"
11052,Industrial/Commercial Sales & Service,00010001761002,"GENSERVE, INC.", 115A TWINBRIDGE DR.,,PENNSAUKEN,NJ ,08110,USA,www.genserveinc.com,856-324-0459,"Service,"
11052,Industrial/Commercial Sales & Service,00010001621002,BROOKFIELD SERVICE, 708 GLEBE ROAD,,WESTMORELAND,NH ,03467,USA,www.brookfieldservice.com,802-485-6567,"Service,Up To 600kW,Mobile/Diesel/Gas,"
11052,Industrial/Commercial Sales & Service,00010021101002,SOUTH SHORE GENERATOR INC-Quote, 2696A CRANBERRY HWY,,WAREHAM,MA ,02571,USA,,508-295-7336,"Sales,Service,Up To 600kW,Mobile/Diesel/Gas,"
11052,Industrial/Commercial Sales & Service,00010001701002,SOUTH SHORE GENERATOR INC, ,,EAST WAREHAM,MA ,02538,USA,,508-295-7336,"Financing,Sales,Service,Up To 600kW,Mobile/Diesel/Gas,"
11052,Industrial/Commercial Sales & Service,00111184131002,HUNTER & LOMISON, 1956 W FOURTH ST,,WILLIAMSPORT,PA ,17701,USA,www.hunterlomison.com,570-326-1764,"Sales,Service,Up To 600kW,Mobile/Diesel/Gas,Rental,"
11052,Industrial/Commercial Sales & Service,00010000881002,HUNTER & LOMISON INC., 1956 W. 4TH STREET,,WILLIAMSPORT,PA ,17701,USA,www.hunterlomison.com,570-326-1764,"Service,Up To 600kW,Mobile/Diesel/Gas,"
11052,Industrial/Commercial Sales & Service,00111207431002,WARSHAUER ELECTRIC SUPPLY CO INC, 800 SHREWSBURY AVE,,TINTON FALLS,NJ ,07724,USA,www.warshauer.com,732-741-6400,"Service,"
11052,Industrial/Commercial Sales & Service,00010157021002,Mechanical Service Co, 1145 Oak St.,,Pittston,PA ,18640,USA,,570-654-2445,"Service,"
11053,Industrial/Commercial Sales & Service,00010214161002,"R.L. Kistler, Inc", 300 Mile Crossing Blvd.,,Rochester,NY ,14624,USA,rlkistler.com,585-436-1940,"Sales,"
11053,Industrial/Commercial Sales & Service,00010214161002,"R.L. KISTLER, INC.", 35 HAMILTON LANE,,GLENMONT,NY ,12077,USA,,585-436-1940,"Sales,Service,"
11053,Industrial/Commercial Sales & Service,00010001611002,Huntington Power, 230 Long Hill Cross Rd,,Shelton,CT ,06484,USA,www.huntingtonpower.com,203-929-3203,"Sales,Service,Up To 2MW,Mobile/Diesel/Gas,Training,Rental,"
11053,Industrial/Commercial Sales & Service,00010214161002,"R.L. Kistler, Inc", 5615 Business Ave.,,N. Syracuse,NY ,13208,USA,,315-458-2875,"Sales,"
11053,Industrial/Commercial Sales & Service,00010214161002,"R.L. Kistler, Inc", 5615 Business Ave.,,N. Syracuse,NY ,13208,USA,,315-458-2875,"Sales,"
11053,Industrial/Commercial Sales & Service,00010001611002,Huntington Power, 68 Enter Ln,,Islandia,NY ,11749,USA,,631-563-4943,"Sales,Service,Up To 2MW,Mobile/Diesel/Gas,"
11053,Industrial/Commercial Sales & Service,00010001611002,Huntington Power, 34 E DUDLEY TOWN RD.,,BLOOMFIELD,CT ,06002,USA,,860-289-8790,"Sales,Service,Rental,"
11053,Industrial/Commercial Sales & Service,00010208021002,Modern Group Power Systems, 2501 Durham Road,,Bristol,PA ,19007,USA,www.moderngroup.com,800-404-7291,"Sales,Service,Up To 2MW,Mobile/Diesel/Gas,Training,Rental,"
11053,Industrial/Commercial Sales & Service,00010001731002,Authorized Services Of New England, 410 Forest Street,,Marlborough,MA ,01752,USA,www.asne.com,888-890-9886,"Financing,Sales,Service,Up To 2MW,Mobile/Diesel/Gas,Training,Rental,"
11053,Industrial/Commercial Sales & Service,00010008091002,MODERN HANDLING EQUIP, 75 NEW STREET,,EDISON,NJ ,08837,USA,www.moderngroup.com,800-779-5116,"Sales,Service,Up To 2MW,Mobile/Diesel/Gas,"
11053,Industrial/Commercial Sales & Service,00010208021002,Modern Group Power Systems, 200 Allied Parkway,,West Berlin,NJ ,08091,USA,,800-404-7291,"Sales,Service,Up To 2MW,Mobile/Diesel/Gas,"
11053,Industrial/Commercial Sales & Service,00010208021002,Modern Group Power Systems, 6352 Chapmans Rd,,Allentown,PA ,18106,USA,,800-404-7291,"Sales,Service,Up To 2MW,Mobile/Diesel/Gas,"
11053,Industrial/Commercial Sales & Service,00010208021002,Modern Group Power Systems, 295 New Commerce Blvd.,,Wilkes Barre,PA ,18706,USA,,800-404-7291,"Sales,Service,Up To 2MW,Mobile/Diesel/Gas,"
11053,Industrial/Commercial Sales & Service,00010000931002,"EMERGENCY POWER SYSTEMS, LLC", 35 HAMILTON LANE,,GLENMONT,NY ,12077,USA,,800-914-1465,"Service,Up To 2MW,Mobile/Diesel/Gas,"
11053,Industrial/Commercial Sales & Service,00010000931002,"EMERGENCY POWER SYSTEMS, LLC", 35 HAMILTON LANE,,GLENMONT,NY ,12077,USA,,800-914-1465,"Service,"
11053,Industrial/Commercial Sales & Service,00010208021002,Modern Group Power Systems, 66A South Gate Blvd.,,New Castle,DE ,19720,USA,,800-404-7291,"Sales,Service,Up To 2MW,Mobile/Diesel/Gas,"
11053,Industrial/Commercial Sales & Service,00010001731002,AUTHORIZED SERVICES OF NEW ENGLAND, 410 FOREST STREET,,MARLBOROUGH,MA ,01752,USA,,888-890-9886,"Sales,"
11053,Industrial/Commercial Sales & Service,00010208021002,Modern Group Power Systems, 3480 Board Road,,York,PA ,17402,USA,,800-404-7291,"Sales,Service,Up To 2MW,Mobile/Diesel/Gas,"
11053,Industrial/Commercial Sales & Service,00010001761002,"GENSERVE, INC.", 100 NEWTOWN RD,,PLAINVIEW,NY ,11803,USA,www.genserveinc.com,631-435-0437,"Service,"
11053,Industrial/Commercial Sales & Service,00111209521002,LONG ISLAND EMERGENCY POWER -QO, 2 Ocean Avenue,,DEER PARK,NY ,11729,USA,,631-586-7513,"Sales,"
11053,Industrial/Commercial Sales & Service,00010139211002,POWERPRO SERVICE CO. INC., 608 JOHNSON AVE. UNIT 6,,BOHEMIA,NY ,11716,USA,,631-567-2700,"Sales,Service,Up To 600kW,Mobile/Diesel/Gas,"
11053,Industrial/Commercial Sales & Service,00111209531002,HUNTINGTON POWER - LONG ISLAND, PO BOX 2040,,SHELTON,CT ,06484,USA,,631-586-7513,"Sales,"
11053,Industrial/Commercial Sales & Service,00010134071002,PEAK POWER SYSTEMS, 99 SPRAGUE AVENUE,,MIDDLETOWN,NY ,10940,USA,www.peakpowersystems.com,845-344-1975,"Sales,Service,Up To 600kW,Mobile/Diesel/Gas,Rental,"
11053,Industrial/Commercial Sales & Service,00010001761002,"GENSERVE, INC.", 115A TWINBRIDGE DR.,,PENNSAUKEN,NJ ,08110,USA,www.genserveinc.com,856-324-0459,"Service,"
11053,Industrial/Commercial Sales & Service,00010001621002,BROOKFIELD SERVICE, 708 GLEBE ROAD,,WESTMORELAND,NH ,03467,USA,www.brookfieldservice.com,802-485-6567,"Service,Up To 600kW,Mobile/Diesel/Gas,"
11053,Industrial/Commercial Sales & Service,00010021101002,SOUTH SHORE GENERATOR INC-Quote, 2696A CRANBERRY HWY,,WAREHAM,MA ,02571,USA,,508-295-7336,"Sales,Service,Up To 600kW,Mobile/Diesel/Gas,"
11053,Industrial/Commercial Sales & Service,00010001701002,SOUTH SHORE GENERATOR INC, ,,EAST WAREHAM,MA ,02538,USA,,508-295-7336,"Financing,Sales,Service,Up To 600kW,Mobile/Diesel/Gas,"
11053,Industrial/Commercial Sales & Service,00111184131002,HUNTER & LOMISON, 1956 W FOURTH ST,,WILLIAMSPORT,PA ,17701,USA,www.hunterlomison.com,570-326-1764,"Sales,Service,Up To 600kW,Mobile/Diesel/Gas,Rental,"
11053,Industrial/Commercial Sales & Service,00010000881002,HUNTER & LOMISON INC., 1956 W. 4TH STREET,,WILLIAMSPORT,PA ,17701,USA,www.hunterlomison.com,570-326-1764,"Service,Up To 600kW,Mobile/Diesel/Gas,"
11053,Industrial/Commercial Sales & Service,00111207431002,WARSHAUER ELECTRIC SUPPLY CO INC, 800 SHREWSBURY AVE,,TINTON FALLS,NJ ,07724,USA,www.warshauer.com,732-741-6400,"Service,"
11053,Industrial/Commercial Sales & Service,00010157021002,Mechanical Service Co, 1145 Oak St.,,Pittston,PA ,18640,USA,,570-654-2445,"Service,"
11054,Industrial/Commercial Sales & Service,00010001611002,Huntington Power, 230 Long Hill Cross Rd,,Shelton,CT ,06484,USA,www.huntingtonpower.com,203-929-3203,"Sales,Service,Up To 2MW,Mobile/Diesel/Gas,Training,Rental,"
11054,Industrial/Commercial Sales & Service,00010214161002,"R.L. KISTLER, INC.", 35 HAMILTON LANE,,GLENMONT,NY ,12077,USA,,585-436-1940,"Sales,Service,"
11054,Industrial/Commercial Sales & Service,00010214161002,"R.L. Kistler, Inc", 300 Mile Crossing Blvd.,,Rochester,NY ,14624,USA,rlkistler.com,585-436-1940,"Sales,"
11054,Industrial/Commercial Sales & Service,00010001611002,Huntington Power, 68 Enter Ln,,Islandia,NY ,11749,USA,,631-563-4943,"Sales,Service,Up To 2MW,Mobile/Diesel/Gas,"
11054,Industrial/Commercial Sales & Service,00010001611002,Huntington Power, 34 E DUDLEY TOWN RD.,,BLOOMFIELD,CT ,06002,USA,,860-289-8790,"Sales,Service,Rental,"
11054,Industrial/Commercial Sales & Service,00010214161002,"R.L. Kistler, Inc", 5615 Business Ave.,,N. Syracuse,NY ,13208,USA,,315-458-2875,"Sales,"
11054,Industrial/Commercial Sales & Service,00010214161002,"R.L. Kistler, Inc", 5615 Business Ave.,,N. Syracuse,NY ,13208,USA,,315-458-2875,"Sales,"
11054,Industrial/Commercial Sales & Service,00010208021002,Modern Group Power Systems, 2501 Durham Road,,Bristol,PA ,19007,USA,www.moderngroup.com,800-404-7291,"Sales,Service,Up To 2MW,Mobile/Diesel/Gas,Training,Rental,"
11054,Industrial/Commercial Sales & Service,00010001731002,Authorized Services Of New England, 410 Forest Street,,Marlborough,MA ,01752,USA,www.asne.com,888-890-9886,"Financing,Sales,Service,Up To 2MW,Mobile/Diesel/Gas,Training,Rental,"
11054,Industrial/Commercial Sales & Service,00010008091002,MODERN HANDLING EQUIP, 75 NEW STREET,,EDISON,NJ ,08837,USA,www.moderngroup.com,800-779-5116,"Sales,Service,Up To 2MW,Mobile/Diesel/Gas,"
11054,Industrial/Commercial Sales & Service,00010208021002,Modern Group Power Systems, 200 Allied Parkway,,West Berlin,NJ ,08091,USA,,800-404-7291,"Sales,Service,Up To 2MW,Mobile/Diesel/Gas,"
11054,Industrial/Commercial Sales & Service,00010208021002,Modern Group Power Systems, 6352 Chapmans Rd,,Allentown,PA ,18106,USA,,800-404-7291,"Sales,Service,Up To 2MW,Mobile/Diesel/Gas,"
11054,Industrial/Commercial Sales & Service,00010208021002,Modern Group Power Systems, 295 New Commerce Blvd.,,Wilkes Barre,PA ,18706,USA,,800-404-7291,"Sales,Service,Up To 2MW,Mobile/Diesel/Gas,"
11054,Industrial/Commercial Sales & Service,00010000931002,"EMERGENCY POWER SYSTEMS, LLC", 35 HAMILTON LANE,,GLENMONT,NY ,12077,USA,,800-914-1465,"Service,Up To 2MW,Mobile/Diesel/Gas,"
11054,Industrial/Commercial Sales & Service,00010000931002,"EMERGENCY POWER SYSTEMS, LLC", 35 HAMILTON LANE,,GLENMONT,NY ,12077,USA,,800-914-1465,"Service,"
11054,Industrial/Commercial Sales & Service,00010208021002,Modern Group Power Systems, 66A South Gate Blvd.,,New Castle,DE ,19720,USA,,800-404-7291,"Sales,Service,Up To 2MW,Mobile/Diesel/Gas,"
11054,Industrial/Commercial Sales & Service,00010001731002,AUTHORIZED SERVICES OF NEW ENGLAND, 410 FOREST STREET,,MARLBOROUGH,MA ,01752,USA,,888-890-9886,"Sales,"
11054,Industrial/Commercial Sales & Service,00010208021002,Modern Group Power Systems, 3480 Board Road,,York,PA ,17402,USA,,800-404-7291,"Sales,Service,Up To 2MW,Mobile/Diesel/Gas,"
11054,Industrial/Commercial Sales & Service,00010001761002,"GENSERVE, INC.", 100 NEWTOWN RD,,PLAINVIEW,NY ,11803,USA,www.genserveinc.com,631-435-0437,"Service,"
11054,Industrial/Commercial Sales & Service,00111209521002,LONG ISLAND EMERGENCY POWER -QO, 2 Ocean Avenue,,DEER PARK,NY ,11729,USA,,631-586-7513,"Sales,"
11054,Industrial/Commercial Sales & Service,00010139211002,POWERPRO SERVICE CO. INC., 608 JOHNSON AVE. UNIT 6,,BOHEMIA,NY ,11716,USA,,631-567-2700,"Sales,Service,Up To 600kW,Mobile/Diesel/Gas,"
11054,Industrial/Commercial Sales & Service,00111209531002,HUNTINGTON POWER - LONG ISLAND, PO BOX 2040,,SHELTON,CT ,06484,USA,,631-586-7513,"Sales,"
11054,Industrial/Commercial Sales & Service,00010134071002,PEAK POWER SYSTEMS, 99 SPRAGUE AVENUE,,MIDDLETOWN,NY ,10940,USA,www.peakpowersystems.com,845-344-1975,"Sales,Service,Up To 600kW,Mobile/Diesel/Gas,Rental,"
11054,Industrial/Commercial Sales & Service,00010001761002,"GENSERVE, INC.", 115A TWINBRIDGE DR.,,PENNSAUKEN,NJ ,08110,USA,www.genserveinc.com,856-324-0459,"Service,"
11054,Industrial/Commercial Sales & Service,00010001621002,BROOKFIELD SERVICE, 708 GLEBE ROAD,,WESTMORELAND,NH ,03467,USA,www.brookfieldservice.com,802-485-6567,"Service,Up To 600kW,Mobile/Diesel/Gas,"
11054,Industrial/Commercial Sales & Service,00010021101002,SOUTH SHORE GENERATOR INC-Quote, 2696A CRANBERRY HWY,,WAREHAM,MA ,02571,USA,,508-295-7336,"Sales,Service,Up To 600kW,Mobile/Diesel/Gas,"
11054,Industrial/Commercial Sales & Service,00010001701002,SOUTH SHORE GENERATOR INC, ,,EAST WAREHAM,MA ,02538,USA,,508-295-7336,"Financing,Sales,Service,Up To 600kW,Mobile/Diesel/Gas,"
11054,Industrial/Commercial Sales & Service,00111184131002,HUNTER & LOMISON, 1956 W FOURTH ST,,WILLIAMSPORT,PA ,17701,USA,www.hunterlomison.com,570-326-1764,"Sales,Service,Up To 600kW,Mobile/Diesel/Gas,Rental,"
11054,Industrial/Commercial Sales & Service,00010000881002,HUNTER & LOMISON INC., 1956 W. 4TH STREET,,WILLIAMSPORT,PA ,17701,USA,www.hunterlomison.com,570-326-1764,"Service,Up To 600kW,Mobile/Diesel/Gas,"
11054,Industrial/Commercial Sales & Service,00111207431002,WARSHAUER ELECTRIC SUPPLY CO INC, 800 SHREWSBURY AVE,,TINTON FALLS,NJ ,07724,USA,www.warshauer.com,732-741-6400,"Service,"
11054,Industrial/Commercial Sales & Service,00010157021002,Mechanical Service Co, 1145 Oak St.,,Pittston,PA ,18640,USA,,570-654-2445,"Service,"
11055,Industrial/Commercial Sales & Service,00010214161002,"R.L. KISTLER, INC.", 35 HAMILTON LANE,,GLENMONT,NY ,12077,USA,,585-436-1940,"Sales,Service,"
11055,Industrial/Commercial Sales & Service,00010001611002,Huntington Power, 230 Long Hill Cross Rd,,Shelton,CT ,06484,USA,www.huntingtonpower.com,203-929-3203,"Sales,Service,Up To 2MW,Mobile/Diesel/Gas,Training,Rental,"
11055,Industrial/Commercial Sales & Service,00010214161002,"R.L. Kistler, Inc", 300 Mile Crossing Blvd.,,Rochester,NY ,14624,USA,rlkistler.com,585-436-1940,"Sales,"
11055,Industrial/Commercial Sales & Service,00010214161002,"R.L. Kistler, Inc", 5615 Business Ave.,,N. Syracuse,NY ,13208,USA,,315-458-2875,"Sales,"
11055,Industrial/Commercial Sales & Service,00010001611002,Huntington Power, 68 Enter Ln,,Islandia,NY ,11749,USA,,631-563-4943,"Sales,Service,Up To 2MW,Mobile/Diesel/Gas,"
11055,Industrial/Commercial Sales & Service,00010001611002,Huntington Power, 34 E DUDLEY TOWN RD.,,BLOOMFIELD,CT ,06002,USA,,860-289-8790,"Sales,Service,Rental,"
11055,Industrial/Commercial Sales & Service,00010214161002,"R.L. Kistler, Inc", 5615 Business Ave.,,N. Syracuse,NY ,13208,USA,,315-458-2875,"Sales,"
11055,Industrial/Commercial Sales & Service,00010208021002,Modern Group Power Systems, 2501 Durham Road,,Bristol,PA ,19007,USA,www.moderngroup.com,800-404-7291,"Sales,Service,Up To 2MW,Mobile/Diesel/Gas,Training,Rental,"
11055,Industrial/Commercial Sales & Service,00010001731002,Authorized Services Of New England, 410 Forest Street,,Marlborough,MA ,01752,USA,www.asne.com,888-890-9886,"Financing,Sales,Service,Up To 2MW,Mobile/Diesel/Gas,Training,Rental,"
11055,Industrial/Commercial Sales & Service,00010008091002,MODERN HANDLING EQUIP, 75 NEW STREET,,EDISON,NJ ,08837,USA,www.moderngroup.com,800-779-5116,"Sales,Service,Up To 2MW,Mobile/Diesel/Gas,"
11055,Industrial/Commercial Sales & Service,00010208021002,Modern Group Power Systems, 200 Allied Parkway,,West Berlin,NJ ,08091,USA,,800-404-7291,"Sales,Service,Up To 2MW,Mobile/Diesel/Gas,"
11055,Industrial/Commercial Sales & Service,00010208021002,Modern Group Power Systems, 6352 Chapmans Rd,,Allentown,PA ,18106,USA,,800-404-7291,"Sales,Service,Up To 2MW,Mobile/Diesel/Gas,"
11055,Industrial/Commercial Sales & Service,00010208021002,Modern Group Power Systems, 295 New Commerce Blvd.,,Wilkes Barre,PA ,18706,USA,,800-404-7291,"Sales,Service,Up To 2MW,Mobile/Diesel/Gas,"
11055,Industrial/Commercial Sales & Service,00010000931002,"EMERGENCY POWER SYSTEMS, LLC", 35 HAMILTON LANE,,GLENMONT,NY ,12077,USA,,800-914-1465,"Service,Up To 2MW,Mobile/Diesel/Gas,"
11055,Industrial/Commercial Sales & Service,00010000931002,"EMERGENCY POWER SYSTEMS, LLC", 35 HAMILTON LANE,,GLENMONT,NY ,12077,USA,,800-914-1465,"Service,"
11055,Industrial/Commercial Sales & Service,00010208021002,Modern Group Power Systems, 66A South Gate Blvd.,,New Castle,DE ,19720,USA,,800-404-7291,"Sales,Service,Up To 2MW,Mobile/Diesel/Gas,"
11055,Industrial/Commercial Sales & Service,00010001731002,AUTHORIZED SERVICES OF NEW ENGLAND, 410 FOREST STREET,,MARLBOROUGH,MA ,01752,USA,,888-890-9886,"Sales,"
11055,Industrial/Commercial Sales & Service,00010208021002,Modern Group Power Systems, 3480 Board Road,,York,PA ,17402,USA,,800-404-7291,"Sales,Service,Up To 2MW,Mobile/Diesel/Gas,"
11055,Industrial/Commercial Sales & Service,00010001761002,"GENSERVE, INC.", 100 NEWTOWN RD,,PLAINVIEW,NY ,11803,USA,www.genserveinc.com,631-435-0437,"Service,"
11055,Industrial/Commercial Sales & Service,00111209521002,LONG ISLAND EMERGENCY POWER -QO, 2 Ocean Avenue,,DEER PARK,NY ,11729,USA,,631-586-7513,"Sales,"
11055,Industrial/Commercial Sales & Service,00010139211002,POWERPRO SERVICE CO. INC., 608 JOHNSON AVE. UNIT 6,,BOHEMIA,NY ,11716,USA,,631-567-2700,"Sales,Service,Up To 600kW,Mobile/Diesel/Gas,"
11055,Industrial/Commercial Sales & Service,00111209531002,HUNTINGTON POWER - LONG ISLAND, PO BOX 2040,,SHELTON,CT ,06484,USA,,631-586-7513,"Sales,"
11055,Industrial/Commercial Sales & Service,00010134071002,PEAK POWER SYSTEMS, 99 SPRAGUE AVENUE,,MIDDLETOWN,NY ,10940,USA,www.peakpowersystems.com,845-344-1975,"Sales,Service,Up To 600kW,Mobile/Diesel/Gas,Rental,"
11055,Industrial/Commercial Sales & Service,00010001761002,"GENSERVE, INC.", 115A TWINBRIDGE DR.,,PENNSAUKEN,NJ ,08110,USA,www.genserveinc.com,856-324-0459,"Service,"
11055,Industrial/Commercial Sales & Service,00010001621002,BROOKFIELD SERVICE, 708 GLEBE ROAD,,WESTMORELAND,NH ,03467,USA,www.brookfieldservice.com,802-485-6567,"Service,Up To 600kW,Mobile/Diesel/Gas,"
11055,Industrial/Commercial Sales & Service,00010021101002,SOUTH SHORE GENERATOR INC-Quote, 2696A CRANBERRY HWY,,WAREHAM,MA ,02571,USA,,508-295-7336,"Sales,Service,Up To 600kW,Mobile/Diesel/Gas,"
11055,Industrial/Commercial Sales & Service,00010001701002,SOUTH SHORE GENERATOR INC, ,,EAST WAREHAM,MA ,02538,USA,,508-295-7336,"Financing,Sales,Service,Up To 600kW,Mobile/Diesel/Gas,"
11055,Industrial/Commercial Sales & Service,00111184131002,HUNTER & LOMISON, 1956 W FOURTH ST,,WILLIAMSPORT,PA ,17701,USA,www.hunterlomison.com,570-326-1764,"Sales,Service,Up To 600kW,Mobile/Diesel/Gas,Rental,"
11055,Industrial/Commercial Sales & Service,00010000881002,HUNTER & LOMISON INC., 1956 W. 4TH STREET,,WILLIAMSPORT,PA ,17701,USA,www.hunterlomison.com,570-326-1764,"Service,Up To 600kW,Mobile/Diesel/Gas,"
11055,Industrial/Commercial Sales & Service,00111207431002,WARSHAUER ELECTRIC SUPPLY CO INC, 800 SHREWSBURY AVE,,TINTON FALLS,NJ ,07724,USA,www.warshauer.com,732-741-6400,"Service,"
11055,Industrial/Commercial Sales & Service,00010157021002,Mechanical Service Co, 1145 Oak St.,,Pittston,PA ,18640,USA,,570-654-2445,"Service,"
11096,Industrial/Commercial Sales & Service,00010214161002,"R.L. Kistler, Inc", 300 Mile Crossing Blvd.,,Rochester,NY ,14624,USA,rlkistler.com,585-436-1940,"Sales,"
11096,Industrial/Commercial Sales & Service,00010214161002,"R.L. KISTLER, INC.", 35 HAMILTON LANE,,GLENMONT,NY ,12077,USA,,585-436-1940,"Sales,Service,"
11096,Industrial/Commercial Sales & Service,00010001611002,Huntington Power, 230 Long Hill Cross Rd,,Shelton,CT ,06484,USA,www.huntingtonpower.com,203-929-3203,"Sales,Service,Up To 2MW,Mobile/Diesel/Gas,Training,Rental,"
11096,Industrial/Commercial Sales & Service,00010214161002,"R.L. Kistler, Inc", 5615 Business Ave.,,N. Syracuse,NY ,13208,USA,,315-458-2875,"Sales,"
11096,Industrial/Commercial Sales & Service,00010214161002,"R.L. Kistler, Inc", 5615 Business Ave.,,N. Syracuse,NY ,13208,USA,,315-458-2875,"Sales,"
11096,Industrial/Commercial Sales & Service,00010001611002,Huntington Power, 68 Enter Ln,,Islandia,NY ,11749,USA,,631-563-4943,"Sales,Service,Up To 2MW,Mobile/Diesel/Gas,"
11096,Industrial/Commercial Sales & Service,00010001611002,Huntington Power, 34 E DUDLEY TOWN RD.,,BLOOMFIELD,CT ,06002,USA,,860-289-8790,"Sales,Service,Rental,"
11096,Industrial/Commercial Sales & Service,00010208021002,Modern Group Power Systems, 2501 Durham Road,,Bristol,PA ,19007,USA,www.moderngroup.com,800-404-7291,"Sales,Service,Up To 2MW,Mobile/Diesel/Gas,Training,Rental,"
11096,Industrial/Commercial Sales & Service,00010001731002,Authorized Services Of New England, 410 Forest Street,,Marlborough,MA ,01752,USA,www.asne.com,888-890-9886,"Financing,Sales,Service,Up To 2MW,Mobile/Diesel/Gas,Training,Rental,"
11096,Industrial/Commercial Sales & Service,00010008091002,MODERN HANDLING EQUIP, 75 NEW STREET,,EDISON,NJ ,08837,USA,www.moderngroup.com,800-779-5116,"Sales,Service,Up To 2MW,Mobile/Diesel/Gas,"
11096,Industrial/Commercial Sales & Service,00010208021002,Modern Group Power Systems, 200 Allied Parkway,,West Berlin,NJ ,08091,USA,,800-404-7291,"Sales,Service,Up To 2MW,Mobile/Diesel/Gas,"
11096,Industrial/Commercial Sales & Service,00010208021002,Modern Group Power Systems, 6352 Chapmans Rd,,Allentown,PA ,18106,USA,,800-404-7291,"Sales,Service,Up To 2MW,Mobile/Diesel/Gas,"
11096,Industrial/Commercial Sales & Service,00010208021002,Modern Group Power Systems, 66A South Gate Blvd.,,New Castle,DE ,19720,USA,,800-404-7291,"Sales,Service,Up To 2MW,Mobile/Diesel/Gas,"
11096,Industrial/Commercial Sales & Service,00010208021002,Modern Group Power Systems, 295 New Commerce Blvd.,,Wilkes Barre,PA ,18706,USA,,800-404-7291,"Sales,Service,Up To 2MW,Mobile/Diesel/Gas,"
11096,Industrial/Commercial Sales & Service,00010000931002,"EMERGENCY POWER SYSTEMS, LLC", 35 HAMILTON LANE,,GLENMONT,NY ,12077,USA,,800-914-1465,"Service,Up To 2MW,Mobile/Diesel/Gas,"
11096,Industrial/Commercial Sales & Service,00010000931002,"EMERGENCY POWER SYSTEMS, LLC", 35 HAMILTON LANE,,GLENMONT,NY ,12077,USA,,800-914-1465,"Service,"
11096,Industrial/Commercial Sales & Service,00010208021002,Modern Group Power Systems, 3480 Board Road,,York,PA ,17402,USA,,800-404-7291,"Sales,Service,Up To 2MW,Mobile/Diesel/Gas,"
11096,Industrial/Commercial Sales & Service,00010001731002,AUTHORIZED SERVICES OF NEW ENGLAND, 410 FOREST STREET,,MARLBOROUGH,MA ,01752,USA,,888-890-9886,"Sales,"
11096,Industrial/Commercial Sales & Service,00010001761002,"GENSERVE, INC.", 100 NEWTOWN RD,,PLAINVIEW,NY ,11803,USA,www.genserveinc.com,631-435-0437,"Service,"
11096,Industrial/Commercial Sales & Service,00111209521002,LONG ISLAND EMERGENCY POWER -QO, 2 Ocean Avenue,,DEER PARK,NY ,11729,USA,,631-586-7513,"Sales,"
11096,Industrial/Commercial Sales & Service,00010139211002,POWERPRO SERVICE CO. INC., 608 JOHNSON AVE. UNIT 6,,BOHEMIA,NY ,11716,USA,,631-567-2700,"Sales,Service,Up To 600kW,Mobile/Diesel/Gas,"
11096,Industrial/Commercial Sales & Service,00111209531002,HUNTINGTON POWER - LONG ISLAND, PO BOX 2040,,SHELTON,CT ,06484,USA,,631-586-7513,"Sales,"
11096,Industrial/Commercial Sales & Service,00010134071002,PEAK POWER SYSTEMS, 99 SPRAGUE AVENUE,,MIDDLETOWN,NY ,10940,USA,www.peakpowersystems.com,845-344-1975,"Sales,Service,Up To 600kW,Mobile/Diesel/Gas,Rental,"
11096,Industrial/Commercial Sales & Service,00010001761002,"GENSERVE, INC.", 115A TWINBRIDGE DR.,,PENNSAUKEN,NJ ,08110,USA,www.genserveinc.com,856-324-0459,"Service,"
11096,Industrial/Commercial Sales & Service,00010001621002,BROOKFIELD SERVICE, 708 GLEBE ROAD,,WESTMORELAND,NH ,03467,USA,www.brookfieldservice.com,802-485-6567,"Service,Up To 600kW,Mobile/Diesel/Gas,"
11096,Industrial/Commercial Sales & Service,00010021101002,SOUTH SHORE GENERATOR INC-Quote, 2696A CRANBERRY HWY,,WAREHAM,MA ,02571,USA,,508-295-7336,"Sales,Service,Up To 600kW,Mobile/Diesel/Gas,"
11096,Industrial/Commercial Sales & Service,00111184131002,HUNTER & LOMISON, 1956 W FOURTH ST,,WILLIAMSPORT,PA ,17701,USA,www.hunterlomison.com,570-326-1764,"Sales,Service,Up To 600kW,Mobile/Diesel/Gas,Rental,"
11096,Industrial/Commercial Sales & Service,00010000881002,HUNTER & LOMISON INC., 1956 W. 4TH STREET,,WILLIAMSPORT,PA ,17701,USA,www.hunterlomison.com,570-326-1764,"Service,Up To 600kW,Mobile/Diesel/Gas,"
11096,Industrial/Commercial Sales & Service,00010001701002,SOUTH SHORE GENERATOR INC, ,,EAST WAREHAM,MA ,02538,USA,,508-295-7336,"Financing,Sales,Service,Up To 600kW,Mobile/Diesel/Gas,"
11096,Industrial/Commercial Sales & Service,00111207431002,WARSHAUER ELECTRIC SUPPLY CO INC, 800 SHREWSBURY AVE,,TINTON FALLS,NJ ,07724,USA,www.warshauer.com,732-741-6400,"Service,"
11096,Industrial/Commercial Sales & Service,00010157021002,Mechanical Service Co, 1145 Oak St.,,Pittston,PA ,18640,USA,,570-654-2445,"Service,"
11101,Industrial/Commercial Sales & Service,00010214161002,"R.L. KISTLER, INC.", 35 HAMILTON LANE,,GLENMONT,NY ,12077,USA,,585-436-1940,"Sales,Service,"
11101,Industrial/Commercial Sales & Service,00010001611002,Huntington Power, 230 Long Hill Cross Rd,,Shelton,CT ,06484,USA,www.huntingtonpower.com,203-929-3203,"Sales,Service,Up To 2MW,Mobile/Diesel/Gas,Training,Rental,"
11101,Industrial/Commercial Sales & Service,00010214161002,"R.L. Kistler, Inc", 300 Mile Crossing Blvd.,,Rochester,NY ,14624,USA,rlkistler.com,585-436-1940,"Sales,"
11101,Industrial/Commercial Sales & Service,00010214161002,"R.L. Kistler, Inc", 5615 Business Ave.,,N. Syracuse,NY ,13208,USA,,315-458-2875,"Sales,"
11101,Industrial/Commercial Sales & Service,00010001611002,Huntington Power, 68 Enter Ln,,Islandia,NY ,11749,USA,,631-563-4943,"Sales,Service,Up To 2MW,Mobile/Diesel/Gas,"
11101,Industrial/Commercial Sales & Service,00010001611002,Huntington Power, 34 E DUDLEY TOWN RD.,,BLOOMFIELD,CT ,06002,USA,,860-289-8790,"Sales,Service,Rental,"
11101,Industrial/Commercial Sales & Service,00010214161002,"R.L. Kistler, Inc", 5615 Business Ave.,,N. Syracuse,NY ,13208,USA,,315-458-2875,"Sales,"
11101,Industrial/Commercial Sales & Service,00010208021002,Modern Group Power Systems, 2501 Durham Road,,Bristol,PA ,19007,USA,www.moderngroup.com,800-404-7291,"Sales,Service,Up To 2MW,Mobile/Diesel/Gas,Training,Rental,"
11101,Industrial/Commercial Sales & Service,00010001731002,Authorized Services Of New England, 410 Forest Street,,Marlborough,MA ,01752,USA,www.asne.com,888-890-9886,"Financing,Sales,Service,Up To 2MW,Mobile/Diesel/Gas,Training,Rental,"
11101,Industrial/Commercial Sales & Service,00010008091002,MODERN HANDLING EQUIP, 75 NEW STREET,,EDISON,NJ ,08837,USA,www.moderngroup.com,800-779-5116,"Sales,Service,Up To 2MW,Mobile/Diesel/Gas,"
11101,Industrial/Commercial Sales & Service,00010208021002,Modern Group Power Systems, 200 Allied Parkway,,West Berlin,NJ ,08091,USA,,800-404-7291,"Sales,Service,Up To 2MW,Mobile/Diesel/Gas,"
11101,Industrial/Commercial Sales & Service,00010208021002,Modern Group Power Systems, 6352 Chapmans Rd,,Allentown,PA ,18106,USA,,800-404-7291,"Sales,Service,Up To 2MW,Mobile/Diesel/Gas,"
11101,Industrial/Commercial Sales & Service,00010208021002,Modern Group Power Systems, 295 New Commerce Blvd.,,Wilkes Barre,PA ,18706,USA,,800-404-7291,"Sales,Service,Up To 2MW,Mobile/Diesel/Gas,"
11101,Industrial/Commercial Sales & Service,00010208021002,Modern Group Power Systems, 66A South Gate Blvd.,,New Castle,DE ,19720,USA,,800-404-7291,"Sales,Service,Up To 2MW,Mobile/Diesel/Gas,"
11101,Industrial/Commercial Sales & Service,00010000931002,"EMERGENCY POWER SYSTEMS, LLC", 35 HAMILTON LANE,,GLENMONT,NY ,12077,USA,,800-914-1465,"Service,Up To 2MW,Mobile/Diesel/Gas,"
11101,Industrial/Commercial Sales & Service,00010000931002,"EMERGENCY POWER SYSTEMS, LLC", 35 HAMILTON LANE,,GLENMONT,NY ,12077,USA,,800-914-1465,"Service,"
11101,Industrial/Commercial Sales & Service,00010208021002,Modern Group Power Systems, 3480 Board Road,,York,PA ,17402,USA,,800-404-7291,"Sales,Service,Up To 2MW,Mobile/Diesel/Gas,"
11101,Industrial/Commercial Sales & Service,00010001731002,AUTHORIZED SERVICES OF NEW ENGLAND, 410 FOREST STREET,,MARLBOROUGH,MA ,01752,USA,,888-890-9886,"Sales,"
11101,Industrial/Commercial Sales & Service,00010001761002,"GENSERVE, INC.", 100 NEWTOWN RD,,PLAINVIEW,NY ,11803,USA,www.genserveinc.com,631-435-0437,"Service,"
11101,Industrial/Commercial Sales & Service,00111209521002,LONG ISLAND EMERGENCY POWER -QO, 2 Ocean Avenue,,DEER PARK,NY ,11729,USA,,631-586-7513,"Sales,"
11101,Industrial/Commercial Sales & Service,00010139211002,POWERPRO SERVICE CO. INC., 608 JOHNSON AVE. UNIT 6,,BOHEMIA,NY ,11716,USA,,631-567-2700,"Sales,Service,Up To 600kW,Mobile/Diesel/Gas,"
11101,Industrial/Commercial Sales & Service,00010134071002,PEAK POWER SYSTEMS, 99 SPRAGUE AVENUE,,MIDDLETOWN,NY ,10940,USA,www.peakpowersystems.com,845-344-1975,"Sales,Service,Up To 600kW,Mobile/Diesel/Gas,Rental,"
11101,Industrial/Commercial Sales & Service,00111209531002,HUNTINGTON POWER - LONG ISLAND, PO BOX 2040,,SHELTON,CT ,06484,USA,,631-586-7513,"Sales,"
11101,Industrial/Commercial Sales & Service,00010001761002,"GENSERVE, INC.", 115A TWINBRIDGE DR.,,PENNSAUKEN,NJ ,08110,USA,www.genserveinc.com,856-324-0459,"Service,"
11101,Industrial/Commercial Sales & Service,00111184131002,HUNTER & LOMISON, 1956 W FOURTH ST,,WILLIAMSPORT,PA ,17701,USA,www.hunterlomison.com,570-326-1764,"Sales,Service,Up To 600kW,Mobile/Diesel/Gas,Rental,"
11101,Industrial/Commercial Sales & Service,00010000881002,HUNTER & LOMISON INC., 1956 W. 4TH STREET,,WILLIAMSPORT,PA ,17701,USA,www.hunterlomison.com,570-326-1764,"Service,Up To 600kW,Mobile/Diesel/Gas,"
11101,Industrial/Commercial Sales & Service,00010001621002,BROOKFIELD SERVICE, 708 GLEBE ROAD,,WESTMORELAND,NH ,03467,USA,www.brookfieldservice.com,802-485-6567,"Service,Up To 600kW,Mobile/Diesel/Gas,"
11101,Industrial/Commercial Sales & Service,00010021101002,SOUTH SHORE GENERATOR INC-Quote, 2696A CRANBERRY HWY,,WAREHAM,MA ,02571,USA,,508-295-7336,"Sales,Service,Up To 600kW,Mobile/Diesel/Gas,"
11101,Industrial/Commercial Sales & Service,00010001701002,SOUTH SHORE GENERATOR INC, ,,EAST WAREHAM,MA ,02538,USA,,508-295-7336,"Financing,Sales,Service,Up To 600kW,Mobile/Diesel/Gas,"
11101,Industrial/Commercial Sales & Service,00111207431002,WARSHAUER ELECTRIC SUPPLY CO INC, 800 SHREWSBURY AVE,,TINTON FALLS,NJ ,07724,USA,www.warshauer.com,732-741-6400,"Service,"
11101,Industrial/Commercial Sales & Service,00010157021002,Mechanical Service Co, 1145 Oak St.,,Pittston,PA ,18640,USA,,570-654-2445,"Service,"
11102,Industrial/Commercial Sales & Service,00010001611002,Huntington Power, 230 Long Hill Cross Rd,,Shelton,CT ,06484,USA,www.huntingtonpower.com,203-929-3203,"Sales,Service,Up To 2MW,Mobile/Diesel/Gas,Training,Rental,"
11102,Industrial/Commercial Sales & Service,00010214161002,"R.L. Kistler, Inc", 300 Mile Crossing Blvd.,,Rochester,NY ,14624,USA,rlkistler.com,585-436-1940,"Sales,"
11102,Industrial/Commercial Sales & Service,00010214161002,"R.L. KISTLER, INC.", 35 HAMILTON LANE,,GLENMONT,NY ,12077,USA,,585-436-1940,"Sales,Service,"
11102,Industrial/Commercial Sales & Service,00010001611002,Huntington Power, 68 Enter Ln,,Islandia,NY ,11749,USA,,631-563-4943,"Sales,Service,Up To 2MW,Mobile/Diesel/Gas,"
11102,Industrial/Commercial Sales & Service,00010001611002,Huntington Power, 34 E DUDLEY TOWN RD.,,BLOOMFIELD,CT ,06002,USA,,860-289-8790,"Sales,Service,Rental,"
11102,Industrial/Commercial Sales & Service,00010214161002,"R.L. Kistler, Inc", 5615 Business Ave.,,N. Syracuse,NY ,13208,USA,,315-458-2875,"Sales,"
11102,Industrial/Commercial Sales & Service,00010214161002,"R.L. Kistler, Inc", 5615 Business Ave.,,N. Syracuse,NY ,13208,USA,,315-458-2875,"Sales,"
11102,Industrial/Commercial Sales & Service,00010208021002,Modern Group Power Systems, 2501 Durham Road,,Bristol,PA ,19007,USA,www.moderngroup.com,800-404-7291,"Sales,Service,Up To 2MW,Mobile/Diesel/Gas,Training,Rental,"
11102,Industrial/Commercial Sales & Service,00010001731002,Authorized Services Of New England, 410 Forest Street,,Marlborough,MA ,01752,USA,www.asne.com,888-890-9886,"Financing,Sales,Service,Up To 2MW,Mobile/Diesel/Gas,Training,Rental,"
11102,Industrial/Commercial Sales & Service,00010008091002,MODERN HANDLING EQUIP, 75 NEW STREET,,EDISON,NJ ,08837,USA,www.moderngroup.com,800-779-5116,"Sales,Service,Up To 2MW,Mobile/Diesel/Gas,"
11102,Industrial/Commercial Sales & Service,00010208021002,Modern Group Power Systems, 200 Allied Parkway,,West Berlin,NJ ,08091,USA,,800-404-7291,"Sales,Service,Up To 2MW,Mobile/Diesel/Gas,"
11102,Industrial/Commercial Sales & Service,00010208021002,Modern Group Power Systems, 6352 Chapmans Rd,,Allentown,PA ,18106,USA,,800-404-7291,"Sales,Service,Up To 2MW,Mobile/Diesel/Gas,"
11102,Industrial/Commercial Sales & Service,00010208021002,Modern Group Power Systems, 295 New Commerce Blvd.,,Wilkes Barre,PA ,18706,USA,,800-404-7291,"Sales,Service,Up To 2MW,Mobile/Diesel/Gas,"
11102,Industrial/Commercial Sales & Service,00010208021002,Modern Group Power Systems, 66A South Gate Blvd.,,New Castle,DE ,19720,USA,,800-404-7291,"Sales,Service,Up To 2MW,Mobile/Diesel/Gas,"
11102,Industrial/Commercial Sales & Service,00010000931002,"EMERGENCY POWER SYSTEMS, LLC", 35 HAMILTON LANE,,GLENMONT,NY ,12077,USA,,800-914-1465,"Service,Up To 2MW,Mobile/Diesel/Gas,"
11102,Industrial/Commercial Sales & Service,00010000931002,"EMERGENCY POWER SYSTEMS, LLC", 35 HAMILTON LANE,,GLENMONT,NY ,12077,USA,,800-914-1465,"Service,"
11102,Industrial/Commercial Sales & Service,00010208021002,Modern Group Power Systems, 3480 Board Road,,York,PA ,17402,USA,,800-404-7291,"Sales,Service,Up To 2MW,Mobile/Diesel/Gas,"
11102,Industrial/Commercial Sales & Service,00010001731002,AUTHORIZED SERVICES OF NEW ENGLAND, 410 FOREST STREET,,MARLBOROUGH,MA ,01752,USA,,888-890-9886,"Sales,"
11102,Industrial/Commercial Sales & Service,00010001761002,"GENSERVE, INC.", 100 NEWTOWN RD,,PLAINVIEW,NY ,11803,USA,www.genserveinc.com,631-435-0437,"Service,"
11102,Industrial/Commercial Sales & Service,00111209521002,LONG ISLAND EMERGENCY POWER -QO, 2 Ocean Avenue,,DEER PARK,NY ,11729,USA,,631-586-7513,"Sales,"
11102,Industrial/Commercial Sales & Service,00010139211002,POWERPRO SERVICE CO. INC., 608 JOHNSON AVE. UNIT 6,,BOHEMIA,NY ,11716,USA,,631-567-2700,"Sales,Service,Up To 600kW,Mobile/Diesel/Gas,"
11102,Industrial/Commercial Sales & Service,00010134071002,PEAK POWER SYSTEMS, 99 SPRAGUE AVENUE,,MIDDLETOWN,NY ,10940,USA,www.peakpowersystems.com,845-344-1975,"Sales,Service,Up To 600kW,Mobile/Diesel/Gas,Rental,"
11102,Industrial/Commercial Sales & Service,00111209531002,HUNTINGTON POWER - LONG ISLAND, PO BOX 2040,,SHELTON,CT ,06484,USA,,631-586-7513,"Sales,"
11102,Industrial/Commercial Sales & Service,00010001761002,"GENSERVE, INC.", 115A TWINBRIDGE DR.,,PENNSAUKEN,NJ ,08110,USA,www.genserveinc.com,856-324-0459,"Service,"
11102,Industrial/Commercial Sales & Service,00111184131002,HUNTER & LOMISON, 1956 W FOURTH ST,,WILLIAMSPORT,PA ,17701,USA,www.hunterlomison.com,570-326-1764,"Sales,Service,Up To 600kW,Mobile/Diesel/Gas,Rental,"
11102,Industrial/Commercial Sales & Service,00010000881002,HUNTER & LOMISON INC., 1956 W. 4TH STREET,,WILLIAMSPORT,PA ,17701,USA,www.hunterlomison.com,570-326-1764,"Service,Up To 600kW,Mobile/Diesel/Gas,"
11102,Industrial/Commercial Sales & Service,00010001621002,BROOKFIELD SERVICE, 708 GLEBE ROAD,,WESTMORELAND,NH ,03467,USA,www.brookfieldservice.com,802-485-6567,"Service,Up To 600kW,Mobile/Diesel/Gas,"
11102,Industrial/Commercial Sales & Service,00010021101002,SOUTH SHORE GENERATOR INC-Quote, 2696A CRANBERRY HWY,,WAREHAM,MA ,02571,USA,,508-295-7336,"Sales,Service,Up To 600kW,Mobile/Diesel/Gas,"
11102,Industrial/Commercial Sales & Service,00010001701002,SOUTH SHORE GENERATOR INC, ,,EAST WAREHAM,MA ,02538,USA,,508-295-7336,"Financing,Sales,Service,Up To 600kW,Mobile/Diesel/Gas,"
11102,Industrial/Commercial Sales & Service,00111207431002,WARSHAUER ELECTRIC SUPPLY CO INC, 800 SHREWSBURY AVE,,TINTON FALLS,NJ ,07724,USA,www.warshauer.com,732-741-6400,"Service,"
11102,Industrial/Commercial Sales & Service,00010157021002,Mechanical Service Co, 1145 Oak St.,,Pittston,PA ,18640,USA,,570-654-2445,"Service,"
11103,Industrial/Commercial Sales & Service,00010214161002,"R.L. KISTLER, INC.", 35 HAMILTON LANE,,GLENMONT,NY ,12077,USA,,585-436-1940,"Sales,Service,"
11103,Industrial/Commercial Sales & Service,00010214161002,"R.L. Kistler, Inc", 300 Mile Crossing Blvd.,,Rochester,NY ,14624,USA,rlkistler.com,585-436-1940,"Sales,"
11103,Industrial/Commercial Sales & Service,00010001611002,Huntington Power, 230 Long Hill Cross Rd,,Shelton,CT ,06484,USA,www.huntingtonpower.com,203-929-3203,"Sales,Service,Up To 2MW,Mobile/Diesel/Gas,Training,Rental,"
11103,Industrial/Commercial Sales & Service,00010214161002,"R.L. Kistler, Inc", 5615 Business Ave.,,N. Syracuse,NY ,13208,USA,,315-458-2875,"Sales,"
11103,Industrial/Commercial Sales & Service,00010214161002,"R.L. Kistler, Inc", 5615 Business Ave.,,N. Syracuse,NY ,13208,USA,,315-458-2875,"Sales,"
11103,Industrial/Commercial Sales & Service,00010001611002,Huntington Power, 68 Enter Ln,,Islandia,NY ,11749,USA,,631-563-4943,"Sales,Service,Up To 2MW,Mobile/Diesel/Gas,"
11103,Industrial/Commercial Sales & Service,00010001611002,Huntington Power, 34 E DUDLEY TOWN RD.,,BLOOMFIELD,CT ,06002,USA,,860-289-8790,"Sales,Service,Rental,"
11103,Industrial/Commercial Sales & Service,00010208021002,Modern Group Power Systems, 2501 Durham Road,,Bristol,PA ,19007,USA,www.moderngroup.com,800-404-7291,"Sales,Service,Up To 2MW,Mobile/Diesel/Gas,Training,Rental,"
11103,Industrial/Commercial Sales & Service,00010001731002,Authorized Services Of New England, 410 Forest Street,,Marlborough,MA ,01752,USA,www.asne.com,888-890-9886,"Financing,Sales,Service,Up To 2MW,Mobile/Diesel/Gas,Training,Rental,"
11103,Industrial/Commercial Sales & Service,00010008091002,MODERN HANDLING EQUIP, 75 NEW STREET,,EDISON,NJ ,08837,USA,www.moderngroup.com,800-779-5116,"Sales,Service,Up To 2MW,Mobile/Diesel/Gas,"
11103,Industrial/Commercial Sales & Service,00010208021002,Modern Group Power Systems, 200 Allied Parkway,,West Berlin,NJ ,08091,USA,,800-404-7291,"Sales,Service,Up To 2MW,Mobile/Diesel/Gas,"
11103,Industrial/Commercial Sales & Service,00010208021002,Modern Group Power Systems, 6352 Chapmans Rd,,Allentown,PA ,18106,USA,,800-404-7291,"Sales,Service,Up To 2MW,Mobile/Diesel/Gas,"
11103,Industrial/Commercial Sales & Service,00010208021002,Modern Group Power Systems, 295 New Commerce Blvd.,,Wilkes Barre,PA ,18706,USA,,800-404-7291,"Sales,Service,Up To 2MW,Mobile/Diesel/Gas,"
11103,Industrial/Commercial Sales & Service,00010208021002,Modern Group Power Systems, 66A South Gate Blvd.,,New Castle,DE ,19720,USA,,800-404-7291,"Sales,Service,Up To 2MW,Mobile/Diesel/Gas,"
11103,Industrial/Commercial Sales & Service,00010000931002,"EMERGENCY POWER SYSTEMS, LLC", 35 HAMILTON LANE,,GLENMONT,NY ,12077,USA,,800-914-1465,"Service,Up To 2MW,Mobile/Diesel/Gas,"
11103,Industrial/Commercial Sales & Service,00010000931002,"EMERGENCY POWER SYSTEMS, LLC", 35 HAMILTON LANE,,GLENMONT,NY ,12077,USA,,800-914-1465,"Service,"
11103,Industrial/Commercial Sales & Service,00010208021002,Modern Group Power Systems, 3480 Board Road,,York,PA ,17402,USA,,800-404-7291,"Sales,Service,Up To 2MW,Mobile/Diesel/Gas,"
11103,Industrial/Commercial Sales & Service,00010001731002,AUTHORIZED SERVICES OF NEW ENGLAND, 410 FOREST STREET,,MARLBOROUGH,MA ,01752,USA,,888-890-9886,"Sales,"
11103,Industrial/Commercial Sales & Service,00010001761002,"GENSERVE, INC.", 100 NEWTOWN RD,,PLAINVIEW,NY ,11803,USA,www.genserveinc.com,631-435-0437,"Service,"
11103,Industrial/Commercial Sales & Service,00111209521002,LONG ISLAND EMERGENCY POWER -QO, 2 Ocean Avenue,,DEER PARK,NY ,11729,USA,,631-586-7513,"Sales,"
11103,Industrial/Commercial Sales & Service,00010139211002,POWERPRO SERVICE CO. INC., 608 JOHNSON AVE. UNIT 6,,BOHEMIA,NY ,11716,USA,,631-567-2700,"Sales,Service,Up To 600kW,Mobile/Diesel/Gas,"
11103,Industrial/Commercial Sales & Service,00010134071002,PEAK POWER SYSTEMS, 99 SPRAGUE AVENUE,,MIDDLETOWN,NY ,10940,USA,www.peakpowersystems.com,845-344-1975,"Sales,Service,Up To 600kW,Mobile/Diesel/Gas,Rental,"
11103,Industrial/Commercial Sales & Service,00111209531002,HUNTINGTON POWER - LONG ISLAND, PO BOX 2040,,SHELTON,CT ,06484,USA,,631-586-7513,"Sales,"
11103,Industrial/Commercial Sales & Service,00010001761002,"GENSERVE, INC.", 115A TWINBRIDGE DR.,,PENNSAUKEN,NJ ,08110,USA,www.genserveinc.com,856-324-0459,"Service,"
11103,Industrial/Commercial Sales & Service,00111184131002,HUNTER & LOMISON, 1956 W FOURTH ST,,WILLIAMSPORT,PA ,17701,USA,www.hunterlomison.com,570-326-1764,"Sales,Service,Up To 600kW,Mobile/Diesel/Gas,Rental,"
11103,Industrial/Commercial Sales & Service,00010000881002,HUNTER & LOMISON INC., 1956 W. 4TH STREET,,WILLIAMSPORT,PA ,17701,USA,www.hunterlomison.com,570-326-1764,"Service,Up To 600kW,Mobile/Diesel/Gas,"
11103,Industrial/Commercial Sales & Service,00010001621002,BROOKFIELD SERVICE, 708 GLEBE ROAD,,WESTMORELAND,NH ,03467,USA,www.brookfieldservice.com,802-485-6567,"Service,Up To 600kW,Mobile/Diesel/Gas,"
11103,Industrial/Commercial Sales & Service,00010021101002,SOUTH SHORE GENERATOR INC-Quote, 2696A CRANBERRY HWY,,WAREHAM,MA ,02571,USA,,508-295-7336,"Sales,Service,Up To 600kW,Mobile/Diesel/Gas,"
11103,Industrial/Commercial Sales & Service,00010001701002,SOUTH SHORE GENERATOR INC, ,,EAST WAREHAM,MA ,02538,USA,,508-295-7336,"Financing,Sales,Service,Up To 600kW,Mobile/Diesel/Gas,"
11103,Industrial/Commercial Sales & Service,00111207431002,WARSHAUER ELECTRIC SUPPLY CO INC, 800 SHREWSBURY AVE,,TINTON FALLS,NJ ,07724,USA,www.warshauer.com,732-741-6400,"Service,"
11103,Industrial/Commercial Sales & Service,00010157021002,Mechanical Service Co, 1145 Oak St.,,Pittston,PA ,18640,USA,,570-654-2445,"Service,"
11104,Industrial/Commercial Sales & Service,00010214161002,"R.L. KISTLER, INC.", 35 HAMILTON LANE,,GLENMONT,NY ,12077,USA,,585-436-1940,"Sales,Service,"
11104,Industrial/Commercial Sales & Service,00010001611002,Huntington Power, 230 Long Hill Cross Rd,,Shelton,CT ,06484,USA,www.huntingtonpower.com,203-929-3203,"Sales,Service,Up To 2MW,Mobile/Diesel/Gas,Training,Rental,"
11104,Industrial/Commercial Sales & Service,00010214161002,"R.L. Kistler, Inc", 300 Mile Crossing Blvd.,,Rochester,NY ,14624,USA,rlkistler.com,585-436-1940,"Sales,"
11104,Industrial/Commercial Sales & Service,00010214161002,"R.L. Kistler, Inc", 5615 Business Ave.,,N. Syracuse,NY ,13208,USA,,315-458-2875,"Sales,"
11104,Industrial/Commercial Sales & Service,00010001611002,Huntington Power, 68 Enter Ln,,Islandia,NY ,11749,USA,,631-563-4943,"Sales,Service,Up To 2MW,Mobile/Diesel/Gas,"
11104,Industrial/Commercial Sales & Service,00010001611002,Huntington Power, 34 E DUDLEY TOWN RD.,,BLOOMFIELD,CT ,06002,USA,,860-289-8790,"Sales,Service,Rental,"
11104,Industrial/Commercial Sales & Service,00010214161002,"R.L. Kistler, Inc", 5615 Business Ave.,,N. Syracuse,NY ,13208,USA,,315-458-2875,"Sales,"
11104,Industrial/Commercial Sales & Service,00010208021002,Modern Group Power Systems, 2501 Durham Road,,Bristol,PA ,19007,USA,www.moderngroup.com,800-404-7291,"Sales,Service,Up To 2MW,Mobile/Diesel/Gas,Training,Rental,"
11104,Industrial/Commercial Sales & Service,00010001731002,Authorized Services Of New England, 410 Forest Street,,Marlborough,MA ,01752,USA,www.asne.com,888-890-9886,"Financing,Sales,Service,Up To 2MW,Mobile/Diesel/Gas,Training,Rental,"
11104,Industrial/Commercial Sales & Service,00010008091002,MODERN HANDLING EQUIP, 75 NEW STREET,,EDISON,NJ ,08837,USA,www.moderngroup.com,800-779-5116,"Sales,Service,Up To 2MW,Mobile/Diesel/Gas,"
11104,Industrial/Commercial Sales & Service,00010208021002,Modern Group Power Systems, 200 Allied Parkway,,West Berlin,NJ ,08091,USA,,800-404-7291,"Sales,Service,Up To 2MW,Mobile/Diesel/Gas,"
11104,Industrial/Commercial Sales & Service,00010208021002,Modern Group Power Systems, 6352 Chapmans Rd,,Allentown,PA ,18106,USA,,800-404-7291,"Sales,Service,Up To 2MW,Mobile/Diesel/Gas,"
11104,Industrial/Commercial Sales & Service,00010208021002,Modern Group Power Systems, 295 New Commerce Blvd.,,Wilkes Barre,PA ,18706,USA,,800-404-7291,"Sales,Service,Up To 2MW,Mobile/Diesel/Gas,"
11104,Industrial/Commercial Sales & Service,00010208021002,Modern Group Power Systems, 66A South Gate Blvd.,,New Castle,DE ,19720,USA,,800-404-7291,"Sales,Service,Up To 2MW,Mobile/Diesel/Gas,"
11104,Industrial/Commercial Sales & Service,00010000931002,"EMERGENCY POWER SYSTEMS, LLC", 35 HAMILTON LANE,,GLENMONT,NY ,12077,USA,,800-914-1465,"Service,Up To 2MW,Mobile/Diesel/Gas,"
11104,Industrial/Commercial Sales & Service,00010000931002,"EMERGENCY POWER SYSTEMS, LLC", 35 HAMILTON LANE,,GLENMONT,NY ,12077,USA,,800-914-1465,"Service,"
11104,Industrial/Commercial Sales & Service,00010208021002,Modern Group Power Systems, 3480 Board Road,,York,PA ,17402,USA,,800-404-7291,"Sales,Service,Up To 2MW,Mobile/Diesel/Gas,"
11104,Industrial/Commercial Sales & Service,00010001731002,AUTHORIZED SERVICES OF NEW ENGLAND, 410 FOREST STREET,,MARLBOROUGH,MA ,01752,USA,,888-890-9886,"Sales,"
11104,Industrial/Commercial Sales & Service,00010001761002,"GENSERVE, INC.", 100 NEWTOWN RD,,PLAINVIEW,NY ,11803,USA,www.genserveinc.com,631-435-0437,"Service,"
11104,Industrial/Commercial Sales & Service,00111209521002,LONG ISLAND EMERGENCY POWER -QO, 2 Ocean Avenue,,DEER PARK,NY ,11729,USA,,631-586-7513,"Sales,"
11104,Industrial/Commercial Sales & Service,00010139211002,POWERPRO SERVICE CO. INC., 608 JOHNSON AVE. UNIT 6,,BOHEMIA,NY ,11716,USA,,631-567-2700,"Sales,Service,Up To 600kW,Mobile/Diesel/Gas,"
11104,Industrial/Commercial Sales & Service,00010134071002,PEAK POWER SYSTEMS, 99 SPRAGUE AVENUE,,MIDDLETOWN,NY ,10940,USA,www.peakpowersystems.com,845-344-1975,"Sales,Service,Up To 600kW,Mobile/Diesel/Gas,Rental,"
11104,Industrial/Commercial Sales & Service,00111209531002,HUNTINGTON POWER - LONG ISLAND, PO BOX 2040,,SHELTON,CT ,06484,USA,,631-586-7513,"Sales,"
11104,Industrial/Commercial Sales & Service,00010001761002,"GENSERVE, INC.", 115A TWINBRIDGE DR.,,PENNSAUKEN,NJ ,08110,USA,www.genserveinc.com,856-324-0459,"Service,"
11104,Industrial/Commercial Sales & Service,00111184131002,HUNTER & LOMISON, 1956 W FOURTH ST,,WILLIAMSPORT,PA ,17701,USA,www.hunterlomison.com,570-326-1764,"Sales,Service,Up To 600kW,Mobile/Diesel/Gas,Rental,"
11104,Industrial/Commercial Sales & Service,00010000881002,HUNTER & LOMISON INC., 1956 W. 4TH STREET,,WILLIAMSPORT,PA ,17701,USA,www.hunterlomison.com,570-326-1764,"Service,Up To 600kW,Mobile/Diesel/Gas,"
11104,Industrial/Commercial Sales & Service,00010001621002,BROOKFIELD SERVICE, 708 GLEBE ROAD,,WESTMORELAND,NH ,03467,USA,www.brookfieldservice.com,802-485-6567,"Service,Up To 600kW,Mobile/Diesel/Gas,"
11104,Industrial/Commercial Sales & Service,00010021101002,SOUTH SHORE GENERATOR INC-Quote, 2696A CRANBERRY HWY,,WAREHAM,MA ,02571,USA,,508-295-7336,"Sales,Service,Up To 600kW,Mobile/Diesel/Gas,"
11104,Industrial/Commercial Sales & Service,00010001701002,SOUTH SHORE GENERATOR INC, ,,EAST WAREHAM,MA ,02538,USA,,508-295-7336,"Financing,Sales,Service,Up To 600kW,Mobile/Diesel/Gas,"
11104,Industrial/Commercial Sales & Service,00111207431002,WARSHAUER ELECTRIC SUPPLY CO INC, 800 SHREWSBURY AVE,,TINTON FALLS,NJ ,07724,USA,www.warshauer.com,732-741-6400,"Service,"
11104,Industrial/Commercial Sales & Service,00010157021002,Mechanical Service Co, 1145 Oak St.,,Pittston,PA ,18640,USA,,570-654-2445,"Service,"
11105,Industrial/Commercial Sales & Service,00010214161002,"R.L. KISTLER, INC.", 35 HAMILTON LANE,,GLENMONT,NY ,12077,USA,,585-436-1940,"Sales,Service,"
11105,Industrial/Commercial Sales & Service,00010001611002,Huntington Power, 230 Long Hill Cross Rd,,Shelton,CT ,06484,USA,www.huntingtonpower.com,203-929-3203,"Sales,Service,Up To 2MW,Mobile/Diesel/Gas,Training,Rental,"
11105,Industrial/Commercial Sales & Service,00010214161002,"R.L. Kistler, Inc", 300 Mile Crossing Blvd.,,Rochester,NY ,14624,USA,rlkistler.com,585-436-1940,"Sales,"
11105,Industrial/Commercial Sales & Service,00010214161002,"R.L. Kistler, Inc", 5615 Business Ave.,,N. Syracuse,NY ,13208,USA,,315-458-2875,"Sales,"
11105,Industrial/Commercial Sales & Service,00010001611002,Huntington Power, 68 Enter Ln,,Islandia,NY ,11749,USA,,631-563-4943,"Sales,Service,Up To 2MW,Mobile/Diesel/Gas,"
11105,Industrial/Commercial Sales & Service,00010001611002,Huntington Power, 34 E DUDLEY TOWN RD.,,BLOOMFIELD,CT ,06002,USA,,860-289-8790,"Sales,Service,Rental,"
11105,Industrial/Commercial Sales & Service,00010214161002,"R.L. Kistler, Inc", 5615 Business Ave.,,N. Syracuse,NY ,13208,USA,,315-458-2875,"Sales,"
11105,Industrial/Commercial Sales & Service,00010208021002,Modern Group Power Systems, 2501 Durham Road,,Bristol,PA ,19007,USA,www.moderngroup.com,800-404-7291,"Sales,Service,Up To 2MW,Mobile/Diesel/Gas,Training,Rental,"
11105,Industrial/Commercial Sales & Service,00010001731002,Authorized Services Of New England, 410 Forest Street,,Marlborough,MA ,01752,USA,www.asne.com,888-890-9886,"Financing,Sales,Service,Up To 2MW,Mobile/Diesel/Gas,Training,Rental,"
11105,Industrial/Commercial Sales & Service,00010008091002,MODERN HANDLING EQUIP, 75 NEW STREET,,EDISON,NJ ,08837,USA,www.moderngroup.com,800-779-5116,"Sales,Service,Up To 2MW,Mobile/Diesel/Gas,"
11105,Industrial/Commercial Sales & Service,00010208021002,Modern Group Power Systems, 200 Allied Parkway,,West Berlin,NJ ,08091,USA,,800-404-7291,"Sales,Service,Up To 2MW,Mobile/Diesel/Gas,"
11105,Industrial/Commercial Sales & Service,00010208021002,Modern Group Power Systems, 6352 Chapmans Rd,,Allentown,PA ,18106,USA,,800-404-7291,"Sales,Service,Up To 2MW,Mobile/Diesel/Gas,"
11105,Industrial/Commercial Sales & Service,00010208021002,Modern Group Power Systems, 295 New Commerce Blvd.,,Wilkes Barre,PA ,18706,USA,,800-404-7291,"Sales,Service,Up To 2MW,Mobile/Diesel/Gas,"
11105,Industrial/Commercial Sales & Service,00010208021002,Modern Group Power Systems, 66A South Gate Blvd.,,New Castle,DE ,19720,USA,,800-404-7291,"Sales,Service,Up To 2MW,Mobile/Diesel/Gas,"
11105,Industrial/Commercial Sales & Service,00010000931002,"EMERGENCY POWER SYSTEMS, LLC", 35 HAMILTON LANE,,GLENMONT,NY ,12077,USA,,800-914-1465,"Service,Up To 2MW,Mobile/Diesel/Gas,"
11105,Industrial/Commercial Sales & Service,00010000931002,"EMERGENCY POWER SYSTEMS, LLC", 35 HAMILTON LANE,,GLENMONT,NY ,12077,USA,,800-914-1465,"Service,"
11105,Industrial/Commercial Sales & Service,00010208021002,Modern Group Power Systems, 3480 Board Road,,York,PA ,17402,USA,,800-404-7291,"Sales,Service,Up To 2MW,Mobile/Diesel/Gas,"
11105,Industrial/Commercial Sales & Service,00010001731002,AUTHORIZED SERVICES OF NEW ENGLAND, 410 FOREST STREET,,MARLBOROUGH,MA ,01752,USA,,888-890-9886,"Sales,"
11105,Industrial/Commercial Sales & Service,00010001761002,"GENSERVE, INC.", 100 NEWTOWN RD,,PLAINVIEW,NY ,11803,USA,www.genserveinc.com,631-435-0437,"Service,"
11105,Industrial/Commercial Sales & Service,00111209521002,LONG ISLAND EMERGENCY POWER -QO, 2 Ocean Avenue,,DEER PARK,NY ,11729,USA,,631-586-7513,"Sales,"
11105,Industrial/Commercial Sales & Service,00010139211002,POWERPRO SERVICE CO. INC., 608 JOHNSON AVE. UNIT 6,,BOHEMIA,NY ,11716,USA,,631-567-2700,"Sales,Service,Up To 600kW,Mobile/Diesel/Gas,"
11105,Industrial/Commercial Sales & Service,00010134071002,PEAK POWER SYSTEMS, 99 SPRAGUE AVENUE,,MIDDLETOWN,NY ,10940,USA,www.peakpowersystems.com,845-344-1975,"Sales,Service,Up To 600kW,Mobile/Diesel/Gas,Rental,"
11105,Industrial/Commercial Sales & Service,00111209531002,HUNTINGTON POWER - LONG ISLAND, PO BOX 2040,,SHELTON,CT ,06484,USA,,631-586-7513,"Sales,"
11105,Industrial/Commercial Sales & Service,00010001761002,"GENSERVE, INC.", 115A TWINBRIDGE DR.,,PENNSAUKEN,NJ ,08110,USA,www.genserveinc.com,856-324-0459,"Service,"
11105,Industrial/Commercial Sales & Service,00111184131002,HUNTER & LOMISON, 1956 W FOURTH ST,,WILLIAMSPORT,PA ,17701,USA,www.hunterlomison.com,570-326-1764,"Sales,Service,Up To 600kW,Mobile/Diesel/Gas,Rental,"
11105,Industrial/Commercial Sales & Service,00010000881002,HUNTER & LOMISON INC., 1956 W. 4TH STREET,,WILLIAMSPORT,PA ,17701,USA,www.hunterlomison.com,570-326-1764,"Service,Up To 600kW,Mobile/Diesel/Gas,"
11105,Industrial/Commercial Sales & Service,00010001621002,BROOKFIELD SERVICE, 708 GLEBE ROAD,,WESTMORELAND,NH ,03467,USA,www.brookfieldservice.com,802-485-6567,"Service,Up To 600kW,Mobile/Diesel/Gas,"
11105,Industrial/Commercial Sales & Service,00010021101002,SOUTH SHORE GENERATOR INC-Quote, 2696A CRANBERRY HWY,,WAREHAM,MA ,02571,USA,,508-295-7336,"Sales,Service,Up To 600kW,Mobile/Diesel/Gas,"
11105,Industrial/Commercial Sales & Service,00010001701002,SOUTH SHORE GENERATOR INC, ,,EAST WAREHAM,MA ,02538,USA,,508-295-7336,"Financing,Sales,Service,Up To 600kW,Mobile/Diesel/Gas,"
11105,Industrial/Commercial Sales & Service,00111207431002,WARSHAUER ELECTRIC SUPPLY CO INC, 800 SHREWSBURY AVE,,TINTON FALLS,NJ ,07724,USA,www.warshauer.com,732-741-6400,"Service,"
11105,Industrial/Commercial Sales & Service,00010157021002,Mechanical Service Co, 1145 Oak St.,,Pittston,PA ,18640,USA,,570-654-2445,"Service,"
11106,Industrial/Commercial Sales & Service,00010214161002,"R.L. Kistler, Inc", 300 Mile Crossing Blvd.,,Rochester,NY ,14624,USA,rlkistler.com,585-436-1940,"Sales,"
11106,Industrial/Commercial Sales & Service,00010214161002,"R.L. KISTLER, INC.", 35 HAMILTON LANE,,GLENMONT,NY ,12077,USA,,585-436-1940,"Sales,Service,"
11106,Industrial/Commercial Sales & Service,00010001611002,Huntington Power, 230 Long Hill Cross Rd,,Shelton,CT ,06484,USA,www.huntingtonpower.com,203-929-3203,"Sales,Service,Up To 2MW,Mobile/Diesel/Gas,Training,Rental,"
11106,Industrial/Commercial Sales & Service,00010214161002,"R.L. Kistler, Inc", 5615 Business Ave.,,N. Syracuse,NY ,13208,USA,,315-458-2875,"Sales,"
11106,Industrial/Commercial Sales & Service,00010214161002,"R.L. Kistler, Inc", 5615 Business Ave.,,N. Syracuse,NY ,13208,USA,,315-458-2875,"Sales,"
11106,Industrial/Commercial Sales & Service,00010001611002,Huntington Power, 68 Enter Ln,,Islandia,NY ,11749,USA,,631-563-4943,"Sales,Service,Up To 2MW,Mobile/Diesel/Gas,"
11106,Industrial/Commercial Sales & Service,00010001611002,Huntington Power, 34 E DUDLEY TOWN RD.,,BLOOMFIELD,CT ,06002,USA,,860-289-8790,"Sales,Service,Rental,"
11106,Industrial/Commercial Sales & Service,00010208021002,Modern Group Power Systems, 2501 Durham Road,,Bristol,PA ,19007,USA,www.moderngroup.com,800-404-7291,"Sales,Service,Up To 2MW,Mobile/Diesel/Gas,Training,Rental,"
11106,Industrial/Commercial Sales & Service,00010001731002,Authorized Services Of New England, 410 Forest Street,,Marlborough,MA ,01752,USA,www.asne.com,888-890-9886,"Financing,Sales,Service,Up To 2MW,Mobile/Diesel/Gas,Training,Rental,"
11106,Industrial/Commercial Sales & Service,00010008091002,MODERN HANDLING EQUIP, 75 NEW STREET,,EDISON,NJ ,08837,USA,www.moderngroup.com,800-779-5116,"Sales,Service,Up To 2MW,Mobile/Diesel/Gas,"
11106,Industrial/Commercial Sales & Service,00010208021002,Modern Group Power Systems, 200 Allied Parkway,,West Berlin,NJ ,08091,USA,,800-404-7291,"Sales,Service,Up To 2MW,Mobile/Diesel/Gas,"
11106,Industrial/Commercial Sales & Service,00010208021002,Modern Group Power Systems, 6352 Chapmans Rd,,Allentown,PA ,18106,USA,,800-404-7291,"Sales,Service,Up To 2MW,Mobile/Diesel/Gas,"
11106,Industrial/Commercial Sales & Service,00010208021002,Modern Group Power Systems, 295 New Commerce Blvd.,,Wilkes Barre,PA ,18706,USA,,800-404-7291,"Sales,Service,Up To 2MW,Mobile/Diesel/Gas,"
11106,Industrial/Commercial Sales & Service,00010208021002,Modern Group Power Systems, 66A South Gate Blvd.,,New Castle,DE ,19720,USA,,800-404-7291,"Sales,Service,Up To 2MW,Mobile/Diesel/Gas,"
11106,Industrial/Commercial Sales & Service,00010000931002,"EMERGENCY POWER SYSTEMS, LLC", 35 HAMILTON LANE,,GLENMONT,NY ,12077,USA,,800-914-1465,"Service,Up To 2MW,Mobile/Diesel/Gas,"
11106,Industrial/Commercial Sales & Service,00010000931002,"EMERGENCY POWER SYSTEMS, LLC", 35 HAMILTON LANE,,GLENMONT,NY ,12077,USA,,800-914-1465,"Service,"
11106,Industrial/Commercial Sales & Service,00010208021002,Modern Group Power Systems, 3480 Board Road,,York,PA ,17402,USA,,800-404-7291,"Sales,Service,Up To 2MW,Mobile/Diesel/Gas,"
11106,Industrial/Commercial Sales & Service,00010001731002,AUTHORIZED SERVICES OF NEW ENGLAND, 410 FOREST STREET,,MARLBOROUGH,MA ,01752,USA,,888-890-9886,"Sales,"
11106,Industrial/Commercial Sales & Service,00010001761002,"GENSERVE, INC.", 100 NEWTOWN RD,,PLAINVIEW,NY ,11803,USA,www.genserveinc.com,631-435-0437,"Service,"
11106,Industrial/Commercial Sales & Service,00111209521002,LONG ISLAND EMERGENCY POWER -QO, 2 Ocean Avenue,,DEER PARK,NY ,11729,USA,,631-586-7513,"Sales,"
11106,Industrial/Commercial Sales & Service,00010139211002,POWERPRO SERVICE CO. INC., 608 JOHNSON AVE. UNIT 6,,BOHEMIA,NY ,11716,USA,,631-567-2700,"Sales,Service,Up To 600kW,Mobile/Diesel/Gas,"
11106,Industrial/Commercial Sales & Service,00010134071002,PEAK POWER SYSTEMS, 99 SPRAGUE AVENUE,,MIDDLETOWN,NY ,10940,USA,www.peakpowersystems.com,845-344-1975,"Sales,Service,Up To 600kW,Mobile/Diesel/Gas,Rental,"
11106,Industrial/Commercial Sales & Service,00111209531002,HUNTINGTON POWER - LONG ISLAND, PO BOX 2040,,SHELTON,CT ,06484,USA,,631-586-7513,"Sales,"
11106,Industrial/Commercial Sales & Service,00010001761002,"GENSERVE, INC.", 115A TWINBRIDGE DR.,,PENNSAUKEN,NJ ,08110,USA,www.genserveinc.com,856-324-0459,"Service,"
11106,Industrial/Commercial Sales & Service,00111184131002,HUNTER & LOMISON, 1956 W FOURTH ST,,WILLIAMSPORT,PA ,17701,USA,www.hunterlomison.com,570-326-1764,"Sales,Service,Up To 600kW,Mobile/Diesel/Gas,Rental,"
11106,Industrial/Commercial Sales & Service,00010000881002,HUNTER & LOMISON INC., 1956 W. 4TH STREET,,WILLIAMSPORT,PA ,17701,USA,www.hunterlomison.com,570-326-1764,"Service,Up To 600kW,Mobile/Diesel/Gas,"
11106,Industrial/Commercial Sales & Service,00010001621002,BROOKFIELD SERVICE, 708 GLEBE ROAD,,WESTMORELAND,NH ,03467,USA,www.brookfieldservice.com,802-485-6567,"Service,Up To 600kW,Mobile/Diesel/Gas,"
11106,Industrial/Commercial Sales & Service,00010021101002,SOUTH SHORE GENERATOR INC-Quote, 2696A CRANBERRY HWY,,WAREHAM,MA ,02571,USA,,508-295-7336,"Sales,Service,Up To 600kW,Mobile/Diesel/Gas,"
11106,Industrial/Commercial Sales & Service,00010001701002,SOUTH SHORE GENERATOR INC, ,,EAST WAREHAM,MA ,02538,USA,,508-295-7336,"Financing,Sales,Service,Up To 600kW,Mobile/Diesel/Gas,"
11106,Industrial/Commercial Sales & Service,00111207431002,WARSHAUER ELECTRIC SUPPLY CO INC, 800 SHREWSBURY AVE,,TINTON FALLS,NJ ,07724,USA,www.warshauer.com,732-741-6400,"Service,"
11106,Industrial/Commercial Sales & Service,00010157021002,Mechanical Service Co, 1145 Oak St.,,Pittston,PA ,18640,USA,,570-654-2445,"Service,"
11109,Industrial/Commercial Sales & Service,00010001611002,Huntington Power, 230 Long Hill Cross Rd,,Shelton,CT ,06484,USA,www.huntingtonpower.com,203-929-3203,"Sales,Service,Up To 2MW,Mobile/Diesel/Gas,Training,Rental,"
11109,Industrial/Commercial Sales & Service,00010214161002,"R.L. KISTLER, INC.", 35 HAMILTON LANE,,GLENMONT,NY ,12077,USA,,585-436-1940,"Sales,Service,"
11109,Industrial/Commercial Sales & Service,00010214161002,"R.L. Kistler, Inc", 300 Mile Crossing Blvd.,,Rochester,NY ,14624,USA,rlkistler.com,585-436-1940,"Sales,"
11109,Industrial/Commercial Sales & Service,00010001611002,Huntington Power, 68 Enter Ln,,Islandia,NY ,11749,USA,,631-563-4943,"Sales,Service,Up To 2MW,Mobile/Diesel/Gas,"
11109,Industrial/Commercial Sales & Service,00010001611002,Huntington Power, 34 E DUDLEY TOWN RD.,,BLOOMFIELD,CT ,06002,USA,,860-289-8790,"Sales,Service,Rental,"
11109,Industrial/Commercial Sales & Service,00010214161002,"R.L. Kistler, Inc", 5615 Business Ave.,,N. Syracuse,NY ,13208,USA,,315-458-2875,"Sales,"
11109,Industrial/Commercial Sales & Service,00010214161002,"R.L. Kistler, Inc", 5615 Business Ave.,,N. Syracuse,NY ,13208,USA,,315-458-2875,"Sales,"
11109,Industrial/Commercial Sales & Service,00010208021002,Modern Group Power Systems, 2501 Durham Road,,Bristol,PA ,19007,USA,www.moderngroup.com,800-404-7291,"Sales,Service,Up To 2MW,Mobile/Diesel/Gas,Training,Rental,"
11109,Industrial/Commercial Sales & Service,00010001731002,Authorized Services Of New England, 410 Forest Street,,Marlborough,MA ,01752,USA,www.asne.com,888-890-9886,"Financing,Sales,Service,Up To 2MW,Mobile/Diesel/Gas,Training,Rental,"
11109,Industrial/Commercial Sales & Service,00010008091002,MODERN HANDLING EQUIP, 75 NEW STREET,,EDISON,NJ ,08837,USA,www.moderngroup.com,800-779-5116,"Sales,Service,Up To 2MW,Mobile/Diesel/Gas,"
11109,Industrial/Commercial Sales & Service,00010208021002,Modern Group Power Systems, 200 Allied Parkway,,West Berlin,NJ ,08091,USA,,800-404-7291,"Sales,Service,Up To 2MW,Mobile/Diesel/Gas,"
11109,Industrial/Commercial Sales & Service,00010208021002,Modern Group Power Systems, 6352 Chapmans Rd,,Allentown,PA ,18106,USA,,800-404-7291,"Sales,Service,Up To 2MW,Mobile/Diesel/Gas,"
11109,Industrial/Commercial Sales & Service,00010208021002,Modern Group Power Systems, 295 New Commerce Blvd.,,Wilkes Barre,PA ,18706,USA,,800-404-7291,"Sales,Service,Up To 2MW,Mobile/Diesel/Gas,"
11109,Industrial/Commercial Sales & Service,00010208021002,Modern Group Power Systems, 66A South Gate Blvd.,,New Castle,DE ,19720,USA,,800-404-7291,"Sales,Service,Up To 2MW,Mobile/Diesel/Gas,"
11109,Industrial/Commercial Sales & Service,00010000931002,"EMERGENCY POWER SYSTEMS, LLC", 35 HAMILTON LANE,,GLENMONT,NY ,12077,USA,,800-914-1465,"Service,Up To 2MW,Mobile/Diesel/Gas,"
11109,Industrial/Commercial Sales & Service,00010000931002,"EMERGENCY POWER SYSTEMS, LLC", 35 HAMILTON LANE,,GLENMONT,NY ,12077,USA,,800-914-1465,"Service,"
11109,Industrial/Commercial Sales & Service,00010208021002,Modern Group Power Systems, 3480 Board Road,,York,PA ,17402,USA,,800-404-7291,"Sales,Service,Up To 2MW,Mobile/Diesel/Gas,"
11109,Industrial/Commercial Sales & Service,00010001731002,AUTHORIZED SERVICES OF NEW ENGLAND, 410 FOREST STREET,,MARLBOROUGH,MA ,01752,USA,,888-890-9886,"Sales,"
11109,Industrial/Commercial Sales & Service,00010001761002,"GENSERVE, INC.", 100 NEWTOWN RD,,PLAINVIEW,NY ,11803,USA,www.genserveinc.com,631-435-0437,"Service,"
11109,Industrial/Commercial Sales & Service,00111209521002,LONG ISLAND EMERGENCY POWER -QO, 2 Ocean Avenue,,DEER PARK,NY ,11729,USA,,631-586-7513,"Sales,"
11109,Industrial/Commercial Sales & Service,00010139211002,POWERPRO SERVICE CO. INC., 608 JOHNSON AVE. UNIT 6,,BOHEMIA,NY ,11716,USA,,631-567-2700,"Sales,Service,Up To 600kW,Mobile/Diesel/Gas,"
11109,Industrial/Commercial Sales & Service,00010134071002,PEAK POWER SYSTEMS, 99 SPRAGUE AVENUE,,MIDDLETOWN,NY ,10940,USA,www.peakpowersystems.com,845-344-1975,"Sales,Service,Up To 600kW,Mobile/Diesel/Gas,Rental,"
11109,Industrial/Commercial Sales & Service,00111209531002,HUNTINGTON POWER - LONG ISLAND, PO BOX 2040,,SHELTON,CT ,06484,USA,,631-586-7513,"Sales,"
11109,Industrial/Commercial Sales & Service,00010001761002,"GENSERVE, INC.", 115A TWINBRIDGE DR.,,PENNSAUKEN,NJ ,08110,USA,www.genserveinc.com,856-324-0459,"Service,"
11109,Industrial/Commercial Sales & Service,00111184131002,HUNTER & LOMISON, 1956 W FOURTH ST,,WILLIAMSPORT,PA ,17701,USA,www.hunterlomison.com,570-326-1764,"Sales,Service,Up To 600kW,Mobile/Diesel/Gas,Rental,"
11109,Industrial/Commercial Sales & Service,00010000881002,HUNTER & LOMISON INC., 1956 W. 4TH STREET,,WILLIAMSPORT,PA ,17701,USA,www.hunterlomison.com,570-326-1764,"Service,Up To 600kW,Mobile/Diesel/Gas,"
11109,Industrial/Commercial Sales & Service,00010001621002,BROOKFIELD SERVICE, 708 GLEBE ROAD,,WESTMORELAND,NH ,03467,USA,www.brookfieldservice.com,802-485-6567,"Service,Up To 600kW,Mobile/Diesel/Gas,"
11109,Industrial/Commercial Sales & Service,00010021101002,SOUTH SHORE GENERATOR INC-Quote, 2696A CRANBERRY HWY,,WAREHAM,MA ,02571,USA,,508-295-7336,"Sales,Service,Up To 600kW,Mobile/Diesel/Gas,"
11109,Industrial/Commercial Sales & Service,00010001701002,SOUTH SHORE GENERATOR INC, ,,EAST WAREHAM,MA ,02538,USA,,508-295-7336,"Financing,Sales,Service,Up To 600kW,Mobile/Diesel/Gas,"
11109,Industrial/Commercial Sales & Service,00111207431002,WARSHAUER ELECTRIC SUPPLY CO INC, 800 SHREWSBURY AVE,,TINTON FALLS,NJ ,07724,USA,www.warshauer.com,732-741-6400,"Service,"
11109,Industrial/Commercial Sales & Service,00010157021002,Mechanical Service Co, 1145 Oak St.,,Pittston,PA ,18640,USA,,570-654-2445,"Service,"
11120,Industrial/Commercial Sales & Service,00010214161002,"R.L. Kistler, Inc", 300 Mile Crossing Blvd.,,Rochester,NY ,14624,USA,rlkistler.com,585-436-1940,"Sales,"
11120,Industrial/Commercial Sales & Service,00010214161002,"R.L. KISTLER, INC.", 35 HAMILTON LANE,,GLENMONT,NY ,12077,USA,,585-436-1940,"Sales,Service,"
11120,Industrial/Commercial Sales & Service,00010001611002,Huntington Power, 230 Long Hill Cross Rd,,Shelton,CT ,06484,USA,www.huntingtonpower.com,203-929-3203,"Sales,Service,Up To 2MW,Mobile/Diesel/Gas,Training,Rental,"
11120,Industrial/Commercial Sales & Service,00010214161002,"R.L. Kistler, Inc", 5615 Business Ave.,,N. Syracuse,NY ,13208,USA,,315-458-2875,"Sales,"
11120,Industrial/Commercial Sales & Service,00010214161002,"R.L. Kistler, Inc", 5615 Business Ave.,,N. Syracuse,NY ,13208,USA,,315-458-2875,"Sales,"
11120,Industrial/Commercial Sales & Service,00010001611002,Huntington Power, 68 Enter Ln,,Islandia,NY ,11749,USA,,631-563-4943,"Sales,Service,Up To 2MW,Mobile/Diesel/Gas,"
11120,Industrial/Commercial Sales & Service,00010001611002,Huntington Power, 34 E DUDLEY TOWN RD.,,BLOOMFIELD,CT ,06002,USA,,860-289-8790,"Sales,Service,Rental,"
11120,Industrial/Commercial Sales & Service,00010208021002,Modern Group Power Systems, 2501 Durham Road,,Bristol,PA ,19007,USA,www.moderngroup.com,800-404-7291,"Sales,Service,Up To 2MW,Mobile/Diesel/Gas,Training,Rental,"
11120,Industrial/Commercial Sales & Service,00010001731002,Authorized Services Of New England, 410 Forest Street,,Marlborough,MA ,01752,USA,www.asne.com,888-890-9886,"Financing,Sales,Service,Up To 2MW,Mobile/Diesel/Gas,Training,Rental,"
11120,Industrial/Commercial Sales & Service,00010008091002,MODERN HANDLING EQUIP, 75 NEW STREET,,EDISON,NJ ,08837,USA,www.moderngroup.com,800-779-5116,"Sales,Service,Up To 2MW,Mobile/Diesel/Gas,"
11120,Industrial/Commercial Sales & Service,00010208021002,Modern Group Power Systems, 200 Allied Parkway,,West Berlin,NJ ,08091,USA,,800-404-7291,"Sales,Service,Up To 2MW,Mobile/Diesel/Gas,"
11120,Industrial/Commercial Sales & Service,00010208021002,Modern Group Power Systems, 6352 Chapmans Rd,,Allentown,PA ,18106,USA,,800-404-7291,"Sales,Service,Up To 2MW,Mobile/Diesel/Gas,"
11120,Industrial/Commercial Sales & Service,00010208021002,Modern Group Power Systems, 295 New Commerce Blvd.,,Wilkes Barre,PA ,18706,USA,,800-404-7291,"Sales,Service,Up To 2MW,Mobile/Diesel/Gas,"
11120,Industrial/Commercial Sales & Service,00010208021002,Modern Group Power Systems, 66A South Gate Blvd.,,New Castle,DE ,19720,USA,,800-404-7291,"Sales,Service,Up To 2MW,Mobile/Diesel/Gas,"
11120,Industrial/Commercial Sales & Service,00010000931002,"EMERGENCY POWER SYSTEMS, LLC", 35 HAMILTON LANE,,GLENMONT,NY ,12077,USA,,800-914-1465,"Service,Up To 2MW,Mobile/Diesel/Gas,"
11120,Industrial/Commercial Sales & Service,00010000931002,"EMERGENCY POWER SYSTEMS, LLC", 35 HAMILTON LANE,,GLENMONT,NY ,12077,USA,,800-914-1465,"Service,"
11120,Industrial/Commercial Sales & Service,00010208021002,Modern Group Power Systems, 3480 Board Road,,York,PA ,17402,USA,,800-404-7291,"Sales,Service,Up To 2MW,Mobile/Diesel/Gas,"
11120,Industrial/Commercial Sales & Service,00010001731002,AUTHORIZED SERVICES OF NEW ENGLAND, 410 FOREST STREET,,MARLBOROUGH,MA ,01752,USA,,888-890-9886,"Sales,"
11120,Industrial/Commercial Sales & Service,00010001761002,"GENSERVE, INC.", 100 NEWTOWN RD,,PLAINVIEW,NY ,11803,USA,www.genserveinc.com,631-435-0437,"Service,"
11120,Industrial/Commercial Sales & Service,00111209521002,LONG ISLAND EMERGENCY POWER -QO, 2 Ocean Avenue,,DEER PARK,NY ,11729,USA,,631-586-7513,"Sales,"
11120,Industrial/Commercial Sales & Service,00010139211002,POWERPRO SERVICE CO. INC., 608 JOHNSON AVE. UNIT 6,,BOHEMIA,NY ,11716,USA,,631-567-2700,"Sales,Service,Up To 600kW,Mobile/Diesel/Gas,"
11120,Industrial/Commercial Sales & Service,00010134071002,PEAK POWER SYSTEMS, 99 SPRAGUE AVENUE,,MIDDLETOWN,NY ,10940,USA,www.peakpowersystems.com,845-344-1975,"Sales,Service,Up To 600kW,Mobile/Diesel/Gas,Rental,"
11120,Industrial/Commercial Sales & Service,00111209531002,HUNTINGTON POWER - LONG ISLAND, PO BOX 2040,,SHELTON,CT ,06484,USA,,631-586-7513,"Sales,"
11120,Industrial/Commercial Sales & Service,00010001761002,"GENSERVE, INC.", 115A TWINBRIDGE DR.,,PENNSAUKEN,NJ ,08110,USA,www.genserveinc.com,856-324-0459,"Service,"
11120,Industrial/Commercial Sales & Service,00111184131002,HUNTER & LOMISON, 1956 W FOURTH ST,,WILLIAMSPORT,PA ,17701,USA,www.hunterlomison.com,570-326-1764,"Sales,Service,Up To 600kW,Mobile/Diesel/Gas,Rental,"
11120,Industrial/Commercial Sales & Service,00010000881002,HUNTER & LOMISON INC., 1956 W. 4TH STREET,,WILLIAMSPORT,PA ,17701,USA,www.hunterlomison.com,570-326-1764,"Service,Up To 600kW,Mobile/Diesel/Gas,"
11120,Industrial/Commercial Sales & Service,00010001621002,BROOKFIELD SERVICE, 708 GLEBE ROAD,,WESTMORELAND,NH ,03467,USA,www.brookfieldservice.com,802-485-6567,"Service,Up To 600kW,Mobile/Diesel/Gas,"
11120,Industrial/Commercial Sales & Service,00010021101002,SOUTH SHORE GENERATOR INC-Quote, 2696A CRANBERRY HWY,,WAREHAM,MA ,02571,USA,,508-295-7336,"Sales,Service,Up To 600kW,Mobile/Diesel/Gas,"
11120,Industrial/Commercial Sales & Service,00010001701002,SOUTH SHORE GENERATOR INC, ,,EAST WAREHAM,MA ,02538,USA,,508-295-7336,"Financing,Sales,Service,Up To 600kW,Mobile/Diesel/Gas,"
11120,Industrial/Commercial Sales & Service,00111207431002,WARSHAUER ELECTRIC SUPPLY CO INC, 800 SHREWSBURY AVE,,TINTON FALLS,NJ ,07724,USA,www.warshauer.com,732-741-6400,"Service,"
11120,Industrial/Commercial Sales & Service,00010157021002,Mechanical Service Co, 1145 Oak St.,,Pittston,PA ,18640,USA,,570-654-2445,"Service,"
11201,Industrial/Commercial Sales & Service,00010214161002,"R.L. KISTLER, INC.", 35 HAMILTON LANE,,GLENMONT,NY ,12077,USA,,585-436-1940,"Sales,Service,"
11201,Industrial/Commercial Sales & Service,00010214161002,"R.L. Kistler, Inc", 300 Mile Crossing Blvd.,,Rochester,NY ,14624,USA,rlkistler.com,585-436-1940,"Sales,"
11201,Industrial/Commercial Sales & Service,00010001611002,Huntington Power, 230 Long Hill Cross Rd,,Shelton,CT ,06484,USA,www.huntingtonpower.com,203-929-3203,"Sales,Service,Up To 2MW,Mobile/Diesel/Gas,Training,Rental,"
11201,Industrial/Commercial Sales & Service,00010214161002,"R.L. Kistler, Inc", 5615 Business Ave.,,N. Syracuse,NY ,13208,USA,,315-458-2875,"Sales,"
11201,Industrial/Commercial Sales & Service,00010214161002,"R.L. Kistler, Inc", 5615 Business Ave.,,N. Syracuse,NY ,13208,USA,,315-458-2875,"Sales,"
11201,Industrial/Commercial Sales & Service,00010001611002,Huntington Power, 68 Enter Ln,,Islandia,NY ,11749,USA,,631-563-4943,"Sales,Service,Up To 2MW,Mobile/Diesel/Gas,"
11201,Industrial/Commercial Sales & Service,00010001611002,Huntington Power, 34 E DUDLEY TOWN RD.,,BLOOMFIELD,CT ,06002,USA,,860-289-8790,"Sales,Service,Rental,"
11201,Industrial/Commercial Sales & Service,00010208021002,Modern Group Power Systems, 2501 Durham Road,,Bristol,PA ,19007,USA,www.moderngroup.com,800-404-7291,"Sales,Service,Up To 2MW,Mobile/Diesel/Gas,Training,Rental,"
11201,Industrial/Commercial Sales & Service,00010001731002,Authorized Services Of New England, 410 Forest Street,,Marlborough,MA ,01752,USA,www.asne.com,888-890-9886,"Financing,Sales,Service,Up To 2MW,Mobile/Diesel/Gas,Training,Rental,"
11201,Industrial/Commercial Sales & Service,00010008091002,MODERN HANDLING EQUIP, 75 NEW STREET,,EDISON,NJ ,08837,USA,www.moderngroup.com,800-779-5116,"Sales,Service,Up To 2MW,Mobile/Diesel/Gas,"
11201,Industrial/Commercial Sales & Service,00010208021002,Modern Group Power Systems, 200 Allied Parkway,,West Berlin,NJ ,08091,USA,,800-404-7291,"Sales,Service,Up To 2MW,Mobile/Diesel/Gas,"
11201,Industrial/Commercial Sales & Service,00010208021002,Modern Group Power Systems, 6352 Chapmans Rd,,Allentown,PA ,18106,USA,,800-404-7291,"Sales,Service,Up To 2MW,Mobile/Diesel/Gas,"
11201,Industrial/Commercial Sales & Service,00010208021002,Modern Group Power Systems, 295 New Commerce Blvd.,,Wilkes Barre,PA ,18706,USA,,800-404-7291,"Sales,Service,Up To 2MW,Mobile/Diesel/Gas,"
11201,Industrial/Commercial Sales & Service,00010208021002,Modern Group Power Systems, 66A South Gate Blvd.,,New Castle,DE ,19720,USA,,800-404-7291,"Sales,Service,Up To 2MW,Mobile/Diesel/Gas,"
11201,Industrial/Commercial Sales & Service,00010000931002,"EMERGENCY POWER SYSTEMS, LLC", 35 HAMILTON LANE,,GLENMONT,NY ,12077,USA,,800-914-1465,"Service,Up To 2MW,Mobile/Diesel/Gas,"
11201,Industrial/Commercial Sales & Service,00010000931002,"EMERGENCY POWER SYSTEMS, LLC", 35 HAMILTON LANE,,GLENMONT,NY ,12077,USA,,800-914-1465,"Service,"
11201,Industrial/Commercial Sales & Service,00010208021002,Modern Group Power Systems, 3480 Board Road,,York,PA ,17402,USA,,800-404-7291,"Sales,Service,Up To 2MW,Mobile/Diesel/Gas,"
11201,Industrial/Commercial Sales & Service,00010001731002,AUTHORIZED SERVICES OF NEW ENGLAND, 410 FOREST STREET,,MARLBOROUGH,MA ,01752,USA,,888-890-9886,"Sales,"
11201,Industrial/Commercial Sales & Service,00010001691002,Kelly Generator & Equipment, 1955 Dale Ln,,Owings,MD ,20736,USA,www.kge.com,410-257-5225,"Sales,Service,Up To 2MW,Mobile/Diesel/Gas,Training,Rental,"
11201,Industrial/Commercial Sales & Service,00010001761002,"GENSERVE, INC.", 100 NEWTOWN RD,,PLAINVIEW,NY ,11803,USA,www.genserveinc.com,631-435-0437,"Service,"
11201,Industrial/Commercial Sales & Service,00111209521002,LONG ISLAND EMERGENCY POWER -QO, 2 Ocean Avenue,,DEER PARK,NY ,11729,USA,,631-586-7513,"Sales,"
11201,Industrial/Commercial Sales & Service,00010139211002,POWERPRO SERVICE CO. INC., 608 JOHNSON AVE. UNIT 6,,BOHEMIA,NY ,11716,USA,,631-567-2700,"Sales,Service,Up To 600kW,Mobile/Diesel/Gas,"
11201,Industrial/Commercial Sales & Service,00010134071002,PEAK POWER SYSTEMS, 99 SPRAGUE AVENUE,,MIDDLETOWN,NY ,10940,USA,www.peakpowersystems.com,845-344-1975,"Sales,Service,Up To 600kW,Mobile/Diesel/Gas,Rental,"
11201,Industrial/Commercial Sales & Service,00111209531002,HUNTINGTON POWER - LONG ISLAND, PO BOX 2040,,SHELTON,CT ,06484,USA,,631-586-7513,"Sales,"
11201,Industrial/Commercial Sales & Service,00010001761002,"GENSERVE, INC.", 115A TWINBRIDGE DR.,,PENNSAUKEN,NJ ,08110,USA,www.genserveinc.com,856-324-0459,"Service,"
11201,Industrial/Commercial Sales & Service,00111184131002,HUNTER & LOMISON, 1956 W FOURTH ST,,WILLIAMSPORT,PA ,17701,USA,www.hunterlomison.com,570-326-1764,"Sales,Service,Up To 600kW,Mobile/Diesel/Gas,Rental,"
11201,Industrial/Commercial Sales & Service,00010000881002,HUNTER & LOMISON INC., 1956 W. 4TH STREET,,WILLIAMSPORT,PA ,17701,USA,www.hunterlomison.com,570-326-1764,"Service,Up To 600kW,Mobile/Diesel/Gas,"
11201,Industrial/Commercial Sales & Service,00010001621002,BROOKFIELD SERVICE, 708 GLEBE ROAD,,WESTMORELAND,NH ,03467,USA,www.brookfieldservice.com,802-485-6567,"Service,Up To 600kW,Mobile/Diesel/Gas,"
11201,Industrial/Commercial Sales & Service,00010021101002,SOUTH SHORE GENERATOR INC-Quote, 2696A CRANBERRY HWY,,WAREHAM,MA ,02571,USA,,508-295-7336,"Sales,Service,Up To 600kW,Mobile/Diesel/Gas,"
11201,Industrial/Commercial Sales & Service,00010001701002,SOUTH SHORE GENERATOR INC, ,,EAST WAREHAM,MA ,02538,USA,,508-295-7336,"Financing,Sales,Service,Up To 600kW,Mobile/Diesel/Gas,"
11201,Industrial/Commercial Sales & Service,00111207431002,WARSHAUER ELECTRIC SUPPLY CO INC, 800 SHREWSBURY AVE,,TINTON FALLS,NJ ,07724,USA,www.warshauer.com,732-741-6400,"Service,"
11201,Industrial/Commercial Sales & Service,00010157021002,Mechanical Service Co, 1145 Oak St.,,Pittston,PA ,18640,USA,,570-654-2445,"Service,"
11202,Industrial/Commercial Sales & Service,00010001611002,Huntington Power, 230 Long Hill Cross Rd,,Shelton,CT ,06484,USA,www.huntingtonpower.com,203-929-3203,"Sales,Service,Up To 2MW,Mobile/Diesel/Gas,Training,Rental,"
11202,Industrial/Commercial Sales & Service,00010214161002,"R.L. Kistler, Inc", 300 Mile Crossing Blvd.,,Rochester,NY ,14624,USA,rlkistler.com,585-436-1940,"Sales,"
11202,Industrial/Commercial Sales & Service,00010214161002,"R.L. KISTLER, INC.", 35 HAMILTON LANE,,GLENMONT,NY ,12077,USA,,585-436-1940,"Sales,Service,"
11202,Industrial/Commercial Sales & Service,00010001611002,Huntington Power, 68 Enter Ln,,Islandia,NY ,11749,USA,,631-563-4943,"Sales,Service,Up To 2MW,Mobile/Diesel/Gas,"
11202,Industrial/Commercial Sales & Service,00010001611002,Huntington Power, 34 E DUDLEY TOWN RD.,,BLOOMFIELD,CT ,06002,USA,,860-289-8790,"Sales,Service,Rental,"
11202,Industrial/Commercial Sales & Service,00010214161002,"R.L. Kistler, Inc", 5615 Business Ave.,,N. Syracuse,NY ,13208,USA,,315-458-2875,"Sales,"
11202,Industrial/Commercial Sales & Service,00010214161002,"R.L. Kistler, Inc", 5615 Business Ave.,,N. Syracuse,NY ,13208,USA,,315-458-2875,"Sales,"
11202,Industrial/Commercial Sales & Service,00010208021002,Modern Group Power Systems, 2501 Durham Road,,Bristol,PA ,19007,USA,www.moderngroup.com,800-404-7291,"Sales,Service,Up To 2MW,Mobile/Diesel/Gas,Training,Rental,"
11202,Industrial/Commercial Sales & Service,00010001731002,Authorized Services Of New England, 410 Forest Street,,Marlborough,MA ,01752,USA,www.asne.com,888-890-9886,"Financing,Sales,Service,Up To 2MW,Mobile/Diesel/Gas,Training,Rental,"
11202,Industrial/Commercial Sales & Service,00010008091002,MODERN HANDLING EQUIP, 75 NEW STREET,,EDISON,NJ ,08837,USA,www.moderngroup.com,800-779-5116,"Sales,Service,Up To 2MW,Mobile/Diesel/Gas,"
11202,Industrial/Commercial Sales & Service,00010208021002,Modern Group Power Systems, 200 Allied Parkway,,West Berlin,NJ ,08091,USA,,800-404-7291,"Sales,Service,Up To 2MW,Mobile/Diesel/Gas,"
11202,Industrial/Commercial Sales & Service,00010208021002,Modern Group Power Systems, 6352 Chapmans Rd,,Allentown,PA ,18106,USA,,800-404-7291,"Sales,Service,Up To 2MW,Mobile/Diesel/Gas,"
11202,Industrial/Commercial Sales & Service,00010208021002,Modern Group Power Systems, 295 New Commerce Blvd.,,Wilkes Barre,PA ,18706,USA,,800-404-7291,"Sales,Service,Up To 2MW,Mobile/Diesel/Gas,"
11202,Industrial/Commercial Sales & Service,00010208021002,Modern Group Power Systems, 66A South Gate Blvd.,,New Castle,DE ,19720,USA,,800-404-7291,"Sales,Service,Up To 2MW,Mobile/Diesel/Gas,"
11202,Industrial/Commercial Sales & Service,00010000931002,"EMERGENCY POWER SYSTEMS, LLC", 35 HAMILTON LANE,,GLENMONT,NY ,12077,USA,,800-914-1465,"Service,Up To 2MW,Mobile/Diesel/Gas,"
11202,Industrial/Commercial Sales & Service,00010000931002,"EMERGENCY POWER SYSTEMS, LLC", 35 HAMILTON LANE,,GLENMONT,NY ,12077,USA,,800-914-1465,"Service,"
11202,Industrial/Commercial Sales & Service,00010208021002,Modern Group Power Systems, 3480 Board Road,,York,PA ,17402,USA,,800-404-7291,"Sales,Service,Up To 2MW,Mobile/Diesel/Gas,"
11202,Industrial/Commercial Sales & Service,00010001731002,AUTHORIZED SERVICES OF NEW ENGLAND, 410 FOREST STREET,,MARLBOROUGH,MA ,01752,USA,,888-890-9886,"Sales,"
11202,Industrial/Commercial Sales & Service,00010001691002,Kelly Generator & Equipment, 1955 Dale Ln,,Owings,MD ,20736,USA,www.kge.com,410-257-5225,"Sales,Service,Up To 2MW,Mobile/Diesel/Gas,Training,Rental,"
11202,Industrial/Commercial Sales & Service,00010001761002,"GENSERVE, INC.", 100 NEWTOWN RD,,PLAINVIEW,NY ,11803,USA,www.genserveinc.com,631-435-0437,"Service,"
11202,Industrial/Commercial Sales & Service,00111209521002,LONG ISLAND EMERGENCY POWER -QO, 2 Ocean Avenue,,DEER PARK,NY ,11729,USA,,631-586-7513,"Sales,"
11202,Industrial/Commercial Sales & Service,00010139211002,POWERPRO SERVICE CO. INC., 608 JOHNSON AVE. UNIT 6,,BOHEMIA,NY ,11716,USA,,631-567-2700,"Sales,Service,Up To 600kW,Mobile/Diesel/Gas,"
11202,Industrial/Commercial Sales & Service,00010134071002,PEAK POWER SYSTEMS, 99 SPRAGUE AVENUE,,MIDDLETOWN,NY ,10940,USA,www.peakpowersystems.com,845-344-1975,"Sales,Service,Up To 600kW,Mobile/Diesel/Gas,Rental,"
11202,Industrial/Commercial Sales & Service,00111209531002,HUNTINGTON POWER - LONG ISLAND, PO BOX 2040,,SHELTON,CT ,06484,USA,,631-586-7513,"Sales,"
11202,Industrial/Commercial Sales & Service,00010001761002,"GENSERVE, INC.", 115A TWINBRIDGE DR.,,PENNSAUKEN,NJ ,08110,USA,www.genserveinc.com,856-324-0459,"Service,"
11202,Industrial/Commercial Sales & Service,00111184131002,HUNTER & LOMISON, 1956 W FOURTH ST,,WILLIAMSPORT,PA ,17701,USA,www.hunterlomison.com,570-326-1764,"Sales,Service,Up To 600kW,Mobile/Diesel/Gas,Rental,"
11202,Industrial/Commercial Sales & Service,00010000881002,HUNTER & LOMISON INC., 1956 W. 4TH STREET,,WILLIAMSPORT,PA ,17701,USA,www.hunterlomison.com,570-326-1764,"Service,Up To 600kW,Mobile/Diesel/Gas,"
11202,Industrial/Commercial Sales & Service,00010001621002,BROOKFIELD SERVICE, 708 GLEBE ROAD,,WESTMORELAND,NH ,03467,USA,www.brookfieldservice.com,802-485-6567,"Service,Up To 600kW,Mobile/Diesel/Gas,"
11202,Industrial/Commercial Sales & Service,00010021101002,SOUTH SHORE GENERATOR INC-Quote, 2696A CRANBERRY HWY,,WAREHAM,MA ,02571,USA,,508-295-7336,"Sales,Service,Up To 600kW,Mobile/Diesel/Gas,"
11202,Industrial/Commercial Sales & Service,00010001701002,SOUTH SHORE GENERATOR INC, ,,EAST WAREHAM,MA ,02538,USA,,508-295-7336,"Financing,Sales,Service,Up To 600kW,Mobile/Diesel/Gas,"
11202,Industrial/Commercial Sales & Service,00111207431002,WARSHAUER ELECTRIC SUPPLY CO INC, 800 SHREWSBURY AVE,,TINTON FALLS,NJ ,07724,USA,www.warshauer.com,732-741-6400,"Service,"
11202,Industrial/Commercial Sales & Service,00010157021002,Mechanical Service Co, 1145 Oak St.,,Pittston,PA ,18640,USA,,570-654-2445,"Service,"
11203,Industrial/Commercial Sales & Service,00010214161002,"R.L. KISTLER, INC.", 35 HAMILTON LANE,,GLENMONT,NY ,12077,USA,,585-436-1940,"Sales,Service,"
11203,Industrial/Commercial Sales & Service,00010214161002,"R.L. Kistler, Inc", 300 Mile Crossing Blvd.,,Rochester,NY ,14624,USA,rlkistler.com,585-436-1940,"Sales,"
11203,Industrial/Commercial Sales & Service,00010001611002,Huntington Power, 230 Long Hill Cross Rd,,Shelton,CT ,06484,USA,www.huntingtonpower.com,203-929-3203,"Sales,Service,Up To 2MW,Mobile/Diesel/Gas,Training,Rental,"
11203,Industrial/Commercial Sales & Service,00010214161002,"R.L. Kistler, Inc", 5615 Business Ave.,,N. Syracuse,NY ,13208,USA,,315-458-2875,"Sales,"
11203,Industrial/Commercial Sales & Service,00010214161002,"R.L. Kistler, Inc", 5615 Business Ave.,,N. Syracuse,NY ,13208,USA,,315-458-2875,"Sales,"
11203,Industrial/Commercial Sales & Service,00010001611002,Huntington Power, 68 Enter Ln,,Islandia,NY ,11749,USA,,631-563-4943,"Sales,Service,Up To 2MW,Mobile/Diesel/Gas,"
11203,Industrial/Commercial Sales & Service,00010001611002,Huntington Power, 34 E DUDLEY TOWN RD.,,BLOOMFIELD,CT ,06002,USA,,860-289-8790,"Sales,Service,Rental,"
11203,Industrial/Commercial Sales & Service,00010208021002,Modern Group Power Systems, 2501 Durham Road,,Bristol,PA ,19007,USA,www.moderngroup.com,800-404-7291,"Sales,Service,Up To 2MW,Mobile/Diesel/Gas,Training,Rental,"
11203,Industrial/Commercial Sales & Service,00010001731002,Authorized Services Of New England, 410 Forest Street,,Marlborough,MA ,01752,USA,www.asne.com,888-890-9886,"Financing,Sales,Service,Up To 2MW,Mobile/Diesel/Gas,Training,Rental,"
11203,Industrial/Commercial Sales & Service,00010008091002,MODERN HANDLING EQUIP, 75 NEW STREET,,EDISON,NJ ,08837,USA,www.moderngroup.com,800-779-5116,"Sales,Service,Up To 2MW,Mobile/Diesel/Gas,"
11203,Industrial/Commercial Sales & Service,00010208021002,Modern Group Power Systems, 200 Allied Parkway,,West Berlin,NJ ,08091,USA,,800-404-7291,"Sales,Service,Up To 2MW,Mobile/Diesel/Gas,"
11203,Industrial/Commercial Sales & Service,00010208021002,Modern Group Power Systems, 6352 Chapmans Rd,,Allentown,PA ,18106,USA,,800-404-7291,"Sales,Service,Up To 2MW,Mobile/Diesel/Gas,"
11203,Industrial/Commercial Sales & Service,00010208021002,Modern Group Power Systems, 295 New Commerce Blvd.,,Wilkes Barre,PA ,18706,USA,,800-404-7291,"Sales,Service,Up To 2MW,Mobile/Diesel/Gas,"
11203,Industrial/Commercial Sales & Service,00010208021002,Modern Group Power Systems, 66A South Gate Blvd.,,New Castle,DE ,19720,USA,,800-404-7291,"Sales,Service,Up To 2MW,Mobile/Diesel/Gas,"
11203,Industrial/Commercial Sales & Service,00010000931002,"EMERGENCY POWER SYSTEMS, LLC", 35 HAMILTON LANE,,GLENMONT,NY ,12077,USA,,800-914-1465,"Service,Up To 2MW,Mobile/Diesel/Gas,"
11203,Industrial/Commercial Sales & Service,00010000931002,"EMERGENCY POWER SYSTEMS, LLC", 35 HAMILTON LANE,,GLENMONT,NY ,12077,USA,,800-914-1465,"Service,"
11203,Industrial/Commercial Sales & Service,00010208021002,Modern Group Power Systems, 3480 Board Road,,York,PA ,17402,USA,,800-404-7291,"Sales,Service,Up To 2MW,Mobile/Diesel/Gas,"
11203,Industrial/Commercial Sales & Service,00010001731002,AUTHORIZED SERVICES OF NEW ENGLAND, 410 FOREST STREET,,MARLBOROUGH,MA ,01752,USA,,888-890-9886,"Sales,"
11203,Industrial/Commercial Sales & Service,00010001691002,Kelly Generator & Equipment, 1955 Dale Ln,,Owings,MD ,20736,USA,www.kge.com,410-257-5225,"Sales,Service,Up To 2MW,Mobile/Diesel/Gas,Training,Rental,"
11203,Industrial/Commercial Sales & Service,00010001761002,"GENSERVE, INC.", 100 NEWTOWN RD,,PLAINVIEW,NY ,11803,USA,www.genserveinc.com,631-435-0437,"Service,"
11203,Industrial/Commercial Sales & Service,00111209521002,LONG ISLAND EMERGENCY POWER -QO, 2 Ocean Avenue,,DEER PARK,NY ,11729,USA,,631-586-7513,"Sales,"
11203,Industrial/Commercial Sales & Service,00010139211002,POWERPRO SERVICE CO. INC., 608 JOHNSON AVE. UNIT 6,,BOHEMIA,NY ,11716,USA,,631-567-2700,"Sales,Service,Up To 600kW,Mobile/Diesel/Gas,"
11203,Industrial/Commercial Sales & Service,00010134071002,PEAK POWER SYSTEMS, 99 SPRAGUE AVENUE,,MIDDLETOWN,NY ,10940,USA,www.peakpowersystems.com,845-344-1975,"Sales,Service,Up To 600kW,Mobile/Diesel/Gas,Rental,"
11203,Industrial/Commercial Sales & Service,00111209531002,HUNTINGTON POWER - LONG ISLAND, PO BOX 2040,,SHELTON,CT ,06484,USA,,631-586-7513,"Sales,"
11203,Industrial/Commercial Sales & Service,00010001761002,"GENSERVE, INC.", 115A TWINBRIDGE DR.,,PENNSAUKEN,NJ ,08110,USA,www.genserveinc.com,856-324-0459,"Service,"
11203,Industrial/Commercial Sales & Service,00111184131002,HUNTER & LOMISON, 1956 W FOURTH ST,,WILLIAMSPORT,PA ,17701,USA,www.hunterlomison.com,570-326-1764,"Sales,Service,Up To 600kW,Mobile/Diesel/Gas,Rental,"
11203,Industrial/Commercial Sales & Service,00010000881002,HUNTER & LOMISON INC., 1956 W. 4TH STREET,,WILLIAMSPORT,PA ,17701,USA,www.hunterlomison.com,570-326-1764,"Service,Up To 600kW,Mobile/Diesel/Gas,"
11203,Industrial/Commercial Sales & Service,00010001621002,BROOKFIELD SERVICE, 708 GLEBE ROAD,,WESTMORELAND,NH ,03467,USA,www.brookfieldservice.com,802-485-6567,"Service,Up To 600kW,Mobile/Diesel/Gas,"
11203,Industrial/Commercial Sales & Service,00010021101002,SOUTH SHORE GENERATOR INC-Quote, 2696A CRANBERRY HWY,,WAREHAM,MA ,02571,USA,,508-295-7336,"Sales,Service,Up To 600kW,Mobile/Diesel/Gas,"
11203,Industrial/Commercial Sales & Service,00010001701002,SOUTH SHORE GENERATOR INC, ,,EAST WAREHAM,MA ,02538,USA,,508-295-7336,"Financing,Sales,Service,Up To 600kW,Mobile/Diesel/Gas,"
11203,Industrial/Commercial Sales & Service,00111207431002,WARSHAUER ELECTRIC SUPPLY CO INC, 800 SHREWSBURY AVE,,TINTON FALLS,NJ ,07724,USA,www.warshauer.com,732-741-6400,"Service,"
11203,Industrial/Commercial Sales & Service,00010157021002,Mechanical Service Co, 1145 Oak St.,,Pittston,PA ,18640,USA,,570-654-2445,"Service,"
11204,Industrial/Commercial Sales & Service,00010214161002,"R.L. Kistler, Inc", 300 Mile Crossing Blvd.,,Rochester,NY ,14624,USA,rlkistler.com,585-436-1940,"Sales,"
11204,Industrial/Commercial Sales & Service,00010001611002,Huntington Power, 230 Long Hill Cross Rd,,Shelton,CT ,06484,USA,www.huntingtonpower.com,203-929-3203,"Sales,Service,Up To 2MW,Mobile/Diesel/Gas,Training,Rental,"
11204,Industrial/Commercial Sales & Service,00010214161002,"R.L. KISTLER, INC.", 35 HAMILTON LANE,,GLENMONT,NY ,12077,USA,,585-436-1940,"Sales,Service,"
11204,Industrial/Commercial Sales & Service,00010214161002,"R.L. Kistler, Inc", 5615 Business Ave.,,N. Syracuse,NY ,13208,USA,,315-458-2875,"Sales,"
11204,Industrial/Commercial Sales & Service,00010001611002,Huntington Power, 68 Enter Ln,,Islandia,NY ,11749,USA,,631-563-4943,"Sales,Service,Up To 2MW,Mobile/Diesel/Gas,"
11204,Industrial/Commercial Sales & Service,00010001611002,Huntington Power, 34 E DUDLEY TOWN RD.,,BLOOMFIELD,CT ,06002,USA,,860-289-8790,"Sales,Service,Rental,"
11204,Industrial/Commercial Sales & Service,00010214161002,"R.L. Kistler, Inc", 5615 Business Ave.,,N. Syracuse,NY ,13208,USA,,315-458-2875,"Sales,"
11204,Industrial/Commercial Sales & Service,00010208021002,Modern Group Power Systems, 2501 Durham Road,,Bristol,PA ,19007,USA,www.moderngroup.com,800-404-7291,"Sales,Service,Up To 2MW,Mobile/Diesel/Gas,Training,Rental,"
11204,Industrial/Commercial Sales & Service,00010001731002,Authorized Services Of New England, 410 Forest Street,,Marlborough,MA ,01752,USA,www.asne.com,888-890-9886,"Financing,Sales,Service,Up To 2MW,Mobile/Diesel/Gas,Training,Rental,"
11204,Industrial/Commercial Sales & Service,00010008091002,MODERN HANDLING EQUIP, 75 NEW STREET,,EDISON,NJ ,08837,USA,www.moderngroup.com,800-779-5116,"Sales,Service,Up To 2MW,Mobile/Diesel/Gas,"
11204,Industrial/Commercial Sales & Service,00010208021002,Modern Group Power Systems, 200 Allied Parkway,,West Berlin,NJ ,08091,USA,,800-404-7291,"Sales,Service,Up To 2MW,Mobile/Diesel/Gas,"
11204,Industrial/Commercial Sales & Service,00010208021002,Modern Group Power Systems, 6352 Chapmans Rd,,Allentown,PA ,18106,USA,,800-404-7291,"Sales,Service,Up To 2MW,Mobile/Diesel/Gas,"
11204,Industrial/Commercial Sales & Service,00010208021002,Modern Group Power Systems, 66A South Gate Blvd.,,New Castle,DE ,19720,USA,,800-404-7291,"Sales,Service,Up To 2MW,Mobile/Diesel/Gas,"
11204,Industrial/Commercial Sales & Service,00010208021002,Modern Group Power Systems, 295 New Commerce Blvd.,,Wilkes Barre,PA ,18706,USA,,800-404-7291,"Sales,Service,Up To 2MW,Mobile/Diesel/Gas,"
11204,Industrial/Commercial Sales & Service,00010000931002,"EMERGENCY POWER SYSTEMS, LLC", 35 HAMILTON LANE,,GLENMONT,NY ,12077,USA,,800-914-1465,"Service,Up To 2MW,Mobile/Diesel/Gas,"
11204,Industrial/Commercial Sales & Service,00010000931002,"EMERGENCY POWER SYSTEMS, LLC", 35 HAMILTON LANE,,GLENMONT,NY ,12077,USA,,800-914-1465,"Service,"
11204,Industrial/Commercial Sales & Service,00010208021002,Modern Group Power Systems, 3480 Board Road,,York,PA ,17402,USA,,800-404-7291,"Sales,Service,Up To 2MW,Mobile/Diesel/Gas,"
11204,Industrial/Commercial Sales & Service,00010001731002,AUTHORIZED SERVICES OF NEW ENGLAND, 410 FOREST STREET,,MARLBOROUGH,MA ,01752,USA,,888-890-9886,"Sales,"
11204,Industrial/Commercial Sales & Service,00010001691002,Kelly Generator & Equipment, 1955 Dale Ln,,Owings,MD ,20736,USA,www.kge.com,410-257-5225,"Sales,Service,Up To 2MW,Mobile/Diesel/Gas,Training,Rental,"
11204,Industrial/Commercial Sales & Service,00010001761002,"GENSERVE, INC.", 100 NEWTOWN RD,,PLAINVIEW,NY ,11803,USA,www.genserveinc.com,631-435-0437,"Service,"
11204,Industrial/Commercial Sales & Service,00111209521002,LONG ISLAND EMERGENCY POWER -QO, 2 Ocean Avenue,,DEER PARK,NY ,11729,USA,,631-586-7513,"Sales,"
11204,Industrial/Commercial Sales & Service,00010139211002,POWERPRO SERVICE CO. INC., 608 JOHNSON AVE. UNIT 6,,BOHEMIA,NY ,11716,USA,,631-567-2700,"Sales,Service,Up To 600kW,Mobile/Diesel/Gas,"
11204,Industrial/Commercial Sales & Service,00010134071002,PEAK POWER SYSTEMS, 99 SPRAGUE AVENUE,,MIDDLETOWN,NY ,10940,USA,www.peakpowersystems.com,845-344-1975,"Sales,Service,Up To 600kW,Mobile/Diesel/Gas,Rental,"
11204,Industrial/Commercial Sales & Service,00111209531002,HUNTINGTON POWER - LONG ISLAND, PO BOX 2040,,SHELTON,CT ,06484,USA,,631-586-7513,"Sales,"
11204,Industrial/Commercial Sales & Service,00010001761002,"GENSERVE, INC.", 115A TWINBRIDGE DR.,,PENNSAUKEN,NJ ,08110,USA,www.genserveinc.com,856-324-0459,"Service,"
11204,Industrial/Commercial Sales & Service,00111184131002,HUNTER & LOMISON, 1956 W FOURTH ST,,WILLIAMSPORT,PA ,17701,USA,www.hunterlomison.com,570-326-1764,"Sales,Service,Up To 600kW,Mobile/Diesel/Gas,Rental,"
11204,Industrial/Commercial Sales & Service,00010000881002,HUNTER & LOMISON INC., 1956 W. 4TH STREET,,WILLIAMSPORT,PA ,17701,USA,www.hunterlomison.com,570-326-1764,"Service,Up To 600kW,Mobile/Diesel/Gas,"
11204,Industrial/Commercial Sales & Service,00010001621002,BROOKFIELD SERVICE, 708 GLEBE ROAD,,WESTMORELAND,NH ,03467,USA,www.brookfieldservice.com,802-485-6567,"Service,Up To 600kW,Mobile/Diesel/Gas,"
11204,Industrial/Commercial Sales & Service,00010021101002,SOUTH SHORE GENERATOR INC-Quote, 2696A CRANBERRY HWY,,WAREHAM,MA ,02571,USA,,508-295-7336,"Sales,Service,Up To 600kW,Mobile/Diesel/Gas,"
11204,Industrial/Commercial Sales & Service,00010001701002,SOUTH SHORE GENERATOR INC, ,,EAST WAREHAM,MA ,02538,USA,,508-295-7336,"Financing,Sales,Service,Up To 600kW,Mobile/Diesel/Gas,"
11204,Industrial/Commercial Sales & Service,00111207431002,WARSHAUER ELECTRIC SUPPLY CO INC, 800 SHREWSBURY AVE,,TINTON FALLS,NJ ,07724,USA,www.warshauer.com,732-741-6400,"Service,"
11204,Industrial/Commercial Sales & Service,00010157021002,Mechanical Service Co, 1145 Oak St.,,Pittston,PA ,18640,USA,,570-654-2445,"Service,"
11205,Industrial/Commercial Sales & Service,00010214161002,"R.L. KISTLER, INC.", 35 HAMILTON LANE,,GLENMONT,NY ,12077,USA,,585-436-1940,"Sales,Service,"
11205,Industrial/Commercial Sales & Service,00010214161002,"R.L. Kistler, Inc", 300 Mile Crossing Blvd.,,Rochester,NY ,14624,USA,rlkistler.com,585-436-1940,"Sales,"
11205,Industrial/Commercial Sales & Service,00010001611002,Huntington Power, 230 Long Hill Cross Rd,,Shelton,CT ,06484,USA,www.huntingtonpower.com,203-929-3203,"Sales,Service,Up To 2MW,Mobile/Diesel/Gas,Training,Rental,"
11205,Industrial/Commercial Sales & Service,00010214161002,"R.L. Kistler, Inc", 5615 Business Ave.,,N. Syracuse,NY ,13208,USA,,315-458-2875,"Sales,"
11205,Industrial/Commercial Sales & Service,00010214161002,"R.L. Kistler, Inc", 5615 Business Ave.,,N. Syracuse,NY ,13208,USA,,315-458-2875,"Sales,"
11205,Industrial/Commercial Sales & Service,00010001611002,Huntington Power, 68 Enter Ln,,Islandia,NY ,11749,USA,,631-563-4943,"Sales,Service,Up To 2MW,Mobile/Diesel/Gas,"
11205,Industrial/Commercial Sales & Service,00010001611002,Huntington Power, 34 E DUDLEY TOWN RD.,,BLOOMFIELD,CT ,06002,USA,,860-289-8790,"Sales,Service,Rental,"
11205,Industrial/Commercial Sales & Service,00010208021002,Modern Group Power Systems, 2501 Durham Road,,Bristol,PA ,19007,USA,www.moderngroup.com,800-404-7291,"Sales,Service,Up To 2MW,Mobile/Diesel/Gas,Training,Rental,"
11205,Industrial/Commercial Sales & Service,00010001731002,Authorized Services Of New England, 410 Forest Street,,Marlborough,MA ,01752,USA,www.asne.com,888-890-9886,"Financing,Sales,Service,Up To 2MW,Mobile/Diesel/Gas,Training,Rental,"
11205,Industrial/Commercial Sales & Service,00010008091002,MODERN HANDLING EQUIP, 75 NEW STREET,,EDISON,NJ ,08837,USA,www.moderngroup.com,800-779-5116,"Sales,Service,Up To 2MW,Mobile/Diesel/Gas,"
11205,Industrial/Commercial Sales & Service,00010208021002,Modern Group Power Systems, 200 Allied Parkway,,West Berlin,NJ ,08091,USA,,800-404-7291,"Sales,Service,Up To 2MW,Mobile/Diesel/Gas,"
11205,Industrial/Commercial Sales & Service,00010208021002,Modern Group Power Systems, 6352 Chapmans Rd,,Allentown,PA ,18106,USA,,800-404-7291,"Sales,Service,Up To 2MW,Mobile/Diesel/Gas,"
11205,Industrial/Commercial Sales & Service,00010208021002,Modern Group Power Systems, 295 New Commerce Blvd.,,Wilkes Barre,PA ,18706,USA,,800-404-7291,"Sales,Service,Up To 2MW,Mobile/Diesel/Gas,"
11205,Industrial/Commercial Sales & Service,00010208021002,Modern Group Power Systems, 66A South Gate Blvd.,,New Castle,DE ,19720,USA,,800-404-7291,"Sales,Service,Up To 2MW,Mobile/Diesel/Gas,"
11205,Industrial/Commercial Sales & Service,00010000931002,"EMERGENCY POWER SYSTEMS, LLC", 35 HAMILTON LANE,,GLENMONT,NY ,12077,USA,,800-914-1465,"Service,Up To 2MW,Mobile/Diesel/Gas,"
11205,Industrial/Commercial Sales & Service,00010000931002,"EMERGENCY POWER SYSTEMS, LLC", 35 HAMILTON LANE,,GLENMONT,NY ,12077,USA,,800-914-1465,"Service,"
11205,Industrial/Commercial Sales & Service,00010208021002,Modern Group Power Systems, 3480 Board Road,,York,PA ,17402,USA,,800-404-7291,"Sales,Service,Up To 2MW,Mobile/Diesel/Gas,"
11205,Industrial/Commercial Sales & Service,00010001731002,AUTHORIZED SERVICES OF NEW ENGLAND, 410 FOREST STREET,,MARLBOROUGH,MA ,01752,USA,,888-890-9886,"Sales,"
11205,Industrial/Commercial Sales & Service,00010001691002,Kelly Generator & Equipment, 1955 Dale Ln,,Owings,MD ,20736,USA,www.kge.com,410-257-5225,"Sales,Service,Up To 2MW,Mobile/Diesel/Gas,Training,Rental,"
11205,Industrial/Commercial Sales & Service,00010001761002,"GENSERVE, INC.", 100 NEWTOWN RD,,PLAINVIEW,NY ,11803,USA,www.genserveinc.com,631-435-0437,"Service,"
11205,Industrial/Commercial Sales & Service,00111209521002,LONG ISLAND EMERGENCY POWER -QO, 2 Ocean Avenue,,DEER PARK,NY ,11729,USA,,631-586-7513,"Sales,"
11205,Industrial/Commercial Sales & Service,00010139211002,POWERPRO SERVICE CO. INC., 608 JOHNSON AVE. UNIT 6,,BOHEMIA,NY ,11716,USA,,631-567-2700,"Sales,Service,Up To 600kW,Mobile/Diesel/Gas,"
11205,Industrial/Commercial Sales & Service,00010134071002,PEAK POWER SYSTEMS, 99 SPRAGUE AVENUE,,MIDDLETOWN,NY ,10940,USA,www.peakpowersystems.com,845-344-1975,"Sales,Service,Up To 600kW,Mobile/Diesel/Gas,Rental,"
11205,Industrial/Commercial Sales & Service,00111209531002,HUNTINGTON POWER - LONG ISLAND, PO BOX 2040,,SHELTON,CT ,06484,USA,,631-586-7513,"Sales,"
11205,Industrial/Commercial Sales & Service,00010001761002,"GENSERVE, INC.", 115A TWINBRIDGE DR.,,PENNSAUKEN,NJ ,08110,USA,www.genserveinc.com,856-324-0459,"Service,"
11205,Industrial/Commercial Sales & Service,00111184131002,HUNTER & LOMISON, 1956 W FOURTH ST,,WILLIAMSPORT,PA ,17701,USA,www.hunterlomison.com,570-326-1764,"Sales,Service,Up To 600kW,Mobile/Diesel/Gas,Rental,"
11205,Industrial/Commercial Sales & Service,00010000881002,HUNTER & LOMISON INC., 1956 W. 4TH STREET,,WILLIAMSPORT,PA ,17701,USA,www.hunterlomison.com,570-326-1764,"Service,Up To 600kW,Mobile/Diesel/Gas,"
11205,Industrial/Commercial Sales & Service,00010001621002,BROOKFIELD SERVICE, 708 GLEBE ROAD,,WESTMORELAND,NH ,03467,USA,www.brookfieldservice.com,802-485-6567,"Service,Up To 600kW,Mobile/Diesel/Gas,"
11205,Industrial/Commercial Sales & Service,00010021101002,SOUTH SHORE GENERATOR INC-Quote, 2696A CRANBERRY HWY,,WAREHAM,MA ,02571,USA,,508-295-7336,"Sales,Service,Up To 600kW,Mobile/Diesel/Gas,"
11205,Industrial/Commercial Sales & Service,00010001701002,SOUTH SHORE GENERATOR INC, ,,EAST WAREHAM,MA ,02538,USA,,508-295-7336,"Financing,Sales,Service,Up To 600kW,Mobile/Diesel/Gas,"
11205,Industrial/Commercial Sales & Service,00111207431002,WARSHAUER ELECTRIC SUPPLY CO INC, 800 SHREWSBURY AVE,,TINTON FALLS,NJ ,07724,USA,www.warshauer.com,732-741-6400,"Service,"
11205,Industrial/Commercial Sales & Service,00010157021002,Mechanical Service Co, 1145 Oak St.,,Pittston,PA ,18640,USA,,570-654-2445,"Service,"
11206,Industrial/Commercial Sales & Service,00010214161002,"R.L. KISTLER, INC.", 35 HAMILTON LANE,,GLENMONT,NY ,12077,USA,,585-436-1940,"Sales,Service,"
11206,Industrial/Commercial Sales & Service,00010001611002,Huntington Power, 230 Long Hill Cross Rd,,Shelton,CT ,06484,USA,www.huntingtonpower.com,203-929-3203,"Sales,Service,Up To 2MW,Mobile/Diesel/Gas,Training,Rental,"
11206,Industrial/Commercial Sales & Service,00010214161002,"R.L. Kistler, Inc", 300 Mile Crossing Blvd.,,Rochester,NY ,14624,USA,rlkistler.com,585-436-1940,"Sales,"
11206,Industrial/Commercial Sales & Service,00010214161002,"R.L. Kistler, Inc", 5615 Business Ave.,,N. Syracuse,NY ,13208,USA,,315-458-2875,"Sales,"
11206,Industrial/Commercial Sales & Service,00010001611002,Huntington Power, 68 Enter Ln,,Islandia,NY ,11749,USA,,631-563-4943,"Sales,Service,Up To 2MW,Mobile/Diesel/Gas,"
11206,Industrial/Commercial Sales & Service,00010001611002,Huntington Power, 34 E DUDLEY TOWN RD.,,BLOOMFIELD,CT ,06002,USA,,860-289-8790,"Sales,Service,Rental,"
11206,Industrial/Commercial Sales & Service,00010214161002,"R.L. Kistler, Inc", 5615 Business Ave.,,N. Syracuse,NY ,13208,USA,,315-458-2875,"Sales,"
11206,Industrial/Commercial Sales & Service,00010208021002,Modern Group Power Systems, 2501 Durham Road,,Bristol,PA ,19007,USA,www.moderngroup.com,800-404-7291,"Sales,Service,Up To 2MW,Mobile/Diesel/Gas,Training,Rental,"
11206,Industrial/Commercial Sales & Service,00010001731002,Authorized Services Of New England, 410 Forest Street,,Marlborough,MA ,01752,USA,www.asne.com,888-890-9886,"Financing,Sales,Service,Up To 2MW,Mobile/Diesel/Gas,Training,Rental,"
11206,Industrial/Commercial Sales & Service,00010008091002,MODERN HANDLING EQUIP, 75 NEW STREET,,EDISON,NJ ,08837,USA,www.moderngroup.com,800-779-5116,"Sales,Service,Up To 2MW,Mobile/Diesel/Gas,"
11206,Industrial/Commercial Sales & Service,00010208021002,Modern Group Power Systems, 200 Allied Parkway,,West Berlin,NJ ,08091,USA,,800-404-7291,"Sales,Service,Up To 2MW,Mobile/Diesel/Gas,"
11206,Industrial/Commercial Sales & Service,00010208021002,Modern Group Power Systems, 6352 Chapmans Rd,,Allentown,PA ,18106,USA,,800-404-7291,"Sales,Service,Up To 2MW,Mobile/Diesel/Gas,"
11206,Industrial/Commercial Sales & Service,00010208021002,Modern Group Power Systems, 295 New Commerce Blvd.,,Wilkes Barre,PA ,18706,USA,,800-404-7291,"Sales,Service,Up To 2MW,Mobile/Diesel/Gas,"
11206,Industrial/Commercial Sales & Service,00010208021002,Modern Group Power Systems, 66A South Gate Blvd.,,New Castle,DE ,19720,USA,,800-404-7291,"Sales,Service,Up To 2MW,Mobile/Diesel/Gas,"
11206,Industrial/Commercial Sales & Service,00010000931002,"EMERGENCY POWER SYSTEMS, LLC", 35 HAMILTON LANE,,GLENMONT,NY ,12077,USA,,800-914-1465,"Service,Up To 2MW,Mobile/Diesel/Gas,"
11206,Industrial/Commercial Sales & Service,00010000931002,"EMERGENCY POWER SYSTEMS, LLC", 35 HAMILTON LANE,,GLENMONT,NY ,12077,USA,,800-914-1465,"Service,"
11206,Industrial/Commercial Sales & Service,00010208021002,Modern Group Power Systems, 3480 Board Road,,York,PA ,17402,USA,,800-404-7291,"Sales,Service,Up To 2MW,Mobile/Diesel/Gas,"
11206,Industrial/Commercial Sales & Service,00010001731002,AUTHORIZED SERVICES OF NEW ENGLAND, 410 FOREST STREET,,MARLBOROUGH,MA ,01752,USA,,888-890-9886,"Sales,"
11206,Industrial/Commercial Sales & Service,00010001691002,Kelly Generator & Equipment, 1955 Dale Ln,,Owings,MD ,20736,USA,www.kge.com,410-257-5225,"Sales,Service,Up To 2MW,Mobile/Diesel/Gas,Training,Rental,"
11206,Industrial/Commercial Sales & Service,00010001761002,"GENSERVE, INC.", 100 NEWTOWN RD,,PLAINVIEW,NY ,11803,USA,www.genserveinc.com,631-435-0437,"Service,"
11206,Industrial/Commercial Sales & Service,00111209521002,LONG ISLAND EMERGENCY POWER -QO, 2 Ocean Avenue,,DEER PARK,NY ,11729,USA,,631-586-7513,"Sales,"
11206,Industrial/Commercial Sales & Service,00010139211002,POWERPRO SERVICE CO. INC., 608 JOHNSON AVE. UNIT 6,,BOHEMIA,NY ,11716,USA,,631-567-2700,"Sales,Service,Up To 600kW,Mobile/Diesel/Gas,"
11206,Industrial/Commercial Sales & Service,00010134071002,PEAK POWER SYSTEMS, 99 SPRAGUE AVENUE,,MIDDLETOWN,NY ,10940,USA,www.peakpowersystems.com,845-344-1975,"Sales,Service,Up To 600kW,Mobile/Diesel/Gas,Rental,"
11206,Industrial/Commercial Sales & Service,00111209531002,HUNTINGTON POWER - LONG ISLAND, PO BOX 2040,,SHELTON,CT ,06484,USA,,631-586-7513,"Sales,"
11206,Industrial/Commercial Sales & Service,00010001761002,"GENSERVE, INC.", 115A TWINBRIDGE DR.,,PENNSAUKEN,NJ ,08110,USA,www.genserveinc.com,856-324-0459,"Service,"
11206,Industrial/Commercial Sales & Service,00111184131002,HUNTER & LOMISON, 1956 W FOURTH ST,,WILLIAMSPORT,PA ,17701,USA,www.hunterlomison.com,570-326-1764,"Sales,Service,Up To 600kW,Mobile/Diesel/Gas,Rental,"
11206,Industrial/Commercial Sales & Service,00010000881002,HUNTER & LOMISON INC., 1956 W. 4TH STREET,,WILLIAMSPORT,PA ,17701,USA,www.hunterlomison.com,570-326-1764,"Service,Up To 600kW,Mobile/Diesel/Gas,"
11206,Industrial/Commercial Sales & Service,00010001621002,BROOKFIELD SERVICE, 708 GLEBE ROAD,,WESTMORELAND,NH ,03467,USA,www.brookfieldservice.com,802-485-6567,"Service,Up To 600kW,Mobile/Diesel/Gas,"
11206,Industrial/Commercial Sales & Service,00010021101002,SOUTH SHORE GENERATOR INC-Quote, 2696A CRANBERRY HWY,,WAREHAM,MA ,02571,USA,,508-295-7336,"Sales,Service,Up To 600kW,Mobile/Diesel/Gas,"
11206,Industrial/Commercial Sales & Service,00010001701002,SOUTH SHORE GENERATOR INC, ,,EAST WAREHAM,MA ,02538,USA,,508-295-7336,"Financing,Sales,Service,Up To 600kW,Mobile/Diesel/Gas,"
11206,Industrial/Commercial Sales & Service,00111207431002,WARSHAUER ELECTRIC SUPPLY CO INC, 800 SHREWSBURY AVE,,TINTON FALLS,NJ ,07724,USA,www.warshauer.com,732-741-6400,"Service,"
11206,Industrial/Commercial Sales & Service,00010157021002,Mechanical Service Co, 1145 Oak St.,,Pittston,PA ,18640,USA,,570-654-2445,"Service,"
11207,Industrial/Commercial Sales & Service,00010001611002,Huntington Power, 230 Long Hill Cross Rd,,Shelton,CT ,06484,USA,www.huntingtonpower.com,203-929-3203,"Sales,Service,Up To 2MW,Mobile/Diesel/Gas,Training,Rental,"
11207,Industrial/Commercial Sales & Service,00010214161002,"R.L. Kistler, Inc", 300 Mile Crossing Blvd.,,Rochester,NY ,14624,USA,rlkistler.com,585-436-1940,"Sales,"
11207,Industrial/Commercial Sales & Service,00010214161002,"R.L. KISTLER, INC.", 35 HAMILTON LANE,,GLENMONT,NY ,12077,USA,,585-436-1940,"Sales,Service,"
11207,Industrial/Commercial Sales & Service,00010001611002,Huntington Power, 68 Enter Ln,,Islandia,NY ,11749,USA,,631-563-4943,"Sales,Service,Up To 2MW,Mobile/Diesel/Gas,"
11207,Industrial/Commercial Sales & Service,00010001611002,Huntington Power, 34 E DUDLEY TOWN RD.,,BLOOMFIELD,CT ,06002,USA,,860-289-8790,"Sales,Service,Rental,"
11207,Industrial/Commercial Sales & Service,00010214161002,"R.L. Kistler, Inc", 5615 Business Ave.,,N. Syracuse,NY ,13208,USA,,315-458-2875,"Sales,"
11207,Industrial/Commercial Sales & Service,00010214161002,"R.L. Kistler, Inc", 5615 Business Ave.,,N. Syracuse,NY ,13208,USA,,315-458-2875,"Sales,"
11207,Industrial/Commercial Sales & Service,00010208021002,Modern Group Power Systems, 2501 Durham Road,,Bristol,PA ,19007,USA,www.moderngroup.com,800-404-7291,"Sales,Service,Up To 2MW,Mobile/Diesel/Gas,Training,Rental,"
11207,Industrial/Commercial Sales & Service,00010001731002,Authorized Services Of New England, 410 Forest Street,,Marlborough,MA ,01752,USA,www.asne.com,888-890-9886,"Financing,Sales,Service,Up To 2MW,Mobile/Diesel/Gas,Training,Rental,"
11207,Industrial/Commercial Sales & Service,00010008091002,MODERN HANDLING EQUIP, 75 NEW STREET,,EDISON,NJ ,08837,USA,www.moderngroup.com,800-779-5116,"Sales,Service,Up To 2MW,Mobile/Diesel/Gas,"
11207,Industrial/Commercial Sales & Service,00010208021002,Modern Group Power Systems, 200 Allied Parkway,,West Berlin,NJ ,08091,USA,,800-404-7291,"Sales,Service,Up To 2MW,Mobile/Diesel/Gas,"
11207,Industrial/Commercial Sales & Service,00010208021002,Modern Group Power Systems, 6352 Chapmans Rd,,Allentown,PA ,18106,USA,,800-404-7291,"Sales,Service,Up To 2MW,Mobile/Diesel/Gas,"
11207,Industrial/Commercial Sales & Service,00010208021002,Modern Group Power Systems, 295 New Commerce Blvd.,,Wilkes Barre,PA ,18706,USA,,800-404-7291,"Sales,Service,Up To 2MW,Mobile/Diesel/Gas,"
11207,Industrial/Commercial Sales & Service,00010208021002,Modern Group Power Systems, 66A South Gate Blvd.,,New Castle,DE ,19720,USA,,800-404-7291,"Sales,Service,Up To 2MW,Mobile/Diesel/Gas,"
11207,Industrial/Commercial Sales & Service,00010000931002,"EMERGENCY POWER SYSTEMS, LLC", 35 HAMILTON LANE,,GLENMONT,NY ,12077,USA,,800-914-1465,"Service,Up To 2MW,Mobile/Diesel/Gas,"
11207,Industrial/Commercial Sales & Service,00010000931002,"EMERGENCY POWER SYSTEMS, LLC", 35 HAMILTON LANE,,GLENMONT,NY ,12077,USA,,800-914-1465,"Service,"
11207,Industrial/Commercial Sales & Service,00010208021002,Modern Group Power Systems, 3480 Board Road,,York,PA ,17402,USA,,800-404-7291,"Sales,Service,Up To 2MW,Mobile/Diesel/Gas,"
11207,Industrial/Commercial Sales & Service,00010001731002,AUTHORIZED SERVICES OF NEW ENGLAND, 410 FOREST STREET,,MARLBOROUGH,MA ,01752,USA,,888-890-9886,"Sales,"
11207,Industrial/Commercial Sales & Service,00010001691002,Kelly Generator & Equipment, 1955 Dale Ln,,Owings,MD ,20736,USA,www.kge.com,410-257-5225,"Sales,Service,Up To 2MW,Mobile/Diesel/Gas,Training,Rental,"
11207,Industrial/Commercial Sales & Service,00010001761002,"GENSERVE, INC.", 100 NEWTOWN RD,,PLAINVIEW,NY ,11803,USA,www.genserveinc.com,631-435-0437,"Service,"
11207,Industrial/Commercial Sales & Service,00111209521002,LONG ISLAND EMERGENCY POWER -QO, 2 Ocean Avenue,,DEER PARK,NY ,11729,USA,,631-586-7513,"Sales,"
11207,Industrial/Commercial Sales & Service,00010139211002,POWERPRO SERVICE CO. INC., 608 JOHNSON AVE. UNIT 6,,BOHEMIA,NY ,11716,USA,,631-567-2700,"Sales,Service,Up To 600kW,Mobile/Diesel/Gas,"
11207,Industrial/Commercial Sales & Service,00111209531002,HUNTINGTON POWER - LONG ISLAND, PO BOX 2040,,SHELTON,CT ,06484,USA,,631-586-7513,"Sales,"
11207,Industrial/Commercial Sales & Service,00010134071002,PEAK POWER SYSTEMS, 99 SPRAGUE AVENUE,,MIDDLETOWN,NY ,10940,USA,www.peakpowersystems.com,845-344-1975,"Sales,Service,Up To 600kW,Mobile/Diesel/Gas,Rental,"
11207,Industrial/Commercial Sales & Service,00010001761002,"GENSERVE, INC.", 115A TWINBRIDGE DR.,,PENNSAUKEN,NJ ,08110,USA,www.genserveinc.com,856-324-0459,"Service,"
11207,Industrial/Commercial Sales & Service,00111184131002,HUNTER & LOMISON, 1956 W FOURTH ST,,WILLIAMSPORT,PA ,17701,USA,www.hunterlomison.com,570-326-1764,"Sales,Service,Up To 600kW,Mobile/Diesel/Gas,Rental,"
11207,Industrial/Commercial Sales & Service,00010000881002,HUNTER & LOMISON INC., 1956 W. 4TH STREET,,WILLIAMSPORT,PA ,17701,USA,www.hunterlomison.com,570-326-1764,"Service,Up To 600kW,Mobile/Diesel/Gas,"
11207,Industrial/Commercial Sales & Service,00010001621002,BROOKFIELD SERVICE, 708 GLEBE ROAD,,WESTMORELAND,NH ,03467,USA,www.brookfieldservice.com,802-485-6567,"Service,Up To 600kW,Mobile/Diesel/Gas,"
11207,Industrial/Commercial Sales & Service,00010021101002,SOUTH SHORE GENERATOR INC-Quote, 2696A CRANBERRY HWY,,WAREHAM,MA ,02571,USA,,508-295-7336,"Sales,Service,Up To 600kW,Mobile/Diesel/Gas,"
11207,Industrial/Commercial Sales & Service,00010001701002,SOUTH SHORE GENERATOR INC, ,,EAST WAREHAM,MA ,02538,USA,,508-295-7336,"Financing,Sales,Service,Up To 600kW,Mobile/Diesel/Gas,"
11207,Industrial/Commercial Sales & Service,00111207431002,WARSHAUER ELECTRIC SUPPLY CO INC, 800 SHREWSBURY AVE,,TINTON FALLS,NJ ,07724,USA,www.warshauer.com,732-741-6400,"Service,"
11207,Industrial/Commercial Sales & Service,00010157021002,Mechanical Service Co, 1145 Oak St.,,Pittston,PA ,18640,USA,,570-654-2445,"Service,"
11208,Industrial/Commercial Sales & Service,00010001611002,Huntington Power, 230 Long Hill Cross Rd,,Shelton,CT ,06484,USA,www.huntingtonpower.com,203-929-3203,"Sales,Service,Up To 2MW,Mobile/Diesel/Gas,Training,Rental,"
11208,Industrial/Commercial Sales & Service,00010214161002,"R.L. Kistler, Inc", 300 Mile Crossing Blvd.,,Rochester,NY ,14624,USA,rlkistler.com,585-436-1940,"Sales,"
11208,Industrial/Commercial Sales & Service,00010214161002,"R.L. KISTLER, INC.", 35 HAMILTON LANE,,GLENMONT,NY ,12077,USA,,585-436-1940,"Sales,Service,"
11208,Industrial/Commercial Sales & Service,00010001611002,Huntington Power, 68 Enter Ln,,Islandia,NY ,11749,USA,,631-563-4943,"Sales,Service,Up To 2MW,Mobile/Diesel/Gas,"
11208,Industrial/Commercial Sales & Service,00010001611002,Huntington Power, 34 E DUDLEY TOWN RD.,,BLOOMFIELD,CT ,06002,USA,,860-289-8790,"Sales,Service,Rental,"
11208,Industrial/Commercial Sales & Service,00010214161002,"R.L. Kistler, Inc", 5615 Business Ave.,,N. Syracuse,NY ,13208,USA,,315-458-2875,"Sales,"
11208,Industrial/Commercial Sales & Service,00010214161002,"R.L. Kistler, Inc", 5615 Business Ave.,,N. Syracuse,NY ,13208,USA,,315-458-2875,"Sales,"
11208,Industrial/Commercial Sales & Service,00010208021002,Modern Group Power Systems, 2501 Durham Road,,Bristol,PA ,19007,USA,www.moderngroup.com,800-404-7291,"Sales,Service,Up To 2MW,Mobile/Diesel/Gas,Training,Rental,"
11208,Industrial/Commercial Sales & Service,00010001731002,Authorized Services Of New England, 410 Forest Street,,Marlborough,MA ,01752,USA,www.asne.com,888-890-9886,"Financing,Sales,Service,Up To 2MW,Mobile/Diesel/Gas,Training,Rental,"
11208,Industrial/Commercial Sales & Service,00010008091002,MODERN HANDLING EQUIP, 75 NEW STREET,,EDISON,NJ ,08837,USA,www.moderngroup.com,800-779-5116,"Sales,Service,Up To 2MW,Mobile/Diesel/Gas,"
11208,Industrial/Commercial Sales & Service,00010208021002,Modern Group Power Systems, 200 Allied Parkway,,West Berlin,NJ ,08091,USA,,800-404-7291,"Sales,Service,Up To 2MW,Mobile/Diesel/Gas,"
11208,Industrial/Commercial Sales & Service,00010208021002,Modern Group Power Systems, 6352 Chapmans Rd,,Allentown,PA ,18106,USA,,800-404-7291,"Sales,Service,Up To 2MW,Mobile/Diesel/Gas,"
11208,Industrial/Commercial Sales & Service,00010208021002,Modern Group Power Systems, 295 New Commerce Blvd.,,Wilkes Barre,PA ,18706,USA,,800-404-7291,"Sales,Service,Up To 2MW,Mobile/Diesel/Gas,"
11208,Industrial/Commercial Sales & Service,00010208021002,Modern Group Power Systems, 66A South Gate Blvd.,,New Castle,DE ,19720,USA,,800-404-7291,"Sales,Service,Up To 2MW,Mobile/Diesel/Gas,"
11208,Industrial/Commercial Sales & Service,00010000931002,"EMERGENCY POWER SYSTEMS, LLC", 35 HAMILTON LANE,,GLENMONT,NY ,12077,USA,,800-914-1465,"Service,Up To 2MW,Mobile/Diesel/Gas,"
11208,Industrial/Commercial Sales & Service,00010000931002,"EMERGENCY POWER SYSTEMS, LLC", 35 HAMILTON LANE,,GLENMONT,NY ,12077,USA,,800-914-1465,"Service,"
11208,Industrial/Commercial Sales & Service,00010208021002,Modern Group Power Systems, 3480 Board Road,,York,PA ,17402,USA,,800-404-7291,"Sales,Service,Up To 2MW,Mobile/Diesel/Gas,"
11208,Industrial/Commercial Sales & Service,00010001731002,AUTHORIZED SERVICES OF NEW ENGLAND, 410 FOREST STREET,,MARLBOROUGH,MA ,01752,USA,,888-890-9886,"Sales,"
11208,Industrial/Commercial Sales & Service,00010001691002,Kelly Generator & Equipment, 1955 Dale Ln,,Owings,MD ,20736,USA,www.kge.com,410-257-5225,"Sales,Service,Up To 2MW,Mobile/Diesel/Gas,Training,Rental,"
11208,Industrial/Commercial Sales & Service,00010001761002,"GENSERVE, INC.", 100 NEWTOWN RD,,PLAINVIEW,NY ,11803,USA,www.genserveinc.com,631-435-0437,"Service,"
11208,Industrial/Commercial Sales & Service,00111209521002,LONG ISLAND EMERGENCY POWER -QO, 2 Ocean Avenue,,DEER PARK,NY ,11729,USA,,631-586-7513,"Sales,"
11208,Industrial/Commercial Sales & Service,00010139211002,POWERPRO SERVICE CO. INC., 608 JOHNSON AVE. UNIT 6,,BOHEMIA,NY ,11716,USA,,631-567-2700,"Sales,Service,Up To 600kW,Mobile/Diesel/Gas,"
11208,Industrial/Commercial Sales & Service,00111209531002,HUNTINGTON POWER - LONG ISLAND, PO BOX 2040,,SHELTON,CT ,06484,USA,,631-586-7513,"Sales,"
11208,Industrial/Commercial Sales & Service,00010134071002,PEAK POWER SYSTEMS, 99 SPRAGUE AVENUE,,MIDDLETOWN,NY ,10940,USA,www.peakpowersystems.com,845-344-1975,"Sales,Service,Up To 600kW,Mobile/Diesel/Gas,Rental,"
11208,Industrial/Commercial Sales & Service,00010001761002,"GENSERVE, INC.", 115A TWINBRIDGE DR.,,PENNSAUKEN,NJ ,08110,USA,www.genserveinc.com,856-324-0459,"Service,"
11208,Industrial/Commercial Sales & Service,00111184131002,HUNTER & LOMISON, 1956 W FOURTH ST,,WILLIAMSPORT,PA ,17701,USA,www.hunterlomison.com,570-326-1764,"Sales,Service,Up To 600kW,Mobile/Diesel/Gas,Rental,"
11208,Industrial/Commercial Sales & Service,00010000881002,HUNTER & LOMISON INC., 1956 W. 4TH STREET,,WILLIAMSPORT,PA ,17701,USA,www.hunterlomison.com,570-326-1764,"Service,Up To 600kW,Mobile/Diesel/Gas,"
11208,Industrial/Commercial Sales & Service,00010001621002,BROOKFIELD SERVICE, 708 GLEBE ROAD,,WESTMORELAND,NH ,03467,USA,www.brookfieldservice.com,802-485-6567,"Service,Up To 600kW,Mobile/Diesel/Gas,"
11208,Industrial/Commercial Sales & Service,00010021101002,SOUTH SHORE GENERATOR INC-Quote, 2696A CRANBERRY HWY,,WAREHAM,MA ,02571,USA,,508-295-7336,"Sales,Service,Up To 600kW,Mobile/Diesel/Gas,"
11208,Industrial/Commercial Sales & Service,00010001701002,SOUTH SHORE GENERATOR INC, ,,EAST WAREHAM,MA ,02538,USA,,508-295-7336,"Financing,Sales,Service,Up To 600kW,Mobile/Diesel/Gas,"
11208,Industrial/Commercial Sales & Service,00111207431002,WARSHAUER ELECTRIC SUPPLY CO INC, 800 SHREWSBURY AVE,,TINTON FALLS,NJ ,07724,USA,www.warshauer.com,732-741-6400,"Service,"
11208,Industrial/Commercial Sales & Service,00010157021002,Mechanical Service Co, 1145 Oak St.,,Pittston,PA ,18640,USA,,570-654-2445,"Service,"
11209,Industrial/Commercial Sales & Service,00010001611002,Huntington Power, 230 Long Hill Cross Rd,,Shelton,CT ,06484,USA,www.huntingtonpower.com,203-929-3203,"Sales,Service,Up To 2MW,Mobile/Diesel/Gas,Training,Rental,"
11209,Industrial/Commercial Sales & Service,00010214161002,"R.L. Kistler, Inc", 300 Mile Crossing Blvd.,,Rochester,NY ,14624,USA,rlkistler.com,585-436-1940,"Sales,"
11209,Industrial/Commercial Sales & Service,00010214161002,"R.L. KISTLER, INC.", 35 HAMILTON LANE,,GLENMONT,NY ,12077,USA,,585-436-1940,"Sales,Service,"
11209,Industrial/Commercial Sales & Service,00010001611002,Huntington Power, 68 Enter Ln,,Islandia,NY ,11749,USA,,631-563-4943,"Sales,Service,Up To 2MW,Mobile/Diesel/Gas,"
11209,Industrial/Commercial Sales & Service,00010001611002,Huntington Power, 34 E DUDLEY TOWN RD.,,BLOOMFIELD,CT ,06002,USA,,860-289-8790,"Sales,Service,Rental,"
11209,Industrial/Commercial Sales & Service,00010214161002,"R.L. Kistler, Inc", 5615 Business Ave.,,N. Syracuse,NY ,13208,USA,,315-458-2875,"Sales,"
11209,Industrial/Commercial Sales & Service,00010214161002,"R.L. Kistler, Inc", 5615 Business Ave.,,N. Syracuse,NY ,13208,USA,,315-458-2875,"Sales,"
11209,Industrial/Commercial Sales & Service,00010208021002,Modern Group Power Systems, 2501 Durham Road,,Bristol,PA ,19007,USA,www.moderngroup.com,800-404-7291,"Sales,Service,Up To 2MW,Mobile/Diesel/Gas,Training,Rental,"
11209,Industrial/Commercial Sales & Service,00010001731002,Authorized Services Of New England, 410 Forest Street,,Marlborough,MA ,01752,USA,www.asne.com,888-890-9886,"Financing,Sales,Service,Up To 2MW,Mobile/Diesel/Gas,Training,Rental,"
11209,Industrial/Commercial Sales & Service,00010008091002,MODERN HANDLING EQUIP, 75 NEW STREET,,EDISON,NJ ,08837,USA,www.moderngroup.com,800-779-5116,"Sales,Service,Up To 2MW,Mobile/Diesel/Gas,"
11209,Industrial/Commercial Sales & Service,00010208021002,Modern Group Power Systems, 200 Allied Parkway,,West Berlin,NJ ,08091,USA,,800-404-7291,"Sales,Service,Up To 2MW,Mobile/Diesel/Gas,"
11209,Industrial/Commercial Sales & Service,00010208021002,Modern Group Power Systems, 6352 Chapmans Rd,,Allentown,PA ,18106,USA,,800-404-7291,"Sales,Service,Up To 2MW,Mobile/Diesel/Gas,"
11209,Industrial/Commercial Sales & Service,00010208021002,Modern Group Power Systems, 66A South Gate Blvd.,,New Castle,DE ,19720,USA,,800-404-7291,"Sales,Service,Up To 2MW,Mobile/Diesel/Gas,"
11209,Industrial/Commercial Sales & Service,00010208021002,Modern Group Power Systems, 295 New Commerce Blvd.,,Wilkes Barre,PA ,18706,USA,,800-404-7291,"Sales,Service,Up To 2MW,Mobile/Diesel/Gas,"
11209,Industrial/Commercial Sales & Service,00010000931002,"EMERGENCY POWER SYSTEMS, LLC", 35 HAMILTON LANE,,GLENMONT,NY ,12077,USA,,800-914-1465,"Service,Up To 2MW,Mobile/Diesel/Gas,"
11209,Industrial/Commercial Sales & Service,00010000931002,"EMERGENCY POWER SYSTEMS, LLC", 35 HAMILTON LANE,,GLENMONT,NY ,12077,USA,,800-914-1465,"Service,"
11209,Industrial/Commercial Sales & Service,00010208021002,Modern Group Power Systems, 3480 Board Road,,York,PA ,17402,USA,,800-404-7291,"Sales,Service,Up To 2MW,Mobile/Diesel/Gas,"
11209,Industrial/Commercial Sales & Service,00010001731002,AUTHORIZED SERVICES OF NEW ENGLAND, 410 FOREST STREET,,MARLBOROUGH,MA ,01752,USA,,888-890-9886,"Sales,"
11209,Industrial/Commercial Sales & Service,00010001691002,Kelly Generator & Equipment, 1955 Dale Ln,,Owings,MD ,20736,USA,www.kge.com,410-257-5225,"Sales,Service,Up To 2MW,Mobile/Diesel/Gas,Training,Rental,"
11209,Industrial/Commercial Sales & Service,00010001761002,"GENSERVE, INC.", 100 NEWTOWN RD,,PLAINVIEW,NY ,11803,USA,www.genserveinc.com,631-435-0437,"Service,"
11209,Industrial/Commercial Sales & Service,00111209521002,LONG ISLAND EMERGENCY POWER -QO, 2 Ocean Avenue,,DEER PARK,NY ,11729,USA,,631-586-7513,"Sales,"
11209,Industrial/Commercial Sales & Service,00010139211002,POWERPRO SERVICE CO. INC., 608 JOHNSON AVE. UNIT 6,,BOHEMIA,NY ,11716,USA,,631-567-2700,"Sales,Service,Up To 600kW,Mobile/Diesel/Gas,"
11209,Industrial/Commercial Sales & Service,00010134071002,PEAK POWER SYSTEMS, 99 SPRAGUE AVENUE,,MIDDLETOWN,NY ,10940,USA,www.peakpowersystems.com,845-344-1975,"Sales,Service,Up To 600kW,Mobile/Diesel/Gas,Rental,"
11209,Industrial/Commercial Sales & Service,00111209531002,HUNTINGTON POWER - LONG ISLAND, PO BOX 2040,,SHELTON,CT ,06484,USA,,631-586-7513,"Sales,"
11209,Industrial/Commercial Sales & Service,00010001761002,"GENSERVE, INC.", 115A TWINBRIDGE DR.,,PENNSAUKEN,NJ ,08110,USA,www.genserveinc.com,856-324-0459,"Service,"
11209,Industrial/Commercial Sales & Service,00111184131002,HUNTER & LOMISON, 1956 W FOURTH ST,,WILLIAMSPORT,PA ,17701,USA,www.hunterlomison.com,570-326-1764,"Sales,Service,Up To 600kW,Mobile/Diesel/Gas,Rental,"
11209,Industrial/Commercial Sales & Service,00010000881002,HUNTER & LOMISON INC., 1956 W. 4TH STREET,,WILLIAMSPORT,PA ,17701,USA,www.hunterlomison.com,570-326-1764,"Service,Up To 600kW,Mobile/Diesel/Gas,"
11209,Industrial/Commercial Sales & Service,00010001621002,BROOKFIELD SERVICE, 708 GLEBE ROAD,,WESTMORELAND,NH ,03467,USA,www.brookfieldservice.com,802-485-6567,"Service,Up To 600kW,Mobile/Diesel/Gas,"
11209,Industrial/Commercial Sales & Service,00010021101002,SOUTH SHORE GENERATOR INC-Quote, 2696A CRANBERRY HWY,,WAREHAM,MA ,02571,USA,,508-295-7336,"Sales,Service,Up To 600kW,Mobile/Diesel/Gas,"
11209,Industrial/Commercial Sales & Service,00010001701002,SOUTH SHORE GENERATOR INC, ,,EAST WAREHAM,MA ,02538,USA,,508-295-7336,"Financing,Sales,Service,Up To 600kW,Mobile/Diesel/Gas,"
11209,Industrial/Commercial Sales & Service,00111207431002,WARSHAUER ELECTRIC SUPPLY CO INC, 800 SHREWSBURY AVE,,TINTON FALLS,NJ ,07724,USA,www.warshauer.com,732-741-6400,"Service,"
11209,Industrial/Commercial Sales & Service,00010157021002,Mechanical Service Co, 1145 Oak St.,,Pittston,PA ,18640,USA,,570-654-2445,"Service,"
11210,Industrial/Commercial Sales & Service,00010214161002,"R.L. Kistler, Inc", 300 Mile Crossing Blvd.,,Rochester,NY ,14624,USA,rlkistler.com,585-436-1940,"Sales,"
11210,Industrial/Commercial Sales & Service,00010214161002,"R.L. KISTLER, INC.", 35 HAMILTON LANE,,GLENMONT,NY ,12077,USA,,585-436-1940,"Sales,Service,"
11210,Industrial/Commercial Sales & Service,00010001611002,Huntington Power, 230 Long Hill Cross Rd,,Shelton,CT ,06484,USA,www.huntingtonpower.com,203-929-3203,"Sales,Service,Up To 2MW,Mobile/Diesel/Gas,Training,Rental,"
11210,Industrial/Commercial Sales & Service,00010214161002,"R.L. Kistler, Inc", 5615 Business Ave.,,N. Syracuse,NY ,13208,USA,,315-458-2875,"Sales,"
11210,Industrial/Commercial Sales & Service,00010214161002,"R.L. Kistler, Inc", 5615 Business Ave.,,N. Syracuse,NY ,13208,USA,,315-458-2875,"Sales,"
11210,Industrial/Commercial Sales & Service,00010001611002,Huntington Power, 68 Enter Ln,,Islandia,NY ,11749,USA,,631-563-4943,"Sales,Service,Up To 2MW,Mobile/Diesel/Gas,"
11210,Industrial/Commercial Sales & Service,00010001611002,Huntington Power, 34 E DUDLEY TOWN RD.,,BLOOMFIELD,CT ,06002,USA,,860-289-8790,"Sales,Service,Rental,"
11210,Industrial/Commercial Sales & Service,00010208021002,Modern Group Power Systems, 2501 Durham Road,,Bristol,PA ,19007,USA,www.moderngroup.com,800-404-7291,"Sales,Service,Up To 2MW,Mobile/Diesel/Gas,Training,Rental,"
11210,Industrial/Commercial Sales & Service,00010001731002,Authorized Services Of New England, 410 Forest Street,,Marlborough,MA ,01752,USA,www.asne.com,888-890-9886,"Financing,Sales,Service,Up To 2MW,Mobile/Diesel/Gas,Training,Rental,"
11210,Industrial/Commercial Sales & Service,00010008091002,MODERN HANDLING EQUIP, 75 NEW STREET,,EDISON,NJ ,08837,USA,www.moderngroup.com,800-779-5116,"Sales,Service,Up To 2MW,Mobile/Diesel/Gas,"
11210,Industrial/Commercial Sales & Service,00010208021002,Modern Group Power Systems, 200 Allied Parkway,,West Berlin,NJ ,08091,USA,,800-404-7291,"Sales,Service,Up To 2MW,Mobile/Diesel/Gas,"
11210,Industrial/Commercial Sales & Service,00010208021002,Modern Group Power Systems, 6352 Chapmans Rd,,Allentown,PA ,18106,USA,,800-404-7291,"Sales,Service,Up To 2MW,Mobile/Diesel/Gas,"
11210,Industrial/Commercial Sales & Service,00010208021002,Modern Group Power Systems, 66A South Gate Blvd.,,New Castle,DE ,19720,USA,,800-404-7291,"Sales,Service,Up To 2MW,Mobile/Diesel/Gas,"
11210,Industrial/Commercial Sales & Service,00010208021002,Modern Group Power Systems, 295 New Commerce Blvd.,,Wilkes Barre,PA ,18706,USA,,800-404-7291,"Sales,Service,Up To 2MW,Mobile/Diesel/Gas,"
11210,Industrial/Commercial Sales & Service,00010000931002,"EMERGENCY POWER SYSTEMS, LLC", 35 HAMILTON LANE,,GLENMONT,NY ,12077,USA,,800-914-1465,"Service,Up To 2MW,Mobile/Diesel/Gas,"
11210,Industrial/Commercial Sales & Service,00010000931002,"EMERGENCY POWER SYSTEMS, LLC", 35 HAMILTON LANE,,GLENMONT,NY ,12077,USA,,800-914-1465,"Service,"
11210,Industrial/Commercial Sales & Service,00010208021002,Modern Group Power Systems, 3480 Board Road,,York,PA ,17402,USA,,800-404-7291,"Sales,Service,Up To 2MW,Mobile/Diesel/Gas,"
11210,Industrial/Commercial Sales & Service,00010001731002,AUTHORIZED SERVICES OF NEW ENGLAND, 410 FOREST STREET,,MARLBOROUGH,MA ,01752,USA,,888-890-9886,"Sales,"
11210,Industrial/Commercial Sales & Service,00010001691002,Kelly Generator & Equipment, 1955 Dale Ln,,Owings,MD ,20736,USA,www.kge.com,410-257-5225,"Sales,Service,Up To 2MW,Mobile/Diesel/Gas,Training,Rental,"
11210,Industrial/Commercial Sales & Service,00010001761002,"GENSERVE, INC.", 100 NEWTOWN RD,,PLAINVIEW,NY ,11803,USA,www.genserveinc.com,631-435-0437,"Service,"
11210,Industrial/Commercial Sales & Service,00111209521002,LONG ISLAND EMERGENCY POWER -QO, 2 Ocean Avenue,,DEER PARK,NY ,11729,USA,,631-586-7513,"Sales,"
11210,Industrial/Commercial Sales & Service,00010139211002,POWERPRO SERVICE CO. INC., 608 JOHNSON AVE. UNIT 6,,BOHEMIA,NY ,11716,USA,,631-567-2700,"Sales,Service,Up To 600kW,Mobile/Diesel/Gas,"
11210,Industrial/Commercial Sales & Service,00010134071002,PEAK POWER SYSTEMS, 99 SPRAGUE AVENUE,,MIDDLETOWN,NY ,10940,USA,www.peakpowersystems.com,845-344-1975,"Sales,Service,Up To 600kW,Mobile/Diesel/Gas,Rental,"
11210,Industrial/Commercial Sales & Service,00111209531002,HUNTINGTON POWER - LONG ISLAND, PO BOX 2040,,SHELTON,CT ,06484,USA,,631-586-7513,"Sales,"
11210,Industrial/Commercial Sales & Service,00010001761002,"GENSERVE, INC.", 115A TWINBRIDGE DR.,,PENNSAUKEN,NJ ,08110,USA,www.genserveinc.com,856-324-0459,"Service,"
11210,Industrial/Commercial Sales & Service,00111184131002,HUNTER & LOMISON, 1956 W FOURTH ST,,WILLIAMSPORT,PA ,17701,USA,www.hunterlomison.com,570-326-1764,"Sales,Service,Up To 600kW,Mobile/Diesel/Gas,Rental,"
11210,Industrial/Commercial Sales & Service,00010000881002,HUNTER & LOMISON INC., 1956 W. 4TH STREET,,WILLIAMSPORT,PA ,17701,USA,www.hunterlomison.com,570-326-1764,"Service,Up To 600kW,Mobile/Diesel/Gas,"
11210,Industrial/Commercial Sales & Service,00010001621002,BROOKFIELD SERVICE, 708 GLEBE ROAD,,WESTMORELAND,NH ,03467,USA,www.brookfieldservice.com,802-485-6567,"Service,Up To 600kW,Mobile/Diesel/Gas,"
11210,Industrial/Commercial Sales & Service,00010021101002,SOUTH SHORE GENERATOR INC-Quote, 2696A CRANBERRY HWY,,WAREHAM,MA ,02571,USA,,508-295-7336,"Sales,Service,Up To 600kW,Mobile/Diesel/Gas,"
11210,Industrial/Commercial Sales & Service,00010001701002,SOUTH SHORE GENERATOR INC, ,,EAST WAREHAM,MA ,02538,USA,,508-295-7336,"Financing,Sales,Service,Up To 600kW,Mobile/Diesel/Gas,"
11210,Industrial/Commercial Sales & Service,00111207431002,WARSHAUER ELECTRIC SUPPLY CO INC, 800 SHREWSBURY AVE,,TINTON FALLS,NJ ,07724,USA,www.warshauer.com,732-741-6400,"Service,"
11210,Industrial/Commercial Sales & Service,00010157021002,Mechanical Service Co, 1145 Oak St.,,Pittston,PA ,18640,USA,,570-654-2445,"Service,"
11211,Industrial/Commercial Sales & Service,00010214161002,"R.L. Kistler, Inc", 300 Mile Crossing Blvd.,,Rochester,NY ,14624,USA,rlkistler.com,585-436-1940,"Sales,"
11211,Industrial/Commercial Sales & Service,00010001611002,Huntington Power, 230 Long Hill Cross Rd,,Shelton,CT ,06484,USA,www.huntingtonpower.com,203-929-3203,"Sales,Service,Up To 2MW,Mobile/Diesel/Gas,Training,Rental,"
11211,Industrial/Commercial Sales & Service,00010214161002,"R.L. KISTLER, INC.", 35 HAMILTON LANE,,GLENMONT,NY ,12077,USA,,585-436-1940,"Sales,Service,"
11211,Industrial/Commercial Sales & Service,00010214161002,"R.L. Kistler, Inc", 5615 Business Ave.,,N. Syracuse,NY ,13208,USA,,315-458-2875,"Sales,"
11211,Industrial/Commercial Sales & Service,00010001611002,Huntington Power, 68 Enter Ln,,Islandia,NY ,11749,USA,,631-563-4943,"Sales,Service,Up To 2MW,Mobile/Diesel/Gas,"
11211,Industrial/Commercial Sales & Service,00010001611002,Huntington Power, 34 E DUDLEY TOWN RD.,,BLOOMFIELD,CT ,06002,USA,,860-289-8790,"Sales,Service,Rental,"
11211,Industrial/Commercial Sales & Service,00010214161002,"R.L. Kistler, Inc", 5615 Business Ave.,,N. Syracuse,NY ,13208,USA,,315-458-2875,"Sales,"
11211,Industrial/Commercial Sales & Service,00010208021002,Modern Group Power Systems, 2501 Durham Road,,Bristol,PA ,19007,USA,www.moderngroup.com,800-404-7291,"Sales,Service,Up To 2MW,Mobile/Diesel/Gas,Training,Rental,"
11211,Industrial/Commercial Sales & Service,00010001731002,Authorized Services Of New England, 410 Forest Street,,Marlborough,MA ,01752,USA,www.asne.com,888-890-9886,"Financing,Sales,Service,Up To 2MW,Mobile/Diesel/Gas,Training,Rental,"
11211,Industrial/Commercial Sales & Service,00010008091002,MODERN HANDLING EQUIP, 75 NEW STREET,,EDISON,NJ ,08837,USA,www.moderngroup.com,800-779-5116,"Sales,Service,Up To 2MW,Mobile/Diesel/Gas,"
11211,Industrial/Commercial Sales & Service,00010208021002,Modern Group Power Systems, 200 Allied Parkway,,West Berlin,NJ ,08091,USA,,800-404-7291,"Sales,Service,Up To 2MW,Mobile/Diesel/Gas,"
11211,Industrial/Commercial Sales & Service,00010208021002,Modern Group Power Systems, 6352 Chapmans Rd,,Allentown,PA ,18106,USA,,800-404-7291,"Sales,Service,Up To 2MW,Mobile/Diesel/Gas,"
11211,Industrial/Commercial Sales & Service,00010208021002,Modern Group Power Systems, 295 New Commerce Blvd.,,Wilkes Barre,PA ,18706,USA,,800-404-7291,"Sales,Service,Up To 2MW,Mobile/Diesel/Gas,"
11211,Industrial/Commercial Sales & Service,00010208021002,Modern Group Power Systems, 66A South Gate Blvd.,,New Castle,DE ,19720,USA,,800-404-7291,"Sales,Service,Up To 2MW,Mobile/Diesel/Gas,"
11211,Industrial/Commercial Sales & Service,00010000931002,"EMERGENCY POWER SYSTEMS, LLC", 35 HAMILTON LANE,,GLENMONT,NY ,12077,USA,,800-914-1465,"Service,Up To 2MW,Mobile/Diesel/Gas,"
11211,Industrial/Commercial Sales & Service,00010000931002,"EMERGENCY POWER SYSTEMS, LLC", 35 HAMILTON LANE,,GLENMONT,NY ,12077,USA,,800-914-1465,"Service,"
11211,Industrial/Commercial Sales & Service,00010208021002,Modern Group Power Systems, 3480 Board Road,,York,PA ,17402,USA,,800-404-7291,"Sales,Service,Up To 2MW,Mobile/Diesel/Gas,"
11211,Industrial/Commercial Sales & Service,00010001731002,AUTHORIZED SERVICES OF NEW ENGLAND, 410 FOREST STREET,,MARLBOROUGH,MA ,01752,USA,,888-890-9886,"Sales,"
11211,Industrial/Commercial Sales & Service,00010001691002,Kelly Generator & Equipment, 1955 Dale Ln,,Owings,MD ,20736,USA,www.kge.com,410-257-5225,"Sales,Service,Up To 2MW,Mobile/Diesel/Gas,Training,Rental,"
11211,Industrial/Commercial Sales & Service,00010001761002,"GENSERVE, INC.", 100 NEWTOWN RD,,PLAINVIEW,NY ,11803,USA,www.genserveinc.com,631-435-0437,"Service,"
11211,Industrial/Commercial Sales & Service,00111209521002,LONG ISLAND EMERGENCY POWER -QO, 2 Ocean Avenue,,DEER PARK,NY ,11729,USA,,631-586-7513,"Sales,"
11211,Industrial/Commercial Sales & Service,00010139211002,POWERPRO SERVICE CO. INC., 608 JOHNSON AVE. UNIT 6,,BOHEMIA,NY ,11716,USA,,631-567-2700,"Sales,Service,Up To 600kW,Mobile/Diesel/Gas,"
11211,Industrial/Commercial Sales & Service,00010134071002,PEAK POWER SYSTEMS, 99 SPRAGUE AVENUE,,MIDDLETOWN,NY ,10940,USA,www.peakpowersystems.com,845-344-1975,"Sales,Service,Up To 600kW,Mobile/Diesel/Gas,Rental,"
11211,Industrial/Commercial Sales & Service,00111209531002,HUNTINGTON POWER - LONG ISLAND, PO BOX 2040,,SHELTON,CT ,06484,USA,,631-586-7513,"Sales,"
11211,Industrial/Commercial Sales & Service,00010001761002,"GENSERVE, INC.", 115A TWINBRIDGE DR.,,PENNSAUKEN,NJ ,08110,USA,www.genserveinc.com,856-324-0459,"Service,"
11211,Industrial/Commercial Sales & Service,00111184131002,HUNTER & LOMISON, 1956 W FOURTH ST,,WILLIAMSPORT,PA ,17701,USA,www.hunterlomison.com,570-326-1764,"Sales,Service,Up To 600kW,Mobile/Diesel/Gas,Rental,"
11211,Industrial/Commercial Sales & Service,00010000881002,HUNTER & LOMISON INC., 1956 W. 4TH STREET,,WILLIAMSPORT,PA ,17701,USA,www.hunterlomison.com,570-326-1764,"Service,Up To 600kW,Mobile/Diesel/Gas,"
11211,Industrial/Commercial Sales & Service,00010001621002,BROOKFIELD SERVICE, 708 GLEBE ROAD,,WESTMORELAND,NH ,03467,USA,www.brookfieldservice.com,802-485-6567,"Service,Up To 600kW,Mobile/Diesel/Gas,"
11211,Industrial/Commercial Sales & Service,00010021101002,SOUTH SHORE GENERATOR INC-Quote, 2696A CRANBERRY HWY,,WAREHAM,MA ,02571,USA,,508-295-7336,"Sales,Service,Up To 600kW,Mobile/Diesel/Gas,"
11211,Industrial/Commercial Sales & Service,00010001701002,SOUTH SHORE GENERATOR INC, ,,EAST WAREHAM,MA ,02538,USA,,508-295-7336,"Financing,Sales,Service,Up To 600kW,Mobile/Diesel/Gas,"
11211,Industrial/Commercial Sales & Service,00111207431002,WARSHAUER ELECTRIC SUPPLY CO INC, 800 SHREWSBURY AVE,,TINTON FALLS,NJ ,07724,USA,www.warshauer.com,732-741-6400,"Service,"
11211,Industrial/Commercial Sales & Service,00010157021002,Mechanical Service Co, 1145 Oak St.,,Pittston,PA ,18640,USA,,570-654-2445,"Service,"
11212,Industrial/Commercial Sales & Service,00010001611002,Huntington Power, 230 Long Hill Cross Rd,,Shelton,CT ,06484,USA,www.huntingtonpower.com,203-929-3203,"Sales,Service,Up To 2MW,Mobile/Diesel/Gas,Training,Rental,"
11212,Industrial/Commercial Sales & Service,00010214161002,"R.L. Kistler, Inc", 300 Mile Crossing Blvd.,,Rochester,NY ,14624,USA,rlkistler.com,585-436-1940,"Sales,"
11212,Industrial/Commercial Sales & Service,00010214161002,"R.L. KISTLER, INC.", 35 HAMILTON LANE,,GLENMONT,NY ,12077,USA,,585-436-1940,"Sales,Service,"
11212,Industrial/Commercial Sales & Service,00010001611002,Huntington Power, 68 Enter Ln,,Islandia,NY ,11749,USA,,631-563-4943,"Sales,Service,Up To 2MW,Mobile/Diesel/Gas,"
11212,Industrial/Commercial Sales & Service,00010001611002,Huntington Power, 34 E DUDLEY TOWN RD.,,BLOOMFIELD,CT ,06002,USA,,860-289-8790,"Sales,Service,Rental,"
11212,Industrial/Commercial Sales & Service,00010214161002,"R.L. Kistler, Inc", 5615 Business Ave.,,N. Syracuse,NY ,13208,USA,,315-458-2875,"Sales,"
11212,Industrial/Commercial Sales & Service,00010214161002,"R.L. Kistler, Inc", 5615 Business Ave.,,N. Syracuse,NY ,13208,USA,,315-458-2875,"Sales,"
11212,Industrial/Commercial Sales & Service,00010208021002,Modern Group Power Systems, 2501 Durham Road,,Bristol,PA ,19007,USA,www.moderngroup.com,800-404-7291,"Sales,Service,Up To 2MW,Mobile/Diesel/Gas,Training,Rental,"
11212,Industrial/Commercial Sales & Service,00010001731002,Authorized Services Of New England, 410 Forest Street,,Marlborough,MA ,01752,USA,www.asne.com,888-890-9886,"Financing,Sales,Service,Up To 2MW,Mobile/Diesel/Gas,Training,Rental,"
11212,Industrial/Commercial Sales & Service,00010008091002,MODERN HANDLING EQUIP, 75 NEW STREET,,EDISON,NJ ,08837,USA,www.moderngroup.com,800-779-5116,"Sales,Service,Up To 2MW,Mobile/Diesel/Gas,"
11212,Industrial/Commercial Sales & Service,00010208021002,Modern Group Power Systems, 200 Allied Parkway,,West Berlin,NJ ,08091,USA,,800-404-7291,"Sales,Service,Up To 2MW,Mobile/Diesel/Gas,"
11212,Industrial/Commercial Sales & Service,00010208021002,Modern Group Power Systems, 6352 Chapmans Rd,,Allentown,PA ,18106,USA,,800-404-7291,"Sales,Service,Up To 2MW,Mobile/Diesel/Gas,"
11212,Industrial/Commercial Sales & Service,00010208021002,Modern Group Power Systems, 295 New Commerce Blvd.,,Wilkes Barre,PA ,18706,USA,,800-404-7291,"Sales,Service,Up To 2MW,Mobile/Diesel/Gas,"
11212,Industrial/Commercial Sales & Service,00010208021002,Modern Group Power Systems, 66A South Gate Blvd.,,New Castle,DE ,19720,USA,,800-404-7291,"Sales,Service,Up To 2MW,Mobile/Diesel/Gas,"
11212,Industrial/Commercial Sales & Service,00010000931002,"EMERGENCY POWER SYSTEMS, LLC", 35 HAMILTON LANE,,GLENMONT,NY ,12077,USA,,800-914-1465,"Service,Up To 2MW,Mobile/Diesel/Gas,"
11212,Industrial/Commercial Sales & Service,00010000931002,"EMERGENCY POWER SYSTEMS, LLC", 35 HAMILTON LANE,,GLENMONT,NY ,12077,USA,,800-914-1465,"Service,"
11212,Industrial/Commercial Sales & Service,00010208021002,Modern Group Power Systems, 3480 Board Road,,York,PA ,17402,USA,,800-404-7291,"Sales,Service,Up To 2MW,Mobile/Diesel/Gas,"
11212,Industrial/Commercial Sales & Service,00010001731002,AUTHORIZED SERVICES OF NEW ENGLAND, 410 FOREST STREET,,MARLBOROUGH,MA ,01752,USA,,888-890-9886,"Sales,"
11212,Industrial/Commercial Sales & Service,00010001691002,Kelly Generator & Equipment, 1955 Dale Ln,,Owings,MD ,20736,USA,www.kge.com,410-257-5225,"Sales,Service,Up To 2MW,Mobile/Diesel/Gas,Training,Rental,"
11212,Industrial/Commercial Sales & Service,00010001761002,"GENSERVE, INC.", 100 NEWTOWN RD,,PLAINVIEW,NY ,11803,USA,www.genserveinc.com,631-435-0437,"Service,"
11212,Industrial/Commercial Sales & Service,00111209521002,LONG ISLAND EMERGENCY POWER -QO, 2 Ocean Avenue,,DEER PARK,NY ,11729,USA,,631-586-7513,"Sales,"
11212,Industrial/Commercial Sales & Service,00010139211002,POWERPRO SERVICE CO. INC., 608 JOHNSON AVE. UNIT 6,,BOHEMIA,NY ,11716,USA,,631-567-2700,"Sales,Service,Up To 600kW,Mobile/Diesel/Gas,"
11212,Industrial/Commercial Sales & Service,00111209531002,HUNTINGTON POWER - LONG ISLAND, PO BOX 2040,,SHELTON,CT ,06484,USA,,631-586-7513,"Sales,"
11212,Industrial/Commercial Sales & Service,00010134071002,PEAK POWER SYSTEMS, 99 SPRAGUE AVENUE,,MIDDLETOWN,NY ,10940,USA,www.peakpowersystems.com,845-344-1975,"Sales,Service,Up To 600kW,Mobile/Diesel/Gas,Rental,"
11212,Industrial/Commercial Sales & Service,00010001761002,"GENSERVE, INC.", 115A TWINBRIDGE DR.,,PENNSAUKEN,NJ ,08110,USA,www.genserveinc.com,856-324-0459,"Service,"
11212,Industrial/Commercial Sales & Service,00111184131002,HUNTER & LOMISON, 1956 W FOURTH ST,,WILLIAMSPORT,PA ,17701,USA,www.hunterlomison.com,570-326-1764,"Sales,Service,Up To 600kW,Mobile/Diesel/Gas,Rental,"
11212,Industrial/Commercial Sales & Service,00010000881002,HUNTER & LOMISON INC., 1956 W. 4TH STREET,,WILLIAMSPORT,PA ,17701,USA,www.hunterlomison.com,570-326-1764,"Service,Up To 600kW,Mobile/Diesel/Gas,"
11212,Industrial/Commercial Sales & Service,00010001621002,BROOKFIELD SERVICE, 708 GLEBE ROAD,,WESTMORELAND,NH ,03467,USA,www.brookfieldservice.com,802-485-6567,"Service,Up To 600kW,Mobile/Diesel/Gas,"
11212,Industrial/Commercial Sales & Service,00010021101002,SOUTH SHORE GENERATOR INC-Quote, 2696A CRANBERRY HWY,,WAREHAM,MA ,02571,USA,,508-295-7336,"Sales,Service,Up To 600kW,Mobile/Diesel/Gas,"
11212,Industrial/Commercial Sales & Service,00010001701002,SOUTH SHORE GENERATOR INC, ,,EAST WAREHAM,MA ,02538,USA,,508-295-7336,"Financing,Sales,Service,Up To 600kW,Mobile/Diesel/Gas,"
11212,Industrial/Commercial Sales & Service,00111207431002,WARSHAUER ELECTRIC SUPPLY CO INC, 800 SHREWSBURY AVE,,TINTON FALLS,NJ ,07724,USA,www.warshauer.com,732-741-6400,"Service,"
11212,Industrial/Commercial Sales & Service,00010157021002,Mechanical Service Co, 1145 Oak St.,,Pittston,PA ,18640,USA,,570-654-2445,"Service,"
11213,Industrial/Commercial Sales & Service,00010214161002,"R.L. KISTLER, INC.", 35 HAMILTON LANE,,GLENMONT,NY ,12077,USA,,585-436-1940,"Sales,Service,"
11213,Industrial/Commercial Sales & Service,00010001611002,Huntington Power, 230 Long Hill Cross Rd,,Shelton,CT ,06484,USA,www.huntingtonpower.com,203-929-3203,"Sales,Service,Up To 2MW,Mobile/Diesel/Gas,Training,Rental,"
11213,Industrial/Commercial Sales & Service,00010214161002,"R.L. Kistler, Inc", 300 Mile Crossing Blvd.,,Rochester,NY ,14624,USA,rlkistler.com,585-436-1940,"Sales,"
11213,Industrial/Commercial Sales & Service,00010214161002,"R.L. Kistler, Inc", 5615 Business Ave.,,N. Syracuse,NY ,13208,USA,,315-458-2875,"Sales,"
11213,Industrial/Commercial Sales & Service,00010001611002,Huntington Power, 68 Enter Ln,,Islandia,NY ,11749,USA,,631-563-4943,"Sales,Service,Up To 2MW,Mobile/Diesel/Gas,"
11213,Industrial/Commercial Sales & Service,00010001611002,Huntington Power, 34 E DUDLEY TOWN RD.,,BLOOMFIELD,CT ,06002,USA,,860-289-8790,"Sales,Service,Rental,"
11213,Industrial/Commercial Sales & Service,00010214161002,"R.L. Kistler, Inc", 5615 Business Ave.,,N. Syracuse,NY ,13208,USA,,315-458-2875,"Sales,"
11213,Industrial/Commercial Sales & Service,00010208021002,Modern Group Power Systems, 2501 Durham Road,,Bristol,PA ,19007,USA,www.moderngroup.com,800-404-7291,"Sales,Service,Up To 2MW,Mobile/Diesel/Gas,Training,Rental,"
11213,Industrial/Commercial Sales & Service,00010001731002,Authorized Services Of New England, 410 Forest Street,,Marlborough,MA ,01752,USA,www.asne.com,888-890-9886,"Financing,Sales,Service,Up To 2MW,Mobile/Diesel/Gas,Training,Rental,"
11213,Industrial/Commercial Sales & Service,00010008091002,MODERN HANDLING EQUIP, 75 NEW STREET,,EDISON,NJ ,08837,USA,www.moderngroup.com,800-779-5116,"Sales,Service,Up To 2MW,Mobile/Diesel/Gas,"
11213,Industrial/Commercial Sales & Service,00010208021002,Modern Group Power Systems, 200 Allied Parkway,,West Berlin,NJ ,08091,USA,,800-404-7291,"Sales,Service,Up To 2MW,Mobile/Diesel/Gas,"
11213,Industrial/Commercial Sales & Service,00010208021002,Modern Group Power Systems, 6352 Chapmans Rd,,Allentown,PA ,18106,USA,,800-404-7291,"Sales,Service,Up To 2MW,Mobile/Diesel/Gas,"
11213,Industrial/Commercial Sales & Service,00010208021002,Modern Group Power Systems, 295 New Commerce Blvd.,,Wilkes Barre,PA ,18706,USA,,800-404-7291,"Sales,Service,Up To 2MW,Mobile/Diesel/Gas,"
11213,Industrial/Commercial Sales & Service,00010208021002,Modern Group Power Systems, 66A South Gate Blvd.,,New Castle,DE ,19720,USA,,800-404-7291,"Sales,Service,Up To 2MW,Mobile/Diesel/Gas,"
11213,Industrial/Commercial Sales & Service,00010000931002,"EMERGENCY POWER SYSTEMS, LLC", 35 HAMILTON LANE,,GLENMONT,NY ,12077,USA,,800-914-1465,"Service,Up To 2MW,Mobile/Diesel/Gas,"
11213,Industrial/Commercial Sales & Service,00010000931002,"EMERGENCY POWER SYSTEMS, LLC", 35 HAMILTON LANE,,GLENMONT,NY ,12077,USA,,800-914-1465,"Service,"
11213,Industrial/Commercial Sales & Service,00010208021002,Modern Group Power Systems, 3480 Board Road,,York,PA ,17402,USA,,800-404-7291,"Sales,Service,Up To 2MW,Mobile/Diesel/Gas,"
11213,Industrial/Commercial Sales & Service,00010001731002,AUTHORIZED SERVICES OF NEW ENGLAND, 410 FOREST STREET,,MARLBOROUGH,MA ,01752,USA,,888-890-9886,"Sales,"
11213,Industrial/Commercial Sales & Service,00010001691002,Kelly Generator & Equipment, 1955 Dale Ln,,Owings,MD ,20736,USA,www.kge.com,410-257-5225,"Sales,Service,Up To 2MW,Mobile/Diesel/Gas,Training,Rental,"
11213,Industrial/Commercial Sales & Service,00010001761002,"GENSERVE, INC.", 100 NEWTOWN RD,,PLAINVIEW,NY ,11803,USA,www.genserveinc.com,631-435-0437,"Service,"
11213,Industrial/Commercial Sales & Service,00111209521002,LONG ISLAND EMERGENCY POWER -QO, 2 Ocean Avenue,,DEER PARK,NY ,11729,USA,,631-586-7513,"Sales,"
11213,Industrial/Commercial Sales & Service,00010139211002,POWERPRO SERVICE CO. INC., 608 JOHNSON AVE. UNIT 6,,BOHEMIA,NY ,11716,USA,,631-567-2700,"Sales,Service,Up To 600kW,Mobile/Diesel/Gas,"
11213,Industrial/Commercial Sales & Service,00010134071002,PEAK POWER SYSTEMS, 99 SPRAGUE AVENUE,,MIDDLETOWN,NY ,10940,USA,www.peakpowersystems.com,845-344-1975,"Sales,Service,Up To 600kW,Mobile/Diesel/Gas,Rental,"
11213,Industrial/Commercial Sales & Service,00111209531002,HUNTINGTON POWER - LONG ISLAND, PO BOX 2040,,SHELTON,CT ,06484,USA,,631-586-7513,"Sales,"
11213,Industrial/Commercial Sales & Service,00010001761002,"GENSERVE, INC.", 115A TWINBRIDGE DR.,,PENNSAUKEN,NJ ,08110,USA,www.genserveinc.com,856-324-0459,"Service,"
11213,Industrial/Commercial Sales & Service,00111184131002,HUNTER & LOMISON, 1956 W FOURTH ST,,WILLIAMSPORT,PA ,17701,USA,www.hunterlomison.com,570-326-1764,"Sales,Service,Up To 600kW,Mobile/Diesel/Gas,Rental,"
11213,Industrial/Commercial Sales & Service,00010000881002,HUNTER & LOMISON INC., 1956 W. 4TH STREET,,WILLIAMSPORT,PA ,17701,USA,www.hunterlomison.com,570-326-1764,"Service,Up To 600kW,Mobile/Diesel/Gas,"
11213,Industrial/Commercial Sales & Service,00010001621002,BROOKFIELD SERVICE, 708 GLEBE ROAD,,WESTMORELAND,NH ,03467,USA,www.brookfieldservice.com,802-485-6567,"Service,Up To 600kW,Mobile/Diesel/Gas,"
11213,Industrial/Commercial Sales & Service,00010021101002,SOUTH SHORE GENERATOR INC-Quote, 2696A CRANBERRY HWY,,WAREHAM,MA ,02571,USA,,508-295-7336,"Sales,Service,Up To 600kW,Mobile/Diesel/Gas,"
11213,Industrial/Commercial Sales & Service,00010001701002,SOUTH SHORE GENERATOR INC, ,,EAST WAREHAM,MA ,02538,USA,,508-295-7336,"Financing,Sales,Service,Up To 600kW,Mobile/Diesel/Gas,"
11213,Industrial/Commercial Sales & Service,00111207431002,WARSHAUER ELECTRIC SUPPLY CO INC, 800 SHREWSBURY AVE,,TINTON FALLS,NJ ,07724,USA,www.warshauer.com,732-741-6400,"Service,"
11213,Industrial/Commercial Sales & Service,00010157021002,Mechanical Service Co, 1145 Oak St.,,Pittston,PA ,18640,USA,,570-654-2445,"Service,"
11214,Industrial/Commercial Sales & Service,00010001611002,Huntington Power, 230 Long Hill Cross Rd,,Shelton,CT ,06484,USA,www.huntingtonpower.com,203-929-3203,"Sales,Service,Up To 2MW,Mobile/Diesel/Gas,Training,Rental,"
11214,Industrial/Commercial Sales & Service,00010214161002,"R.L. KISTLER, INC.", 35 HAMILTON LANE,,GLENMONT,NY ,12077,USA,,585-436-1940,"Sales,Service,"
11214,Industrial/Commercial Sales & Service,00010214161002,"R.L. Kistler, Inc", 300 Mile Crossing Blvd.,,Rochester,NY ,14624,USA,rlkistler.com,585-436-1940,"Sales,"
11214,Industrial/Commercial Sales & Service,00010001611002,Huntington Power, 68 Enter Ln,,Islandia,NY ,11749,USA,,631-563-4943,"Sales,Service,Up To 2MW,Mobile/Diesel/Gas,"
11214,Industrial/Commercial Sales & Service,00010001611002,Huntington Power, 34 E DUDLEY TOWN RD.,,BLOOMFIELD,CT ,06002,USA,,860-289-8790,"Sales,Service,Rental,"
11214,Industrial/Commercial Sales & Service,00010214161002,"R.L. Kistler, Inc", 5615 Business Ave.,,N. Syracuse,NY ,13208,USA,,315-458-2875,"Sales,"
11214,Industrial/Commercial Sales & Service,00010214161002,"R.L. Kistler, Inc", 5615 Business Ave.,,N. Syracuse,NY ,13208,USA,,315-458-2875,"Sales,"
11214,Industrial/Commercial Sales & Service,00010208021002,Modern Group Power Systems, 2501 Durham Road,,Bristol,PA ,19007,USA,www.moderngroup.com,800-404-7291,"Sales,Service,Up To 2MW,Mobile/Diesel/Gas,Training,Rental,"
11214,Industrial/Commercial Sales & Service,00010001731002,Authorized Services Of New England, 410 Forest Street,,Marlborough,MA ,01752,USA,www.asne.com,888-890-9886,"Financing,Sales,Service,Up To 2MW,Mobile/Diesel/Gas,Training,Rental,"
11214,Industrial/Commercial Sales & Service,00010008091002,MODERN HANDLING EQUIP, 75 NEW STREET,,EDISON,NJ ,08837,USA,www.moderngroup.com,800-779-5116,"Sales,Service,Up To 2MW,Mobile/Diesel/Gas,"
11214,Industrial/Commercial Sales & Service,00010208021002,Modern Group Power Systems, 200 Allied Parkway,,West Berlin,NJ ,08091,USA,,800-404-7291,"Sales,Service,Up To 2MW,Mobile/Diesel/Gas,"
11214,Industrial/Commercial Sales & Service,00010208021002,Modern Group Power Systems, 6352 Chapmans Rd,,Allentown,PA ,18106,USA,,800-404-7291,"Sales,Service,Up To 2MW,Mobile/Diesel/Gas,"
11214,Industrial/Commercial Sales & Service,00010208021002,Modern Group Power Systems, 66A South Gate Blvd.,,New Castle,DE ,19720,USA,,800-404-7291,"Sales,Service,Up To 2MW,Mobile/Diesel/Gas,"
11214,Industrial/Commercial Sales & Service,00010208021002,Modern Group Power Systems, 295 New Commerce Blvd.,,Wilkes Barre,PA ,18706,USA,,800-404-7291,"Sales,Service,Up To 2MW,Mobile/Diesel/Gas,"
11214,Industrial/Commercial Sales & Service,00010000931002,"EMERGENCY POWER SYSTEMS, LLC", 35 HAMILTON LANE,,GLENMONT,NY ,12077,USA,,800-914-1465,"Service,Up To 2MW,Mobile/Diesel/Gas,"
11214,Industrial/Commercial Sales & Service,00010000931002,"EMERGENCY POWER SYSTEMS, LLC", 35 HAMILTON LANE,,GLENMONT,NY ,12077,USA,,800-914-1465,"Service,"
11214,Industrial/Commercial Sales & Service,00010208021002,Modern Group Power Systems, 3480 Board Road,,York,PA ,17402,USA,,800-404-7291,"Sales,Service,Up To 2MW,Mobile/Diesel/Gas,"
11214,Industrial/Commercial Sales & Service,00010001731002,AUTHORIZED SERVICES OF NEW ENGLAND, 410 FOREST STREET,,MARLBOROUGH,MA ,01752,USA,,888-890-9886,"Sales,"
11214,Industrial/Commercial Sales & Service,00010001691002,Kelly Generator & Equipment, 1955 Dale Ln,,Owings,MD ,20736,USA,www.kge.com,410-257-5225,"Sales,Service,Up To 2MW,Mobile/Diesel/Gas,Training,Rental,"
11214,Industrial/Commercial Sales & Service,00010001761002,"GENSERVE, INC.", 100 NEWTOWN RD,,PLAINVIEW,NY ,11803,USA,www.genserveinc.com,631-435-0437,"Service,"
11214,Industrial/Commercial Sales & Service,00111209521002,LONG ISLAND EMERGENCY POWER -QO, 2 Ocean Avenue,,DEER PARK,NY ,11729,USA,,631-586-7513,"Sales,"
11214,Industrial/Commercial Sales & Service,00010139211002,POWERPRO SERVICE CO. INC., 608 JOHNSON AVE. UNIT 6,,BOHEMIA,NY ,11716,USA,,631-567-2700,"Sales,Service,Up To 600kW,Mobile/Diesel/Gas,"
11214,Industrial/Commercial Sales & Service,00010134071002,PEAK POWER SYSTEMS, 99 SPRAGUE AVENUE,,MIDDLETOWN,NY ,10940,USA,www.peakpowersystems.com,845-344-1975,"Sales,Service,Up To 600kW,Mobile/Diesel/Gas,Rental,"
11214,Industrial/Commercial Sales & Service,00111209531002,HUNTINGTON POWER - LONG ISLAND, PO BOX 2040,,SHELTON,CT ,06484,USA,,631-586-7513,"Sales,"
11214,Industrial/Commercial Sales & Service,00010001761002,"GENSERVE, INC.", 115A TWINBRIDGE DR.,,PENNSAUKEN,NJ ,08110,USA,www.genserveinc.com,856-324-0459,"Service,"
11214,Industrial/Commercial Sales & Service,00111184131002,HUNTER & LOMISON, 1956 W FOURTH ST,,WILLIAMSPORT,PA ,17701,USA,www.hunterlomison.com,570-326-1764,"Sales,Service,Up To 600kW,Mobile/Diesel/Gas,Rental,"
11214,Industrial/Commercial Sales & Service,00010000881002,HUNTER & LOMISON INC., 1956 W. 4TH STREET,,WILLIAMSPORT,PA ,17701,USA,www.hunterlomison.com,570-326-1764,"Service,Up To 600kW,Mobile/Diesel/Gas,"
11214,Industrial/Commercial Sales & Service,00010001621002,BROOKFIELD SERVICE, 708 GLEBE ROAD,,WESTMORELAND,NH ,03467,USA,www.brookfieldservice.com,802-485-6567,"Service,Up To 600kW,Mobile/Diesel/Gas,"
11214,Industrial/Commercial Sales & Service,00010021101002,SOUTH SHORE GENERATOR INC-Quote, 2696A CRANBERRY HWY,,WAREHAM,MA ,02571,USA,,508-295-7336,"Sales,Service,Up To 600kW,Mobile/Diesel/Gas,"
11214,Industrial/Commercial Sales & Service,00010001701002,SOUTH SHORE GENERATOR INC, ,,EAST WAREHAM,MA ,02538,USA,,508-295-7336,"Financing,Sales,Service,Up To 600kW,Mobile/Diesel/Gas,"
11214,Industrial/Commercial Sales & Service,00111207431002,WARSHAUER ELECTRIC SUPPLY CO INC, 800 SHREWSBURY AVE,,TINTON FALLS,NJ ,07724,USA,www.warshauer.com,732-741-6400,"Service,"
11214,Industrial/Commercial Sales & Service,00010157021002,Mechanical Service Co, 1145 Oak St.,,Pittston,PA ,18640,USA,,570-654-2445,"Service,"
11215,Industrial/Commercial Sales & Service,00010214161002,"R.L. KISTLER, INC.", 35 HAMILTON LANE,,GLENMONT,NY ,12077,USA,,585-436-1940,"Sales,Service,"
11215,Industrial/Commercial Sales & Service,00010214161002,"R.L. Kistler, Inc", 300 Mile Crossing Blvd.,,Rochester,NY ,14624,USA,rlkistler.com,585-436-1940,"Sales,"
11215,Industrial/Commercial Sales & Service,00010001611002,Huntington Power, 230 Long Hill Cross Rd,,Shelton,CT ,06484,USA,www.huntingtonpower.com,203-929-3203,"Sales,Service,Up To 2MW,Mobile/Diesel/Gas,Training,Rental,"
11215,Industrial/Commercial Sales & Service,00010214161002,"R.L. Kistler, Inc", 5615 Business Ave.,,N. Syracuse,NY ,13208,USA,,315-458-2875,"Sales,"
11215,Industrial/Commercial Sales & Service,00010214161002,"R.L. Kistler, Inc", 5615 Business Ave.,,N. Syracuse,NY ,13208,USA,,315-458-2875,"Sales,"
11215,Industrial/Commercial Sales & Service,00010001611002,Huntington Power, 68 Enter Ln,,Islandia,NY ,11749,USA,,631-563-4943,"Sales,Service,Up To 2MW,Mobile/Diesel/Gas,"
11215,Industrial/Commercial Sales & Service,00010001611002,Huntington Power, 34 E DUDLEY TOWN RD.,,BLOOMFIELD,CT ,06002,USA,,860-289-8790,"Sales,Service,Rental,"
11215,Industrial/Commercial Sales & Service,00010208021002,Modern Group Power Systems, 2501 Durham Road,,Bristol,PA ,19007,USA,www.moderngroup.com,800-404-7291,"Sales,Service,Up To 2MW,Mobile/Diesel/Gas,Training,Rental,"
11215,Industrial/Commercial Sales & Service,00010001731002,Authorized Services Of New England, 410 Forest Street,,Marlborough,MA ,01752,USA,www.asne.com,888-890-9886,"Financing,Sales,Service,Up To 2MW,Mobile/Diesel/Gas,Training,Rental,"
11215,Industrial/Commercial Sales & Service,00010008091002,MODERN HANDLING EQUIP, 75 NEW STREET,,EDISON,NJ ,08837,USA,www.moderngroup.com,800-779-5116,"Sales,Service,Up To 2MW,Mobile/Diesel/Gas,"
11215,Industrial/Commercial Sales & Service,00010208021002,Modern Group Power Systems, 200 Allied Parkway,,West Berlin,NJ ,08091,USA,,800-404-7291,"Sales,Service,Up To 2MW,Mobile/Diesel/Gas,"
11215,Industrial/Commercial Sales & Service,00010208021002,Modern Group Power Systems, 6352 Chapmans Rd,,Allentown,PA ,18106,USA,,800-404-7291,"Sales,Service,Up To 2MW,Mobile/Diesel/Gas,"
11215,Industrial/Commercial Sales & Service,00010208021002,Modern Group Power Systems, 295 New Commerce Blvd.,,Wilkes Barre,PA ,18706,USA,,800-404-7291,"Sales,Service,Up To 2MW,Mobile/Diesel/Gas,"
11215,Industrial/Commercial Sales & Service,00010208021002,Modern Group Power Systems, 66A South Gate Blvd.,,New Castle,DE ,19720,USA,,800-404-7291,"Sales,Service,Up To 2MW,Mobile/Diesel/Gas,"
11215,Industrial/Commercial Sales & Service,00010000931002,"EMERGENCY POWER SYSTEMS, LLC", 35 HAMILTON LANE,,GLENMONT,NY ,12077,USA,,800-914-1465,"Service,Up To 2MW,Mobile/Diesel/Gas,"
11215,Industrial/Commercial Sales & Service,00010000931002,"EMERGENCY POWER SYSTEMS, LLC", 35 HAMILTON LANE,,GLENMONT,NY ,12077,USA,,800-914-1465,"Service,"
11215,Industrial/Commercial Sales & Service,00010208021002,Modern Group Power Systems, 3480 Board Road,,York,PA ,17402,USA,,800-404-7291,"Sales,Service,Up To 2MW,Mobile/Diesel/Gas,"
11215,Industrial/Commercial Sales & Service,00010001731002,AUTHORIZED SERVICES OF NEW ENGLAND, 410 FOREST STREET,,MARLBOROUGH,MA ,01752,USA,,888-890-9886,"Sales,"
11215,Industrial/Commercial Sales & Service,00010001691002,Kelly Generator & Equipment, 1955 Dale Ln,,Owings,MD ,20736,USA,www.kge.com,410-257-5225,"Sales,Service,Up To 2MW,Mobile/Diesel/Gas,Training,Rental,"
11215,Industrial/Commercial Sales & Service,00010001761002,"GENSERVE, INC.", 100 NEWTOWN RD,,PLAINVIEW,NY ,11803,USA,www.genserveinc.com,631-435-0437,"Service,"
11215,Industrial/Commercial Sales & Service,00111209521002,LONG ISLAND EMERGENCY POWER -QO, 2 Ocean Avenue,,DEER PARK,NY ,11729,USA,,631-586-7513,"Sales,"
11215,Industrial/Commercial Sales & Service,00010139211002,POWERPRO SERVICE CO. INC., 608 JOHNSON AVE. UNIT 6,,BOHEMIA,NY ,11716,USA,,631-567-2700,"Sales,Service,Up To 600kW,Mobile/Diesel/Gas,"
11215,Industrial/Commercial Sales & Service,00010134071002,PEAK POWER SYSTEMS, 99 SPRAGUE AVENUE,,MIDDLETOWN,NY ,10940,USA,www.peakpowersystems.com,845-344-1975,"Sales,Service,Up To 600kW,Mobile/Diesel/Gas,Rental,"
11215,Industrial/Commercial Sales & Service,00111209531002,HUNTINGTON POWER - LONG ISLAND, PO BOX 2040,,SHELTON,CT ,06484,USA,,631-586-7513,"Sales,"
11215,Industrial/Commercial Sales & Service,00010001761002,"GENSERVE, INC.", 115A TWINBRIDGE DR.,,PENNSAUKEN,NJ ,08110,USA,www.genserveinc.com,856-324-0459,"Service,"
11215,Industrial/Commercial Sales & Service,00111184131002,HUNTER & LOMISON, 1956 W FOURTH ST,,WILLIAMSPORT,PA ,17701,USA,www.hunterlomison.com,570-326-1764,"Sales,Service,Up To 600kW,Mobile/Diesel/Gas,Rental,"
11215,Industrial/Commercial Sales & Service,00010000881002,HUNTER & LOMISON INC., 1956 W. 4TH STREET,,WILLIAMSPORT,PA ,17701,USA,www.hunterlomison.com,570-326-1764,"Service,Up To 600kW,Mobile/Diesel/Gas,"
11215,Industrial/Commercial Sales & Service,00010001621002,BROOKFIELD SERVICE, 708 GLEBE ROAD,,WESTMORELAND,NH ,03467,USA,www.brookfieldservice.com,802-485-6567,"Service,Up To 600kW,Mobile/Diesel/Gas,"
11215,Industrial/Commercial Sales & Service,00010021101002,SOUTH SHORE GENERATOR INC-Quote, 2696A CRANBERRY HWY,,WAREHAM,MA ,02571,USA,,508-295-7336,"Sales,Service,Up To 600kW,Mobile/Diesel/Gas,"
11215,Industrial/Commercial Sales & Service,00010001701002,SOUTH SHORE GENERATOR INC, ,,EAST WAREHAM,MA ,02538,USA,,508-295-7336,"Financing,Sales,Service,Up To 600kW,Mobile/Diesel/Gas,"
11215,Industrial/Commercial Sales & Service,00111207431002,WARSHAUER ELECTRIC SUPPLY CO INC, 800 SHREWSBURY AVE,,TINTON FALLS,NJ ,07724,USA,www.warshauer.com,732-741-6400,"Service,"
11215,Industrial/Commercial Sales & Service,00010157021002,Mechanical Service Co, 1145 Oak St.,,Pittston,PA ,18640,USA,,570-654-2445,"Service,"
11216,Industrial/Commercial Sales & Service,00010214161002,"R.L. KISTLER, INC.", 35 HAMILTON LANE,,GLENMONT,NY ,12077,USA,,585-436-1940,"Sales,Service,"
11216,Industrial/Commercial Sales & Service,00010001611002,Huntington Power, 230 Long Hill Cross Rd,,Shelton,CT ,06484,USA,www.huntingtonpower.com,203-929-3203,"Sales,Service,Up To 2MW,Mobile/Diesel/Gas,Training,Rental,"
11216,Industrial/Commercial Sales & Service,00010214161002,"R.L. Kistler, Inc", 300 Mile Crossing Blvd.,,Rochester,NY ,14624,USA,rlkistler.com,585-436-1940,"Sales,"
11216,Industrial/Commercial Sales & Service,00010214161002,"R.L. Kistler, Inc", 5615 Business Ave.,,N. Syracuse,NY ,13208,USA,,315-458-2875,"Sales,"
11216,Industrial/Commercial Sales & Service,00010001611002,Huntington Power, 68 Enter Ln,,Islandia,NY ,11749,USA,,631-563-4943,"Sales,Service,Up To 2MW,Mobile/Diesel/Gas,"
11216,Industrial/Commercial Sales & Service,00010001611002,Huntington Power, 34 E DUDLEY TOWN RD.,,BLOOMFIELD,CT ,06002,USA,,860-289-8790,"Sales,Service,Rental,"
11216,Industrial/Commercial Sales & Service,00010214161002,"R.L. Kistler, Inc", 5615 Business Ave.,,N. Syracuse,NY ,13208,USA,,315-458-2875,"Sales,"
11216,Industrial/Commercial Sales & Service,00010208021002,Modern Group Power Systems, 2501 Durham Road,,Bristol,PA ,19007,USA,www.moderngroup.com,800-404-7291,"Sales,Service,Up To 2MW,Mobile/Diesel/Gas,Training,Rental,"
11216,Industrial/Commercial Sales & Service,00010001731002,Authorized Services Of New England, 410 Forest Street,,Marlborough,MA ,01752,USA,www.asne.com,888-890-9886,"Financing,Sales,Service,Up To 2MW,Mobile/Diesel/Gas,Training,Rental,"
11216,Industrial/Commercial Sales & Service,00010008091002,MODERN HANDLING EQUIP, 75 NEW STREET,,EDISON,NJ ,08837,USA,www.moderngroup.com,800-779-5116,"Sales,Service,Up To 2MW,Mobile/Diesel/Gas,"
11216,Industrial/Commercial Sales & Service,00010208021002,Modern Group Power Systems, 200 Allied Parkway,,West Berlin,NJ ,08091,USA,,800-404-7291,"Sales,Service,Up To 2MW,Mobile/Diesel/Gas,"
11216,Industrial/Commercial Sales & Service,00010208021002,Modern Group Power Systems, 6352 Chapmans Rd,,Allentown,PA ,18106,USA,,800-404-7291,"Sales,Service,Up To 2MW,Mobile/Diesel/Gas,"
11216,Industrial/Commercial Sales & Service,00010208021002,Modern Group Power Systems, 295 New Commerce Blvd.,,Wilkes Barre,PA ,18706,USA,,800-404-7291,"Sales,Service,Up To 2MW,Mobile/Diesel/Gas,"
11216,Industrial/Commercial Sales & Service,00010208021002,Modern Group Power Systems, 66A South Gate Blvd.,,New Castle,DE ,19720,USA,,800-404-7291,"Sales,Service,Up To 2MW,Mobile/Diesel/Gas,"
11216,Industrial/Commercial Sales & Service,00010000931002,"EMERGENCY POWER SYSTEMS, LLC", 35 HAMILTON LANE,,GLENMONT,NY ,12077,USA,,800-914-1465,"Service,Up To 2MW,Mobile/Diesel/Gas,"
11216,Industrial/Commercial Sales & Service,00010000931002,"EMERGENCY POWER SYSTEMS, LLC", 35 HAMILTON LANE,,GLENMONT,NY ,12077,USA,,800-914-1465,"Service,"
11216,Industrial/Commercial Sales & Service,00010208021002,Modern Group Power Systems, 3480 Board Road,,York,PA ,17402,USA,,800-404-7291,"Sales,Service,Up To 2MW,Mobile/Diesel/Gas,"
11216,Industrial/Commercial Sales & Service,00010001731002,AUTHORIZED SERVICES OF NEW ENGLAND, 410 FOREST STREET,,MARLBOROUGH,MA ,01752,USA,,888-890-9886,"Sales,"
11216,Industrial/Commercial Sales & Service,00010001691002,Kelly Generator & Equipment, 1955 Dale Ln,,Owings,MD ,20736,USA,www.kge.com,410-257-5225,"Sales,Service,Up To 2MW,Mobile/Diesel/Gas,Training,Rental,"
11216,Industrial/Commercial Sales & Service,00010001761002,"GENSERVE, INC.", 100 NEWTOWN RD,,PLAINVIEW,NY ,11803,USA,www.genserveinc.com,631-435-0437,"Service,"
11216,Industrial/Commercial Sales & Service,00111209521002,LONG ISLAND EMERGENCY POWER -QO, 2 Ocean Avenue,,DEER PARK,NY ,11729,USA,,631-586-7513,"Sales,"
11216,Industrial/Commercial Sales & Service,00010139211002,POWERPRO SERVICE CO. INC., 608 JOHNSON AVE. UNIT 6,,BOHEMIA,NY ,11716,USA,,631-567-2700,"Sales,Service,Up To 600kW,Mobile/Diesel/Gas,"
11216,Industrial/Commercial Sales & Service,00010134071002,PEAK POWER SYSTEMS, 99 SPRAGUE AVENUE,,MIDDLETOWN,NY ,10940,USA,www.peakpowersystems.com,845-344-1975,"Sales,Service,Up To 600kW,Mobile/Diesel/Gas,Rental,"
11216,Industrial/Commercial Sales & Service,00111209531002,HUNTINGTON POWER - LONG ISLAND, PO BOX 2040,,SHELTON,CT ,06484,USA,,631-586-7513,"Sales,"
11216,Industrial/Commercial Sales & Service,00010001761002,"GENSERVE, INC.", 115A TWINBRIDGE DR.,,PENNSAUKEN,NJ ,08110,USA,www.genserveinc.com,856-324-0459,"Service,"
11216,Industrial/Commercial Sales & Service,00111184131002,HUNTER & LOMISON, 1956 W FOURTH ST,,WILLIAMSPORT,PA ,17701,USA,www.hunterlomison.com,570-326-1764,"Sales,Service,Up To 600kW,Mobile/Diesel/Gas,Rental,"
11216,Industrial/Commercial Sales & Service,00010000881002,HUNTER & LOMISON INC., 1956 W. 4TH STREET,,WILLIAMSPORT,PA ,17701,USA,www.hunterlomison.com,570-326-1764,"Service,Up To 600kW,Mobile/Diesel/Gas,"
11216,Industrial/Commercial Sales & Service,00010001621002,BROOKFIELD SERVICE, 708 GLEBE ROAD,,WESTMORELAND,NH ,03467,USA,www.brookfieldservice.com,802-485-6567,"Service,Up To 600kW,Mobile/Diesel/Gas,"
11216,Industrial/Commercial Sales & Service,00010021101002,SOUTH SHORE GENERATOR INC-Quote, 2696A CRANBERRY HWY,,WAREHAM,MA ,02571,USA,,508-295-7336,"Sales,Service,Up To 600kW,Mobile/Diesel/Gas,"
11216,Industrial/Commercial Sales & Service,00010001701002,SOUTH SHORE GENERATOR INC, ,,EAST WAREHAM,MA ,02538,USA,,508-295-7336,"Financing,Sales,Service,Up To 600kW,Mobile/Diesel/Gas,"
11216,Industrial/Commercial Sales & Service,00111207431002,WARSHAUER ELECTRIC SUPPLY CO INC, 800 SHREWSBURY AVE,,TINTON FALLS,NJ ,07724,USA,www.warshauer.com,732-741-6400,"Service,"
11216,Industrial/Commercial Sales & Service,00010157021002,Mechanical Service Co, 1145 Oak St.,,Pittston,PA ,18640,USA,,570-654-2445,"Service,"
11217,Industrial/Commercial Sales & Service,00010214161002,"R.L. Kistler, Inc", 300 Mile Crossing Blvd.,,Rochester,NY ,14624,USA,rlkistler.com,585-436-1940,"Sales,"
11217,Industrial/Commercial Sales & Service,00010001611002,Huntington Power, 230 Long Hill Cross Rd,,Shelton,CT ,06484,USA,www.huntingtonpower.com,203-929-3203,"Sales,Service,Up To 2MW,Mobile/Diesel/Gas,Training,Rental,"
11217,Industrial/Commercial Sales & Service,00010214161002,"R.L. KISTLER, INC.", 35 HAMILTON LANE,,GLENMONT,NY ,12077,USA,,585-436-1940,"Sales,Service,"
11217,Industrial/Commercial Sales & Service,00010214161002,"R.L. Kistler, Inc", 5615 Business Ave.,,N. Syracuse,NY ,13208,USA,,315-458-2875,"Sales,"
11217,Industrial/Commercial Sales & Service,00010001611002,Huntington Power, 68 Enter Ln,,Islandia,NY ,11749,USA,,631-563-4943,"Sales,Service,Up To 2MW,Mobile/Diesel/Gas,"
11217,Industrial/Commercial Sales & Service,00010001611002,Huntington Power, 34 E DUDLEY TOWN RD.,,BLOOMFIELD,CT ,06002,USA,,860-289-8790,"Sales,Service,Rental,"
11217,Industrial/Commercial Sales & Service,00010214161002,"R.L. Kistler, Inc", 5615 Business Ave.,,N. Syracuse,NY ,13208,USA,,315-458-2875,"Sales,"
11217,Industrial/Commercial Sales & Service,00010208021002,Modern Group Power Systems, 2501 Durham Road,,Bristol,PA ,19007,USA,www.moderngroup.com,800-404-7291,"Sales,Service,Up To 2MW,Mobile/Diesel/Gas,Training,Rental,"
11217,Industrial/Commercial Sales & Service,00010001731002,Authorized Services Of New England, 410 Forest Street,,Marlborough,MA ,01752,USA,www.asne.com,888-890-9886,"Financing,Sales,Service,Up To 2MW,Mobile/Diesel/Gas,Training,Rental,"
11217,Industrial/Commercial Sales & Service,00010008091002,MODERN HANDLING EQUIP, 75 NEW STREET,,EDISON,NJ ,08837,USA,www.moderngroup.com,800-779-5116,"Sales,Service,Up To 2MW,Mobile/Diesel/Gas,"
11217,Industrial/Commercial Sales & Service,00010208021002,Modern Group Power Systems, 200 Allied Parkway,,West Berlin,NJ ,08091,USA,,800-404-7291,"Sales,Service,Up To 2MW,Mobile/Diesel/Gas,"
11217,Industrial/Commercial Sales & Service,00010208021002,Modern Group Power Systems, 6352 Chapmans Rd,,Allentown,PA ,18106,USA,,800-404-7291,"Sales,Service,Up To 2MW,Mobile/Diesel/Gas,"
11217,Industrial/Commercial Sales & Service,00010208021002,Modern Group Power Systems, 295 New Commerce Blvd.,,Wilkes Barre,PA ,18706,USA,,800-404-7291,"Sales,Service,Up To 2MW,Mobile/Diesel/Gas,"
11217,Industrial/Commercial Sales & Service,00010208021002,Modern Group Power Systems, 66A South Gate Blvd.,,New Castle,DE ,19720,USA,,800-404-7291,"Sales,Service,Up To 2MW,Mobile/Diesel/Gas,"
11217,Industrial/Commercial Sales & Service,00010000931002,"EMERGENCY POWER SYSTEMS, LLC", 35 HAMILTON LANE,,GLENMONT,NY ,12077,USA,,800-914-1465,"Service,Up To 2MW,Mobile/Diesel/Gas,"
11217,Industrial/Commercial Sales & Service,00010000931002,"EMERGENCY POWER SYSTEMS, LLC", 35 HAMILTON LANE,,GLENMONT,NY ,12077,USA,,800-914-1465,"Service,"
11217,Industrial/Commercial Sales & Service,00010208021002,Modern Group Power Systems, 3480 Board Road,,York,PA ,17402,USA,,800-404-7291,"Sales,Service,Up To 2MW,Mobile/Diesel/Gas,"
11217,Industrial/Commercial Sales & Service,00010001731002,AUTHORIZED SERVICES OF NEW ENGLAND, 410 FOREST STREET,,MARLBOROUGH,MA ,01752,USA,,888-890-9886,"Sales,"
11217,Industrial/Commercial Sales & Service,00010001691002,Kelly Generator & Equipment, 1955 Dale Ln,,Owings,MD ,20736,USA,www.kge.com,410-257-5225,"Sales,Service,Up To 2MW,Mobile/Diesel/Gas,Training,Rental,"
11217,Industrial/Commercial Sales & Service,00010001761002,"GENSERVE, INC.", 100 NEWTOWN RD,,PLAINVIEW,NY ,11803,USA,www.genserveinc.com,631-435-0437,"Service,"
11217,Industrial/Commercial Sales & Service,00111209521002,LONG ISLAND EMERGENCY POWER -QO, 2 Ocean Avenue,,DEER PARK,NY ,11729,USA,,631-586-7513,"Sales,"
11217,Industrial/Commercial Sales & Service,00010139211002,POWERPRO SERVICE CO. INC., 608 JOHNSON AVE. UNIT 6,,BOHEMIA,NY ,11716,USA,,631-567-2700,"Sales,Service,Up To 600kW,Mobile/Diesel/Gas,"
11217,Industrial/Commercial Sales & Service,00010134071002,PEAK POWER SYSTEMS, 99 SPRAGUE AVENUE,,MIDDLETOWN,NY ,10940,USA,www.peakpowersystems.com,845-344-1975,"Sales,Service,Up To 600kW,Mobile/Diesel/Gas,Rental,"
11217,Industrial/Commercial Sales & Service,00111209531002,HUNTINGTON POWER - LONG ISLAND, PO BOX 2040,,SHELTON,CT ,06484,USA,,631-586-7513,"Sales,"
11217,Industrial/Commercial Sales & Service,00010001761002,"GENSERVE, INC.", 115A TWINBRIDGE DR.,,PENNSAUKEN,NJ ,08110,USA,www.genserveinc.com,856-324-0459,"Service,"
11217,Industrial/Commercial Sales & Service,00111184131002,HUNTER & LOMISON, 1956 W FOURTH ST,,WILLIAMSPORT,PA ,17701,USA,www.hunterlomison.com,570-326-1764,"Sales,Service,Up To 600kW,Mobile/Diesel/Gas,Rental,"
11217,Industrial/Commercial Sales & Service,00010000881002,HUNTER & LOMISON INC., 1956 W. 4TH STREET,,WILLIAMSPORT,PA ,17701,USA,www.hunterlomison.com,570-326-1764,"Service,Up To 600kW,Mobile/Diesel/Gas,"
11217,Industrial/Commercial Sales & Service,00010001621002,BROOKFIELD SERVICE, 708 GLEBE ROAD,,WESTMORELAND,NH ,03467,USA,www.brookfieldservice.com,802-485-6567,"Service,Up To 600kW,Mobile/Diesel/Gas,"
11217,Industrial/Commercial Sales & Service,00010021101002,SOUTH SHORE GENERATOR INC-Quote, 2696A CRANBERRY HWY,,WAREHAM,MA ,02571,USA,,508-295-7336,"Sales,Service,Up To 600kW,Mobile/Diesel/Gas,"
11217,Industrial/Commercial Sales & Service,00010001701002,SOUTH SHORE GENERATOR INC, ,,EAST WAREHAM,MA ,02538,USA,,508-295-7336,"Financing,Sales,Service,Up To 600kW,Mobile/Diesel/Gas,"
11217,Industrial/Commercial Sales & Service,00111207431002,WARSHAUER ELECTRIC SUPPLY CO INC, 800 SHREWSBURY AVE,,TINTON FALLS,NJ ,07724,USA,www.warshauer.com,732-741-6400,"Service,"
11217,Industrial/Commercial Sales & Service,00010157021002,Mechanical Service Co, 1145 Oak St.,,Pittston,PA ,18640,USA,,570-654-2445,"Service,"
11218,Industrial/Commercial Sales & Service,00010214161002,"R.L. KISTLER, INC.", 35 HAMILTON LANE,,GLENMONT,NY ,12077,USA,,585-436-1940,"Sales,Service,"
11218,Industrial/Commercial Sales & Service,00010001611002,Huntington Power, 230 Long Hill Cross Rd,,Shelton,CT ,06484,USA,www.huntingtonpower.com,203-929-3203,"Sales,Service,Up To 2MW,Mobile/Diesel/Gas,Training,Rental,"
11218,Industrial/Commercial Sales & Service,00010214161002,"R.L. Kistler, Inc", 300 Mile Crossing Blvd.,,Rochester,NY ,14624,USA,rlkistler.com,585-436-1940,"Sales,"
11218,Industrial/Commercial Sales & Service,00010214161002,"R.L. Kistler, Inc", 5615 Business Ave.,,N. Syracuse,NY ,13208,USA,,315-458-2875,"Sales,"
11218,Industrial/Commercial Sales & Service,00010001611002,Huntington Power, 68 Enter Ln,,Islandia,NY ,11749,USA,,631-563-4943,"Sales,Service,Up To 2MW,Mobile/Diesel/Gas,"
11218,Industrial/Commercial Sales & Service,00010001611002,Huntington Power, 34 E DUDLEY TOWN RD.,,BLOOMFIELD,CT ,06002,USA,,860-289-8790,"Sales,Service,Rental,"
11218,Industrial/Commercial Sales & Service,00010214161002,"R.L. Kistler, Inc", 5615 Business Ave.,,N. Syracuse,NY ,13208,USA,,315-458-2875,"Sales,"
11218,Industrial/Commercial Sales & Service,00010208021002,Modern Group Power Systems, 2501 Durham Road,,Bristol,PA ,19007,USA,www.moderngroup.com,800-404-7291,"Sales,Service,Up To 2MW,Mobile/Diesel/Gas,Training,Rental,"
11218,Industrial/Commercial Sales & Service,00010001731002,Authorized Services Of New England, 410 Forest Street,,Marlborough,MA ,01752,USA,www.asne.com,888-890-9886,"Financing,Sales,Service,Up To 2MW,Mobile/Diesel/Gas,Training,Rental,"
11218,Industrial/Commercial Sales & Service,00010008091002,MODERN HANDLING EQUIP, 75 NEW STREET,,EDISON,NJ ,08837,USA,www.moderngroup.com,800-779-5116,"Sales,Service,Up To 2MW,Mobile/Diesel/Gas,"
11218,Industrial/Commercial Sales & Service,00010208021002,Modern Group Power Systems, 200 Allied Parkway,,West Berlin,NJ ,08091,USA,,800-404-7291,"Sales,Service,Up To 2MW,Mobile/Diesel/Gas,"
11218,Industrial/Commercial Sales & Service,00010208021002,Modern Group Power Systems, 6352 Chapmans Rd,,Allentown,PA ,18106,USA,,800-404-7291,"Sales,Service,Up To 2MW,Mobile/Diesel/Gas,"
11218,Industrial/Commercial Sales & Service,00010208021002,Modern Group Power Systems, 295 New Commerce Blvd.,,Wilkes Barre,PA ,18706,USA,,800-404-7291,"Sales,Service,Up To 2MW,Mobile/Diesel/Gas,"
11218,Industrial/Commercial Sales & Service,00010208021002,Modern Group Power Systems, 66A South Gate Blvd.,,New Castle,DE ,19720,USA,,800-404-7291,"Sales,Service,Up To 2MW,Mobile/Diesel/Gas,"
11218,Industrial/Commercial Sales & Service,00010000931002,"EMERGENCY POWER SYSTEMS, LLC", 35 HAMILTON LANE,,GLENMONT,NY ,12077,USA,,800-914-1465,"Service,Up To 2MW,Mobile/Diesel/Gas,"
11218,Industrial/Commercial Sales & Service,00010000931002,"EMERGENCY POWER SYSTEMS, LLC", 35 HAMILTON LANE,,GLENMONT,NY ,12077,USA,,800-914-1465,"Service,"
11218,Industrial/Commercial Sales & Service,00010208021002,Modern Group Power Systems, 3480 Board Road,,York,PA ,17402,USA,,800-404-7291,"Sales,Service,Up To 2MW,Mobile/Diesel/Gas,"
11218,Industrial/Commercial Sales & Service,00010001731002,AUTHORIZED SERVICES OF NEW ENGLAND, 410 FOREST STREET,,MARLBOROUGH,MA ,01752,USA,,888-890-9886,"Sales,"
11218,Industrial/Commercial Sales & Service,00010001691002,Kelly Generator & Equipment, 1955 Dale Ln,,Owings,MD ,20736,USA,www.kge.com,410-257-5225,"Sales,Service,Up To 2MW,Mobile/Diesel/Gas,Training,Rental,"
11218,Industrial/Commercial Sales & Service,00010001761002,"GENSERVE, INC.", 100 NEWTOWN RD,,PLAINVIEW,NY ,11803,USA,www.genserveinc.com,631-435-0437,"Service,"
11218,Industrial/Commercial Sales & Service,00111209521002,LONG ISLAND EMERGENCY POWER -QO, 2 Ocean Avenue,,DEER PARK,NY ,11729,USA,,631-586-7513,"Sales,"
11218,Industrial/Commercial Sales & Service,00010139211002,POWERPRO SERVICE CO. INC., 608 JOHNSON AVE. UNIT 6,,BOHEMIA,NY ,11716,USA,,631-567-2700,"Sales,Service,Up To 600kW,Mobile/Diesel/Gas,"
11218,Industrial/Commercial Sales & Service,00010134071002,PEAK POWER SYSTEMS, 99 SPRAGUE AVENUE,,MIDDLETOWN,NY ,10940,USA,www.peakpowersystems.com,845-344-1975,"Sales,Service,Up To 600kW,Mobile/Diesel/Gas,Rental,"
11218,Industrial/Commercial Sales & Service,00111209531002,HUNTINGTON POWER - LONG ISLAND, PO BOX 2040,,SHELTON,CT ,06484,USA,,631-586-7513,"Sales,"
11218,Industrial/Commercial Sales & Service,00010001761002,"GENSERVE, INC.", 115A TWINBRIDGE DR.,,PENNSAUKEN,NJ ,08110,USA,www.genserveinc.com,856-324-0459,"Service,"
11218,Industrial/Commercial Sales & Service,00111184131002,HUNTER & LOMISON, 1956 W FOURTH ST,,WILLIAMSPORT,PA ,17701,USA,www.hunterlomison.com,570-326-1764,"Sales,Service,Up To 600kW,Mobile/Diesel/Gas,Rental,"
11218,Industrial/Commercial Sales & Service,00010000881002,HUNTER & LOMISON INC., 1956 W. 4TH STREET,,WILLIAMSPORT,PA ,17701,USA,www.hunterlomison.com,570-326-1764,"Service,Up To 600kW,Mobile/Diesel/Gas,"
11218,Industrial/Commercial Sales & Service,00010001621002,BROOKFIELD SERVICE, 708 GLEBE ROAD,,WESTMORELAND,NH ,03467,USA,www.brookfieldservice.com,802-485-6567,"Service,Up To 600kW,Mobile/Diesel/Gas,"
11218,Industrial/Commercial Sales & Service,00010021101002,SOUTH SHORE GENERATOR INC-Quote, 2696A CRANBERRY HWY,,WAREHAM,MA ,02571,USA,,508-295-7336,"Sales,Service,Up To 600kW,Mobile/Diesel/Gas,"
11218,Industrial/Commercial Sales & Service,00010001701002,SOUTH SHORE GENERATOR INC, ,,EAST WAREHAM,MA ,02538,USA,,508-295-7336,"Financing,Sales,Service,Up To 600kW,Mobile/Diesel/Gas,"
11218,Industrial/Commercial Sales & Service,00111207431002,WARSHAUER ELECTRIC SUPPLY CO INC, 800 SHREWSBURY AVE,,TINTON FALLS,NJ ,07724,USA,www.warshauer.com,732-741-6400,"Service,"
11218,Industrial/Commercial Sales & Service,00010157021002,Mechanical Service Co, 1145 Oak St.,,Pittston,PA ,18640,USA,,570-654-2445,"Service,"
11219,Industrial/Commercial Sales & Service,00010214161002,"R.L. Kistler, Inc", 300 Mile Crossing Blvd.,,Rochester,NY ,14624,USA,rlkistler.com,585-436-1940,"Sales,"
11219,Industrial/Commercial Sales & Service,00010001611002,Huntington Power, 230 Long Hill Cross Rd,,Shelton,CT ,06484,USA,www.huntingtonpower.com,203-929-3203,"Sales,Service,Up To 2MW,Mobile/Diesel/Gas,Training,Rental,"
11219,Industrial/Commercial Sales & Service,00010214161002,"R.L. KISTLER, INC.", 35 HAMILTON LANE,,GLENMONT,NY ,12077,USA,,585-436-1940,"Sales,Service,"
11219,Industrial/Commercial Sales & Service,00010214161002,"R.L. Kistler, Inc", 5615 Business Ave.,,N. Syracuse,NY ,13208,USA,,315-458-2875,"Sales,"
11219,Industrial/Commercial Sales & Service,00010001611002,Huntington Power, 68 Enter Ln,,Islandia,NY ,11749,USA,,631-563-4943,"Sales,Service,Up To 2MW,Mobile/Diesel/Gas,"
11219,Industrial/Commercial Sales & Service,00010001611002,Huntington Power, 34 E DUDLEY TOWN RD.,,BLOOMFIELD,CT ,06002,USA,,860-289-8790,"Sales,Service,Rental,"
11219,Industrial/Commercial Sales & Service,00010214161002,"R.L. Kistler, Inc", 5615 Business Ave.,,N. Syracuse,NY ,13208,USA,,315-458-2875,"Sales,"
11219,Industrial/Commercial Sales & Service,00010208021002,Modern Group Power Systems, 2501 Durham Road,,Bristol,PA ,19007,USA,www.moderngroup.com,800-404-7291,"Sales,Service,Up To 2MW,Mobile/Diesel/Gas,Training,Rental,"
11219,Industrial/Commercial Sales & Service,00010001731002,Authorized Services Of New England, 410 Forest Street,,Marlborough,MA ,01752,USA,www.asne.com,888-890-9886,"Financing,Sales,Service,Up To 2MW,Mobile/Diesel/Gas,Training,Rental,"
11219,Industrial/Commercial Sales & Service,00010008091002,MODERN HANDLING EQUIP, 75 NEW STREET,,EDISON,NJ ,08837,USA,www.moderngroup.com,800-779-5116,"Sales,Service,Up To 2MW,Mobile/Diesel/Gas,"
11219,Industrial/Commercial Sales & Service,00010208021002,Modern Group Power Systems, 200 Allied Parkway,,West Berlin,NJ ,08091,USA,,800-404-7291,"Sales,Service,Up To 2MW,Mobile/Diesel/Gas,"
11219,Industrial/Commercial Sales & Service,00010208021002,Modern Group Power Systems, 6352 Chapmans Rd,,Allentown,PA ,18106,USA,,800-404-7291,"Sales,Service,Up To 2MW,Mobile/Diesel/Gas,"
11219,Industrial/Commercial Sales & Service,00010208021002,Modern Group Power Systems, 66A South Gate Blvd.,,New Castle,DE ,19720,USA,,800-404-7291,"Sales,Service,Up To 2MW,Mobile/Diesel/Gas,"
11219,Industrial/Commercial Sales & Service,00010208021002,Modern Group Power Systems, 295 New Commerce Blvd.,,Wilkes Barre,PA ,18706,USA,,800-404-7291,"Sales,Service,Up To 2MW,Mobile/Diesel/Gas,"
11219,Industrial/Commercial Sales & Service,00010000931002,"EMERGENCY POWER SYSTEMS, LLC", 35 HAMILTON LANE,,GLENMONT,NY ,12077,USA,,800-914-1465,"Service,Up To 2MW,Mobile/Diesel/Gas,"
11219,Industrial/Commercial Sales & Service,00010000931002,"EMERGENCY POWER SYSTEMS, LLC", 35 HAMILTON LANE,,GLENMONT,NY ,12077,USA,,800-914-1465,"Service,"
11219,Industrial/Commercial Sales & Service,00010208021002,Modern Group Power Systems, 3480 Board Road,,York,PA ,17402,USA,,800-404-7291,"Sales,Service,Up To 2MW,Mobile/Diesel/Gas,"
11219,Industrial/Commercial Sales & Service,00010001731002,AUTHORIZED SERVICES OF NEW ENGLAND, 410 FOREST STREET,,MARLBOROUGH,MA ,01752,USA,,888-890-9886,"Sales,"
11219,Industrial/Commercial Sales & Service,00010001691002,Kelly Generator & Equipment, 1955 Dale Ln,,Owings,MD ,20736,USA,www.kge.com,410-257-5225,"Sales,Service,Up To 2MW,Mobile/Diesel/Gas,Training,Rental,"
11219,Industrial/Commercial Sales & Service,00010001761002,"GENSERVE, INC.", 100 NEWTOWN RD,,PLAINVIEW,NY ,11803,USA,www.genserveinc.com,631-435-0437,"Service,"
11219,Industrial/Commercial Sales & Service,00111209521002,LONG ISLAND EMERGENCY POWER -QO, 2 Ocean Avenue,,DEER PARK,NY ,11729,USA,,631-586-7513,"Sales,"
11219,Industrial/Commercial Sales & Service,00010139211002,POWERPRO SERVICE CO. INC., 608 JOHNSON AVE. UNIT 6,,BOHEMIA,NY ,11716,USA,,631-567-2700,"Sales,Service,Up To 600kW,Mobile/Diesel/Gas,"
11219,Industrial/Commercial Sales & Service,00010134071002,PEAK POWER SYSTEMS, 99 SPRAGUE AVENUE,,MIDDLETOWN,NY ,10940,USA,www.peakpowersystems.com,845-344-1975,"Sales,Service,Up To 600kW,Mobile/Diesel/Gas,Rental,"
11219,Industrial/Commercial Sales & Service,00111209531002,HUNTINGTON POWER - LONG ISLAND, PO BOX 2040,,SHELTON,CT ,06484,USA,,631-586-7513,"Sales,"
11219,Industrial/Commercial Sales & Service,00010001761002,"GENSERVE, INC.", 115A TWINBRIDGE DR.,,PENNSAUKEN,NJ ,08110,USA,www.genserveinc.com,856-324-0459,"Service,"
11219,Industrial/Commercial Sales & Service,00111184131002,HUNTER & LOMISON, 1956 W FOURTH ST,,WILLIAMSPORT,PA ,17701,USA,www.hunterlomison.com,570-326-1764,"Sales,Service,Up To 600kW,Mobile/Diesel/Gas,Rental,"
11219,Industrial/Commercial Sales & Service,00010000881002,HUNTER & LOMISON INC., 1956 W. 4TH STREET,,WILLIAMSPORT,PA ,17701,USA,www.hunterlomison.com,570-326-1764,"Service,Up To 600kW,Mobile/Diesel/Gas,"
11219,Industrial/Commercial Sales & Service,00010001621002,BROOKFIELD SERVICE, 708 GLEBE ROAD,,WESTMORELAND,NH ,03467,USA,www.brookfieldservice.com,802-485-6567,"Service,Up To 600kW,Mobile/Diesel/Gas,"
11219,Industrial/Commercial Sales & Service,00010021101002,SOUTH SHORE GENERATOR INC-Quote, 2696A CRANBERRY HWY,,WAREHAM,MA ,02571,USA,,508-295-7336,"Sales,Service,Up To 600kW,Mobile/Diesel/Gas,"
11219,Industrial/Commercial Sales & Service,00010001701002,SOUTH SHORE GENERATOR INC, ,,EAST WAREHAM,MA ,02538,USA,,508-295-7336,"Financing,Sales,Service,Up To 600kW,Mobile/Diesel/Gas,"
11219,Industrial/Commercial Sales & Service,00111207431002,WARSHAUER ELECTRIC SUPPLY CO INC, 800 SHREWSBURY AVE,,TINTON FALLS,NJ ,07724,USA,www.warshauer.com,732-741-6400,"Service,"
11219,Industrial/Commercial Sales & Service,00010157021002,Mechanical Service Co, 1145 Oak St.,,Pittston,PA ,18640,USA,,570-654-2445,"Service,"
11220,Industrial/Commercial Sales & Service,00010001611002,Huntington Power, 230 Long Hill Cross Rd,,Shelton,CT ,06484,USA,www.huntingtonpower.com,203-929-3203,"Sales,Service,Up To 2MW,Mobile/Diesel/Gas,Training,Rental,"
11220,Industrial/Commercial Sales & Service,00010214161002,"R.L. Kistler, Inc", 300 Mile Crossing Blvd.,,Rochester,NY ,14624,USA,rlkistler.com,585-436-1940,"Sales,"
11220,Industrial/Commercial Sales & Service,00010214161002,"R.L. KISTLER, INC.", 35 HAMILTON LANE,,GLENMONT,NY ,12077,USA,,585-436-1940,"Sales,Service,"
11220,Industrial/Commercial Sales & Service,00010001611002,Huntington Power, 68 Enter Ln,,Islandia,NY ,11749,USA,,631-563-4943,"Sales,Service,Up To 2MW,Mobile/Diesel/Gas,"
11220,Industrial/Commercial Sales & Service,00010001611002,Huntington Power, 34 E DUDLEY TOWN RD.,,BLOOMFIELD,CT ,06002,USA,,860-289-8790,"Sales,Service,Rental,"
11220,Industrial/Commercial Sales & Service,00010214161002,"R.L. Kistler, Inc", 5615 Business Ave.,,N. Syracuse,NY ,13208,USA,,315-458-2875,"Sales,"
11220,Industrial/Commercial Sales & Service,00010214161002,"R.L. Kistler, Inc", 5615 Business Ave.,,N. Syracuse,NY ,13208,USA,,315-458-2875,"Sales,"
11220,Industrial/Commercial Sales & Service,00010208021002,Modern Group Power Systems, 2501 Durham Road,,Bristol,PA ,19007,USA,www.moderngroup.com,800-404-7291,"Sales,Service,Up To 2MW,Mobile/Diesel/Gas,Training,Rental,"
11220,Industrial/Commercial Sales & Service,00010001731002,Authorized Services Of New England, 410 Forest Street,,Marlborough,MA ,01752,USA,www.asne.com,888-890-9886,"Financing,Sales,Service,Up To 2MW,Mobile/Diesel/Gas,Training,Rental,"
11220,Industrial/Commercial Sales & Service,00010008091002,MODERN HANDLING EQUIP, 75 NEW STREET,,EDISON,NJ ,08837,USA,www.moderngroup.com,800-779-5116,"Sales,Service,Up To 2MW,Mobile/Diesel/Gas,"
11220,Industrial/Commercial Sales & Service,00010208021002,Modern Group Power Systems, 200 Allied Parkway,,West Berlin,NJ ,08091,USA,,800-404-7291,"Sales,Service,Up To 2MW,Mobile/Diesel/Gas,"
11220,Industrial/Commercial Sales & Service,00010208021002,Modern Group Power Systems, 6352 Chapmans Rd,,Allentown,PA ,18106,USA,,800-404-7291,"Sales,Service,Up To 2MW,Mobile/Diesel/Gas,"
11220,Industrial/Commercial Sales & Service,00010208021002,Modern Group Power Systems, 295 New Commerce Blvd.,,Wilkes Barre,PA ,18706,USA,,800-404-7291,"Sales,Service,Up To 2MW,Mobile/Diesel/Gas,"
11220,Industrial/Commercial Sales & Service,00010208021002,Modern Group Power Systems, 66A South Gate Blvd.,,New Castle,DE ,19720,USA,,800-404-7291,"Sales,Service,Up To 2MW,Mobile/Diesel/Gas,"
11220,Industrial/Commercial Sales & Service,00010000931002,"EMERGENCY POWER SYSTEMS, LLC", 35 HAMILTON LANE,,GLENMONT,NY ,12077,USA,,800-914-1465,"Service,Up To 2MW,Mobile/Diesel/Gas,"
11220,Industrial/Commercial Sales & Service,00010000931002,"EMERGENCY POWER SYSTEMS, LLC", 35 HAMILTON LANE,,GLENMONT,NY ,12077,USA,,800-914-1465,"Service,"
11220,Industrial/Commercial Sales & Service,00010208021002,Modern Group Power Systems, 3480 Board Road,,York,PA ,17402,USA,,800-404-7291,"Sales,Service,Up To 2MW,Mobile/Diesel/Gas,"
11220,Industrial/Commercial Sales & Service,00010001731002,AUTHORIZED SERVICES OF NEW ENGLAND, 410 FOREST STREET,,MARLBOROUGH,MA ,01752,USA,,888-890-9886,"Sales,"
11220,Industrial/Commercial Sales & Service,00010001691002,Kelly Generator & Equipment, 1955 Dale Ln,,Owings,MD ,20736,USA,www.kge.com,410-257-5225,"Sales,Service,Up To 2MW,Mobile/Diesel/Gas,Training,Rental,"
11220,Industrial/Commercial Sales & Service,00010001761002,"GENSERVE, INC.", 100 NEWTOWN RD,,PLAINVIEW,NY ,11803,USA,www.genserveinc.com,631-435-0437,"Service,"
11220,Industrial/Commercial Sales & Service,00111209521002,LONG ISLAND EMERGENCY POWER -QO, 2 Ocean Avenue,,DEER PARK,NY ,11729,USA,,631-586-7513,"Sales,"
11220,Industrial/Commercial Sales & Service,00010139211002,POWERPRO SERVICE CO. INC., 608 JOHNSON AVE. UNIT 6,,BOHEMIA,NY ,11716,USA,,631-567-2700,"Sales,Service,Up To 600kW,Mobile/Diesel/Gas,"
11220,Industrial/Commercial Sales & Service,00010134071002,PEAK POWER SYSTEMS, 99 SPRAGUE AVENUE,,MIDDLETOWN,NY ,10940,USA,www.peakpowersystems.com,845-344-1975,"Sales,Service,Up To 600kW,Mobile/Diesel/Gas,Rental,"
11220,Industrial/Commercial Sales & Service,00111209531002,HUNTINGTON POWER - LONG ISLAND, PO BOX 2040,,SHELTON,CT ,06484,USA,,631-586-7513,"Sales,"
11220,Industrial/Commercial Sales & Service,00010001761002,"GENSERVE, INC.", 115A TWINBRIDGE DR.,,PENNSAUKEN,NJ ,08110,USA,www.genserveinc.com,856-324-0459,"Service,"
11220,Industrial/Commercial Sales & Service,00111184131002,HUNTER & LOMISON, 1956 W FOURTH ST,,WILLIAMSPORT,PA ,17701,USA,www.hunterlomison.com,570-326-1764,"Sales,Service,Up To 600kW,Mobile/Diesel/Gas,Rental,"
11220,Industrial/Commercial Sales & Service,00010000881002,HUNTER & LOMISON INC., 1956 W. 4TH STREET,,WILLIAMSPORT,PA ,17701,USA,www.hunterlomison.com,570-326-1764,"Service,Up To 600kW,Mobile/Diesel/Gas,"
11220,Industrial/Commercial Sales & Service,00010001621002,BROOKFIELD SERVICE, 708 GLEBE ROAD,,WESTMORELAND,NH ,03467,USA,www.brookfieldservice.com,802-485-6567,"Service,Up To 600kW,Mobile/Diesel/Gas,"
11220,Industrial/Commercial Sales & Service,00010021101002,SOUTH SHORE GENERATOR INC-Quote, 2696A CRANBERRY HWY,,WAREHAM,MA ,02571,USA,,508-295-7336,"Sales,Service,Up To 600kW,Mobile/Diesel/Gas,"
11220,Industrial/Commercial Sales & Service,00010001701002,SOUTH SHORE GENERATOR INC, ,,EAST WAREHAM,MA ,02538,USA,,508-295-7336,"Financing,Sales,Service,Up To 600kW,Mobile/Diesel/Gas,"
11220,Industrial/Commercial Sales & Service,00111207431002,WARSHAUER ELECTRIC SUPPLY CO INC, 800 SHREWSBURY AVE,,TINTON FALLS,NJ ,07724,USA,www.warshauer.com,732-741-6400,"Service,"
11220,Industrial/Commercial Sales & Service,00010157021002,Mechanical Service Co, 1145 Oak St.,,Pittston,PA ,18640,USA,,570-654-2445,"Service,"
11221,Industrial/Commercial Sales & Service,00010214161002,"R.L. KISTLER, INC.", 35 HAMILTON LANE,,GLENMONT,NY ,12077,USA,,585-436-1940,"Sales,Service,"
11221,Industrial/Commercial Sales & Service,00010001611002,Huntington Power, 230 Long Hill Cross Rd,,Shelton,CT ,06484,USA,www.huntingtonpower.com,203-929-3203,"Sales,Service,Up To 2MW,Mobile/Diesel/Gas,Training,Rental,"
11221,Industrial/Commercial Sales & Service,00010214161002,"R.L. Kistler, Inc", 300 Mile Crossing Blvd.,,Rochester,NY ,14624,USA,rlkistler.com,585-436-1940,"Sales,"
11221,Industrial/Commercial Sales & Service,00010214161002,"R.L. Kistler, Inc", 5615 Business Ave.,,N. Syracuse,NY ,13208,USA,,315-458-2875,"Sales,"
11221,Industrial/Commercial Sales & Service,00010001611002,Huntington Power, 68 Enter Ln,,Islandia,NY ,11749,USA,,631-563-4943,"Sales,Service,Up To 2MW,Mobile/Diesel/Gas,"
11221,Industrial/Commercial Sales & Service,00010001611002,Huntington Power, 34 E DUDLEY TOWN RD.,,BLOOMFIELD,CT ,06002,USA,,860-289-8790,"Sales,Service,Rental,"
11221,Industrial/Commercial Sales & Service,00010214161002,"R.L. Kistler, Inc", 5615 Business Ave.,,N. Syracuse,NY ,13208,USA,,315-458-2875,"Sales,"
11221,Industrial/Commercial Sales & Service,00010208021002,Modern Group Power Systems, 2501 Durham Road,,Bristol,PA ,19007,USA,www.moderngroup.com,800-404-7291,"Sales,Service,Up To 2MW,Mobile/Diesel/Gas,Training,Rental,"
11221,Industrial/Commercial Sales & Service,00010001731002,Authorized Services Of New England, 410 Forest Street,,Marlborough,MA ,01752,USA,www.asne.com,888-890-9886,"Financing,Sales,Service,Up To 2MW,Mobile/Diesel/Gas,Training,Rental,"
11221,Industrial/Commercial Sales & Service,00010008091002,MODERN HANDLING EQUIP, 75 NEW STREET,,EDISON,NJ ,08837,USA,www.moderngroup.com,800-779-5116,"Sales,Service,Up To 2MW,Mobile/Diesel/Gas,"
11221,Industrial/Commercial Sales & Service,00010208021002,Modern Group Power Systems, 200 Allied Parkway,,West Berlin,NJ ,08091,USA,,800-404-7291,"Sales,Service,Up To 2MW,Mobile/Diesel/Gas,"
11221,Industrial/Commercial Sales & Service,00010208021002,Modern Group Power Systems, 6352 Chapmans Rd,,Allentown,PA ,18106,USA,,800-404-7291,"Sales,Service,Up To 2MW,Mobile/Diesel/Gas,"
11221,Industrial/Commercial Sales & Service,00010208021002,Modern Group Power Systems, 295 New Commerce Blvd.,,Wilkes Barre,PA ,18706,USA,,800-404-7291,"Sales,Service,Up To 2MW,Mobile/Diesel/Gas,"
11221,Industrial/Commercial Sales & Service,00010208021002,Modern Group Power Systems, 66A South Gate Blvd.,,New Castle,DE ,19720,USA,,800-404-7291,"Sales,Service,Up To 2MW,Mobile/Diesel/Gas,"
11221,Industrial/Commercial Sales & Service,00010000931002,"EMERGENCY POWER SYSTEMS, LLC", 35 HAMILTON LANE,,GLENMONT,NY ,12077,USA,,800-914-1465,"Service,Up To 2MW,Mobile/Diesel/Gas,"
11221,Industrial/Commercial Sales & Service,00010000931002,"EMERGENCY POWER SYSTEMS, LLC", 35 HAMILTON LANE,,GLENMONT,NY ,12077,USA,,800-914-1465,"Service,"
11221,Industrial/Commercial Sales & Service,00010208021002,Modern Group Power Systems, 3480 Board Road,,York,PA ,17402,USA,,800-404-7291,"Sales,Service,Up To 2MW,Mobile/Diesel/Gas,"
11221,Industrial/Commercial Sales & Service,00010001731002,AUTHORIZED SERVICES OF NEW ENGLAND, 410 FOREST STREET,,MARLBOROUGH,MA ,01752,USA,,888-890-9886,"Sales,"
11221,Industrial/Commercial Sales & Service,00010001691002,Kelly Generator & Equipment, 1955 Dale Ln,,Owings,MD ,20736,USA,www.kge.com,410-257-5225,"Sales,Service,Up To 2MW,Mobile/Diesel/Gas,Training,Rental,"
11221,Industrial/Commercial Sales & Service,00010001761002,"GENSERVE, INC.", 100 NEWTOWN RD,,PLAINVIEW,NY ,11803,USA,www.genserveinc.com,631-435-0437,"Service,"
11221,Industrial/Commercial Sales & Service,00111209521002,LONG ISLAND EMERGENCY POWER -QO, 2 Ocean Avenue,,DEER PARK,NY ,11729,USA,,631-586-7513,"Sales,"
11221,Industrial/Commercial Sales & Service,00010139211002,POWERPRO SERVICE CO. INC., 608 JOHNSON AVE. UNIT 6,,BOHEMIA,NY ,11716,USA,,631-567-2700,"Sales,Service,Up To 600kW,Mobile/Diesel/Gas,"
11221,Industrial/Commercial Sales & Service,00010134071002,PEAK POWER SYSTEMS, 99 SPRAGUE AVENUE,,MIDDLETOWN,NY ,10940,USA,www.peakpowersystems.com,845-344-1975,"Sales,Service,Up To 600kW,Mobile/Diesel/Gas,Rental,"
11221,Industrial/Commercial Sales & Service,00111209531002,HUNTINGTON POWER - LONG ISLAND, PO BOX 2040,,SHELTON,CT ,06484,USA,,631-586-7513,"Sales,"
11221,Industrial/Commercial Sales & Service,00010001761002,"GENSERVE, INC.", 115A TWINBRIDGE DR.,,PENNSAUKEN,NJ ,08110,USA,www.genserveinc.com,856-324-0459,"Service,"
11221,Industrial/Commercial Sales & Service,00111184131002,HUNTER & LOMISON, 1956 W FOURTH ST,,WILLIAMSPORT,PA ,17701,USA,www.hunterlomison.com,570-326-1764,"Sales,Service,Up To 600kW,Mobile/Diesel/Gas,Rental,"
11221,Industrial/Commercial Sales & Service,00010000881002,HUNTER & LOMISON INC., 1956 W. 4TH STREET,,WILLIAMSPORT,PA ,17701,USA,www.hunterlomison.com,570-326-1764,"Service,Up To 600kW,Mobile/Diesel/Gas,"
11221,Industrial/Commercial Sales & Service,00010001621002,BROOKFIELD SERVICE, 708 GLEBE ROAD,,WESTMORELAND,NH ,03467,USA,www.brookfieldservice.com,802-485-6567,"Service,Up To 600kW,Mobile/Diesel/Gas,"
11221,Industrial/Commercial Sales & Service,00010021101002,SOUTH SHORE GENERATOR INC-Quote, 2696A CRANBERRY HWY,,WAREHAM,MA ,02571,USA,,508-295-7336,"Sales,Service,Up To 600kW,Mobile/Diesel/Gas,"
11221,Industrial/Commercial Sales & Service,00010001701002,SOUTH SHORE GENERATOR INC, ,,EAST WAREHAM,MA ,02538,USA,,508-295-7336,"Financing,Sales,Service,Up To 600kW,Mobile/Diesel/Gas,"
11221,Industrial/Commercial Sales & Service,00111207431002,WARSHAUER ELECTRIC SUPPLY CO INC, 800 SHREWSBURY AVE,,TINTON FALLS,NJ ,07724,USA,www.warshauer.com,732-741-6400,"Service,"
11221,Industrial/Commercial Sales & Service,00010157021002,Mechanical Service Co, 1145 Oak St.,,Pittston,PA ,18640,USA,,570-654-2445,"Service,"
11222,Industrial/Commercial Sales & Service,00010214161002,"R.L. Kistler, Inc", 300 Mile Crossing Blvd.,,Rochester,NY ,14624,USA,rlkistler.com,585-436-1940,"Sales,"
11222,Industrial/Commercial Sales & Service,00010001611002,Huntington Power, 230 Long Hill Cross Rd,,Shelton,CT ,06484,USA,www.huntingtonpower.com,203-929-3203,"Sales,Service,Up To 2MW,Mobile/Diesel/Gas,Training,Rental,"
11222,Industrial/Commercial Sales & Service,00010214161002,"R.L. KISTLER, INC.", 35 HAMILTON LANE,,GLENMONT,NY ,12077,USA,,585-436-1940,"Sales,Service,"
11222,Industrial/Commercial Sales & Service,00010214161002,"R.L. Kistler, Inc", 5615 Business Ave.,,N. Syracuse,NY ,13208,USA,,315-458-2875,"Sales,"
11222,Industrial/Commercial Sales & Service,00010001611002,Huntington Power, 68 Enter Ln,,Islandia,NY ,11749,USA,,631-563-4943,"Sales,Service,Up To 2MW,Mobile/Diesel/Gas,"
11222,Industrial/Commercial Sales & Service,00010001611002,Huntington Power, 34 E DUDLEY TOWN RD.,,BLOOMFIELD,CT ,06002,USA,,860-289-8790,"Sales,Service,Rental,"
11222,Industrial/Commercial Sales & Service,00010214161002,"R.L. Kistler, Inc", 5615 Business Ave.,,N. Syracuse,NY ,13208,USA,,315-458-2875,"Sales,"
11222,Industrial/Commercial Sales & Service,00010208021002,Modern Group Power Systems, 2501 Durham Road,,Bristol,PA ,19007,USA,www.moderngroup.com,800-404-7291,"Sales,Service,Up To 2MW,Mobile/Diesel/Gas,Training,Rental,"
11222,Industrial/Commercial Sales & Service,00010001731002,Authorized Services Of New England, 410 Forest Street,,Marlborough,MA ,01752,USA,www.asne.com,888-890-9886,"Financing,Sales,Service,Up To 2MW,Mobile/Diesel/Gas,Training,Rental,"
11222,Industrial/Commercial Sales & Service,00010008091002,MODERN HANDLING EQUIP, 75 NEW STREET,,EDISON,NJ ,08837,USA,www.moderngroup.com,800-779-5116,"Sales,Service,Up To 2MW,Mobile/Diesel/Gas,"
11222,Industrial/Commercial Sales & Service,00010208021002,Modern Group Power Systems, 200 Allied Parkway,,West Berlin,NJ ,08091,USA,,800-404-7291,"Sales,Service,Up To 2MW,Mobile/Diesel/Gas,"
11222,Industrial/Commercial Sales & Service,00010208021002,Modern Group Power Systems, 6352 Chapmans Rd,,Allentown,PA ,18106,USA,,800-404-7291,"Sales,Service,Up To 2MW,Mobile/Diesel/Gas,"
11222,Industrial/Commercial Sales & Service,00010208021002,Modern Group Power Systems, 295 New Commerce Blvd.,,Wilkes Barre,PA ,18706,USA,,800-404-7291,"Sales,Service,Up To 2MW,Mobile/Diesel/Gas,"
11222,Industrial/Commercial Sales & Service,00010208021002,Modern Group Power Systems, 66A South Gate Blvd.,,New Castle,DE ,19720,USA,,800-404-7291,"Sales,Service,Up To 2MW,Mobile/Diesel/Gas,"
11222,Industrial/Commercial Sales & Service,00010000931002,"EMERGENCY POWER SYSTEMS, LLC", 35 HAMILTON LANE,,GLENMONT,NY ,12077,USA,,800-914-1465,"Service,Up To 2MW,Mobile/Diesel/Gas,"
11222,Industrial/Commercial Sales & Service,00010000931002,"EMERGENCY POWER SYSTEMS, LLC", 35 HAMILTON LANE,,GLENMONT,NY ,12077,USA,,800-914-1465,"Service,"
11222,Industrial/Commercial Sales & Service,00010208021002,Modern Group Power Systems, 3480 Board Road,,York,PA ,17402,USA,,800-404-7291,"Sales,Service,Up To 2MW,Mobile/Diesel/Gas,"
11222,Industrial/Commercial Sales & Service,00010001731002,AUTHORIZED SERVICES OF NEW ENGLAND, 410 FOREST STREET,,MARLBOROUGH,MA ,01752,USA,,888-890-9886,"Sales,"
11222,Industrial/Commercial Sales & Service,00010001691002,Kelly Generator & Equipment, 1955 Dale Ln,,Owings,MD ,20736,USA,www.kge.com,410-257-5225,"Sales,Service,Up To 2MW,Mobile/Diesel/Gas,Training,Rental,"
11222,Industrial/Commercial Sales & Service,00010001761002,"GENSERVE, INC.", 100 NEWTOWN RD,,PLAINVIEW,NY ,11803,USA,www.genserveinc.com,631-435-0437,"Service,"
11222,Industrial/Commercial Sales & Service,00111209521002,LONG ISLAND EMERGENCY POWER -QO, 2 Ocean Avenue,,DEER PARK,NY ,11729,USA,,631-586-7513,"Sales,"
11222,Industrial/Commercial Sales & Service,00010139211002,POWERPRO SERVICE CO. INC., 608 JOHNSON AVE. UNIT 6,,BOHEMIA,NY ,11716,USA,,631-567-2700,"Sales,Service,Up To 600kW,Mobile/Diesel/Gas,"
11222,Industrial/Commercial Sales & Service,00010134071002,PEAK POWER SYSTEMS, 99 SPRAGUE AVENUE,,MIDDLETOWN,NY ,10940,USA,www.peakpowersystems.com,845-344-1975,"Sales,Service,Up To 600kW,Mobile/Diesel/Gas,Rental,"
11222,Industrial/Commercial Sales & Service,00111209531002,HUNTINGTON POWER - LONG ISLAND, PO BOX 2040,,SHELTON,CT ,06484,USA,,631-586-7513,"Sales,"
11222,Industrial/Commercial Sales & Service,00010001761002,"GENSERVE, INC.", 115A TWINBRIDGE DR.,,PENNSAUKEN,NJ ,08110,USA,www.genserveinc.com,856-324-0459,"Service,"
11222,Industrial/Commercial Sales & Service,00111184131002,HUNTER & LOMISON, 1956 W FOURTH ST,,WILLIAMSPORT,PA ,17701,USA,www.hunterlomison.com,570-326-1764,"Sales,Service,Up To 600kW,Mobile/Diesel/Gas,Rental,"
11222,Industrial/Commercial Sales & Service,00010000881002,HUNTER & LOMISON INC., 1956 W. 4TH STREET,,WILLIAMSPORT,PA ,17701,USA,www.hunterlomison.com,570-326-1764,"Service,Up To 600kW,Mobile/Diesel/Gas,"
11222,Industrial/Commercial Sales & Service,00010001621002,BROOKFIELD SERVICE, 708 GLEBE ROAD,,WESTMORELAND,NH ,03467,USA,www.brookfieldservice.com,802-485-6567,"Service,Up To 600kW,Mobile/Diesel/Gas,"
11222,Industrial/Commercial Sales & Service,00010021101002,SOUTH SHORE GENERATOR INC-Quote, 2696A CRANBERRY HWY,,WAREHAM,MA ,02571,USA,,508-295-7336,"Sales,Service,Up To 600kW,Mobile/Diesel/Gas,"
11222,Industrial/Commercial Sales & Service,00010001701002,SOUTH SHORE GENERATOR INC, ,,EAST WAREHAM,MA ,02538,USA,,508-295-7336,"Financing,Sales,Service,Up To 600kW,Mobile/Diesel/Gas,"
11222,Industrial/Commercial Sales & Service,00111207431002,WARSHAUER ELECTRIC SUPPLY CO INC, 800 SHREWSBURY AVE,,TINTON FALLS,NJ ,07724,USA,www.warshauer.com,732-741-6400,"Service,"
11222,Industrial/Commercial Sales & Service,00010157021002,Mechanical Service Co, 1145 Oak St.,,Pittston,PA ,18640,USA,,570-654-2445,"Service,"
11223,Industrial/Commercial Sales & Service,00010214161002,"R.L. Kistler, Inc", 300 Mile Crossing Blvd.,,Rochester,NY ,14624,USA,rlkistler.com,585-436-1940,"Sales,"
11223,Industrial/Commercial Sales & Service,00010214161002,"R.L. KISTLER, INC.", 35 HAMILTON LANE,,GLENMONT,NY ,12077,USA,,585-436-1940,"Sales,Service,"
11223,Industrial/Commercial Sales & Service,00010001611002,Huntington Power, 230 Long Hill Cross Rd,,Shelton,CT ,06484,USA,www.huntingtonpower.com,203-929-3203,"Sales,Service,Up To 2MW,Mobile/Diesel/Gas,Training,Rental,"
11223,Industrial/Commercial Sales & Service,00010214161002,"R.L. Kistler, Inc", 5615 Business Ave.,,N. Syracuse,NY ,13208,USA,,315-458-2875,"Sales,"
11223,Industrial/Commercial Sales & Service,00010214161002,"R.L. Kistler, Inc", 5615 Business Ave.,,N. Syracuse,NY ,13208,USA,,315-458-2875,"Sales,"
11223,Industrial/Commercial Sales & Service,00010001611002,Huntington Power, 68 Enter Ln,,Islandia,NY ,11749,USA,,631-563-4943,"Sales,Service,Up To 2MW,Mobile/Diesel/Gas,"
11223,Industrial/Commercial Sales & Service,00010001611002,Huntington Power, 34 E DUDLEY TOWN RD.,,BLOOMFIELD,CT ,06002,USA,,860-289-8790,"Sales,Service,Rental,"
11223,Industrial/Commercial Sales & Service,00010208021002,Modern Group Power Systems, 2501 Durham Road,,Bristol,PA ,19007,USA,www.moderngroup.com,800-404-7291,"Sales,Service,Up To 2MW,Mobile/Diesel/Gas,Training,Rental,"
11223,Industrial/Commercial Sales & Service,00010001731002,Authorized Services Of New England, 410 Forest Street,,Marlborough,MA ,01752,USA,www.asne.com,888-890-9886,"Financing,Sales,Service,Up To 2MW,Mobile/Diesel/Gas,Training,Rental,"
11223,Industrial/Commercial Sales & Service,00010008091002,MODERN HANDLING EQUIP, 75 NEW STREET,,EDISON,NJ ,08837,USA,www.moderngroup.com,800-779-5116,"Sales,Service,Up To 2MW,Mobile/Diesel/Gas,"
11223,Industrial/Commercial Sales & Service,00010208021002,Modern Group Power Systems, 200 Allied Parkway,,West Berlin,NJ ,08091,USA,,800-404-7291,"Sales,Service,Up To 2MW,Mobile/Diesel/Gas,"
11223,Industrial/Commercial Sales & Service,00010208021002,Modern Group Power Systems, 6352 Chapmans Rd,,Allentown,PA ,18106,USA,,800-404-7291,"Sales,Service,Up To 2MW,Mobile/Diesel/Gas,"
11223,Industrial/Commercial Sales & Service,00010208021002,Modern Group Power Systems, 66A South Gate Blvd.,,New Castle,DE ,19720,USA,,800-404-7291,"Sales,Service,Up To 2MW,Mobile/Diesel/Gas,"
11223,Industrial/Commercial Sales & Service,00010208021002,Modern Group Power Systems, 295 New Commerce Blvd.,,Wilkes Barre,PA ,18706,USA,,800-404-7291,"Sales,Service,Up To 2MW,Mobile/Diesel/Gas,"
11223,Industrial/Commercial Sales & Service,00010000931002,"EMERGENCY POWER SYSTEMS, LLC", 35 HAMILTON LANE,,GLENMONT,NY ,12077,USA,,800-914-1465,"Service,Up To 2MW,Mobile/Diesel/Gas,"
11223,Industrial/Commercial Sales & Service,00010000931002,"EMERGENCY POWER SYSTEMS, LLC", 35 HAMILTON LANE,,GLENMONT,NY ,12077,USA,,800-914-1465,"Service,"
11223,Industrial/Commercial Sales & Service,00010208021002,Modern Group Power Systems, 3480 Board Road,,York,PA ,17402,USA,,800-404-7291,"Sales,Service,Up To 2MW,Mobile/Diesel/Gas,"
11223,Industrial/Commercial Sales & Service,00010001731002,AUTHORIZED SERVICES OF NEW ENGLAND, 410 FOREST STREET,,MARLBOROUGH,MA ,01752,USA,,888-890-9886,"Sales,"
11223,Industrial/Commercial Sales & Service,00010001691002,Kelly Generator & Equipment, 1955 Dale Ln,,Owings,MD ,20736,USA,www.kge.com,410-257-5225,"Sales,Service,Up To 2MW,Mobile/Diesel/Gas,Training,Rental,"
11223,Industrial/Commercial Sales & Service,00010001761002,"GENSERVE, INC.", 100 NEWTOWN RD,,PLAINVIEW,NY ,11803,USA,www.genserveinc.com,631-435-0437,"Service,"
11223,Industrial/Commercial Sales & Service,00111209521002,LONG ISLAND EMERGENCY POWER -QO, 2 Ocean Avenue,,DEER PARK,NY ,11729,USA,,631-586-7513,"Sales,"
11223,Industrial/Commercial Sales & Service,00010139211002,POWERPRO SERVICE CO. INC., 608 JOHNSON AVE. UNIT 6,,BOHEMIA,NY ,11716,USA,,631-567-2700,"Sales,Service,Up To 600kW,Mobile/Diesel/Gas,"
11223,Industrial/Commercial Sales & Service,00010134071002,PEAK POWER SYSTEMS, 99 SPRAGUE AVENUE,,MIDDLETOWN,NY ,10940,USA,www.peakpowersystems.com,845-344-1975,"Sales,Service,Up To 600kW,Mobile/Diesel/Gas,Rental,"
11223,Industrial/Commercial Sales & Service,00111209531002,HUNTINGTON POWER - LONG ISLAND, PO BOX 2040,,SHELTON,CT ,06484,USA,,631-586-7513,"Sales,"
11223,Industrial/Commercial Sales & Service,00010001761002,"GENSERVE, INC.", 115A TWINBRIDGE DR.,,PENNSAUKEN,NJ ,08110,USA,www.genserveinc.com,856-324-0459,"Service,"
11223,Industrial/Commercial Sales & Service,00111184131002,HUNTER & LOMISON, 1956 W FOURTH ST,,WILLIAMSPORT,PA ,17701,USA,www.hunterlomison.com,570-326-1764,"Sales,Service,Up To 600kW,Mobile/Diesel/Gas,Rental,"
11223,Industrial/Commercial Sales & Service,00010000881002,HUNTER & LOMISON INC., 1956 W. 4TH STREET,,WILLIAMSPORT,PA ,17701,USA,www.hunterlomison.com,570-326-1764,"Service,Up To 600kW,Mobile/Diesel/Gas,"
11223,Industrial/Commercial Sales & Service,00010001621002,BROOKFIELD SERVICE, 708 GLEBE ROAD,,WESTMORELAND,NH ,03467,USA,www.brookfieldservice.com,802-485-6567,"Service,Up To 600kW,Mobile/Diesel/Gas,"
11223,Industrial/Commercial Sales & Service,00010021101002,SOUTH SHORE GENERATOR INC-Quote, 2696A CRANBERRY HWY,,WAREHAM,MA ,02571,USA,,508-295-7336,"Sales,Service,Up To 600kW,Mobile/Diesel/Gas,"
11223,Industrial/Commercial Sales & Service,00010001701002,SOUTH SHORE GENERATOR INC, ,,EAST WAREHAM,MA ,02538,USA,,508-295-7336,"Financing,Sales,Service,Up To 600kW,Mobile/Diesel/Gas,"
11223,Industrial/Commercial Sales & Service,00111207431002,WARSHAUER ELECTRIC SUPPLY CO INC, 800 SHREWSBURY AVE,,TINTON FALLS,NJ ,07724,USA,www.warshauer.com,732-741-6400,"Service,"
11223,Industrial/Commercial Sales & Service,00010157021002,Mechanical Service Co, 1145 Oak St.,,Pittston,PA ,18640,USA,,570-654-2445,"Service,"
11224,Industrial/Commercial Sales & Service,00010214161002,"R.L. KISTLER, INC.", 35 HAMILTON LANE,,GLENMONT,NY ,12077,USA,,585-436-1940,"Sales,Service,"
11224,Industrial/Commercial Sales & Service,00010214161002,"R.L. Kistler, Inc", 300 Mile Crossing Blvd.,,Rochester,NY ,14624,USA,rlkistler.com,585-436-1940,"Sales,"
11224,Industrial/Commercial Sales & Service,00010001611002,Huntington Power, 230 Long Hill Cross Rd,,Shelton,CT ,06484,USA,www.huntingtonpower.com,203-929-3203,"Sales,Service,Up To 2MW,Mobile/Diesel/Gas,Training,Rental,"
11224,Industrial/Commercial Sales & Service,00010214161002,"R.L. Kistler, Inc", 5615 Business Ave.,,N. Syracuse,NY ,13208,USA,,315-458-2875,"Sales,"
11224,Industrial/Commercial Sales & Service,00010214161002,"R.L. Kistler, Inc", 5615 Business Ave.,,N. Syracuse,NY ,13208,USA,,315-458-2875,"Sales,"
11224,Industrial/Commercial Sales & Service,00010001611002,Huntington Power, 68 Enter Ln,,Islandia,NY ,11749,USA,,631-563-4943,"Sales,Service,Up To 2MW,Mobile/Diesel/Gas,"
11224,Industrial/Commercial Sales & Service,00010001611002,Huntington Power, 34 E DUDLEY TOWN RD.,,BLOOMFIELD,CT ,06002,USA,,860-289-8790,"Sales,Service,Rental,"
11224,Industrial/Commercial Sales & Service,00010208021002,Modern Group Power Systems, 2501 Durham Road,,Bristol,PA ,19007,USA,www.moderngroup.com,800-404-7291,"Sales,Service,Up To 2MW,Mobile/Diesel/Gas,Training,Rental,"
11224,Industrial/Commercial Sales & Service,00010001731002,Authorized Services Of New England, 410 Forest Street,,Marlborough,MA ,01752,USA,www.asne.com,888-890-9886,"Financing,Sales,Service,Up To 2MW,Mobile/Diesel/Gas,Training,Rental,"
11224,Industrial/Commercial Sales & Service,00010008091002,MODERN HANDLING EQUIP, 75 NEW STREET,,EDISON,NJ ,08837,USA,www.moderngroup.com,800-779-5116,"Sales,Service,Up To 2MW,Mobile/Diesel/Gas,"
11224,Industrial/Commercial Sales & Service,00010208021002,Modern Group Power Systems, 200 Allied Parkway,,West Berlin,NJ ,08091,USA,,800-404-7291,"Sales,Service,Up To 2MW,Mobile/Diesel/Gas,"
11224,Industrial/Commercial Sales & Service,00010208021002,Modern Group Power Systems, 6352 Chapmans Rd,,Allentown,PA ,18106,USA,,800-404-7291,"Sales,Service,Up To 2MW,Mobile/Diesel/Gas,"
11224,Industrial/Commercial Sales & Service,00010208021002,Modern Group Power Systems, 66A South Gate Blvd.,,New Castle,DE ,19720,USA,,800-404-7291,"Sales,Service,Up To 2MW,Mobile/Diesel/Gas,"
11224,Industrial/Commercial Sales & Service,00010208021002,Modern Group Power Systems, 295 New Commerce Blvd.,,Wilkes Barre,PA ,18706,USA,,800-404-7291,"Sales,Service,Up To 2MW,Mobile/Diesel/Gas,"
11224,Industrial/Commercial Sales & Service,00010000931002,"EMERGENCY POWER SYSTEMS, LLC", 35 HAMILTON LANE,,GLENMONT,NY ,12077,USA,,800-914-1465,"Service,Up To 2MW,Mobile/Diesel/Gas,"
11224,Industrial/Commercial Sales & Service,00010000931002,"EMERGENCY POWER SYSTEMS, LLC", 35 HAMILTON LANE,,GLENMONT,NY ,12077,USA,,800-914-1465,"Service,"
11224,Industrial/Commercial Sales & Service,00010208021002,Modern Group Power Systems, 3480 Board Road,,York,PA ,17402,USA,,800-404-7291,"Sales,Service,Up To 2MW,Mobile/Diesel/Gas,"
11224,Industrial/Commercial Sales & Service,00010001731002,AUTHORIZED SERVICES OF NEW ENGLAND, 410 FOREST STREET,,MARLBOROUGH,MA ,01752,USA,,888-890-9886,"Sales,"
11224,Industrial/Commercial Sales & Service,00010001691002,Kelly Generator & Equipment, 1955 Dale Ln,,Owings,MD ,20736,USA,www.kge.com,410-257-5225,"Sales,Service,Up To 2MW,Mobile/Diesel/Gas,Training,Rental,"
11224,Industrial/Commercial Sales & Service,00010001761002,"GENSERVE, INC.", 100 NEWTOWN RD,,PLAINVIEW,NY ,11803,USA,www.genserveinc.com,631-435-0437,"Service,"
11224,Industrial/Commercial Sales & Service,00111209521002,LONG ISLAND EMERGENCY POWER -QO, 2 Ocean Avenue,,DEER PARK,NY ,11729,USA,,631-586-7513,"Sales,"
11224,Industrial/Commercial Sales & Service,00010139211002,POWERPRO SERVICE CO. INC., 608 JOHNSON AVE. UNIT 6,,BOHEMIA,NY ,11716,USA,,631-567-2700,"Sales,Service,Up To 600kW,Mobile/Diesel/Gas,"
11224,Industrial/Commercial Sales & Service,00010134071002,PEAK POWER SYSTEMS, 99 SPRAGUE AVENUE,,MIDDLETOWN,NY ,10940,USA,www.peakpowersystems.com,845-344-1975,"Sales,Service,Up To 600kW,Mobile/Diesel/Gas,Rental,"
11224,Industrial/Commercial Sales & Service,00111209531002,HUNTINGTON POWER - LONG ISLAND, PO BOX 2040,,SHELTON,CT ,06484,USA,,631-586-7513,"Sales,"
11224,Industrial/Commercial Sales & Service,00010001761002,"GENSERVE, INC.", 115A TWINBRIDGE DR.,,PENNSAUKEN,NJ ,08110,USA,www.genserveinc.com,856-324-0459,"Service,"
11224,Industrial/Commercial Sales & Service,00111184131002,HUNTER & LOMISON, 1956 W FOURTH ST,,WILLIAMSPORT,PA ,17701,USA,www.hunterlomison.com,570-326-1764,"Sales,Service,Up To 600kW,Mobile/Diesel/Gas,Rental,"
11224,Industrial/Commercial Sales & Service,00010000881002,HUNTER & LOMISON INC., 1956 W. 4TH STREET,,WILLIAMSPORT,PA ,17701,USA,www.hunterlomison.com,570-326-1764,"Service,Up To 600kW,Mobile/Diesel/Gas,"
11224,Industrial/Commercial Sales & Service,00010001621002,BROOKFIELD SERVICE, 708 GLEBE ROAD,,WESTMORELAND,NH ,03467,USA,www.brookfieldservice.com,802-485-6567,"Service,Up To 600kW,Mobile/Diesel/Gas,"
11224,Industrial/Commercial Sales & Service,00010021101002,SOUTH SHORE GENERATOR INC-Quote, 2696A CRANBERRY HWY,,WAREHAM,MA ,02571,USA,,508-295-7336,"Sales,Service,Up To 600kW,Mobile/Diesel/Gas,"
11224,Industrial/Commercial Sales & Service,00010001701002,SOUTH SHORE GENERATOR INC, ,,EAST WAREHAM,MA ,02538,USA,,508-295-7336,"Financing,Sales,Service,Up To 600kW,Mobile/Diesel/Gas,"
11224,Industrial/Commercial Sales & Service,00111207431002,WARSHAUER ELECTRIC SUPPLY CO INC, 800 SHREWSBURY AVE,,TINTON FALLS,NJ ,07724,USA,www.warshauer.com,732-741-6400,"Service,"
11224,Industrial/Commercial Sales & Service,00010157021002,Mechanical Service Co, 1145 Oak St.,,Pittston,PA ,18640,USA,,570-654-2445,"Service,"
11225,Industrial/Commercial Sales & Service,00010214161002,"R.L. Kistler, Inc", 300 Mile Crossing Blvd.,,Rochester,NY ,14624,USA,rlkistler.com,585-436-1940,"Sales,"
11225,Industrial/Commercial Sales & Service,00010214161002,"R.L. KISTLER, INC.", 35 HAMILTON LANE,,GLENMONT,NY ,12077,USA,,585-436-1940,"Sales,Service,"
11225,Industrial/Commercial Sales & Service,00010001611002,Huntington Power, 230 Long Hill Cross Rd,,Shelton,CT ,06484,USA,www.huntingtonpower.com,203-929-3203,"Sales,Service,Up To 2MW,Mobile/Diesel/Gas,Training,Rental,"
11225,Industrial/Commercial Sales & Service,00010214161002,"R.L. Kistler, Inc", 5615 Business Ave.,,N. Syracuse,NY ,13208,USA,,315-458-2875,"Sales,"
11225,Industrial/Commercial Sales & Service,00010214161002,"R.L. Kistler, Inc", 5615 Business Ave.,,N. Syracuse,NY ,13208,USA,,315-458-2875,"Sales,"
11225,Industrial/Commercial Sales & Service,00010001611002,Huntington Power, 68 Enter Ln,,Islandia,NY ,11749,USA,,631-563-4943,"Sales,Service,Up To 2MW,Mobile/Diesel/Gas,"
11225,Industrial/Commercial Sales & Service,00010001611002,Huntington Power, 34 E DUDLEY TOWN RD.,,BLOOMFIELD,CT ,06002,USA,,860-289-8790,"Sales,Service,Rental,"
11225,Industrial/Commercial Sales & Service,00010208021002,Modern Group Power Systems, 2501 Durham Road,,Bristol,PA ,19007,USA,www.moderngroup.com,800-404-7291,"Sales,Service,Up To 2MW,Mobile/Diesel/Gas,Training,Rental,"
11225,Industrial/Commercial Sales & Service,00010001731002,Authorized Services Of New England, 410 Forest Street,,Marlborough,MA ,01752,USA,www.asne.com,888-890-9886,"Financing,Sales,Service,Up To 2MW,Mobile/Diesel/Gas,Training,Rental,"
11225,Industrial/Commercial Sales & Service,00010008091002,MODERN HANDLING EQUIP, 75 NEW STREET,,EDISON,NJ ,08837,USA,www.moderngroup.com,800-779-5116,"Sales,Service,Up To 2MW,Mobile/Diesel/Gas,"
11225,Industrial/Commercial Sales & Service,00010208021002,Modern Group Power Systems, 200 Allied Parkway,,West Berlin,NJ ,08091,USA,,800-404-7291,"Sales,Service,Up To 2MW,Mobile/Diesel/Gas,"
11225,Industrial/Commercial Sales & Service,00010208021002,Modern Group Power Systems, 6352 Chapmans Rd,,Allentown,PA ,18106,USA,,800-404-7291,"Sales,Service,Up To 2MW,Mobile/Diesel/Gas,"
11225,Industrial/Commercial Sales & Service,00010208021002,Modern Group Power Systems, 295 New Commerce Blvd.,,Wilkes Barre,PA ,18706,USA,,800-404-7291,"Sales,Service,Up To 2MW,Mobile/Diesel/Gas,"
11225,Industrial/Commercial Sales & Service,00010208021002,Modern Group Power Systems, 66A South Gate Blvd.,,New Castle,DE ,19720,USA,,800-404-7291,"Sales,Service,Up To 2MW,Mobile/Diesel/Gas,"
11225,Industrial/Commercial Sales & Service,00010000931002,"EMERGENCY POWER SYSTEMS, LLC", 35 HAMILTON LANE,,GLENMONT,NY ,12077,USA,,800-914-1465,"Service,Up To 2MW,Mobile/Diesel/Gas,"
11225,Industrial/Commercial Sales & Service,00010000931002,"EMERGENCY POWER SYSTEMS, LLC", 35 HAMILTON LANE,,GLENMONT,NY ,12077,USA,,800-914-1465,"Service,"
11225,Industrial/Commercial Sales & Service,00010208021002,Modern Group Power Systems, 3480 Board Road,,York,PA ,17402,USA,,800-404-7291,"Sales,Service,Up To 2MW,Mobile/Diesel/Gas,"
11225,Industrial/Commercial Sales & Service,00010001731002,AUTHORIZED SERVICES OF NEW ENGLAND, 410 FOREST STREET,,MARLBOROUGH,MA ,01752,USA,,888-890-9886,"Sales,"
11225,Industrial/Commercial Sales & Service,00010001691002,Kelly Generator & Equipment, 1955 Dale Ln,,Owings,MD ,20736,USA,www.kge.com,410-257-5225,"Sales,Service,Up To 2MW,Mobile/Diesel/Gas,Training,Rental,"
11225,Industrial/Commercial Sales & Service,00010001761002,"GENSERVE, INC.", 100 NEWTOWN RD,,PLAINVIEW,NY ,11803,USA,www.genserveinc.com,631-435-0437,"Service,"
11225,Industrial/Commercial Sales & Service,00111209521002,LONG ISLAND EMERGENCY POWER -QO, 2 Ocean Avenue,,DEER PARK,NY ,11729,USA,,631-586-7513,"Sales,"
11225,Industrial/Commercial Sales & Service,00010139211002,POWERPRO SERVICE CO. INC., 608 JOHNSON AVE. UNIT 6,,BOHEMIA,NY ,11716,USA,,631-567-2700,"Sales,Service,Up To 600kW,Mobile/Diesel/Gas,"
11225,Industrial/Commercial Sales & Service,00010134071002,PEAK POWER SYSTEMS, 99 SPRAGUE AVENUE,,MIDDLETOWN,NY ,10940,USA,www.peakpowersystems.com,845-344-1975,"Sales,Service,Up To 600kW,Mobile/Diesel/Gas,Rental,"
11225,Industrial/Commercial Sales & Service,00111209531002,HUNTINGTON POWER - LONG ISLAND, PO BOX 2040,,SHELTON,CT ,06484,USA,,631-586-7513,"Sales,"
11225,Industrial/Commercial Sales & Service,00010001761002,"GENSERVE, INC.", 115A TWINBRIDGE DR.,,PENNSAUKEN,NJ ,08110,USA,www.genserveinc.com,856-324-0459,"Service,"
11225,Industrial/Commercial Sales & Service,00111184131002,HUNTER & LOMISON, 1956 W FOURTH ST,,WILLIAMSPORT,PA ,17701,USA,www.hunterlomison.com,570-326-1764,"Sales,Service,Up To 600kW,Mobile/Diesel/Gas,Rental,"
11225,Industrial/Commercial Sales & Service,00010000881002,HUNTER & LOMISON INC., 1956 W. 4TH STREET,,WILLIAMSPORT,PA ,17701,USA,www.hunterlomison.com,570-326-1764,"Service,Up To 600kW,Mobile/Diesel/Gas,"
11225,Industrial/Commercial Sales & Service,00010001621002,BROOKFIELD SERVICE, 708 GLEBE ROAD,,WESTMORELAND,NH ,03467,USA,www.brookfieldservice.com,802-485-6567,"Service,Up To 600kW,Mobile/Diesel/Gas,"
11225,Industrial/Commercial Sales & Service,00010021101002,SOUTH SHORE GENERATOR INC-Quote, 2696A CRANBERRY HWY,,WAREHAM,MA ,02571,USA,,508-295-7336,"Sales,Service,Up To 600kW,Mobile/Diesel/Gas,"
11225,Industrial/Commercial Sales & Service,00010001701002,SOUTH SHORE GENERATOR INC, ,,EAST WAREHAM,MA ,02538,USA,,508-295-7336,"Financing,Sales,Service,Up To 600kW,Mobile/Diesel/Gas,"
11225,Industrial/Commercial Sales & Service,00111207431002,WARSHAUER ELECTRIC SUPPLY CO INC, 800 SHREWSBURY AVE,,TINTON FALLS,NJ ,07724,USA,www.warshauer.com,732-741-6400,"Service,"
11225,Industrial/Commercial Sales & Service,00010157021002,Mechanical Service Co, 1145 Oak St.,,Pittston,PA ,18640,USA,,570-654-2445,"Service,"
11226,Industrial/Commercial Sales & Service,00010214161002,"R.L. KISTLER, INC.", 35 HAMILTON LANE,,GLENMONT,NY ,12077,USA,,585-436-1940,"Sales,Service,"
11226,Industrial/Commercial Sales & Service,00010214161002,"R.L. Kistler, Inc", 300 Mile Crossing Blvd.,,Rochester,NY ,14624,USA,rlkistler.com,585-436-1940,"Sales,"
11226,Industrial/Commercial Sales & Service,00010001611002,Huntington Power, 230 Long Hill Cross Rd,,Shelton,CT ,06484,USA,www.huntingtonpower.com,203-929-3203,"Sales,Service,Up To 2MW,Mobile/Diesel/Gas,Training,Rental,"
11226,Industrial/Commercial Sales & Service,00010214161002,"R.L. Kistler, Inc", 5615 Business Ave.,,N. Syracuse,NY ,13208,USA,,315-458-2875,"Sales,"
11226,Industrial/Commercial Sales & Service,00010214161002,"R.L. Kistler, Inc", 5615 Business Ave.,,N. Syracuse,NY ,13208,USA,,315-458-2875,"Sales,"
11226,Industrial/Commercial Sales & Service,00010001611002,Huntington Power, 68 Enter Ln,,Islandia,NY ,11749,USA,,631-563-4943,"Sales,Service,Up To 2MW,Mobile/Diesel/Gas,"
11226,Industrial/Commercial Sales & Service,00010001611002,Huntington Power, 34 E DUDLEY TOWN RD.,,BLOOMFIELD,CT ,06002,USA,,860-289-8790,"Sales,Service,Rental,"
11226,Industrial/Commercial Sales & Service,00010208021002,Modern Group Power Systems, 2501 Durham Road,,Bristol,PA ,19007,USA,www.moderngroup.com,800-404-7291,"Sales,Service,Up To 2MW,Mobile/Diesel/Gas,Training,Rental,"
11226,Industrial/Commercial Sales & Service,00010001731002,Authorized Services Of New England, 410 Forest Street,,Marlborough,MA ,01752,USA,www.asne.com,888-890-9886,"Financing,Sales,Service,Up To 2MW,Mobile/Diesel/Gas,Training,Rental,"
11226,Industrial/Commercial Sales & Service,00010008091002,MODERN HANDLING EQUIP, 75 NEW STREET,,EDISON,NJ ,08837,USA,www.moderngroup.com,800-779-5116,"Sales,Service,Up To 2MW,Mobile/Diesel/Gas,"
11226,Industrial/Commercial Sales & Service,00010208021002,Modern Group Power Systems, 200 Allied Parkway,,West Berlin,NJ ,08091,USA,,800-404-7291,"Sales,Service,Up To 2MW,Mobile/Diesel/Gas,"
11226,Industrial/Commercial Sales & Service,00010208021002,Modern Group Power Systems, 6352 Chapmans Rd,,Allentown,PA ,18106,USA,,800-404-7291,"Sales,Service,Up To 2MW,Mobile/Diesel/Gas,"
11226,Industrial/Commercial Sales & Service,00010208021002,Modern Group Power Systems, 295 New Commerce Blvd.,,Wilkes Barre,PA ,18706,USA,,800-404-7291,"Sales,Service,Up To 2MW,Mobile/Diesel/Gas,"
11226,Industrial/Commercial Sales & Service,00010208021002,Modern Group Power Systems, 66A South Gate Blvd.,,New Castle,DE ,19720,USA,,800-404-7291,"Sales,Service,Up To 2MW,Mobile/Diesel/Gas,"
11226,Industrial/Commercial Sales & Service,00010000931002,"EMERGENCY POWER SYSTEMS, LLC", 35 HAMILTON LANE,,GLENMONT,NY ,12077,USA,,800-914-1465,"Service,Up To 2MW,Mobile/Diesel/Gas,"
11226,Industrial/Commercial Sales & Service,00010000931002,"EMERGENCY POWER SYSTEMS, LLC", 35 HAMILTON LANE,,GLENMONT,NY ,12077,USA,,800-914-1465,"Service,"
11226,Industrial/Commercial Sales & Service,00010208021002,Modern Group Power Systems, 3480 Board Road,,York,PA ,17402,USA,,800-404-7291,"Sales,Service,Up To 2MW,Mobile/Diesel/Gas,"
11226,Industrial/Commercial Sales & Service,00010001731002,AUTHORIZED SERVICES OF NEW ENGLAND, 410 FOREST STREET,,MARLBOROUGH,MA ,01752,USA,,888-890-9886,"Sales,"
11226,Industrial/Commercial Sales & Service,00010001691002,Kelly Generator & Equipment, 1955 Dale Ln,,Owings,MD ,20736,USA,www.kge.com,410-257-5225,"Sales,Service,Up To 2MW,Mobile/Diesel/Gas,Training,Rental,"
11226,Industrial/Commercial Sales & Service,00010001761002,"GENSERVE, INC.", 100 NEWTOWN RD,,PLAINVIEW,NY ,11803,USA,www.genserveinc.com,631-435-0437,"Service,"
11226,Industrial/Commercial Sales & Service,00111209521002,LONG ISLAND EMERGENCY POWER -QO, 2 Ocean Avenue,,DEER PARK,NY ,11729,USA,,631-586-7513,"Sales,"
11226,Industrial/Commercial Sales & Service,00010139211002,POWERPRO SERVICE CO. INC., 608 JOHNSON AVE. UNIT 6,,BOHEMIA,NY ,11716,USA,,631-567-2700,"Sales,Service,Up To 600kW,Mobile/Diesel/Gas,"
11226,Industrial/Commercial Sales & Service,00010134071002,PEAK POWER SYSTEMS, 99 SPRAGUE AVENUE,,MIDDLETOWN,NY ,10940,USA,www.peakpowersystems.com,845-344-1975,"Sales,Service,Up To 600kW,Mobile/Diesel/Gas,Rental,"
11226,Industrial/Commercial Sales & Service,00111209531002,HUNTINGTON POWER - LONG ISLAND, PO BOX 2040,,SHELTON,CT ,06484,USA,,631-586-7513,"Sales,"
11226,Industrial/Commercial Sales & Service,00010001761002,"GENSERVE, INC.", 115A TWINBRIDGE DR.,,PENNSAUKEN,NJ ,08110,USA,www.genserveinc.com,856-324-0459,"Service,"
11226,Industrial/Commercial Sales & Service,00111184131002,HUNTER & LOMISON, 1956 W FOURTH ST,,WILLIAMSPORT,PA ,17701,USA,www.hunterlomison.com,570-326-1764,"Sales,Service,Up To 600kW,Mobile/Diesel/Gas,Rental,"
11226,Industrial/Commercial Sales & Service,00010000881002,HUNTER & LOMISON INC., 1956 W. 4TH STREET,,WILLIAMSPORT,PA ,17701,USA,www.hunterlomison.com,570-326-1764,"Service,Up To 600kW,Mobile/Diesel/Gas,"
11226,Industrial/Commercial Sales & Service,00010001621002,BROOKFIELD SERVICE, 708 GLEBE ROAD,,WESTMORELAND,NH ,03467,USA,www.brookfieldservice.com,802-485-6567,"Service,Up To 600kW,Mobile/Diesel/Gas,"
11226,Industrial/Commercial Sales & Service,00010021101002,SOUTH SHORE GENERATOR INC-Quote, 2696A CRANBERRY HWY,,WAREHAM,MA ,02571,USA,,508-295-7336,"Sales,Service,Up To 600kW,Mobile/Diesel/Gas,"
11226,Industrial/Commercial Sales & Service,00010001701002,SOUTH SHORE GENERATOR INC, ,,EAST WAREHAM,MA ,02538,USA,,508-295-7336,"Financing,Sales,Service,Up To 600kW,Mobile/Diesel/Gas,"
11226,Industrial/Commercial Sales & Service,00111207431002,WARSHAUER ELECTRIC SUPPLY CO INC, 800 SHREWSBURY AVE,,TINTON FALLS,NJ ,07724,USA,www.warshauer.com,732-741-6400,"Service,"
11226,Industrial/Commercial Sales & Service,00010157021002,Mechanical Service Co, 1145 Oak St.,,Pittston,PA ,18640,USA,,570-654-2445,"Service,"
11228,Industrial/Commercial Sales & Service,00010214161002,"R.L. Kistler, Inc", 300 Mile Crossing Blvd.,,Rochester,NY ,14624,USA,rlkistler.com,585-436-1940,"Sales,"
11228,Industrial/Commercial Sales & Service,00010001611002,Huntington Power, 230 Long Hill Cross Rd,,Shelton,CT ,06484,USA,www.huntingtonpower.com,203-929-3203,"Sales,Service,Up To 2MW,Mobile/Diesel/Gas,Training,Rental,"
11228,Industrial/Commercial Sales & Service,00010214161002,"R.L. KISTLER, INC.", 35 HAMILTON LANE,,GLENMONT,NY ,12077,USA,,585-436-1940,"Sales,Service,"
11228,Industrial/Commercial Sales & Service,00010214161002,"R.L. Kistler, Inc", 5615 Business Ave.,,N. Syracuse,NY ,13208,USA,,315-458-2875,"Sales,"
11228,Industrial/Commercial Sales & Service,00010001611002,Huntington Power, 68 Enter Ln,,Islandia,NY ,11749,USA,,631-563-4943,"Sales,Service,Up To 2MW,Mobile/Diesel/Gas,"
11228,Industrial/Commercial Sales & Service,00010001611002,Huntington Power, 34 E DUDLEY TOWN RD.,,BLOOMFIELD,CT ,06002,USA,,860-289-8790,"Sales,Service,Rental,"
11228,Industrial/Commercial Sales & Service,00010214161002,"R.L. Kistler, Inc", 5615 Business Ave.,,N. Syracuse,NY ,13208,USA,,315-458-2875,"Sales,"
11228,Industrial/Commercial Sales & Service,00010208021002,Modern Group Power Systems, 2501 Durham Road,,Bristol,PA ,19007,USA,www.moderngroup.com,800-404-7291,"Sales,Service,Up To 2MW,Mobile/Diesel/Gas,Training,Rental,"
11228,Industrial/Commercial Sales & Service,00010001731002,Authorized Services Of New England, 410 Forest Street,,Marlborough,MA ,01752,USA,www.asne.com,888-890-9886,"Financing,Sales,Service,Up To 2MW,Mobile/Diesel/Gas,Training,Rental,"
11228,Industrial/Commercial Sales & Service,00010008091002,MODERN HANDLING EQUIP, 75 NEW STREET,,EDISON,NJ ,08837,USA,www.moderngroup.com,800-779-5116,"Sales,Service,Up To 2MW,Mobile/Diesel/Gas,"
11228,Industrial/Commercial Sales & Service,00010208021002,Modern Group Power Systems, 200 Allied Parkway,,West Berlin,NJ ,08091,USA,,800-404-7291,"Sales,Service,Up To 2MW,Mobile/Diesel/Gas,"
11228,Industrial/Commercial Sales & Service,00010208021002,Modern Group Power Systems, 6352 Chapmans Rd,,Allentown,PA ,18106,USA,,800-404-7291,"Sales,Service,Up To 2MW,Mobile/Diesel/Gas,"
11228,Industrial/Commercial Sales & Service,00010208021002,Modern Group Power Systems, 66A South Gate Blvd.,,New Castle,DE ,19720,USA,,800-404-7291,"Sales,Service,Up To 2MW,Mobile/Diesel/Gas,"
11228,Industrial/Commercial Sales & Service,00010208021002,Modern Group Power Systems, 295 New Commerce Blvd.,,Wilkes Barre,PA ,18706,USA,,800-404-7291,"Sales,Service,Up To 2MW,Mobile/Diesel/Gas,"
11228,Industrial/Commercial Sales & Service,00010000931002,"EMERGENCY POWER SYSTEMS, LLC", 35 HAMILTON LANE,,GLENMONT,NY ,12077,USA,,800-914-1465,"Service,Up To 2MW,Mobile/Diesel/Gas,"
11228,Industrial/Commercial Sales & Service,00010000931002,"EMERGENCY POWER SYSTEMS, LLC", 35 HAMILTON LANE,,GLENMONT,NY ,12077,USA,,800-914-1465,"Service,"
11228,Industrial/Commercial Sales & Service,00010208021002,Modern Group Power Systems, 3480 Board Road,,York,PA ,17402,USA,,800-404-7291,"Sales,Service,Up To 2MW,Mobile/Diesel/Gas,"
11228,Industrial/Commercial Sales & Service,00010001731002,AUTHORIZED SERVICES OF NEW ENGLAND, 410 FOREST STREET,,MARLBOROUGH,MA ,01752,USA,,888-890-9886,"Sales,"
11228,Industrial/Commercial Sales & Service,00010001691002,Kelly Generator & Equipment, 1955 Dale Ln,,Owings,MD ,20736,USA,www.kge.com,410-257-5225,"Sales,Service,Up To 2MW,Mobile/Diesel/Gas,Training,Rental,"
11228,Industrial/Commercial Sales & Service,00010001761002,"GENSERVE, INC.", 100 NEWTOWN RD,,PLAINVIEW,NY ,11803,USA,www.genserveinc.com,631-435-0437,"Service,"
11228,Industrial/Commercial Sales & Service,00111209521002,LONG ISLAND EMERGENCY POWER -QO, 2 Ocean Avenue,,DEER PARK,NY ,11729,USA,,631-586-7513,"Sales,"
11228,Industrial/Commercial Sales & Service,00010139211002,POWERPRO SERVICE CO. INC., 608 JOHNSON AVE. UNIT 6,,BOHEMIA,NY ,11716,USA,,631-567-2700,"Sales,Service,Up To 600kW,Mobile/Diesel/Gas,"
11228,Industrial/Commercial Sales & Service,00010134071002,PEAK POWER SYSTEMS, 99 SPRAGUE AVENUE,,MIDDLETOWN,NY ,10940,USA,www.peakpowersystems.com,845-344-1975,"Sales,Service,Up To 600kW,Mobile/Diesel/Gas,Rental,"
11228,Industrial/Commercial Sales & Service,00111209531002,HUNTINGTON POWER - LONG ISLAND, PO BOX 2040,,SHELTON,CT ,06484,USA,,631-586-7513,"Sales,"
11228,Industrial/Commercial Sales & Service,00010001761002,"GENSERVE, INC.", 115A TWINBRIDGE DR.,,PENNSAUKEN,NJ ,08110,USA,www.genserveinc.com,856-324-0459,"Service,"
11228,Industrial/Commercial Sales & Service,00111184131002,HUNTER & LOMISON, 1956 W FOURTH ST,,WILLIAMSPORT,PA ,17701,USA,www.hunterlomison.com,570-326-1764,"Sales,Service,Up To 600kW,Mobile/Diesel/Gas,Rental,"
11228,Industrial/Commercial Sales & Service,00010000881002,HUNTER & LOMISON INC., 1956 W. 4TH STREET,,WILLIAMSPORT,PA ,17701,USA,www.hunterlomison.com,570-326-1764,"Service,Up To 600kW,Mobile/Diesel/Gas,"
11228,Industrial/Commercial Sales & Service,00010001621002,BROOKFIELD SERVICE, 708 GLEBE ROAD,,WESTMORELAND,NH ,03467,USA,www.brookfieldservice.com,802-485-6567,"Service,Up To 600kW,Mobile/Diesel/Gas,"
11228,Industrial/Commercial Sales & Service,00010021101002,SOUTH SHORE GENERATOR INC-Quote, 2696A CRANBERRY HWY,,WAREHAM,MA ,02571,USA,,508-295-7336,"Sales,Service,Up To 600kW,Mobile/Diesel/Gas,"
11228,Industrial/Commercial Sales & Service,00010001701002,SOUTH SHORE GENERATOR INC, ,,EAST WAREHAM,MA ,02538,USA,,508-295-7336,"Financing,Sales,Service,Up To 600kW,Mobile/Diesel/Gas,"
11228,Industrial/Commercial Sales & Service,00111207431002,WARSHAUER ELECTRIC SUPPLY CO INC, 800 SHREWSBURY AVE,,TINTON FALLS,NJ ,07724,USA,www.warshauer.com,732-741-6400,"Service,"
11228,Industrial/Commercial Sales & Service,00010157021002,Mechanical Service Co, 1145 Oak St.,,Pittston,PA ,18640,USA,,570-654-2445,"Service,"
11229,Industrial/Commercial Sales & Service,00010001611002,Huntington Power, 230 Long Hill Cross Rd,,Shelton,CT ,06484,USA,www.huntingtonpower.com,203-929-3203,"Sales,Service,Up To 2MW,Mobile/Diesel/Gas,Training,Rental,"
11229,Industrial/Commercial Sales & Service,00010214161002,"R.L. Kistler, Inc", 300 Mile Crossing Blvd.,,Rochester,NY ,14624,USA,rlkistler.com,585-436-1940,"Sales,"
11229,Industrial/Commercial Sales & Service,00010214161002,"R.L. KISTLER, INC.", 35 HAMILTON LANE,,GLENMONT,NY ,12077,USA,,585-436-1940,"Sales,Service,"
11229,Industrial/Commercial Sales & Service,00010001611002,Huntington Power, 68 Enter Ln,,Islandia,NY ,11749,USA,,631-563-4943,"Sales,Service,Up To 2MW,Mobile/Diesel/Gas,"
11229,Industrial/Commercial Sales & Service,00010001611002,Huntington Power, 34 E DUDLEY TOWN RD.,,BLOOMFIELD,CT ,06002,USA,,860-289-8790,"Sales,Service,Rental,"
11229,Industrial/Commercial Sales & Service,00010214161002,"R.L. Kistler, Inc", 5615 Business Ave.,,N. Syracuse,NY ,13208,USA,,315-458-2875,"Sales,"
11229,Industrial/Commercial Sales & Service,00010214161002,"R.L. Kistler, Inc", 5615 Business Ave.,,N. Syracuse,NY ,13208,USA,,315-458-2875,"Sales,"
11229,Industrial/Commercial Sales & Service,00010208021002,Modern Group Power Systems, 2501 Durham Road,,Bristol,PA ,19007,USA,www.moderngroup.com,800-404-7291,"Sales,Service,Up To 2MW,Mobile/Diesel/Gas,Training,Rental,"
11229,Industrial/Commercial Sales & Service,00010001731002,Authorized Services Of New England, 410 Forest Street,,Marlborough,MA ,01752,USA,www.asne.com,888-890-9886,"Financing,Sales,Service,Up To 2MW,Mobile/Diesel/Gas,Training,Rental,"
11229,Industrial/Commercial Sales & Service,00010008091002,MODERN HANDLING EQUIP, 75 NEW STREET,,EDISON,NJ ,08837,USA,www.moderngroup.com,800-779-5116,"Sales,Service,Up To 2MW,Mobile/Diesel/Gas,"
11229,Industrial/Commercial Sales & Service,00010208021002,Modern Group Power Systems, 200 Allied Parkway,,West Berlin,NJ ,08091,USA,,800-404-7291,"Sales,Service,Up To 2MW,Mobile/Diesel/Gas,"
11229,Industrial/Commercial Sales & Service,00010208021002,Modern Group Power Systems, 6352 Chapmans Rd,,Allentown,PA ,18106,USA,,800-404-7291,"Sales,Service,Up To 2MW,Mobile/Diesel/Gas,"
11229,Industrial/Commercial Sales & Service,00010208021002,Modern Group Power Systems, 66A South Gate Blvd.,,New Castle,DE ,19720,USA,,800-404-7291,"Sales,Service,Up To 2MW,Mobile/Diesel/Gas,"
11229,Industrial/Commercial Sales & Service,00010208021002,Modern Group Power Systems, 295 New Commerce Blvd.,,Wilkes Barre,PA ,18706,USA,,800-404-7291,"Sales,Service,Up To 2MW,Mobile/Diesel/Gas,"
11229,Industrial/Commercial Sales & Service,00010000931002,"EMERGENCY POWER SYSTEMS, LLC", 35 HAMILTON LANE,,GLENMONT,NY ,12077,USA,,800-914-1465,"Service,Up To 2MW,Mobile/Diesel/Gas,"
11229,Industrial/Commercial Sales & Service,00010000931002,"EMERGENCY POWER SYSTEMS, LLC", 35 HAMILTON LANE,,GLENMONT,NY ,12077,USA,,800-914-1465,"Service,"
11229,Industrial/Commercial Sales & Service,00010208021002,Modern Group Power Systems, 3480 Board Road,,York,PA ,17402,USA,,800-404-7291,"Sales,Service,Up To 2MW,Mobile/Diesel/Gas,"
11229,Industrial/Commercial Sales & Service,00010001731002,AUTHORIZED SERVICES OF NEW ENGLAND, 410 FOREST STREET,,MARLBOROUGH,MA ,01752,USA,,888-890-9886,"Sales,"
11229,Industrial/Commercial Sales & Service,00010001691002,Kelly Generator & Equipment, 1955 Dale Ln,,Owings,MD ,20736,USA,www.kge.com,410-257-5225,"Sales,Service,Up To 2MW,Mobile/Diesel/Gas,Training,Rental,"
11229,Industrial/Commercial Sales & Service,00010001761002,"GENSERVE, INC.", 100 NEWTOWN RD,,PLAINVIEW,NY ,11803,USA,www.genserveinc.com,631-435-0437,"Service,"
11229,Industrial/Commercial Sales & Service,00111209521002,LONG ISLAND EMERGENCY POWER -QO, 2 Ocean Avenue,,DEER PARK,NY ,11729,USA,,631-586-7513,"Sales,"
11229,Industrial/Commercial Sales & Service,00010139211002,POWERPRO SERVICE CO. INC., 608 JOHNSON AVE. UNIT 6,,BOHEMIA,NY ,11716,USA,,631-567-2700,"Sales,Service,Up To 600kW,Mobile/Diesel/Gas,"
11229,Industrial/Commercial Sales & Service,00010134071002,PEAK POWER SYSTEMS, 99 SPRAGUE AVENUE,,MIDDLETOWN,NY ,10940,USA,www.peakpowersystems.com,845-344-1975,"Sales,Service,Up To 600kW,Mobile/Diesel/Gas,Rental,"
11229,Industrial/Commercial Sales & Service,00111209531002,HUNTINGTON POWER - LONG ISLAND, PO BOX 2040,,SHELTON,CT ,06484,USA,,631-586-7513,"Sales,"
11229,Industrial/Commercial Sales & Service,00010001761002,"GENSERVE, INC.", 115A TWINBRIDGE DR.,,PENNSAUKEN,NJ ,08110,USA,www.genserveinc.com,856-324-0459,"Service,"
11229,Industrial/Commercial Sales & Service,00111184131002,HUNTER & LOMISON, 1956 W FOURTH ST,,WILLIAMSPORT,PA ,17701,USA,www.hunterlomison.com,570-326-1764,"Sales,Service,Up To 600kW,Mobile/Diesel/Gas,Rental,"
11229,Industrial/Commercial Sales & Service,00010000881002,HUNTER & LOMISON INC., 1956 W. 4TH STREET,,WILLIAMSPORT,PA ,17701,USA,www.hunterlomison.com,570-326-1764,"Service,Up To 600kW,Mobile/Diesel/Gas,"
11229,Industrial/Commercial Sales & Service,00010001621002,BROOKFIELD SERVICE, 708 GLEBE ROAD,,WESTMORELAND,NH ,03467,USA,www.brookfieldservice.com,802-485-6567,"Service,Up To 600kW,Mobile/Diesel/Gas,"
11229,Industrial/Commercial Sales & Service,00010021101002,SOUTH SHORE GENERATOR INC-Quote, 2696A CRANBERRY HWY,,WAREHAM,MA ,02571,USA,,508-295-7336,"Sales,Service,Up To 600kW,Mobile/Diesel/Gas,"
11229,Industrial/Commercial Sales & Service,00010001701002,SOUTH SHORE GENERATOR INC, ,,EAST WAREHAM,MA ,02538,USA,,508-295-7336,"Financing,Sales,Service,Up To 600kW,Mobile/Diesel/Gas,"
11229,Industrial/Commercial Sales & Service,00111207431002,WARSHAUER ELECTRIC SUPPLY CO INC, 800 SHREWSBURY AVE,,TINTON FALLS,NJ ,07724,USA,www.warshauer.com,732-741-6400,"Service,"
11229,Industrial/Commercial Sales & Service,00010157021002,Mechanical Service Co, 1145 Oak St.,,Pittston,PA ,18640,USA,,570-654-2445,"Service,"
11230,Industrial/Commercial Sales & Service,00010214161002,"R.L. KISTLER, INC.", 35 HAMILTON LANE,,GLENMONT,NY ,12077,USA,,585-436-1940,"Sales,Service,"
11230,Industrial/Commercial Sales & Service,00010214161002,"R.L. Kistler, Inc", 300 Mile Crossing Blvd.,,Rochester,NY ,14624,USA,rlkistler.com,585-436-1940,"Sales,"
11230,Industrial/Commercial Sales & Service,00010001611002,Huntington Power, 230 Long Hill Cross Rd,,Shelton,CT ,06484,USA,www.huntingtonpower.com,203-929-3203,"Sales,Service,Up To 2MW,Mobile/Diesel/Gas,Training,Rental,"
11230,Industrial/Commercial Sales & Service,00010214161002,"R.L. Kistler, Inc", 5615 Business Ave.,,N. Syracuse,NY ,13208,USA,,315-458-2875,"Sales,"
11230,Industrial/Commercial Sales & Service,00010214161002,"R.L. Kistler, Inc", 5615 Business Ave.,,N. Syracuse,NY ,13208,USA,,315-458-2875,"Sales,"
11230,Industrial/Commercial Sales & Service,00010001611002,Huntington Power, 68 Enter Ln,,Islandia,NY ,11749,USA,,631-563-4943,"Sales,Service,Up To 2MW,Mobile/Diesel/Gas,"
11230,Industrial/Commercial Sales & Service,00010001611002,Huntington Power, 34 E DUDLEY TOWN RD.,,BLOOMFIELD,CT ,06002,USA,,860-289-8790,"Sales,Service,Rental,"
11230,Industrial/Commercial Sales & Service,00010208021002,Modern Group Power Systems, 2501 Durham Road,,Bristol,PA ,19007,USA,www.moderngroup.com,800-404-7291,"Sales,Service,Up To 2MW,Mobile/Diesel/Gas,Training,Rental,"
11230,Industrial/Commercial Sales & Service,00010001731002,Authorized Services Of New England, 410 Forest Street,,Marlborough,MA ,01752,USA,www.asne.com,888-890-9886,"Financing,Sales,Service,Up To 2MW,Mobile/Diesel/Gas,Training,Rental,"
11230,Industrial/Commercial Sales & Service,00010008091002,MODERN HANDLING EQUIP, 75 NEW STREET,,EDISON,NJ ,08837,USA,www.moderngroup.com,800-779-5116,"Sales,Service,Up To 2MW,Mobile/Diesel/Gas,"
11230,Industrial/Commercial Sales & Service,00010208021002,Modern Group Power Systems, 200 Allied Parkway,,West Berlin,NJ ,08091,USA,,800-404-7291,"Sales,Service,Up To 2MW,Mobile/Diesel/Gas,"
11230,Industrial/Commercial Sales & Service,00010208021002,Modern Group Power Systems, 6352 Chapmans Rd,,Allentown,PA ,18106,USA,,800-404-7291,"Sales,Service,Up To 2MW,Mobile/Diesel/Gas,"
11230,Industrial/Commercial Sales & Service,00010208021002,Modern Group Power Systems, 66A South Gate Blvd.,,New Castle,DE ,19720,USA,,800-404-7291,"Sales,Service,Up To 2MW,Mobile/Diesel/Gas,"
11230,Industrial/Commercial Sales & Service,00010208021002,Modern Group Power Systems, 295 New Commerce Blvd.,,Wilkes Barre,PA ,18706,USA,,800-404-7291,"Sales,Service,Up To 2MW,Mobile/Diesel/Gas,"
11230,Industrial/Commercial Sales & Service,00010000931002,"EMERGENCY POWER SYSTEMS, LLC", 35 HAMILTON LANE,,GLENMONT,NY ,12077,USA,,800-914-1465,"Service,Up To 2MW,Mobile/Diesel/Gas,"
11230,Industrial/Commercial Sales & Service,00010000931002,"EMERGENCY POWER SYSTEMS, LLC", 35 HAMILTON LANE,,GLENMONT,NY ,12077,USA,,800-914-1465,"Service,"
11230,Industrial/Commercial Sales & Service,00010208021002,Modern Group Power Systems, 3480 Board Road,,York,PA ,17402,USA,,800-404-7291,"Sales,Service,Up To 2MW,Mobile/Diesel/Gas,"
11230,Industrial/Commercial Sales & Service,00010001731002,AUTHORIZED SERVICES OF NEW ENGLAND, 410 FOREST STREET,,MARLBOROUGH,MA ,01752,USA,,888-890-9886,"Sales,"
11230,Industrial/Commercial Sales & Service,00010001691002,Kelly Generator & Equipment, 1955 Dale Ln,,Owings,MD ,20736,USA,www.kge.com,410-257-5225,"Sales,Service,Up To 2MW,Mobile/Diesel/Gas,Training,Rental,"
11230,Industrial/Commercial Sales & Service,00010001761002,"GENSERVE, INC.", 100 NEWTOWN RD,,PLAINVIEW,NY ,11803,USA,www.genserveinc.com,631-435-0437,"Service,"
11230,Industrial/Commercial Sales & Service,00111209521002,LONG ISLAND EMERGENCY POWER -QO, 2 Ocean Avenue,,DEER PARK,NY ,11729,USA,,631-586-7513,"Sales,"
11230,Industrial/Commercial Sales & Service,00010139211002,POWERPRO SERVICE CO. INC., 608 JOHNSON AVE. UNIT 6,,BOHEMIA,NY ,11716,USA,,631-567-2700,"Sales,Service,Up To 600kW,Mobile/Diesel/Gas,"
11230,Industrial/Commercial Sales & Service,00010134071002,PEAK POWER SYSTEMS, 99 SPRAGUE AVENUE,,MIDDLETOWN,NY ,10940,USA,www.peakpowersystems.com,845-344-1975,"Sales,Service,Up To 600kW,Mobile/Diesel/Gas,Rental,"
11230,Industrial/Commercial Sales & Service,00111209531002,HUNTINGTON POWER - LONG ISLAND, PO BOX 2040,,SHELTON,CT ,06484,USA,,631-586-7513,"Sales,"
11230,Industrial/Commercial Sales & Service,00010001761002,"GENSERVE, INC.", 115A TWINBRIDGE DR.,,PENNSAUKEN,NJ ,08110,USA,www.genserveinc.com,856-324-0459,"Service,"
11230,Industrial/Commercial Sales & Service,00111184131002,HUNTER & LOMISON, 1956 W FOURTH ST,,WILLIAMSPORT,PA ,17701,USA,www.hunterlomison.com,570-326-1764,"Sales,Service,Up To 600kW,Mobile/Diesel/Gas,Rental,"
11230,Industrial/Commercial Sales & Service,00010000881002,HUNTER & LOMISON INC., 1956 W. 4TH STREET,,WILLIAMSPORT,PA ,17701,USA,www.hunterlomison.com,570-326-1764,"Service,Up To 600kW,Mobile/Diesel/Gas,"
11230,Industrial/Commercial Sales & Service,00010001621002,BROOKFIELD SERVICE, 708 GLEBE ROAD,,WESTMORELAND,NH ,03467,USA,www.brookfieldservice.com,802-485-6567,"Service,Up To 600kW,Mobile/Diesel/Gas,"
11230,Industrial/Commercial Sales & Service,00010021101002,SOUTH SHORE GENERATOR INC-Quote, 2696A CRANBERRY HWY,,WAREHAM,MA ,02571,USA,,508-295-7336,"Sales,Service,Up To 600kW,Mobile/Diesel/Gas,"
11230,Industrial/Commercial Sales & Service,00010001701002,SOUTH SHORE GENERATOR INC, ,,EAST WAREHAM,MA ,02538,USA,,508-295-7336,"Financing,Sales,Service,Up To 600kW,Mobile/Diesel/Gas,"
11230,Industrial/Commercial Sales & Service,00111207431002,WARSHAUER ELECTRIC SUPPLY CO INC, 800 SHREWSBURY AVE,,TINTON FALLS,NJ ,07724,USA,www.warshauer.com,732-741-6400,"Service,"
11230,Industrial/Commercial Sales & Service,00010157021002,Mechanical Service Co, 1145 Oak St.,,Pittston,PA ,18640,USA,,570-654-2445,"Service,"
11231,Industrial/Commercial Sales & Service,00010214161002,"R.L. Kistler, Inc", 300 Mile Crossing Blvd.,,Rochester,NY ,14624,USA,rlkistler.com,585-436-1940,"Sales,"
11231,Industrial/Commercial Sales & Service,00010001611002,Huntington Power, 230 Long Hill Cross Rd,,Shelton,CT ,06484,USA,www.huntingtonpower.com,203-929-3203,"Sales,Service,Up To 2MW,Mobile/Diesel/Gas,Training,Rental,"
11231,Industrial/Commercial Sales & Service,00010214161002,"R.L. KISTLER, INC.", 35 HAMILTON LANE,,GLENMONT,NY ,12077,USA,,585-436-1940,"Sales,Service,"
11231,Industrial/Commercial Sales & Service,00010214161002,"R.L. Kistler, Inc", 5615 Business Ave.,,N. Syracuse,NY ,13208,USA,,315-458-2875,"Sales,"
11231,Industrial/Commercial Sales & Service,00010001611002,Huntington Power, 68 Enter Ln,,Islandia,NY ,11749,USA,,631-563-4943,"Sales,Service,Up To 2MW,Mobile/Diesel/Gas,"
11231,Industrial/Commercial Sales & Service,00010001611002,Huntington Power, 34 E DUDLEY TOWN RD.,,BLOOMFIELD,CT ,06002,USA,,860-289-8790,"Sales,Service,Rental,"
11231,Industrial/Commercial Sales & Service,00010214161002,"R.L. Kistler, Inc", 5615 Business Ave.,,N. Syracuse,NY ,13208,USA,,315-458-2875,"Sales,"
11231,Industrial/Commercial Sales & Service,00010208021002,Modern Group Power Systems, 2501 Durham Road,,Bristol,PA ,19007,USA,www.moderngroup.com,800-404-7291,"Sales,Service,Up To 2MW,Mobile/Diesel/Gas,Training,Rental,"
11231,Industrial/Commercial Sales & Service,00010001731002,Authorized Services Of New England, 410 Forest Street,,Marlborough,MA ,01752,USA,www.asne.com,888-890-9886,"Financing,Sales,Service,Up To 2MW,Mobile/Diesel/Gas,Training,Rental,"
11231,Industrial/Commercial Sales & Service,00010008091002,MODERN HANDLING EQUIP, 75 NEW STREET,,EDISON,NJ ,08837,USA,www.moderngroup.com,800-779-5116,"Sales,Service,Up To 2MW,Mobile/Diesel/Gas,"
11231,Industrial/Commercial Sales & Service,00010208021002,Modern Group Power Systems, 200 Allied Parkway,,West Berlin,NJ ,08091,USA,,800-404-7291,"Sales,Service,Up To 2MW,Mobile/Diesel/Gas,"
11231,Industrial/Commercial Sales & Service,00010208021002,Modern Group Power Systems, 6352 Chapmans Rd,,Allentown,PA ,18106,USA,,800-404-7291,"Sales,Service,Up To 2MW,Mobile/Diesel/Gas,"
11231,Industrial/Commercial Sales & Service,00010208021002,Modern Group Power Systems, 295 New Commerce Blvd.,,Wilkes Barre,PA ,18706,USA,,800-404-7291,"Sales,Service,Up To 2MW,Mobile/Diesel/Gas,"
11231,Industrial/Commercial Sales & Service,00010208021002,Modern Group Power Systems, 66A South Gate Blvd.,,New Castle,DE ,19720,USA,,800-404-7291,"Sales,Service,Up To 2MW,Mobile/Diesel/Gas,"
11231,Industrial/Commercial Sales & Service,00010000931002,"EMERGENCY POWER SYSTEMS, LLC", 35 HAMILTON LANE,,GLENMONT,NY ,12077,USA,,800-914-1465,"Service,Up To 2MW,Mobile/Diesel/Gas,"
11231,Industrial/Commercial Sales & Service,00010000931002,"EMERGENCY POWER SYSTEMS, LLC", 35 HAMILTON LANE,,GLENMONT,NY ,12077,USA,,800-914-1465,"Service,"
11231,Industrial/Commercial Sales & Service,00010208021002,Modern Group Power Systems, 3480 Board Road,,York,PA ,17402,USA,,800-404-7291,"Sales,Service,Up To 2MW,Mobile/Diesel/Gas,"
11231,Industrial/Commercial Sales & Service,00010001731002,AUTHORIZED SERVICES OF NEW ENGLAND, 410 FOREST STREET,,MARLBOROUGH,MA ,01752,USA,,888-890-9886,"Sales,"
11231,Industrial/Commercial Sales & Service,00010001691002,Kelly Generator & Equipment, 1955 Dale Ln,,Owings,MD ,20736,USA,www.kge.com,410-257-5225,"Sales,Service,Up To 2MW,Mobile/Diesel/Gas,Training,Rental,"
11231,Industrial/Commercial Sales & Service,00010001761002,"GENSERVE, INC.", 100 NEWTOWN RD,,PLAINVIEW,NY ,11803,USA,www.genserveinc.com,631-435-0437,"Service,"
11231,Industrial/Commercial Sales & Service,00111209521002,LONG ISLAND EMERGENCY POWER -QO, 2 Ocean Avenue,,DEER PARK,NY ,11729,USA,,631-586-7513,"Sales,"
11231,Industrial/Commercial Sales & Service,00010139211002,POWERPRO SERVICE CO. INC., 608 JOHNSON AVE. UNIT 6,,BOHEMIA,NY ,11716,USA,,631-567-2700,"Sales,Service,Up To 600kW,Mobile/Diesel/Gas,"
11231,Industrial/Commercial Sales & Service,00010134071002,PEAK POWER SYSTEMS, 99 SPRAGUE AVENUE,,MIDDLETOWN,NY ,10940,USA,www.peakpowersystems.com,845-344-1975,"Sales,Service,Up To 600kW,Mobile/Diesel/Gas,Rental,"
11231,Industrial/Commercial Sales & Service,00111209531002,HUNTINGTON POWER - LONG ISLAND, PO BOX 2040,,SHELTON,CT ,06484,USA,,631-586-7513,"Sales,"
11231,Industrial/Commercial Sales & Service,00010001761002,"GENSERVE, INC.", 115A TWINBRIDGE DR.,,PENNSAUKEN,NJ ,08110,USA,www.genserveinc.com,856-324-0459,"Service,"
11231,Industrial/Commercial Sales & Service,00111184131002,HUNTER & LOMISON, 1956 W FOURTH ST,,WILLIAMSPORT,PA ,17701,USA,www.hunterlomison.com,570-326-1764,"Sales,Service,Up To 600kW,Mobile/Diesel/Gas,Rental,"
11231,Industrial/Commercial Sales & Service,00010000881002,HUNTER & LOMISON INC., 1956 W. 4TH STREET,,WILLIAMSPORT,PA ,17701,USA,www.hunterlomison.com,570-326-1764,"Service,Up To 600kW,Mobile/Diesel/Gas,"
11231,Industrial/Commercial Sales & Service,00010001621002,BROOKFIELD SERVICE, 708 GLEBE ROAD,,WESTMORELAND,NH ,03467,USA,www.brookfieldservice.com,802-485-6567,"Service,Up To 600kW,Mobile/Diesel/Gas,"
11231,Industrial/Commercial Sales & Service,00010021101002,SOUTH SHORE GENERATOR INC-Quote, 2696A CRANBERRY HWY,,WAREHAM,MA ,02571,USA,,508-295-7336,"Sales,Service,Up To 600kW,Mobile/Diesel/Gas,"
11231,Industrial/Commercial Sales & Service,00010001701002,SOUTH SHORE GENERATOR INC, ,,EAST WAREHAM,MA ,02538,USA,,508-295-7336,"Financing,Sales,Service,Up To 600kW,Mobile/Diesel/Gas,"
11231,Industrial/Commercial Sales & Service,00111207431002,WARSHAUER ELECTRIC SUPPLY CO INC, 800 SHREWSBURY AVE,,TINTON FALLS,NJ ,07724,USA,www.warshauer.com,732-741-6400,"Service,"
11231,Industrial/Commercial Sales & Service,00010157021002,Mechanical Service Co, 1145 Oak St.,,Pittston,PA ,18640,USA,,570-654-2445,"Service,"
11232,Industrial/Commercial Sales & Service,00010214161002,"R.L. Kistler, Inc", 300 Mile Crossing Blvd.,,Rochester,NY ,14624,USA,rlkistler.com,585-436-1940,"Sales,"
11232,Industrial/Commercial Sales & Service,00010214161002,"R.L. KISTLER, INC.", 35 HAMILTON LANE,,GLENMONT,NY ,12077,USA,,585-436-1940,"Sales,Service,"
11232,Industrial/Commercial Sales & Service,00010001611002,Huntington Power, 230 Long Hill Cross Rd,,Shelton,CT ,06484,USA,www.huntingtonpower.com,203-929-3203,"Sales,Service,Up To 2MW,Mobile/Diesel/Gas,Training,Rental,"
11232,Industrial/Commercial Sales & Service,00010214161002,"R.L. Kistler, Inc", 5615 Business Ave.,,N. Syracuse,NY ,13208,USA,,315-458-2875,"Sales,"
11232,Industrial/Commercial Sales & Service,00010214161002,"R.L. Kistler, Inc", 5615 Business Ave.,,N. Syracuse,NY ,13208,USA,,315-458-2875,"Sales,"
11232,Industrial/Commercial Sales & Service,00010001611002,Huntington Power, 68 Enter Ln,,Islandia,NY ,11749,USA,,631-563-4943,"Sales,Service,Up To 2MW,Mobile/Diesel/Gas,"
11232,Industrial/Commercial Sales & Service,00010001611002,Huntington Power, 34 E DUDLEY TOWN RD.,,BLOOMFIELD,CT ,06002,USA,,860-289-8790,"Sales,Service,Rental,"
11232,Industrial/Commercial Sales & Service,00010208021002,Modern Group Power Systems, 2501 Durham Road,,Bristol,PA ,19007,USA,www.moderngroup.com,800-404-7291,"Sales,Service,Up To 2MW,Mobile/Diesel/Gas,Training,Rental,"
11232,Industrial/Commercial Sales & Service,00010001731002,Authorized Services Of New England, 410 Forest Street,,Marlborough,MA ,01752,USA,www.asne.com,888-890-9886,"Financing,Sales,Service,Up To 2MW,Mobile/Diesel/Gas,Training,Rental,"
11232,Industrial/Commercial Sales & Service,00010008091002,MODERN HANDLING EQUIP, 75 NEW STREET,,EDISON,NJ ,08837,USA,www.moderngroup.com,800-779-5116,"Sales,Service,Up To 2MW,Mobile/Diesel/Gas,"
11232,Industrial/Commercial Sales & Service,00010208021002,Modern Group Power Systems, 200 Allied Parkway,,West Berlin,NJ ,08091,USA,,800-404-7291,"Sales,Service,Up To 2MW,Mobile/Diesel/Gas,"
11232,Industrial/Commercial Sales & Service,00010208021002,Modern Group Power Systems, 6352 Chapmans Rd,,Allentown,PA ,18106,USA,,800-404-7291,"Sales,Service,Up To 2MW,Mobile/Diesel/Gas,"
11232,Industrial/Commercial Sales & Service,00010208021002,Modern Group Power Systems, 295 New Commerce Blvd.,,Wilkes Barre,PA ,18706,USA,,800-404-7291,"Sales,Service,Up To 2MW,Mobile/Diesel/Gas,"
11232,Industrial/Commercial Sales & Service,00010208021002,Modern Group Power Systems, 66A South Gate Blvd.,,New Castle,DE ,19720,USA,,800-404-7291,"Sales,Service,Up To 2MW,Mobile/Diesel/Gas,"
11232,Industrial/Commercial Sales & Service,00010000931002,"EMERGENCY POWER SYSTEMS, LLC", 35 HAMILTON LANE,,GLENMONT,NY ,12077,USA,,800-914-1465,"Service,Up To 2MW,Mobile/Diesel/Gas,"
11232,Industrial/Commercial Sales & Service,00010000931002,"EMERGENCY POWER SYSTEMS, LLC", 35 HAMILTON LANE,,GLENMONT,NY ,12077,USA,,800-914-1465,"Service,"
11232,Industrial/Commercial Sales & Service,00010208021002,Modern Group Power Systems, 3480 Board Road,,York,PA ,17402,USA,,800-404-7291,"Sales,Service,Up To 2MW,Mobile/Diesel/Gas,"
11232,Industrial/Commercial Sales & Service,00010001731002,AUTHORIZED SERVICES OF NEW ENGLAND, 410 FOREST STREET,,MARLBOROUGH,MA ,01752,USA,,888-890-9886,"Sales,"
11232,Industrial/Commercial Sales & Service,00010001691002,Kelly Generator & Equipment, 1955 Dale Ln,,Owings,MD ,20736,USA,www.kge.com,410-257-5225,"Sales,Service,Up To 2MW,Mobile/Diesel/Gas,Training,Rental,"
11232,Industrial/Commercial Sales & Service,00010001761002,"GENSERVE, INC.", 100 NEWTOWN RD,,PLAINVIEW,NY ,11803,USA,www.genserveinc.com,631-435-0437,"Service,"
11232,Industrial/Commercial Sales & Service,00111209521002,LONG ISLAND EMERGENCY POWER -QO, 2 Ocean Avenue,,DEER PARK,NY ,11729,USA,,631-586-7513,"Sales,"
11232,Industrial/Commercial Sales & Service,00010139211002,POWERPRO SERVICE CO. INC., 608 JOHNSON AVE. UNIT 6,,BOHEMIA,NY ,11716,USA,,631-567-2700,"Sales,Service,Up To 600kW,Mobile/Diesel/Gas,"
11232,Industrial/Commercial Sales & Service,00010134071002,PEAK POWER SYSTEMS, 99 SPRAGUE AVENUE,,MIDDLETOWN,NY ,10940,USA,www.peakpowersystems.com,845-344-1975,"Sales,Service,Up To 600kW,Mobile/Diesel/Gas,Rental,"
11232,Industrial/Commercial Sales & Service,00111209531002,HUNTINGTON POWER - LONG ISLAND, PO BOX 2040,,SHELTON,CT ,06484,USA,,631-586-7513,"Sales,"
11232,Industrial/Commercial Sales & Service,00010001761002,"GENSERVE, INC.", 115A TWINBRIDGE DR.,,PENNSAUKEN,NJ ,08110,USA,www.genserveinc.com,856-324-0459,"Service,"
11232,Industrial/Commercial Sales & Service,00111184131002,HUNTER & LOMISON, 1956 W FOURTH ST,,WILLIAMSPORT,PA ,17701,USA,www.hunterlomison.com,570-326-1764,"Sales,Service,Up To 600kW,Mobile/Diesel/Gas,Rental,"
11232,Industrial/Commercial Sales & Service,00010000881002,HUNTER & LOMISON INC., 1956 W. 4TH STREET,,WILLIAMSPORT,PA ,17701,USA,www.hunterlomison.com,570-326-1764,"Service,Up To 600kW,Mobile/Diesel/Gas,"
11232,Industrial/Commercial Sales & Service,00010001621002,BROOKFIELD SERVICE, 708 GLEBE ROAD,,WESTMORELAND,NH ,03467,USA,www.brookfieldservice.com,802-485-6567,"Service,Up To 600kW,Mobile/Diesel/Gas,"
11232,Industrial/Commercial Sales & Service,00010021101002,SOUTH SHORE GENERATOR INC-Quote, 2696A CRANBERRY HWY,,WAREHAM,MA ,02571,USA,,508-295-7336,"Sales,Service,Up To 600kW,Mobile/Diesel/Gas,"
11232,Industrial/Commercial Sales & Service,00010001701002,SOUTH SHORE GENERATOR INC, ,,EAST WAREHAM,MA ,02538,USA,,508-295-7336,"Financing,Sales,Service,Up To 600kW,Mobile/Diesel/Gas,"
11232,Industrial/Commercial Sales & Service,00111207431002,WARSHAUER ELECTRIC SUPPLY CO INC, 800 SHREWSBURY AVE,,TINTON FALLS,NJ ,07724,USA,www.warshauer.com,732-741-6400,"Service,"
11232,Industrial/Commercial Sales & Service,00010157021002,Mechanical Service Co, 1145 Oak St.,,Pittston,PA ,18640,USA,,570-654-2445,"Service,"
11233,Industrial/Commercial Sales & Service,00010214161002,"R.L. KISTLER, INC.", 35 HAMILTON LANE,,GLENMONT,NY ,12077,USA,,585-436-1940,"Sales,Service,"
11233,Industrial/Commercial Sales & Service,00010001611002,Huntington Power, 230 Long Hill Cross Rd,,Shelton,CT ,06484,USA,www.huntingtonpower.com,203-929-3203,"Sales,Service,Up To 2MW,Mobile/Diesel/Gas,Training,Rental,"
11233,Industrial/Commercial Sales & Service,00010214161002,"R.L. Kistler, Inc", 300 Mile Crossing Blvd.,,Rochester,NY ,14624,USA,rlkistler.com,585-436-1940,"Sales,"
11233,Industrial/Commercial Sales & Service,00010214161002,"R.L. Kistler, Inc", 5615 Business Ave.,,N. Syracuse,NY ,13208,USA,,315-458-2875,"Sales,"
11233,Industrial/Commercial Sales & Service,00010001611002,Huntington Power, 68 Enter Ln,,Islandia,NY ,11749,USA,,631-563-4943,"Sales,Service,Up To 2MW,Mobile/Diesel/Gas,"
11233,Industrial/Commercial Sales & Service,00010001611002,Huntington Power, 34 E DUDLEY TOWN RD.,,BLOOMFIELD,CT ,06002,USA,,860-289-8790,"Sales,Service,Rental,"
11233,Industrial/Commercial Sales & Service,00010214161002,"R.L. Kistler, Inc", 5615 Business Ave.,,N. Syracuse,NY ,13208,USA,,315-458-2875,"Sales,"
11233,Industrial/Commercial Sales & Service,00010208021002,Modern Group Power Systems, 2501 Durham Road,,Bristol,PA ,19007,USA,www.moderngroup.com,800-404-7291,"Sales,Service,Up To 2MW,Mobile/Diesel/Gas,Training,Rental,"
11233,Industrial/Commercial Sales & Service,00010001731002,Authorized Services Of New England, 410 Forest Street,,Marlborough,MA ,01752,USA,www.asne.com,888-890-9886,"Financing,Sales,Service,Up To 2MW,Mobile/Diesel/Gas,Training,Rental,"
11233,Industrial/Commercial Sales & Service,00010008091002,MODERN HANDLING EQUIP, 75 NEW STREET,,EDISON,NJ ,08837,USA,www.moderngroup.com,800-779-5116,"Sales,Service,Up To 2MW,Mobile/Diesel/Gas,"
11233,Industrial/Commercial Sales & Service,00010208021002,Modern Group Power Systems, 200 Allied Parkway,,West Berlin,NJ ,08091,USA,,800-404-7291,"Sales,Service,Up To 2MW,Mobile/Diesel/Gas,"
11233,Industrial/Commercial Sales & Service,00010208021002,Modern Group Power Systems, 6352 Chapmans Rd,,Allentown,PA ,18106,USA,,800-404-7291,"Sales,Service,Up To 2MW,Mobile/Diesel/Gas,"
11233,Industrial/Commercial Sales & Service,00010208021002,Modern Group Power Systems, 295 New Commerce Blvd.,,Wilkes Barre,PA ,18706,USA,,800-404-7291,"Sales,Service,Up To 2MW,Mobile/Diesel/Gas,"
11233,Industrial/Commercial Sales & Service,00010208021002,Modern Group Power Systems, 66A South Gate Blvd.,,New Castle,DE ,19720,USA,,800-404-7291,"Sales,Service,Up To 2MW,Mobile/Diesel/Gas,"
11233,Industrial/Commercial Sales & Service,00010000931002,"EMERGENCY POWER SYSTEMS, LLC", 35 HAMILTON LANE,,GLENMONT,NY ,12077,USA,,800-914-1465,"Service,Up To 2MW,Mobile/Diesel/Gas,"
11233,Industrial/Commercial Sales & Service,00010000931002,"EMERGENCY POWER SYSTEMS, LLC", 35 HAMILTON LANE,,GLENMONT,NY ,12077,USA,,800-914-1465,"Service,"
11233,Industrial/Commercial Sales & Service,00010208021002,Modern Group Power Systems, 3480 Board Road,,York,PA ,17402,USA,,800-404-7291,"Sales,Service,Up To 2MW,Mobile/Diesel/Gas,"
11233,Industrial/Commercial Sales & Service,00010001731002,AUTHORIZED SERVICES OF NEW ENGLAND, 410 FOREST STREET,,MARLBOROUGH,MA ,01752,USA,,888-890-9886,"Sales,"
11233,Industrial/Commercial Sales & Service,00010001691002,Kelly Generator & Equipment, 1955 Dale Ln,,Owings,MD ,20736,USA,www.kge.com,410-257-5225,"Sales,Service,Up To 2MW,Mobile/Diesel/Gas,Training,Rental,"
11233,Industrial/Commercial Sales & Service,00010001761002,"GENSERVE, INC.", 100 NEWTOWN RD,,PLAINVIEW,NY ,11803,USA,www.genserveinc.com,631-435-0437,"Service,"
11233,Industrial/Commercial Sales & Service,00111209521002,LONG ISLAND EMERGENCY POWER -QO, 2 Ocean Avenue,,DEER PARK,NY ,11729,USA,,631-586-7513,"Sales,"
11233,Industrial/Commercial Sales & Service,00010139211002,POWERPRO SERVICE CO. INC., 608 JOHNSON AVE. UNIT 6,,BOHEMIA,NY ,11716,USA,,631-567-2700,"Sales,Service,Up To 600kW,Mobile/Diesel/Gas,"
11233,Industrial/Commercial Sales & Service,00111209531002,HUNTINGTON POWER - LONG ISLAND, PO BOX 2040,,SHELTON,CT ,06484,USA,,631-586-7513,"Sales,"
11233,Industrial/Commercial Sales & Service,00010134071002,PEAK POWER SYSTEMS, 99 SPRAGUE AVENUE,,MIDDLETOWN,NY ,10940,USA,www.peakpowersystems.com,845-344-1975,"Sales,Service,Up To 600kW,Mobile/Diesel/Gas,Rental,"
11233,Industrial/Commercial Sales & Service,00010001761002,"GENSERVE, INC.", 115A TWINBRIDGE DR.,,PENNSAUKEN,NJ ,08110,USA,www.genserveinc.com,856-324-0459,"Service,"
11233,Industrial/Commercial Sales & Service,00111184131002,HUNTER & LOMISON, 1956 W FOURTH ST,,WILLIAMSPORT,PA ,17701,USA,www.hunterlomison.com,570-326-1764,"Sales,Service,Up To 600kW,Mobile/Diesel/Gas,Rental,"
11233,Industrial/Commercial Sales & Service,00010000881002,HUNTER & LOMISON INC., 1956 W. 4TH STREET,,WILLIAMSPORT,PA ,17701,USA,www.hunterlomison.com,570-326-1764,"Service,Up To 600kW,Mobile/Diesel/Gas,"
11233,Industrial/Commercial Sales & Service,00010001621002,BROOKFIELD SERVICE, 708 GLEBE ROAD,,WESTMORELAND,NH ,03467,USA,www.brookfieldservice.com,802-485-6567,"Service,Up To 600kW,Mobile/Diesel/Gas,"
11233,Industrial/Commercial Sales & Service,00010021101002,SOUTH SHORE GENERATOR INC-Quote, 2696A CRANBERRY HWY,,WAREHAM,MA ,02571,USA,,508-295-7336,"Sales,Service,Up To 600kW,Mobile/Diesel/Gas,"
11233,Industrial/Commercial Sales & Service,00010001701002,SOUTH SHORE GENERATOR INC, ,,EAST WAREHAM,MA ,02538,USA,,508-295-7336,"Financing,Sales,Service,Up To 600kW,Mobile/Diesel/Gas,"
11233,Industrial/Commercial Sales & Service,00111207431002,WARSHAUER ELECTRIC SUPPLY CO INC, 800 SHREWSBURY AVE,,TINTON FALLS,NJ ,07724,USA,www.warshauer.com,732-741-6400,"Service,"
11233,Industrial/Commercial Sales & Service,00010157021002,Mechanical Service Co, 1145 Oak St.,,Pittston,PA ,18640,USA,,570-654-2445,"Service,"
11234,Industrial/Commercial Sales & Service,00010001611002,Huntington Power, 230 Long Hill Cross Rd,,Shelton,CT ,06484,USA,www.huntingtonpower.com,203-929-3203,"Sales,Service,Up To 2MW,Mobile/Diesel/Gas,Training,Rental,"
11234,Industrial/Commercial Sales & Service,00010214161002,"R.L. KISTLER, INC.", 35 HAMILTON LANE,,GLENMONT,NY ,12077,USA,,585-436-1940,"Sales,Service,"
11234,Industrial/Commercial Sales & Service,00010214161002,"R.L. Kistler, Inc", 300 Mile Crossing Blvd.,,Rochester,NY ,14624,USA,rlkistler.com,585-436-1940,"Sales,"
11234,Industrial/Commercial Sales & Service,00010001611002,Huntington Power, 68 Enter Ln,,Islandia,NY ,11749,USA,,631-563-4943,"Sales,Service,Up To 2MW,Mobile/Diesel/Gas,"
11234,Industrial/Commercial Sales & Service,00010001611002,Huntington Power, 34 E DUDLEY TOWN RD.,,BLOOMFIELD,CT ,06002,USA,,860-289-8790,"Sales,Service,Rental,"
11234,Industrial/Commercial Sales & Service,00010214161002,"R.L. Kistler, Inc", 5615 Business Ave.,,N. Syracuse,NY ,13208,USA,,315-458-2875,"Sales,"
11234,Industrial/Commercial Sales & Service,00010214161002,"R.L. Kistler, Inc", 5615 Business Ave.,,N. Syracuse,NY ,13208,USA,,315-458-2875,"Sales,"
11234,Industrial/Commercial Sales & Service,00010208021002,Modern Group Power Systems, 2501 Durham Road,,Bristol,PA ,19007,USA,www.moderngroup.com,800-404-7291,"Sales,Service,Up To 2MW,Mobile/Diesel/Gas,Training,Rental,"
11234,Industrial/Commercial Sales & Service,00010001731002,Authorized Services Of New England, 410 Forest Street,,Marlborough,MA ,01752,USA,www.asne.com,888-890-9886,"Financing,Sales,Service,Up To 2MW,Mobile/Diesel/Gas,Training,Rental,"
11234,Industrial/Commercial Sales & Service,00010008091002,MODERN HANDLING EQUIP, 75 NEW STREET,,EDISON,NJ ,08837,USA,www.moderngroup.com,800-779-5116,"Sales,Service,Up To 2MW,Mobile/Diesel/Gas,"
11234,Industrial/Commercial Sales & Service,00010208021002,Modern Group Power Systems, 200 Allied Parkway,,West Berlin,NJ ,08091,USA,,800-404-7291,"Sales,Service,Up To 2MW,Mobile/Diesel/Gas,"
11234,Industrial/Commercial Sales & Service,00010208021002,Modern Group Power Systems, 6352 Chapmans Rd,,Allentown,PA ,18106,USA,,800-404-7291,"Sales,Service,Up To 2MW,Mobile/Diesel/Gas,"
11234,Industrial/Commercial Sales & Service,00010208021002,Modern Group Power Systems, 66A South Gate Blvd.,,New Castle,DE ,19720,USA,,800-404-7291,"Sales,Service,Up To 2MW,Mobile/Diesel/Gas,"
11234,Industrial/Commercial Sales & Service,00010208021002,Modern Group Power Systems, 295 New Commerce Blvd.,,Wilkes Barre,PA ,18706,USA,,800-404-7291,"Sales,Service,Up To 2MW,Mobile/Diesel/Gas,"
11234,Industrial/Commercial Sales & Service,00010000931002,"EMERGENCY POWER SYSTEMS, LLC", 35 HAMILTON LANE,,GLENMONT,NY ,12077,USA,,800-914-1465,"Service,Up To 2MW,Mobile/Diesel/Gas,"
11234,Industrial/Commercial Sales & Service,00010000931002,"EMERGENCY POWER SYSTEMS, LLC", 35 HAMILTON LANE,,GLENMONT,NY ,12077,USA,,800-914-1465,"Service,"
11234,Industrial/Commercial Sales & Service,00010208021002,Modern Group Power Systems, 3480 Board Road,,York,PA ,17402,USA,,800-404-7291,"Sales,Service,Up To 2MW,Mobile/Diesel/Gas,"
11234,Industrial/Commercial Sales & Service,00010001731002,AUTHORIZED SERVICES OF NEW ENGLAND, 410 FOREST STREET,,MARLBOROUGH,MA ,01752,USA,,888-890-9886,"Sales,"
11234,Industrial/Commercial Sales & Service,00010001691002,Kelly Generator & Equipment, 1955 Dale Ln,,Owings,MD ,20736,USA,www.kge.com,410-257-5225,"Sales,Service,Up To 2MW,Mobile/Diesel/Gas,Training,Rental,"
11234,Industrial/Commercial Sales & Service,00010001761002,"GENSERVE, INC.", 100 NEWTOWN RD,,PLAINVIEW,NY ,11803,USA,www.genserveinc.com,631-435-0437,"Service,"
11234,Industrial/Commercial Sales & Service,00111209521002,LONG ISLAND EMERGENCY POWER -QO, 2 Ocean Avenue,,DEER PARK,NY ,11729,USA,,631-586-7513,"Sales,"
11234,Industrial/Commercial Sales & Service,00010139211002,POWERPRO SERVICE CO. INC., 608 JOHNSON AVE. UNIT 6,,BOHEMIA,NY ,11716,USA,,631-567-2700,"Sales,Service,Up To 600kW,Mobile/Diesel/Gas,"
11234,Industrial/Commercial Sales & Service,00111209531002,HUNTINGTON POWER - LONG ISLAND, PO BOX 2040,,SHELTON,CT ,06484,USA,,631-586-7513,"Sales,"
11234,Industrial/Commercial Sales & Service,00010134071002,PEAK POWER SYSTEMS, 99 SPRAGUE AVENUE,,MIDDLETOWN,NY ,10940,USA,www.peakpowersystems.com,845-344-1975,"Sales,Service,Up To 600kW,Mobile/Diesel/Gas,Rental,"
11234,Industrial/Commercial Sales & Service,00010001761002,"GENSERVE, INC.", 115A TWINBRIDGE DR.,,PENNSAUKEN,NJ ,08110,USA,www.genserveinc.com,856-324-0459,"Service,"
11234,Industrial/Commercial Sales & Service,00111184131002,HUNTER & LOMISON, 1956 W FOURTH ST,,WILLIAMSPORT,PA ,17701,USA,www.hunterlomison.com,570-326-1764,"Sales,Service,Up To 600kW,Mobile/Diesel/Gas,Rental,"
11234,Industrial/Commercial Sales & Service,00010000881002,HUNTER & LOMISON INC., 1956 W. 4TH STREET,,WILLIAMSPORT,PA ,17701,USA,www.hunterlomison.com,570-326-1764,"Service,Up To 600kW,Mobile/Diesel/Gas,"
11234,Industrial/Commercial Sales & Service,00010001621002,BROOKFIELD SERVICE, 708 GLEBE ROAD,,WESTMORELAND,NH ,03467,USA,www.brookfieldservice.com,802-485-6567,"Service,Up To 600kW,Mobile/Diesel/Gas,"
11234,Industrial/Commercial Sales & Service,00010021101002,SOUTH SHORE GENERATOR INC-Quote, 2696A CRANBERRY HWY,,WAREHAM,MA ,02571,USA,,508-295-7336,"Sales,Service,Up To 600kW,Mobile/Diesel/Gas,"
11234,Industrial/Commercial Sales & Service,00010001701002,SOUTH SHORE GENERATOR INC, ,,EAST WAREHAM,MA ,02538,USA,,508-295-7336,"Financing,Sales,Service,Up To 600kW,Mobile/Diesel/Gas,"
11234,Industrial/Commercial Sales & Service,00111207431002,WARSHAUER ELECTRIC SUPPLY CO INC, 800 SHREWSBURY AVE,,TINTON FALLS,NJ ,07724,USA,www.warshauer.com,732-741-6400,"Service,"
11234,Industrial/Commercial Sales & Service,00010157021002,Mechanical Service Co, 1145 Oak St.,,Pittston,PA ,18640,USA,,570-654-2445,"Service,"
11235,Industrial/Commercial Sales & Service,00010214161002,"R.L. KISTLER, INC.", 35 HAMILTON LANE,,GLENMONT,NY ,12077,USA,,585-436-1940,"Sales,Service,"
11235,Industrial/Commercial Sales & Service,00010214161002,"R.L. Kistler, Inc", 300 Mile Crossing Blvd.,,Rochester,NY ,14624,USA,rlkistler.com,585-436-1940,"Sales,"
11235,Industrial/Commercial Sales & Service,00010001611002,Huntington Power, 230 Long Hill Cross Rd,,Shelton,CT ,06484,USA,www.huntingtonpower.com,203-929-3203,"Sales,Service,Up To 2MW,Mobile/Diesel/Gas,Training,Rental,"
11235,Industrial/Commercial Sales & Service,00010214161002,"R.L. Kistler, Inc", 5615 Business Ave.,,N. Syracuse,NY ,13208,USA,,315-458-2875,"Sales,"
11235,Industrial/Commercial Sales & Service,00010214161002,"R.L. Kistler, Inc", 5615 Business Ave.,,N. Syracuse,NY ,13208,USA,,315-458-2875,"Sales,"
11235,Industrial/Commercial Sales & Service,00010001611002,Huntington Power, 68 Enter Ln,,Islandia,NY ,11749,USA,,631-563-4943,"Sales,Service,Up To 2MW,Mobile/Diesel/Gas,"
11235,Industrial/Commercial Sales & Service,00010001611002,Huntington Power, 34 E DUDLEY TOWN RD.,,BLOOMFIELD,CT ,06002,USA,,860-289-8790,"Sales,Service,Rental,"
11235,Industrial/Commercial Sales & Service,00010208021002,Modern Group Power Systems, 2501 Durham Road,,Bristol,PA ,19007,USA,www.moderngroup.com,800-404-7291,"Sales,Service,Up To 2MW,Mobile/Diesel/Gas,Training,Rental,"
11235,Industrial/Commercial Sales & Service,00010001731002,Authorized Services Of New England, 410 Forest Street,,Marlborough,MA ,01752,USA,www.asne.com,888-890-9886,"Financing,Sales,Service,Up To 2MW,Mobile/Diesel/Gas,Training,Rental,"
11235,Industrial/Commercial Sales & Service,00010008091002,MODERN HANDLING EQUIP, 75 NEW STREET,,EDISON,NJ ,08837,USA,www.moderngroup.com,800-779-5116,"Sales,Service,Up To 2MW,Mobile/Diesel/Gas,"
11235,Industrial/Commercial Sales & Service,00010208021002,Modern Group Power Systems, 200 Allied Parkway,,West Berlin,NJ ,08091,USA,,800-404-7291,"Sales,Service,Up To 2MW,Mobile/Diesel/Gas,"
11235,Industrial/Commercial Sales & Service,00010208021002,Modern Group Power Systems, 6352 Chapmans Rd,,Allentown,PA ,18106,USA,,800-404-7291,"Sales,Service,Up To 2MW,Mobile/Diesel/Gas,"
11235,Industrial/Commercial Sales & Service,00010208021002,Modern Group Power Systems, 66A South Gate Blvd.,,New Castle,DE ,19720,USA,,800-404-7291,"Sales,Service,Up To 2MW,Mobile/Diesel/Gas,"
11235,Industrial/Commercial Sales & Service,00010208021002,Modern Group Power Systems, 295 New Commerce Blvd.,,Wilkes Barre,PA ,18706,USA,,800-404-7291,"Sales,Service,Up To 2MW,Mobile/Diesel/Gas,"
11235,Industrial/Commercial Sales & Service,00010000931002,"EMERGENCY POWER SYSTEMS, LLC", 35 HAMILTON LANE,,GLENMONT,NY ,12077,USA,,800-914-1465,"Service,Up To 2MW,Mobile/Diesel/Gas,"
11235,Industrial/Commercial Sales & Service,00010000931002,"EMERGENCY POWER SYSTEMS, LLC", 35 HAMILTON LANE,,GLENMONT,NY ,12077,USA,,800-914-1465,"Service,"
11235,Industrial/Commercial Sales & Service,00010208021002,Modern Group Power Systems, 3480 Board Road,,York,PA ,17402,USA,,800-404-7291,"Sales,Service,Up To 2MW,Mobile/Diesel/Gas,"
11235,Industrial/Commercial Sales & Service,00010001731002,AUTHORIZED SERVICES OF NEW ENGLAND, 410 FOREST STREET,,MARLBOROUGH,MA ,01752,USA,,888-890-9886,"Sales,"
11235,Industrial/Commercial Sales & Service,00010001691002,Kelly Generator & Equipment, 1955 Dale Ln,,Owings,MD ,20736,USA,www.kge.com,410-257-5225,"Sales,Service,Up To 2MW,Mobile/Diesel/Gas,Training,Rental,"
11235,Industrial/Commercial Sales & Service,00010001761002,"GENSERVE, INC.", 100 NEWTOWN RD,,PLAINVIEW,NY ,11803,USA,www.genserveinc.com,631-435-0437,"Service,"
11235,Industrial/Commercial Sales & Service,00111209521002,LONG ISLAND EMERGENCY POWER -QO, 2 Ocean Avenue,,DEER PARK,NY ,11729,USA,,631-586-7513,"Sales,"
11235,Industrial/Commercial Sales & Service,00010139211002,POWERPRO SERVICE CO. INC., 608 JOHNSON AVE. UNIT 6,,BOHEMIA,NY ,11716,USA,,631-567-2700,"Sales,Service,Up To 600kW,Mobile/Diesel/Gas,"
11235,Industrial/Commercial Sales & Service,00010134071002,PEAK POWER SYSTEMS, 99 SPRAGUE AVENUE,,MIDDLETOWN,NY ,10940,USA,www.peakpowersystems.com,845-344-1975,"Sales,Service,Up To 600kW,Mobile/Diesel/Gas,Rental,"
11235,Industrial/Commercial Sales & Service,00111209531002,HUNTINGTON POWER - LONG ISLAND, PO BOX 2040,,SHELTON,CT ,06484,USA,,631-586-7513,"Sales,"
11235,Industrial/Commercial Sales & Service,00010001761002,"GENSERVE, INC.", 115A TWINBRIDGE DR.,,PENNSAUKEN,NJ ,08110,USA,www.genserveinc.com,856-324-0459,"Service,"
11235,Industrial/Commercial Sales & Service,00111184131002,HUNTER & LOMISON, 1956 W FOURTH ST,,WILLIAMSPORT,PA ,17701,USA,www.hunterlomison.com,570-326-1764,"Sales,Service,Up To 600kW,Mobile/Diesel/Gas,Rental,"
11235,Industrial/Commercial Sales & Service,00010000881002,HUNTER & LOMISON INC., 1956 W. 4TH STREET,,WILLIAMSPORT,PA ,17701,USA,www.hunterlomison.com,570-326-1764,"Service,Up To 600kW,Mobile/Diesel/Gas,"
11235,Industrial/Commercial Sales & Service,00010001621002,BROOKFIELD SERVICE, 708 GLEBE ROAD,,WESTMORELAND,NH ,03467,USA,www.brookfieldservice.com,802-485-6567,"Service,Up To 600kW,Mobile/Diesel/Gas,"
11235,Industrial/Commercial Sales & Service,00010021101002,SOUTH SHORE GENERATOR INC-Quote, 2696A CRANBERRY HWY,,WAREHAM,MA ,02571,USA,,508-295-7336,"Sales,Service,Up To 600kW,Mobile/Diesel/Gas,"
11235,Industrial/Commercial Sales & Service,00010001701002,SOUTH SHORE GENERATOR INC, ,,EAST WAREHAM,MA ,02538,USA,,508-295-7336,"Financing,Sales,Service,Up To 600kW,Mobile/Diesel/Gas,"
11235,Industrial/Commercial Sales & Service,00111207431002,WARSHAUER ELECTRIC SUPPLY CO INC, 800 SHREWSBURY AVE,,TINTON FALLS,NJ ,07724,USA,www.warshauer.com,732-741-6400,"Service,"
11235,Industrial/Commercial Sales & Service,00010157021002,Mechanical Service Co, 1145 Oak St.,,Pittston,PA ,18640,USA,,570-654-2445,"Service,"
11236,Industrial/Commercial Sales & Service,00010001611002,Huntington Power, 230 Long Hill Cross Rd,,Shelton,CT ,06484,USA,www.huntingtonpower.com,203-929-3203,"Sales,Service,Up To 2MW,Mobile/Diesel/Gas,Training,Rental,"
11236,Industrial/Commercial Sales & Service,00010214161002,"R.L. KISTLER, INC.", 35 HAMILTON LANE,,GLENMONT,NY ,12077,USA,,585-436-1940,"Sales,Service,"
11236,Industrial/Commercial Sales & Service,00010214161002,"R.L. Kistler, Inc", 300 Mile Crossing Blvd.,,Rochester,NY ,14624,USA,rlkistler.com,585-436-1940,"Sales,"
11236,Industrial/Commercial Sales & Service,00010001611002,Huntington Power, 68 Enter Ln,,Islandia,NY ,11749,USA,,631-563-4943,"Sales,Service,Up To 2MW,Mobile/Diesel/Gas,"
11236,Industrial/Commercial Sales & Service,00010001611002,Huntington Power, 34 E DUDLEY TOWN RD.,,BLOOMFIELD,CT ,06002,USA,,860-289-8790,"Sales,Service,Rental,"
11236,Industrial/Commercial Sales & Service,00010214161002,"R.L. Kistler, Inc", 5615 Business Ave.,,N. Syracuse,NY ,13208,USA,,315-458-2875,"Sales,"
11236,Industrial/Commercial Sales & Service,00010214161002,"R.L. Kistler, Inc", 5615 Business Ave.,,N. Syracuse,NY ,13208,USA,,315-458-2875,"Sales,"
11236,Industrial/Commercial Sales & Service,00010208021002,Modern Group Power Systems, 2501 Durham Road,,Bristol,PA ,19007,USA,www.moderngroup.com,800-404-7291,"Sales,Service,Up To 2MW,Mobile/Diesel/Gas,Training,Rental,"
11236,Industrial/Commercial Sales & Service,00010001731002,Authorized Services Of New England, 410 Forest Street,,Marlborough,MA ,01752,USA,www.asne.com,888-890-9886,"Financing,Sales,Service,Up To 2MW,Mobile/Diesel/Gas,Training,Rental,"
11236,Industrial/Commercial Sales & Service,00010008091002,MODERN HANDLING EQUIP, 75 NEW STREET,,EDISON,NJ ,08837,USA,www.moderngroup.com,800-779-5116,"Sales,Service,Up To 2MW,Mobile/Diesel/Gas,"
11236,Industrial/Commercial Sales & Service,00010208021002,Modern Group Power Systems, 200 Allied Parkway,,West Berlin,NJ ,08091,USA,,800-404-7291,"Sales,Service,Up To 2MW,Mobile/Diesel/Gas,"
11236,Industrial/Commercial Sales & Service,00010208021002,Modern Group Power Systems, 6352 Chapmans Rd,,Allentown,PA ,18106,USA,,800-404-7291,"Sales,Service,Up To 2MW,Mobile/Diesel/Gas,"
11236,Industrial/Commercial Sales & Service,00010208021002,Modern Group Power Systems, 295 New Commerce Blvd.,,Wilkes Barre,PA ,18706,USA,,800-404-7291,"Sales,Service,Up To 2MW,Mobile/Diesel/Gas,"
11236,Industrial/Commercial Sales & Service,00010208021002,Modern Group Power Systems, 66A South Gate Blvd.,,New Castle,DE ,19720,USA,,800-404-7291,"Sales,Service,Up To 2MW,Mobile/Diesel/Gas,"
11236,Industrial/Commercial Sales & Service,00010000931002,"EMERGENCY POWER SYSTEMS, LLC", 35 HAMILTON LANE,,GLENMONT,NY ,12077,USA,,800-914-1465,"Service,Up To 2MW,Mobile/Diesel/Gas,"
11236,Industrial/Commercial Sales & Service,00010000931002,"EMERGENCY POWER SYSTEMS, LLC", 35 HAMILTON LANE,,GLENMONT,NY ,12077,USA,,800-914-1465,"Service,"
11236,Industrial/Commercial Sales & Service,00010208021002,Modern Group Power Systems, 3480 Board Road,,York,PA ,17402,USA,,800-404-7291,"Sales,Service,Up To 2MW,Mobile/Diesel/Gas,"
11236,Industrial/Commercial Sales & Service,00010001731002,AUTHORIZED SERVICES OF NEW ENGLAND, 410 FOREST STREET,,MARLBOROUGH,MA ,01752,USA,,888-890-9886,"Sales,"
11236,Industrial/Commercial Sales & Service,00010001691002,Kelly Generator & Equipment, 1955 Dale Ln,,Owings,MD ,20736,USA,www.kge.com,410-257-5225,"Sales,Service,Up To 2MW,Mobile/Diesel/Gas,Training,Rental,"
11236,Industrial/Commercial Sales & Service,00010001761002,"GENSERVE, INC.", 100 NEWTOWN RD,,PLAINVIEW,NY ,11803,USA,www.genserveinc.com,631-435-0437,"Service,"
11236,Industrial/Commercial Sales & Service,00111209521002,LONG ISLAND EMERGENCY POWER -QO, 2 Ocean Avenue,,DEER PARK,NY ,11729,USA,,631-586-7513,"Sales,"
11236,Industrial/Commercial Sales & Service,00010139211002,POWERPRO SERVICE CO. INC., 608 JOHNSON AVE. UNIT 6,,BOHEMIA,NY ,11716,USA,,631-567-2700,"Sales,Service,Up To 600kW,Mobile/Diesel/Gas,"
11236,Industrial/Commercial Sales & Service,00111209531002,HUNTINGTON POWER - LONG ISLAND, PO BOX 2040,,SHELTON,CT ,06484,USA,,631-586-7513,"Sales,"
11236,Industrial/Commercial Sales & Service,00010134071002,PEAK POWER SYSTEMS, 99 SPRAGUE AVENUE,,MIDDLETOWN,NY ,10940,USA,www.peakpowersystems.com,845-344-1975,"Sales,Service,Up To 600kW,Mobile/Diesel/Gas,Rental,"
11236,Industrial/Commercial Sales & Service,00010001761002,"GENSERVE, INC.", 115A TWINBRIDGE DR.,,PENNSAUKEN,NJ ,08110,USA,www.genserveinc.com,856-324-0459,"Service,"
11236,Industrial/Commercial Sales & Service,00111184131002,HUNTER & LOMISON, 1956 W FOURTH ST,,WILLIAMSPORT,PA ,17701,USA,www.hunterlomison.com,570-326-1764,"Sales,Service,Up To 600kW,Mobile/Diesel/Gas,Rental,"
11236,Industrial/Commercial Sales & Service,00010000881002,HUNTER & LOMISON INC., 1956 W. 4TH STREET,,WILLIAMSPORT,PA ,17701,USA,www.hunterlomison.com,570-326-1764,"Service,Up To 600kW,Mobile/Diesel/Gas,"
11236,Industrial/Commercial Sales & Service,00010001621002,BROOKFIELD SERVICE, 708 GLEBE ROAD,,WESTMORELAND,NH ,03467,USA,www.brookfieldservice.com,802-485-6567,"Service,Up To 600kW,Mobile/Diesel/Gas,"
11236,Industrial/Commercial Sales & Service,00010021101002,SOUTH SHORE GENERATOR INC-Quote, 2696A CRANBERRY HWY,,WAREHAM,MA ,02571,USA,,508-295-7336,"Sales,Service,Up To 600kW,Mobile/Diesel/Gas,"
11236,Industrial/Commercial Sales & Service,00010001701002,SOUTH SHORE GENERATOR INC, ,,EAST WAREHAM,MA ,02538,USA,,508-295-7336,"Financing,Sales,Service,Up To 600kW,Mobile/Diesel/Gas,"
11236,Industrial/Commercial Sales & Service,00111207431002,WARSHAUER ELECTRIC SUPPLY CO INC, 800 SHREWSBURY AVE,,TINTON FALLS,NJ ,07724,USA,www.warshauer.com,732-741-6400,"Service,"
11236,Industrial/Commercial Sales & Service,00010157021002,Mechanical Service Co, 1145 Oak St.,,Pittston,PA ,18640,USA,,570-654-2445,"Service,"
11237,Industrial/Commercial Sales & Service,00010214161002,"R.L. KISTLER, INC.", 35 HAMILTON LANE,,GLENMONT,NY ,12077,USA,,585-436-1940,"Sales,Service,"
11237,Industrial/Commercial Sales & Service,00010214161002,"R.L. Kistler, Inc", 300 Mile Crossing Blvd.,,Rochester,NY ,14624,USA,rlkistler.com,585-436-1940,"Sales,"
11237,Industrial/Commercial Sales & Service,00010001611002,Huntington Power, 230 Long Hill Cross Rd,,Shelton,CT ,06484,USA,www.huntingtonpower.com,203-929-3203,"Sales,Service,Up To 2MW,Mobile/Diesel/Gas,Training,Rental,"
11237,Industrial/Commercial Sales & Service,00010214161002,"R.L. Kistler, Inc", 5615 Business Ave.,,N. Syracuse,NY ,13208,USA,,315-458-2875,"Sales,"
11237,Industrial/Commercial Sales & Service,00010214161002,"R.L. Kistler, Inc", 5615 Business Ave.,,N. Syracuse,NY ,13208,USA,,315-458-2875,"Sales,"
11237,Industrial/Commercial Sales & Service,00010001611002,Huntington Power, 68 Enter Ln,,Islandia,NY ,11749,USA,,631-563-4943,"Sales,Service,Up To 2MW,Mobile/Diesel/Gas,"
11237,Industrial/Commercial Sales & Service,00010001611002,Huntington Power, 34 E DUDLEY TOWN RD.,,BLOOMFIELD,CT ,06002,USA,,860-289-8790,"Sales,Service,Rental,"
11237,Industrial/Commercial Sales & Service,00010208021002,Modern Group Power Systems, 2501 Durham Road,,Bristol,PA ,19007,USA,www.moderngroup.com,800-404-7291,"Sales,Service,Up To 2MW,Mobile/Diesel/Gas,Training,Rental,"
11237,Industrial/Commercial Sales & Service,00010001731002,Authorized Services Of New England, 410 Forest Street,,Marlborough,MA ,01752,USA,www.asne.com,888-890-9886,"Financing,Sales,Service,Up To 2MW,Mobile/Diesel/Gas,Training,Rental,"
11237,Industrial/Commercial Sales & Service,00010008091002,MODERN HANDLING EQUIP, 75 NEW STREET,,EDISON,NJ ,08837,USA,www.moderngroup.com,800-779-5116,"Sales,Service,Up To 2MW,Mobile/Diesel/Gas,"
11237,Industrial/Commercial Sales & Service,00010208021002,Modern Group Power Systems, 200 Allied Parkway,,West Berlin,NJ ,08091,USA,,800-404-7291,"Sales,Service,Up To 2MW,Mobile/Diesel/Gas,"
11237,Industrial/Commercial Sales & Service,00010208021002,Modern Group Power Systems, 6352 Chapmans Rd,,Allentown,PA ,18106,USA,,800-404-7291,"Sales,Service,Up To 2MW,Mobile/Diesel/Gas,"
11237,Industrial/Commercial Sales & Service,00010208021002,Modern Group Power Systems, 295 New Commerce Blvd.,,Wilkes Barre,PA ,18706,USA,,800-404-7291,"Sales,Service,Up To 2MW,Mobile/Diesel/Gas,"
11237,Industrial/Commercial Sales & Service,00010208021002,Modern Group Power Systems, 66A South Gate Blvd.,,New Castle,DE ,19720,USA,,800-404-7291,"Sales,Service,Up To 2MW,Mobile/Diesel/Gas,"
11237,Industrial/Commercial Sales & Service,00010000931002,"EMERGENCY POWER SYSTEMS, LLC", 35 HAMILTON LANE,,GLENMONT,NY ,12077,USA,,800-914-1465,"Service,Up To 2MW,Mobile/Diesel/Gas,"
11237,Industrial/Commercial Sales & Service,00010000931002,"EMERGENCY POWER SYSTEMS, LLC", 35 HAMILTON LANE,,GLENMONT,NY ,12077,USA,,800-914-1465,"Service,"
11237,Industrial/Commercial Sales & Service,00010208021002,Modern Group Power Systems, 3480 Board Road,,York,PA ,17402,USA,,800-404-7291,"Sales,Service,Up To 2MW,Mobile/Diesel/Gas,"
11237,Industrial/Commercial Sales & Service,00010001731002,AUTHORIZED SERVICES OF NEW ENGLAND, 410 FOREST STREET,,MARLBOROUGH,MA ,01752,USA,,888-890-9886,"Sales,"
11237,Industrial/Commercial Sales & Service,00010001691002,Kelly Generator & Equipment, 1955 Dale Ln,,Owings,MD ,20736,USA,www.kge.com,410-257-5225,"Sales,Service,Up To 2MW,Mobile/Diesel/Gas,Training,Rental,"
11237,Industrial/Commercial Sales & Service,00010001761002,"GENSERVE, INC.", 100 NEWTOWN RD,,PLAINVIEW,NY ,11803,USA,www.genserveinc.com,631-435-0437,"Service,"
11237,Industrial/Commercial Sales & Service,00111209521002,LONG ISLAND EMERGENCY POWER -QO, 2 Ocean Avenue,,DEER PARK,NY ,11729,USA,,631-586-7513,"Sales,"
11237,Industrial/Commercial Sales & Service,00010139211002,POWERPRO SERVICE CO. INC., 608 JOHNSON AVE. UNIT 6,,BOHEMIA,NY ,11716,USA,,631-567-2700,"Sales,Service,Up To 600kW,Mobile/Diesel/Gas,"
11237,Industrial/Commercial Sales & Service,00010134071002,PEAK POWER SYSTEMS, 99 SPRAGUE AVENUE,,MIDDLETOWN,NY ,10940,USA,www.peakpowersystems.com,845-344-1975,"Sales,Service,Up To 600kW,Mobile/Diesel/Gas,Rental,"
11237,Industrial/Commercial Sales & Service,00111209531002,HUNTINGTON POWER - LONG ISLAND, PO BOX 2040,,SHELTON,CT ,06484,USA,,631-586-7513,"Sales,"
11237,Industrial/Commercial Sales & Service,00010001761002,"GENSERVE, INC.", 115A TWINBRIDGE DR.,,PENNSAUKEN,NJ ,08110,USA,www.genserveinc.com,856-324-0459,"Service,"
11237,Industrial/Commercial Sales & Service,00111184131002,HUNTER & LOMISON, 1956 W FOURTH ST,,WILLIAMSPORT,PA ,17701,USA,www.hunterlomison.com,570-326-1764,"Sales,Service,Up To 600kW,Mobile/Diesel/Gas,Rental,"
11237,Industrial/Commercial Sales & Service,00010000881002,HUNTER & LOMISON INC., 1956 W. 4TH STREET,,WILLIAMSPORT,PA ,17701,USA,www.hunterlomison.com,570-326-1764,"Service,Up To 600kW,Mobile/Diesel/Gas,"
11237,Industrial/Commercial Sales & Service,00010001621002,BROOKFIELD SERVICE, 708 GLEBE ROAD,,WESTMORELAND,NH ,03467,USA,www.brookfieldservice.com,802-485-6567,"Service,Up To 600kW,Mobile/Diesel/Gas,"
11237,Industrial/Commercial Sales & Service,00010021101002,SOUTH SHORE GENERATOR INC-Quote, 2696A CRANBERRY HWY,,WAREHAM,MA ,02571,USA,,508-295-7336,"Sales,Service,Up To 600kW,Mobile/Diesel/Gas,"
11237,Industrial/Commercial Sales & Service,00010001701002,SOUTH SHORE GENERATOR INC, ,,EAST WAREHAM,MA ,02538,USA,,508-295-7336,"Financing,Sales,Service,Up To 600kW,Mobile/Diesel/Gas,"
11237,Industrial/Commercial Sales & Service,00111207431002,WARSHAUER ELECTRIC SUPPLY CO INC, 800 SHREWSBURY AVE,,TINTON FALLS,NJ ,07724,USA,www.warshauer.com,732-741-6400,"Service,"
11237,Industrial/Commercial Sales & Service,00010157021002,Mechanical Service Co, 1145 Oak St.,,Pittston,PA ,18640,USA,,570-654-2445,"Service,"
11238,Industrial/Commercial Sales & Service,00010214161002,"R.L. KISTLER, INC.", 35 HAMILTON LANE,,GLENMONT,NY ,12077,USA,,585-436-1940,"Sales,Service,"
11238,Industrial/Commercial Sales & Service,00010001611002,Huntington Power, 230 Long Hill Cross Rd,,Shelton,CT ,06484,USA,www.huntingtonpower.com,203-929-3203,"Sales,Service,Up To 2MW,Mobile/Diesel/Gas,Training,Rental,"
11238,Industrial/Commercial Sales & Service,00010214161002,"R.L. Kistler, Inc", 300 Mile Crossing Blvd.,,Rochester,NY ,14624,USA,rlkistler.com,585-436-1940,"Sales,"
11238,Industrial/Commercial Sales & Service,00010214161002,"R.L. Kistler, Inc", 5615 Business Ave.,,N. Syracuse,NY ,13208,USA,,315-458-2875,"Sales,"
11238,Industrial/Commercial Sales & Service,00010001611002,Huntington Power, 68 Enter Ln,,Islandia,NY ,11749,USA,,631-563-4943,"Sales,Service,Up To 2MW,Mobile/Diesel/Gas,"
11238,Industrial/Commercial Sales & Service,00010001611002,Huntington Power, 34 E DUDLEY TOWN RD.,,BLOOMFIELD,CT ,06002,USA,,860-289-8790,"Sales,Service,Rental,"
11238,Industrial/Commercial Sales & Service,00010214161002,"R.L. Kistler, Inc", 5615 Business Ave.,,N. Syracuse,NY ,13208,USA,,315-458-2875,"Sales,"
11238,Industrial/Commercial Sales & Service,00010208021002,Modern Group Power Systems, 2501 Durham Road,,Bristol,PA ,19007,USA,www.moderngroup.com,800-404-7291,"Sales,Service,Up To 2MW,Mobile/Diesel/Gas,Training,Rental,"
11238,Industrial/Commercial Sales & Service,00010001731002,Authorized Services Of New England, 410 Forest Street,,Marlborough,MA ,01752,USA,www.asne.com,888-890-9886,"Financing,Sales,Service,Up To 2MW,Mobile/Diesel/Gas,Training,Rental,"
11238,Industrial/Commercial Sales & Service,00010008091002,MODERN HANDLING EQUIP, 75 NEW STREET,,EDISON,NJ ,08837,USA,www.moderngroup.com,800-779-5116,"Sales,Service,Up To 2MW,Mobile/Diesel/Gas,"
11238,Industrial/Commercial Sales & Service,00010208021002,Modern Group Power Systems, 200 Allied Parkway,,West Berlin,NJ ,08091,USA,,800-404-7291,"Sales,Service,Up To 2MW,Mobile/Diesel/Gas,"
11238,Industrial/Commercial Sales & Service,00010208021002,Modern Group Power Systems, 6352 Chapmans Rd,,Allentown,PA ,18106,USA,,800-404-7291,"Sales,Service,Up To 2MW,Mobile/Diesel/Gas,"
11238,Industrial/Commercial Sales & Service,00010208021002,Modern Group Power Systems, 295 New Commerce Blvd.,,Wilkes Barre,PA ,18706,USA,,800-404-7291,"Sales,Service,Up To 2MW,Mobile/Diesel/Gas,"
11238,Industrial/Commercial Sales & Service,00010208021002,Modern Group Power Systems, 66A South Gate Blvd.,,New Castle,DE ,19720,USA,,800-404-7291,"Sales,Service,Up To 2MW,Mobile/Diesel/Gas,"
11238,Industrial/Commercial Sales & Service,00010000931002,"EMERGENCY POWER SYSTEMS, LLC", 35 HAMILTON LANE,,GLENMONT,NY ,12077,USA,,800-914-1465,"Service,Up To 2MW,Mobile/Diesel/Gas,"
11238,Industrial/Commercial Sales & Service,00010000931002,"EMERGENCY POWER SYSTEMS, LLC", 35 HAMILTON LANE,,GLENMONT,NY ,12077,USA,,800-914-1465,"Service,"
11238,Industrial/Commercial Sales & Service,00010208021002,Modern Group Power Systems, 3480 Board Road,,York,PA ,17402,USA,,800-404-7291,"Sales,Service,Up To 2MW,Mobile/Diesel/Gas,"
11238,Industrial/Commercial Sales & Service,00010001731002,AUTHORIZED SERVICES OF NEW ENGLAND, 410 FOREST STREET,,MARLBOROUGH,MA ,01752,USA,,888-890-9886,"Sales,"
11238,Industrial/Commercial Sales & Service,00010001691002,Kelly Generator & Equipment, 1955 Dale Ln,,Owings,MD ,20736,USA,www.kge.com,410-257-5225,"Sales,Service,Up To 2MW,Mobile/Diesel/Gas,Training,Rental,"
11238,Industrial/Commercial Sales & Service,00010001761002,"GENSERVE, INC.", 100 NEWTOWN RD,,PLAINVIEW,NY ,11803,USA,www.genserveinc.com,631-435-0437,"Service,"
11238,Industrial/Commercial Sales & Service,00111209521002,LONG ISLAND EMERGENCY POWER -QO, 2 Ocean Avenue,,DEER PARK,NY ,11729,USA,,631-586-7513,"Sales,"
11238,Industrial/Commercial Sales & Service,00010139211002,POWERPRO SERVICE CO. INC., 608 JOHNSON AVE. UNIT 6,,BOHEMIA,NY ,11716,USA,,631-567-2700,"Sales,Service,Up To 600kW,Mobile/Diesel/Gas,"
11238,Industrial/Commercial Sales & Service,00010134071002,PEAK POWER SYSTEMS, 99 SPRAGUE AVENUE,,MIDDLETOWN,NY ,10940,USA,www.peakpowersystems.com,845-344-1975,"Sales,Service,Up To 600kW,Mobile/Diesel/Gas,Rental,"
11238,Industrial/Commercial Sales & Service,00111209531002,HUNTINGTON POWER - LONG ISLAND, PO BOX 2040,,SHELTON,CT ,06484,USA,,631-586-7513,"Sales,"
11238,Industrial/Commercial Sales & Service,00010001761002,"GENSERVE, INC.", 115A TWINBRIDGE DR.,,PENNSAUKEN,NJ ,08110,USA,www.genserveinc.com,856-324-0459,"Service,"
11238,Industrial/Commercial Sales & Service,00111184131002,HUNTER & LOMISON, 1956 W FOURTH ST,,WILLIAMSPORT,PA ,17701,USA,www.hunterlomison.com,570-326-1764,"Sales,Service,Up To 600kW,Mobile/Diesel/Gas,Rental,"
11238,Industrial/Commercial Sales & Service,00010000881002,HUNTER & LOMISON INC., 1956 W. 4TH STREET,,WILLIAMSPORT,PA ,17701,USA,www.hunterlomison.com,570-326-1764,"Service,Up To 600kW,Mobile/Diesel/Gas,"
11238,Industrial/Commercial Sales & Service,00010001621002,BROOKFIELD SERVICE, 708 GLEBE ROAD,,WESTMORELAND,NH ,03467,USA,www.brookfieldservice.com,802-485-6567,"Service,Up To 600kW,Mobile/Diesel/Gas,"
11238,Industrial/Commercial Sales & Service,00010021101002,SOUTH SHORE GENERATOR INC-Quote, 2696A CRANBERRY HWY,,WAREHAM,MA ,02571,USA,,508-295-7336,"Sales,Service,Up To 600kW,Mobile/Diesel/Gas,"
11238,Industrial/Commercial Sales & Service,00010001701002,SOUTH SHORE GENERATOR INC, ,,EAST WAREHAM,MA ,02538,USA,,508-295-7336,"Financing,Sales,Service,Up To 600kW,Mobile/Diesel/Gas,"
11238,Industrial/Commercial Sales & Service,00111207431002,WARSHAUER ELECTRIC SUPPLY CO INC, 800 SHREWSBURY AVE,,TINTON FALLS,NJ ,07724,USA,www.warshauer.com,732-741-6400,"Service,"
11238,Industrial/Commercial Sales & Service,00010157021002,Mechanical Service Co, 1145 Oak St.,,Pittston,PA ,18640,USA,,570-654-2445,"Service,"
11239,Industrial/Commercial Sales & Service,00010214161002,"R.L. KISTLER, INC.", 35 HAMILTON LANE,,GLENMONT,NY ,12077,USA,,585-436-1940,"Sales,Service,"
11239,Industrial/Commercial Sales & Service,00010001611002,Huntington Power, 230 Long Hill Cross Rd,,Shelton,CT ,06484,USA,www.huntingtonpower.com,203-929-3203,"Sales,Service,Up To 2MW,Mobile/Diesel/Gas,Training,Rental,"
11239,Industrial/Commercial Sales & Service,00010214161002,"R.L. Kistler, Inc", 300 Mile Crossing Blvd.,,Rochester,NY ,14624,USA,rlkistler.com,585-436-1940,"Sales,"
11239,Industrial/Commercial Sales & Service,00010214161002,"R.L. Kistler, Inc", 5615 Business Ave.,,N. Syracuse,NY ,13208,USA,,315-458-2875,"Sales,"
11239,Industrial/Commercial Sales & Service,00010001611002,Huntington Power, 68 Enter Ln,,Islandia,NY ,11749,USA,,631-563-4943,"Sales,Service,Up To 2MW,Mobile/Diesel/Gas,"
11239,Industrial/Commercial Sales & Service,00010001611002,Huntington Power, 34 E DUDLEY TOWN RD.,,BLOOMFIELD,CT ,06002,USA,,860-289-8790,"Sales,Service,Rental,"
11239,Industrial/Commercial Sales & Service,00010214161002,"R.L. Kistler, Inc", 5615 Business Ave.,,N. Syracuse,NY ,13208,USA,,315-458-2875,"Sales,"
11239,Industrial/Commercial Sales & Service,00010208021002,Modern Group Power Systems, 2501 Durham Road,,Bristol,PA ,19007,USA,www.moderngroup.com,800-404-7291,"Sales,Service,Up To 2MW,Mobile/Diesel/Gas,Training,Rental,"
11239,Industrial/Commercial Sales & Service,00010001731002,Authorized Services Of New England, 410 Forest Street,,Marlborough,MA ,01752,USA,www.asne.com,888-890-9886,"Financing,Sales,Service,Up To 2MW,Mobile/Diesel/Gas,Training,Rental,"
11239,Industrial/Commercial Sales & Service,00010008091002,MODERN HANDLING EQUIP, 75 NEW STREET,,EDISON,NJ ,08837,USA,www.moderngroup.com,800-779-5116,"Sales,Service,Up To 2MW,Mobile/Diesel/Gas,"
11239,Industrial/Commercial Sales & Service,00010208021002,Modern Group Power Systems, 200 Allied Parkway,,West Berlin,NJ ,08091,USA,,800-404-7291,"Sales,Service,Up To 2MW,Mobile/Diesel/Gas,"
11239,Industrial/Commercial Sales & Service,00010208021002,Modern Group Power Systems, 6352 Chapmans Rd,,Allentown,PA ,18106,USA,,800-404-7291,"Sales,Service,Up To 2MW,Mobile/Diesel/Gas,"
11239,Industrial/Commercial Sales & Service,00010208021002,Modern Group Power Systems, 295 New Commerce Blvd.,,Wilkes Barre,PA ,18706,USA,,800-404-7291,"Sales,Service,Up To 2MW,Mobile/Diesel/Gas,"
11239,Industrial/Commercial Sales & Service,00010208021002,Modern Group Power Systems, 66A South Gate Blvd.,,New Castle,DE ,19720,USA,,800-404-7291,"Sales,Service,Up To 2MW,Mobile/Diesel/Gas,"
11239,Industrial/Commercial Sales & Service,00010000931002,"EMERGENCY POWER SYSTEMS, LLC", 35 HAMILTON LANE,,GLENMONT,NY ,12077,USA,,800-914-1465,"Service,Up To 2MW,Mobile/Diesel/Gas,"
11239,Industrial/Commercial Sales & Service,00010000931002,"EMERGENCY POWER SYSTEMS, LLC", 35 HAMILTON LANE,,GLENMONT,NY ,12077,USA,,800-914-1465,"Service,"
11239,Industrial/Commercial Sales & Service,00010208021002,Modern Group Power Systems, 3480 Board Road,,York,PA ,17402,USA,,800-404-7291,"Sales,Service,Up To 2MW,Mobile/Diesel/Gas,"
11239,Industrial/Commercial Sales & Service,00010001731002,AUTHORIZED SERVICES OF NEW ENGLAND, 410 FOREST STREET,,MARLBOROUGH,MA ,01752,USA,,888-890-9886,"Sales,"
11239,Industrial/Commercial Sales & Service,00010001691002,Kelly Generator & Equipment, 1955 Dale Ln,,Owings,MD ,20736,USA,www.kge.com,410-257-5225,"Sales,Service,Up To 2MW,Mobile/Diesel/Gas,Training,Rental,"
11239,Industrial/Commercial Sales & Service,00010001761002,"GENSERVE, INC.", 100 NEWTOWN RD,,PLAINVIEW,NY ,11803,USA,www.genserveinc.com,631-435-0437,"Service,"
11239,Industrial/Commercial Sales & Service,00111209521002,LONG ISLAND EMERGENCY POWER -QO, 2 Ocean Avenue,,DEER PARK,NY ,11729,USA,,631-586-7513,"Sales,"
11239,Industrial/Commercial Sales & Service,00010139211002,POWERPRO SERVICE CO. INC., 608 JOHNSON AVE. UNIT 6,,BOHEMIA,NY ,11716,USA,,631-567-2700,"Sales,Service,Up To 600kW,Mobile/Diesel/Gas,"
11239,Industrial/Commercial Sales & Service,00111209531002,HUNTINGTON POWER - LONG ISLAND, PO BOX 2040,,SHELTON,CT ,06484,USA,,631-586-7513,"Sales,"
11239,Industrial/Commercial Sales & Service,00010134071002,PEAK POWER SYSTEMS, 99 SPRAGUE AVENUE,,MIDDLETOWN,NY ,10940,USA,www.peakpowersystems.com,845-344-1975,"Sales,Service,Up To 600kW,Mobile/Diesel/Gas,Rental,"
11239,Industrial/Commercial Sales & Service,00010001761002,"GENSERVE, INC.", 115A TWINBRIDGE DR.,,PENNSAUKEN,NJ ,08110,USA,www.genserveinc.com,856-324-0459,"Service,"
11239,Industrial/Commercial Sales & Service,00111184131002,HUNTER & LOMISON, 1956 W FOURTH ST,,WILLIAMSPORT,PA ,17701,USA,www.hunterlomison.com,570-326-1764,"Sales,Service,Up To 600kW,Mobile/Diesel/Gas,Rental,"
11239,Industrial/Commercial Sales & Service,00010000881002,HUNTER & LOMISON INC., 1956 W. 4TH STREET,,WILLIAMSPORT,PA ,17701,USA,www.hunterlomison.com,570-326-1764,"Service,Up To 600kW,Mobile/Diesel/Gas,"
11239,Industrial/Commercial Sales & Service,00010001621002,BROOKFIELD SERVICE, 708 GLEBE ROAD,,WESTMORELAND,NH ,03467,USA,www.brookfieldservice.com,802-485-6567,"Service,Up To 600kW,Mobile/Diesel/Gas,"
11239,Industrial/Commercial Sales & Service,00010021101002,SOUTH SHORE GENERATOR INC-Quote, 2696A CRANBERRY HWY,,WAREHAM,MA ,02571,USA,,508-295-7336,"Sales,Service,Up To 600kW,Mobile/Diesel/Gas,"
11239,Industrial/Commercial Sales & Service,00010001701002,SOUTH SHORE GENERATOR INC, ,,EAST WAREHAM,MA ,02538,USA,,508-295-7336,"Financing,Sales,Service,Up To 600kW,Mobile/Diesel/Gas,"
11239,Industrial/Commercial Sales & Service,00111207431002,WARSHAUER ELECTRIC SUPPLY CO INC, 800 SHREWSBURY AVE,,TINTON FALLS,NJ ,07724,USA,www.warshauer.com,732-741-6400,"Service,"
11239,Industrial/Commercial Sales & Service,00010157021002,Mechanical Service Co, 1145 Oak St.,,Pittston,PA ,18640,USA,,570-654-2445,"Service,"
11241,Industrial/Commercial Sales & Service,00010214161002,"R.L. Kistler, Inc", 300 Mile Crossing Blvd.,,Rochester,NY ,14624,USA,rlkistler.com,585-436-1940,"Sales,"
11241,Industrial/Commercial Sales & Service,00010214161002,"R.L. KISTLER, INC.", 35 HAMILTON LANE,,GLENMONT,NY ,12077,USA,,585-436-1940,"Sales,Service,"
11241,Industrial/Commercial Sales & Service,00010001611002,Huntington Power, 230 Long Hill Cross Rd,,Shelton,CT ,06484,USA,www.huntingtonpower.com,203-929-3203,"Sales,Service,Up To 2MW,Mobile/Diesel/Gas,Training,Rental,"
11241,Industrial/Commercial Sales & Service,00010214161002,"R.L. Kistler, Inc", 5615 Business Ave.,,N. Syracuse,NY ,13208,USA,,315-458-2875,"Sales,"
11241,Industrial/Commercial Sales & Service,00010214161002,"R.L. Kistler, Inc", 5615 Business Ave.,,N. Syracuse,NY ,13208,USA,,315-458-2875,"Sales,"
11241,Industrial/Commercial Sales & Service,00010001611002,Huntington Power, 68 Enter Ln,,Islandia,NY ,11749,USA,,631-563-4943,"Sales,Service,Up To 2MW,Mobile/Diesel/Gas,"
11241,Industrial/Commercial Sales & Service,00010001611002,Huntington Power, 34 E DUDLEY TOWN RD.,,BLOOMFIELD,CT ,06002,USA,,860-289-8790,"Sales,Service,Rental,"
11241,Industrial/Commercial Sales & Service,00010208021002,Modern Group Power Systems, 2501 Durham Road,,Bristol,PA ,19007,USA,www.moderngroup.com,800-404-7291,"Sales,Service,Up To 2MW,Mobile/Diesel/Gas,Training,Rental,"
11241,Industrial/Commercial Sales & Service,00010001731002,Authorized Services Of New England, 410 Forest Street,,Marlborough,MA ,01752,USA,www.asne.com,888-890-9886,"Financing,Sales,Service,Up To 2MW,Mobile/Diesel/Gas,Training,Rental,"
11241,Industrial/Commercial Sales & Service,00010008091002,MODERN HANDLING EQUIP, 75 NEW STREET,,EDISON,NJ ,08837,USA,www.moderngroup.com,800-779-5116,"Sales,Service,Up To 2MW,Mobile/Diesel/Gas,"
11241,Industrial/Commercial Sales & Service,00010208021002,Modern Group Power Systems, 200 Allied Parkway,,West Berlin,NJ ,08091,USA,,800-404-7291,"Sales,Service,Up To 2MW,Mobile/Diesel/Gas,"
11241,Industrial/Commercial Sales & Service,00010208021002,Modern Group Power Systems, 6352 Chapmans Rd,,Allentown,PA ,18106,USA,,800-404-7291,"Sales,Service,Up To 2MW,Mobile/Diesel/Gas,"
11241,Industrial/Commercial Sales & Service,00010208021002,Modern Group Power Systems, 295 New Commerce Blvd.,,Wilkes Barre,PA ,18706,USA,,800-404-7291,"Sales,Service,Up To 2MW,Mobile/Diesel/Gas,"
11241,Industrial/Commercial Sales & Service,00010208021002,Modern Group Power Systems, 66A South Gate Blvd.,,New Castle,DE ,19720,USA,,800-404-7291,"Sales,Service,Up To 2MW,Mobile/Diesel/Gas,"
11241,Industrial/Commercial Sales & Service,00010000931002,"EMERGENCY POWER SYSTEMS, LLC", 35 HAMILTON LANE,,GLENMONT,NY ,12077,USA,,800-914-1465,"Service,Up To 2MW,Mobile/Diesel/Gas,"
11241,Industrial/Commercial Sales & Service,00010000931002,"EMERGENCY POWER SYSTEMS, LLC", 35 HAMILTON LANE,,GLENMONT,NY ,12077,USA,,800-914-1465,"Service,"
11241,Industrial/Commercial Sales & Service,00010208021002,Modern Group Power Systems, 3480 Board Road,,York,PA ,17402,USA,,800-404-7291,"Sales,Service,Up To 2MW,Mobile/Diesel/Gas,"
11241,Industrial/Commercial Sales & Service,00010001731002,AUTHORIZED SERVICES OF NEW ENGLAND, 410 FOREST STREET,,MARLBOROUGH,MA ,01752,USA,,888-890-9886,"Sales,"
11241,Industrial/Commercial Sales & Service,00010001691002,Kelly Generator & Equipment, 1955 Dale Ln,,Owings,MD ,20736,USA,www.kge.com,410-257-5225,"Sales,Service,Up To 2MW,Mobile/Diesel/Gas,Training,Rental,"
11241,Industrial/Commercial Sales & Service,00010001761002,"GENSERVE, INC.", 100 NEWTOWN RD,,PLAINVIEW,NY ,11803,USA,www.genserveinc.com,631-435-0437,"Service,"
11241,Industrial/Commercial Sales & Service,00111209521002,LONG ISLAND EMERGENCY POWER -QO, 2 Ocean Avenue,,DEER PARK,NY ,11729,USA,,631-586-7513,"Sales,"
11241,Industrial/Commercial Sales & Service,00010139211002,POWERPRO SERVICE CO. INC., 608 JOHNSON AVE. UNIT 6,,BOHEMIA,NY ,11716,USA,,631-567-2700,"Sales,Service,Up To 600kW,Mobile/Diesel/Gas,"
11241,Industrial/Commercial Sales & Service,00010134071002,PEAK POWER SYSTEMS, 99 SPRAGUE AVENUE,,MIDDLETOWN,NY ,10940,USA,www.peakpowersystems.com,845-344-1975,"Sales,Service,Up To 600kW,Mobile/Diesel/Gas,Rental,"
11241,Industrial/Commercial Sales & Service,00111209531002,HUNTINGTON POWER - LONG ISLAND, PO BOX 2040,,SHELTON,CT ,06484,USA,,631-586-7513,"Sales,"
11241,Industrial/Commercial Sales & Service,00010001761002,"GENSERVE, INC.", 115A TWINBRIDGE DR.,,PENNSAUKEN,NJ ,08110,USA,www.genserveinc.com,856-324-0459,"Service,"
11241,Industrial/Commercial Sales & Service,00111184131002,HUNTER & LOMISON, 1956 W FOURTH ST,,WILLIAMSPORT,PA ,17701,USA,www.hunterlomison.com,570-326-1764,"Sales,Service,Up To 600kW,Mobile/Diesel/Gas,Rental,"
11241,Industrial/Commercial Sales & Service,00010000881002,HUNTER & LOMISON INC., 1956 W. 4TH STREET,,WILLIAMSPORT,PA ,17701,USA,www.hunterlomison.com,570-326-1764,"Service,Up To 600kW,Mobile/Diesel/Gas,"
11241,Industrial/Commercial Sales & Service,00010001621002,BROOKFIELD SERVICE, 708 GLEBE ROAD,,WESTMORELAND,NH ,03467,USA,www.brookfieldservice.com,802-485-6567,"Service,Up To 600kW,Mobile/Diesel/Gas,"
11241,Industrial/Commercial Sales & Service,00010021101002,SOUTH SHORE GENERATOR INC-Quote, 2696A CRANBERRY HWY,,WAREHAM,MA ,02571,USA,,508-295-7336,"Sales,Service,Up To 600kW,Mobile/Diesel/Gas,"
11241,Industrial/Commercial Sales & Service,00010001701002,SOUTH SHORE GENERATOR INC, ,,EAST WAREHAM,MA ,02538,USA,,508-295-7336,"Financing,Sales,Service,Up To 600kW,Mobile/Diesel/Gas,"
11241,Industrial/Commercial Sales & Service,00111207431002,WARSHAUER ELECTRIC SUPPLY CO INC, 800 SHREWSBURY AVE,,TINTON FALLS,NJ ,07724,USA,www.warshauer.com,732-741-6400,"Service,"
11241,Industrial/Commercial Sales & Service,00010157021002,Mechanical Service Co, 1145 Oak St.,,Pittston,PA ,18640,USA,,570-654-2445,"Service,"
11242,Industrial/Commercial Sales & Service,00010001611002,Huntington Power, 230 Long Hill Cross Rd,,Shelton,CT ,06484,USA,www.huntingtonpower.com,203-929-3203,"Sales,Service,Up To 2MW,Mobile/Diesel/Gas,Training,Rental,"
11242,Industrial/Commercial Sales & Service,00010214161002,"R.L. KISTLER, INC.", 35 HAMILTON LANE,,GLENMONT,NY ,12077,USA,,585-436-1940,"Sales,Service,"
11242,Industrial/Commercial Sales & Service,00010214161002,"R.L. Kistler, Inc", 300 Mile Crossing Blvd.,,Rochester,NY ,14624,USA,rlkistler.com,585-436-1940,"Sales,"
11242,Industrial/Commercial Sales & Service,00010001611002,Huntington Power, 68 Enter Ln,,Islandia,NY ,11749,USA,,631-563-4943,"Sales,Service,Up To 2MW,Mobile/Diesel/Gas,"
11242,Industrial/Commercial Sales & Service,00010001611002,Huntington Power, 34 E DUDLEY TOWN RD.,,BLOOMFIELD,CT ,06002,USA,,860-289-8790,"Sales,Service,Rental,"
11242,Industrial/Commercial Sales & Service,00010214161002,"R.L. Kistler, Inc", 5615 Business Ave.,,N. Syracuse,NY ,13208,USA,,315-458-2875,"Sales,"
11242,Industrial/Commercial Sales & Service,00010214161002,"R.L. Kistler, Inc", 5615 Business Ave.,,N. Syracuse,NY ,13208,USA,,315-458-2875,"Sales,"
11242,Industrial/Commercial Sales & Service,00010208021002,Modern Group Power Systems, 2501 Durham Road,,Bristol,PA ,19007,USA,www.moderngroup.com,800-404-7291,"Sales,Service,Up To 2MW,Mobile/Diesel/Gas,Training,Rental,"
11242,Industrial/Commercial Sales & Service,00010001731002,Authorized Services Of New England, 410 Forest Street,,Marlborough,MA ,01752,USA,www.asne.com,888-890-9886,"Financing,Sales,Service,Up To 2MW,Mobile/Diesel/Gas,Training,Rental,"
11242,Industrial/Commercial Sales & Service,00010008091002,MODERN HANDLING EQUIP, 75 NEW STREET,,EDISON,NJ ,08837,USA,www.moderngroup.com,800-779-5116,"Sales,Service,Up To 2MW,Mobile/Diesel/Gas,"
11242,Industrial/Commercial Sales & Service,00010208021002,Modern Group Power Systems, 200 Allied Parkway,,West Berlin,NJ ,08091,USA,,800-404-7291,"Sales,Service,Up To 2MW,Mobile/Diesel/Gas,"
11242,Industrial/Commercial Sales & Service,00010208021002,Modern Group Power Systems, 6352 Chapmans Rd,,Allentown,PA ,18106,USA,,800-404-7291,"Sales,Service,Up To 2MW,Mobile/Diesel/Gas,"
11242,Industrial/Commercial Sales & Service,00010208021002,Modern Group Power Systems, 295 New Commerce Blvd.,,Wilkes Barre,PA ,18706,USA,,800-404-7291,"Sales,Service,Up To 2MW,Mobile/Diesel/Gas,"
11242,Industrial/Commercial Sales & Service,00010208021002,Modern Group Power Systems, 66A South Gate Blvd.,,New Castle,DE ,19720,USA,,800-404-7291,"Sales,Service,Up To 2MW,Mobile/Diesel/Gas,"
11242,Industrial/Commercial Sales & Service,00010000931002,"EMERGENCY POWER SYSTEMS, LLC", 35 HAMILTON LANE,,GLENMONT,NY ,12077,USA,,800-914-1465,"Service,Up To 2MW,Mobile/Diesel/Gas,"
11242,Industrial/Commercial Sales & Service,00010000931002,"EMERGENCY POWER SYSTEMS, LLC", 35 HAMILTON LANE,,GLENMONT,NY ,12077,USA,,800-914-1465,"Service,"
11242,Industrial/Commercial Sales & Service,00010208021002,Modern Group Power Systems, 3480 Board Road,,York,PA ,17402,USA,,800-404-7291,"Sales,Service,Up To 2MW,Mobile/Diesel/Gas,"
11242,Industrial/Commercial Sales & Service,00010001731002,AUTHORIZED SERVICES OF NEW ENGLAND, 410 FOREST STREET,,MARLBOROUGH,MA ,01752,USA,,888-890-9886,"Sales,"
11242,Industrial/Commercial Sales & Service,00010001691002,Kelly Generator & Equipment, 1955 Dale Ln,,Owings,MD ,20736,USA,www.kge.com,410-257-5225,"Sales,Service,Up To 2MW,Mobile/Diesel/Gas,Training,Rental,"
11242,Industrial/Commercial Sales & Service,00010001761002,"GENSERVE, INC.", 100 NEWTOWN RD,,PLAINVIEW,NY ,11803,USA,www.genserveinc.com,631-435-0437,"Service,"
11242,Industrial/Commercial Sales & Service,00111209521002,LONG ISLAND EMERGENCY POWER -QO, 2 Ocean Avenue,,DEER PARK,NY ,11729,USA,,631-586-7513,"Sales,"
11242,Industrial/Commercial Sales & Service,00010139211002,POWERPRO SERVICE CO. INC., 608 JOHNSON AVE. UNIT 6,,BOHEMIA,NY ,11716,USA,,631-567-2700,"Sales,Service,Up To 600kW,Mobile/Diesel/Gas,"
11242,Industrial/Commercial Sales & Service,00010134071002,PEAK POWER SYSTEMS, 99 SPRAGUE AVENUE,,MIDDLETOWN,NY ,10940,USA,www.peakpowersystems.com,845-344-1975,"Sales,Service,Up To 600kW,Mobile/Diesel/Gas,Rental,"
11242,Industrial/Commercial Sales & Service,00111209531002,HUNTINGTON POWER - LONG ISLAND, PO BOX 2040,,SHELTON,CT ,06484,USA,,631-586-7513,"Sales,"
11242,Industrial/Commercial Sales & Service,00010001761002,"GENSERVE, INC.", 115A TWINBRIDGE DR.,,PENNSAUKEN,NJ ,08110,USA,www.genserveinc.com,856-324-0459,"Service,"
11242,Industrial/Commercial Sales & Service,00111184131002,HUNTER & LOMISON, 1956 W FOURTH ST,,WILLIAMSPORT,PA ,17701,USA,www.hunterlomison.com,570-326-1764,"Sales,Service,Up To 600kW,Mobile/Diesel/Gas,Rental,"
11242,Industrial/Commercial Sales & Service,00010000881002,HUNTER & LOMISON INC., 1956 W. 4TH STREET,,WILLIAMSPORT,PA ,17701,USA,www.hunterlomison.com,570-326-1764,"Service,Up To 600kW,Mobile/Diesel/Gas,"
11242,Industrial/Commercial Sales & Service,00010001621002,BROOKFIELD SERVICE, 708 GLEBE ROAD,,WESTMORELAND,NH ,03467,USA,www.brookfieldservice.com,802-485-6567,"Service,Up To 600kW,Mobile/Diesel/Gas,"
11242,Industrial/Commercial Sales & Service,00010021101002,SOUTH SHORE GENERATOR INC-Quote, 2696A CRANBERRY HWY,,WAREHAM,MA ,02571,USA,,508-295-7336,"Sales,Service,Up To 600kW,Mobile/Diesel/Gas,"
11242,Industrial/Commercial Sales & Service,00010001701002,SOUTH SHORE GENERATOR INC, ,,EAST WAREHAM,MA ,02538,USA,,508-295-7336,"Financing,Sales,Service,Up To 600kW,Mobile/Diesel/Gas,"
11242,Industrial/Commercial Sales & Service,00111207431002,WARSHAUER ELECTRIC SUPPLY CO INC, 800 SHREWSBURY AVE,,TINTON FALLS,NJ ,07724,USA,www.warshauer.com,732-741-6400,"Service,"
11242,Industrial/Commercial Sales & Service,00010157021002,Mechanical Service Co, 1145 Oak St.,,Pittston,PA ,18640,USA,,570-654-2445,"Service,"
11243,Industrial/Commercial Sales & Service,00010001611002,Huntington Power, 230 Long Hill Cross Rd,,Shelton,CT ,06484,USA,www.huntingtonpower.com,203-929-3203,"Sales,Service,Up To 2MW,Mobile/Diesel/Gas,Training,Rental,"
11243,Industrial/Commercial Sales & Service,00010214161002,"R.L. Kistler, Inc", 300 Mile Crossing Blvd.,,Rochester,NY ,14624,USA,rlkistler.com,585-436-1940,"Sales,"
11243,Industrial/Commercial Sales & Service,00010214161002,"R.L. KISTLER, INC.", 35 HAMILTON LANE,,GLENMONT,NY ,12077,USA,,585-436-1940,"Sales,Service,"
11243,Industrial/Commercial Sales & Service,00010001611002,Huntington Power, 68 Enter Ln,,Islandia,NY ,11749,USA,,631-563-4943,"Sales,Service,Up To 2MW,Mobile/Diesel/Gas,"
11243,Industrial/Commercial Sales & Service,00010001611002,Huntington Power, 34 E DUDLEY TOWN RD.,,BLOOMFIELD,CT ,06002,USA,,860-289-8790,"Sales,Service,Rental,"
11243,Industrial/Commercial Sales & Service,00010214161002,"R.L. Kistler, Inc", 5615 Business Ave.,,N. Syracuse,NY ,13208,USA,,315-458-2875,"Sales,"
11243,Industrial/Commercial Sales & Service,00010214161002,"R.L. Kistler, Inc", 5615 Business Ave.,,N. Syracuse,NY ,13208,USA,,315-458-2875,"Sales,"
11243,Industrial/Commercial Sales & Service,00010208021002,Modern Group Power Systems, 2501 Durham Road,,Bristol,PA ,19007,USA,www.moderngroup.com,800-404-7291,"Sales,Service,Up To 2MW,Mobile/Diesel/Gas,Training,Rental,"
11243,Industrial/Commercial Sales & Service,00010001731002,Authorized Services Of New England, 410 Forest Street,,Marlborough,MA ,01752,USA,www.asne.com,888-890-9886,"Financing,Sales,Service,Up To 2MW,Mobile/Diesel/Gas,Training,Rental,"
11243,Industrial/Commercial Sales & Service,00010008091002,MODERN HANDLING EQUIP, 75 NEW STREET,,EDISON,NJ ,08837,USA,www.moderngroup.com,800-779-5116,"Sales,Service,Up To 2MW,Mobile/Diesel/Gas,"
11243,Industrial/Commercial Sales & Service,00010208021002,Modern Group Power Systems, 200 Allied Parkway,,West Berlin,NJ ,08091,USA,,800-404-7291,"Sales,Service,Up To 2MW,Mobile/Diesel/Gas,"
11243,Industrial/Commercial Sales & Service,00010208021002,Modern Group Power Systems, 6352 Chapmans Rd,,Allentown,PA ,18106,USA,,800-404-7291,"Sales,Service,Up To 2MW,Mobile/Diesel/Gas,"
11243,Industrial/Commercial Sales & Service,00010208021002,Modern Group Power Systems, 295 New Commerce Blvd.,,Wilkes Barre,PA ,18706,USA,,800-404-7291,"Sales,Service,Up To 2MW,Mobile/Diesel/Gas,"
11243,Industrial/Commercial Sales & Service,00010208021002,Modern Group Power Systems, 66A South Gate Blvd.,,New Castle,DE ,19720,USA,,800-404-7291,"Sales,Service,Up To 2MW,Mobile/Diesel/Gas,"
11243,Industrial/Commercial Sales & Service,00010000931002,"EMERGENCY POWER SYSTEMS, LLC", 35 HAMILTON LANE,,GLENMONT,NY ,12077,USA,,800-914-1465,"Service,Up To 2MW,Mobile/Diesel/Gas,"
11243,Industrial/Commercial Sales & Service,00010000931002,"EMERGENCY POWER SYSTEMS, LLC", 35 HAMILTON LANE,,GLENMONT,NY ,12077,USA,,800-914-1465,"Service,"
11243,Industrial/Commercial Sales & Service,00010208021002,Modern Group Power Systems, 3480 Board Road,,York,PA ,17402,USA,,800-404-7291,"Sales,Service,Up To 2MW,Mobile/Diesel/Gas,"
11243,Industrial/Commercial Sales & Service,00010001731002,AUTHORIZED SERVICES OF NEW ENGLAND, 410 FOREST STREET,,MARLBOROUGH,MA ,01752,USA,,888-890-9886,"Sales,"
11243,Industrial/Commercial Sales & Service,00010001691002,Kelly Generator & Equipment, 1955 Dale Ln,,Owings,MD ,20736,USA,www.kge.com,410-257-5225,"Sales,Service,Up To 2MW,Mobile/Diesel/Gas,Training,Rental,"
11243,Industrial/Commercial Sales & Service,00010001761002,"GENSERVE, INC.", 100 NEWTOWN RD,,PLAINVIEW,NY ,11803,USA,www.genserveinc.com,631-435-0437,"Service,"
11243,Industrial/Commercial Sales & Service,00111209521002,LONG ISLAND EMERGENCY POWER -QO, 2 Ocean Avenue,,DEER PARK,NY ,11729,USA,,631-586-7513,"Sales,"
11243,Industrial/Commercial Sales & Service,00010139211002,POWERPRO SERVICE CO. INC., 608 JOHNSON AVE. UNIT 6,,BOHEMIA,NY ,11716,USA,,631-567-2700,"Sales,Service,Up To 600kW,Mobile/Diesel/Gas,"
11243,Industrial/Commercial Sales & Service,00010134071002,PEAK POWER SYSTEMS, 99 SPRAGUE AVENUE,,MIDDLETOWN,NY ,10940,USA,www.peakpowersystems.com,845-344-1975,"Sales,Service,Up To 600kW,Mobile/Diesel/Gas,Rental,"
11243,Industrial/Commercial Sales & Service,00111209531002,HUNTINGTON POWER - LONG ISLAND, PO BOX 2040,,SHELTON,CT ,06484,USA,,631-586-7513,"Sales,"
11243,Industrial/Commercial Sales & Service,00010001761002,"GENSERVE, INC.", 115A TWINBRIDGE DR.,,PENNSAUKEN,NJ ,08110,USA,www.genserveinc.com,856-324-0459,"Service,"
11243,Industrial/Commercial Sales & Service,00111184131002,HUNTER & LOMISON, 1956 W FOURTH ST,,WILLIAMSPORT,PA ,17701,USA,www.hunterlomison.com,570-326-1764,"Sales,Service,Up To 600kW,Mobile/Diesel/Gas,Rental,"
11243,Industrial/Commercial Sales & Service,00010000881002,HUNTER & LOMISON INC., 1956 W. 4TH STREET,,WILLIAMSPORT,PA ,17701,USA,www.hunterlomison.com,570-326-1764,"Service,Up To 600kW,Mobile/Diesel/Gas,"
11243,Industrial/Commercial Sales & Service,00010001621002,BROOKFIELD SERVICE, 708 GLEBE ROAD,,WESTMORELAND,NH ,03467,USA,www.brookfieldservice.com,802-485-6567,"Service,Up To 600kW,Mobile/Diesel/Gas,"
11243,Industrial/Commercial Sales & Service,00010021101002,SOUTH SHORE GENERATOR INC-Quote, 2696A CRANBERRY HWY,,WAREHAM,MA ,02571,USA,,508-295-7336,"Sales,Service,Up To 600kW,Mobile/Diesel/Gas,"
11243,Industrial/Commercial Sales & Service,00010001701002,SOUTH SHORE GENERATOR INC, ,,EAST WAREHAM,MA ,02538,USA,,508-295-7336,"Financing,Sales,Service,Up To 600kW,Mobile/Diesel/Gas,"
11243,Industrial/Commercial Sales & Service,00111207431002,WARSHAUER ELECTRIC SUPPLY CO INC, 800 SHREWSBURY AVE,,TINTON FALLS,NJ ,07724,USA,www.warshauer.com,732-741-6400,"Service,"
11243,Industrial/Commercial Sales & Service,00010157021002,Mechanical Service Co, 1145 Oak St.,,Pittston,PA ,18640,USA,,570-654-2445,"Service,"
11245,Industrial/Commercial Sales & Service,00010214161002,"R.L. KISTLER, INC.", 35 HAMILTON LANE,,GLENMONT,NY ,12077,USA,,585-436-1940,"Sales,Service,"
11245,Industrial/Commercial Sales & Service,00010214161002,"R.L. Kistler, Inc", 300 Mile Crossing Blvd.,,Rochester,NY ,14624,USA,rlkistler.com,585-436-1940,"Sales,"
11245,Industrial/Commercial Sales & Service,00010001611002,Huntington Power, 230 Long Hill Cross Rd,,Shelton,CT ,06484,USA,www.huntingtonpower.com,203-929-3203,"Sales,Service,Up To 2MW,Mobile/Diesel/Gas,Training,Rental,"
11245,Industrial/Commercial Sales & Service,00010214161002,"R.L. Kistler, Inc", 5615 Business Ave.,,N. Syracuse,NY ,13208,USA,,315-458-2875,"Sales,"
11245,Industrial/Commercial Sales & Service,00010214161002,"R.L. Kistler, Inc", 5615 Business Ave.,,N. Syracuse,NY ,13208,USA,,315-458-2875,"Sales,"
11245,Industrial/Commercial Sales & Service,00010001611002,Huntington Power, 68 Enter Ln,,Islandia,NY ,11749,USA,,631-563-4943,"Sales,Service,Up To 2MW,Mobile/Diesel/Gas,"
11245,Industrial/Commercial Sales & Service,00010001611002,Huntington Power, 34 E DUDLEY TOWN RD.,,BLOOMFIELD,CT ,06002,USA,,860-289-8790,"Sales,Service,Rental,"
11245,Industrial/Commercial Sales & Service,00010208021002,Modern Group Power Systems, 2501 Durham Road,,Bristol,PA ,19007,USA,www.moderngroup.com,800-404-7291,"Sales,Service,Up To 2MW,Mobile/Diesel/Gas,Training,Rental,"
11245,Industrial/Commercial Sales & Service,00010001731002,Authorized Services Of New England, 410 Forest Street,,Marlborough,MA ,01752,USA,www.asne.com,888-890-9886,"Financing,Sales,Service,Up To 2MW,Mobile/Diesel/Gas,Training,Rental,"
11245,Industrial/Commercial Sales & Service,00010008091002,MODERN HANDLING EQUIP, 75 NEW STREET,,EDISON,NJ ,08837,USA,www.moderngroup.com,800-779-5116,"Sales,Service,Up To 2MW,Mobile/Diesel/Gas,"
11245,Industrial/Commercial Sales & Service,00010208021002,Modern Group Power Systems, 200 Allied Parkway,,West Berlin,NJ ,08091,USA,,800-404-7291,"Sales,Service,Up To 2MW,Mobile/Diesel/Gas,"
11245,Industrial/Commercial Sales & Service,00010208021002,Modern Group Power Systems, 6352 Chapmans Rd,,Allentown,PA ,18106,USA,,800-404-7291,"Sales,Service,Up To 2MW,Mobile/Diesel/Gas,"
11245,Industrial/Commercial Sales & Service,00010208021002,Modern Group Power Systems, 295 New Commerce Blvd.,,Wilkes Barre,PA ,18706,USA,,800-404-7291,"Sales,Service,Up To 2MW,Mobile/Diesel/Gas,"
11245,Industrial/Commercial Sales & Service,00010208021002,Modern Group Power Systems, 66A South Gate Blvd.,,New Castle,DE ,19720,USA,,800-404-7291,"Sales,Service,Up To 2MW,Mobile/Diesel/Gas,"
11245,Industrial/Commercial Sales & Service,00010000931002,"EMERGENCY POWER SYSTEMS, LLC", 35 HAMILTON LANE,,GLENMONT,NY ,12077,USA,,800-914-1465,"Service,Up To 2MW,Mobile/Diesel/Gas,"
11245,Industrial/Commercial Sales & Service,00010000931002,"EMERGENCY POWER SYSTEMS, LLC", 35 HAMILTON LANE,,GLENMONT,NY ,12077,USA,,800-914-1465,"Service,"
11245,Industrial/Commercial Sales & Service,00010208021002,Modern Group Power Systems, 3480 Board Road,,York,PA ,17402,USA,,800-404-7291,"Sales,Service,Up To 2MW,Mobile/Diesel/Gas,"
11245,Industrial/Commercial Sales & Service,00010001731002,AUTHORIZED SERVICES OF NEW ENGLAND, 410 FOREST STREET,,MARLBOROUGH,MA ,01752,USA,,888-890-9886,"Sales,"
11245,Industrial/Commercial Sales & Service,00010001691002,Kelly Generator & Equipment, 1955 Dale Ln,,Owings,MD ,20736,USA,www.kge.com,410-257-5225,"Sales,Service,Up To 2MW,Mobile/Diesel/Gas,Training,Rental,"
11245,Industrial/Commercial Sales & Service,00010001761002,"GENSERVE, INC.", 100 NEWTOWN RD,,PLAINVIEW,NY ,11803,USA,www.genserveinc.com,631-435-0437,"Service,"
11245,Industrial/Commercial Sales & Service,00111209521002,LONG ISLAND EMERGENCY POWER -QO, 2 Ocean Avenue,,DEER PARK,NY ,11729,USA,,631-586-7513,"Sales,"
11245,Industrial/Commercial Sales & Service,00010139211002,POWERPRO SERVICE CO. INC., 608 JOHNSON AVE. UNIT 6,,BOHEMIA,NY ,11716,USA,,631-567-2700,"Sales,Service,Up To 600kW,Mobile/Diesel/Gas,"
11245,Industrial/Commercial Sales & Service,00010134071002,PEAK POWER SYSTEMS, 99 SPRAGUE AVENUE,,MIDDLETOWN,NY ,10940,USA,www.peakpowersystems.com,845-344-1975,"Sales,Service,Up To 600kW,Mobile/Diesel/Gas,Rental,"
11245,Industrial/Commercial Sales & Service,00111209531002,HUNTINGTON POWER - LONG ISLAND, PO BOX 2040,,SHELTON,CT ,06484,USA,,631-586-7513,"Sales,"
11245,Industrial/Commercial Sales & Service,00010001761002,"GENSERVE, INC.", 115A TWINBRIDGE DR.,,PENNSAUKEN,NJ ,08110,USA,www.genserveinc.com,856-324-0459,"Service,"
11245,Industrial/Commercial Sales & Service,00111184131002,HUNTER & LOMISON, 1956 W FOURTH ST,,WILLIAMSPORT,PA ,17701,USA,www.hunterlomison.com,570-326-1764,"Sales,Service,Up To 600kW,Mobile/Diesel/Gas,Rental,"
11245,Industrial/Commercial Sales & Service,00010000881002,HUNTER & LOMISON INC., 1956 W. 4TH STREET,,WILLIAMSPORT,PA ,17701,USA,www.hunterlomison.com,570-326-1764,"Service,Up To 600kW,Mobile/Diesel/Gas,"
11245,Industrial/Commercial Sales & Service,00010001621002,BROOKFIELD SERVICE, 708 GLEBE ROAD,,WESTMORELAND,NH ,03467,USA,www.brookfieldservice.com,802-485-6567,"Service,Up To 600kW,Mobile/Diesel/Gas,"
11245,Industrial/Commercial Sales & Service,00010021101002,SOUTH SHORE GENERATOR INC-Quote, 2696A CRANBERRY HWY,,WAREHAM,MA ,02571,USA,,508-295-7336,"Sales,Service,Up To 600kW,Mobile/Diesel/Gas,"
11245,Industrial/Commercial Sales & Service,00010001701002,SOUTH SHORE GENERATOR INC, ,,EAST WAREHAM,MA ,02538,USA,,508-295-7336,"Financing,Sales,Service,Up To 600kW,Mobile/Diesel/Gas,"
11245,Industrial/Commercial Sales & Service,00111207431002,WARSHAUER ELECTRIC SUPPLY CO INC, 800 SHREWSBURY AVE,,TINTON FALLS,NJ ,07724,USA,www.warshauer.com,732-741-6400,"Service,"
11245,Industrial/Commercial Sales & Service,00010157021002,Mechanical Service Co, 1145 Oak St.,,Pittston,PA ,18640,USA,,570-654-2445,"Service,"
11247,Industrial/Commercial Sales & Service,00010214161002,"R.L. Kistler, Inc", 300 Mile Crossing Blvd.,,Rochester,NY ,14624,USA,rlkistler.com,585-436-1940,"Sales,"
11247,Industrial/Commercial Sales & Service,00010214161002,"R.L. KISTLER, INC.", 35 HAMILTON LANE,,GLENMONT,NY ,12077,USA,,585-436-1940,"Sales,Service,"
11247,Industrial/Commercial Sales & Service,00010001611002,Huntington Power, 230 Long Hill Cross Rd,,Shelton,CT ,06484,USA,www.huntingtonpower.com,203-929-3203,"Sales,Service,Up To 2MW,Mobile/Diesel/Gas,Training,Rental,"
11247,Industrial/Commercial Sales & Service,00010214161002,"R.L. Kistler, Inc", 5615 Business Ave.,,N. Syracuse,NY ,13208,USA,,315-458-2875,"Sales,"
11247,Industrial/Commercial Sales & Service,00010214161002,"R.L. Kistler, Inc", 5615 Business Ave.,,N. Syracuse,NY ,13208,USA,,315-458-2875,"Sales,"
11247,Industrial/Commercial Sales & Service,00010001611002,Huntington Power, 68 Enter Ln,,Islandia,NY ,11749,USA,,631-563-4943,"Sales,Service,Up To 2MW,Mobile/Diesel/Gas,"
11247,Industrial/Commercial Sales & Service,00010001611002,Huntington Power, 34 E DUDLEY TOWN RD.,,BLOOMFIELD,CT ,06002,USA,,860-289-8790,"Sales,Service,Rental,"
11247,Industrial/Commercial Sales & Service,00010208021002,Modern Group Power Systems, 2501 Durham Road,,Bristol,PA ,19007,USA,www.moderngroup.com,800-404-7291,"Sales,Service,Up To 2MW,Mobile/Diesel/Gas,Training,Rental,"
11247,Industrial/Commercial Sales & Service,00010001731002,Authorized Services Of New England, 410 Forest Street,,Marlborough,MA ,01752,USA,www.asne.com,888-890-9886,"Financing,Sales,Service,Up To 2MW,Mobile/Diesel/Gas,Training,Rental,"
11247,Industrial/Commercial Sales & Service,00010008091002,MODERN HANDLING EQUIP, 75 NEW STREET,,EDISON,NJ ,08837,USA,www.moderngroup.com,800-779-5116,"Sales,Service,Up To 2MW,Mobile/Diesel/Gas,"
11247,Industrial/Commercial Sales & Service,00010208021002,Modern Group Power Systems, 200 Allied Parkway,,West Berlin,NJ ,08091,USA,,800-404-7291,"Sales,Service,Up To 2MW,Mobile/Diesel/Gas,"
11247,Industrial/Commercial Sales & Service,00010208021002,Modern Group Power Systems, 6352 Chapmans Rd,,Allentown,PA ,18106,USA,,800-404-7291,"Sales,Service,Up To 2MW,Mobile/Diesel/Gas,"
11247,Industrial/Commercial Sales & Service,00010208021002,Modern Group Power Systems, 295 New Commerce Blvd.,,Wilkes Barre,PA ,18706,USA,,800-404-7291,"Sales,Service,Up To 2MW,Mobile/Diesel/Gas,"
11247,Industrial/Commercial Sales & Service,00010208021002,Modern Group Power Systems, 66A South Gate Blvd.,,New Castle,DE ,19720,USA,,800-404-7291,"Sales,Service,Up To 2MW,Mobile/Diesel/Gas,"
11247,Industrial/Commercial Sales & Service,00010000931002,"EMERGENCY POWER SYSTEMS, LLC", 35 HAMILTON LANE,,GLENMONT,NY ,12077,USA,,800-914-1465,"Service,Up To 2MW,Mobile/Diesel/Gas,"
11247,Industrial/Commercial Sales & Service,00010000931002,"EMERGENCY POWER SYSTEMS, LLC", 35 HAMILTON LANE,,GLENMONT,NY ,12077,USA,,800-914-1465,"Service,"
11247,Industrial/Commercial Sales & Service,00010208021002,Modern Group Power Systems, 3480 Board Road,,York,PA ,17402,USA,,800-404-7291,"Sales,Service,Up To 2MW,Mobile/Diesel/Gas,"
11247,Industrial/Commercial Sales & Service,00010001731002,AUTHORIZED SERVICES OF NEW ENGLAND, 410 FOREST STREET,,MARLBOROUGH,MA ,01752,USA,,888-890-9886,"Sales,"
11247,Industrial/Commercial Sales & Service,00010001691002,Kelly Generator & Equipment, 1955 Dale Ln,,Owings,MD ,20736,USA,www.kge.com,410-257-5225,"Sales,Service,Up To 2MW,Mobile/Diesel/Gas,Training,Rental,"
11247,Industrial/Commercial Sales & Service,00010001761002,"GENSERVE, INC.", 100 NEWTOWN RD,,PLAINVIEW,NY ,11803,USA,www.genserveinc.com,631-435-0437,"Service,"
11247,Industrial/Commercial Sales & Service,00111209521002,LONG ISLAND EMERGENCY POWER -QO, 2 Ocean Avenue,,DEER PARK,NY ,11729,USA,,631-586-7513,"Sales,"
11247,Industrial/Commercial Sales & Service,00010139211002,POWERPRO SERVICE CO. INC., 608 JOHNSON AVE. UNIT 6,,BOHEMIA,NY ,11716,USA,,631-567-2700,"Sales,Service,Up To 600kW,Mobile/Diesel/Gas,"
11247,Industrial/Commercial Sales & Service,00010134071002,PEAK POWER SYSTEMS, 99 SPRAGUE AVENUE,,MIDDLETOWN,NY ,10940,USA,www.peakpowersystems.com,845-344-1975,"Sales,Service,Up To 600kW,Mobile/Diesel/Gas,Rental,"
11247,Industrial/Commercial Sales & Service,00111209531002,HUNTINGTON POWER - LONG ISLAND, PO BOX 2040,,SHELTON,CT ,06484,USA,,631-586-7513,"Sales,"
11247,Industrial/Commercial Sales & Service,00010001761002,"GENSERVE, INC.", 115A TWINBRIDGE DR.,,PENNSAUKEN,NJ ,08110,USA,www.genserveinc.com,856-324-0459,"Service,"
11247,Industrial/Commercial Sales & Service,00111184131002,HUNTER & LOMISON, 1956 W FOURTH ST,,WILLIAMSPORT,PA ,17701,USA,www.hunterlomison.com,570-326-1764,"Sales,Service,Up To 600kW,Mobile/Diesel/Gas,Rental,"
11247,Industrial/Commercial Sales & Service,00010000881002,HUNTER & LOMISON INC., 1956 W. 4TH STREET,,WILLIAMSPORT,PA ,17701,USA,www.hunterlomison.com,570-326-1764,"Service,Up To 600kW,Mobile/Diesel/Gas,"
11247,Industrial/Commercial Sales & Service,00010001621002,BROOKFIELD SERVICE, 708 GLEBE ROAD,,WESTMORELAND,NH ,03467,USA,www.brookfieldservice.com,802-485-6567,"Service,Up To 600kW,Mobile/Diesel/Gas,"
11247,Industrial/Commercial Sales & Service,00010021101002,SOUTH SHORE GENERATOR INC-Quote, 2696A CRANBERRY HWY,,WAREHAM,MA ,02571,USA,,508-295-7336,"Sales,Service,Up To 600kW,Mobile/Diesel/Gas,"
11247,Industrial/Commercial Sales & Service,00010001701002,SOUTH SHORE GENERATOR INC, ,,EAST WAREHAM,MA ,02538,USA,,508-295-7336,"Financing,Sales,Service,Up To 600kW,Mobile/Diesel/Gas,"
11247,Industrial/Commercial Sales & Service,00111207431002,WARSHAUER ELECTRIC SUPPLY CO INC, 800 SHREWSBURY AVE,,TINTON FALLS,NJ ,07724,USA,www.warshauer.com,732-741-6400,"Service,"
11247,Industrial/Commercial Sales & Service,00010157021002,Mechanical Service Co, 1145 Oak St.,,Pittston,PA ,18640,USA,,570-654-2445,"Service,"
11249,Industrial/Commercial Sales & Service,00010214161002,"R.L. Kistler, Inc", 300 Mile Crossing Blvd.,,Rochester,NY ,14624,USA,rlkistler.com,585-436-1940,"Sales,"
11249,Industrial/Commercial Sales & Service,00010214161002,"R.L. KISTLER, INC.", 35 HAMILTON LANE,,GLENMONT,NY ,12077,USA,,585-436-1940,"Sales,Service,"
11249,Industrial/Commercial Sales & Service,00010001611002,Huntington Power, 230 Long Hill Cross Rd,,Shelton,CT ,06484,USA,www.huntingtonpower.com,203-929-3203,"Sales,Service,Up To 2MW,Mobile/Diesel/Gas,Training,Rental,"
11249,Industrial/Commercial Sales & Service,00010214161002,"R.L. Kistler, Inc", 5615 Business Ave.,,N. Syracuse,NY ,13208,USA,,315-458-2875,"Sales,"
11249,Industrial/Commercial Sales & Service,00010214161002,"R.L. Kistler, Inc", 5615 Business Ave.,,N. Syracuse,NY ,13208,USA,,315-458-2875,"Sales,"
11249,Industrial/Commercial Sales & Service,00010001611002,Huntington Power, 68 Enter Ln,,Islandia,NY ,11749,USA,,631-563-4943,"Sales,Service,Up To 2MW,Mobile/Diesel/Gas,"
11249,Industrial/Commercial Sales & Service,00010001611002,Huntington Power, 34 E DUDLEY TOWN RD.,,BLOOMFIELD,CT ,06002,USA,,860-289-8790,"Sales,Service,Rental,"
11249,Industrial/Commercial Sales & Service,00010208021002,Modern Group Power Systems, 2501 Durham Road,,Bristol,PA ,19007,USA,www.moderngroup.com,800-404-7291,"Sales,Service,Up To 2MW,Mobile/Diesel/Gas,Training,Rental,"
11249,Industrial/Commercial Sales & Service,00010001731002,Authorized Services Of New England, 410 Forest Street,,Marlborough,MA ,01752,USA,www.asne.com,888-890-9886,"Financing,Sales,Service,Up To 2MW,Mobile/Diesel/Gas,Training,Rental,"
11249,Industrial/Commercial Sales & Service,00010008091002,MODERN HANDLING EQUIP, 75 NEW STREET,,EDISON,NJ ,08837,USA,www.moderngroup.com,800-779-5116,"Sales,Service,Up To 2MW,Mobile/Diesel/Gas,"
11249,Industrial/Commercial Sales & Service,00010208021002,Modern Group Power Systems, 200 Allied Parkway,,West Berlin,NJ ,08091,USA,,800-404-7291,"Sales,Service,Up To 2MW,Mobile/Diesel/Gas,"
11249,Industrial/Commercial Sales & Service,00010208021002,Modern Group Power Systems, 6352 Chapmans Rd,,Allentown,PA ,18106,USA,,800-404-7291,"Sales,Service,Up To 2MW,Mobile/Diesel/Gas,"
11249,Industrial/Commercial Sales & Service,00010208021002,Modern Group Power Systems, 295 New Commerce Blvd.,,Wilkes Barre,PA ,18706,USA,,800-404-7291,"Sales,Service,Up To 2MW,Mobile/Diesel/Gas,"
11249,Industrial/Commercial Sales & Service,00010208021002,Modern Group Power Systems, 66A South Gate Blvd.,,New Castle,DE ,19720,USA,,800-404-7291,"Sales,Service,Up To 2MW,Mobile/Diesel/Gas,"
11249,Industrial/Commercial Sales & Service,00010000931002,"EMERGENCY POWER SYSTEMS, LLC", 35 HAMILTON LANE,,GLENMONT,NY ,12077,USA,,800-914-1465,"Service,Up To 2MW,Mobile/Diesel/Gas,"
11249,Industrial/Commercial Sales & Service,00010000931002,"EMERGENCY POWER SYSTEMS, LLC", 35 HAMILTON LANE,,GLENMONT,NY ,12077,USA,,800-914-1465,"Service,"
11249,Industrial/Commercial Sales & Service,00010208021002,Modern Group Power Systems, 3480 Board Road,,York,PA ,17402,USA,,800-404-7291,"Sales,Service,Up To 2MW,Mobile/Diesel/Gas,"
11249,Industrial/Commercial Sales & Service,00010001731002,AUTHORIZED SERVICES OF NEW ENGLAND, 410 FOREST STREET,,MARLBOROUGH,MA ,01752,USA,,888-890-9886,"Sales,"
11249,Industrial/Commercial Sales & Service,00010001691002,Kelly Generator & Equipment, 1955 Dale Ln,,Owings,MD ,20736,USA,www.kge.com,410-257-5225,"Sales,Service,Up To 2MW,Mobile/Diesel/Gas,Training,Rental,"
11249,Industrial/Commercial Sales & Service,00010001761002,"GENSERVE, INC.", 100 NEWTOWN RD,,PLAINVIEW,NY ,11803,USA,www.genserveinc.com,631-435-0437,"Service,"
11249,Industrial/Commercial Sales & Service,00111209521002,LONG ISLAND EMERGENCY POWER -QO, 2 Ocean Avenue,,DEER PARK,NY ,11729,USA,,631-586-7513,"Sales,"
11249,Industrial/Commercial Sales & Service,00010139211002,POWERPRO SERVICE CO. INC., 608 JOHNSON AVE. UNIT 6,,BOHEMIA,NY ,11716,USA,,631-567-2700,"Sales,Service,Up To 600kW,Mobile/Diesel/Gas,"
11249,Industrial/Commercial Sales & Service,00010134071002,PEAK POWER SYSTEMS, 99 SPRAGUE AVENUE,,MIDDLETOWN,NY ,10940,USA,www.peakpowersystems.com,845-344-1975,"Sales,Service,Up To 600kW,Mobile/Diesel/Gas,Rental,"
11249,Industrial/Commercial Sales & Service,00111209531002,HUNTINGTON POWER - LONG ISLAND, PO BOX 2040,,SHELTON,CT ,06484,USA,,631-586-7513,"Sales,"
11249,Industrial/Commercial Sales & Service,00010001761002,"GENSERVE, INC.", 115A TWINBRIDGE DR.,,PENNSAUKEN,NJ ,08110,USA,www.genserveinc.com,856-324-0459,"Service,"
11249,Industrial/Commercial Sales & Service,00111184131002,HUNTER & LOMISON, 1956 W FOURTH ST,,WILLIAMSPORT,PA ,17701,USA,www.hunterlomison.com,570-326-1764,"Sales,Service,Up To 600kW,Mobile/Diesel/Gas,Rental,"
11249,Industrial/Commercial Sales & Service,00010000881002,HUNTER & LOMISON INC., 1956 W. 4TH STREET,,WILLIAMSPORT,PA ,17701,USA,www.hunterlomison.com,570-326-1764,"Service,Up To 600kW,Mobile/Diesel/Gas,"
11249,Industrial/Commercial Sales & Service,00010001621002,BROOKFIELD SERVICE, 708 GLEBE ROAD,,WESTMORELAND,NH ,03467,USA,www.brookfieldservice.com,802-485-6567,"Service,Up To 600kW,Mobile/Diesel/Gas,"
11249,Industrial/Commercial Sales & Service,00010021101002,SOUTH SHORE GENERATOR INC-Quote, 2696A CRANBERRY HWY,,WAREHAM,MA ,02571,USA,,508-295-7336,"Sales,Service,Up To 600kW,Mobile/Diesel/Gas,"
11249,Industrial/Commercial Sales & Service,00010001701002,SOUTH SHORE GENERATOR INC, ,,EAST WAREHAM,MA ,02538,USA,,508-295-7336,"Financing,Sales,Service,Up To 600kW,Mobile/Diesel/Gas,"
11249,Industrial/Commercial Sales & Service,00111207431002,WARSHAUER ELECTRIC SUPPLY CO INC, 800 SHREWSBURY AVE,,TINTON FALLS,NJ ,07724,USA,www.warshauer.com,732-741-6400,"Service,"
11249,Industrial/Commercial Sales & Service,00010157021002,Mechanical Service Co, 1145 Oak St.,,Pittston,PA ,18640,USA,,570-654-2445,"Service,"
11251,Industrial/Commercial Sales & Service,00010001611002,Huntington Power, 230 Long Hill Cross Rd,,Shelton,CT ,06484,USA,www.huntingtonpower.com,203-929-3203,"Sales,Service,Up To 2MW,Mobile/Diesel/Gas,Training,Rental,"
11251,Industrial/Commercial Sales & Service,00010214161002,"R.L. KISTLER, INC.", 35 HAMILTON LANE,,GLENMONT,NY ,12077,USA,,585-436-1940,"Sales,Service,"
11251,Industrial/Commercial Sales & Service,00010214161002,"R.L. Kistler, Inc", 300 Mile Crossing Blvd.,,Rochester,NY ,14624,USA,rlkistler.com,585-436-1940,"Sales,"
11251,Industrial/Commercial Sales & Service,00010001611002,Huntington Power, 68 Enter Ln,,Islandia,NY ,11749,USA,,631-563-4943,"Sales,Service,Up To 2MW,Mobile/Diesel/Gas,"
11251,Industrial/Commercial Sales & Service,00010001611002,Huntington Power, 34 E DUDLEY TOWN RD.,,BLOOMFIELD,CT ,06002,USA,,860-289-8790,"Sales,Service,Rental,"
11251,Industrial/Commercial Sales & Service,00010214161002,"R.L. Kistler, Inc", 5615 Business Ave.,,N. Syracuse,NY ,13208,USA,,315-458-2875,"Sales,"
11251,Industrial/Commercial Sales & Service,00010214161002,"R.L. Kistler, Inc", 5615 Business Ave.,,N. Syracuse,NY ,13208,USA,,315-458-2875,"Sales,"
11251,Industrial/Commercial Sales & Service,00010208021002,Modern Group Power Systems, 2501 Durham Road,,Bristol,PA ,19007,USA,www.moderngroup.com,800-404-7291,"Sales,Service,Up To 2MW,Mobile/Diesel/Gas,Training,Rental,"
11251,Industrial/Commercial Sales & Service,00010001731002,Authorized Services Of New England, 410 Forest Street,,Marlborough,MA ,01752,USA,www.asne.com,888-890-9886,"Financing,Sales,Service,Up To 2MW,Mobile/Diesel/Gas,Training,Rental,"
11251,Industrial/Commercial Sales & Service,00010008091002,MODERN HANDLING EQUIP, 75 NEW STREET,,EDISON,NJ ,08837,USA,www.moderngroup.com,800-779-5116,"Sales,Service,Up To 2MW,Mobile/Diesel/Gas,"
11251,Industrial/Commercial Sales & Service,00010208021002,Modern Group Power Systems, 200 Allied Parkway,,West Berlin,NJ ,08091,USA,,800-404-7291,"Sales,Service,Up To 2MW,Mobile/Diesel/Gas,"
11251,Industrial/Commercial Sales & Service,00010208021002,Modern Group Power Systems, 6352 Chapmans Rd,,Allentown,PA ,18106,USA,,800-404-7291,"Sales,Service,Up To 2MW,Mobile/Diesel/Gas,"
11251,Industrial/Commercial Sales & Service,00010208021002,Modern Group Power Systems, 295 New Commerce Blvd.,,Wilkes Barre,PA ,18706,USA,,800-404-7291,"Sales,Service,Up To 2MW,Mobile/Diesel/Gas,"
11251,Industrial/Commercial Sales & Service,00010208021002,Modern Group Power Systems, 66A South Gate Blvd.,,New Castle,DE ,19720,USA,,800-404-7291,"Sales,Service,Up To 2MW,Mobile/Diesel/Gas,"
11251,Industrial/Commercial Sales & Service,00010000931002,"EMERGENCY POWER SYSTEMS, LLC", 35 HAMILTON LANE,,GLENMONT,NY ,12077,USA,,800-914-1465,"Service,Up To 2MW,Mobile/Diesel/Gas,"
11251,Industrial/Commercial Sales & Service,00010000931002,"EMERGENCY POWER SYSTEMS, LLC", 35 HAMILTON LANE,,GLENMONT,NY ,12077,USA,,800-914-1465,"Service,"
11251,Industrial/Commercial Sales & Service,00010208021002,Modern Group Power Systems, 3480 Board Road,,York,PA ,17402,USA,,800-404-7291,"Sales,Service,Up To 2MW,Mobile/Diesel/Gas,"
11251,Industrial/Commercial Sales & Service,00010001731002,AUTHORIZED SERVICES OF NEW ENGLAND, 410 FOREST STREET,,MARLBOROUGH,MA ,01752,USA,,888-890-9886,"Sales,"
11251,Industrial/Commercial Sales & Service,00010001691002,Kelly Generator & Equipment, 1955 Dale Ln,,Owings,MD ,20736,USA,www.kge.com,410-257-5225,"Sales,Service,Up To 2MW,Mobile/Diesel/Gas,Training,Rental,"
11251,Industrial/Commercial Sales & Service,00010001761002,"GENSERVE, INC.", 100 NEWTOWN RD,,PLAINVIEW,NY ,11803,USA,www.genserveinc.com,631-435-0437,"Service,"
11251,Industrial/Commercial Sales & Service,00111209521002,LONG ISLAND EMERGENCY POWER -QO, 2 Ocean Avenue,,DEER PARK,NY ,11729,USA,,631-586-7513,"Sales,"
11251,Industrial/Commercial Sales & Service,00010139211002,POWERPRO SERVICE CO. INC., 608 JOHNSON AVE. UNIT 6,,BOHEMIA,NY ,11716,USA,,631-567-2700,"Sales,Service,Up To 600kW,Mobile/Diesel/Gas,"
11251,Industrial/Commercial Sales & Service,00010134071002,PEAK POWER SYSTEMS, 99 SPRAGUE AVENUE,,MIDDLETOWN,NY ,10940,USA,www.peakpowersystems.com,845-344-1975,"Sales,Service,Up To 600kW,Mobile/Diesel/Gas,Rental,"
11251,Industrial/Commercial Sales & Service,00111209531002,HUNTINGTON POWER - LONG ISLAND, PO BOX 2040,,SHELTON,CT ,06484,USA,,631-586-7513,"Sales,"
11251,Industrial/Commercial Sales & Service,00010001761002,"GENSERVE, INC.", 115A TWINBRIDGE DR.,,PENNSAUKEN,NJ ,08110,USA,www.genserveinc.com,856-324-0459,"Service,"
11251,Industrial/Commercial Sales & Service,00111184131002,HUNTER & LOMISON, 1956 W FOURTH ST,,WILLIAMSPORT,PA ,17701,USA,www.hunterlomison.com,570-326-1764,"Sales,Service,Up To 600kW,Mobile/Diesel/Gas,Rental,"
11251,Industrial/Commercial Sales & Service,00010000881002,HUNTER & LOMISON INC., 1956 W. 4TH STREET,,WILLIAMSPORT,PA ,17701,USA,www.hunterlomison.com,570-326-1764,"Service,Up To 600kW,Mobile/Diesel/Gas,"
11251,Industrial/Commercial Sales & Service,00010001621002,BROOKFIELD SERVICE, 708 GLEBE ROAD,,WESTMORELAND,NH ,03467,USA,www.brookfieldservice.com,802-485-6567,"Service,Up To 600kW,Mobile/Diesel/Gas,"
11251,Industrial/Commercial Sales & Service,00010021101002,SOUTH SHORE GENERATOR INC-Quote, 2696A CRANBERRY HWY,,WAREHAM,MA ,02571,USA,,508-295-7336,"Sales,Service,Up To 600kW,Mobile/Diesel/Gas,"
11251,Industrial/Commercial Sales & Service,00010001701002,SOUTH SHORE GENERATOR INC, ,,EAST WAREHAM,MA ,02538,USA,,508-295-7336,"Financing,Sales,Service,Up To 600kW,Mobile/Diesel/Gas,"
11251,Industrial/Commercial Sales & Service,00111207431002,WARSHAUER ELECTRIC SUPPLY CO INC, 800 SHREWSBURY AVE,,TINTON FALLS,NJ ,07724,USA,www.warshauer.com,732-741-6400,"Service,"
11251,Industrial/Commercial Sales & Service,00010157021002,Mechanical Service Co, 1145 Oak St.,,Pittston,PA ,18640,USA,,570-654-2445,"Service,"
11252,Industrial/Commercial Sales & Service,00010214161002,"R.L. Kistler, Inc", 300 Mile Crossing Blvd.,,Rochester,NY ,14624,USA,rlkistler.com,585-436-1940,"Sales,"
11252,Industrial/Commercial Sales & Service,00010214161002,"R.L. KISTLER, INC.", 35 HAMILTON LANE,,GLENMONT,NY ,12077,USA,,585-436-1940,"Sales,Service,"
11252,Industrial/Commercial Sales & Service,00010001611002,Huntington Power, 230 Long Hill Cross Rd,,Shelton,CT ,06484,USA,www.huntingtonpower.com,203-929-3203,"Sales,Service,Up To 2MW,Mobile/Diesel/Gas,Training,Rental,"
11252,Industrial/Commercial Sales & Service,00010214161002,"R.L. Kistler, Inc", 5615 Business Ave.,,N. Syracuse,NY ,13208,USA,,315-458-2875,"Sales,"
11252,Industrial/Commercial Sales & Service,00010214161002,"R.L. Kistler, Inc", 5615 Business Ave.,,N. Syracuse,NY ,13208,USA,,315-458-2875,"Sales,"
11252,Industrial/Commercial Sales & Service,00010001611002,Huntington Power, 68 Enter Ln,,Islandia,NY ,11749,USA,,631-563-4943,"Sales,Service,Up To 2MW,Mobile/Diesel/Gas,"
11252,Industrial/Commercial Sales & Service,00010001611002,Huntington Power, 34 E DUDLEY TOWN RD.,,BLOOMFIELD,CT ,06002,USA,,860-289-8790,"Sales,Service,Rental,"
11252,Industrial/Commercial Sales & Service,00010208021002,Modern Group Power Systems, 2501 Durham Road,,Bristol,PA ,19007,USA,www.moderngroup.com,800-404-7291,"Sales,Service,Up To 2MW,Mobile/Diesel/Gas,Training,Rental,"
11252,Industrial/Commercial Sales & Service,00010001731002,Authorized Services Of New England, 410 Forest Street,,Marlborough,MA ,01752,USA,www.asne.com,888-890-9886,"Financing,Sales,Service,Up To 2MW,Mobile/Diesel/Gas,Training,Rental,"
11252,Industrial/Commercial Sales & Service,00010008091002,MODERN HANDLING EQUIP, 75 NEW STREET,,EDISON,NJ ,08837,USA,www.moderngroup.com,800-779-5116,"Sales,Service,Up To 2MW,Mobile/Diesel/Gas,"
11252,Industrial/Commercial Sales & Service,00010208021002,Modern Group Power Systems, 200 Allied Parkway,,West Berlin,NJ ,08091,USA,,800-404-7291,"Sales,Service,Up To 2MW,Mobile/Diesel/Gas,"
11252,Industrial/Commercial Sales & Service,00010208021002,Modern Group Power Systems, 6352 Chapmans Rd,,Allentown,PA ,18106,USA,,800-404-7291,"Sales,Service,Up To 2MW,Mobile/Diesel/Gas,"
11252,Industrial/Commercial Sales & Service,00010208021002,Modern Group Power Systems, 66A South Gate Blvd.,,New Castle,DE ,19720,USA,,800-404-7291,"Sales,Service,Up To 2MW,Mobile/Diesel/Gas,"
11252,Industrial/Commercial Sales & Service,00010208021002,Modern Group Power Systems, 295 New Commerce Blvd.,,Wilkes Barre,PA ,18706,USA,,800-404-7291,"Sales,Service,Up To 2MW,Mobile/Diesel/Gas,"
11252,Industrial/Commercial Sales & Service,00010000931002,"EMERGENCY POWER SYSTEMS, LLC", 35 HAMILTON LANE,,GLENMONT,NY ,12077,USA,,800-914-1465,"Service,Up To 2MW,Mobile/Diesel/Gas,"
11252,Industrial/Commercial Sales & Service,00010000931002,"EMERGENCY POWER SYSTEMS, LLC", 35 HAMILTON LANE,,GLENMONT,NY ,12077,USA,,800-914-1465,"Service,"
11252,Industrial/Commercial Sales & Service,00010208021002,Modern Group Power Systems, 3480 Board Road,,York,PA ,17402,USA,,800-404-7291,"Sales,Service,Up To 2MW,Mobile/Diesel/Gas,"
11252,Industrial/Commercial Sales & Service,00010001731002,AUTHORIZED SERVICES OF NEW ENGLAND, 410 FOREST STREET,,MARLBOROUGH,MA ,01752,USA,,888-890-9886,"Sales,"
11252,Industrial/Commercial Sales & Service,00010001691002,Kelly Generator & Equipment, 1955 Dale Ln,,Owings,MD ,20736,USA,www.kge.com,410-257-5225,"Sales,Service,Up To 2MW,Mobile/Diesel/Gas,Training,Rental,"
11252,Industrial/Commercial Sales & Service,00010001761002,"GENSERVE, INC.", 100 NEWTOWN RD,,PLAINVIEW,NY ,11803,USA,www.genserveinc.com,631-435-0437,"Service,"
11252,Industrial/Commercial Sales & Service,00111209521002,LONG ISLAND EMERGENCY POWER -QO, 2 Ocean Avenue,,DEER PARK,NY ,11729,USA,,631-586-7513,"Sales,"
11252,Industrial/Commercial Sales & Service,00010139211002,POWERPRO SERVICE CO. INC., 608 JOHNSON AVE. UNIT 6,,BOHEMIA,NY ,11716,USA,,631-567-2700,"Sales,Service,Up To 600kW,Mobile/Diesel/Gas,"
11252,Industrial/Commercial Sales & Service,00010134071002,PEAK POWER SYSTEMS, 99 SPRAGUE AVENUE,,MIDDLETOWN,NY ,10940,USA,www.peakpowersystems.com,845-344-1975,"Sales,Service,Up To 600kW,Mobile/Diesel/Gas,Rental,"
11252,Industrial/Commercial Sales & Service,00111209531002,HUNTINGTON POWER - LONG ISLAND, PO BOX 2040,,SHELTON,CT ,06484,USA,,631-586-7513,"Sales,"
11252,Industrial/Commercial Sales & Service,00010001761002,"GENSERVE, INC.", 115A TWINBRIDGE DR.,,PENNSAUKEN,NJ ,08110,USA,www.genserveinc.com,856-324-0459,"Service,"
11252,Industrial/Commercial Sales & Service,00111184131002,HUNTER & LOMISON, 1956 W FOURTH ST,,WILLIAMSPORT,PA ,17701,USA,www.hunterlomison.com,570-326-1764,"Sales,Service,Up To 600kW,Mobile/Diesel/Gas,Rental,"
11252,Industrial/Commercial Sales & Service,00010000881002,HUNTER & LOMISON INC., 1956 W. 4TH STREET,,WILLIAMSPORT,PA ,17701,USA,www.hunterlomison.com,570-326-1764,"Service,Up To 600kW,Mobile/Diesel/Gas,"
11252,Industrial/Commercial Sales & Service,00010001621002,BROOKFIELD SERVICE, 708 GLEBE ROAD,,WESTMORELAND,NH ,03467,USA,www.brookfieldservice.com,802-485-6567,"Service,Up To 600kW,Mobile/Diesel/Gas,"
11252,Industrial/Commercial Sales & Service,00010021101002,SOUTH SHORE GENERATOR INC-Quote, 2696A CRANBERRY HWY,,WAREHAM,MA ,02571,USA,,508-295-7336,"Sales,Service,Up To 600kW,Mobile/Diesel/Gas,"
11252,Industrial/Commercial Sales & Service,00010001701002,SOUTH SHORE GENERATOR INC, ,,EAST WAREHAM,MA ,02538,USA,,508-295-7336,"Financing,Sales,Service,Up To 600kW,Mobile/Diesel/Gas,"
11252,Industrial/Commercial Sales & Service,00111207431002,WARSHAUER ELECTRIC SUPPLY CO INC, 800 SHREWSBURY AVE,,TINTON FALLS,NJ ,07724,USA,www.warshauer.com,732-741-6400,"Service,"
11252,Industrial/Commercial Sales & Service,00010157021002,Mechanical Service Co, 1145 Oak St.,,Pittston,PA ,18640,USA,,570-654-2445,"Service,"
11256,Industrial/Commercial Sales & Service,00010214161002,"R.L. KISTLER, INC.", 35 HAMILTON LANE,,GLENMONT,NY ,12077,USA,,585-436-1940,"Sales,Service,"
11256,Industrial/Commercial Sales & Service,00010214161002,"R.L. Kistler, Inc", 300 Mile Crossing Blvd.,,Rochester,NY ,14624,USA,rlkistler.com,585-436-1940,"Sales,"
11256,Industrial/Commercial Sales & Service,00010001611002,Huntington Power, 230 Long Hill Cross Rd,,Shelton,CT ,06484,USA,www.huntingtonpower.com,203-929-3203,"Sales,Service,Up To 2MW,Mobile/Diesel/Gas,Training,Rental,"
11256,Industrial/Commercial Sales & Service,00010214161002,"R.L. Kistler, Inc", 5615 Business Ave.,,N. Syracuse,NY ,13208,USA,,315-458-2875,"Sales,"
11256,Industrial/Commercial Sales & Service,00010214161002,"R.L. Kistler, Inc", 5615 Business Ave.,,N. Syracuse,NY ,13208,USA,,315-458-2875,"Sales,"
11256,Industrial/Commercial Sales & Service,00010001611002,Huntington Power, 68 Enter Ln,,Islandia,NY ,11749,USA,,631-563-4943,"Sales,Service,Up To 2MW,Mobile/Diesel/Gas,"
11256,Industrial/Commercial Sales & Service,00010001611002,Huntington Power, 34 E DUDLEY TOWN RD.,,BLOOMFIELD,CT ,06002,USA,,860-289-8790,"Sales,Service,Rental,"
11256,Industrial/Commercial Sales & Service,00010208021002,Modern Group Power Systems, 2501 Durham Road,,Bristol,PA ,19007,USA,www.moderngroup.com,800-404-7291,"Sales,Service,Up To 2MW,Mobile/Diesel/Gas,Training,Rental,"
11256,Industrial/Commercial Sales & Service,00010001731002,Authorized Services Of New England, 410 Forest Street,,Marlborough,MA ,01752,USA,www.asne.com,888-890-9886,"Financing,Sales,Service,Up To 2MW,Mobile/Diesel/Gas,Training,Rental,"
11256,Industrial/Commercial Sales & Service,00010008091002,MODERN HANDLING EQUIP, 75 NEW STREET,,EDISON,NJ ,08837,USA,www.moderngroup.com,800-779-5116,"Sales,Service,Up To 2MW,Mobile/Diesel/Gas,"
11256,Industrial/Commercial Sales & Service,00010208021002,Modern Group Power Systems, 200 Allied Parkway,,West Berlin,NJ ,08091,USA,,800-404-7291,"Sales,Service,Up To 2MW,Mobile/Diesel/Gas,"
11256,Industrial/Commercial Sales & Service,00010208021002,Modern Group Power Systems, 6352 Chapmans Rd,,Allentown,PA ,18106,USA,,800-404-7291,"Sales,Service,Up To 2MW,Mobile/Diesel/Gas,"
11256,Industrial/Commercial Sales & Service,00010208021002,Modern Group Power Systems, 295 New Commerce Blvd.,,Wilkes Barre,PA ,18706,USA,,800-404-7291,"Sales,Service,Up To 2MW,Mobile/Diesel/Gas,"
11256,Industrial/Commercial Sales & Service,00010208021002,Modern Group Power Systems, 66A South Gate Blvd.,,New Castle,DE ,19720,USA,,800-404-7291,"Sales,Service,Up To 2MW,Mobile/Diesel/Gas,"
11256,Industrial/Commercial Sales & Service,00010000931002,"EMERGENCY POWER SYSTEMS, LLC", 35 HAMILTON LANE,,GLENMONT,NY ,12077,USA,,800-914-1465,"Service,Up To 2MW,Mobile/Diesel/Gas,"
11256,Industrial/Commercial Sales & Service,00010000931002,"EMERGENCY POWER SYSTEMS, LLC", 35 HAMILTON LANE,,GLENMONT,NY ,12077,USA,,800-914-1465,"Service,"
11256,Industrial/Commercial Sales & Service,00010208021002,Modern Group Power Systems, 3480 Board Road,,York,PA ,17402,USA,,800-404-7291,"Sales,Service,Up To 2MW,Mobile/Diesel/Gas,"
11256,Industrial/Commercial Sales & Service,00010001731002,AUTHORIZED SERVICES OF NEW ENGLAND, 410 FOREST STREET,,MARLBOROUGH,MA ,01752,USA,,888-890-9886,"Sales,"
11256,Industrial/Commercial Sales & Service,00010001691002,Kelly Generator & Equipment, 1955 Dale Ln,,Owings,MD ,20736,USA,www.kge.com,410-257-5225,"Sales,Service,Up To 2MW,Mobile/Diesel/Gas,Training,Rental,"
11256,Industrial/Commercial Sales & Service,00010001761002,"GENSERVE, INC.", 100 NEWTOWN RD,,PLAINVIEW,NY ,11803,USA,www.genserveinc.com,631-435-0437,"Service,"
11256,Industrial/Commercial Sales & Service,00111209521002,LONG ISLAND EMERGENCY POWER -QO, 2 Ocean Avenue,,DEER PARK,NY ,11729,USA,,631-586-7513,"Sales,"
11256,Industrial/Commercial Sales & Service,00010139211002,POWERPRO SERVICE CO. INC., 608 JOHNSON AVE. UNIT 6,,BOHEMIA,NY ,11716,USA,,631-567-2700,"Sales,Service,Up To 600kW,Mobile/Diesel/Gas,"
11256,Industrial/Commercial Sales & Service,00010134071002,PEAK POWER SYSTEMS, 99 SPRAGUE AVENUE,,MIDDLETOWN,NY ,10940,USA,www.peakpowersystems.com,845-344-1975,"Sales,Service,Up To 600kW,Mobile/Diesel/Gas,Rental,"
11256,Industrial/Commercial Sales & Service,00111209531002,HUNTINGTON POWER - LONG ISLAND, PO BOX 2040,,SHELTON,CT ,06484,USA,,631-586-7513,"Sales,"
11256,Industrial/Commercial Sales & Service,00010001761002,"GENSERVE, INC.", 115A TWINBRIDGE DR.,,PENNSAUKEN,NJ ,08110,USA,www.genserveinc.com,856-324-0459,"Service,"
11256,Industrial/Commercial Sales & Service,00111184131002,HUNTER & LOMISON, 1956 W FOURTH ST,,WILLIAMSPORT,PA ,17701,USA,www.hunterlomison.com,570-326-1764,"Sales,Service,Up To 600kW,Mobile/Diesel/Gas,Rental,"
11256,Industrial/Commercial Sales & Service,00010000881002,HUNTER & LOMISON INC., 1956 W. 4TH STREET,,WILLIAMSPORT,PA ,17701,USA,www.hunterlomison.com,570-326-1764,"Service,Up To 600kW,Mobile/Diesel/Gas,"
11256,Industrial/Commercial Sales & Service,00010001621002,BROOKFIELD SERVICE, 708 GLEBE ROAD,,WESTMORELAND,NH ,03467,USA,www.brookfieldservice.com,802-485-6567,"Service,Up To 600kW,Mobile/Diesel/Gas,"
11256,Industrial/Commercial Sales & Service,00010021101002,SOUTH SHORE GENERATOR INC-Quote, 2696A CRANBERRY HWY,,WAREHAM,MA ,02571,USA,,508-295-7336,"Sales,Service,Up To 600kW,Mobile/Diesel/Gas,"
11256,Industrial/Commercial Sales & Service,00010001701002,SOUTH SHORE GENERATOR INC, ,,EAST WAREHAM,MA ,02538,USA,,508-295-7336,"Financing,Sales,Service,Up To 600kW,Mobile/Diesel/Gas,"
11256,Industrial/Commercial Sales & Service,00111207431002,WARSHAUER ELECTRIC SUPPLY CO INC, 800 SHREWSBURY AVE,,TINTON FALLS,NJ ,07724,USA,www.warshauer.com,732-741-6400,"Service,"
11256,Industrial/Commercial Sales & Service,00010157021002,Mechanical Service Co, 1145 Oak St.,,Pittston,PA ,18640,USA,,570-654-2445,"Service,"
11351,Industrial/Commercial Sales & Service,00010214161002,"R.L. KISTLER, INC.", 35 HAMILTON LANE,,GLENMONT,NY ,12077,USA,,585-436-1940,"Sales,Service,"
11351,Industrial/Commercial Sales & Service,00010001611002,Huntington Power, 230 Long Hill Cross Rd,,Shelton,CT ,06484,USA,www.huntingtonpower.com,203-929-3203,"Sales,Service,Up To 2MW,Mobile/Diesel/Gas,Training,Rental,"
11351,Industrial/Commercial Sales & Service,00010214161002,"R.L. Kistler, Inc", 300 Mile Crossing Blvd.,,Rochester,NY ,14624,USA,rlkistler.com,585-436-1940,"Sales,"
11351,Industrial/Commercial Sales & Service,00010214161002,"R.L. Kistler, Inc", 5615 Business Ave.,,N. Syracuse,NY ,13208,USA,,315-458-2875,"Sales,"
11351,Industrial/Commercial Sales & Service,00010001611002,Huntington Power, 68 Enter Ln,,Islandia,NY ,11749,USA,,631-563-4943,"Sales,Service,Up To 2MW,Mobile/Diesel/Gas,"
11351,Industrial/Commercial Sales & Service,00010001611002,Huntington Power, 34 E DUDLEY TOWN RD.,,BLOOMFIELD,CT ,06002,USA,,860-289-8790,"Sales,Service,Rental,"
11351,Industrial/Commercial Sales & Service,00010214161002,"R.L. Kistler, Inc", 5615 Business Ave.,,N. Syracuse,NY ,13208,USA,,315-458-2875,"Sales,"
11351,Industrial/Commercial Sales & Service,00010208021002,Modern Group Power Systems, 2501 Durham Road,,Bristol,PA ,19007,USA,www.moderngroup.com,800-404-7291,"Sales,Service,Up To 2MW,Mobile/Diesel/Gas,Training,Rental,"
11351,Industrial/Commercial Sales & Service,00010001731002,Authorized Services Of New England, 410 Forest Street,,Marlborough,MA ,01752,USA,www.asne.com,888-890-9886,"Financing,Sales,Service,Up To 2MW,Mobile/Diesel/Gas,Training,Rental,"
11351,Industrial/Commercial Sales & Service,00010008091002,MODERN HANDLING EQUIP, 75 NEW STREET,,EDISON,NJ ,08837,USA,www.moderngroup.com,800-779-5116,"Sales,Service,Up To 2MW,Mobile/Diesel/Gas,"
11351,Industrial/Commercial Sales & Service,00010208021002,Modern Group Power Systems, 200 Allied Parkway,,West Berlin,NJ ,08091,USA,,800-404-7291,"Sales,Service,Up To 2MW,Mobile/Diesel/Gas,"
11351,Industrial/Commercial Sales & Service,00010208021002,Modern Group Power Systems, 6352 Chapmans Rd,,Allentown,PA ,18106,USA,,800-404-7291,"Sales,Service,Up To 2MW,Mobile/Diesel/Gas,"
11351,Industrial/Commercial Sales & Service,00010208021002,Modern Group Power Systems, 295 New Commerce Blvd.,,Wilkes Barre,PA ,18706,USA,,800-404-7291,"Sales,Service,Up To 2MW,Mobile/Diesel/Gas,"
11351,Industrial/Commercial Sales & Service,00010208021002,Modern Group Power Systems, 66A South Gate Blvd.,,New Castle,DE ,19720,USA,,800-404-7291,"Sales,Service,Up To 2MW,Mobile/Diesel/Gas,"
11351,Industrial/Commercial Sales & Service,00010000931002,"EMERGENCY POWER SYSTEMS, LLC", 35 HAMILTON LANE,,GLENMONT,NY ,12077,USA,,800-914-1465,"Service,Up To 2MW,Mobile/Diesel/Gas,"
11351,Industrial/Commercial Sales & Service,00010000931002,"EMERGENCY POWER SYSTEMS, LLC", 35 HAMILTON LANE,,GLENMONT,NY ,12077,USA,,800-914-1465,"Service,"
11351,Industrial/Commercial Sales & Service,00010001731002,AUTHORIZED SERVICES OF NEW ENGLAND, 410 FOREST STREET,,MARLBOROUGH,MA ,01752,USA,,888-890-9886,"Sales,"
11351,Industrial/Commercial Sales & Service,00010208021002,Modern Group Power Systems, 3480 Board Road,,York,PA ,17402,USA,,800-404-7291,"Sales,Service,Up To 2MW,Mobile/Diesel/Gas,"
11351,Industrial/Commercial Sales & Service,00010001761002,"GENSERVE, INC.", 100 NEWTOWN RD,,PLAINVIEW,NY ,11803,USA,www.genserveinc.com,631-435-0437,"Service,"
11351,Industrial/Commercial Sales & Service,00111209521002,LONG ISLAND EMERGENCY POWER -QO, 2 Ocean Avenue,,DEER PARK,NY ,11729,USA,,631-586-7513,"Sales,"
11351,Industrial/Commercial Sales & Service,00010139211002,POWERPRO SERVICE CO. INC., 608 JOHNSON AVE. UNIT 6,,BOHEMIA,NY ,11716,USA,,631-567-2700,"Sales,Service,Up To 600kW,Mobile/Diesel/Gas,"
11351,Industrial/Commercial Sales & Service,00111209531002,HUNTINGTON POWER - LONG ISLAND, PO BOX 2040,,SHELTON,CT ,06484,USA,,631-586-7513,"Sales,"
11351,Industrial/Commercial Sales & Service,00010134071002,PEAK POWER SYSTEMS, 99 SPRAGUE AVENUE,,MIDDLETOWN,NY ,10940,USA,www.peakpowersystems.com,845-344-1975,"Sales,Service,Up To 600kW,Mobile/Diesel/Gas,Rental,"
11351,Industrial/Commercial Sales & Service,00010001761002,"GENSERVE, INC.", 115A TWINBRIDGE DR.,,PENNSAUKEN,NJ ,08110,USA,www.genserveinc.com,856-324-0459,"Service,"
11351,Industrial/Commercial Sales & Service,00010001621002,BROOKFIELD SERVICE, 708 GLEBE ROAD,,WESTMORELAND,NH ,03467,USA,www.brookfieldservice.com,802-485-6567,"Service,Up To 600kW,Mobile/Diesel/Gas,"
11351,Industrial/Commercial Sales & Service,00111184131002,HUNTER & LOMISON, 1956 W FOURTH ST,,WILLIAMSPORT,PA ,17701,USA,www.hunterlomison.com,570-326-1764,"Sales,Service,Up To 600kW,Mobile/Diesel/Gas,Rental,"
11351,Industrial/Commercial Sales & Service,00010000881002,HUNTER & LOMISON INC., 1956 W. 4TH STREET,,WILLIAMSPORT,PA ,17701,USA,www.hunterlomison.com,570-326-1764,"Service,Up To 600kW,Mobile/Diesel/Gas,"
11351,Industrial/Commercial Sales & Service,00010021101002,SOUTH SHORE GENERATOR INC-Quote, 2696A CRANBERRY HWY,,WAREHAM,MA ,02571,USA,,508-295-7336,"Sales,Service,Up To 600kW,Mobile/Diesel/Gas,"
11351,Industrial/Commercial Sales & Service,00010001701002,SOUTH SHORE GENERATOR INC, ,,EAST WAREHAM,MA ,02538,USA,,508-295-7336,"Financing,Sales,Service,Up To 600kW,Mobile/Diesel/Gas,"
11351,Industrial/Commercial Sales & Service,00111207431002,WARSHAUER ELECTRIC SUPPLY CO INC, 800 SHREWSBURY AVE,,TINTON FALLS,NJ ,07724,USA,www.warshauer.com,732-741-6400,"Service,"
11351,Industrial/Commercial Sales & Service,00010157021002,Mechanical Service Co, 1145 Oak St.,,Pittston,PA ,18640,USA,,570-654-2445,"Service,"
11352,Industrial/Commercial Sales & Service,00010214161002,"R.L. KISTLER, INC.", 35 HAMILTON LANE,,GLENMONT,NY ,12077,USA,,585-436-1940,"Sales,Service,"
11352,Industrial/Commercial Sales & Service,00010214161002,"R.L. Kistler, Inc", 300 Mile Crossing Blvd.,,Rochester,NY ,14624,USA,rlkistler.com,585-436-1940,"Sales,"
11352,Industrial/Commercial Sales & Service,00010001611002,Huntington Power, 230 Long Hill Cross Rd,,Shelton,CT ,06484,USA,www.huntingtonpower.com,203-929-3203,"Sales,Service,Up To 2MW,Mobile/Diesel/Gas,Training,Rental,"
11352,Industrial/Commercial Sales & Service,00010214161002,"R.L. Kistler, Inc", 5615 Business Ave.,,N. Syracuse,NY ,13208,USA,,315-458-2875,"Sales,"
11352,Industrial/Commercial Sales & Service,00010214161002,"R.L. Kistler, Inc", 5615 Business Ave.,,N. Syracuse,NY ,13208,USA,,315-458-2875,"Sales,"
11352,Industrial/Commercial Sales & Service,00010001611002,Huntington Power, 68 Enter Ln,,Islandia,NY ,11749,USA,,631-563-4943,"Sales,Service,Up To 2MW,Mobile/Diesel/Gas,"
11352,Industrial/Commercial Sales & Service,00010001611002,Huntington Power, 34 E DUDLEY TOWN RD.,,BLOOMFIELD,CT ,06002,USA,,860-289-8790,"Sales,Service,Rental,"
11352,Industrial/Commercial Sales & Service,00010208021002,Modern Group Power Systems, 2501 Durham Road,,Bristol,PA ,19007,USA,www.moderngroup.com,800-404-7291,"Sales,Service,Up To 2MW,Mobile/Diesel/Gas,Training,Rental,"
11352,Industrial/Commercial Sales & Service,00010001731002,Authorized Services Of New England, 410 Forest Street,,Marlborough,MA ,01752,USA,www.asne.com,888-890-9886,"Financing,Sales,Service,Up To 2MW,Mobile/Diesel/Gas,Training,Rental,"
11352,Industrial/Commercial Sales & Service,00010008091002,MODERN HANDLING EQUIP, 75 NEW STREET,,EDISON,NJ ,08837,USA,www.moderngroup.com,800-779-5116,"Sales,Service,Up To 2MW,Mobile/Diesel/Gas,"
11352,Industrial/Commercial Sales & Service,00010208021002,Modern Group Power Systems, 200 Allied Parkway,,West Berlin,NJ ,08091,USA,,800-404-7291,"Sales,Service,Up To 2MW,Mobile/Diesel/Gas,"
11352,Industrial/Commercial Sales & Service,00010208021002,Modern Group Power Systems, 6352 Chapmans Rd,,Allentown,PA ,18106,USA,,800-404-7291,"Sales,Service,Up To 2MW,Mobile/Diesel/Gas,"
11352,Industrial/Commercial Sales & Service,00010208021002,Modern Group Power Systems, 295 New Commerce Blvd.,,Wilkes Barre,PA ,18706,USA,,800-404-7291,"Sales,Service,Up To 2MW,Mobile/Diesel/Gas,"
11352,Industrial/Commercial Sales & Service,00010208021002,Modern Group Power Systems, 66A South Gate Blvd.,,New Castle,DE ,19720,USA,,800-404-7291,"Sales,Service,Up To 2MW,Mobile/Diesel/Gas,"
11352,Industrial/Commercial Sales & Service,00010000931002,"EMERGENCY POWER SYSTEMS, LLC", 35 HAMILTON LANE,,GLENMONT,NY ,12077,USA,,800-914-1465,"Service,Up To 2MW,Mobile/Diesel/Gas,"
11352,Industrial/Commercial Sales & Service,00010000931002,"EMERGENCY POWER SYSTEMS, LLC", 35 HAMILTON LANE,,GLENMONT,NY ,12077,USA,,800-914-1465,"Service,"
11352,Industrial/Commercial Sales & Service,00010208021002,Modern Group Power Systems, 3480 Board Road,,York,PA ,17402,USA,,800-404-7291,"Sales,Service,Up To 2MW,Mobile/Diesel/Gas,"
11352,Industrial/Commercial Sales & Service,00010001731002,AUTHORIZED SERVICES OF NEW ENGLAND, 410 FOREST STREET,,MARLBOROUGH,MA ,01752,USA,,888-890-9886,"Sales,"
11352,Industrial/Commercial Sales & Service,00010001761002,"GENSERVE, INC.", 100 NEWTOWN RD,,PLAINVIEW,NY ,11803,USA,www.genserveinc.com,631-435-0437,"Service,"
11352,Industrial/Commercial Sales & Service,00111209521002,LONG ISLAND EMERGENCY POWER -QO, 2 Ocean Avenue,,DEER PARK,NY ,11729,USA,,631-586-7513,"Sales,"
11352,Industrial/Commercial Sales & Service,00010139211002,POWERPRO SERVICE CO. INC., 608 JOHNSON AVE. UNIT 6,,BOHEMIA,NY ,11716,USA,,631-567-2700,"Sales,Service,Up To 600kW,Mobile/Diesel/Gas,"
11352,Industrial/Commercial Sales & Service,00111209531002,HUNTINGTON POWER - LONG ISLAND, PO BOX 2040,,SHELTON,CT ,06484,USA,,631-586-7513,"Sales,"
11352,Industrial/Commercial Sales & Service,00010134071002,PEAK POWER SYSTEMS, 99 SPRAGUE AVENUE,,MIDDLETOWN,NY ,10940,USA,www.peakpowersystems.com,845-344-1975,"Sales,Service,Up To 600kW,Mobile/Diesel/Gas,Rental,"
11352,Industrial/Commercial Sales & Service,00010001761002,"GENSERVE, INC.", 115A TWINBRIDGE DR.,,PENNSAUKEN,NJ ,08110,USA,www.genserveinc.com,856-324-0459,"Service,"
11352,Industrial/Commercial Sales & Service,00010001621002,BROOKFIELD SERVICE, 708 GLEBE ROAD,,WESTMORELAND,NH ,03467,USA,www.brookfieldservice.com,802-485-6567,"Service,Up To 600kW,Mobile/Diesel/Gas,"
11352,Industrial/Commercial Sales & Service,00111184131002,HUNTER & LOMISON, 1956 W FOURTH ST,,WILLIAMSPORT,PA ,17701,USA,www.hunterlomison.com,570-326-1764,"Sales,Service,Up To 600kW,Mobile/Diesel/Gas,Rental,"
11352,Industrial/Commercial Sales & Service,00010000881002,HUNTER & LOMISON INC., 1956 W. 4TH STREET,,WILLIAMSPORT,PA ,17701,USA,www.hunterlomison.com,570-326-1764,"Service,Up To 600kW,Mobile/Diesel/Gas,"
11352,Industrial/Commercial Sales & Service,00010021101002,SOUTH SHORE GENERATOR INC-Quote, 2696A CRANBERRY HWY,,WAREHAM,MA ,02571,USA,,508-295-7336,"Sales,Service,Up To 600kW,Mobile/Diesel/Gas,"
11352,Industrial/Commercial Sales & Service,00010001701002,SOUTH SHORE GENERATOR INC, ,,EAST WAREHAM,MA ,02538,USA,,508-295-7336,"Financing,Sales,Service,Up To 600kW,Mobile/Diesel/Gas,"
11352,Industrial/Commercial Sales & Service,00111207431002,WARSHAUER ELECTRIC SUPPLY CO INC, 800 SHREWSBURY AVE,,TINTON FALLS,NJ ,07724,USA,www.warshauer.com,732-741-6400,"Service,"
11352,Industrial/Commercial Sales & Service,00010157021002,Mechanical Service Co, 1145 Oak St.,,Pittston,PA ,18640,USA,,570-654-2445,"Service,"
11354,Industrial/Commercial Sales & Service,00010001611002,Huntington Power, 230 Long Hill Cross Rd,,Shelton,CT ,06484,USA,www.huntingtonpower.com,203-929-3203,"Sales,Service,Up To 2MW,Mobile/Diesel/Gas,Training,Rental,"
11354,Industrial/Commercial Sales & Service,00010214161002,"R.L. Kistler, Inc", 300 Mile Crossing Blvd.,,Rochester,NY ,14624,USA,rlkistler.com,585-436-1940,"Sales,"
11354,Industrial/Commercial Sales & Service,00010214161002,"R.L. KISTLER, INC.", 35 HAMILTON LANE,,GLENMONT,NY ,12077,USA,,585-436-1940,"Sales,Service,"
11354,Industrial/Commercial Sales & Service,00010001611002,Huntington Power, 68 Enter Ln,,Islandia,NY ,11749,USA,,631-563-4943,"Sales,Service,Up To 2MW,Mobile/Diesel/Gas,"
11354,Industrial/Commercial Sales & Service,00010001611002,Huntington Power, 34 E DUDLEY TOWN RD.,,BLOOMFIELD,CT ,06002,USA,,860-289-8790,"Sales,Service,Rental,"
11354,Industrial/Commercial Sales & Service,00010214161002,"R.L. Kistler, Inc", 5615 Business Ave.,,N. Syracuse,NY ,13208,USA,,315-458-2875,"Sales,"
11354,Industrial/Commercial Sales & Service,00010214161002,"R.L. Kistler, Inc", 5615 Business Ave.,,N. Syracuse,NY ,13208,USA,,315-458-2875,"Sales,"
11354,Industrial/Commercial Sales & Service,00010208021002,Modern Group Power Systems, 2501 Durham Road,,Bristol,PA ,19007,USA,www.moderngroup.com,800-404-7291,"Sales,Service,Up To 2MW,Mobile/Diesel/Gas,Training,Rental,"
11354,Industrial/Commercial Sales & Service,00010001731002,Authorized Services Of New England, 410 Forest Street,,Marlborough,MA ,01752,USA,www.asne.com,888-890-9886,"Financing,Sales,Service,Up To 2MW,Mobile/Diesel/Gas,Training,Rental,"
11354,Industrial/Commercial Sales & Service,00010008091002,MODERN HANDLING EQUIP, 75 NEW STREET,,EDISON,NJ ,08837,USA,www.moderngroup.com,800-779-5116,"Sales,Service,Up To 2MW,Mobile/Diesel/Gas,"
11354,Industrial/Commercial Sales & Service,00010208021002,Modern Group Power Systems, 200 Allied Parkway,,West Berlin,NJ ,08091,USA,,800-404-7291,"Sales,Service,Up To 2MW,Mobile/Diesel/Gas,"
11354,Industrial/Commercial Sales & Service,00010208021002,Modern Group Power Systems, 6352 Chapmans Rd,,Allentown,PA ,18106,USA,,800-404-7291,"Sales,Service,Up To 2MW,Mobile/Diesel/Gas,"
11354,Industrial/Commercial Sales & Service,00010208021002,Modern Group Power Systems, 295 New Commerce Blvd.,,Wilkes Barre,PA ,18706,USA,,800-404-7291,"Sales,Service,Up To 2MW,Mobile/Diesel/Gas,"
11354,Industrial/Commercial Sales & Service,00010208021002,Modern Group Power Systems, 66A South Gate Blvd.,,New Castle,DE ,19720,USA,,800-404-7291,"Sales,Service,Up To 2MW,Mobile/Diesel/Gas,"
11354,Industrial/Commercial Sales & Service,00010000931002,"EMERGENCY POWER SYSTEMS, LLC", 35 HAMILTON LANE,,GLENMONT,NY ,12077,USA,,800-914-1465,"Service,Up To 2MW,Mobile/Diesel/Gas,"
11354,Industrial/Commercial Sales & Service,00010000931002,"EMERGENCY POWER SYSTEMS, LLC", 35 HAMILTON LANE,,GLENMONT,NY ,12077,USA,,800-914-1465,"Service,"
11354,Industrial/Commercial Sales & Service,00010208021002,Modern Group Power Systems, 3480 Board Road,,York,PA ,17402,USA,,800-404-7291,"Sales,Service,Up To 2MW,Mobile/Diesel/Gas,"
11354,Industrial/Commercial Sales & Service,00010001731002,AUTHORIZED SERVICES OF NEW ENGLAND, 410 FOREST STREET,,MARLBOROUGH,MA ,01752,USA,,888-890-9886,"Sales,"
11354,Industrial/Commercial Sales & Service,00010001761002,"GENSERVE, INC.", 100 NEWTOWN RD,,PLAINVIEW,NY ,11803,USA,www.genserveinc.com,631-435-0437,"Service,"
11354,Industrial/Commercial Sales & Service,00111209521002,LONG ISLAND EMERGENCY POWER -QO, 2 Ocean Avenue,,DEER PARK,NY ,11729,USA,,631-586-7513,"Sales,"
11354,Industrial/Commercial Sales & Service,00010139211002,POWERPRO SERVICE CO. INC., 608 JOHNSON AVE. UNIT 6,,BOHEMIA,NY ,11716,USA,,631-567-2700,"Sales,Service,Up To 600kW,Mobile/Diesel/Gas,"
11354,Industrial/Commercial Sales & Service,00111209531002,HUNTINGTON POWER - LONG ISLAND, PO BOX 2040,,SHELTON,CT ,06484,USA,,631-586-7513,"Sales,"
11354,Industrial/Commercial Sales & Service,00010134071002,PEAK POWER SYSTEMS, 99 SPRAGUE AVENUE,,MIDDLETOWN,NY ,10940,USA,www.peakpowersystems.com,845-344-1975,"Sales,Service,Up To 600kW,Mobile/Diesel/Gas,Rental,"
11354,Industrial/Commercial Sales & Service,00010001761002,"GENSERVE, INC.", 115A TWINBRIDGE DR.,,PENNSAUKEN,NJ ,08110,USA,www.genserveinc.com,856-324-0459,"Service,"
11354,Industrial/Commercial Sales & Service,00010001621002,BROOKFIELD SERVICE, 708 GLEBE ROAD,,WESTMORELAND,NH ,03467,USA,www.brookfieldservice.com,802-485-6567,"Service,Up To 600kW,Mobile/Diesel/Gas,"
11354,Industrial/Commercial Sales & Service,00111184131002,HUNTER & LOMISON, 1956 W FOURTH ST,,WILLIAMSPORT,PA ,17701,USA,www.hunterlomison.com,570-326-1764,"Sales,Service,Up To 600kW,Mobile/Diesel/Gas,Rental,"
11354,Industrial/Commercial Sales & Service,00010000881002,HUNTER & LOMISON INC., 1956 W. 4TH STREET,,WILLIAMSPORT,PA ,17701,USA,www.hunterlomison.com,570-326-1764,"Service,Up To 600kW,Mobile/Diesel/Gas,"
11354,Industrial/Commercial Sales & Service,00010021101002,SOUTH SHORE GENERATOR INC-Quote, 2696A CRANBERRY HWY,,WAREHAM,MA ,02571,USA,,508-295-7336,"Sales,Service,Up To 600kW,Mobile/Diesel/Gas,"
11354,Industrial/Commercial Sales & Service,00010001701002,SOUTH SHORE GENERATOR INC, ,,EAST WAREHAM,MA ,02538,USA,,508-295-7336,"Financing,Sales,Service,Up To 600kW,Mobile/Diesel/Gas,"
11354,Industrial/Commercial Sales & Service,00111207431002,WARSHAUER ELECTRIC SUPPLY CO INC, 800 SHREWSBURY AVE,,TINTON FALLS,NJ ,07724,USA,www.warshauer.com,732-741-6400,"Service,"
11354,Industrial/Commercial Sales & Service,00010157021002,Mechanical Service Co, 1145 Oak St.,,Pittston,PA ,18640,USA,,570-654-2445,"Service,"
11355,Industrial/Commercial Sales & Service,00010001611002,Huntington Power, 230 Long Hill Cross Rd,,Shelton,CT ,06484,USA,www.huntingtonpower.com,203-929-3203,"Sales,Service,Up To 2MW,Mobile/Diesel/Gas,Training,Rental,"
11355,Industrial/Commercial Sales & Service,00010214161002,"R.L. Kistler, Inc", 300 Mile Crossing Blvd.,,Rochester,NY ,14624,USA,rlkistler.com,585-436-1940,"Sales,"
11355,Industrial/Commercial Sales & Service,00010214161002,"R.L. KISTLER, INC.", 35 HAMILTON LANE,,GLENMONT,NY ,12077,USA,,585-436-1940,"Sales,Service,"
11355,Industrial/Commercial Sales & Service,00010001611002,Huntington Power, 68 Enter Ln,,Islandia,NY ,11749,USA,,631-563-4943,"Sales,Service,Up To 2MW,Mobile/Diesel/Gas,"
11355,Industrial/Commercial Sales & Service,00010001611002,Huntington Power, 34 E DUDLEY TOWN RD.,,BLOOMFIELD,CT ,06002,USA,,860-289-8790,"Sales,Service,Rental,"
11355,Industrial/Commercial Sales & Service,00010214161002,"R.L. Kistler, Inc", 5615 Business Ave.,,N. Syracuse,NY ,13208,USA,,315-458-2875,"Sales,"
11355,Industrial/Commercial Sales & Service,00010214161002,"R.L. Kistler, Inc", 5615 Business Ave.,,N. Syracuse,NY ,13208,USA,,315-458-2875,"Sales,"
11355,Industrial/Commercial Sales & Service,00010208021002,Modern Group Power Systems, 2501 Durham Road,,Bristol,PA ,19007,USA,www.moderngroup.com,800-404-7291,"Sales,Service,Up To 2MW,Mobile/Diesel/Gas,Training,Rental,"
11355,Industrial/Commercial Sales & Service,00010001731002,Authorized Services Of New England, 410 Forest Street,,Marlborough,MA ,01752,USA,www.asne.com,888-890-9886,"Financing,Sales,Service,Up To 2MW,Mobile/Diesel/Gas,Training,Rental,"
11355,Industrial/Commercial Sales & Service,00010008091002,MODERN HANDLING EQUIP, 75 NEW STREET,,EDISON,NJ ,08837,USA,www.moderngroup.com,800-779-5116,"Sales,Service,Up To 2MW,Mobile/Diesel/Gas,"
11355,Industrial/Commercial Sales & Service,00010208021002,Modern Group Power Systems, 200 Allied Parkway,,West Berlin,NJ ,08091,USA,,800-404-7291,"Sales,Service,Up To 2MW,Mobile/Diesel/Gas,"
11355,Industrial/Commercial Sales & Service,00010208021002,Modern Group Power Systems, 6352 Chapmans Rd,,Allentown,PA ,18106,USA,,800-404-7291,"Sales,Service,Up To 2MW,Mobile/Diesel/Gas,"
11355,Industrial/Commercial Sales & Service,00010208021002,Modern Group Power Systems, 295 New Commerce Blvd.,,Wilkes Barre,PA ,18706,USA,,800-404-7291,"Sales,Service,Up To 2MW,Mobile/Diesel/Gas,"
11355,Industrial/Commercial Sales & Service,00010208021002,Modern Group Power Systems, 66A South Gate Blvd.,,New Castle,DE ,19720,USA,,800-404-7291,"Sales,Service,Up To 2MW,Mobile/Diesel/Gas,"
11355,Industrial/Commercial Sales & Service,00010000931002,"EMERGENCY POWER SYSTEMS, LLC", 35 HAMILTON LANE,,GLENMONT,NY ,12077,USA,,800-914-1465,"Service,Up To 2MW,Mobile/Diesel/Gas,"
11355,Industrial/Commercial Sales & Service,00010000931002,"EMERGENCY POWER SYSTEMS, LLC", 35 HAMILTON LANE,,GLENMONT,NY ,12077,USA,,800-914-1465,"Service,"
11355,Industrial/Commercial Sales & Service,00010208021002,Modern Group Power Systems, 3480 Board Road,,York,PA ,17402,USA,,800-404-7291,"Sales,Service,Up To 2MW,Mobile/Diesel/Gas,"
11355,Industrial/Commercial Sales & Service,00010001731002,AUTHORIZED SERVICES OF NEW ENGLAND, 410 FOREST STREET,,MARLBOROUGH,MA ,01752,USA,,888-890-9886,"Sales,"
11355,Industrial/Commercial Sales & Service,00010001761002,"GENSERVE, INC.", 100 NEWTOWN RD,,PLAINVIEW,NY ,11803,USA,www.genserveinc.com,631-435-0437,"Service,"
11355,Industrial/Commercial Sales & Service,00111209521002,LONG ISLAND EMERGENCY POWER -QO, 2 Ocean Avenue,,DEER PARK,NY ,11729,USA,,631-586-7513,"Sales,"
11355,Industrial/Commercial Sales & Service,00010139211002,POWERPRO SERVICE CO. INC., 608 JOHNSON AVE. UNIT 6,,BOHEMIA,NY ,11716,USA,,631-567-2700,"Sales,Service,Up To 600kW,Mobile/Diesel/Gas,"
11355,Industrial/Commercial Sales & Service,00111209531002,HUNTINGTON POWER - LONG ISLAND, PO BOX 2040,,SHELTON,CT ,06484,USA,,631-586-7513,"Sales,"
11355,Industrial/Commercial Sales & Service,00010134071002,PEAK POWER SYSTEMS, 99 SPRAGUE AVENUE,,MIDDLETOWN,NY ,10940,USA,www.peakpowersystems.com,845-344-1975,"Sales,Service,Up To 600kW,Mobile/Diesel/Gas,Rental,"
11355,Industrial/Commercial Sales & Service,00010001761002,"GENSERVE, INC.", 115A TWINBRIDGE DR.,,PENNSAUKEN,NJ ,08110,USA,www.genserveinc.com,856-324-0459,"Service,"
11355,Industrial/Commercial Sales & Service,00010001621002,BROOKFIELD SERVICE, 708 GLEBE ROAD,,WESTMORELAND,NH ,03467,USA,www.brookfieldservice.com,802-485-6567,"Service,Up To 600kW,Mobile/Diesel/Gas,"
11355,Industrial/Commercial Sales & Service,00111184131002,HUNTER & LOMISON, 1956 W FOURTH ST,,WILLIAMSPORT,PA ,17701,USA,www.hunterlomison.com,570-326-1764,"Sales,Service,Up To 600kW,Mobile/Diesel/Gas,Rental,"
11355,Industrial/Commercial Sales & Service,00010000881002,HUNTER & LOMISON INC., 1956 W. 4TH STREET,,WILLIAMSPORT,PA ,17701,USA,www.hunterlomison.com,570-326-1764,"Service,Up To 600kW,Mobile/Diesel/Gas,"
11355,Industrial/Commercial Sales & Service,00010021101002,SOUTH SHORE GENERATOR INC-Quote, 2696A CRANBERRY HWY,,WAREHAM,MA ,02571,USA,,508-295-7336,"Sales,Service,Up To 600kW,Mobile/Diesel/Gas,"
11355,Industrial/Commercial Sales & Service,00010001701002,SOUTH SHORE GENERATOR INC, ,,EAST WAREHAM,MA ,02538,USA,,508-295-7336,"Financing,Sales,Service,Up To 600kW,Mobile/Diesel/Gas,"
11355,Industrial/Commercial Sales & Service,00111207431002,WARSHAUER ELECTRIC SUPPLY CO INC, 800 SHREWSBURY AVE,,TINTON FALLS,NJ ,07724,USA,www.warshauer.com,732-741-6400,"Service,"
11355,Industrial/Commercial Sales & Service,00010157021002,Mechanical Service Co, 1145 Oak St.,,Pittston,PA ,18640,USA,,570-654-2445,"Service,"
11356,Industrial/Commercial Sales & Service,00010214161002,"R.L. KISTLER, INC.", 35 HAMILTON LANE,,GLENMONT,NY ,12077,USA,,585-436-1940,"Sales,Service,"
11356,Industrial/Commercial Sales & Service,00010001611002,Huntington Power, 230 Long Hill Cross Rd,,Shelton,CT ,06484,USA,www.huntingtonpower.com,203-929-3203,"Sales,Service,Up To 2MW,Mobile/Diesel/Gas,Training,Rental,"
11356,Industrial/Commercial Sales & Service,00010214161002,"R.L. Kistler, Inc", 300 Mile Crossing Blvd.,,Rochester,NY ,14624,USA,rlkistler.com,585-436-1940,"Sales,"
11356,Industrial/Commercial Sales & Service,00010214161002,"R.L. Kistler, Inc", 5615 Business Ave.,,N. Syracuse,NY ,13208,USA,,315-458-2875,"Sales,"
11356,Industrial/Commercial Sales & Service,00010001611002,Huntington Power, 68 Enter Ln,,Islandia,NY ,11749,USA,,631-563-4943,"Sales,Service,Up To 2MW,Mobile/Diesel/Gas,"
11356,Industrial/Commercial Sales & Service,00010001611002,Huntington Power, 34 E DUDLEY TOWN RD.,,BLOOMFIELD,CT ,06002,USA,,860-289-8790,"Sales,Service,Rental,"
11356,Industrial/Commercial Sales & Service,00010214161002,"R.L. Kistler, Inc", 5615 Business Ave.,,N. Syracuse,NY ,13208,USA,,315-458-2875,"Sales,"
11356,Industrial/Commercial Sales & Service,00010208021002,Modern Group Power Systems, 2501 Durham Road,,Bristol,PA ,19007,USA,www.moderngroup.com,800-404-7291,"Sales,Service,Up To 2MW,Mobile/Diesel/Gas,Training,Rental,"
11356,Industrial/Commercial Sales & Service,00010001731002,Authorized Services Of New England, 410 Forest Street,,Marlborough,MA ,01752,USA,www.asne.com,888-890-9886,"Financing,Sales,Service,Up To 2MW,Mobile/Diesel/Gas,Training,Rental,"
11356,Industrial/Commercial Sales & Service,00010008091002,MODERN HANDLING EQUIP, 75 NEW STREET,,EDISON,NJ ,08837,USA,www.moderngroup.com,800-779-5116,"Sales,Service,Up To 2MW,Mobile/Diesel/Gas,"
11356,Industrial/Commercial Sales & Service,00010208021002,Modern Group Power Systems, 200 Allied Parkway,,West Berlin,NJ ,08091,USA,,800-404-7291,"Sales,Service,Up To 2MW,Mobile/Diesel/Gas,"
11356,Industrial/Commercial Sales & Service,00010208021002,Modern Group Power Systems, 6352 Chapmans Rd,,Allentown,PA ,18106,USA,,800-404-7291,"Sales,Service,Up To 2MW,Mobile/Diesel/Gas,"
11356,Industrial/Commercial Sales & Service,00010208021002,Modern Group Power Systems, 295 New Commerce Blvd.,,Wilkes Barre,PA ,18706,USA,,800-404-7291,"Sales,Service,Up To 2MW,Mobile/Diesel/Gas,"
11356,Industrial/Commercial Sales & Service,00010208021002,Modern Group Power Systems, 66A South Gate Blvd.,,New Castle,DE ,19720,USA,,800-404-7291,"Sales,Service,Up To 2MW,Mobile/Diesel/Gas,"
11356,Industrial/Commercial Sales & Service,00010000931002,"EMERGENCY POWER SYSTEMS, LLC", 35 HAMILTON LANE,,GLENMONT,NY ,12077,USA,,800-914-1465,"Service,Up To 2MW,Mobile/Diesel/Gas,"
11356,Industrial/Commercial Sales & Service,00010000931002,"EMERGENCY POWER SYSTEMS, LLC", 35 HAMILTON LANE,,GLENMONT,NY ,12077,USA,,800-914-1465,"Service,"
11356,Industrial/Commercial Sales & Service,00010001731002,AUTHORIZED SERVICES OF NEW ENGLAND, 410 FOREST STREET,,MARLBOROUGH,MA ,01752,USA,,888-890-9886,"Sales,"
11356,Industrial/Commercial Sales & Service,00010208021002,Modern Group Power Systems, 3480 Board Road,,York,PA ,17402,USA,,800-404-7291,"Sales,Service,Up To 2MW,Mobile/Diesel/Gas,"
11356,Industrial/Commercial Sales & Service,00010001761002,"GENSERVE, INC.", 100 NEWTOWN RD,,PLAINVIEW,NY ,11803,USA,www.genserveinc.com,631-435-0437,"Service,"
11356,Industrial/Commercial Sales & Service,00111209521002,LONG ISLAND EMERGENCY POWER -QO, 2 Ocean Avenue,,DEER PARK,NY ,11729,USA,,631-586-7513,"Sales,"
11356,Industrial/Commercial Sales & Service,00010139211002,POWERPRO SERVICE CO. INC., 608 JOHNSON AVE. UNIT 6,,BOHEMIA,NY ,11716,USA,,631-567-2700,"Sales,Service,Up To 600kW,Mobile/Diesel/Gas,"
11356,Industrial/Commercial Sales & Service,00111209531002,HUNTINGTON POWER - LONG ISLAND, PO BOX 2040,,SHELTON,CT ,06484,USA,,631-586-7513,"Sales,"
11356,Industrial/Commercial Sales & Service,00010134071002,PEAK POWER SYSTEMS, 99 SPRAGUE AVENUE,,MIDDLETOWN,NY ,10940,USA,www.peakpowersystems.com,845-344-1975,"Sales,Service,Up To 600kW,Mobile/Diesel/Gas,Rental,"
11356,Industrial/Commercial Sales & Service,00010001761002,"GENSERVE, INC.", 115A TWINBRIDGE DR.,,PENNSAUKEN,NJ ,08110,USA,www.genserveinc.com,856-324-0459,"Service,"
11356,Industrial/Commercial Sales & Service,00010001621002,BROOKFIELD SERVICE, 708 GLEBE ROAD,,WESTMORELAND,NH ,03467,USA,www.brookfieldservice.com,802-485-6567,"Service,Up To 600kW,Mobile/Diesel/Gas,"
11356,Industrial/Commercial Sales & Service,00111184131002,HUNTER & LOMISON, 1956 W FOURTH ST,,WILLIAMSPORT,PA ,17701,USA,www.hunterlomison.com,570-326-1764,"Sales,Service,Up To 600kW,Mobile/Diesel/Gas,Rental,"
11356,Industrial/Commercial Sales & Service,00010000881002,HUNTER & LOMISON INC., 1956 W. 4TH STREET,,WILLIAMSPORT,PA ,17701,USA,www.hunterlomison.com,570-326-1764,"Service,Up To 600kW,Mobile/Diesel/Gas,"
11356,Industrial/Commercial Sales & Service,00010021101002,SOUTH SHORE GENERATOR INC-Quote, 2696A CRANBERRY HWY,,WAREHAM,MA ,02571,USA,,508-295-7336,"Sales,Service,Up To 600kW,Mobile/Diesel/Gas,"
11356,Industrial/Commercial Sales & Service,00010001701002,SOUTH SHORE GENERATOR INC, ,,EAST WAREHAM,MA ,02538,USA,,508-295-7336,"Financing,Sales,Service,Up To 600kW,Mobile/Diesel/Gas,"
11356,Industrial/Commercial Sales & Service,00111207431002,WARSHAUER ELECTRIC SUPPLY CO INC, 800 SHREWSBURY AVE,,TINTON FALLS,NJ ,07724,USA,www.warshauer.com,732-741-6400,"Service,"
11356,Industrial/Commercial Sales & Service,00010157021002,Mechanical Service Co, 1145 Oak St.,,Pittston,PA ,18640,USA,,570-654-2445,"Service,"
11357,Industrial/Commercial Sales & Service,00010001611002,Huntington Power, 230 Long Hill Cross Rd,,Shelton,CT ,06484,USA,www.huntingtonpower.com,203-929-3203,"Sales,Service,Up To 2MW,Mobile/Diesel/Gas,Training,Rental,"
11357,Industrial/Commercial Sales & Service,00010214161002,"R.L. Kistler, Inc", 300 Mile Crossing Blvd.,,Rochester,NY ,14624,USA,rlkistler.com,585-436-1940,"Sales,"
11357,Industrial/Commercial Sales & Service,00010214161002,"R.L. KISTLER, INC.", 35 HAMILTON LANE,,GLENMONT,NY ,12077,USA,,585-436-1940,"Sales,Service,"
11357,Industrial/Commercial Sales & Service,00010001611002,Huntington Power, 68 Enter Ln,,Islandia,NY ,11749,USA,,631-563-4943,"Sales,Service,Up To 2MW,Mobile/Diesel/Gas,"
11357,Industrial/Commercial Sales & Service,00010001611002,Huntington Power, 34 E DUDLEY TOWN RD.,,BLOOMFIELD,CT ,06002,USA,,860-289-8790,"Sales,Service,Rental,"
11357,Industrial/Commercial Sales & Service,00010214161002,"R.L. Kistler, Inc", 5615 Business Ave.,,N. Syracuse,NY ,13208,USA,,315-458-2875,"Sales,"
11357,Industrial/Commercial Sales & Service,00010214161002,"R.L. Kistler, Inc", 5615 Business Ave.,,N. Syracuse,NY ,13208,USA,,315-458-2875,"Sales,"
11357,Industrial/Commercial Sales & Service,00010208021002,Modern Group Power Systems, 2501 Durham Road,,Bristol,PA ,19007,USA,www.moderngroup.com,800-404-7291,"Sales,Service,Up To 2MW,Mobile/Diesel/Gas,Training,Rental,"
11357,Industrial/Commercial Sales & Service,00010001731002,Authorized Services Of New England, 410 Forest Street,,Marlborough,MA ,01752,USA,www.asne.com,888-890-9886,"Financing,Sales,Service,Up To 2MW,Mobile/Diesel/Gas,Training,Rental,"
11357,Industrial/Commercial Sales & Service,00010008091002,MODERN HANDLING EQUIP, 75 NEW STREET,,EDISON,NJ ,08837,USA,www.moderngroup.com,800-779-5116,"Sales,Service,Up To 2MW,Mobile/Diesel/Gas,"
11357,Industrial/Commercial Sales & Service,00010208021002,Modern Group Power Systems, 200 Allied Parkway,,West Berlin,NJ ,08091,USA,,800-404-7291,"Sales,Service,Up To 2MW,Mobile/Diesel/Gas,"
11357,Industrial/Commercial Sales & Service,00010208021002,Modern Group Power Systems, 6352 Chapmans Rd,,Allentown,PA ,18106,USA,,800-404-7291,"Sales,Service,Up To 2MW,Mobile/Diesel/Gas,"
11357,Industrial/Commercial Sales & Service,00010208021002,Modern Group Power Systems, 295 New Commerce Blvd.,,Wilkes Barre,PA ,18706,USA,,800-404-7291,"Sales,Service,Up To 2MW,Mobile/Diesel/Gas,"
11357,Industrial/Commercial Sales & Service,00010208021002,Modern Group Power Systems, 66A South Gate Blvd.,,New Castle,DE ,19720,USA,,800-404-7291,"Sales,Service,Up To 2MW,Mobile/Diesel/Gas,"
11357,Industrial/Commercial Sales & Service,00010000931002,"EMERGENCY POWER SYSTEMS, LLC", 35 HAMILTON LANE,,GLENMONT,NY ,12077,USA,,800-914-1465,"Service,Up To 2MW,Mobile/Diesel/Gas,"
11357,Industrial/Commercial Sales & Service,00010000931002,"EMERGENCY POWER SYSTEMS, LLC", 35 HAMILTON LANE,,GLENMONT,NY ,12077,USA,,800-914-1465,"Service,"
11357,Industrial/Commercial Sales & Service,00010001731002,AUTHORIZED SERVICES OF NEW ENGLAND, 410 FOREST STREET,,MARLBOROUGH,MA ,01752,USA,,888-890-9886,"Sales,"
11357,Industrial/Commercial Sales & Service,00010208021002,Modern Group Power Systems, 3480 Board Road,,York,PA ,17402,USA,,800-404-7291,"Sales,Service,Up To 2MW,Mobile/Diesel/Gas,"
11357,Industrial/Commercial Sales & Service,00010001761002,"GENSERVE, INC.", 100 NEWTOWN RD,,PLAINVIEW,NY ,11803,USA,www.genserveinc.com,631-435-0437,"Service,"
11357,Industrial/Commercial Sales & Service,00111209521002,LONG ISLAND EMERGENCY POWER -QO, 2 Ocean Avenue,,DEER PARK,NY ,11729,USA,,631-586-7513,"Sales,"
11357,Industrial/Commercial Sales & Service,00010139211002,POWERPRO SERVICE CO. INC., 608 JOHNSON AVE. UNIT 6,,BOHEMIA,NY ,11716,USA,,631-567-2700,"Sales,Service,Up To 600kW,Mobile/Diesel/Gas,"
11357,Industrial/Commercial Sales & Service,00111209531002,HUNTINGTON POWER - LONG ISLAND, PO BOX 2040,,SHELTON,CT ,06484,USA,,631-586-7513,"Sales,"
11357,Industrial/Commercial Sales & Service,00010134071002,PEAK POWER SYSTEMS, 99 SPRAGUE AVENUE,,MIDDLETOWN,NY ,10940,USA,www.peakpowersystems.com,845-344-1975,"Sales,Service,Up To 600kW,Mobile/Diesel/Gas,Rental,"
11357,Industrial/Commercial Sales & Service,00010001761002,"GENSERVE, INC.", 115A TWINBRIDGE DR.,,PENNSAUKEN,NJ ,08110,USA,www.genserveinc.com,856-324-0459,"Service,"
11357,Industrial/Commercial Sales & Service,00010001621002,BROOKFIELD SERVICE, 708 GLEBE ROAD,,WESTMORELAND,NH ,03467,USA,www.brookfieldservice.com,802-485-6567,"Service,Up To 600kW,Mobile/Diesel/Gas,"
11357,Industrial/Commercial Sales & Service,00111184131002,HUNTER & LOMISON, 1956 W FOURTH ST,,WILLIAMSPORT,PA ,17701,USA,www.hunterlomison.com,570-326-1764,"Sales,Service,Up To 600kW,Mobile/Diesel/Gas,Rental,"
11357,Industrial/Commercial Sales & Service,00010000881002,HUNTER & LOMISON INC., 1956 W. 4TH STREET,,WILLIAMSPORT,PA ,17701,USA,www.hunterlomison.com,570-326-1764,"Service,Up To 600kW,Mobile/Diesel/Gas,"
11357,Industrial/Commercial Sales & Service,00010021101002,SOUTH SHORE GENERATOR INC-Quote, 2696A CRANBERRY HWY,,WAREHAM,MA ,02571,USA,,508-295-7336,"Sales,Service,Up To 600kW,Mobile/Diesel/Gas,"
11357,Industrial/Commercial Sales & Service,00010001701002,SOUTH SHORE GENERATOR INC, ,,EAST WAREHAM,MA ,02538,USA,,508-295-7336,"Financing,Sales,Service,Up To 600kW,Mobile/Diesel/Gas,"
11357,Industrial/Commercial Sales & Service,00111207431002,WARSHAUER ELECTRIC SUPPLY CO INC, 800 SHREWSBURY AVE,,TINTON FALLS,NJ ,07724,USA,www.warshauer.com,732-741-6400,"Service,"
11357,Industrial/Commercial Sales & Service,00010157021002,Mechanical Service Co, 1145 Oak St.,,Pittston,PA ,18640,USA,,570-654-2445,"Service,"
11358,Industrial/Commercial Sales & Service,00010001611002,Huntington Power, 230 Long Hill Cross Rd,,Shelton,CT ,06484,USA,www.huntingtonpower.com,203-929-3203,"Sales,Service,Up To 2MW,Mobile/Diesel/Gas,Training,Rental,"
11358,Industrial/Commercial Sales & Service,00010214161002,"R.L. Kistler, Inc", 300 Mile Crossing Blvd.,,Rochester,NY ,14624,USA,rlkistler.com,585-436-1940,"Sales,"
11358,Industrial/Commercial Sales & Service,00010214161002,"R.L. KISTLER, INC.", 35 HAMILTON LANE,,GLENMONT,NY ,12077,USA,,585-436-1940,"Sales,Service,"
11358,Industrial/Commercial Sales & Service,00010001611002,Huntington Power, 68 Enter Ln,,Islandia,NY ,11749,USA,,631-563-4943,"Sales,Service,Up To 2MW,Mobile/Diesel/Gas,"
11358,Industrial/Commercial Sales & Service,00010001611002,Huntington Power, 34 E DUDLEY TOWN RD.,,BLOOMFIELD,CT ,06002,USA,,860-289-8790,"Sales,Service,Rental,"
11358,Industrial/Commercial Sales & Service,00010214161002,"R.L. Kistler, Inc", 5615 Business Ave.,,N. Syracuse,NY ,13208,USA,,315-458-2875,"Sales,"
11358,Industrial/Commercial Sales & Service,00010214161002,"R.L. Kistler, Inc", 5615 Business Ave.,,N. Syracuse,NY ,13208,USA,,315-458-2875,"Sales,"
11358,Industrial/Commercial Sales & Service,00010208021002,Modern Group Power Systems, 2501 Durham Road,,Bristol,PA ,19007,USA,www.moderngroup.com,800-404-7291,"Sales,Service,Up To 2MW,Mobile/Diesel/Gas,Training,Rental,"
11358,Industrial/Commercial Sales & Service,00010001731002,Authorized Services Of New England, 410 Forest Street,,Marlborough,MA ,01752,USA,www.asne.com,888-890-9886,"Financing,Sales,Service,Up To 2MW,Mobile/Diesel/Gas,Training,Rental,"
11358,Industrial/Commercial Sales & Service,00010008091002,MODERN HANDLING EQUIP, 75 NEW STREET,,EDISON,NJ ,08837,USA,www.moderngroup.com,800-779-5116,"Sales,Service,Up To 2MW,Mobile/Diesel/Gas,"
11358,Industrial/Commercial Sales & Service,00010208021002,Modern Group Power Systems, 200 Allied Parkway,,West Berlin,NJ ,08091,USA,,800-404-7291,"Sales,Service,Up To 2MW,Mobile/Diesel/Gas,"
11358,Industrial/Commercial Sales & Service,00010208021002,Modern Group Power Systems, 6352 Chapmans Rd,,Allentown,PA ,18106,USA,,800-404-7291,"Sales,Service,Up To 2MW,Mobile/Diesel/Gas,"
11358,Industrial/Commercial Sales & Service,00010208021002,Modern Group Power Systems, 295 New Commerce Blvd.,,Wilkes Barre,PA ,18706,USA,,800-404-7291,"Sales,Service,Up To 2MW,Mobile/Diesel/Gas,"
11358,Industrial/Commercial Sales & Service,00010208021002,Modern Group Power Systems, 66A South Gate Blvd.,,New Castle,DE ,19720,USA,,800-404-7291,"Sales,Service,Up To 2MW,Mobile/Diesel/Gas,"
11358,Industrial/Commercial Sales & Service,00010000931002,"EMERGENCY POWER SYSTEMS, LLC", 35 HAMILTON LANE,,GLENMONT,NY ,12077,USA,,800-914-1465,"Service,Up To 2MW,Mobile/Diesel/Gas,"
11358,Industrial/Commercial Sales & Service,00010000931002,"EMERGENCY POWER SYSTEMS, LLC", 35 HAMILTON LANE,,GLENMONT,NY ,12077,USA,,800-914-1465,"Service,"
11358,Industrial/Commercial Sales & Service,00010001731002,AUTHORIZED SERVICES OF NEW ENGLAND, 410 FOREST STREET,,MARLBOROUGH,MA ,01752,USA,,888-890-9886,"Sales,"
11358,Industrial/Commercial Sales & Service,00010208021002,Modern Group Power Systems, 3480 Board Road,,York,PA ,17402,USA,,800-404-7291,"Sales,Service,Up To 2MW,Mobile/Diesel/Gas,"
11358,Industrial/Commercial Sales & Service,00010001761002,"GENSERVE, INC.", 100 NEWTOWN RD,,PLAINVIEW,NY ,11803,USA,www.genserveinc.com,631-435-0437,"Service,"
11358,Industrial/Commercial Sales & Service,00111209521002,LONG ISLAND EMERGENCY POWER -QO, 2 Ocean Avenue,,DEER PARK,NY ,11729,USA,,631-586-7513,"Sales,"
11358,Industrial/Commercial Sales & Service,00010139211002,POWERPRO SERVICE CO. INC., 608 JOHNSON AVE. UNIT 6,,BOHEMIA,NY ,11716,USA,,631-567-2700,"Sales,Service,Up To 600kW,Mobile/Diesel/Gas,"
11358,Industrial/Commercial Sales & Service,00111209531002,HUNTINGTON POWER - LONG ISLAND, PO BOX 2040,,SHELTON,CT ,06484,USA,,631-586-7513,"Sales,"
11358,Industrial/Commercial Sales & Service,00010134071002,PEAK POWER SYSTEMS, 99 SPRAGUE AVENUE,,MIDDLETOWN,NY ,10940,USA,www.peakpowersystems.com,845-344-1975,"Sales,Service,Up To 600kW,Mobile/Diesel/Gas,Rental,"
11358,Industrial/Commercial Sales & Service,00010001761002,"GENSERVE, INC.", 115A TWINBRIDGE DR.,,PENNSAUKEN,NJ ,08110,USA,www.genserveinc.com,856-324-0459,"Service,"
11358,Industrial/Commercial Sales & Service,00010001621002,BROOKFIELD SERVICE, 708 GLEBE ROAD,,WESTMORELAND,NH ,03467,USA,www.brookfieldservice.com,802-485-6567,"Service,Up To 600kW,Mobile/Diesel/Gas,"
11358,Industrial/Commercial Sales & Service,00111184131002,HUNTER & LOMISON, 1956 W FOURTH ST,,WILLIAMSPORT,PA ,17701,USA,www.hunterlomison.com,570-326-1764,"Sales,Service,Up To 600kW,Mobile/Diesel/Gas,Rental,"
11358,Industrial/Commercial Sales & Service,00010000881002,HUNTER & LOMISON INC., 1956 W. 4TH STREET,,WILLIAMSPORT,PA ,17701,USA,www.hunterlomison.com,570-326-1764,"Service,Up To 600kW,Mobile/Diesel/Gas,"
11358,Industrial/Commercial Sales & Service,00010021101002,SOUTH SHORE GENERATOR INC-Quote, 2696A CRANBERRY HWY,,WAREHAM,MA ,02571,USA,,508-295-7336,"Sales,Service,Up To 600kW,Mobile/Diesel/Gas,"
11358,Industrial/Commercial Sales & Service,00010001701002,SOUTH SHORE GENERATOR INC, ,,EAST WAREHAM,MA ,02538,USA,,508-295-7336,"Financing,Sales,Service,Up To 600kW,Mobile/Diesel/Gas,"
11358,Industrial/Commercial Sales & Service,00111207431002,WARSHAUER ELECTRIC SUPPLY CO INC, 800 SHREWSBURY AVE,,TINTON FALLS,NJ ,07724,USA,www.warshauer.com,732-741-6400,"Service,"
11358,Industrial/Commercial Sales & Service,00010157021002,Mechanical Service Co, 1145 Oak St.,,Pittston,PA ,18640,USA,,570-654-2445,"Service,"
11359,Industrial/Commercial Sales & Service,00010214161002,"R.L. Kistler, Inc", 300 Mile Crossing Blvd.,,Rochester,NY ,14624,USA,rlkistler.com,585-436-1940,"Sales,"
11359,Industrial/Commercial Sales & Service,00010001611002,Huntington Power, 230 Long Hill Cross Rd,,Shelton,CT ,06484,USA,www.huntingtonpower.com,203-929-3203,"Sales,Service,Up To 2MW,Mobile/Diesel/Gas,Training,Rental,"
11359,Industrial/Commercial Sales & Service,00010214161002,"R.L. KISTLER, INC.", 35 HAMILTON LANE,,GLENMONT,NY ,12077,USA,,585-436-1940,"Sales,Service,"
11359,Industrial/Commercial Sales & Service,00010214161002,"R.L. Kistler, Inc", 5615 Business Ave.,,N. Syracuse,NY ,13208,USA,,315-458-2875,"Sales,"
11359,Industrial/Commercial Sales & Service,00010001611002,Huntington Power, 68 Enter Ln,,Islandia,NY ,11749,USA,,631-563-4943,"Sales,Service,Up To 2MW,Mobile/Diesel/Gas,"
11359,Industrial/Commercial Sales & Service,00010001611002,Huntington Power, 34 E DUDLEY TOWN RD.,,BLOOMFIELD,CT ,06002,USA,,860-289-8790,"Sales,Service,Rental,"
11359,Industrial/Commercial Sales & Service,00010214161002,"R.L. Kistler, Inc", 5615 Business Ave.,,N. Syracuse,NY ,13208,USA,,315-458-2875,"Sales,"
11359,Industrial/Commercial Sales & Service,00010208021002,Modern Group Power Systems, 2501 Durham Road,,Bristol,PA ,19007,USA,www.moderngroup.com,800-404-7291,"Sales,Service,Up To 2MW,Mobile/Diesel/Gas,Training,Rental,"
11359,Industrial/Commercial Sales & Service,00010001731002,Authorized Services Of New England, 410 Forest Street,,Marlborough,MA ,01752,USA,www.asne.com,888-890-9886,"Financing,Sales,Service,Up To 2MW,Mobile/Diesel/Gas,Training,Rental,"
11359,Industrial/Commercial Sales & Service,00010008091002,MODERN HANDLING EQUIP, 75 NEW STREET,,EDISON,NJ ,08837,USA,www.moderngroup.com,800-779-5116,"Sales,Service,Up To 2MW,Mobile/Diesel/Gas,"
11359,Industrial/Commercial Sales & Service,00010208021002,Modern Group Power Systems, 200 Allied Parkway,,West Berlin,NJ ,08091,USA,,800-404-7291,"Sales,Service,Up To 2MW,Mobile/Diesel/Gas,"
11359,Industrial/Commercial Sales & Service,00010208021002,Modern Group Power Systems, 6352 Chapmans Rd,,Allentown,PA ,18106,USA,,800-404-7291,"Sales,Service,Up To 2MW,Mobile/Diesel/Gas,"
11359,Industrial/Commercial Sales & Service,00010208021002,Modern Group Power Systems, 295 New Commerce Blvd.,,Wilkes Barre,PA ,18706,USA,,800-404-7291,"Sales,Service,Up To 2MW,Mobile/Diesel/Gas,"
11359,Industrial/Commercial Sales & Service,00010208021002,Modern Group Power Systems, 66A South Gate Blvd.,,New Castle,DE ,19720,USA,,800-404-7291,"Sales,Service,Up To 2MW,Mobile/Diesel/Gas,"
11359,Industrial/Commercial Sales & Service,00010000931002,"EMERGENCY POWER SYSTEMS, LLC", 35 HAMILTON LANE,,GLENMONT,NY ,12077,USA,,800-914-1465,"Service,Up To 2MW,Mobile/Diesel/Gas,"
11359,Industrial/Commercial Sales & Service,00010000931002,"EMERGENCY POWER SYSTEMS, LLC", 35 HAMILTON LANE,,GLENMONT,NY ,12077,USA,,800-914-1465,"Service,"
11359,Industrial/Commercial Sales & Service,00010001731002,AUTHORIZED SERVICES OF NEW ENGLAND, 410 FOREST STREET,,MARLBOROUGH,MA ,01752,USA,,888-890-9886,"Sales,"
11359,Industrial/Commercial Sales & Service,00010208021002,Modern Group Power Systems, 3480 Board Road,,York,PA ,17402,USA,,800-404-7291,"Sales,Service,Up To 2MW,Mobile/Diesel/Gas,"
11359,Industrial/Commercial Sales & Service,00010001761002,"GENSERVE, INC.", 100 NEWTOWN RD,,PLAINVIEW,NY ,11803,USA,www.genserveinc.com,631-435-0437,"Service,"
11359,Industrial/Commercial Sales & Service,00111209521002,LONG ISLAND EMERGENCY POWER -QO, 2 Ocean Avenue,,DEER PARK,NY ,11729,USA,,631-586-7513,"Sales,"
11359,Industrial/Commercial Sales & Service,00010139211002,POWERPRO SERVICE CO. INC., 608 JOHNSON AVE. UNIT 6,,BOHEMIA,NY ,11716,USA,,631-567-2700,"Sales,Service,Up To 600kW,Mobile/Diesel/Gas,"
11359,Industrial/Commercial Sales & Service,00111209531002,HUNTINGTON POWER - LONG ISLAND, PO BOX 2040,,SHELTON,CT ,06484,USA,,631-586-7513,"Sales,"
11359,Industrial/Commercial Sales & Service,00010134071002,PEAK POWER SYSTEMS, 99 SPRAGUE AVENUE,,MIDDLETOWN,NY ,10940,USA,www.peakpowersystems.com,845-344-1975,"Sales,Service,Up To 600kW,Mobile/Diesel/Gas,Rental,"
11359,Industrial/Commercial Sales & Service,00010001761002,"GENSERVE, INC.", 115A TWINBRIDGE DR.,,PENNSAUKEN,NJ ,08110,USA,www.genserveinc.com,856-324-0459,"Service,"
11359,Industrial/Commercial Sales & Service,00010001621002,BROOKFIELD SERVICE, 708 GLEBE ROAD,,WESTMORELAND,NH ,03467,USA,www.brookfieldservice.com,802-485-6567,"Service,Up To 600kW,Mobile/Diesel/Gas,"
11359,Industrial/Commercial Sales & Service,00111184131002,HUNTER & LOMISON, 1956 W FOURTH ST,,WILLIAMSPORT,PA ,17701,USA,www.hunterlomison.com,570-326-1764,"Sales,Service,Up To 600kW,Mobile/Diesel/Gas,Rental,"
11359,Industrial/Commercial Sales & Service,00010000881002,HUNTER & LOMISON INC., 1956 W. 4TH STREET,,WILLIAMSPORT,PA ,17701,USA,www.hunterlomison.com,570-326-1764,"Service,Up To 600kW,Mobile/Diesel/Gas,"
11359,Industrial/Commercial Sales & Service,00010021101002,SOUTH SHORE GENERATOR INC-Quote, 2696A CRANBERRY HWY,,WAREHAM,MA ,02571,USA,,508-295-7336,"Sales,Service,Up To 600kW,Mobile/Diesel/Gas,"
11359,Industrial/Commercial Sales & Service,00010001701002,SOUTH SHORE GENERATOR INC, ,,EAST WAREHAM,MA ,02538,USA,,508-295-7336,"Financing,Sales,Service,Up To 600kW,Mobile/Diesel/Gas,"
11359,Industrial/Commercial Sales & Service,00111207431002,WARSHAUER ELECTRIC SUPPLY CO INC, 800 SHREWSBURY AVE,,TINTON FALLS,NJ ,07724,USA,www.warshauer.com,732-741-6400,"Service,"
11359,Industrial/Commercial Sales & Service,00010157021002,Mechanical Service Co, 1145 Oak St.,,Pittston,PA ,18640,USA,,570-654-2445,"Service,"
11360,Industrial/Commercial Sales & Service,00010001611002,Huntington Power, 230 Long Hill Cross Rd,,Shelton,CT ,06484,USA,www.huntingtonpower.com,203-929-3203,"Sales,Service,Up To 2MW,Mobile/Diesel/Gas,Training,Rental,"
11360,Industrial/Commercial Sales & Service,00010214161002,"R.L. KISTLER, INC.", 35 HAMILTON LANE,,GLENMONT,NY ,12077,USA,,585-436-1940,"Sales,Service,"
11360,Industrial/Commercial Sales & Service,00010214161002,"R.L. Kistler, Inc", 300 Mile Crossing Blvd.,,Rochester,NY ,14624,USA,rlkistler.com,585-436-1940,"Sales,"
11360,Industrial/Commercial Sales & Service,00010001611002,Huntington Power, 68 Enter Ln,,Islandia,NY ,11749,USA,,631-563-4943,"Sales,Service,Up To 2MW,Mobile/Diesel/Gas,"
11360,Industrial/Commercial Sales & Service,00010001611002,Huntington Power, 34 E DUDLEY TOWN RD.,,BLOOMFIELD,CT ,06002,USA,,860-289-8790,"Sales,Service,Rental,"
11360,Industrial/Commercial Sales & Service,00010214161002,"R.L. Kistler, Inc", 5615 Business Ave.,,N. Syracuse,NY ,13208,USA,,315-458-2875,"Sales,"
11360,Industrial/Commercial Sales & Service,00010214161002,"R.L. Kistler, Inc", 5615 Business Ave.,,N. Syracuse,NY ,13208,USA,,315-458-2875,"Sales,"
11360,Industrial/Commercial Sales & Service,00010208021002,Modern Group Power Systems, 2501 Durham Road,,Bristol,PA ,19007,USA,www.moderngroup.com,800-404-7291,"Sales,Service,Up To 2MW,Mobile/Diesel/Gas,Training,Rental,"
11360,Industrial/Commercial Sales & Service,00010001731002,Authorized Services Of New England, 410 Forest Street,,Marlborough,MA ,01752,USA,www.asne.com,888-890-9886,"Financing,Sales,Service,Up To 2MW,Mobile/Diesel/Gas,Training,Rental,"
11360,Industrial/Commercial Sales & Service,00010008091002,MODERN HANDLING EQUIP, 75 NEW STREET,,EDISON,NJ ,08837,USA,www.moderngroup.com,800-779-5116,"Sales,Service,Up To 2MW,Mobile/Diesel/Gas,"
11360,Industrial/Commercial Sales & Service,00010208021002,Modern Group Power Systems, 200 Allied Parkway,,West Berlin,NJ ,08091,USA,,800-404-7291,"Sales,Service,Up To 2MW,Mobile/Diesel/Gas,"
11360,Industrial/Commercial Sales & Service,00010208021002,Modern Group Power Systems, 6352 Chapmans Rd,,Allentown,PA ,18106,USA,,800-404-7291,"Sales,Service,Up To 2MW,Mobile/Diesel/Gas,"
11360,Industrial/Commercial Sales & Service,00010208021002,Modern Group Power Systems, 295 New Commerce Blvd.,,Wilkes Barre,PA ,18706,USA,,800-404-7291,"Sales,Service,Up To 2MW,Mobile/Diesel/Gas,"
11360,Industrial/Commercial Sales & Service,00010208021002,Modern Group Power Systems, 66A South Gate Blvd.,,New Castle,DE ,19720,USA,,800-404-7291,"Sales,Service,Up To 2MW,Mobile/Diesel/Gas,"
11360,Industrial/Commercial Sales & Service,00010000931002,"EMERGENCY POWER SYSTEMS, LLC", 35 HAMILTON LANE,,GLENMONT,NY ,12077,USA,,800-914-1465,"Service,Up To 2MW,Mobile/Diesel/Gas,"
11360,Industrial/Commercial Sales & Service,00010000931002,"EMERGENCY POWER SYSTEMS, LLC", 35 HAMILTON LANE,,GLENMONT,NY ,12077,USA,,800-914-1465,"Service,"
11360,Industrial/Commercial Sales & Service,00010001731002,AUTHORIZED SERVICES OF NEW ENGLAND, 410 FOREST STREET,,MARLBOROUGH,MA ,01752,USA,,888-890-9886,"Sales,"
11360,Industrial/Commercial Sales & Service,00010208021002,Modern Group Power Systems, 3480 Board Road,,York,PA ,17402,USA,,800-404-7291,"Sales,Service,Up To 2MW,Mobile/Diesel/Gas,"
11360,Industrial/Commercial Sales & Service,00010001761002,"GENSERVE, INC.", 100 NEWTOWN RD,,PLAINVIEW,NY ,11803,USA,www.genserveinc.com,631-435-0437,"Service,"
11360,Industrial/Commercial Sales & Service,00111209521002,LONG ISLAND EMERGENCY POWER -QO, 2 Ocean Avenue,,DEER PARK,NY ,11729,USA,,631-586-7513,"Sales,"
11360,Industrial/Commercial Sales & Service,00010139211002,POWERPRO SERVICE CO. INC., 608 JOHNSON AVE. UNIT 6,,BOHEMIA,NY ,11716,USA,,631-567-2700,"Sales,Service,Up To 600kW,Mobile/Diesel/Gas,"
11360,Industrial/Commercial Sales & Service,00111209531002,HUNTINGTON POWER - LONG ISLAND, PO BOX 2040,,SHELTON,CT ,06484,USA,,631-586-7513,"Sales,"
11360,Industrial/Commercial Sales & Service,00010134071002,PEAK POWER SYSTEMS, 99 SPRAGUE AVENUE,,MIDDLETOWN,NY ,10940,USA,www.peakpowersystems.com,845-344-1975,"Sales,Service,Up To 600kW,Mobile/Diesel/Gas,Rental,"
11360,Industrial/Commercial Sales & Service,00010001761002,"GENSERVE, INC.", 115A TWINBRIDGE DR.,,PENNSAUKEN,NJ ,08110,USA,www.genserveinc.com,856-324-0459,"Service,"
11360,Industrial/Commercial Sales & Service,00010001621002,BROOKFIELD SERVICE, 708 GLEBE ROAD,,WESTMORELAND,NH ,03467,USA,www.brookfieldservice.com,802-485-6567,"Service,Up To 600kW,Mobile/Diesel/Gas,"
11360,Industrial/Commercial Sales & Service,00111184131002,HUNTER & LOMISON, 1956 W FOURTH ST,,WILLIAMSPORT,PA ,17701,USA,www.hunterlomison.com,570-326-1764,"Sales,Service,Up To 600kW,Mobile/Diesel/Gas,Rental,"
11360,Industrial/Commercial Sales & Service,00010000881002,HUNTER & LOMISON INC., 1956 W. 4TH STREET,,WILLIAMSPORT,PA ,17701,USA,www.hunterlomison.com,570-326-1764,"Service,Up To 600kW,Mobile/Diesel/Gas,"
11360,Industrial/Commercial Sales & Service,00010021101002,SOUTH SHORE GENERATOR INC-Quote, 2696A CRANBERRY HWY,,WAREHAM,MA ,02571,USA,,508-295-7336,"Sales,Service,Up To 600kW,Mobile/Diesel/Gas,"
11360,Industrial/Commercial Sales & Service,00010001701002,SOUTH SHORE GENERATOR INC, ,,EAST WAREHAM,MA ,02538,USA,,508-295-7336,"Financing,Sales,Service,Up To 600kW,Mobile/Diesel/Gas,"
11360,Industrial/Commercial Sales & Service,00111207431002,WARSHAUER ELECTRIC SUPPLY CO INC, 800 SHREWSBURY AVE,,TINTON FALLS,NJ ,07724,USA,www.warshauer.com,732-741-6400,"Service,"
11360,Industrial/Commercial Sales & Service,00010157021002,Mechanical Service Co, 1145 Oak St.,,Pittston,PA ,18640,USA,,570-654-2445,"Service,"
11361,Industrial/Commercial Sales & Service,00010214161002,"R.L. Kistler, Inc", 300 Mile Crossing Blvd.,,Rochester,NY ,14624,USA,rlkistler.com,585-436-1940,"Sales,"
11361,Industrial/Commercial Sales & Service,00010001611002,Huntington Power, 230 Long Hill Cross Rd,,Shelton,CT ,06484,USA,www.huntingtonpower.com,203-929-3203,"Sales,Service,Up To 2MW,Mobile/Diesel/Gas,Training,Rental,"
11361,Industrial/Commercial Sales & Service,00010214161002,"R.L. KISTLER, INC.", 35 HAMILTON LANE,,GLENMONT,NY ,12077,USA,,585-436-1940,"Sales,Service,"
11361,Industrial/Commercial Sales & Service,00010214161002,"R.L. Kistler, Inc", 5615 Business Ave.,,N. Syracuse,NY ,13208,USA,,315-458-2875,"Sales,"
11361,Industrial/Commercial Sales & Service,00010001611002,Huntington Power, 68 Enter Ln,,Islandia,NY ,11749,USA,,631-563-4943,"Sales,Service,Up To 2MW,Mobile/Diesel/Gas,"
11361,Industrial/Commercial Sales & Service,00010001611002,Huntington Power, 34 E DUDLEY TOWN RD.,,BLOOMFIELD,CT ,06002,USA,,860-289-8790,"Sales,Service,Rental,"
11361,Industrial/Commercial Sales & Service,00010214161002,"R.L. Kistler, Inc", 5615 Business Ave.,,N. Syracuse,NY ,13208,USA,,315-458-2875,"Sales,"
11361,Industrial/Commercial Sales & Service,00010208021002,Modern Group Power Systems, 2501 Durham Road,,Bristol,PA ,19007,USA,www.moderngroup.com,800-404-7291,"Sales,Service,Up To 2MW,Mobile/Diesel/Gas,Training,Rental,"
11361,Industrial/Commercial Sales & Service,00010001731002,Authorized Services Of New England, 410 Forest Street,,Marlborough,MA ,01752,USA,www.asne.com,888-890-9886,"Financing,Sales,Service,Up To 2MW,Mobile/Diesel/Gas,Training,Rental,"
11361,Industrial/Commercial Sales & Service,00010008091002,MODERN HANDLING EQUIP, 75 NEW STREET,,EDISON,NJ ,08837,USA,www.moderngroup.com,800-779-5116,"Sales,Service,Up To 2MW,Mobile/Diesel/Gas,"
11361,Industrial/Commercial Sales & Service,00010208021002,Modern Group Power Systems, 200 Allied Parkway,,West Berlin,NJ ,08091,USA,,800-404-7291,"Sales,Service,Up To 2MW,Mobile/Diesel/Gas,"
11361,Industrial/Commercial Sales & Service,00010208021002,Modern Group Power Systems, 6352 Chapmans Rd,,Allentown,PA ,18106,USA,,800-404-7291,"Sales,Service,Up To 2MW,Mobile/Diesel/Gas,"
11361,Industrial/Commercial Sales & Service,00010208021002,Modern Group Power Systems, 295 New Commerce Blvd.,,Wilkes Barre,PA ,18706,USA,,800-404-7291,"Sales,Service,Up To 2MW,Mobile/Diesel/Gas,"
11361,Industrial/Commercial Sales & Service,00010208021002,Modern Group Power Systems, 66A South Gate Blvd.,,New Castle,DE ,19720,USA,,800-404-7291,"Sales,Service,Up To 2MW,Mobile/Diesel/Gas,"
11361,Industrial/Commercial Sales & Service,00010000931002,"EMERGENCY POWER SYSTEMS, LLC", 35 HAMILTON LANE,,GLENMONT,NY ,12077,USA,,800-914-1465,"Service,Up To 2MW,Mobile/Diesel/Gas,"
11361,Industrial/Commercial Sales & Service,00010000931002,"EMERGENCY POWER SYSTEMS, LLC", 35 HAMILTON LANE,,GLENMONT,NY ,12077,USA,,800-914-1465,"Service,"
11361,Industrial/Commercial Sales & Service,00010001731002,AUTHORIZED SERVICES OF NEW ENGLAND, 410 FOREST STREET,,MARLBOROUGH,MA ,01752,USA,,888-890-9886,"Sales,"
11361,Industrial/Commercial Sales & Service,00010208021002,Modern Group Power Systems, 3480 Board Road,,York,PA ,17402,USA,,800-404-7291,"Sales,Service,Up To 2MW,Mobile/Diesel/Gas,"
11361,Industrial/Commercial Sales & Service,00010001761002,"GENSERVE, INC.", 100 NEWTOWN RD,,PLAINVIEW,NY ,11803,USA,www.genserveinc.com,631-435-0437,"Service,"
11361,Industrial/Commercial Sales & Service,00111209521002,LONG ISLAND EMERGENCY POWER -QO, 2 Ocean Avenue,,DEER PARK,NY ,11729,USA,,631-586-7513,"Sales,"
11361,Industrial/Commercial Sales & Service,00010139211002,POWERPRO SERVICE CO. INC., 608 JOHNSON AVE. UNIT 6,,BOHEMIA,NY ,11716,USA,,631-567-2700,"Sales,Service,Up To 600kW,Mobile/Diesel/Gas,"
11361,Industrial/Commercial Sales & Service,00111209531002,HUNTINGTON POWER - LONG ISLAND, PO BOX 2040,,SHELTON,CT ,06484,USA,,631-586-7513,"Sales,"
11361,Industrial/Commercial Sales & Service,00010134071002,PEAK POWER SYSTEMS, 99 SPRAGUE AVENUE,,MIDDLETOWN,NY ,10940,USA,www.peakpowersystems.com,845-344-1975,"Sales,Service,Up To 600kW,Mobile/Diesel/Gas,Rental,"
11361,Industrial/Commercial Sales & Service,00010001761002,"GENSERVE, INC.", 115A TWINBRIDGE DR.,,PENNSAUKEN,NJ ,08110,USA,www.genserveinc.com,856-324-0459,"Service,"
11361,Industrial/Commercial Sales & Service,00010001621002,BROOKFIELD SERVICE, 708 GLEBE ROAD,,WESTMORELAND,NH ,03467,USA,www.brookfieldservice.com,802-485-6567,"Service,Up To 600kW,Mobile/Diesel/Gas,"
11361,Industrial/Commercial Sales & Service,00010021101002,SOUTH SHORE GENERATOR INC-Quote, 2696A CRANBERRY HWY,,WAREHAM,MA ,02571,USA,,508-295-7336,"Sales,Service,Up To 600kW,Mobile/Diesel/Gas,"
11361,Industrial/Commercial Sales & Service,00111184131002,HUNTER & LOMISON, 1956 W FOURTH ST,,WILLIAMSPORT,PA ,17701,USA,www.hunterlomison.com,570-326-1764,"Sales,Service,Up To 600kW,Mobile/Diesel/Gas,Rental,"
11361,Industrial/Commercial Sales & Service,00010000881002,HUNTER & LOMISON INC., 1956 W. 4TH STREET,,WILLIAMSPORT,PA ,17701,USA,www.hunterlomison.com,570-326-1764,"Service,Up To 600kW,Mobile/Diesel/Gas,"
11361,Industrial/Commercial Sales & Service,00010001701002,SOUTH SHORE GENERATOR INC, ,,EAST WAREHAM,MA ,02538,USA,,508-295-7336,"Financing,Sales,Service,Up To 600kW,Mobile/Diesel/Gas,"
11361,Industrial/Commercial Sales & Service,00111207431002,WARSHAUER ELECTRIC SUPPLY CO INC, 800 SHREWSBURY AVE,,TINTON FALLS,NJ ,07724,USA,www.warshauer.com,732-741-6400,"Service,"
11361,Industrial/Commercial Sales & Service,00010157021002,Mechanical Service Co, 1145 Oak St.,,Pittston,PA ,18640,USA,,570-654-2445,"Service,"
11362,Industrial/Commercial Sales & Service,00010001611002,Huntington Power, 230 Long Hill Cross Rd,,Shelton,CT ,06484,USA,www.huntingtonpower.com,203-929-3203,"Sales,Service,Up To 2MW,Mobile/Diesel/Gas,Training,Rental,"
11362,Industrial/Commercial Sales & Service,00010214161002,"R.L. KISTLER, INC.", 35 HAMILTON LANE,,GLENMONT,NY ,12077,USA,,585-436-1940,"Sales,Service,"
11362,Industrial/Commercial Sales & Service,00010214161002,"R.L. Kistler, Inc", 300 Mile Crossing Blvd.,,Rochester,NY ,14624,USA,rlkistler.com,585-436-1940,"Sales,"
11362,Industrial/Commercial Sales & Service,00010001611002,Huntington Power, 68 Enter Ln,,Islandia,NY ,11749,USA,,631-563-4943,"Sales,Service,Up To 2MW,Mobile/Diesel/Gas,"
11362,Industrial/Commercial Sales & Service,00010001611002,Huntington Power, 34 E DUDLEY TOWN RD.,,BLOOMFIELD,CT ,06002,USA,,860-289-8790,"Sales,Service,Rental,"
11362,Industrial/Commercial Sales & Service,00010214161002,"R.L. Kistler, Inc", 5615 Business Ave.,,N. Syracuse,NY ,13208,USA,,315-458-2875,"Sales,"
11362,Industrial/Commercial Sales & Service,00010214161002,"R.L. Kistler, Inc", 5615 Business Ave.,,N. Syracuse,NY ,13208,USA,,315-458-2875,"Sales,"
11362,Industrial/Commercial Sales & Service,00010208021002,Modern Group Power Systems, 2501 Durham Road,,Bristol,PA ,19007,USA,www.moderngroup.com,800-404-7291,"Sales,Service,Up To 2MW,Mobile/Diesel/Gas,Training,Rental,"
11362,Industrial/Commercial Sales & Service,00010001731002,Authorized Services Of New England, 410 Forest Street,,Marlborough,MA ,01752,USA,www.asne.com,888-890-9886,"Financing,Sales,Service,Up To 2MW,Mobile/Diesel/Gas,Training,Rental,"
11362,Industrial/Commercial Sales & Service,00010008091002,MODERN HANDLING EQUIP, 75 NEW STREET,,EDISON,NJ ,08837,USA,www.moderngroup.com,800-779-5116,"Sales,Service,Up To 2MW,Mobile/Diesel/Gas,"
11362,Industrial/Commercial Sales & Service,00010208021002,Modern Group Power Systems, 200 Allied Parkway,,West Berlin,NJ ,08091,USA,,800-404-7291,"Sales,Service,Up To 2MW,Mobile/Diesel/Gas,"
11362,Industrial/Commercial Sales & Service,00010208021002,Modern Group Power Systems, 6352 Chapmans Rd,,Allentown,PA ,18106,USA,,800-404-7291,"Sales,Service,Up To 2MW,Mobile/Diesel/Gas,"
11362,Industrial/Commercial Sales & Service,00010208021002,Modern Group Power Systems, 295 New Commerce Blvd.,,Wilkes Barre,PA ,18706,USA,,800-404-7291,"Sales,Service,Up To 2MW,Mobile/Diesel/Gas,"
11362,Industrial/Commercial Sales & Service,00010208021002,Modern Group Power Systems, 66A South Gate Blvd.,,New Castle,DE ,19720,USA,,800-404-7291,"Sales,Service,Up To 2MW,Mobile/Diesel/Gas,"
11362,Industrial/Commercial Sales & Service,00010000931002,"EMERGENCY POWER SYSTEMS, LLC", 35 HAMILTON LANE,,GLENMONT,NY ,12077,USA,,800-914-1465,"Service,Up To 2MW,Mobile/Diesel/Gas,"
11362,Industrial/Commercial Sales & Service,00010000931002,"EMERGENCY POWER SYSTEMS, LLC", 35 HAMILTON LANE,,GLENMONT,NY ,12077,USA,,800-914-1465,"Service,"
11362,Industrial/Commercial Sales & Service,00010001731002,AUTHORIZED SERVICES OF NEW ENGLAND, 410 FOREST STREET,,MARLBOROUGH,MA ,01752,USA,,888-890-9886,"Sales,"
11362,Industrial/Commercial Sales & Service,00010208021002,Modern Group Power Systems, 3480 Board Road,,York,PA ,17402,USA,,800-404-7291,"Sales,Service,Up To 2MW,Mobile/Diesel/Gas,"
11362,Industrial/Commercial Sales & Service,00010001761002,"GENSERVE, INC.", 100 NEWTOWN RD,,PLAINVIEW,NY ,11803,USA,www.genserveinc.com,631-435-0437,"Service,"
11362,Industrial/Commercial Sales & Service,00111209521002,LONG ISLAND EMERGENCY POWER -QO, 2 Ocean Avenue,,DEER PARK,NY ,11729,USA,,631-586-7513,"Sales,"
11362,Industrial/Commercial Sales & Service,00010139211002,POWERPRO SERVICE CO. INC., 608 JOHNSON AVE. UNIT 6,,BOHEMIA,NY ,11716,USA,,631-567-2700,"Sales,Service,Up To 600kW,Mobile/Diesel/Gas,"
11362,Industrial/Commercial Sales & Service,00111209531002,HUNTINGTON POWER - LONG ISLAND, PO BOX 2040,,SHELTON,CT ,06484,USA,,631-586-7513,"Sales,"
11362,Industrial/Commercial Sales & Service,00010134071002,PEAK POWER SYSTEMS, 99 SPRAGUE AVENUE,,MIDDLETOWN,NY ,10940,USA,www.peakpowersystems.com,845-344-1975,"Sales,Service,Up To 600kW,Mobile/Diesel/Gas,Rental,"
11362,Industrial/Commercial Sales & Service,00010001761002,"GENSERVE, INC.", 115A TWINBRIDGE DR.,,PENNSAUKEN,NJ ,08110,USA,www.genserveinc.com,856-324-0459,"Service,"
11362,Industrial/Commercial Sales & Service,00010001621002,BROOKFIELD SERVICE, 708 GLEBE ROAD,,WESTMORELAND,NH ,03467,USA,www.brookfieldservice.com,802-485-6567,"Service,Up To 600kW,Mobile/Diesel/Gas,"
11362,Industrial/Commercial Sales & Service,00010021101002,SOUTH SHORE GENERATOR INC-Quote, 2696A CRANBERRY HWY,,WAREHAM,MA ,02571,USA,,508-295-7336,"Sales,Service,Up To 600kW,Mobile/Diesel/Gas,"
11362,Industrial/Commercial Sales & Service,00010001701002,SOUTH SHORE GENERATOR INC, ,,EAST WAREHAM,MA ,02538,USA,,508-295-7336,"Financing,Sales,Service,Up To 600kW,Mobile/Diesel/Gas,"
11362,Industrial/Commercial Sales & Service,00111184131002,HUNTER & LOMISON, 1956 W FOURTH ST,,WILLIAMSPORT,PA ,17701,USA,www.hunterlomison.com,570-326-1764,"Sales,Service,Up To 600kW,Mobile/Diesel/Gas,Rental,"
11362,Industrial/Commercial Sales & Service,00010000881002,HUNTER & LOMISON INC., 1956 W. 4TH STREET,,WILLIAMSPORT,PA ,17701,USA,www.hunterlomison.com,570-326-1764,"Service,Up To 600kW,Mobile/Diesel/Gas,"
11362,Industrial/Commercial Sales & Service,00111207431002,WARSHAUER ELECTRIC SUPPLY CO INC, 800 SHREWSBURY AVE,,TINTON FALLS,NJ ,07724,USA,www.warshauer.com,732-741-6400,"Service,"
11362,Industrial/Commercial Sales & Service,00010157021002,Mechanical Service Co, 1145 Oak St.,,Pittston,PA ,18640,USA,,570-654-2445,"Service,"
11363,Industrial/Commercial Sales & Service,00010214161002,"R.L. KISTLER, INC.", 35 HAMILTON LANE,,GLENMONT,NY ,12077,USA,,585-436-1940,"Sales,Service,"
11363,Industrial/Commercial Sales & Service,00010001611002,Huntington Power, 230 Long Hill Cross Rd,,Shelton,CT ,06484,USA,www.huntingtonpower.com,203-929-3203,"Sales,Service,Up To 2MW,Mobile/Diesel/Gas,Training,Rental,"
11363,Industrial/Commercial Sales & Service,00010214161002,"R.L. Kistler, Inc", 300 Mile Crossing Blvd.,,Rochester,NY ,14624,USA,rlkistler.com,585-436-1940,"Sales,"
11363,Industrial/Commercial Sales & Service,00010214161002,"R.L. Kistler, Inc", 5615 Business Ave.,,N. Syracuse,NY ,13208,USA,,315-458-2875,"Sales,"
11363,Industrial/Commercial Sales & Service,00010001611002,Huntington Power, 68 Enter Ln,,Islandia,NY ,11749,USA,,631-563-4943,"Sales,Service,Up To 2MW,Mobile/Diesel/Gas,"
11363,Industrial/Commercial Sales & Service,00010001611002,Huntington Power, 34 E DUDLEY TOWN RD.,,BLOOMFIELD,CT ,06002,USA,,860-289-8790,"Sales,Service,Rental,"
11363,Industrial/Commercial Sales & Service,00010214161002,"R.L. Kistler, Inc", 5615 Business Ave.,,N. Syracuse,NY ,13208,USA,,315-458-2875,"Sales,"
11363,Industrial/Commercial Sales & Service,00010208021002,Modern Group Power Systems, 2501 Durham Road,,Bristol,PA ,19007,USA,www.moderngroup.com,800-404-7291,"Sales,Service,Up To 2MW,Mobile/Diesel/Gas,Training,Rental,"
11363,Industrial/Commercial Sales & Service,00010001731002,Authorized Services Of New England, 410 Forest Street,,Marlborough,MA ,01752,USA,www.asne.com,888-890-9886,"Financing,Sales,Service,Up To 2MW,Mobile/Diesel/Gas,Training,Rental,"
11363,Industrial/Commercial Sales & Service,00010008091002,MODERN HANDLING EQUIP, 75 NEW STREET,,EDISON,NJ ,08837,USA,www.moderngroup.com,800-779-5116,"Sales,Service,Up To 2MW,Mobile/Diesel/Gas,"
11363,Industrial/Commercial Sales & Service,00010208021002,Modern Group Power Systems, 200 Allied Parkway,,West Berlin,NJ ,08091,USA,,800-404-7291,"Sales,Service,Up To 2MW,Mobile/Diesel/Gas,"
11363,Industrial/Commercial Sales & Service,00010208021002,Modern Group Power Systems, 6352 Chapmans Rd,,Allentown,PA ,18106,USA,,800-404-7291,"Sales,Service,Up To 2MW,Mobile/Diesel/Gas,"
11363,Industrial/Commercial Sales & Service,00010208021002,Modern Group Power Systems, 295 New Commerce Blvd.,,Wilkes Barre,PA ,18706,USA,,800-404-7291,"Sales,Service,Up To 2MW,Mobile/Diesel/Gas,"
11363,Industrial/Commercial Sales & Service,00010208021002,Modern Group Power Systems, 66A South Gate Blvd.,,New Castle,DE ,19720,USA,,800-404-7291,"Sales,Service,Up To 2MW,Mobile/Diesel/Gas,"
11363,Industrial/Commercial Sales & Service,00010000931002,"EMERGENCY POWER SYSTEMS, LLC", 35 HAMILTON LANE,,GLENMONT,NY ,12077,USA,,800-914-1465,"Service,Up To 2MW,Mobile/Diesel/Gas,"
11363,Industrial/Commercial Sales & Service,00010000931002,"EMERGENCY POWER SYSTEMS, LLC", 35 HAMILTON LANE,,GLENMONT,NY ,12077,USA,,800-914-1465,"Service,"
11363,Industrial/Commercial Sales & Service,00010001731002,AUTHORIZED SERVICES OF NEW ENGLAND, 410 FOREST STREET,,MARLBOROUGH,MA ,01752,USA,,888-890-9886,"Sales,"
11363,Industrial/Commercial Sales & Service,00010208021002,Modern Group Power Systems, 3480 Board Road,,York,PA ,17402,USA,,800-404-7291,"Sales,Service,Up To 2MW,Mobile/Diesel/Gas,"
11363,Industrial/Commercial Sales & Service,00010001761002,"GENSERVE, INC.", 100 NEWTOWN RD,,PLAINVIEW,NY ,11803,USA,www.genserveinc.com,631-435-0437,"Service,"
11363,Industrial/Commercial Sales & Service,00111209521002,LONG ISLAND EMERGENCY POWER -QO, 2 Ocean Avenue,,DEER PARK,NY ,11729,USA,,631-586-7513,"Sales,"
11363,Industrial/Commercial Sales & Service,00010139211002,POWERPRO SERVICE CO. INC., 608 JOHNSON AVE. UNIT 6,,BOHEMIA,NY ,11716,USA,,631-567-2700,"Sales,Service,Up To 600kW,Mobile/Diesel/Gas,"
11363,Industrial/Commercial Sales & Service,00111209531002,HUNTINGTON POWER - LONG ISLAND, PO BOX 2040,,SHELTON,CT ,06484,USA,,631-586-7513,"Sales,"
11363,Industrial/Commercial Sales & Service,00010134071002,PEAK POWER SYSTEMS, 99 SPRAGUE AVENUE,,MIDDLETOWN,NY ,10940,USA,www.peakpowersystems.com,845-344-1975,"Sales,Service,Up To 600kW,Mobile/Diesel/Gas,Rental,"
11363,Industrial/Commercial Sales & Service,00010001761002,"GENSERVE, INC.", 115A TWINBRIDGE DR.,,PENNSAUKEN,NJ ,08110,USA,www.genserveinc.com,856-324-0459,"Service,"
11363,Industrial/Commercial Sales & Service,00010001621002,BROOKFIELD SERVICE, 708 GLEBE ROAD,,WESTMORELAND,NH ,03467,USA,www.brookfieldservice.com,802-485-6567,"Service,Up To 600kW,Mobile/Diesel/Gas,"
11363,Industrial/Commercial Sales & Service,00010021101002,SOUTH SHORE GENERATOR INC-Quote, 2696A CRANBERRY HWY,,WAREHAM,MA ,02571,USA,,508-295-7336,"Sales,Service,Up To 600kW,Mobile/Diesel/Gas,"
11363,Industrial/Commercial Sales & Service,00010001701002,SOUTH SHORE GENERATOR INC, ,,EAST WAREHAM,MA ,02538,USA,,508-295-7336,"Financing,Sales,Service,Up To 600kW,Mobile/Diesel/Gas,"
11363,Industrial/Commercial Sales & Service,00111184131002,HUNTER & LOMISON, 1956 W FOURTH ST,,WILLIAMSPORT,PA ,17701,USA,www.hunterlomison.com,570-326-1764,"Sales,Service,Up To 600kW,Mobile/Diesel/Gas,Rental,"
11363,Industrial/Commercial Sales & Service,00010000881002,HUNTER & LOMISON INC., 1956 W. 4TH STREET,,WILLIAMSPORT,PA ,17701,USA,www.hunterlomison.com,570-326-1764,"Service,Up To 600kW,Mobile/Diesel/Gas,"
11363,Industrial/Commercial Sales & Service,00111207431002,WARSHAUER ELECTRIC SUPPLY CO INC, 800 SHREWSBURY AVE,,TINTON FALLS,NJ ,07724,USA,www.warshauer.com,732-741-6400,"Service,"
11363,Industrial/Commercial Sales & Service,00010157021002,Mechanical Service Co, 1145 Oak St.,,Pittston,PA ,18640,USA,,570-654-2445,"Service,"
11364,Industrial/Commercial Sales & Service,00010214161002,"R.L. Kistler, Inc", 300 Mile Crossing Blvd.,,Rochester,NY ,14624,USA,rlkistler.com,585-436-1940,"Sales,"
11364,Industrial/Commercial Sales & Service,00010214161002,"R.L. KISTLER, INC.", 35 HAMILTON LANE,,GLENMONT,NY ,12077,USA,,585-436-1940,"Sales,Service,"
11364,Industrial/Commercial Sales & Service,00010001611002,Huntington Power, 230 Long Hill Cross Rd,,Shelton,CT ,06484,USA,www.huntingtonpower.com,203-929-3203,"Sales,Service,Up To 2MW,Mobile/Diesel/Gas,Training,Rental,"
11364,Industrial/Commercial Sales & Service,00010214161002,"R.L. Kistler, Inc", 5615 Business Ave.,,N. Syracuse,NY ,13208,USA,,315-458-2875,"Sales,"
11364,Industrial/Commercial Sales & Service,00010214161002,"R.L. Kistler, Inc", 5615 Business Ave.,,N. Syracuse,NY ,13208,USA,,315-458-2875,"Sales,"
11364,Industrial/Commercial Sales & Service,00010001611002,Huntington Power, 68 Enter Ln,,Islandia,NY ,11749,USA,,631-563-4943,"Sales,Service,Up To 2MW,Mobile/Diesel/Gas,"
11364,Industrial/Commercial Sales & Service,00010001611002,Huntington Power, 34 E DUDLEY TOWN RD.,,BLOOMFIELD,CT ,06002,USA,,860-289-8790,"Sales,Service,Rental,"
11364,Industrial/Commercial Sales & Service,00010208021002,Modern Group Power Systems, 2501 Durham Road,,Bristol,PA ,19007,USA,www.moderngroup.com,800-404-7291,"Sales,Service,Up To 2MW,Mobile/Diesel/Gas,Training,Rental,"
11364,Industrial/Commercial Sales & Service,00010001731002,Authorized Services Of New England, 410 Forest Street,,Marlborough,MA ,01752,USA,www.asne.com,888-890-9886,"Financing,Sales,Service,Up To 2MW,Mobile/Diesel/Gas,Training,Rental,"
11364,Industrial/Commercial Sales & Service,00010008091002,MODERN HANDLING EQUIP, 75 NEW STREET,,EDISON,NJ ,08837,USA,www.moderngroup.com,800-779-5116,"Sales,Service,Up To 2MW,Mobile/Diesel/Gas,"
11364,Industrial/Commercial Sales & Service,00010208021002,Modern Group Power Systems, 200 Allied Parkway,,West Berlin,NJ ,08091,USA,,800-404-7291,"Sales,Service,Up To 2MW,Mobile/Diesel/Gas,"
11364,Industrial/Commercial Sales & Service,00010208021002,Modern Group Power Systems, 6352 Chapmans Rd,,Allentown,PA ,18106,USA,,800-404-7291,"Sales,Service,Up To 2MW,Mobile/Diesel/Gas,"
11364,Industrial/Commercial Sales & Service,00010208021002,Modern Group Power Systems, 295 New Commerce Blvd.,,Wilkes Barre,PA ,18706,USA,,800-404-7291,"Sales,Service,Up To 2MW,Mobile/Diesel/Gas,"
11364,Industrial/Commercial Sales & Service,00010208021002,Modern Group Power Systems, 66A South Gate Blvd.,,New Castle,DE ,19720,USA,,800-404-7291,"Sales,Service,Up To 2MW,Mobile/Diesel/Gas,"
11364,Industrial/Commercial Sales & Service,00010000931002,"EMERGENCY POWER SYSTEMS, LLC", 35 HAMILTON LANE,,GLENMONT,NY ,12077,USA,,800-914-1465,"Service,Up To 2MW,Mobile/Diesel/Gas,"
11364,Industrial/Commercial Sales & Service,00010000931002,"EMERGENCY POWER SYSTEMS, LLC", 35 HAMILTON LANE,,GLENMONT,NY ,12077,USA,,800-914-1465,"Service,"
11364,Industrial/Commercial Sales & Service,00010001731002,AUTHORIZED SERVICES OF NEW ENGLAND, 410 FOREST STREET,,MARLBOROUGH,MA ,01752,USA,,888-890-9886,"Sales,"
11364,Industrial/Commercial Sales & Service,00010208021002,Modern Group Power Systems, 3480 Board Road,,York,PA ,17402,USA,,800-404-7291,"Sales,Service,Up To 2MW,Mobile/Diesel/Gas,"
11364,Industrial/Commercial Sales & Service,00010001761002,"GENSERVE, INC.", 100 NEWTOWN RD,,PLAINVIEW,NY ,11803,USA,www.genserveinc.com,631-435-0437,"Service,"
11364,Industrial/Commercial Sales & Service,00111209521002,LONG ISLAND EMERGENCY POWER -QO, 2 Ocean Avenue,,DEER PARK,NY ,11729,USA,,631-586-7513,"Sales,"
11364,Industrial/Commercial Sales & Service,00010139211002,POWERPRO SERVICE CO. INC., 608 JOHNSON AVE. UNIT 6,,BOHEMIA,NY ,11716,USA,,631-567-2700,"Sales,Service,Up To 600kW,Mobile/Diesel/Gas,"
11364,Industrial/Commercial Sales & Service,00111209531002,HUNTINGTON POWER - LONG ISLAND, PO BOX 2040,,SHELTON,CT ,06484,USA,,631-586-7513,"Sales,"
11364,Industrial/Commercial Sales & Service,00010134071002,PEAK POWER SYSTEMS, 99 SPRAGUE AVENUE,,MIDDLETOWN,NY ,10940,USA,www.peakpowersystems.com,845-344-1975,"Sales,Service,Up To 600kW,Mobile/Diesel/Gas,Rental,"
11364,Industrial/Commercial Sales & Service,00010001761002,"GENSERVE, INC.", 115A TWINBRIDGE DR.,,PENNSAUKEN,NJ ,08110,USA,www.genserveinc.com,856-324-0459,"Service,"
11364,Industrial/Commercial Sales & Service,00010001621002,BROOKFIELD SERVICE, 708 GLEBE ROAD,,WESTMORELAND,NH ,03467,USA,www.brookfieldservice.com,802-485-6567,"Service,Up To 600kW,Mobile/Diesel/Gas,"
11364,Industrial/Commercial Sales & Service,00010021101002,SOUTH SHORE GENERATOR INC-Quote, 2696A CRANBERRY HWY,,WAREHAM,MA ,02571,USA,,508-295-7336,"Sales,Service,Up To 600kW,Mobile/Diesel/Gas,"
11364,Industrial/Commercial Sales & Service,00111184131002,HUNTER & LOMISON, 1956 W FOURTH ST,,WILLIAMSPORT,PA ,17701,USA,www.hunterlomison.com,570-326-1764,"Sales,Service,Up To 600kW,Mobile/Diesel/Gas,Rental,"
11364,Industrial/Commercial Sales & Service,00010000881002,HUNTER & LOMISON INC., 1956 W. 4TH STREET,,WILLIAMSPORT,PA ,17701,USA,www.hunterlomison.com,570-326-1764,"Service,Up To 600kW,Mobile/Diesel/Gas,"
11364,Industrial/Commercial Sales & Service,00010001701002,SOUTH SHORE GENERATOR INC, ,,EAST WAREHAM,MA ,02538,USA,,508-295-7336,"Financing,Sales,Service,Up To 600kW,Mobile/Diesel/Gas,"
11364,Industrial/Commercial Sales & Service,00111207431002,WARSHAUER ELECTRIC SUPPLY CO INC, 800 SHREWSBURY AVE,,TINTON FALLS,NJ ,07724,USA,www.warshauer.com,732-741-6400,"Service,"
11364,Industrial/Commercial Sales & Service,00010157021002,Mechanical Service Co, 1145 Oak St.,,Pittston,PA ,18640,USA,,570-654-2445,"Service,"
11365,Industrial/Commercial Sales & Service,00010001611002,Huntington Power, 230 Long Hill Cross Rd,,Shelton,CT ,06484,USA,www.huntingtonpower.com,203-929-3203,"Sales,Service,Up To 2MW,Mobile/Diesel/Gas,Training,Rental,"
11365,Industrial/Commercial Sales & Service,00010214161002,"R.L. Kistler, Inc", 300 Mile Crossing Blvd.,,Rochester,NY ,14624,USA,rlkistler.com,585-436-1940,"Sales,"
11365,Industrial/Commercial Sales & Service,00010214161002,"R.L. KISTLER, INC.", 35 HAMILTON LANE,,GLENMONT,NY ,12077,USA,,585-436-1940,"Sales,Service,"
11365,Industrial/Commercial Sales & Service,00010001611002,Huntington Power, 68 Enter Ln,,Islandia,NY ,11749,USA,,631-563-4943,"Sales,Service,Up To 2MW,Mobile/Diesel/Gas,"
11365,Industrial/Commercial Sales & Service,00010001611002,Huntington Power, 34 E DUDLEY TOWN RD.,,BLOOMFIELD,CT ,06002,USA,,860-289-8790,"Sales,Service,Rental,"
11365,Industrial/Commercial Sales & Service,00010214161002,"R.L. Kistler, Inc", 5615 Business Ave.,,N. Syracuse,NY ,13208,USA,,315-458-2875,"Sales,"
11365,Industrial/Commercial Sales & Service,00010214161002,"R.L. Kistler, Inc", 5615 Business Ave.,,N. Syracuse,NY ,13208,USA,,315-458-2875,"Sales,"
11365,Industrial/Commercial Sales & Service,00010208021002,Modern Group Power Systems, 2501 Durham Road,,Bristol,PA ,19007,USA,www.moderngroup.com,800-404-7291,"Sales,Service,Up To 2MW,Mobile/Diesel/Gas,Training,Rental,"
11365,Industrial/Commercial Sales & Service,00010001731002,Authorized Services Of New England, 410 Forest Street,,Marlborough,MA ,01752,USA,www.asne.com,888-890-9886,"Financing,Sales,Service,Up To 2MW,Mobile/Diesel/Gas,Training,Rental,"
11365,Industrial/Commercial Sales & Service,00010008091002,MODERN HANDLING EQUIP, 75 NEW STREET,,EDISON,NJ ,08837,USA,www.moderngroup.com,800-779-5116,"Sales,Service,Up To 2MW,Mobile/Diesel/Gas,"
11365,Industrial/Commercial Sales & Service,00010208021002,Modern Group Power Systems, 200 Allied Parkway,,West Berlin,NJ ,08091,USA,,800-404-7291,"Sales,Service,Up To 2MW,Mobile/Diesel/Gas,"
11365,Industrial/Commercial Sales & Service,00010208021002,Modern Group Power Systems, 6352 Chapmans Rd,,Allentown,PA ,18106,USA,,800-404-7291,"Sales,Service,Up To 2MW,Mobile/Diesel/Gas,"
11365,Industrial/Commercial Sales & Service,00010208021002,Modern Group Power Systems, 295 New Commerce Blvd.,,Wilkes Barre,PA ,18706,USA,,800-404-7291,"Sales,Service,Up To 2MW,Mobile/Diesel/Gas,"
11365,Industrial/Commercial Sales & Service,00010208021002,Modern Group Power Systems, 66A South Gate Blvd.,,New Castle,DE ,19720,USA,,800-404-7291,"Sales,Service,Up To 2MW,Mobile/Diesel/Gas,"
11365,Industrial/Commercial Sales & Service,00010000931002,"EMERGENCY POWER SYSTEMS, LLC", 35 HAMILTON LANE,,GLENMONT,NY ,12077,USA,,800-914-1465,"Service,Up To 2MW,Mobile/Diesel/Gas,"
11365,Industrial/Commercial Sales & Service,00010000931002,"EMERGENCY POWER SYSTEMS, LLC", 35 HAMILTON LANE,,GLENMONT,NY ,12077,USA,,800-914-1465,"Service,"
11365,Industrial/Commercial Sales & Service,00010001731002,AUTHORIZED SERVICES OF NEW ENGLAND, 410 FOREST STREET,,MARLBOROUGH,MA ,01752,USA,,888-890-9886,"Sales,"
11365,Industrial/Commercial Sales & Service,00010208021002,Modern Group Power Systems, 3480 Board Road,,York,PA ,17402,USA,,800-404-7291,"Sales,Service,Up To 2MW,Mobile/Diesel/Gas,"
11365,Industrial/Commercial Sales & Service,00010001761002,"GENSERVE, INC.", 100 NEWTOWN RD,,PLAINVIEW,NY ,11803,USA,www.genserveinc.com,631-435-0437,"Service,"
11365,Industrial/Commercial Sales & Service,00111209521002,LONG ISLAND EMERGENCY POWER -QO, 2 Ocean Avenue,,DEER PARK,NY ,11729,USA,,631-586-7513,"Sales,"
11365,Industrial/Commercial Sales & Service,00010139211002,POWERPRO SERVICE CO. INC., 608 JOHNSON AVE. UNIT 6,,BOHEMIA,NY ,11716,USA,,631-567-2700,"Sales,Service,Up To 600kW,Mobile/Diesel/Gas,"
11365,Industrial/Commercial Sales & Service,00111209531002,HUNTINGTON POWER - LONG ISLAND, PO BOX 2040,,SHELTON,CT ,06484,USA,,631-586-7513,"Sales,"
11365,Industrial/Commercial Sales & Service,00010134071002,PEAK POWER SYSTEMS, 99 SPRAGUE AVENUE,,MIDDLETOWN,NY ,10940,USA,www.peakpowersystems.com,845-344-1975,"Sales,Service,Up To 600kW,Mobile/Diesel/Gas,Rental,"
11365,Industrial/Commercial Sales & Service,00010001761002,"GENSERVE, INC.", 115A TWINBRIDGE DR.,,PENNSAUKEN,NJ ,08110,USA,www.genserveinc.com,856-324-0459,"Service,"
11365,Industrial/Commercial Sales & Service,00010001621002,BROOKFIELD SERVICE, 708 GLEBE ROAD,,WESTMORELAND,NH ,03467,USA,www.brookfieldservice.com,802-485-6567,"Service,Up To 600kW,Mobile/Diesel/Gas,"
11365,Industrial/Commercial Sales & Service,00111184131002,HUNTER & LOMISON, 1956 W FOURTH ST,,WILLIAMSPORT,PA ,17701,USA,www.hunterlomison.com,570-326-1764,"Sales,Service,Up To 600kW,Mobile/Diesel/Gas,Rental,"
11365,Industrial/Commercial Sales & Service,00010000881002,HUNTER & LOMISON INC., 1956 W. 4TH STREET,,WILLIAMSPORT,PA ,17701,USA,www.hunterlomison.com,570-326-1764,"Service,Up To 600kW,Mobile/Diesel/Gas,"
11365,Industrial/Commercial Sales & Service,00010021101002,SOUTH SHORE GENERATOR INC-Quote, 2696A CRANBERRY HWY,,WAREHAM,MA ,02571,USA,,508-295-7336,"Sales,Service,Up To 600kW,Mobile/Diesel/Gas,"
11365,Industrial/Commercial Sales & Service,00010001701002,SOUTH SHORE GENERATOR INC, ,,EAST WAREHAM,MA ,02538,USA,,508-295-7336,"Financing,Sales,Service,Up To 600kW,Mobile/Diesel/Gas,"
11365,Industrial/Commercial Sales & Service,00111207431002,WARSHAUER ELECTRIC SUPPLY CO INC, 800 SHREWSBURY AVE,,TINTON FALLS,NJ ,07724,USA,www.warshauer.com,732-741-6400,"Service,"
11365,Industrial/Commercial Sales & Service,00010157021002,Mechanical Service Co, 1145 Oak St.,,Pittston,PA ,18640,USA,,570-654-2445,"Service,"
11366,Industrial/Commercial Sales & Service,00010001611002,Huntington Power, 230 Long Hill Cross Rd,,Shelton,CT ,06484,USA,www.huntingtonpower.com,203-929-3203,"Sales,Service,Up To 2MW,Mobile/Diesel/Gas,Training,Rental,"
11366,Industrial/Commercial Sales & Service,00010214161002,"R.L. KISTLER, INC.", 35 HAMILTON LANE,,GLENMONT,NY ,12077,USA,,585-436-1940,"Sales,Service,"
11366,Industrial/Commercial Sales & Service,00010214161002,"R.L. Kistler, Inc", 300 Mile Crossing Blvd.,,Rochester,NY ,14624,USA,rlkistler.com,585-436-1940,"Sales,"
11366,Industrial/Commercial Sales & Service,00010001611002,Huntington Power, 68 Enter Ln,,Islandia,NY ,11749,USA,,631-563-4943,"Sales,Service,Up To 2MW,Mobile/Diesel/Gas,"
11366,Industrial/Commercial Sales & Service,00010001611002,Huntington Power, 34 E DUDLEY TOWN RD.,,BLOOMFIELD,CT ,06002,USA,,860-289-8790,"Sales,Service,Rental,"
11366,Industrial/Commercial Sales & Service,00010214161002,"R.L. Kistler, Inc", 5615 Business Ave.,,N. Syracuse,NY ,13208,USA,,315-458-2875,"Sales,"
11366,Industrial/Commercial Sales & Service,00010214161002,"R.L. Kistler, Inc", 5615 Business Ave.,,N. Syracuse,NY ,13208,USA,,315-458-2875,"Sales,"
11366,Industrial/Commercial Sales & Service,00010208021002,Modern Group Power Systems, 2501 Durham Road,,Bristol,PA ,19007,USA,www.moderngroup.com,800-404-7291,"Sales,Service,Up To 2MW,Mobile/Diesel/Gas,Training,Rental,"
11366,Industrial/Commercial Sales & Service,00010001731002,Authorized Services Of New England, 410 Forest Street,,Marlborough,MA ,01752,USA,www.asne.com,888-890-9886,"Financing,Sales,Service,Up To 2MW,Mobile/Diesel/Gas,Training,Rental,"
11366,Industrial/Commercial Sales & Service,00010008091002,MODERN HANDLING EQUIP, 75 NEW STREET,,EDISON,NJ ,08837,USA,www.moderngroup.com,800-779-5116,"Sales,Service,Up To 2MW,Mobile/Diesel/Gas,"
11366,Industrial/Commercial Sales & Service,00010208021002,Modern Group Power Systems, 200 Allied Parkway,,West Berlin,NJ ,08091,USA,,800-404-7291,"Sales,Service,Up To 2MW,Mobile/Diesel/Gas,"
11366,Industrial/Commercial Sales & Service,00010208021002,Modern Group Power Systems, 6352 Chapmans Rd,,Allentown,PA ,18106,USA,,800-404-7291,"Sales,Service,Up To 2MW,Mobile/Diesel/Gas,"
11366,Industrial/Commercial Sales & Service,00010208021002,Modern Group Power Systems, 295 New Commerce Blvd.,,Wilkes Barre,PA ,18706,USA,,800-404-7291,"Sales,Service,Up To 2MW,Mobile/Diesel/Gas,"
11366,Industrial/Commercial Sales & Service,00010208021002,Modern Group Power Systems, 66A South Gate Blvd.,,New Castle,DE ,19720,USA,,800-404-7291,"Sales,Service,Up To 2MW,Mobile/Diesel/Gas,"
11366,Industrial/Commercial Sales & Service,00010000931002,"EMERGENCY POWER SYSTEMS, LLC", 35 HAMILTON LANE,,GLENMONT,NY ,12077,USA,,800-914-1465,"Service,Up To 2MW,Mobile/Diesel/Gas,"
11366,Industrial/Commercial Sales & Service,00010000931002,"EMERGENCY POWER SYSTEMS, LLC", 35 HAMILTON LANE,,GLENMONT,NY ,12077,USA,,800-914-1465,"Service,"
11366,Industrial/Commercial Sales & Service,00010001731002,AUTHORIZED SERVICES OF NEW ENGLAND, 410 FOREST STREET,,MARLBOROUGH,MA ,01752,USA,,888-890-9886,"Sales,"
11366,Industrial/Commercial Sales & Service,00010208021002,Modern Group Power Systems, 3480 Board Road,,York,PA ,17402,USA,,800-404-7291,"Sales,Service,Up To 2MW,Mobile/Diesel/Gas,"
11366,Industrial/Commercial Sales & Service,00010001761002,"GENSERVE, INC.", 100 NEWTOWN RD,,PLAINVIEW,NY ,11803,USA,www.genserveinc.com,631-435-0437,"Service,"
11366,Industrial/Commercial Sales & Service,00111209521002,LONG ISLAND EMERGENCY POWER -QO, 2 Ocean Avenue,,DEER PARK,NY ,11729,USA,,631-586-7513,"Sales,"
11366,Industrial/Commercial Sales & Service,00010139211002,POWERPRO SERVICE CO. INC., 608 JOHNSON AVE. UNIT 6,,BOHEMIA,NY ,11716,USA,,631-567-2700,"Sales,Service,Up To 600kW,Mobile/Diesel/Gas,"
11366,Industrial/Commercial Sales & Service,00111209531002,HUNTINGTON POWER - LONG ISLAND, PO BOX 2040,,SHELTON,CT ,06484,USA,,631-586-7513,"Sales,"
11366,Industrial/Commercial Sales & Service,00010134071002,PEAK POWER SYSTEMS, 99 SPRAGUE AVENUE,,MIDDLETOWN,NY ,10940,USA,www.peakpowersystems.com,845-344-1975,"Sales,Service,Up To 600kW,Mobile/Diesel/Gas,Rental,"
11366,Industrial/Commercial Sales & Service,00010001761002,"GENSERVE, INC.", 115A TWINBRIDGE DR.,,PENNSAUKEN,NJ ,08110,USA,www.genserveinc.com,856-324-0459,"Service,"
11366,Industrial/Commercial Sales & Service,00010001621002,BROOKFIELD SERVICE, 708 GLEBE ROAD,,WESTMORELAND,NH ,03467,USA,www.brookfieldservice.com,802-485-6567,"Service,Up To 600kW,Mobile/Diesel/Gas,"
11366,Industrial/Commercial Sales & Service,00111184131002,HUNTER & LOMISON, 1956 W FOURTH ST,,WILLIAMSPORT,PA ,17701,USA,www.hunterlomison.com,570-326-1764,"Sales,Service,Up To 600kW,Mobile/Diesel/Gas,Rental,"
11366,Industrial/Commercial Sales & Service,00010000881002,HUNTER & LOMISON INC., 1956 W. 4TH STREET,,WILLIAMSPORT,PA ,17701,USA,www.hunterlomison.com,570-326-1764,"Service,Up To 600kW,Mobile/Diesel/Gas,"
11366,Industrial/Commercial Sales & Service,00010021101002,SOUTH SHORE GENERATOR INC-Quote, 2696A CRANBERRY HWY,,WAREHAM,MA ,02571,USA,,508-295-7336,"Sales,Service,Up To 600kW,Mobile/Diesel/Gas,"
11366,Industrial/Commercial Sales & Service,00010001701002,SOUTH SHORE GENERATOR INC, ,,EAST WAREHAM,MA ,02538,USA,,508-295-7336,"Financing,Sales,Service,Up To 600kW,Mobile/Diesel/Gas,"
11366,Industrial/Commercial Sales & Service,00111207431002,WARSHAUER ELECTRIC SUPPLY CO INC, 800 SHREWSBURY AVE,,TINTON FALLS,NJ ,07724,USA,www.warshauer.com,732-741-6400,"Service,"
11366,Industrial/Commercial Sales & Service,00010157021002,Mechanical Service Co, 1145 Oak St.,,Pittston,PA ,18640,USA,,570-654-2445,"Service,"
11367,Industrial/Commercial Sales & Service,00010214161002,"R.L. Kistler, Inc", 300 Mile Crossing Blvd.,,Rochester,NY ,14624,USA,rlkistler.com,585-436-1940,"Sales,"
11367,Industrial/Commercial Sales & Service,00010214161002,"R.L. KISTLER, INC.", 35 HAMILTON LANE,,GLENMONT,NY ,12077,USA,,585-436-1940,"Sales,Service,"
11367,Industrial/Commercial Sales & Service,00010001611002,Huntington Power, 230 Long Hill Cross Rd,,Shelton,CT ,06484,USA,www.huntingtonpower.com,203-929-3203,"Sales,Service,Up To 2MW,Mobile/Diesel/Gas,Training,Rental,"
11367,Industrial/Commercial Sales & Service,00010214161002,"R.L. Kistler, Inc", 5615 Business Ave.,,N. Syracuse,NY ,13208,USA,,315-458-2875,"Sales,"
11367,Industrial/Commercial Sales & Service,00010214161002,"R.L. Kistler, Inc", 5615 Business Ave.,,N. Syracuse,NY ,13208,USA,,315-458-2875,"Sales,"
11367,Industrial/Commercial Sales & Service,00010001611002,Huntington Power, 68 Enter Ln,,Islandia,NY ,11749,USA,,631-563-4943,"Sales,Service,Up To 2MW,Mobile/Diesel/Gas,"
11367,Industrial/Commercial Sales & Service,00010001611002,Huntington Power, 34 E DUDLEY TOWN RD.,,BLOOMFIELD,CT ,06002,USA,,860-289-8790,"Sales,Service,Rental,"
11367,Industrial/Commercial Sales & Service,00010208021002,Modern Group Power Systems, 2501 Durham Road,,Bristol,PA ,19007,USA,www.moderngroup.com,800-404-7291,"Sales,Service,Up To 2MW,Mobile/Diesel/Gas,Training,Rental,"
11367,Industrial/Commercial Sales & Service,00010001731002,Authorized Services Of New England, 410 Forest Street,,Marlborough,MA ,01752,USA,www.asne.com,888-890-9886,"Financing,Sales,Service,Up To 2MW,Mobile/Diesel/Gas,Training,Rental,"
11367,Industrial/Commercial Sales & Service,00010008091002,MODERN HANDLING EQUIP, 75 NEW STREET,,EDISON,NJ ,08837,USA,www.moderngroup.com,800-779-5116,"Sales,Service,Up To 2MW,Mobile/Diesel/Gas,"
11367,Industrial/Commercial Sales & Service,00010208021002,Modern Group Power Systems, 200 Allied Parkway,,West Berlin,NJ ,08091,USA,,800-404-7291,"Sales,Service,Up To 2MW,Mobile/Diesel/Gas,"
11367,Industrial/Commercial Sales & Service,00010208021002,Modern Group Power Systems, 6352 Chapmans Rd,,Allentown,PA ,18106,USA,,800-404-7291,"Sales,Service,Up To 2MW,Mobile/Diesel/Gas,"
11367,Industrial/Commercial Sales & Service,00010208021002,Modern Group Power Systems, 295 New Commerce Blvd.,,Wilkes Barre,PA ,18706,USA,,800-404-7291,"Sales,Service,Up To 2MW,Mobile/Diesel/Gas,"
11367,Industrial/Commercial Sales & Service,00010208021002,Modern Group Power Systems, 66A South Gate Blvd.,,New Castle,DE ,19720,USA,,800-404-7291,"Sales,Service,Up To 2MW,Mobile/Diesel/Gas,"
11367,Industrial/Commercial Sales & Service,00010000931002,"EMERGENCY POWER SYSTEMS, LLC", 35 HAMILTON LANE,,GLENMONT,NY ,12077,USA,,800-914-1465,"Service,Up To 2MW,Mobile/Diesel/Gas,"
11367,Industrial/Commercial Sales & Service,00010000931002,"EMERGENCY POWER SYSTEMS, LLC", 35 HAMILTON LANE,,GLENMONT,NY ,12077,USA,,800-914-1465,"Service,"
11367,Industrial/Commercial Sales & Service,00010208021002,Modern Group Power Systems, 3480 Board Road,,York,PA ,17402,USA,,800-404-7291,"Sales,Service,Up To 2MW,Mobile/Diesel/Gas,"
11367,Industrial/Commercial Sales & Service,00010001731002,AUTHORIZED SERVICES OF NEW ENGLAND, 410 FOREST STREET,,MARLBOROUGH,MA ,01752,USA,,888-890-9886,"Sales,"
11367,Industrial/Commercial Sales & Service,00010001761002,"GENSERVE, INC.", 100 NEWTOWN RD,,PLAINVIEW,NY ,11803,USA,www.genserveinc.com,631-435-0437,"Service,"
11367,Industrial/Commercial Sales & Service,00111209521002,LONG ISLAND EMERGENCY POWER -QO, 2 Ocean Avenue,,DEER PARK,NY ,11729,USA,,631-586-7513,"Sales,"
11367,Industrial/Commercial Sales & Service,00010139211002,POWERPRO SERVICE CO. INC., 608 JOHNSON AVE. UNIT 6,,BOHEMIA,NY ,11716,USA,,631-567-2700,"Sales,Service,Up To 600kW,Mobile/Diesel/Gas,"
11367,Industrial/Commercial Sales & Service,00111209531002,HUNTINGTON POWER - LONG ISLAND, PO BOX 2040,,SHELTON,CT ,06484,USA,,631-586-7513,"Sales,"
11367,Industrial/Commercial Sales & Service,00010134071002,PEAK POWER SYSTEMS, 99 SPRAGUE AVENUE,,MIDDLETOWN,NY ,10940,USA,www.peakpowersystems.com,845-344-1975,"Sales,Service,Up To 600kW,Mobile/Diesel/Gas,Rental,"
11367,Industrial/Commercial Sales & Service,00010001761002,"GENSERVE, INC.", 115A TWINBRIDGE DR.,,PENNSAUKEN,NJ ,08110,USA,www.genserveinc.com,856-324-0459,"Service,"
11367,Industrial/Commercial Sales & Service,00010001621002,BROOKFIELD SERVICE, 708 GLEBE ROAD,,WESTMORELAND,NH ,03467,USA,www.brookfieldservice.com,802-485-6567,"Service,Up To 600kW,Mobile/Diesel/Gas,"
11367,Industrial/Commercial Sales & Service,00111184131002,HUNTER & LOMISON, 1956 W FOURTH ST,,WILLIAMSPORT,PA ,17701,USA,www.hunterlomison.com,570-326-1764,"Sales,Service,Up To 600kW,Mobile/Diesel/Gas,Rental,"
11367,Industrial/Commercial Sales & Service,00010000881002,HUNTER & LOMISON INC., 1956 W. 4TH STREET,,WILLIAMSPORT,PA ,17701,USA,www.hunterlomison.com,570-326-1764,"Service,Up To 600kW,Mobile/Diesel/Gas,"
11367,Industrial/Commercial Sales & Service,00010021101002,SOUTH SHORE GENERATOR INC-Quote, 2696A CRANBERRY HWY,,WAREHAM,MA ,02571,USA,,508-295-7336,"Sales,Service,Up To 600kW,Mobile/Diesel/Gas,"
11367,Industrial/Commercial Sales & Service,00010001701002,SOUTH SHORE GENERATOR INC, ,,EAST WAREHAM,MA ,02538,USA,,508-295-7336,"Financing,Sales,Service,Up To 600kW,Mobile/Diesel/Gas,"
11367,Industrial/Commercial Sales & Service,00111207431002,WARSHAUER ELECTRIC SUPPLY CO INC, 800 SHREWSBURY AVE,,TINTON FALLS,NJ ,07724,USA,www.warshauer.com,732-741-6400,"Service,"
11367,Industrial/Commercial Sales & Service,00010157021002,Mechanical Service Co, 1145 Oak St.,,Pittston,PA ,18640,USA,,570-654-2445,"Service,"
11368,Industrial/Commercial Sales & Service,00010214161002,"R.L. Kistler, Inc", 300 Mile Crossing Blvd.,,Rochester,NY ,14624,USA,rlkistler.com,585-436-1940,"Sales,"
11368,Industrial/Commercial Sales & Service,00010214161002,"R.L. KISTLER, INC.", 35 HAMILTON LANE,,GLENMONT,NY ,12077,USA,,585-436-1940,"Sales,Service,"
11368,Industrial/Commercial Sales & Service,00010001611002,Huntington Power, 230 Long Hill Cross Rd,,Shelton,CT ,06484,USA,www.huntingtonpower.com,203-929-3203,"Sales,Service,Up To 2MW,Mobile/Diesel/Gas,Training,Rental,"
11368,Industrial/Commercial Sales & Service,00010214161002,"R.L. Kistler, Inc", 5615 Business Ave.,,N. Syracuse,NY ,13208,USA,,315-458-2875,"Sales,"
11368,Industrial/Commercial Sales & Service,00010214161002,"R.L. Kistler, Inc", 5615 Business Ave.,,N. Syracuse,NY ,13208,USA,,315-458-2875,"Sales,"
11368,Industrial/Commercial Sales & Service,00010001611002,Huntington Power, 68 Enter Ln,,Islandia,NY ,11749,USA,,631-563-4943,"Sales,Service,Up To 2MW,Mobile/Diesel/Gas,"
11368,Industrial/Commercial Sales & Service,00010001611002,Huntington Power, 34 E DUDLEY TOWN RD.,,BLOOMFIELD,CT ,06002,USA,,860-289-8790,"Sales,Service,Rental,"
11368,Industrial/Commercial Sales & Service,00010208021002,Modern Group Power Systems, 2501 Durham Road,,Bristol,PA ,19007,USA,www.moderngroup.com,800-404-7291,"Sales,Service,Up To 2MW,Mobile/Diesel/Gas,Training,Rental,"
11368,Industrial/Commercial Sales & Service,00010001731002,Authorized Services Of New England, 410 Forest Street,,Marlborough,MA ,01752,USA,www.asne.com,888-890-9886,"Financing,Sales,Service,Up To 2MW,Mobile/Diesel/Gas,Training,Rental,"
11368,Industrial/Commercial Sales & Service,00010008091002,MODERN HANDLING EQUIP, 75 NEW STREET,,EDISON,NJ ,08837,USA,www.moderngroup.com,800-779-5116,"Sales,Service,Up To 2MW,Mobile/Diesel/Gas,"
11368,Industrial/Commercial Sales & Service,00010208021002,Modern Group Power Systems, 200 Allied Parkway,,West Berlin,NJ ,08091,USA,,800-404-7291,"Sales,Service,Up To 2MW,Mobile/Diesel/Gas,"
11368,Industrial/Commercial Sales & Service,00010208021002,Modern Group Power Systems, 6352 Chapmans Rd,,Allentown,PA ,18106,USA,,800-404-7291,"Sales,Service,Up To 2MW,Mobile/Diesel/Gas,"
11368,Industrial/Commercial Sales & Service,00010208021002,Modern Group Power Systems, 295 New Commerce Blvd.,,Wilkes Barre,PA ,18706,USA,,800-404-7291,"Sales,Service,Up To 2MW,Mobile/Diesel/Gas,"
11368,Industrial/Commercial Sales & Service,00010208021002,Modern Group Power Systems, 66A South Gate Blvd.,,New Castle,DE ,19720,USA,,800-404-7291,"Sales,Service,Up To 2MW,Mobile/Diesel/Gas,"
11368,Industrial/Commercial Sales & Service,00010000931002,"EMERGENCY POWER SYSTEMS, LLC", 35 HAMILTON LANE,,GLENMONT,NY ,12077,USA,,800-914-1465,"Service,Up To 2MW,Mobile/Diesel/Gas,"
11368,Industrial/Commercial Sales & Service,00010000931002,"EMERGENCY POWER SYSTEMS, LLC", 35 HAMILTON LANE,,GLENMONT,NY ,12077,USA,,800-914-1465,"Service,"
11368,Industrial/Commercial Sales & Service,00010208021002,Modern Group Power Systems, 3480 Board Road,,York,PA ,17402,USA,,800-404-7291,"Sales,Service,Up To 2MW,Mobile/Diesel/Gas,"
11368,Industrial/Commercial Sales & Service,00010001731002,AUTHORIZED SERVICES OF NEW ENGLAND, 410 FOREST STREET,,MARLBOROUGH,MA ,01752,USA,,888-890-9886,"Sales,"
11368,Industrial/Commercial Sales & Service,00010001761002,"GENSERVE, INC.", 100 NEWTOWN RD,,PLAINVIEW,NY ,11803,USA,www.genserveinc.com,631-435-0437,"Service,"
11368,Industrial/Commercial Sales & Service,00111209521002,LONG ISLAND EMERGENCY POWER -QO, 2 Ocean Avenue,,DEER PARK,NY ,11729,USA,,631-586-7513,"Sales,"
11368,Industrial/Commercial Sales & Service,00010139211002,POWERPRO SERVICE CO. INC., 608 JOHNSON AVE. UNIT 6,,BOHEMIA,NY ,11716,USA,,631-567-2700,"Sales,Service,Up To 600kW,Mobile/Diesel/Gas,"
11368,Industrial/Commercial Sales & Service,00111209531002,HUNTINGTON POWER - LONG ISLAND, PO BOX 2040,,SHELTON,CT ,06484,USA,,631-586-7513,"Sales,"
11368,Industrial/Commercial Sales & Service,00010134071002,PEAK POWER SYSTEMS, 99 SPRAGUE AVENUE,,MIDDLETOWN,NY ,10940,USA,www.peakpowersystems.com,845-344-1975,"Sales,Service,Up To 600kW,Mobile/Diesel/Gas,Rental,"
11368,Industrial/Commercial Sales & Service,00010001761002,"GENSERVE, INC.", 115A TWINBRIDGE DR.,,PENNSAUKEN,NJ ,08110,USA,www.genserveinc.com,856-324-0459,"Service,"
11368,Industrial/Commercial Sales & Service,00010001621002,BROOKFIELD SERVICE, 708 GLEBE ROAD,,WESTMORELAND,NH ,03467,USA,www.brookfieldservice.com,802-485-6567,"Service,Up To 600kW,Mobile/Diesel/Gas,"
11368,Industrial/Commercial Sales & Service,00111184131002,HUNTER & LOMISON, 1956 W FOURTH ST,,WILLIAMSPORT,PA ,17701,USA,www.hunterlomison.com,570-326-1764,"Sales,Service,Up To 600kW,Mobile/Diesel/Gas,Rental,"
11368,Industrial/Commercial Sales & Service,00010000881002,HUNTER & LOMISON INC., 1956 W. 4TH STREET,,WILLIAMSPORT,PA ,17701,USA,www.hunterlomison.com,570-326-1764,"Service,Up To 600kW,Mobile/Diesel/Gas,"
11368,Industrial/Commercial Sales & Service,00010021101002,SOUTH SHORE GENERATOR INC-Quote, 2696A CRANBERRY HWY,,WAREHAM,MA ,02571,USA,,508-295-7336,"Sales,Service,Up To 600kW,Mobile/Diesel/Gas,"
11368,Industrial/Commercial Sales & Service,00010001701002,SOUTH SHORE GENERATOR INC, ,,EAST WAREHAM,MA ,02538,USA,,508-295-7336,"Financing,Sales,Service,Up To 600kW,Mobile/Diesel/Gas,"
11368,Industrial/Commercial Sales & Service,00111207431002,WARSHAUER ELECTRIC SUPPLY CO INC, 800 SHREWSBURY AVE,,TINTON FALLS,NJ ,07724,USA,www.warshauer.com,732-741-6400,"Service,"
11368,Industrial/Commercial Sales & Service,00010157021002,Mechanical Service Co, 1145 Oak St.,,Pittston,PA ,18640,USA,,570-654-2445,"Service,"
11369,Industrial/Commercial Sales & Service,00010001611002,Huntington Power, 230 Long Hill Cross Rd,,Shelton,CT ,06484,USA,www.huntingtonpower.com,203-929-3203,"Sales,Service,Up To 2MW,Mobile/Diesel/Gas,Training,Rental,"
11369,Industrial/Commercial Sales & Service,00010214161002,"R.L. Kistler, Inc", 300 Mile Crossing Blvd.,,Rochester,NY ,14624,USA,rlkistler.com,585-436-1940,"Sales,"
11369,Industrial/Commercial Sales & Service,00010214161002,"R.L. KISTLER, INC.", 35 HAMILTON LANE,,GLENMONT,NY ,12077,USA,,585-436-1940,"Sales,Service,"
11369,Industrial/Commercial Sales & Service,00010001611002,Huntington Power, 68 Enter Ln,,Islandia,NY ,11749,USA,,631-563-4943,"Sales,Service,Up To 2MW,Mobile/Diesel/Gas,"
11369,Industrial/Commercial Sales & Service,00010001611002,Huntington Power, 34 E DUDLEY TOWN RD.,,BLOOMFIELD,CT ,06002,USA,,860-289-8790,"Sales,Service,Rental,"
11369,Industrial/Commercial Sales & Service,00010214161002,"R.L. Kistler, Inc", 5615 Business Ave.,,N. Syracuse,NY ,13208,USA,,315-458-2875,"Sales,"
11369,Industrial/Commercial Sales & Service,00010214161002,"R.L. Kistler, Inc", 5615 Business Ave.,,N. Syracuse,NY ,13208,USA,,315-458-2875,"Sales,"
11369,Industrial/Commercial Sales & Service,00010208021002,Modern Group Power Systems, 2501 Durham Road,,Bristol,PA ,19007,USA,www.moderngroup.com,800-404-7291,"Sales,Service,Up To 2MW,Mobile/Diesel/Gas,Training,Rental,"
11369,Industrial/Commercial Sales & Service,00010001731002,Authorized Services Of New England, 410 Forest Street,,Marlborough,MA ,01752,USA,www.asne.com,888-890-9886,"Financing,Sales,Service,Up To 2MW,Mobile/Diesel/Gas,Training,Rental,"
11369,Industrial/Commercial Sales & Service,00010008091002,MODERN HANDLING EQUIP, 75 NEW STREET,,EDISON,NJ ,08837,USA,www.moderngroup.com,800-779-5116,"Sales,Service,Up To 2MW,Mobile/Diesel/Gas,"
11369,Industrial/Commercial Sales & Service,00010208021002,Modern Group Power Systems, 200 Allied Parkway,,West Berlin,NJ ,08091,USA,,800-404-7291,"Sales,Service,Up To 2MW,Mobile/Diesel/Gas,"
11369,Industrial/Commercial Sales & Service,00010208021002,Modern Group Power Systems, 6352 Chapmans Rd,,Allentown,PA ,18106,USA,,800-404-7291,"Sales,Service,Up To 2MW,Mobile/Diesel/Gas,"
11369,Industrial/Commercial Sales & Service,00010208021002,Modern Group Power Systems, 295 New Commerce Blvd.,,Wilkes Barre,PA ,18706,USA,,800-404-7291,"Sales,Service,Up To 2MW,Mobile/Diesel/Gas,"
11369,Industrial/Commercial Sales & Service,00010208021002,Modern Group Power Systems, 66A South Gate Blvd.,,New Castle,DE ,19720,USA,,800-404-7291,"Sales,Service,Up To 2MW,Mobile/Diesel/Gas,"
11369,Industrial/Commercial Sales & Service,00010000931002,"EMERGENCY POWER SYSTEMS, LLC", 35 HAMILTON LANE,,GLENMONT,NY ,12077,USA,,800-914-1465,"Service,Up To 2MW,Mobile/Diesel/Gas,"
11369,Industrial/Commercial Sales & Service,00010000931002,"EMERGENCY POWER SYSTEMS, LLC", 35 HAMILTON LANE,,GLENMONT,NY ,12077,USA,,800-914-1465,"Service,"
11369,Industrial/Commercial Sales & Service,00010208021002,Modern Group Power Systems, 3480 Board Road,,York,PA ,17402,USA,,800-404-7291,"Sales,Service,Up To 2MW,Mobile/Diesel/Gas,"
11369,Industrial/Commercial Sales & Service,00010001731002,AUTHORIZED SERVICES OF NEW ENGLAND, 410 FOREST STREET,,MARLBOROUGH,MA ,01752,USA,,888-890-9886,"Sales,"
11369,Industrial/Commercial Sales & Service,00010001761002,"GENSERVE, INC.", 100 NEWTOWN RD,,PLAINVIEW,NY ,11803,USA,www.genserveinc.com,631-435-0437,"Service,"
11369,Industrial/Commercial Sales & Service,00111209521002,LONG ISLAND EMERGENCY POWER -QO, 2 Ocean Avenue,,DEER PARK,NY ,11729,USA,,631-586-7513,"Sales,"
11369,Industrial/Commercial Sales & Service,00010139211002,POWERPRO SERVICE CO. INC., 608 JOHNSON AVE. UNIT 6,,BOHEMIA,NY ,11716,USA,,631-567-2700,"Sales,Service,Up To 600kW,Mobile/Diesel/Gas,"
11369,Industrial/Commercial Sales & Service,00111209531002,HUNTINGTON POWER - LONG ISLAND, PO BOX 2040,,SHELTON,CT ,06484,USA,,631-586-7513,"Sales,"
11369,Industrial/Commercial Sales & Service,00010134071002,PEAK POWER SYSTEMS, 99 SPRAGUE AVENUE,,MIDDLETOWN,NY ,10940,USA,www.peakpowersystems.com,845-344-1975,"Sales,Service,Up To 600kW,Mobile/Diesel/Gas,Rental,"
11369,Industrial/Commercial Sales & Service,00010001761002,"GENSERVE, INC.", 115A TWINBRIDGE DR.,,PENNSAUKEN,NJ ,08110,USA,www.genserveinc.com,856-324-0459,"Service,"
11369,Industrial/Commercial Sales & Service,00111184131002,HUNTER & LOMISON, 1956 W FOURTH ST,,WILLIAMSPORT,PA ,17701,USA,www.hunterlomison.com,570-326-1764,"Sales,Service,Up To 600kW,Mobile/Diesel/Gas,Rental,"
11369,Industrial/Commercial Sales & Service,00010000881002,HUNTER & LOMISON INC., 1956 W. 4TH STREET,,WILLIAMSPORT,PA ,17701,USA,www.hunterlomison.com,570-326-1764,"Service,Up To 600kW,Mobile/Diesel/Gas,"
11369,Industrial/Commercial Sales & Service,00010001621002,BROOKFIELD SERVICE, 708 GLEBE ROAD,,WESTMORELAND,NH ,03467,USA,www.brookfieldservice.com,802-485-6567,"Service,Up To 600kW,Mobile/Diesel/Gas,"
11369,Industrial/Commercial Sales & Service,00010021101002,SOUTH SHORE GENERATOR INC-Quote, 2696A CRANBERRY HWY,,WAREHAM,MA ,02571,USA,,508-295-7336,"Sales,Service,Up To 600kW,Mobile/Diesel/Gas,"
11369,Industrial/Commercial Sales & Service,00010001701002,SOUTH SHORE GENERATOR INC, ,,EAST WAREHAM,MA ,02538,USA,,508-295-7336,"Financing,Sales,Service,Up To 600kW,Mobile/Diesel/Gas,"
11369,Industrial/Commercial Sales & Service,00111207431002,WARSHAUER ELECTRIC SUPPLY CO INC, 800 SHREWSBURY AVE,,TINTON FALLS,NJ ,07724,USA,www.warshauer.com,732-741-6400,"Service,"
11369,Industrial/Commercial Sales & Service,00010157021002,Mechanical Service Co, 1145 Oak St.,,Pittston,PA ,18640,USA,,570-654-2445,"Service,"
11370,Industrial/Commercial Sales & Service,00010214161002,"R.L. KISTLER, INC.", 35 HAMILTON LANE,,GLENMONT,NY ,12077,USA,,585-436-1940,"Sales,Service,"
11370,Industrial/Commercial Sales & Service,00010001611002,Huntington Power, 230 Long Hill Cross Rd,,Shelton,CT ,06484,USA,www.huntingtonpower.com,203-929-3203,"Sales,Service,Up To 2MW,Mobile/Diesel/Gas,Training,Rental,"
11370,Industrial/Commercial Sales & Service,00010214161002,"R.L. Kistler, Inc", 300 Mile Crossing Blvd.,,Rochester,NY ,14624,USA,rlkistler.com,585-436-1940,"Sales,"
11370,Industrial/Commercial Sales & Service,00010214161002,"R.L. Kistler, Inc", 5615 Business Ave.,,N. Syracuse,NY ,13208,USA,,315-458-2875,"Sales,"
11370,Industrial/Commercial Sales & Service,00010001611002,Huntington Power, 68 Enter Ln,,Islandia,NY ,11749,USA,,631-563-4943,"Sales,Service,Up To 2MW,Mobile/Diesel/Gas,"
11370,Industrial/Commercial Sales & Service,00010001611002,Huntington Power, 34 E DUDLEY TOWN RD.,,BLOOMFIELD,CT ,06002,USA,,860-289-8790,"Sales,Service,Rental,"
11370,Industrial/Commercial Sales & Service,00010214161002,"R.L. Kistler, Inc", 5615 Business Ave.,,N. Syracuse,NY ,13208,USA,,315-458-2875,"Sales,"
11370,Industrial/Commercial Sales & Service,00010208021002,Modern Group Power Systems, 2501 Durham Road,,Bristol,PA ,19007,USA,www.moderngroup.com,800-404-7291,"Sales,Service,Up To 2MW,Mobile/Diesel/Gas,Training,Rental,"
11370,Industrial/Commercial Sales & Service,00010001731002,Authorized Services Of New England, 410 Forest Street,,Marlborough,MA ,01752,USA,www.asne.com,888-890-9886,"Financing,Sales,Service,Up To 2MW,Mobile/Diesel/Gas,Training,Rental,"
11370,Industrial/Commercial Sales & Service,00010008091002,MODERN HANDLING EQUIP, 75 NEW STREET,,EDISON,NJ ,08837,USA,www.moderngroup.com,800-779-5116,"Sales,Service,Up To 2MW,Mobile/Diesel/Gas,"
11370,Industrial/Commercial Sales & Service,00010208021002,Modern Group Power Systems, 200 Allied Parkway,,West Berlin,NJ ,08091,USA,,800-404-7291,"Sales,Service,Up To 2MW,Mobile/Diesel/Gas,"
11370,Industrial/Commercial Sales & Service,00010208021002,Modern Group Power Systems, 6352 Chapmans Rd,,Allentown,PA ,18106,USA,,800-404-7291,"Sales,Service,Up To 2MW,Mobile/Diesel/Gas,"
11370,Industrial/Commercial Sales & Service,00010208021002,Modern Group Power Systems, 295 New Commerce Blvd.,,Wilkes Barre,PA ,18706,USA,,800-404-7291,"Sales,Service,Up To 2MW,Mobile/Diesel/Gas,"
11370,Industrial/Commercial Sales & Service,00010208021002,Modern Group Power Systems, 66A South Gate Blvd.,,New Castle,DE ,19720,USA,,800-404-7291,"Sales,Service,Up To 2MW,Mobile/Diesel/Gas,"
11370,Industrial/Commercial Sales & Service,00010000931002,"EMERGENCY POWER SYSTEMS, LLC", 35 HAMILTON LANE,,GLENMONT,NY ,12077,USA,,800-914-1465,"Service,Up To 2MW,Mobile/Diesel/Gas,"
11370,Industrial/Commercial Sales & Service,00010000931002,"EMERGENCY POWER SYSTEMS, LLC", 35 HAMILTON LANE,,GLENMONT,NY ,12077,USA,,800-914-1465,"Service,"
11370,Industrial/Commercial Sales & Service,00010208021002,Modern Group Power Systems, 3480 Board Road,,York,PA ,17402,USA,,800-404-7291,"Sales,Service,Up To 2MW,Mobile/Diesel/Gas,"
11370,Industrial/Commercial Sales & Service,00010001731002,AUTHORIZED SERVICES OF NEW ENGLAND, 410 FOREST STREET,,MARLBOROUGH,MA ,01752,USA,,888-890-9886,"Sales,"
11370,Industrial/Commercial Sales & Service,00010001761002,"GENSERVE, INC.", 100 NEWTOWN RD,,PLAINVIEW,NY ,11803,USA,www.genserveinc.com,631-435-0437,"Service,"
11370,Industrial/Commercial Sales & Service,00111209521002,LONG ISLAND EMERGENCY POWER -QO, 2 Ocean Avenue,,DEER PARK,NY ,11729,USA,,631-586-7513,"Sales,"
11370,Industrial/Commercial Sales & Service,00010139211002,POWERPRO SERVICE CO. INC., 608 JOHNSON AVE. UNIT 6,,BOHEMIA,NY ,11716,USA,,631-567-2700,"Sales,Service,Up To 600kW,Mobile/Diesel/Gas,"
11370,Industrial/Commercial Sales & Service,00111209531002,HUNTINGTON POWER - LONG ISLAND, PO BOX 2040,,SHELTON,CT ,06484,USA,,631-586-7513,"Sales,"
11370,Industrial/Commercial Sales & Service,00010134071002,PEAK POWER SYSTEMS, 99 SPRAGUE AVENUE,,MIDDLETOWN,NY ,10940,USA,www.peakpowersystems.com,845-344-1975,"Sales,Service,Up To 600kW,Mobile/Diesel/Gas,Rental,"
11370,Industrial/Commercial Sales & Service,00010001761002,"GENSERVE, INC.", 115A TWINBRIDGE DR.,,PENNSAUKEN,NJ ,08110,USA,www.genserveinc.com,856-324-0459,"Service,"
11370,Industrial/Commercial Sales & Service,00111184131002,HUNTER & LOMISON, 1956 W FOURTH ST,,WILLIAMSPORT,PA ,17701,USA,www.hunterlomison.com,570-326-1764,"Sales,Service,Up To 600kW,Mobile/Diesel/Gas,Rental,"
11370,Industrial/Commercial Sales & Service,00010000881002,HUNTER & LOMISON INC., 1956 W. 4TH STREET,,WILLIAMSPORT,PA ,17701,USA,www.hunterlomison.com,570-326-1764,"Service,Up To 600kW,Mobile/Diesel/Gas,"
11370,Industrial/Commercial Sales & Service,00010001621002,BROOKFIELD SERVICE, 708 GLEBE ROAD,,WESTMORELAND,NH ,03467,USA,www.brookfieldservice.com,802-485-6567,"Service,Up To 600kW,Mobile/Diesel/Gas,"
11370,Industrial/Commercial Sales & Service,00010021101002,SOUTH SHORE GENERATOR INC-Quote, 2696A CRANBERRY HWY,,WAREHAM,MA ,02571,USA,,508-295-7336,"Sales,Service,Up To 600kW,Mobile/Diesel/Gas,"
11370,Industrial/Commercial Sales & Service,00010001701002,SOUTH SHORE GENERATOR INC, ,,EAST WAREHAM,MA ,02538,USA,,508-295-7336,"Financing,Sales,Service,Up To 600kW,Mobile/Diesel/Gas,"
11370,Industrial/Commercial Sales & Service,00111207431002,WARSHAUER ELECTRIC SUPPLY CO INC, 800 SHREWSBURY AVE,,TINTON FALLS,NJ ,07724,USA,www.warshauer.com,732-741-6400,"Service,"
11370,Industrial/Commercial Sales & Service,00010157021002,Mechanical Service Co, 1145 Oak St.,,Pittston,PA ,18640,USA,,570-654-2445,"Service,"
11371,Industrial/Commercial Sales & Service,00010001611002,Huntington Power, 230 Long Hill Cross Rd,,Shelton,CT ,06484,USA,www.huntingtonpower.com,203-929-3203,"Sales,Service,Up To 2MW,Mobile/Diesel/Gas,Training,Rental,"
11371,Industrial/Commercial Sales & Service,00010214161002,"R.L. KISTLER, INC.", 35 HAMILTON LANE,,GLENMONT,NY ,12077,USA,,585-436-1940,"Sales,Service,"
11371,Industrial/Commercial Sales & Service,00010214161002,"R.L. Kistler, Inc", 300 Mile Crossing Blvd.,,Rochester,NY ,14624,USA,rlkistler.com,585-436-1940,"Sales,"
11371,Industrial/Commercial Sales & Service,00010001611002,Huntington Power, 68 Enter Ln,,Islandia,NY ,11749,USA,,631-563-4943,"Sales,Service,Up To 2MW,Mobile/Diesel/Gas,"
11371,Industrial/Commercial Sales & Service,00010001611002,Huntington Power, 34 E DUDLEY TOWN RD.,,BLOOMFIELD,CT ,06002,USA,,860-289-8790,"Sales,Service,Rental,"
11371,Industrial/Commercial Sales & Service,00010214161002,"R.L. Kistler, Inc", 5615 Business Ave.,,N. Syracuse,NY ,13208,USA,,315-458-2875,"Sales,"
11371,Industrial/Commercial Sales & Service,00010214161002,"R.L. Kistler, Inc", 5615 Business Ave.,,N. Syracuse,NY ,13208,USA,,315-458-2875,"Sales,"
11371,Industrial/Commercial Sales & Service,00010208021002,Modern Group Power Systems, 2501 Durham Road,,Bristol,PA ,19007,USA,www.moderngroup.com,800-404-7291,"Sales,Service,Up To 2MW,Mobile/Diesel/Gas,Training,Rental,"
11371,Industrial/Commercial Sales & Service,00010001731002,Authorized Services Of New England, 410 Forest Street,,Marlborough,MA ,01752,USA,www.asne.com,888-890-9886,"Financing,Sales,Service,Up To 2MW,Mobile/Diesel/Gas,Training,Rental,"
11371,Industrial/Commercial Sales & Service,00010008091002,MODERN HANDLING EQUIP, 75 NEW STREET,,EDISON,NJ ,08837,USA,www.moderngroup.com,800-779-5116,"Sales,Service,Up To 2MW,Mobile/Diesel/Gas,"
11371,Industrial/Commercial Sales & Service,00010208021002,Modern Group Power Systems, 200 Allied Parkway,,West Berlin,NJ ,08091,USA,,800-404-7291,"Sales,Service,Up To 2MW,Mobile/Diesel/Gas,"
11371,Industrial/Commercial Sales & Service,00010208021002,Modern Group Power Systems, 6352 Chapmans Rd,,Allentown,PA ,18106,USA,,800-404-7291,"Sales,Service,Up To 2MW,Mobile/Diesel/Gas,"
11371,Industrial/Commercial Sales & Service,00010208021002,Modern Group Power Systems, 295 New Commerce Blvd.,,Wilkes Barre,PA ,18706,USA,,800-404-7291,"Sales,Service,Up To 2MW,Mobile/Diesel/Gas,"
11371,Industrial/Commercial Sales & Service,00010208021002,Modern Group Power Systems, 66A South Gate Blvd.,,New Castle,DE ,19720,USA,,800-404-7291,"Sales,Service,Up To 2MW,Mobile/Diesel/Gas,"
11371,Industrial/Commercial Sales & Service,00010000931002,"EMERGENCY POWER SYSTEMS, LLC", 35 HAMILTON LANE,,GLENMONT,NY ,12077,USA,,800-914-1465,"Service,Up To 2MW,Mobile/Diesel/Gas,"
11371,Industrial/Commercial Sales & Service,00010000931002,"EMERGENCY POWER SYSTEMS, LLC", 35 HAMILTON LANE,,GLENMONT,NY ,12077,USA,,800-914-1465,"Service,"
11371,Industrial/Commercial Sales & Service,00010208021002,Modern Group Power Systems, 3480 Board Road,,York,PA ,17402,USA,,800-404-7291,"Sales,Service,Up To 2MW,Mobile/Diesel/Gas,"
11371,Industrial/Commercial Sales & Service,00010001731002,AUTHORIZED SERVICES OF NEW ENGLAND, 410 FOREST STREET,,MARLBOROUGH,MA ,01752,USA,,888-890-9886,"Sales,"
11371,Industrial/Commercial Sales & Service,00010001761002,"GENSERVE, INC.", 100 NEWTOWN RD,,PLAINVIEW,NY ,11803,USA,www.genserveinc.com,631-435-0437,"Service,"
11371,Industrial/Commercial Sales & Service,00111209521002,LONG ISLAND EMERGENCY POWER -QO, 2 Ocean Avenue,,DEER PARK,NY ,11729,USA,,631-586-7513,"Sales,"
11371,Industrial/Commercial Sales & Service,00010139211002,POWERPRO SERVICE CO. INC., 608 JOHNSON AVE. UNIT 6,,BOHEMIA,NY ,11716,USA,,631-567-2700,"Sales,Service,Up To 600kW,Mobile/Diesel/Gas,"
11371,Industrial/Commercial Sales & Service,00111209531002,HUNTINGTON POWER - LONG ISLAND, PO BOX 2040,,SHELTON,CT ,06484,USA,,631-586-7513,"Sales,"
11371,Industrial/Commercial Sales & Service,00010134071002,PEAK POWER SYSTEMS, 99 SPRAGUE AVENUE,,MIDDLETOWN,NY ,10940,USA,www.peakpowersystems.com,845-344-1975,"Sales,Service,Up To 600kW,Mobile/Diesel/Gas,Rental,"
11371,Industrial/Commercial Sales & Service,00010001761002,"GENSERVE, INC.", 115A TWINBRIDGE DR.,,PENNSAUKEN,NJ ,08110,USA,www.genserveinc.com,856-324-0459,"Service,"
11371,Industrial/Commercial Sales & Service,00111184131002,HUNTER & LOMISON, 1956 W FOURTH ST,,WILLIAMSPORT,PA ,17701,USA,www.hunterlomison.com,570-326-1764,"Sales,Service,Up To 600kW,Mobile/Diesel/Gas,Rental,"
11371,Industrial/Commercial Sales & Service,00010000881002,HUNTER & LOMISON INC., 1956 W. 4TH STREET,,WILLIAMSPORT,PA ,17701,USA,www.hunterlomison.com,570-326-1764,"Service,Up To 600kW,Mobile/Diesel/Gas,"
11371,Industrial/Commercial Sales & Service,00010001621002,BROOKFIELD SERVICE, 708 GLEBE ROAD,,WESTMORELAND,NH ,03467,USA,www.brookfieldservice.com,802-485-6567,"Service,Up To 600kW,Mobile/Diesel/Gas,"
11371,Industrial/Commercial Sales & Service,00010021101002,SOUTH SHORE GENERATOR INC-Quote, 2696A CRANBERRY HWY,,WAREHAM,MA ,02571,USA,,508-295-7336,"Sales,Service,Up To 600kW,Mobile/Diesel/Gas,"
11371,Industrial/Commercial Sales & Service,00010001701002,SOUTH SHORE GENERATOR INC, ,,EAST WAREHAM,MA ,02538,USA,,508-295-7336,"Financing,Sales,Service,Up To 600kW,Mobile/Diesel/Gas,"
11371,Industrial/Commercial Sales & Service,00111207431002,WARSHAUER ELECTRIC SUPPLY CO INC, 800 SHREWSBURY AVE,,TINTON FALLS,NJ ,07724,USA,www.warshauer.com,732-741-6400,"Service,"
11371,Industrial/Commercial Sales & Service,00010157021002,Mechanical Service Co, 1145 Oak St.,,Pittston,PA ,18640,USA,,570-654-2445,"Service,"
11372,Industrial/Commercial Sales & Service,00010214161002,"R.L. Kistler, Inc", 300 Mile Crossing Blvd.,,Rochester,NY ,14624,USA,rlkistler.com,585-436-1940,"Sales,"
11372,Industrial/Commercial Sales & Service,00010001611002,Huntington Power, 230 Long Hill Cross Rd,,Shelton,CT ,06484,USA,www.huntingtonpower.com,203-929-3203,"Sales,Service,Up To 2MW,Mobile/Diesel/Gas,Training,Rental,"
11372,Industrial/Commercial Sales & Service,00010214161002,"R.L. KISTLER, INC.", 35 HAMILTON LANE,,GLENMONT,NY ,12077,USA,,585-436-1940,"Sales,Service,"
11372,Industrial/Commercial Sales & Service,00010214161002,"R.L. Kistler, Inc", 5615 Business Ave.,,N. Syracuse,NY ,13208,USA,,315-458-2875,"Sales,"
11372,Industrial/Commercial Sales & Service,00010001611002,Huntington Power, 68 Enter Ln,,Islandia,NY ,11749,USA,,631-563-4943,"Sales,Service,Up To 2MW,Mobile/Diesel/Gas,"
11372,Industrial/Commercial Sales & Service,00010001611002,Huntington Power, 34 E DUDLEY TOWN RD.,,BLOOMFIELD,CT ,06002,USA,,860-289-8790,"Sales,Service,Rental,"
11372,Industrial/Commercial Sales & Service,00010214161002,"R.L. Kistler, Inc", 5615 Business Ave.,,N. Syracuse,NY ,13208,USA,,315-458-2875,"Sales,"
11372,Industrial/Commercial Sales & Service,00010208021002,Modern Group Power Systems, 2501 Durham Road,,Bristol,PA ,19007,USA,www.moderngroup.com,800-404-7291,"Sales,Service,Up To 2MW,Mobile/Diesel/Gas,Training,Rental,"
11372,Industrial/Commercial Sales & Service,00010001731002,Authorized Services Of New England, 410 Forest Street,,Marlborough,MA ,01752,USA,www.asne.com,888-890-9886,"Financing,Sales,Service,Up To 2MW,Mobile/Diesel/Gas,Training,Rental,"
11372,Industrial/Commercial Sales & Service,00010008091002,MODERN HANDLING EQUIP, 75 NEW STREET,,EDISON,NJ ,08837,USA,www.moderngroup.com,800-779-5116,"Sales,Service,Up To 2MW,Mobile/Diesel/Gas,"
11372,Industrial/Commercial Sales & Service,00010208021002,Modern Group Power Systems, 200 Allied Parkway,,West Berlin,NJ ,08091,USA,,800-404-7291,"Sales,Service,Up To 2MW,Mobile/Diesel/Gas,"
11372,Industrial/Commercial Sales & Service,00010208021002,Modern Group Power Systems, 6352 Chapmans Rd,,Allentown,PA ,18106,USA,,800-404-7291,"Sales,Service,Up To 2MW,Mobile/Diesel/Gas,"
11372,Industrial/Commercial Sales & Service,00010208021002,Modern Group Power Systems, 295 New Commerce Blvd.,,Wilkes Barre,PA ,18706,USA,,800-404-7291,"Sales,Service,Up To 2MW,Mobile/Diesel/Gas,"
11372,Industrial/Commercial Sales & Service,00010208021002,Modern Group Power Systems, 66A South Gate Blvd.,,New Castle,DE ,19720,USA,,800-404-7291,"Sales,Service,Up To 2MW,Mobile/Diesel/Gas,"
11372,Industrial/Commercial Sales & Service,00010000931002,"EMERGENCY POWER SYSTEMS, LLC", 35 HAMILTON LANE,,GLENMONT,NY ,12077,USA,,800-914-1465,"Service,Up To 2MW,Mobile/Diesel/Gas,"
11372,Industrial/Commercial Sales & Service,00010000931002,"EMERGENCY POWER SYSTEMS, LLC", 35 HAMILTON LANE,,GLENMONT,NY ,12077,USA,,800-914-1465,"Service,"
11372,Industrial/Commercial Sales & Service,00010208021002,Modern Group Power Systems, 3480 Board Road,,York,PA ,17402,USA,,800-404-7291,"Sales,Service,Up To 2MW,Mobile/Diesel/Gas,"
11372,Industrial/Commercial Sales & Service,00010001731002,AUTHORIZED SERVICES OF NEW ENGLAND, 410 FOREST STREET,,MARLBOROUGH,MA ,01752,USA,,888-890-9886,"Sales,"
11372,Industrial/Commercial Sales & Service,00010001761002,"GENSERVE, INC.", 100 NEWTOWN RD,,PLAINVIEW,NY ,11803,USA,www.genserveinc.com,631-435-0437,"Service,"
11372,Industrial/Commercial Sales & Service,00111209521002,LONG ISLAND EMERGENCY POWER -QO, 2 Ocean Avenue,,DEER PARK,NY ,11729,USA,,631-586-7513,"Sales,"
11372,Industrial/Commercial Sales & Service,00010139211002,POWERPRO SERVICE CO. INC., 608 JOHNSON AVE. UNIT 6,,BOHEMIA,NY ,11716,USA,,631-567-2700,"Sales,Service,Up To 600kW,Mobile/Diesel/Gas,"
11372,Industrial/Commercial Sales & Service,00111209531002,HUNTINGTON POWER - LONG ISLAND, PO BOX 2040,,SHELTON,CT ,06484,USA,,631-586-7513,"Sales,"
11372,Industrial/Commercial Sales & Service,00010134071002,PEAK POWER SYSTEMS, 99 SPRAGUE AVENUE,,MIDDLETOWN,NY ,10940,USA,www.peakpowersystems.com,845-344-1975,"Sales,Service,Up To 600kW,Mobile/Diesel/Gas,Rental,"
11372,Industrial/Commercial Sales & Service,00010001761002,"GENSERVE, INC.", 115A TWINBRIDGE DR.,,PENNSAUKEN,NJ ,08110,USA,www.genserveinc.com,856-324-0459,"Service,"
11372,Industrial/Commercial Sales & Service,00111184131002,HUNTER & LOMISON, 1956 W FOURTH ST,,WILLIAMSPORT,PA ,17701,USA,www.hunterlomison.com,570-326-1764,"Sales,Service,Up To 600kW,Mobile/Diesel/Gas,Rental,"
11372,Industrial/Commercial Sales & Service,00010000881002,HUNTER & LOMISON INC., 1956 W. 4TH STREET,,WILLIAMSPORT,PA ,17701,USA,www.hunterlomison.com,570-326-1764,"Service,Up To 600kW,Mobile/Diesel/Gas,"
11372,Industrial/Commercial Sales & Service,00010001621002,BROOKFIELD SERVICE, 708 GLEBE ROAD,,WESTMORELAND,NH ,03467,USA,www.brookfieldservice.com,802-485-6567,"Service,Up To 600kW,Mobile/Diesel/Gas,"
11372,Industrial/Commercial Sales & Service,00010021101002,SOUTH SHORE GENERATOR INC-Quote, 2696A CRANBERRY HWY,,WAREHAM,MA ,02571,USA,,508-295-7336,"Sales,Service,Up To 600kW,Mobile/Diesel/Gas,"
11372,Industrial/Commercial Sales & Service,00010001701002,SOUTH SHORE GENERATOR INC, ,,EAST WAREHAM,MA ,02538,USA,,508-295-7336,"Financing,Sales,Service,Up To 600kW,Mobile/Diesel/Gas,"
11372,Industrial/Commercial Sales & Service,00111207431002,WARSHAUER ELECTRIC SUPPLY CO INC, 800 SHREWSBURY AVE,,TINTON FALLS,NJ ,07724,USA,www.warshauer.com,732-741-6400,"Service,"
11372,Industrial/Commercial Sales & Service,00010157021002,Mechanical Service Co, 1145 Oak St.,,Pittston,PA ,18640,USA,,570-654-2445,"Service,"
11373,Industrial/Commercial Sales & Service,00010001611002,Huntington Power, 230 Long Hill Cross Rd,,Shelton,CT ,06484,USA,www.huntingtonpower.com,203-929-3203,"Sales,Service,Up To 2MW,Mobile/Diesel/Gas,Training,Rental,"
11373,Industrial/Commercial Sales & Service,00010214161002,"R.L. Kistler, Inc", 300 Mile Crossing Blvd.,,Rochester,NY ,14624,USA,rlkistler.com,585-436-1940,"Sales,"
11373,Industrial/Commercial Sales & Service,00010214161002,"R.L. KISTLER, INC.", 35 HAMILTON LANE,,GLENMONT,NY ,12077,USA,,585-436-1940,"Sales,Service,"
11373,Industrial/Commercial Sales & Service,00010001611002,Huntington Power, 68 Enter Ln,,Islandia,NY ,11749,USA,,631-563-4943,"Sales,Service,Up To 2MW,Mobile/Diesel/Gas,"
11373,Industrial/Commercial Sales & Service,00010001611002,Huntington Power, 34 E DUDLEY TOWN RD.,,BLOOMFIELD,CT ,06002,USA,,860-289-8790,"Sales,Service,Rental,"
11373,Industrial/Commercial Sales & Service,00010214161002,"R.L. Kistler, Inc", 5615 Business Ave.,,N. Syracuse,NY ,13208,USA,,315-458-2875,"Sales,"
11373,Industrial/Commercial Sales & Service,00010214161002,"R.L. Kistler, Inc", 5615 Business Ave.,,N. Syracuse,NY ,13208,USA,,315-458-2875,"Sales,"
11373,Industrial/Commercial Sales & Service,00010208021002,Modern Group Power Systems, 2501 Durham Road,,Bristol,PA ,19007,USA,www.moderngroup.com,800-404-7291,"Sales,Service,Up To 2MW,Mobile/Diesel/Gas,Training,Rental,"
11373,Industrial/Commercial Sales & Service,00010001731002,Authorized Services Of New England, 410 Forest Street,,Marlborough,MA ,01752,USA,www.asne.com,888-890-9886,"Financing,Sales,Service,Up To 2MW,Mobile/Diesel/Gas,Training,Rental,"
11373,Industrial/Commercial Sales & Service,00010008091002,MODERN HANDLING EQUIP, 75 NEW STREET,,EDISON,NJ ,08837,USA,www.moderngroup.com,800-779-5116,"Sales,Service,Up To 2MW,Mobile/Diesel/Gas,"
11373,Industrial/Commercial Sales & Service,00010208021002,Modern Group Power Systems, 200 Allied Parkway,,West Berlin,NJ ,08091,USA,,800-404-7291,"Sales,Service,Up To 2MW,Mobile/Diesel/Gas,"
11373,Industrial/Commercial Sales & Service,00010208021002,Modern Group Power Systems, 6352 Chapmans Rd,,Allentown,PA ,18106,USA,,800-404-7291,"Sales,Service,Up To 2MW,Mobile/Diesel/Gas,"
11373,Industrial/Commercial Sales & Service,00010208021002,Modern Group Power Systems, 295 New Commerce Blvd.,,Wilkes Barre,PA ,18706,USA,,800-404-7291,"Sales,Service,Up To 2MW,Mobile/Diesel/Gas,"
11373,Industrial/Commercial Sales & Service,00010208021002,Modern Group Power Systems, 66A South Gate Blvd.,,New Castle,DE ,19720,USA,,800-404-7291,"Sales,Service,Up To 2MW,Mobile/Diesel/Gas,"
11373,Industrial/Commercial Sales & Service,00010000931002,"EMERGENCY POWER SYSTEMS, LLC", 35 HAMILTON LANE,,GLENMONT,NY ,12077,USA,,800-914-1465,"Service,Up To 2MW,Mobile/Diesel/Gas,"
11373,Industrial/Commercial Sales & Service,00010000931002,"EMERGENCY POWER SYSTEMS, LLC", 35 HAMILTON LANE,,GLENMONT,NY ,12077,USA,,800-914-1465,"Service,"
11373,Industrial/Commercial Sales & Service,00010208021002,Modern Group Power Systems, 3480 Board Road,,York,PA ,17402,USA,,800-404-7291,"Sales,Service,Up To 2MW,Mobile/Diesel/Gas,"
11373,Industrial/Commercial Sales & Service,00010001731002,AUTHORIZED SERVICES OF NEW ENGLAND, 410 FOREST STREET,,MARLBOROUGH,MA ,01752,USA,,888-890-9886,"Sales,"
11373,Industrial/Commercial Sales & Service,00010001761002,"GENSERVE, INC.", 100 NEWTOWN RD,,PLAINVIEW,NY ,11803,USA,www.genserveinc.com,631-435-0437,"Service,"
11373,Industrial/Commercial Sales & Service,00111209521002,LONG ISLAND EMERGENCY POWER -QO, 2 Ocean Avenue,,DEER PARK,NY ,11729,USA,,631-586-7513,"Sales,"
11373,Industrial/Commercial Sales & Service,00010139211002,POWERPRO SERVICE CO. INC., 608 JOHNSON AVE. UNIT 6,,BOHEMIA,NY ,11716,USA,,631-567-2700,"Sales,Service,Up To 600kW,Mobile/Diesel/Gas,"
11373,Industrial/Commercial Sales & Service,00111209531002,HUNTINGTON POWER - LONG ISLAND, PO BOX 2040,,SHELTON,CT ,06484,USA,,631-586-7513,"Sales,"
11373,Industrial/Commercial Sales & Service,00010134071002,PEAK POWER SYSTEMS, 99 SPRAGUE AVENUE,,MIDDLETOWN,NY ,10940,USA,www.peakpowersystems.com,845-344-1975,"Sales,Service,Up To 600kW,Mobile/Diesel/Gas,Rental,"
11373,Industrial/Commercial Sales & Service,00010001761002,"GENSERVE, INC.", 115A TWINBRIDGE DR.,,PENNSAUKEN,NJ ,08110,USA,www.genserveinc.com,856-324-0459,"Service,"
11373,Industrial/Commercial Sales & Service,00111184131002,HUNTER & LOMISON, 1956 W FOURTH ST,,WILLIAMSPORT,PA ,17701,USA,www.hunterlomison.com,570-326-1764,"Sales,Service,Up To 600kW,Mobile/Diesel/Gas,Rental,"
11373,Industrial/Commercial Sales & Service,00010000881002,HUNTER & LOMISON INC., 1956 W. 4TH STREET,,WILLIAMSPORT,PA ,17701,USA,www.hunterlomison.com,570-326-1764,"Service,Up To 600kW,Mobile/Diesel/Gas,"
11373,Industrial/Commercial Sales & Service,00010001621002,BROOKFIELD SERVICE, 708 GLEBE ROAD,,WESTMORELAND,NH ,03467,USA,www.brookfieldservice.com,802-485-6567,"Service,Up To 600kW,Mobile/Diesel/Gas,"
11373,Industrial/Commercial Sales & Service,00010021101002,SOUTH SHORE GENERATOR INC-Quote, 2696A CRANBERRY HWY,,WAREHAM,MA ,02571,USA,,508-295-7336,"Sales,Service,Up To 600kW,Mobile/Diesel/Gas,"
11373,Industrial/Commercial Sales & Service,00010001701002,SOUTH SHORE GENERATOR INC, ,,EAST WAREHAM,MA ,02538,USA,,508-295-7336,"Financing,Sales,Service,Up To 600kW,Mobile/Diesel/Gas,"
11373,Industrial/Commercial Sales & Service,00111207431002,WARSHAUER ELECTRIC SUPPLY CO INC, 800 SHREWSBURY AVE,,TINTON FALLS,NJ ,07724,USA,www.warshauer.com,732-741-6400,"Service,"
11373,Industrial/Commercial Sales & Service,00010157021002,Mechanical Service Co, 1145 Oak St.,,Pittston,PA ,18640,USA,,570-654-2445,"Service,"
11374,Industrial/Commercial Sales & Service,00010214161002,"R.L. Kistler, Inc", 300 Mile Crossing Blvd.,,Rochester,NY ,14624,USA,rlkistler.com,585-436-1940,"Sales,"
11374,Industrial/Commercial Sales & Service,00010214161002,"R.L. KISTLER, INC.", 35 HAMILTON LANE,,GLENMONT,NY ,12077,USA,,585-436-1940,"Sales,Service,"
11374,Industrial/Commercial Sales & Service,00010001611002,Huntington Power, 230 Long Hill Cross Rd,,Shelton,CT ,06484,USA,www.huntingtonpower.com,203-929-3203,"Sales,Service,Up To 2MW,Mobile/Diesel/Gas,Training,Rental,"
11374,Industrial/Commercial Sales & Service,00010214161002,"R.L. Kistler, Inc", 5615 Business Ave.,,N. Syracuse,NY ,13208,USA,,315-458-2875,"Sales,"
11374,Industrial/Commercial Sales & Service,00010214161002,"R.L. Kistler, Inc", 5615 Business Ave.,,N. Syracuse,NY ,13208,USA,,315-458-2875,"Sales,"
11374,Industrial/Commercial Sales & Service,00010001611002,Huntington Power, 68 Enter Ln,,Islandia,NY ,11749,USA,,631-563-4943,"Sales,Service,Up To 2MW,Mobile/Diesel/Gas,"
11374,Industrial/Commercial Sales & Service,00010001611002,Huntington Power, 34 E DUDLEY TOWN RD.,,BLOOMFIELD,CT ,06002,USA,,860-289-8790,"Sales,Service,Rental,"
11374,Industrial/Commercial Sales & Service,00010208021002,Modern Group Power Systems, 2501 Durham Road,,Bristol,PA ,19007,USA,www.moderngroup.com,800-404-7291,"Sales,Service,Up To 2MW,Mobile/Diesel/Gas,Training,Rental,"
11374,Industrial/Commercial Sales & Service,00010001731002,Authorized Services Of New England, 410 Forest Street,,Marlborough,MA ,01752,USA,www.asne.com,888-890-9886,"Financing,Sales,Service,Up To 2MW,Mobile/Diesel/Gas,Training,Rental,"
11374,Industrial/Commercial Sales & Service,00010008091002,MODERN HANDLING EQUIP, 75 NEW STREET,,EDISON,NJ ,08837,USA,www.moderngroup.com,800-779-5116,"Sales,Service,Up To 2MW,Mobile/Diesel/Gas,"
11374,Industrial/Commercial Sales & Service,00010208021002,Modern Group Power Systems, 200 Allied Parkway,,West Berlin,NJ ,08091,USA,,800-404-7291,"Sales,Service,Up To 2MW,Mobile/Diesel/Gas,"
11374,Industrial/Commercial Sales & Service,00010208021002,Modern Group Power Systems, 6352 Chapmans Rd,,Allentown,PA ,18106,USA,,800-404-7291,"Sales,Service,Up To 2MW,Mobile/Diesel/Gas,"
11374,Industrial/Commercial Sales & Service,00010208021002,Modern Group Power Systems, 295 New Commerce Blvd.,,Wilkes Barre,PA ,18706,USA,,800-404-7291,"Sales,Service,Up To 2MW,Mobile/Diesel/Gas,"
11374,Industrial/Commercial Sales & Service,00010208021002,Modern Group Power Systems, 66A South Gate Blvd.,,New Castle,DE ,19720,USA,,800-404-7291,"Sales,Service,Up To 2MW,Mobile/Diesel/Gas,"
11374,Industrial/Commercial Sales & Service,00010000931002,"EMERGENCY POWER SYSTEMS, LLC", 35 HAMILTON LANE,,GLENMONT,NY ,12077,USA,,800-914-1465,"Service,Up To 2MW,Mobile/Diesel/Gas,"
11374,Industrial/Commercial Sales & Service,00010000931002,"EMERGENCY POWER SYSTEMS, LLC", 35 HAMILTON LANE,,GLENMONT,NY ,12077,USA,,800-914-1465,"Service,"
11374,Industrial/Commercial Sales & Service,00010208021002,Modern Group Power Systems, 3480 Board Road,,York,PA ,17402,USA,,800-404-7291,"Sales,Service,Up To 2MW,Mobile/Diesel/Gas,"
11374,Industrial/Commercial Sales & Service,00010001731002,AUTHORIZED SERVICES OF NEW ENGLAND, 410 FOREST STREET,,MARLBOROUGH,MA ,01752,USA,,888-890-9886,"Sales,"
11374,Industrial/Commercial Sales & Service,00010001761002,"GENSERVE, INC.", 100 NEWTOWN RD,,PLAINVIEW,NY ,11803,USA,www.genserveinc.com,631-435-0437,"Service,"
11374,Industrial/Commercial Sales & Service,00111209521002,LONG ISLAND EMERGENCY POWER -QO, 2 Ocean Avenue,,DEER PARK,NY ,11729,USA,,631-586-7513,"Sales,"
11374,Industrial/Commercial Sales & Service,00010139211002,POWERPRO SERVICE CO. INC., 608 JOHNSON AVE. UNIT 6,,BOHEMIA,NY ,11716,USA,,631-567-2700,"Sales,Service,Up To 600kW,Mobile/Diesel/Gas,"
11374,Industrial/Commercial Sales & Service,00111209531002,HUNTINGTON POWER - LONG ISLAND, PO BOX 2040,,SHELTON,CT ,06484,USA,,631-586-7513,"Sales,"
11374,Industrial/Commercial Sales & Service,00010134071002,PEAK POWER SYSTEMS, 99 SPRAGUE AVENUE,,MIDDLETOWN,NY ,10940,USA,www.peakpowersystems.com,845-344-1975,"Sales,Service,Up To 600kW,Mobile/Diesel/Gas,Rental,"
11374,Industrial/Commercial Sales & Service,00010001761002,"GENSERVE, INC.", 115A TWINBRIDGE DR.,,PENNSAUKEN,NJ ,08110,USA,www.genserveinc.com,856-324-0459,"Service,"
11374,Industrial/Commercial Sales & Service,00111184131002,HUNTER & LOMISON, 1956 W FOURTH ST,,WILLIAMSPORT,PA ,17701,USA,www.hunterlomison.com,570-326-1764,"Sales,Service,Up To 600kW,Mobile/Diesel/Gas,Rental,"
11374,Industrial/Commercial Sales & Service,00010000881002,HUNTER & LOMISON INC., 1956 W. 4TH STREET,,WILLIAMSPORT,PA ,17701,USA,www.hunterlomison.com,570-326-1764,"Service,Up To 600kW,Mobile/Diesel/Gas,"
11374,Industrial/Commercial Sales & Service,00010001621002,BROOKFIELD SERVICE, 708 GLEBE ROAD,,WESTMORELAND,NH ,03467,USA,www.brookfieldservice.com,802-485-6567,"Service,Up To 600kW,Mobile/Diesel/Gas,"
11374,Industrial/Commercial Sales & Service,00010021101002,SOUTH SHORE GENERATOR INC-Quote, 2696A CRANBERRY HWY,,WAREHAM,MA ,02571,USA,,508-295-7336,"Sales,Service,Up To 600kW,Mobile/Diesel/Gas,"
11374,Industrial/Commercial Sales & Service,00010001701002,SOUTH SHORE GENERATOR INC, ,,EAST WAREHAM,MA ,02538,USA,,508-295-7336,"Financing,Sales,Service,Up To 600kW,Mobile/Diesel/Gas,"
11374,Industrial/Commercial Sales & Service,00111207431002,WARSHAUER ELECTRIC SUPPLY CO INC, 800 SHREWSBURY AVE,,TINTON FALLS,NJ ,07724,USA,www.warshauer.com,732-741-6400,"Service,"
11374,Industrial/Commercial Sales & Service,00010157021002,Mechanical Service Co, 1145 Oak St.,,Pittston,PA ,18640,USA,,570-654-2445,"Service,"
11375,Industrial/Commercial Sales & Service,00010001611002,Huntington Power, 230 Long Hill Cross Rd,,Shelton,CT ,06484,USA,www.huntingtonpower.com,203-929-3203,"Sales,Service,Up To 2MW,Mobile/Diesel/Gas,Training,Rental,"
11375,Industrial/Commercial Sales & Service,00010214161002,"R.L. KISTLER, INC.", 35 HAMILTON LANE,,GLENMONT,NY ,12077,USA,,585-436-1940,"Sales,Service,"
11375,Industrial/Commercial Sales & Service,00010214161002,"R.L. Kistler, Inc", 300 Mile Crossing Blvd.,,Rochester,NY ,14624,USA,rlkistler.com,585-436-1940,"Sales,"
11375,Industrial/Commercial Sales & Service,00010001611002,Huntington Power, 68 Enter Ln,,Islandia,NY ,11749,USA,,631-563-4943,"Sales,Service,Up To 2MW,Mobile/Diesel/Gas,"
11375,Industrial/Commercial Sales & Service,00010001611002,Huntington Power, 34 E DUDLEY TOWN RD.,,BLOOMFIELD,CT ,06002,USA,,860-289-8790,"Sales,Service,Rental,"
11375,Industrial/Commercial Sales & Service,00010214161002,"R.L. Kistler, Inc", 5615 Business Ave.,,N. Syracuse,NY ,13208,USA,,315-458-2875,"Sales,"
11375,Industrial/Commercial Sales & Service,00010214161002,"R.L. Kistler, Inc", 5615 Business Ave.,,N. Syracuse,NY ,13208,USA,,315-458-2875,"Sales,"
11375,Industrial/Commercial Sales & Service,00010208021002,Modern Group Power Systems, 2501 Durham Road,,Bristol,PA ,19007,USA,www.moderngroup.com,800-404-7291,"Sales,Service,Up To 2MW,Mobile/Diesel/Gas,Training,Rental,"
11375,Industrial/Commercial Sales & Service,00010001731002,Authorized Services Of New England, 410 Forest Street,,Marlborough,MA ,01752,USA,www.asne.com,888-890-9886,"Financing,Sales,Service,Up To 2MW,Mobile/Diesel/Gas,Training,Rental,"
11375,Industrial/Commercial Sales & Service,00010008091002,MODERN HANDLING EQUIP, 75 NEW STREET,,EDISON,NJ ,08837,USA,www.moderngroup.com,800-779-5116,"Sales,Service,Up To 2MW,Mobile/Diesel/Gas,"
11375,Industrial/Commercial Sales & Service,00010208021002,Modern Group Power Systems, 200 Allied Parkway,,West Berlin,NJ ,08091,USA,,800-404-7291,"Sales,Service,Up To 2MW,Mobile/Diesel/Gas,"
11375,Industrial/Commercial Sales & Service,00010208021002,Modern Group Power Systems, 6352 Chapmans Rd,,Allentown,PA ,18106,USA,,800-404-7291,"Sales,Service,Up To 2MW,Mobile/Diesel/Gas,"
11375,Industrial/Commercial Sales & Service,00010208021002,Modern Group Power Systems, 295 New Commerce Blvd.,,Wilkes Barre,PA ,18706,USA,,800-404-7291,"Sales,Service,Up To 2MW,Mobile/Diesel/Gas,"
11375,Industrial/Commercial Sales & Service,00010208021002,Modern Group Power Systems, 66A South Gate Blvd.,,New Castle,DE ,19720,USA,,800-404-7291,"Sales,Service,Up To 2MW,Mobile/Diesel/Gas,"
11375,Industrial/Commercial Sales & Service,00010000931002,"EMERGENCY POWER SYSTEMS, LLC", 35 HAMILTON LANE,,GLENMONT,NY ,12077,USA,,800-914-1465,"Service,Up To 2MW,Mobile/Diesel/Gas,"
11375,Industrial/Commercial Sales & Service,00010000931002,"EMERGENCY POWER SYSTEMS, LLC", 35 HAMILTON LANE,,GLENMONT,NY ,12077,USA,,800-914-1465,"Service,"
11375,Industrial/Commercial Sales & Service,00010208021002,Modern Group Power Systems, 3480 Board Road,,York,PA ,17402,USA,,800-404-7291,"Sales,Service,Up To 2MW,Mobile/Diesel/Gas,"
11375,Industrial/Commercial Sales & Service,00010001731002,AUTHORIZED SERVICES OF NEW ENGLAND, 410 FOREST STREET,,MARLBOROUGH,MA ,01752,USA,,888-890-9886,"Sales,"
11375,Industrial/Commercial Sales & Service,00010001761002,"GENSERVE, INC.", 100 NEWTOWN RD,,PLAINVIEW,NY ,11803,USA,www.genserveinc.com,631-435-0437,"Service,"
11375,Industrial/Commercial Sales & Service,00111209521002,LONG ISLAND EMERGENCY POWER -QO, 2 Ocean Avenue,,DEER PARK,NY ,11729,USA,,631-586-7513,"Sales,"
11375,Industrial/Commercial Sales & Service,00010139211002,POWERPRO SERVICE CO. INC., 608 JOHNSON AVE. UNIT 6,,BOHEMIA,NY ,11716,USA,,631-567-2700,"Sales,Service,Up To 600kW,Mobile/Diesel/Gas,"
11375,Industrial/Commercial Sales & Service,00111209531002,HUNTINGTON POWER - LONG ISLAND, PO BOX 2040,,SHELTON,CT ,06484,USA,,631-586-7513,"Sales,"
11375,Industrial/Commercial Sales & Service,00010134071002,PEAK POWER SYSTEMS, 99 SPRAGUE AVENUE,,MIDDLETOWN,NY ,10940,USA,www.peakpowersystems.com,845-344-1975,"Sales,Service,Up To 600kW,Mobile/Diesel/Gas,Rental,"
11375,Industrial/Commercial Sales & Service,00010001761002,"GENSERVE, INC.", 115A TWINBRIDGE DR.,,PENNSAUKEN,NJ ,08110,USA,www.genserveinc.com,856-324-0459,"Service,"
11375,Industrial/Commercial Sales & Service,00111184131002,HUNTER & LOMISON, 1956 W FOURTH ST,,WILLIAMSPORT,PA ,17701,USA,www.hunterlomison.com,570-326-1764,"Sales,Service,Up To 600kW,Mobile/Diesel/Gas,Rental,"
11375,Industrial/Commercial Sales & Service,00010000881002,HUNTER & LOMISON INC., 1956 W. 4TH STREET,,WILLIAMSPORT,PA ,17701,USA,www.hunterlomison.com,570-326-1764,"Service,Up To 600kW,Mobile/Diesel/Gas,"
11375,Industrial/Commercial Sales & Service,00010001621002,BROOKFIELD SERVICE, 708 GLEBE ROAD,,WESTMORELAND,NH ,03467,USA,www.brookfieldservice.com,802-485-6567,"Service,Up To 600kW,Mobile/Diesel/Gas,"
11375,Industrial/Commercial Sales & Service,00010021101002,SOUTH SHORE GENERATOR INC-Quote, 2696A CRANBERRY HWY,,WAREHAM,MA ,02571,USA,,508-295-7336,"Sales,Service,Up To 600kW,Mobile/Diesel/Gas,"
11375,Industrial/Commercial Sales & Service,00010001701002,SOUTH SHORE GENERATOR INC, ,,EAST WAREHAM,MA ,02538,USA,,508-295-7336,"Financing,Sales,Service,Up To 600kW,Mobile/Diesel/Gas,"
11375,Industrial/Commercial Sales & Service,00111207431002,WARSHAUER ELECTRIC SUPPLY CO INC, 800 SHREWSBURY AVE,,TINTON FALLS,NJ ,07724,USA,www.warshauer.com,732-741-6400,"Service,"
11375,Industrial/Commercial Sales & Service,00010157021002,Mechanical Service Co, 1145 Oak St.,,Pittston,PA ,18640,USA,,570-654-2445,"Service,"
11377,Industrial/Commercial Sales & Service,00010214161002,"R.L. Kistler, Inc", 300 Mile Crossing Blvd.,,Rochester,NY ,14624,USA,rlkistler.com,585-436-1940,"Sales,"
11377,Industrial/Commercial Sales & Service,00010214161002,"R.L. KISTLER, INC.", 35 HAMILTON LANE,,GLENMONT,NY ,12077,USA,,585-436-1940,"Sales,Service,"
11377,Industrial/Commercial Sales & Service,00010001611002,Huntington Power, 230 Long Hill Cross Rd,,Shelton,CT ,06484,USA,www.huntingtonpower.com,203-929-3203,"Sales,Service,Up To 2MW,Mobile/Diesel/Gas,Training,Rental,"
11377,Industrial/Commercial Sales & Service,00010214161002,"R.L. Kistler, Inc", 5615 Business Ave.,,N. Syracuse,NY ,13208,USA,,315-458-2875,"Sales,"
11377,Industrial/Commercial Sales & Service,00010214161002,"R.L. Kistler, Inc", 5615 Business Ave.,,N. Syracuse,NY ,13208,USA,,315-458-2875,"Sales,"
11377,Industrial/Commercial Sales & Service,00010001611002,Huntington Power, 68 Enter Ln,,Islandia,NY ,11749,USA,,631-563-4943,"Sales,Service,Up To 2MW,Mobile/Diesel/Gas,"
11377,Industrial/Commercial Sales & Service,00010001611002,Huntington Power, 34 E DUDLEY TOWN RD.,,BLOOMFIELD,CT ,06002,USA,,860-289-8790,"Sales,Service,Rental,"
11377,Industrial/Commercial Sales & Service,00010208021002,Modern Group Power Systems, 2501 Durham Road,,Bristol,PA ,19007,USA,www.moderngroup.com,800-404-7291,"Sales,Service,Up To 2MW,Mobile/Diesel/Gas,Training,Rental,"
11377,Industrial/Commercial Sales & Service,00010001731002,Authorized Services Of New England, 410 Forest Street,,Marlborough,MA ,01752,USA,www.asne.com,888-890-9886,"Financing,Sales,Service,Up To 2MW,Mobile/Diesel/Gas,Training,Rental,"
11377,Industrial/Commercial Sales & Service,00010008091002,MODERN HANDLING EQUIP, 75 NEW STREET,,EDISON,NJ ,08837,USA,www.moderngroup.com,800-779-5116,"Sales,Service,Up To 2MW,Mobile/Diesel/Gas,"
11377,Industrial/Commercial Sales & Service,00010208021002,Modern Group Power Systems, 200 Allied Parkway,,West Berlin,NJ ,08091,USA,,800-404-7291,"Sales,Service,Up To 2MW,Mobile/Diesel/Gas,"
11377,Industrial/Commercial Sales & Service,00010208021002,Modern Group Power Systems, 6352 Chapmans Rd,,Allentown,PA ,18106,USA,,800-404-7291,"Sales,Service,Up To 2MW,Mobile/Diesel/Gas,"
11377,Industrial/Commercial Sales & Service,00010208021002,Modern Group Power Systems, 295 New Commerce Blvd.,,Wilkes Barre,PA ,18706,USA,,800-404-7291,"Sales,Service,Up To 2MW,Mobile/Diesel/Gas,"
11377,Industrial/Commercial Sales & Service,00010208021002,Modern Group Power Systems, 66A South Gate Blvd.,,New Castle,DE ,19720,USA,,800-404-7291,"Sales,Service,Up To 2MW,Mobile/Diesel/Gas,"
11377,Industrial/Commercial Sales & Service,00010000931002,"EMERGENCY POWER SYSTEMS, LLC", 35 HAMILTON LANE,,GLENMONT,NY ,12077,USA,,800-914-1465,"Service,Up To 2MW,Mobile/Diesel/Gas,"
11377,Industrial/Commercial Sales & Service,00010000931002,"EMERGENCY POWER SYSTEMS, LLC", 35 HAMILTON LANE,,GLENMONT,NY ,12077,USA,,800-914-1465,"Service,"
11377,Industrial/Commercial Sales & Service,00010208021002,Modern Group Power Systems, 3480 Board Road,,York,PA ,17402,USA,,800-404-7291,"Sales,Service,Up To 2MW,Mobile/Diesel/Gas,"
11377,Industrial/Commercial Sales & Service,00010001731002,AUTHORIZED SERVICES OF NEW ENGLAND, 410 FOREST STREET,,MARLBOROUGH,MA ,01752,USA,,888-890-9886,"Sales,"
11377,Industrial/Commercial Sales & Service,00010001761002,"GENSERVE, INC.", 100 NEWTOWN RD,,PLAINVIEW,NY ,11803,USA,www.genserveinc.com,631-435-0437,"Service,"
11377,Industrial/Commercial Sales & Service,00111209521002,LONG ISLAND EMERGENCY POWER -QO, 2 Ocean Avenue,,DEER PARK,NY ,11729,USA,,631-586-7513,"Sales,"
11377,Industrial/Commercial Sales & Service,00010139211002,POWERPRO SERVICE CO. INC., 608 JOHNSON AVE. UNIT 6,,BOHEMIA,NY ,11716,USA,,631-567-2700,"Sales,Service,Up To 600kW,Mobile/Diesel/Gas,"
11377,Industrial/Commercial Sales & Service,00111209531002,HUNTINGTON POWER - LONG ISLAND, PO BOX 2040,,SHELTON,CT ,06484,USA,,631-586-7513,"Sales,"
11377,Industrial/Commercial Sales & Service,00010134071002,PEAK POWER SYSTEMS, 99 SPRAGUE AVENUE,,MIDDLETOWN,NY ,10940,USA,www.peakpowersystems.com,845-344-1975,"Sales,Service,Up To 600kW,Mobile/Diesel/Gas,Rental,"
11377,Industrial/Commercial Sales & Service,00010001761002,"GENSERVE, INC.", 115A TWINBRIDGE DR.,,PENNSAUKEN,NJ ,08110,USA,www.genserveinc.com,856-324-0459,"Service,"
11377,Industrial/Commercial Sales & Service,00111184131002,HUNTER & LOMISON, 1956 W FOURTH ST,,WILLIAMSPORT,PA ,17701,USA,www.hunterlomison.com,570-326-1764,"Sales,Service,Up To 600kW,Mobile/Diesel/Gas,Rental,"
11377,Industrial/Commercial Sales & Service,00010000881002,HUNTER & LOMISON INC., 1956 W. 4TH STREET,,WILLIAMSPORT,PA ,17701,USA,www.hunterlomison.com,570-326-1764,"Service,Up To 600kW,Mobile/Diesel/Gas,"
11377,Industrial/Commercial Sales & Service,00010001621002,BROOKFIELD SERVICE, 708 GLEBE ROAD,,WESTMORELAND,NH ,03467,USA,www.brookfieldservice.com,802-485-6567,"Service,Up To 600kW,Mobile/Diesel/Gas,"
11377,Industrial/Commercial Sales & Service,00010021101002,SOUTH SHORE GENERATOR INC-Quote, 2696A CRANBERRY HWY,,WAREHAM,MA ,02571,USA,,508-295-7336,"Sales,Service,Up To 600kW,Mobile/Diesel/Gas,"
11377,Industrial/Commercial Sales & Service,00010001701002,SOUTH SHORE GENERATOR INC, ,,EAST WAREHAM,MA ,02538,USA,,508-295-7336,"Financing,Sales,Service,Up To 600kW,Mobile/Diesel/Gas,"
11377,Industrial/Commercial Sales & Service,00111207431002,WARSHAUER ELECTRIC SUPPLY CO INC, 800 SHREWSBURY AVE,,TINTON FALLS,NJ ,07724,USA,www.warshauer.com,732-741-6400,"Service,"
11377,Industrial/Commercial Sales & Service,00010157021002,Mechanical Service Co, 1145 Oak St.,,Pittston,PA ,18640,USA,,570-654-2445,"Service,"
11378,Industrial/Commercial Sales & Service,00010001611002,Huntington Power, 230 Long Hill Cross Rd,,Shelton,CT ,06484,USA,www.huntingtonpower.com,203-929-3203,"Sales,Service,Up To 2MW,Mobile/Diesel/Gas,Training,Rental,"
11378,Industrial/Commercial Sales & Service,00010214161002,"R.L. Kistler, Inc", 300 Mile Crossing Blvd.,,Rochester,NY ,14624,USA,rlkistler.com,585-436-1940,"Sales,"
11378,Industrial/Commercial Sales & Service,00010214161002,"R.L. KISTLER, INC.", 35 HAMILTON LANE,,GLENMONT,NY ,12077,USA,,585-436-1940,"Sales,Service,"
11378,Industrial/Commercial Sales & Service,00010001611002,Huntington Power, 68 Enter Ln,,Islandia,NY ,11749,USA,,631-563-4943,"Sales,Service,Up To 2MW,Mobile/Diesel/Gas,"
11378,Industrial/Commercial Sales & Service,00010001611002,Huntington Power, 34 E DUDLEY TOWN RD.,,BLOOMFIELD,CT ,06002,USA,,860-289-8790,"Sales,Service,Rental,"
11378,Industrial/Commercial Sales & Service,00010214161002,"R.L. Kistler, Inc", 5615 Business Ave.,,N. Syracuse,NY ,13208,USA,,315-458-2875,"Sales,"
11378,Industrial/Commercial Sales & Service,00010214161002,"R.L. Kistler, Inc", 5615 Business Ave.,,N. Syracuse,NY ,13208,USA,,315-458-2875,"Sales,"
11378,Industrial/Commercial Sales & Service,00010208021002,Modern Group Power Systems, 2501 Durham Road,,Bristol,PA ,19007,USA,www.moderngroup.com,800-404-7291,"Sales,Service,Up To 2MW,Mobile/Diesel/Gas,Training,Rental,"
11378,Industrial/Commercial Sales & Service,00010001731002,Authorized Services Of New England, 410 Forest Street,,Marlborough,MA ,01752,USA,www.asne.com,888-890-9886,"Financing,Sales,Service,Up To 2MW,Mobile/Diesel/Gas,Training,Rental,"
11378,Industrial/Commercial Sales & Service,00010008091002,MODERN HANDLING EQUIP, 75 NEW STREET,,EDISON,NJ ,08837,USA,www.moderngroup.com,800-779-5116,"Sales,Service,Up To 2MW,Mobile/Diesel/Gas,"
11378,Industrial/Commercial Sales & Service,00010208021002,Modern Group Power Systems, 200 Allied Parkway,,West Berlin,NJ ,08091,USA,,800-404-7291,"Sales,Service,Up To 2MW,Mobile/Diesel/Gas,"
11378,Industrial/Commercial Sales & Service,00010208021002,Modern Group Power Systems, 6352 Chapmans Rd,,Allentown,PA ,18106,USA,,800-404-7291,"Sales,Service,Up To 2MW,Mobile/Diesel/Gas,"
11378,Industrial/Commercial Sales & Service,00010208021002,Modern Group Power Systems, 295 New Commerce Blvd.,,Wilkes Barre,PA ,18706,USA,,800-404-7291,"Sales,Service,Up To 2MW,Mobile/Diesel/Gas,"
11378,Industrial/Commercial Sales & Service,00010208021002,Modern Group Power Systems, 66A South Gate Blvd.,,New Castle,DE ,19720,USA,,800-404-7291,"Sales,Service,Up To 2MW,Mobile/Diesel/Gas,"
11378,Industrial/Commercial Sales & Service,00010000931002,"EMERGENCY POWER SYSTEMS, LLC", 35 HAMILTON LANE,,GLENMONT,NY ,12077,USA,,800-914-1465,"Service,Up To 2MW,Mobile/Diesel/Gas,"
11378,Industrial/Commercial Sales & Service,00010000931002,"EMERGENCY POWER SYSTEMS, LLC", 35 HAMILTON LANE,,GLENMONT,NY ,12077,USA,,800-914-1465,"Service,"
11378,Industrial/Commercial Sales & Service,00010208021002,Modern Group Power Systems, 3480 Board Road,,York,PA ,17402,USA,,800-404-7291,"Sales,Service,Up To 2MW,Mobile/Diesel/Gas,"
11378,Industrial/Commercial Sales & Service,00010001731002,AUTHORIZED SERVICES OF NEW ENGLAND, 410 FOREST STREET,,MARLBOROUGH,MA ,01752,USA,,888-890-9886,"Sales,"
11378,Industrial/Commercial Sales & Service,00010001761002,"GENSERVE, INC.", 100 NEWTOWN RD,,PLAINVIEW,NY ,11803,USA,www.genserveinc.com,631-435-0437,"Service,"
11378,Industrial/Commercial Sales & Service,00111209521002,LONG ISLAND EMERGENCY POWER -QO, 2 Ocean Avenue,,DEER PARK,NY ,11729,USA,,631-586-7513,"Sales,"
11378,Industrial/Commercial Sales & Service,00010139211002,POWERPRO SERVICE CO. INC., 608 JOHNSON AVE. UNIT 6,,BOHEMIA,NY ,11716,USA,,631-567-2700,"Sales,Service,Up To 600kW,Mobile/Diesel/Gas,"
11378,Industrial/Commercial Sales & Service,00111209531002,HUNTINGTON POWER - LONG ISLAND, PO BOX 2040,,SHELTON,CT ,06484,USA,,631-586-7513,"Sales,"
11378,Industrial/Commercial Sales & Service,00010134071002,PEAK POWER SYSTEMS, 99 SPRAGUE AVENUE,,MIDDLETOWN,NY ,10940,USA,www.peakpowersystems.com,845-344-1975,"Sales,Service,Up To 600kW,Mobile/Diesel/Gas,Rental,"
11378,Industrial/Commercial Sales & Service,00010001761002,"GENSERVE, INC.", 115A TWINBRIDGE DR.,,PENNSAUKEN,NJ ,08110,USA,www.genserveinc.com,856-324-0459,"Service,"
11378,Industrial/Commercial Sales & Service,00111184131002,HUNTER & LOMISON, 1956 W FOURTH ST,,WILLIAMSPORT,PA ,17701,USA,www.hunterlomison.com,570-326-1764,"Sales,Service,Up To 600kW,Mobile/Diesel/Gas,Rental,"
11378,Industrial/Commercial Sales & Service,00010000881002,HUNTER & LOMISON INC., 1956 W. 4TH STREET,,WILLIAMSPORT,PA ,17701,USA,www.hunterlomison.com,570-326-1764,"Service,Up To 600kW,Mobile/Diesel/Gas,"
11378,Industrial/Commercial Sales & Service,00010001621002,BROOKFIELD SERVICE, 708 GLEBE ROAD,,WESTMORELAND,NH ,03467,USA,www.brookfieldservice.com,802-485-6567,"Service,Up To 600kW,Mobile/Diesel/Gas,"
11378,Industrial/Commercial Sales & Service,00010021101002,SOUTH SHORE GENERATOR INC-Quote, 2696A CRANBERRY HWY,,WAREHAM,MA ,02571,USA,,508-295-7336,"Sales,Service,Up To 600kW,Mobile/Diesel/Gas,"
11378,Industrial/Commercial Sales & Service,00010001701002,SOUTH SHORE GENERATOR INC, ,,EAST WAREHAM,MA ,02538,USA,,508-295-7336,"Financing,Sales,Service,Up To 600kW,Mobile/Diesel/Gas,"
11378,Industrial/Commercial Sales & Service,00111207431002,WARSHAUER ELECTRIC SUPPLY CO INC, 800 SHREWSBURY AVE,,TINTON FALLS,NJ ,07724,USA,www.warshauer.com,732-741-6400,"Service,"
11378,Industrial/Commercial Sales & Service,00010157021002,Mechanical Service Co, 1145 Oak St.,,Pittston,PA ,18640,USA,,570-654-2445,"Service,"
11379,Industrial/Commercial Sales & Service,00010001611002,Huntington Power, 230 Long Hill Cross Rd,,Shelton,CT ,06484,USA,www.huntingtonpower.com,203-929-3203,"Sales,Service,Up To 2MW,Mobile/Diesel/Gas,Training,Rental,"
11379,Industrial/Commercial Sales & Service,00010214161002,"R.L. Kistler, Inc", 300 Mile Crossing Blvd.,,Rochester,NY ,14624,USA,rlkistler.com,585-436-1940,"Sales,"
11379,Industrial/Commercial Sales & Service,00010214161002,"R.L. KISTLER, INC.", 35 HAMILTON LANE,,GLENMONT,NY ,12077,USA,,585-436-1940,"Sales,Service,"
11379,Industrial/Commercial Sales & Service,00010001611002,Huntington Power, 68 Enter Ln,,Islandia,NY ,11749,USA,,631-563-4943,"Sales,Service,Up To 2MW,Mobile/Diesel/Gas,"
11379,Industrial/Commercial Sales & Service,00010001611002,Huntington Power, 34 E DUDLEY TOWN RD.,,BLOOMFIELD,CT ,06002,USA,,860-289-8790,"Sales,Service,Rental,"
11379,Industrial/Commercial Sales & Service,00010214161002,"R.L. Kistler, Inc", 5615 Business Ave.,,N. Syracuse,NY ,13208,USA,,315-458-2875,"Sales,"
11379,Industrial/Commercial Sales & Service,00010214161002,"R.L. Kistler, Inc", 5615 Business Ave.,,N. Syracuse,NY ,13208,USA,,315-458-2875,"Sales,"
11379,Industrial/Commercial Sales & Service,00010208021002,Modern Group Power Systems, 2501 Durham Road,,Bristol,PA ,19007,USA,www.moderngroup.com,800-404-7291,"Sales,Service,Up To 2MW,Mobile/Diesel/Gas,Training,Rental,"
11379,Industrial/Commercial Sales & Service,00010001731002,Authorized Services Of New England, 410 Forest Street,,Marlborough,MA ,01752,USA,www.asne.com,888-890-9886,"Financing,Sales,Service,Up To 2MW,Mobile/Diesel/Gas,Training,Rental,"
11379,Industrial/Commercial Sales & Service,00010008091002,MODERN HANDLING EQUIP, 75 NEW STREET,,EDISON,NJ ,08837,USA,www.moderngroup.com,800-779-5116,"Sales,Service,Up To 2MW,Mobile/Diesel/Gas,"
11379,Industrial/Commercial Sales & Service,00010208021002,Modern Group Power Systems, 200 Allied Parkway,,West Berlin,NJ ,08091,USA,,800-404-7291,"Sales,Service,Up To 2MW,Mobile/Diesel/Gas,"
11379,Industrial/Commercial Sales & Service,00010208021002,Modern Group Power Systems, 6352 Chapmans Rd,,Allentown,PA ,18106,USA,,800-404-7291,"Sales,Service,Up To 2MW,Mobile/Diesel/Gas,"
11379,Industrial/Commercial Sales & Service,00010208021002,Modern Group Power Systems, 295 New Commerce Blvd.,,Wilkes Barre,PA ,18706,USA,,800-404-7291,"Sales,Service,Up To 2MW,Mobile/Diesel/Gas,"
11379,Industrial/Commercial Sales & Service,00010208021002,Modern Group Power Systems, 66A South Gate Blvd.,,New Castle,DE ,19720,USA,,800-404-7291,"Sales,Service,Up To 2MW,Mobile/Diesel/Gas,"
11379,Industrial/Commercial Sales & Service,00010000931002,"EMERGENCY POWER SYSTEMS, LLC", 35 HAMILTON LANE,,GLENMONT,NY ,12077,USA,,800-914-1465,"Service,Up To 2MW,Mobile/Diesel/Gas,"
11379,Industrial/Commercial Sales & Service,00010000931002,"EMERGENCY POWER SYSTEMS, LLC", 35 HAMILTON LANE,,GLENMONT,NY ,12077,USA,,800-914-1465,"Service,"
11379,Industrial/Commercial Sales & Service,00010208021002,Modern Group Power Systems, 3480 Board Road,,York,PA ,17402,USA,,800-404-7291,"Sales,Service,Up To 2MW,Mobile/Diesel/Gas,"
11379,Industrial/Commercial Sales & Service,00010001731002,AUTHORIZED SERVICES OF NEW ENGLAND, 410 FOREST STREET,,MARLBOROUGH,MA ,01752,USA,,888-890-9886,"Sales,"
11379,Industrial/Commercial Sales & Service,00010001761002,"GENSERVE, INC.", 100 NEWTOWN RD,,PLAINVIEW,NY ,11803,USA,www.genserveinc.com,631-435-0437,"Service,"
11379,Industrial/Commercial Sales & Service,00111209521002,LONG ISLAND EMERGENCY POWER -QO, 2 Ocean Avenue,,DEER PARK,NY ,11729,USA,,631-586-7513,"Sales,"
11379,Industrial/Commercial Sales & Service,00010139211002,POWERPRO SERVICE CO. INC., 608 JOHNSON AVE. UNIT 6,,BOHEMIA,NY ,11716,USA,,631-567-2700,"Sales,Service,Up To 600kW,Mobile/Diesel/Gas,"
11379,Industrial/Commercial Sales & Service,00111209531002,HUNTINGTON POWER - LONG ISLAND, PO BOX 2040,,SHELTON,CT ,06484,USA,,631-586-7513,"Sales,"
11379,Industrial/Commercial Sales & Service,00010134071002,PEAK POWER SYSTEMS, 99 SPRAGUE AVENUE,,MIDDLETOWN,NY ,10940,USA,www.peakpowersystems.com,845-344-1975,"Sales,Service,Up To 600kW,Mobile/Diesel/Gas,Rental,"
11379,Industrial/Commercial Sales & Service,00010001761002,"GENSERVE, INC.", 115A TWINBRIDGE DR.,,PENNSAUKEN,NJ ,08110,USA,www.genserveinc.com,856-324-0459,"Service,"
11379,Industrial/Commercial Sales & Service,00111184131002,HUNTER & LOMISON, 1956 W FOURTH ST,,WILLIAMSPORT,PA ,17701,USA,www.hunterlomison.com,570-326-1764,"Sales,Service,Up To 600kW,Mobile/Diesel/Gas,Rental,"
11379,Industrial/Commercial Sales & Service,00010000881002,HUNTER & LOMISON INC., 1956 W. 4TH STREET,,WILLIAMSPORT,PA ,17701,USA,www.hunterlomison.com,570-326-1764,"Service,Up To 600kW,Mobile/Diesel/Gas,"
11379,Industrial/Commercial Sales & Service,00010001621002,BROOKFIELD SERVICE, 708 GLEBE ROAD,,WESTMORELAND,NH ,03467,USA,www.brookfieldservice.com,802-485-6567,"Service,Up To 600kW,Mobile/Diesel/Gas,"
11379,Industrial/Commercial Sales & Service,00010021101002,SOUTH SHORE GENERATOR INC-Quote, 2696A CRANBERRY HWY,,WAREHAM,MA ,02571,USA,,508-295-7336,"Sales,Service,Up To 600kW,Mobile/Diesel/Gas,"
11379,Industrial/Commercial Sales & Service,00010001701002,SOUTH SHORE GENERATOR INC, ,,EAST WAREHAM,MA ,02538,USA,,508-295-7336,"Financing,Sales,Service,Up To 600kW,Mobile/Diesel/Gas,"
11379,Industrial/Commercial Sales & Service,00111207431002,WARSHAUER ELECTRIC SUPPLY CO INC, 800 SHREWSBURY AVE,,TINTON FALLS,NJ ,07724,USA,www.warshauer.com,732-741-6400,"Service,"
11379,Industrial/Commercial Sales & Service,00010157021002,Mechanical Service Co, 1145 Oak St.,,Pittston,PA ,18640,USA,,570-654-2445,"Service,"
11380,Industrial/Commercial Sales & Service,00010001611002,Huntington Power, 230 Long Hill Cross Rd,,Shelton,CT ,06484,USA,www.huntingtonpower.com,203-929-3203,"Sales,Service,Up To 2MW,Mobile/Diesel/Gas,Training,Rental,"
11380,Industrial/Commercial Sales & Service,00010214161002,"R.L. Kistler, Inc", 300 Mile Crossing Blvd.,,Rochester,NY ,14624,USA,rlkistler.com,585-436-1940,"Sales,"
11380,Industrial/Commercial Sales & Service,00010214161002,"R.L. KISTLER, INC.", 35 HAMILTON LANE,,GLENMONT,NY ,12077,USA,,585-436-1940,"Sales,Service,"
11380,Industrial/Commercial Sales & Service,00010001611002,Huntington Power, 68 Enter Ln,,Islandia,NY ,11749,USA,,631-563-4943,"Sales,Service,Up To 2MW,Mobile/Diesel/Gas,"
11380,Industrial/Commercial Sales & Service,00010001611002,Huntington Power, 34 E DUDLEY TOWN RD.,,BLOOMFIELD,CT ,06002,USA,,860-289-8790,"Sales,Service,Rental,"
11380,Industrial/Commercial Sales & Service,00010214161002,"R.L. Kistler, Inc", 5615 Business Ave.,,N. Syracuse,NY ,13208,USA,,315-458-2875,"Sales,"
11380,Industrial/Commercial Sales & Service,00010214161002,"R.L. Kistler, Inc", 5615 Business Ave.,,N. Syracuse,NY ,13208,USA,,315-458-2875,"Sales,"
11380,Industrial/Commercial Sales & Service,00010208021002,Modern Group Power Systems, 2501 Durham Road,,Bristol,PA ,19007,USA,www.moderngroup.com,800-404-7291,"Sales,Service,Up To 2MW,Mobile/Diesel/Gas,Training,Rental,"
11380,Industrial/Commercial Sales & Service,00010001731002,Authorized Services Of New England, 410 Forest Street,,Marlborough,MA ,01752,USA,www.asne.com,888-890-9886,"Financing,Sales,Service,Up To 2MW,Mobile/Diesel/Gas,Training,Rental,"
11380,Industrial/Commercial Sales & Service,00010008091002,MODERN HANDLING EQUIP, 75 NEW STREET,,EDISON,NJ ,08837,USA,www.moderngroup.com,800-779-5116,"Sales,Service,Up To 2MW,Mobile/Diesel/Gas,"
11380,Industrial/Commercial Sales & Service,00010208021002,Modern Group Power Systems, 200 Allied Parkway,,West Berlin,NJ ,08091,USA,,800-404-7291,"Sales,Service,Up To 2MW,Mobile/Diesel/Gas,"
11380,Industrial/Commercial Sales & Service,00010208021002,Modern Group Power Systems, 6352 Chapmans Rd,,Allentown,PA ,18106,USA,,800-404-7291,"Sales,Service,Up To 2MW,Mobile/Diesel/Gas,"
11380,Industrial/Commercial Sales & Service,00010208021002,Modern Group Power Systems, 295 New Commerce Blvd.,,Wilkes Barre,PA ,18706,USA,,800-404-7291,"Sales,Service,Up To 2MW,Mobile/Diesel/Gas,"
11380,Industrial/Commercial Sales & Service,00010208021002,Modern Group Power Systems, 66A South Gate Blvd.,,New Castle,DE ,19720,USA,,800-404-7291,"Sales,Service,Up To 2MW,Mobile/Diesel/Gas,"
11380,Industrial/Commercial Sales & Service,00010000931002,"EMERGENCY POWER SYSTEMS, LLC", 35 HAMILTON LANE,,GLENMONT,NY ,12077,USA,,800-914-1465,"Service,Up To 2MW,Mobile/Diesel/Gas,"
11380,Industrial/Commercial Sales & Service,00010000931002,"EMERGENCY POWER SYSTEMS, LLC", 35 HAMILTON LANE,,GLENMONT,NY ,12077,USA,,800-914-1465,"Service,"
11380,Industrial/Commercial Sales & Service,00010208021002,Modern Group Power Systems, 3480 Board Road,,York,PA ,17402,USA,,800-404-7291,"Sales,Service,Up To 2MW,Mobile/Diesel/Gas,"
11380,Industrial/Commercial Sales & Service,00010001731002,AUTHORIZED SERVICES OF NEW ENGLAND, 410 FOREST STREET,,MARLBOROUGH,MA ,01752,USA,,888-890-9886,"Sales,"
11380,Industrial/Commercial Sales & Service,00010001761002,"GENSERVE, INC.", 100 NEWTOWN RD,,PLAINVIEW,NY ,11803,USA,www.genserveinc.com,631-435-0437,"Service,"
11380,Industrial/Commercial Sales & Service,00111209521002,LONG ISLAND EMERGENCY POWER -QO, 2 Ocean Avenue,,DEER PARK,NY ,11729,USA,,631-586-7513,"Sales,"
11380,Industrial/Commercial Sales & Service,00010139211002,POWERPRO SERVICE CO. INC., 608 JOHNSON AVE. UNIT 6,,BOHEMIA,NY ,11716,USA,,631-567-2700,"Sales,Service,Up To 600kW,Mobile/Diesel/Gas,"
11380,Industrial/Commercial Sales & Service,00111209531002,HUNTINGTON POWER - LONG ISLAND, PO BOX 2040,,SHELTON,CT ,06484,USA,,631-586-7513,"Sales,"
11380,Industrial/Commercial Sales & Service,00010134071002,PEAK POWER SYSTEMS, 99 SPRAGUE AVENUE,,MIDDLETOWN,NY ,10940,USA,www.peakpowersystems.com,845-344-1975,"Sales,Service,Up To 600kW,Mobile/Diesel/Gas,Rental,"
11380,Industrial/Commercial Sales & Service,00010001761002,"GENSERVE, INC.", 115A TWINBRIDGE DR.,,PENNSAUKEN,NJ ,08110,USA,www.genserveinc.com,856-324-0459,"Service,"
11380,Industrial/Commercial Sales & Service,00111184131002,HUNTER & LOMISON, 1956 W FOURTH ST,,WILLIAMSPORT,PA ,17701,USA,www.hunterlomison.com,570-326-1764,"Sales,Service,Up To 600kW,Mobile/Diesel/Gas,Rental,"
11380,Industrial/Commercial Sales & Service,00010000881002,HUNTER & LOMISON INC., 1956 W. 4TH STREET,,WILLIAMSPORT,PA ,17701,USA,www.hunterlomison.com,570-326-1764,"Service,Up To 600kW,Mobile/Diesel/Gas,"
11380,Industrial/Commercial Sales & Service,00010001621002,BROOKFIELD SERVICE, 708 GLEBE ROAD,,WESTMORELAND,NH ,03467,USA,www.brookfieldservice.com,802-485-6567,"Service,Up To 600kW,Mobile/Diesel/Gas,"
11380,Industrial/Commercial Sales & Service,00010021101002,SOUTH SHORE GENERATOR INC-Quote, 2696A CRANBERRY HWY,,WAREHAM,MA ,02571,USA,,508-295-7336,"Sales,Service,Up To 600kW,Mobile/Diesel/Gas,"
11380,Industrial/Commercial Sales & Service,00010001701002,SOUTH SHORE GENERATOR INC, ,,EAST WAREHAM,MA ,02538,USA,,508-295-7336,"Financing,Sales,Service,Up To 600kW,Mobile/Diesel/Gas,"
11380,Industrial/Commercial Sales & Service,00111207431002,WARSHAUER ELECTRIC SUPPLY CO INC, 800 SHREWSBURY AVE,,TINTON FALLS,NJ ,07724,USA,www.warshauer.com,732-741-6400,"Service,"
11380,Industrial/Commercial Sales & Service,00010157021002,Mechanical Service Co, 1145 Oak St.,,Pittston,PA ,18640,USA,,570-654-2445,"Service,"
11381,Industrial/Commercial Sales & Service,00010214161002,"R.L. KISTLER, INC.", 35 HAMILTON LANE,,GLENMONT,NY ,12077,USA,,585-436-1940,"Sales,Service,"
11381,Industrial/Commercial Sales & Service,00010214161002,"R.L. Kistler, Inc", 300 Mile Crossing Blvd.,,Rochester,NY ,14624,USA,rlkistler.com,585-436-1940,"Sales,"
11381,Industrial/Commercial Sales & Service,00010001611002,Huntington Power, 230 Long Hill Cross Rd,,Shelton,CT ,06484,USA,www.huntingtonpower.com,203-929-3203,"Sales,Service,Up To 2MW,Mobile/Diesel/Gas,Training,Rental,"
11381,Industrial/Commercial Sales & Service,00010214161002,"R.L. Kistler, Inc", 5615 Business Ave.,,N. Syracuse,NY ,13208,USA,,315-458-2875,"Sales,"
11381,Industrial/Commercial Sales & Service,00010214161002,"R.L. Kistler, Inc", 5615 Business Ave.,,N. Syracuse,NY ,13208,USA,,315-458-2875,"Sales,"
11381,Industrial/Commercial Sales & Service,00010001611002,Huntington Power, 68 Enter Ln,,Islandia,NY ,11749,USA,,631-563-4943,"Sales,Service,Up To 2MW,Mobile/Diesel/Gas,"
11381,Industrial/Commercial Sales & Service,00010001611002,Huntington Power, 34 E DUDLEY TOWN RD.,,BLOOMFIELD,CT ,06002,USA,,860-289-8790,"Sales,Service,Rental,"
11381,Industrial/Commercial Sales & Service,00010208021002,Modern Group Power Systems, 2501 Durham Road,,Bristol,PA ,19007,USA,www.moderngroup.com,800-404-7291,"Sales,Service,Up To 2MW,Mobile/Diesel/Gas,Training,Rental,"
11381,Industrial/Commercial Sales & Service,00010001731002,Authorized Services Of New England, 410 Forest Street,,Marlborough,MA ,01752,USA,www.asne.com,888-890-9886,"Financing,Sales,Service,Up To 2MW,Mobile/Diesel/Gas,Training,Rental,"
11381,Industrial/Commercial Sales & Service,00010008091002,MODERN HANDLING EQUIP, 75 NEW STREET,,EDISON,NJ ,08837,USA,www.moderngroup.com,800-779-5116,"Sales,Service,Up To 2MW,Mobile/Diesel/Gas,"
11381,Industrial/Commercial Sales & Service,00010208021002,Modern Group Power Systems, 200 Allied Parkway,,West Berlin,NJ ,08091,USA,,800-404-7291,"Sales,Service,Up To 2MW,Mobile/Diesel/Gas,"
11381,Industrial/Commercial Sales & Service,00010208021002,Modern Group Power Systems, 6352 Chapmans Rd,,Allentown,PA ,18106,USA,,800-404-7291,"Sales,Service,Up To 2MW,Mobile/Diesel/Gas,"
11381,Industrial/Commercial Sales & Service,00010208021002,Modern Group Power Systems, 295 New Commerce Blvd.,,Wilkes Barre,PA ,18706,USA,,800-404-7291,"Sales,Service,Up To 2MW,Mobile/Diesel/Gas,"
11381,Industrial/Commercial Sales & Service,00010208021002,Modern Group Power Systems, 66A South Gate Blvd.,,New Castle,DE ,19720,USA,,800-404-7291,"Sales,Service,Up To 2MW,Mobile/Diesel/Gas,"
11381,Industrial/Commercial Sales & Service,00010000931002,"EMERGENCY POWER SYSTEMS, LLC", 35 HAMILTON LANE,,GLENMONT,NY ,12077,USA,,800-914-1465,"Service,Up To 2MW,Mobile/Diesel/Gas,"
11381,Industrial/Commercial Sales & Service,00010000931002,"EMERGENCY POWER SYSTEMS, LLC", 35 HAMILTON LANE,,GLENMONT,NY ,12077,USA,,800-914-1465,"Service,"
11381,Industrial/Commercial Sales & Service,00010208021002,Modern Group Power Systems, 3480 Board Road,,York,PA ,17402,USA,,800-404-7291,"Sales,Service,Up To 2MW,Mobile/Diesel/Gas,"
11381,Industrial/Commercial Sales & Service,00010001731002,AUTHORIZED SERVICES OF NEW ENGLAND, 410 FOREST STREET,,MARLBOROUGH,MA ,01752,USA,,888-890-9886,"Sales,"
11381,Industrial/Commercial Sales & Service,00010001761002,"GENSERVE, INC.", 100 NEWTOWN RD,,PLAINVIEW,NY ,11803,USA,www.genserveinc.com,631-435-0437,"Service,"
11381,Industrial/Commercial Sales & Service,00111209521002,LONG ISLAND EMERGENCY POWER -QO, 2 Ocean Avenue,,DEER PARK,NY ,11729,USA,,631-586-7513,"Sales,"
11381,Industrial/Commercial Sales & Service,00010139211002,POWERPRO SERVICE CO. INC., 608 JOHNSON AVE. UNIT 6,,BOHEMIA,NY ,11716,USA,,631-567-2700,"Sales,Service,Up To 600kW,Mobile/Diesel/Gas,"
11381,Industrial/Commercial Sales & Service,00111209531002,HUNTINGTON POWER - LONG ISLAND, PO BOX 2040,,SHELTON,CT ,06484,USA,,631-586-7513,"Sales,"
11381,Industrial/Commercial Sales & Service,00010134071002,PEAK POWER SYSTEMS, 99 SPRAGUE AVENUE,,MIDDLETOWN,NY ,10940,USA,www.peakpowersystems.com,845-344-1975,"Sales,Service,Up To 600kW,Mobile/Diesel/Gas,Rental,"
11381,Industrial/Commercial Sales & Service,00010001761002,"GENSERVE, INC.", 115A TWINBRIDGE DR.,,PENNSAUKEN,NJ ,08110,USA,www.genserveinc.com,856-324-0459,"Service,"
11381,Industrial/Commercial Sales & Service,00111184131002,HUNTER & LOMISON, 1956 W FOURTH ST,,WILLIAMSPORT,PA ,17701,USA,www.hunterlomison.com,570-326-1764,"Sales,Service,Up To 600kW,Mobile/Diesel/Gas,Rental,"
11381,Industrial/Commercial Sales & Service,00010000881002,HUNTER & LOMISON INC., 1956 W. 4TH STREET,,WILLIAMSPORT,PA ,17701,USA,www.hunterlomison.com,570-326-1764,"Service,Up To 600kW,Mobile/Diesel/Gas,"
11381,Industrial/Commercial Sales & Service,00010001621002,BROOKFIELD SERVICE, 708 GLEBE ROAD,,WESTMORELAND,NH ,03467,USA,www.brookfieldservice.com,802-485-6567,"Service,Up To 600kW,Mobile/Diesel/Gas,"
11381,Industrial/Commercial Sales & Service,00010021101002,SOUTH SHORE GENERATOR INC-Quote, 2696A CRANBERRY HWY,,WAREHAM,MA ,02571,USA,,508-295-7336,"Sales,Service,Up To 600kW,Mobile/Diesel/Gas,"
11381,Industrial/Commercial Sales & Service,00010001701002,SOUTH SHORE GENERATOR INC, ,,EAST WAREHAM,MA ,02538,USA,,508-295-7336,"Financing,Sales,Service,Up To 600kW,Mobile/Diesel/Gas,"
11381,Industrial/Commercial Sales & Service,00111207431002,WARSHAUER ELECTRIC SUPPLY CO INC, 800 SHREWSBURY AVE,,TINTON FALLS,NJ ,07724,USA,www.warshauer.com,732-741-6400,"Service,"
11381,Industrial/Commercial Sales & Service,00010157021002,Mechanical Service Co, 1145 Oak St.,,Pittston,PA ,18640,USA,,570-654-2445,"Service,"
11385,Industrial/Commercial Sales & Service,00010001611002,Huntington Power, 230 Long Hill Cross Rd,,Shelton,CT ,06484,USA,www.huntingtonpower.com,203-929-3203,"Sales,Service,Up To 2MW,Mobile/Diesel/Gas,Training,Rental,"
11385,Industrial/Commercial Sales & Service,00010214161002,"R.L. KISTLER, INC.", 35 HAMILTON LANE,,GLENMONT,NY ,12077,USA,,585-436-1940,"Sales,Service,"
11385,Industrial/Commercial Sales & Service,00010214161002,"R.L. Kistler, Inc", 300 Mile Crossing Blvd.,,Rochester,NY ,14624,USA,rlkistler.com,585-436-1940,"Sales,"
11385,Industrial/Commercial Sales & Service,00010001611002,Huntington Power, 68 Enter Ln,,Islandia,NY ,11749,USA,,631-563-4943,"Sales,Service,Up To 2MW,Mobile/Diesel/Gas,"
11385,Industrial/Commercial Sales & Service,00010001611002,Huntington Power, 34 E DUDLEY TOWN RD.,,BLOOMFIELD,CT ,06002,USA,,860-289-8790,"Sales,Service,Rental,"
11385,Industrial/Commercial Sales & Service,00010214161002,"R.L. Kistler, Inc", 5615 Business Ave.,,N. Syracuse,NY ,13208,USA,,315-458-2875,"Sales,"
11385,Industrial/Commercial Sales & Service,00010214161002,"R.L. Kistler, Inc", 5615 Business Ave.,,N. Syracuse,NY ,13208,USA,,315-458-2875,"Sales,"
11385,Industrial/Commercial Sales & Service,00010208021002,Modern Group Power Systems, 2501 Durham Road,,Bristol,PA ,19007,USA,www.moderngroup.com,800-404-7291,"Sales,Service,Up To 2MW,Mobile/Diesel/Gas,Training,Rental,"
11385,Industrial/Commercial Sales & Service,00010001731002,Authorized Services Of New England, 410 Forest Street,,Marlborough,MA ,01752,USA,www.asne.com,888-890-9886,"Financing,Sales,Service,Up To 2MW,Mobile/Diesel/Gas,Training,Rental,"
11385,Industrial/Commercial Sales & Service,00010008091002,MODERN HANDLING EQUIP, 75 NEW STREET,,EDISON,NJ ,08837,USA,www.moderngroup.com,800-779-5116,"Sales,Service,Up To 2MW,Mobile/Diesel/Gas,"
11385,Industrial/Commercial Sales & Service,00010208021002,Modern Group Power Systems, 200 Allied Parkway,,West Berlin,NJ ,08091,USA,,800-404-7291,"Sales,Service,Up To 2MW,Mobile/Diesel/Gas,"
11385,Industrial/Commercial Sales & Service,00010208021002,Modern Group Power Systems, 6352 Chapmans Rd,,Allentown,PA ,18106,USA,,800-404-7291,"Sales,Service,Up To 2MW,Mobile/Diesel/Gas,"
11385,Industrial/Commercial Sales & Service,00010208021002,Modern Group Power Systems, 295 New Commerce Blvd.,,Wilkes Barre,PA ,18706,USA,,800-404-7291,"Sales,Service,Up To 2MW,Mobile/Diesel/Gas,"
11385,Industrial/Commercial Sales & Service,00010208021002,Modern Group Power Systems, 66A South Gate Blvd.,,New Castle,DE ,19720,USA,,800-404-7291,"Sales,Service,Up To 2MW,Mobile/Diesel/Gas,"
11385,Industrial/Commercial Sales & Service,00010000931002,"EMERGENCY POWER SYSTEMS, LLC", 35 HAMILTON LANE,,GLENMONT,NY ,12077,USA,,800-914-1465,"Service,Up To 2MW,Mobile/Diesel/Gas,"
11385,Industrial/Commercial Sales & Service,00010000931002,"EMERGENCY POWER SYSTEMS, LLC", 35 HAMILTON LANE,,GLENMONT,NY ,12077,USA,,800-914-1465,"Service,"
11385,Industrial/Commercial Sales & Service,00010208021002,Modern Group Power Systems, 3480 Board Road,,York,PA ,17402,USA,,800-404-7291,"Sales,Service,Up To 2MW,Mobile/Diesel/Gas,"
11385,Industrial/Commercial Sales & Service,00010001731002,AUTHORIZED SERVICES OF NEW ENGLAND, 410 FOREST STREET,,MARLBOROUGH,MA ,01752,USA,,888-890-9886,"Sales,"
11385,Industrial/Commercial Sales & Service,00010001761002,"GENSERVE, INC.", 100 NEWTOWN RD,,PLAINVIEW,NY ,11803,USA,www.genserveinc.com,631-435-0437,"Service,"
11385,Industrial/Commercial Sales & Service,00111209521002,LONG ISLAND EMERGENCY POWER -QO, 2 Ocean Avenue,,DEER PARK,NY ,11729,USA,,631-586-7513,"Sales,"
11385,Industrial/Commercial Sales & Service,00010139211002,POWERPRO SERVICE CO. INC., 608 JOHNSON AVE. UNIT 6,,BOHEMIA,NY ,11716,USA,,631-567-2700,"Sales,Service,Up To 600kW,Mobile/Diesel/Gas,"
11385,Industrial/Commercial Sales & Service,00111209531002,HUNTINGTON POWER - LONG ISLAND, PO BOX 2040,,SHELTON,CT ,06484,USA,,631-586-7513,"Sales,"
11385,Industrial/Commercial Sales & Service,00010134071002,PEAK POWER SYSTEMS, 99 SPRAGUE AVENUE,,MIDDLETOWN,NY ,10940,USA,www.peakpowersystems.com,845-344-1975,"Sales,Service,Up To 600kW,Mobile/Diesel/Gas,Rental,"
11385,Industrial/Commercial Sales & Service,00010001761002,"GENSERVE, INC.", 115A TWINBRIDGE DR.,,PENNSAUKEN,NJ ,08110,USA,www.genserveinc.com,856-324-0459,"Service,"
11385,Industrial/Commercial Sales & Service,00111184131002,HUNTER & LOMISON, 1956 W FOURTH ST,,WILLIAMSPORT,PA ,17701,USA,www.hunterlomison.com,570-326-1764,"Sales,Service,Up To 600kW,Mobile/Diesel/Gas,Rental,"
11385,Industrial/Commercial Sales & Service,00010000881002,HUNTER & LOMISON INC., 1956 W. 4TH STREET,,WILLIAMSPORT,PA ,17701,USA,www.hunterlomison.com,570-326-1764,"Service,Up To 600kW,Mobile/Diesel/Gas,"
11385,Industrial/Commercial Sales & Service,00010001621002,BROOKFIELD SERVICE, 708 GLEBE ROAD,,WESTMORELAND,NH ,03467,USA,www.brookfieldservice.com,802-485-6567,"Service,Up To 600kW,Mobile/Diesel/Gas,"
11385,Industrial/Commercial Sales & Service,00010021101002,SOUTH SHORE GENERATOR INC-Quote, 2696A CRANBERRY HWY,,WAREHAM,MA ,02571,USA,,508-295-7336,"Sales,Service,Up To 600kW,Mobile/Diesel/Gas,"
11385,Industrial/Commercial Sales & Service,00010001701002,SOUTH SHORE GENERATOR INC, ,,EAST WAREHAM,MA ,02538,USA,,508-295-7336,"Financing,Sales,Service,Up To 600kW,Mobile/Diesel/Gas,"
11385,Industrial/Commercial Sales & Service,00111207431002,WARSHAUER ELECTRIC SUPPLY CO INC, 800 SHREWSBURY AVE,,TINTON FALLS,NJ ,07724,USA,www.warshauer.com,732-741-6400,"Service,"
11385,Industrial/Commercial Sales & Service,00010157021002,Mechanical Service Co, 1145 Oak St.,,Pittston,PA ,18640,USA,,570-654-2445,"Service,"
11386,Industrial/Commercial Sales & Service,00010214161002,"R.L. Kistler, Inc", 300 Mile Crossing Blvd.,,Rochester,NY ,14624,USA,rlkistler.com,585-436-1940,"Sales,"
11386,Industrial/Commercial Sales & Service,00010001611002,Huntington Power, 230 Long Hill Cross Rd,,Shelton,CT ,06484,USA,www.huntingtonpower.com,203-929-3203,"Sales,Service,Up To 2MW,Mobile/Diesel/Gas,Training,Rental,"
11386,Industrial/Commercial Sales & Service,00010214161002,"R.L. KISTLER, INC.", 35 HAMILTON LANE,,GLENMONT,NY ,12077,USA,,585-436-1940,"Sales,Service,"
11386,Industrial/Commercial Sales & Service,00010214161002,"R.L. Kistler, Inc", 5615 Business Ave.,,N. Syracuse,NY ,13208,USA,,315-458-2875,"Sales,"
11386,Industrial/Commercial Sales & Service,00010001611002,Huntington Power, 68 Enter Ln,,Islandia,NY ,11749,USA,,631-563-4943,"Sales,Service,Up To 2MW,Mobile/Diesel/Gas,"
11386,Industrial/Commercial Sales & Service,00010001611002,Huntington Power, 34 E DUDLEY TOWN RD.,,BLOOMFIELD,CT ,06002,USA,,860-289-8790,"Sales,Service,Rental,"
11386,Industrial/Commercial Sales & Service,00010214161002,"R.L. Kistler, Inc", 5615 Business Ave.,,N. Syracuse,NY ,13208,USA,,315-458-2875,"Sales,"
11386,Industrial/Commercial Sales & Service,00010208021002,Modern Group Power Systems, 2501 Durham Road,,Bristol,PA ,19007,USA,www.moderngroup.com,800-404-7291,"Sales,Service,Up To 2MW,Mobile/Diesel/Gas,Training,Rental,"
11386,Industrial/Commercial Sales & Service,00010001731002,Authorized Services Of New England, 410 Forest Street,,Marlborough,MA ,01752,USA,www.asne.com,888-890-9886,"Financing,Sales,Service,Up To 2MW,Mobile/Diesel/Gas,Training,Rental,"
11386,Industrial/Commercial Sales & Service,00010008091002,MODERN HANDLING EQUIP, 75 NEW STREET,,EDISON,NJ ,08837,USA,www.moderngroup.com,800-779-5116,"Sales,Service,Up To 2MW,Mobile/Diesel/Gas,"
11386,Industrial/Commercial Sales & Service,00010208021002,Modern Group Power Systems, 200 Allied Parkway,,West Berlin,NJ ,08091,USA,,800-404-7291,"Sales,Service,Up To 2MW,Mobile/Diesel/Gas,"
11386,Industrial/Commercial Sales & Service,00010208021002,Modern Group Power Systems, 6352 Chapmans Rd,,Allentown,PA ,18106,USA,,800-404-7291,"Sales,Service,Up To 2MW,Mobile/Diesel/Gas,"
11386,Industrial/Commercial Sales & Service,00010208021002,Modern Group Power Systems, 295 New Commerce Blvd.,,Wilkes Barre,PA ,18706,USA,,800-404-7291,"Sales,Service,Up To 2MW,Mobile/Diesel/Gas,"
11386,Industrial/Commercial Sales & Service,00010208021002,Modern Group Power Systems, 66A South Gate Blvd.,,New Castle,DE ,19720,USA,,800-404-7291,"Sales,Service,Up To 2MW,Mobile/Diesel/Gas,"
11386,Industrial/Commercial Sales & Service,00010000931002,"EMERGENCY POWER SYSTEMS, LLC", 35 HAMILTON LANE,,GLENMONT,NY ,12077,USA,,800-914-1465,"Service,Up To 2MW,Mobile/Diesel/Gas,"
11386,Industrial/Commercial Sales & Service,00010000931002,"EMERGENCY POWER SYSTEMS, LLC", 35 HAMILTON LANE,,GLENMONT,NY ,12077,USA,,800-914-1465,"Service,"
11386,Industrial/Commercial Sales & Service,00010208021002,Modern Group Power Systems, 3480 Board Road,,York,PA ,17402,USA,,800-404-7291,"Sales,Service,Up To 2MW,Mobile/Diesel/Gas,"
11386,Industrial/Commercial Sales & Service,00010001731002,AUTHORIZED SERVICES OF NEW ENGLAND, 410 FOREST STREET,,MARLBOROUGH,MA ,01752,USA,,888-890-9886,"Sales,"
11386,Industrial/Commercial Sales & Service,00010001761002,"GENSERVE, INC.", 100 NEWTOWN RD,,PLAINVIEW,NY ,11803,USA,www.genserveinc.com,631-435-0437,"Service,"
11386,Industrial/Commercial Sales & Service,00111209521002,LONG ISLAND EMERGENCY POWER -QO, 2 Ocean Avenue,,DEER PARK,NY ,11729,USA,,631-586-7513,"Sales,"
11386,Industrial/Commercial Sales & Service,00010139211002,POWERPRO SERVICE CO. INC., 608 JOHNSON AVE. UNIT 6,,BOHEMIA,NY ,11716,USA,,631-567-2700,"Sales,Service,Up To 600kW,Mobile/Diesel/Gas,"
11386,Industrial/Commercial Sales & Service,00111209531002,HUNTINGTON POWER - LONG ISLAND, PO BOX 2040,,SHELTON,CT ,06484,USA,,631-586-7513,"Sales,"
11386,Industrial/Commercial Sales & Service,00010134071002,PEAK POWER SYSTEMS, 99 SPRAGUE AVENUE,,MIDDLETOWN,NY ,10940,USA,www.peakpowersystems.com,845-344-1975,"Sales,Service,Up To 600kW,Mobile/Diesel/Gas,Rental,"
11386,Industrial/Commercial Sales & Service,00010001761002,"GENSERVE, INC.", 115A TWINBRIDGE DR.,,PENNSAUKEN,NJ ,08110,USA,www.genserveinc.com,856-324-0459,"Service,"
11386,Industrial/Commercial Sales & Service,00111184131002,HUNTER & LOMISON, 1956 W FOURTH ST,,WILLIAMSPORT,PA ,17701,USA,www.hunterlomison.com,570-326-1764,"Sales,Service,Up To 600kW,Mobile/Diesel/Gas,Rental,"
11386,Industrial/Commercial Sales & Service,00010000881002,HUNTER & LOMISON INC., 1956 W. 4TH STREET,,WILLIAMSPORT,PA ,17701,USA,www.hunterlomison.com,570-326-1764,"Service,Up To 600kW,Mobile/Diesel/Gas,"
11386,Industrial/Commercial Sales & Service,00010001621002,BROOKFIELD SERVICE, 708 GLEBE ROAD,,WESTMORELAND,NH ,03467,USA,www.brookfieldservice.com,802-485-6567,"Service,Up To 600kW,Mobile/Diesel/Gas,"
11386,Industrial/Commercial Sales & Service,00010021101002,SOUTH SHORE GENERATOR INC-Quote, 2696A CRANBERRY HWY,,WAREHAM,MA ,02571,USA,,508-295-7336,"Sales,Service,Up To 600kW,Mobile/Diesel/Gas,"
11386,Industrial/Commercial Sales & Service,00010001701002,SOUTH SHORE GENERATOR INC, ,,EAST WAREHAM,MA ,02538,USA,,508-295-7336,"Financing,Sales,Service,Up To 600kW,Mobile/Diesel/Gas,"
11386,Industrial/Commercial Sales & Service,00111207431002,WARSHAUER ELECTRIC SUPPLY CO INC, 800 SHREWSBURY AVE,,TINTON FALLS,NJ ,07724,USA,www.warshauer.com,732-741-6400,"Service,"
11386,Industrial/Commercial Sales & Service,00010157021002,Mechanical Service Co, 1145 Oak St.,,Pittston,PA ,18640,USA,,570-654-2445,"Service,"
11405,Industrial/Commercial Sales & Service,00010214161002,"R.L. Kistler, Inc", 300 Mile Crossing Blvd.,,Rochester,NY ,14624,USA,rlkistler.com,585-436-1940,"Sales,"
11405,Industrial/Commercial Sales & Service,00010214161002,"R.L. KISTLER, INC.", 35 HAMILTON LANE,,GLENMONT,NY ,12077,USA,,585-436-1940,"Sales,Service,"
11405,Industrial/Commercial Sales & Service,00010001611002,Huntington Power, 230 Long Hill Cross Rd,,Shelton,CT ,06484,USA,www.huntingtonpower.com,203-929-3203,"Sales,Service,Up To 2MW,Mobile/Diesel/Gas,Training,Rental,"
11405,Industrial/Commercial Sales & Service,00010214161002,"R.L. Kistler, Inc", 5615 Business Ave.,,N. Syracuse,NY ,13208,USA,,315-458-2875,"Sales,"
11405,Industrial/Commercial Sales & Service,00010214161002,"R.L. Kistler, Inc", 5615 Business Ave.,,N. Syracuse,NY ,13208,USA,,315-458-2875,"Sales,"
11405,Industrial/Commercial Sales & Service,00010001611002,Huntington Power, 68 Enter Ln,,Islandia,NY ,11749,USA,,631-563-4943,"Sales,Service,Up To 2MW,Mobile/Diesel/Gas,"
11405,Industrial/Commercial Sales & Service,00010001611002,Huntington Power, 34 E DUDLEY TOWN RD.,,BLOOMFIELD,CT ,06002,USA,,860-289-8790,"Sales,Service,Rental,"
11405,Industrial/Commercial Sales & Service,00010208021002,Modern Group Power Systems, 2501 Durham Road,,Bristol,PA ,19007,USA,www.moderngroup.com,800-404-7291,"Sales,Service,Up To 2MW,Mobile/Diesel/Gas,Training,Rental,"
11405,Industrial/Commercial Sales & Service,00010001731002,Authorized Services Of New England, 410 Forest Street,,Marlborough,MA ,01752,USA,www.asne.com,888-890-9886,"Financing,Sales,Service,Up To 2MW,Mobile/Diesel/Gas,Training,Rental,"
11405,Industrial/Commercial Sales & Service,00010008091002,MODERN HANDLING EQUIP, 75 NEW STREET,,EDISON,NJ ,08837,USA,www.moderngroup.com,800-779-5116,"Sales,Service,Up To 2MW,Mobile/Diesel/Gas,"
11405,Industrial/Commercial Sales & Service,00010208021002,Modern Group Power Systems, 200 Allied Parkway,,West Berlin,NJ ,08091,USA,,800-404-7291,"Sales,Service,Up To 2MW,Mobile/Diesel/Gas,"
11405,Industrial/Commercial Sales & Service,00010208021002,Modern Group Power Systems, 6352 Chapmans Rd,,Allentown,PA ,18106,USA,,800-404-7291,"Sales,Service,Up To 2MW,Mobile/Diesel/Gas,"
11405,Industrial/Commercial Sales & Service,00010208021002,Modern Group Power Systems, 295 New Commerce Blvd.,,Wilkes Barre,PA ,18706,USA,,800-404-7291,"Sales,Service,Up To 2MW,Mobile/Diesel/Gas,"
11405,Industrial/Commercial Sales & Service,00010208021002,Modern Group Power Systems, 66A South Gate Blvd.,,New Castle,DE ,19720,USA,,800-404-7291,"Sales,Service,Up To 2MW,Mobile/Diesel/Gas,"
11405,Industrial/Commercial Sales & Service,00010000931002,"EMERGENCY POWER SYSTEMS, LLC", 35 HAMILTON LANE,,GLENMONT,NY ,12077,USA,,800-914-1465,"Service,Up To 2MW,Mobile/Diesel/Gas,"
11405,Industrial/Commercial Sales & Service,00010000931002,"EMERGENCY POWER SYSTEMS, LLC", 35 HAMILTON LANE,,GLENMONT,NY ,12077,USA,,800-914-1465,"Service,"
11405,Industrial/Commercial Sales & Service,00010208021002,Modern Group Power Systems, 3480 Board Road,,York,PA ,17402,USA,,800-404-7291,"Sales,Service,Up To 2MW,Mobile/Diesel/Gas,"
11405,Industrial/Commercial Sales & Service,00010001731002,AUTHORIZED SERVICES OF NEW ENGLAND, 410 FOREST STREET,,MARLBOROUGH,MA ,01752,USA,,888-890-9886,"Sales,"
11405,Industrial/Commercial Sales & Service,00010001761002,"GENSERVE, INC.", 100 NEWTOWN RD,,PLAINVIEW,NY ,11803,USA,www.genserveinc.com,631-435-0437,"Service,"
11405,Industrial/Commercial Sales & Service,00111209521002,LONG ISLAND EMERGENCY POWER -QO, 2 Ocean Avenue,,DEER PARK,NY ,11729,USA,,631-586-7513,"Sales,"
11405,Industrial/Commercial Sales & Service,00010139211002,POWERPRO SERVICE CO. INC., 608 JOHNSON AVE. UNIT 6,,BOHEMIA,NY ,11716,USA,,631-567-2700,"Sales,Service,Up To 600kW,Mobile/Diesel/Gas,"
11405,Industrial/Commercial Sales & Service,00111209531002,HUNTINGTON POWER - LONG ISLAND, PO BOX 2040,,SHELTON,CT ,06484,USA,,631-586-7513,"Sales,"
11405,Industrial/Commercial Sales & Service,00010134071002,PEAK POWER SYSTEMS, 99 SPRAGUE AVENUE,,MIDDLETOWN,NY ,10940,USA,www.peakpowersystems.com,845-344-1975,"Sales,Service,Up To 600kW,Mobile/Diesel/Gas,Rental,"
11405,Industrial/Commercial Sales & Service,00010001761002,"GENSERVE, INC.", 115A TWINBRIDGE DR.,,PENNSAUKEN,NJ ,08110,USA,www.genserveinc.com,856-324-0459,"Service,"
11405,Industrial/Commercial Sales & Service,00010001621002,BROOKFIELD SERVICE, 708 GLEBE ROAD,,WESTMORELAND,NH ,03467,USA,www.brookfieldservice.com,802-485-6567,"Service,Up To 600kW,Mobile/Diesel/Gas,"
11405,Industrial/Commercial Sales & Service,00111184131002,HUNTER & LOMISON, 1956 W FOURTH ST,,WILLIAMSPORT,PA ,17701,USA,www.hunterlomison.com,570-326-1764,"Sales,Service,Up To 600kW,Mobile/Diesel/Gas,Rental,"
11405,Industrial/Commercial Sales & Service,00010000881002,HUNTER & LOMISON INC., 1956 W. 4TH STREET,,WILLIAMSPORT,PA ,17701,USA,www.hunterlomison.com,570-326-1764,"Service,Up To 600kW,Mobile/Diesel/Gas,"
11405,Industrial/Commercial Sales & Service,00010021101002,SOUTH SHORE GENERATOR INC-Quote, 2696A CRANBERRY HWY,,WAREHAM,MA ,02571,USA,,508-295-7336,"Sales,Service,Up To 600kW,Mobile/Diesel/Gas,"
11405,Industrial/Commercial Sales & Service,00010001701002,SOUTH SHORE GENERATOR INC, ,,EAST WAREHAM,MA ,02538,USA,,508-295-7336,"Financing,Sales,Service,Up To 600kW,Mobile/Diesel/Gas,"
11405,Industrial/Commercial Sales & Service,00111207431002,WARSHAUER ELECTRIC SUPPLY CO INC, 800 SHREWSBURY AVE,,TINTON FALLS,NJ ,07724,USA,www.warshauer.com,732-741-6400,"Service,"
11405,Industrial/Commercial Sales & Service,00010157021002,Mechanical Service Co, 1145 Oak St.,,Pittston,PA ,18640,USA,,570-654-2445,"Service,"
11411,Industrial/Commercial Sales & Service,00010001611002,Huntington Power, 230 Long Hill Cross Rd,,Shelton,CT ,06484,USA,www.huntingtonpower.com,203-929-3203,"Sales,Service,Up To 2MW,Mobile/Diesel/Gas,Training,Rental,"
11411,Industrial/Commercial Sales & Service,00010214161002,"R.L. KISTLER, INC.", 35 HAMILTON LANE,,GLENMONT,NY ,12077,USA,,585-436-1940,"Sales,Service,"
11411,Industrial/Commercial Sales & Service,00010214161002,"R.L. Kistler, Inc", 300 Mile Crossing Blvd.,,Rochester,NY ,14624,USA,rlkistler.com,585-436-1940,"Sales,"
11411,Industrial/Commercial Sales & Service,00010001611002,Huntington Power, 68 Enter Ln,,Islandia,NY ,11749,USA,,631-563-4943,"Sales,Service,Up To 2MW,Mobile/Diesel/Gas,"
11411,Industrial/Commercial Sales & Service,00010001611002,Huntington Power, 34 E DUDLEY TOWN RD.,,BLOOMFIELD,CT ,06002,USA,,860-289-8790,"Sales,Service,Rental,"
11411,Industrial/Commercial Sales & Service,00010214161002,"R.L. Kistler, Inc", 5615 Business Ave.,,N. Syracuse,NY ,13208,USA,,315-458-2875,"Sales,"
11411,Industrial/Commercial Sales & Service,00010214161002,"R.L. Kistler, Inc", 5615 Business Ave.,,N. Syracuse,NY ,13208,USA,,315-458-2875,"Sales,"
11411,Industrial/Commercial Sales & Service,00010208021002,Modern Group Power Systems, 2501 Durham Road,,Bristol,PA ,19007,USA,www.moderngroup.com,800-404-7291,"Sales,Service,Up To 2MW,Mobile/Diesel/Gas,Training,Rental,"
11411,Industrial/Commercial Sales & Service,00010001731002,Authorized Services Of New England, 410 Forest Street,,Marlborough,MA ,01752,USA,www.asne.com,888-890-9886,"Financing,Sales,Service,Up To 2MW,Mobile/Diesel/Gas,Training,Rental,"
11411,Industrial/Commercial Sales & Service,00010008091002,MODERN HANDLING EQUIP, 75 NEW STREET,,EDISON,NJ ,08837,USA,www.moderngroup.com,800-779-5116,"Sales,Service,Up To 2MW,Mobile/Diesel/Gas,"
11411,Industrial/Commercial Sales & Service,00010208021002,Modern Group Power Systems, 200 Allied Parkway,,West Berlin,NJ ,08091,USA,,800-404-7291,"Sales,Service,Up To 2MW,Mobile/Diesel/Gas,"
11411,Industrial/Commercial Sales & Service,00010208021002,Modern Group Power Systems, 6352 Chapmans Rd,,Allentown,PA ,18106,USA,,800-404-7291,"Sales,Service,Up To 2MW,Mobile/Diesel/Gas,"
11411,Industrial/Commercial Sales & Service,00010208021002,Modern Group Power Systems, 295 New Commerce Blvd.,,Wilkes Barre,PA ,18706,USA,,800-404-7291,"Sales,Service,Up To 2MW,Mobile/Diesel/Gas,"
11411,Industrial/Commercial Sales & Service,00010208021002,Modern Group Power Systems, 66A South Gate Blvd.,,New Castle,DE ,19720,USA,,800-404-7291,"Sales,Service,Up To 2MW,Mobile/Diesel/Gas,"
11411,Industrial/Commercial Sales & Service,00010000931002,"EMERGENCY POWER SYSTEMS, LLC", 35 HAMILTON LANE,,GLENMONT,NY ,12077,USA,,800-914-1465,"Service,Up To 2MW,Mobile/Diesel/Gas,"
11411,Industrial/Commercial Sales & Service,00010000931002,"EMERGENCY POWER SYSTEMS, LLC", 35 HAMILTON LANE,,GLENMONT,NY ,12077,USA,,800-914-1465,"Service,"
11411,Industrial/Commercial Sales & Service,00010001731002,AUTHORIZED SERVICES OF NEW ENGLAND, 410 FOREST STREET,,MARLBOROUGH,MA ,01752,USA,,888-890-9886,"Sales,"
11411,Industrial/Commercial Sales & Service,00010208021002,Modern Group Power Systems, 3480 Board Road,,York,PA ,17402,USA,,800-404-7291,"Sales,Service,Up To 2MW,Mobile/Diesel/Gas,"
11411,Industrial/Commercial Sales & Service,00010001761002,"GENSERVE, INC.", 100 NEWTOWN RD,,PLAINVIEW,NY ,11803,USA,www.genserveinc.com,631-435-0437,"Service,"
11411,Industrial/Commercial Sales & Service,00111209521002,LONG ISLAND EMERGENCY POWER -QO, 2 Ocean Avenue,,DEER PARK,NY ,11729,USA,,631-586-7513,"Sales,"
11411,Industrial/Commercial Sales & Service,00010139211002,POWERPRO SERVICE CO. INC., 608 JOHNSON AVE. UNIT 6,,BOHEMIA,NY ,11716,USA,,631-567-2700,"Sales,Service,Up To 600kW,Mobile/Diesel/Gas,"
11411,Industrial/Commercial Sales & Service,00111209531002,HUNTINGTON POWER - LONG ISLAND, PO BOX 2040,,SHELTON,CT ,06484,USA,,631-586-7513,"Sales,"
11411,Industrial/Commercial Sales & Service,00010134071002,PEAK POWER SYSTEMS, 99 SPRAGUE AVENUE,,MIDDLETOWN,NY ,10940,USA,www.peakpowersystems.com,845-344-1975,"Sales,Service,Up To 600kW,Mobile/Diesel/Gas,Rental,"
11411,Industrial/Commercial Sales & Service,00010001761002,"GENSERVE, INC.", 115A TWINBRIDGE DR.,,PENNSAUKEN,NJ ,08110,USA,www.genserveinc.com,856-324-0459,"Service,"
11411,Industrial/Commercial Sales & Service,00010001621002,BROOKFIELD SERVICE, 708 GLEBE ROAD,,WESTMORELAND,NH ,03467,USA,www.brookfieldservice.com,802-485-6567,"Service,Up To 600kW,Mobile/Diesel/Gas,"
11411,Industrial/Commercial Sales & Service,00010021101002,SOUTH SHORE GENERATOR INC-Quote, 2696A CRANBERRY HWY,,WAREHAM,MA ,02571,USA,,508-295-7336,"Sales,Service,Up To 600kW,Mobile/Diesel/Gas,"
11411,Industrial/Commercial Sales & Service,00010001701002,SOUTH SHORE GENERATOR INC, ,,EAST WAREHAM,MA ,02538,USA,,508-295-7336,"Financing,Sales,Service,Up To 600kW,Mobile/Diesel/Gas,"
11411,Industrial/Commercial Sales & Service,00111184131002,HUNTER & LOMISON, 1956 W FOURTH ST,,WILLIAMSPORT,PA ,17701,USA,www.hunterlomison.com,570-326-1764,"Sales,Service,Up To 600kW,Mobile/Diesel/Gas,Rental,"
11411,Industrial/Commercial Sales & Service,00010000881002,HUNTER & LOMISON INC., 1956 W. 4TH STREET,,WILLIAMSPORT,PA ,17701,USA,www.hunterlomison.com,570-326-1764,"Service,Up To 600kW,Mobile/Diesel/Gas,"
11411,Industrial/Commercial Sales & Service,00111207431002,WARSHAUER ELECTRIC SUPPLY CO INC, 800 SHREWSBURY AVE,,TINTON FALLS,NJ ,07724,USA,www.warshauer.com,732-741-6400,"Service,"
11411,Industrial/Commercial Sales & Service,00010157021002,Mechanical Service Co, 1145 Oak St.,,Pittston,PA ,18640,USA,,570-654-2445,"Service,"
11412,Industrial/Commercial Sales & Service,00010214161002,"R.L. Kistler, Inc", 300 Mile Crossing Blvd.,,Rochester,NY ,14624,USA,rlkistler.com,585-436-1940,"Sales,"
11412,Industrial/Commercial Sales & Service,00010001611002,Huntington Power, 230 Long Hill Cross Rd,,Shelton,CT ,06484,USA,www.huntingtonpower.com,203-929-3203,"Sales,Service,Up To 2MW,Mobile/Diesel/Gas,Training,Rental,"
11412,Industrial/Commercial Sales & Service,00010214161002,"R.L. KISTLER, INC.", 35 HAMILTON LANE,,GLENMONT,NY ,12077,USA,,585-436-1940,"Sales,Service,"
11412,Industrial/Commercial Sales & Service,00010214161002,"R.L. Kistler, Inc", 5615 Business Ave.,,N. Syracuse,NY ,13208,USA,,315-458-2875,"Sales,"
11412,Industrial/Commercial Sales & Service,00010001611002,Huntington Power, 68 Enter Ln,,Islandia,NY ,11749,USA,,631-563-4943,"Sales,Service,Up To 2MW,Mobile/Diesel/Gas,"
11412,Industrial/Commercial Sales & Service,00010001611002,Huntington Power, 34 E DUDLEY TOWN RD.,,BLOOMFIELD,CT ,06002,USA,,860-289-8790,"Sales,Service,Rental,"
11412,Industrial/Commercial Sales & Service,00010214161002,"R.L. Kistler, Inc", 5615 Business Ave.,,N. Syracuse,NY ,13208,USA,,315-458-2875,"Sales,"
11412,Industrial/Commercial Sales & Service,00010208021002,Modern Group Power Systems, 2501 Durham Road,,Bristol,PA ,19007,USA,www.moderngroup.com,800-404-7291,"Sales,Service,Up To 2MW,Mobile/Diesel/Gas,Training,Rental,"
11412,Industrial/Commercial Sales & Service,00010001731002,Authorized Services Of New England, 410 Forest Street,,Marlborough,MA ,01752,USA,www.asne.com,888-890-9886,"Financing,Sales,Service,Up To 2MW,Mobile/Diesel/Gas,Training,Rental,"
11412,Industrial/Commercial Sales & Service,00010008091002,MODERN HANDLING EQUIP, 75 NEW STREET,,EDISON,NJ ,08837,USA,www.moderngroup.com,800-779-5116,"Sales,Service,Up To 2MW,Mobile/Diesel/Gas,"
11412,Industrial/Commercial Sales & Service,00010208021002,Modern Group Power Systems, 200 Allied Parkway,,West Berlin,NJ ,08091,USA,,800-404-7291,"Sales,Service,Up To 2MW,Mobile/Diesel/Gas,"
11412,Industrial/Commercial Sales & Service,00010208021002,Modern Group Power Systems, 6352 Chapmans Rd,,Allentown,PA ,18106,USA,,800-404-7291,"Sales,Service,Up To 2MW,Mobile/Diesel/Gas,"
11412,Industrial/Commercial Sales & Service,00010208021002,Modern Group Power Systems, 295 New Commerce Blvd.,,Wilkes Barre,PA ,18706,USA,,800-404-7291,"Sales,Service,Up To 2MW,Mobile/Diesel/Gas,"
11412,Industrial/Commercial Sales & Service,00010208021002,Modern Group Power Systems, 66A South Gate Blvd.,,New Castle,DE ,19720,USA,,800-404-7291,"Sales,Service,Up To 2MW,Mobile/Diesel/Gas,"
11412,Industrial/Commercial Sales & Service,00010000931002,"EMERGENCY POWER SYSTEMS, LLC", 35 HAMILTON LANE,,GLENMONT,NY ,12077,USA,,800-914-1465,"Service,Up To 2MW,Mobile/Diesel/Gas,"
11412,Industrial/Commercial Sales & Service,00010000931002,"EMERGENCY POWER SYSTEMS, LLC", 35 HAMILTON LANE,,GLENMONT,NY ,12077,USA,,800-914-1465,"Service,"
11412,Industrial/Commercial Sales & Service,00010001731002,AUTHORIZED SERVICES OF NEW ENGLAND, 410 FOREST STREET,,MARLBOROUGH,MA ,01752,USA,,888-890-9886,"Sales,"
11412,Industrial/Commercial Sales & Service,00010208021002,Modern Group Power Systems, 3480 Board Road,,York,PA ,17402,USA,,800-404-7291,"Sales,Service,Up To 2MW,Mobile/Diesel/Gas,"
11412,Industrial/Commercial Sales & Service,00010001761002,"GENSERVE, INC.", 100 NEWTOWN RD,,PLAINVIEW,NY ,11803,USA,www.genserveinc.com,631-435-0437,"Service,"
11412,Industrial/Commercial Sales & Service,00111209521002,LONG ISLAND EMERGENCY POWER -QO, 2 Ocean Avenue,,DEER PARK,NY ,11729,USA,,631-586-7513,"Sales,"
11412,Industrial/Commercial Sales & Service,00010139211002,POWERPRO SERVICE CO. INC., 608 JOHNSON AVE. UNIT 6,,BOHEMIA,NY ,11716,USA,,631-567-2700,"Sales,Service,Up To 600kW,Mobile/Diesel/Gas,"
11412,Industrial/Commercial Sales & Service,00111209531002,HUNTINGTON POWER - LONG ISLAND, PO BOX 2040,,SHELTON,CT ,06484,USA,,631-586-7513,"Sales,"
11412,Industrial/Commercial Sales & Service,00010134071002,PEAK POWER SYSTEMS, 99 SPRAGUE AVENUE,,MIDDLETOWN,NY ,10940,USA,www.peakpowersystems.com,845-344-1975,"Sales,Service,Up To 600kW,Mobile/Diesel/Gas,Rental,"
11412,Industrial/Commercial Sales & Service,00010001761002,"GENSERVE, INC.", 115A TWINBRIDGE DR.,,PENNSAUKEN,NJ ,08110,USA,www.genserveinc.com,856-324-0459,"Service,"
11412,Industrial/Commercial Sales & Service,00010001621002,BROOKFIELD SERVICE, 708 GLEBE ROAD,,WESTMORELAND,NH ,03467,USA,www.brookfieldservice.com,802-485-6567,"Service,Up To 600kW,Mobile/Diesel/Gas,"
11412,Industrial/Commercial Sales & Service,00010021101002,SOUTH SHORE GENERATOR INC-Quote, 2696A CRANBERRY HWY,,WAREHAM,MA ,02571,USA,,508-295-7336,"Sales,Service,Up To 600kW,Mobile/Diesel/Gas,"
11412,Industrial/Commercial Sales & Service,00111184131002,HUNTER & LOMISON, 1956 W FOURTH ST,,WILLIAMSPORT,PA ,17701,USA,www.hunterlomison.com,570-326-1764,"Sales,Service,Up To 600kW,Mobile/Diesel/Gas,Rental,"
11412,Industrial/Commercial Sales & Service,00010000881002,HUNTER & LOMISON INC., 1956 W. 4TH STREET,,WILLIAMSPORT,PA ,17701,USA,www.hunterlomison.com,570-326-1764,"Service,Up To 600kW,Mobile/Diesel/Gas,"
11412,Industrial/Commercial Sales & Service,00010001701002,SOUTH SHORE GENERATOR INC, ,,EAST WAREHAM,MA ,02538,USA,,508-295-7336,"Financing,Sales,Service,Up To 600kW,Mobile/Diesel/Gas,"
11412,Industrial/Commercial Sales & Service,00111207431002,WARSHAUER ELECTRIC SUPPLY CO INC, 800 SHREWSBURY AVE,,TINTON FALLS,NJ ,07724,USA,www.warshauer.com,732-741-6400,"Service,"
11412,Industrial/Commercial Sales & Service,00010157021002,Mechanical Service Co, 1145 Oak St.,,Pittston,PA ,18640,USA,,570-654-2445,"Service,"
11413,Industrial/Commercial Sales & Service,00010214161002,"R.L. KISTLER, INC.", 35 HAMILTON LANE,,GLENMONT,NY ,12077,USA,,585-436-1940,"Sales,Service,"
11413,Industrial/Commercial Sales & Service,00010214161002,"R.L. Kistler, Inc", 300 Mile Crossing Blvd.,,Rochester,NY ,14624,USA,rlkistler.com,585-436-1940,"Sales,"
11413,Industrial/Commercial Sales & Service,00010001611002,Huntington Power, 230 Long Hill Cross Rd,,Shelton,CT ,06484,USA,www.huntingtonpower.com,203-929-3203,"Sales,Service,Up To 2MW,Mobile/Diesel/Gas,Training,Rental,"
11413,Industrial/Commercial Sales & Service,00010214161002,"R.L. Kistler, Inc", 5615 Business Ave.,,N. Syracuse,NY ,13208,USA,,315-458-2875,"Sales,"
11413,Industrial/Commercial Sales & Service,00010214161002,"R.L. Kistler, Inc", 5615 Business Ave.,,N. Syracuse,NY ,13208,USA,,315-458-2875,"Sales,"
11413,Industrial/Commercial Sales & Service,00010001611002,Huntington Power, 68 Enter Ln,,Islandia,NY ,11749,USA,,631-563-4943,"Sales,Service,Up To 2MW,Mobile/Diesel/Gas,"
11413,Industrial/Commercial Sales & Service,00010001611002,Huntington Power, 34 E DUDLEY TOWN RD.,,BLOOMFIELD,CT ,06002,USA,,860-289-8790,"Sales,Service,Rental,"
11413,Industrial/Commercial Sales & Service,00010208021002,Modern Group Power Systems, 2501 Durham Road,,Bristol,PA ,19007,USA,www.moderngroup.com,800-404-7291,"Sales,Service,Up To 2MW,Mobile/Diesel/Gas,Training,Rental,"
11413,Industrial/Commercial Sales & Service,00010001731002,Authorized Services Of New England, 410 Forest Street,,Marlborough,MA ,01752,USA,www.asne.com,888-890-9886,"Financing,Sales,Service,Up To 2MW,Mobile/Diesel/Gas,Training,Rental,"
11413,Industrial/Commercial Sales & Service,00010008091002,MODERN HANDLING EQUIP, 75 NEW STREET,,EDISON,NJ ,08837,USA,www.moderngroup.com,800-779-5116,"Sales,Service,Up To 2MW,Mobile/Diesel/Gas,"
11413,Industrial/Commercial Sales & Service,00010208021002,Modern Group Power Systems, 200 Allied Parkway,,West Berlin,NJ ,08091,USA,,800-404-7291,"Sales,Service,Up To 2MW,Mobile/Diesel/Gas,"
11413,Industrial/Commercial Sales & Service,00010208021002,Modern Group Power Systems, 6352 Chapmans Rd,,Allentown,PA ,18106,USA,,800-404-7291,"Sales,Service,Up To 2MW,Mobile/Diesel/Gas,"
11413,Industrial/Commercial Sales & Service,00010208021002,Modern Group Power Systems, 295 New Commerce Blvd.,,Wilkes Barre,PA ,18706,USA,,800-404-7291,"Sales,Service,Up To 2MW,Mobile/Diesel/Gas,"
11413,Industrial/Commercial Sales & Service,00010208021002,Modern Group Power Systems, 66A South Gate Blvd.,,New Castle,DE ,19720,USA,,800-404-7291,"Sales,Service,Up To 2MW,Mobile/Diesel/Gas,"
11413,Industrial/Commercial Sales & Service,00010000931002,"EMERGENCY POWER SYSTEMS, LLC", 35 HAMILTON LANE,,GLENMONT,NY ,12077,USA,,800-914-1465,"Service,Up To 2MW,Mobile/Diesel/Gas,"
11413,Industrial/Commercial Sales & Service,00010000931002,"EMERGENCY POWER SYSTEMS, LLC", 35 HAMILTON LANE,,GLENMONT,NY ,12077,USA,,800-914-1465,"Service,"
11413,Industrial/Commercial Sales & Service,00010001731002,AUTHORIZED SERVICES OF NEW ENGLAND, 410 FOREST STREET,,MARLBOROUGH,MA ,01752,USA,,888-890-9886,"Sales,"
11413,Industrial/Commercial Sales & Service,00010208021002,Modern Group Power Systems, 3480 Board Road,,York,PA ,17402,USA,,800-404-7291,"Sales,Service,Up To 2MW,Mobile/Diesel/Gas,"
11413,Industrial/Commercial Sales & Service,00010001761002,"GENSERVE, INC.", 100 NEWTOWN RD,,PLAINVIEW,NY ,11803,USA,www.genserveinc.com,631-435-0437,"Service,"
11413,Industrial/Commercial Sales & Service,00111209521002,LONG ISLAND EMERGENCY POWER -QO, 2 Ocean Avenue,,DEER PARK,NY ,11729,USA,,631-586-7513,"Sales,"
11413,Industrial/Commercial Sales & Service,00010139211002,POWERPRO SERVICE CO. INC., 608 JOHNSON AVE. UNIT 6,,BOHEMIA,NY ,11716,USA,,631-567-2700,"Sales,Service,Up To 600kW,Mobile/Diesel/Gas,"
11413,Industrial/Commercial Sales & Service,00111209531002,HUNTINGTON POWER - LONG ISLAND, PO BOX 2040,,SHELTON,CT ,06484,USA,,631-586-7513,"Sales,"
11413,Industrial/Commercial Sales & Service,00010134071002,PEAK POWER SYSTEMS, 99 SPRAGUE AVENUE,,MIDDLETOWN,NY ,10940,USA,www.peakpowersystems.com,845-344-1975,"Sales,Service,Up To 600kW,Mobile/Diesel/Gas,Rental,"
11413,Industrial/Commercial Sales & Service,00010001761002,"GENSERVE, INC.", 115A TWINBRIDGE DR.,,PENNSAUKEN,NJ ,08110,USA,www.genserveinc.com,856-324-0459,"Service,"
11413,Industrial/Commercial Sales & Service,00010001621002,BROOKFIELD SERVICE, 708 GLEBE ROAD,,WESTMORELAND,NH ,03467,USA,www.brookfieldservice.com,802-485-6567,"Service,Up To 600kW,Mobile/Diesel/Gas,"
11413,Industrial/Commercial Sales & Service,00010021101002,SOUTH SHORE GENERATOR INC-Quote, 2696A CRANBERRY HWY,,WAREHAM,MA ,02571,USA,,508-295-7336,"Sales,Service,Up To 600kW,Mobile/Diesel/Gas,"
11413,Industrial/Commercial Sales & Service,00111184131002,HUNTER & LOMISON, 1956 W FOURTH ST,,WILLIAMSPORT,PA ,17701,USA,www.hunterlomison.com,570-326-1764,"Sales,Service,Up To 600kW,Mobile/Diesel/Gas,Rental,"
11413,Industrial/Commercial Sales & Service,00010000881002,HUNTER & LOMISON INC., 1956 W. 4TH STREET,,WILLIAMSPORT,PA ,17701,USA,www.hunterlomison.com,570-326-1764,"Service,Up To 600kW,Mobile/Diesel/Gas,"
11413,Industrial/Commercial Sales & Service,00010001701002,SOUTH SHORE GENERATOR INC, ,,EAST WAREHAM,MA ,02538,USA,,508-295-7336,"Financing,Sales,Service,Up To 600kW,Mobile/Diesel/Gas,"
11413,Industrial/Commercial Sales & Service,00111207431002,WARSHAUER ELECTRIC SUPPLY CO INC, 800 SHREWSBURY AVE,,TINTON FALLS,NJ ,07724,USA,www.warshauer.com,732-741-6400,"Service,"
11413,Industrial/Commercial Sales & Service,00010157021002,Mechanical Service Co, 1145 Oak St.,,Pittston,PA ,18640,USA,,570-654-2445,"Service,"
11414,Industrial/Commercial Sales & Service,00010001611002,Huntington Power, 230 Long Hill Cross Rd,,Shelton,CT ,06484,USA,www.huntingtonpower.com,203-929-3203,"Sales,Service,Up To 2MW,Mobile/Diesel/Gas,Training,Rental,"
11414,Industrial/Commercial Sales & Service,00010214161002,"R.L. Kistler, Inc", 300 Mile Crossing Blvd.,,Rochester,NY ,14624,USA,rlkistler.com,585-436-1940,"Sales,"
11414,Industrial/Commercial Sales & Service,00010214161002,"R.L. KISTLER, INC.", 35 HAMILTON LANE,,GLENMONT,NY ,12077,USA,,585-436-1940,"Sales,Service,"
11414,Industrial/Commercial Sales & Service,00010001611002,Huntington Power, 68 Enter Ln,,Islandia,NY ,11749,USA,,631-563-4943,"Sales,Service,Up To 2MW,Mobile/Diesel/Gas,"
11414,Industrial/Commercial Sales & Service,00010001611002,Huntington Power, 34 E DUDLEY TOWN RD.,,BLOOMFIELD,CT ,06002,USA,,860-289-8790,"Sales,Service,Rental,"
11414,Industrial/Commercial Sales & Service,00010214161002,"R.L. Kistler, Inc", 5615 Business Ave.,,N. Syracuse,NY ,13208,USA,,315-458-2875,"Sales,"
11414,Industrial/Commercial Sales & Service,00010214161002,"R.L. Kistler, Inc", 5615 Business Ave.,,N. Syracuse,NY ,13208,USA,,315-458-2875,"Sales,"
11414,Industrial/Commercial Sales & Service,00010208021002,Modern Group Power Systems, 2501 Durham Road,,Bristol,PA ,19007,USA,www.moderngroup.com,800-404-7291,"Sales,Service,Up To 2MW,Mobile/Diesel/Gas,Training,Rental,"
11414,Industrial/Commercial Sales & Service,00010001731002,Authorized Services Of New England, 410 Forest Street,,Marlborough,MA ,01752,USA,www.asne.com,888-890-9886,"Financing,Sales,Service,Up To 2MW,Mobile/Diesel/Gas,Training,Rental,"
11414,Industrial/Commercial Sales & Service,00010008091002,MODERN HANDLING EQUIP, 75 NEW STREET,,EDISON,NJ ,08837,USA,www.moderngroup.com,800-779-5116,"Sales,Service,Up To 2MW,Mobile/Diesel/Gas,"
11414,Industrial/Commercial Sales & Service,00010208021002,Modern Group Power Systems, 200 Allied Parkway,,West Berlin,NJ ,08091,USA,,800-404-7291,"Sales,Service,Up To 2MW,Mobile/Diesel/Gas,"
11414,Industrial/Commercial Sales & Service,00010208021002,Modern Group Power Systems, 6352 Chapmans Rd,,Allentown,PA ,18106,USA,,800-404-7291,"Sales,Service,Up To 2MW,Mobile/Diesel/Gas,"
11414,Industrial/Commercial Sales & Service,00010208021002,Modern Group Power Systems, 295 New Commerce Blvd.,,Wilkes Barre,PA ,18706,USA,,800-404-7291,"Sales,Service,Up To 2MW,Mobile/Diesel/Gas,"
11414,Industrial/Commercial Sales & Service,00010208021002,Modern Group Power Systems, 66A South Gate Blvd.,,New Castle,DE ,19720,USA,,800-404-7291,"Sales,Service,Up To 2MW,Mobile/Diesel/Gas,"
11414,Industrial/Commercial Sales & Service,00010000931002,"EMERGENCY POWER SYSTEMS, LLC", 35 HAMILTON LANE,,GLENMONT,NY ,12077,USA,,800-914-1465,"Service,Up To 2MW,Mobile/Diesel/Gas,"
11414,Industrial/Commercial Sales & Service,00010000931002,"EMERGENCY POWER SYSTEMS, LLC", 35 HAMILTON LANE,,GLENMONT,NY ,12077,USA,,800-914-1465,"Service,"
11414,Industrial/Commercial Sales & Service,00010208021002,Modern Group Power Systems, 3480 Board Road,,York,PA ,17402,USA,,800-404-7291,"Sales,Service,Up To 2MW,Mobile/Diesel/Gas,"
11414,Industrial/Commercial Sales & Service,00010001731002,AUTHORIZED SERVICES OF NEW ENGLAND, 410 FOREST STREET,,MARLBOROUGH,MA ,01752,USA,,888-890-9886,"Sales,"
11414,Industrial/Commercial Sales & Service,00010001761002,"GENSERVE, INC.", 100 NEWTOWN RD,,PLAINVIEW,NY ,11803,USA,www.genserveinc.com,631-435-0437,"Service,"
11414,Industrial/Commercial Sales & Service,00111209521002,LONG ISLAND EMERGENCY POWER -QO, 2 Ocean Avenue,,DEER PARK,NY ,11729,USA,,631-586-7513,"Sales,"
11414,Industrial/Commercial Sales & Service,00010139211002,POWERPRO SERVICE CO. INC., 608 JOHNSON AVE. UNIT 6,,BOHEMIA,NY ,11716,USA,,631-567-2700,"Sales,Service,Up To 600kW,Mobile/Diesel/Gas,"
11414,Industrial/Commercial Sales & Service,00111209531002,HUNTINGTON POWER - LONG ISLAND, PO BOX 2040,,SHELTON,CT ,06484,USA,,631-586-7513,"Sales,"
11414,Industrial/Commercial Sales & Service,00010134071002,PEAK POWER SYSTEMS, 99 SPRAGUE AVENUE,,MIDDLETOWN,NY ,10940,USA,www.peakpowersystems.com,845-344-1975,"Sales,Service,Up To 600kW,Mobile/Diesel/Gas,Rental,"
11414,Industrial/Commercial Sales & Service,00010001761002,"GENSERVE, INC.", 115A TWINBRIDGE DR.,,PENNSAUKEN,NJ ,08110,USA,www.genserveinc.com,856-324-0459,"Service,"
11414,Industrial/Commercial Sales & Service,00111184131002,HUNTER & LOMISON, 1956 W FOURTH ST,,WILLIAMSPORT,PA ,17701,USA,www.hunterlomison.com,570-326-1764,"Sales,Service,Up To 600kW,Mobile/Diesel/Gas,Rental,"
11414,Industrial/Commercial Sales & Service,00010000881002,HUNTER & LOMISON INC., 1956 W. 4TH STREET,,WILLIAMSPORT,PA ,17701,USA,www.hunterlomison.com,570-326-1764,"Service,Up To 600kW,Mobile/Diesel/Gas,"
11414,Industrial/Commercial Sales & Service,00010001621002,BROOKFIELD SERVICE, 708 GLEBE ROAD,,WESTMORELAND,NH ,03467,USA,www.brookfieldservice.com,802-485-6567,"Service,Up To 600kW,Mobile/Diesel/Gas,"
11414,Industrial/Commercial Sales & Service,00010021101002,SOUTH SHORE GENERATOR INC-Quote, 2696A CRANBERRY HWY,,WAREHAM,MA ,02571,USA,,508-295-7336,"Sales,Service,Up To 600kW,Mobile/Diesel/Gas,"
11414,Industrial/Commercial Sales & Service,00010001701002,SOUTH SHORE GENERATOR INC, ,,EAST WAREHAM,MA ,02538,USA,,508-295-7336,"Financing,Sales,Service,Up To 600kW,Mobile/Diesel/Gas,"
11414,Industrial/Commercial Sales & Service,00111207431002,WARSHAUER ELECTRIC SUPPLY CO INC, 800 SHREWSBURY AVE,,TINTON FALLS,NJ ,07724,USA,www.warshauer.com,732-741-6400,"Service,"
11414,Industrial/Commercial Sales & Service,00010157021002,Mechanical Service Co, 1145 Oak St.,,Pittston,PA ,18640,USA,,570-654-2445,"Service,"
11415,Industrial/Commercial Sales & Service,00010214161002,"R.L. KISTLER, INC.", 35 HAMILTON LANE,,GLENMONT,NY ,12077,USA,,585-436-1940,"Sales,Service,"
11415,Industrial/Commercial Sales & Service,00010001611002,Huntington Power, 230 Long Hill Cross Rd,,Shelton,CT ,06484,USA,www.huntingtonpower.com,203-929-3203,"Sales,Service,Up To 2MW,Mobile/Diesel/Gas,Training,Rental,"
11415,Industrial/Commercial Sales & Service,00010214161002,"R.L. Kistler, Inc", 300 Mile Crossing Blvd.,,Rochester,NY ,14624,USA,rlkistler.com,585-436-1940,"Sales,"
11415,Industrial/Commercial Sales & Service,00010214161002,"R.L. Kistler, Inc", 5615 Business Ave.,,N. Syracuse,NY ,13208,USA,,315-458-2875,"Sales,"
11415,Industrial/Commercial Sales & Service,00010001611002,Huntington Power, 68 Enter Ln,,Islandia,NY ,11749,USA,,631-563-4943,"Sales,Service,Up To 2MW,Mobile/Diesel/Gas,"
11415,Industrial/Commercial Sales & Service,00010001611002,Huntington Power, 34 E DUDLEY TOWN RD.,,BLOOMFIELD,CT ,06002,USA,,860-289-8790,"Sales,Service,Rental,"
11415,Industrial/Commercial Sales & Service,00010214161002,"R.L. Kistler, Inc", 5615 Business Ave.,,N. Syracuse,NY ,13208,USA,,315-458-2875,"Sales,"
11415,Industrial/Commercial Sales & Service,00010208021002,Modern Group Power Systems, 2501 Durham Road,,Bristol,PA ,19007,USA,www.moderngroup.com,800-404-7291,"Sales,Service,Up To 2MW,Mobile/Diesel/Gas,Training,Rental,"
11415,Industrial/Commercial Sales & Service,00010001731002,Authorized Services Of New England, 410 Forest Street,,Marlborough,MA ,01752,USA,www.asne.com,888-890-9886,"Financing,Sales,Service,Up To 2MW,Mobile/Diesel/Gas,Training,Rental,"
11415,Industrial/Commercial Sales & Service,00010008091002,MODERN HANDLING EQUIP, 75 NEW STREET,,EDISON,NJ ,08837,USA,www.moderngroup.com,800-779-5116,"Sales,Service,Up To 2MW,Mobile/Diesel/Gas,"
11415,Industrial/Commercial Sales & Service,00010208021002,Modern Group Power Systems, 200 Allied Parkway,,West Berlin,NJ ,08091,USA,,800-404-7291,"Sales,Service,Up To 2MW,Mobile/Diesel/Gas,"
11415,Industrial/Commercial Sales & Service,00010208021002,Modern Group Power Systems, 6352 Chapmans Rd,,Allentown,PA ,18106,USA,,800-404-7291,"Sales,Service,Up To 2MW,Mobile/Diesel/Gas,"
11415,Industrial/Commercial Sales & Service,00010208021002,Modern Group Power Systems, 295 New Commerce Blvd.,,Wilkes Barre,PA ,18706,USA,,800-404-7291,"Sales,Service,Up To 2MW,Mobile/Diesel/Gas,"
11415,Industrial/Commercial Sales & Service,00010208021002,Modern Group Power Systems, 66A South Gate Blvd.,,New Castle,DE ,19720,USA,,800-404-7291,"Sales,Service,Up To 2MW,Mobile/Diesel/Gas,"
11415,Industrial/Commercial Sales & Service,00010000931002,"EMERGENCY POWER SYSTEMS, LLC", 35 HAMILTON LANE,,GLENMONT,NY ,12077,USA,,800-914-1465,"Service,Up To 2MW,Mobile/Diesel/Gas,"
11415,Industrial/Commercial Sales & Service,00010000931002,"EMERGENCY POWER SYSTEMS, LLC", 35 HAMILTON LANE,,GLENMONT,NY ,12077,USA,,800-914-1465,"Service,"
11415,Industrial/Commercial Sales & Service,00010208021002,Modern Group Power Systems, 3480 Board Road,,York,PA ,17402,USA,,800-404-7291,"Sales,Service,Up To 2MW,Mobile/Diesel/Gas,"
11415,Industrial/Commercial Sales & Service,00010001731002,AUTHORIZED SERVICES OF NEW ENGLAND, 410 FOREST STREET,,MARLBOROUGH,MA ,01752,USA,,888-890-9886,"Sales,"
11415,Industrial/Commercial Sales & Service,00010001761002,"GENSERVE, INC.", 100 NEWTOWN RD,,PLAINVIEW,NY ,11803,USA,www.genserveinc.com,631-435-0437,"Service,"
11415,Industrial/Commercial Sales & Service,00111209521002,LONG ISLAND EMERGENCY POWER -QO, 2 Ocean Avenue,,DEER PARK,NY ,11729,USA,,631-586-7513,"Sales,"
11415,Industrial/Commercial Sales & Service,00010139211002,POWERPRO SERVICE CO. INC., 608 JOHNSON AVE. UNIT 6,,BOHEMIA,NY ,11716,USA,,631-567-2700,"Sales,Service,Up To 600kW,Mobile/Diesel/Gas,"
11415,Industrial/Commercial Sales & Service,00111209531002,HUNTINGTON POWER - LONG ISLAND, PO BOX 2040,,SHELTON,CT ,06484,USA,,631-586-7513,"Sales,"
11415,Industrial/Commercial Sales & Service,00010134071002,PEAK POWER SYSTEMS, 99 SPRAGUE AVENUE,,MIDDLETOWN,NY ,10940,USA,www.peakpowersystems.com,845-344-1975,"Sales,Service,Up To 600kW,Mobile/Diesel/Gas,Rental,"
11415,Industrial/Commercial Sales & Service,00010001761002,"GENSERVE, INC.", 115A TWINBRIDGE DR.,,PENNSAUKEN,NJ ,08110,USA,www.genserveinc.com,856-324-0459,"Service,"
11415,Industrial/Commercial Sales & Service,00010001621002,BROOKFIELD SERVICE, 708 GLEBE ROAD,,WESTMORELAND,NH ,03467,USA,www.brookfieldservice.com,802-485-6567,"Service,Up To 600kW,Mobile/Diesel/Gas,"
11415,Industrial/Commercial Sales & Service,00111184131002,HUNTER & LOMISON, 1956 W FOURTH ST,,WILLIAMSPORT,PA ,17701,USA,www.hunterlomison.com,570-326-1764,"Sales,Service,Up To 600kW,Mobile/Diesel/Gas,Rental,"
11415,Industrial/Commercial Sales & Service,00010000881002,HUNTER & LOMISON INC., 1956 W. 4TH STREET,,WILLIAMSPORT,PA ,17701,USA,www.hunterlomison.com,570-326-1764,"Service,Up To 600kW,Mobile/Diesel/Gas,"
11415,Industrial/Commercial Sales & Service,00010021101002,SOUTH SHORE GENERATOR INC-Quote, 2696A CRANBERRY HWY,,WAREHAM,MA ,02571,USA,,508-295-7336,"Sales,Service,Up To 600kW,Mobile/Diesel/Gas,"
11415,Industrial/Commercial Sales & Service,00010001701002,SOUTH SHORE GENERATOR INC, ,,EAST WAREHAM,MA ,02538,USA,,508-295-7336,"Financing,Sales,Service,Up To 600kW,Mobile/Diesel/Gas,"
11415,Industrial/Commercial Sales & Service,00111207431002,WARSHAUER ELECTRIC SUPPLY CO INC, 800 SHREWSBURY AVE,,TINTON FALLS,NJ ,07724,USA,www.warshauer.com,732-741-6400,"Service,"
11415,Industrial/Commercial Sales & Service,00010157021002,Mechanical Service Co, 1145 Oak St.,,Pittston,PA ,18640,USA,,570-654-2445,"Service,"
11416,Industrial/Commercial Sales & Service,00010214161002,"R.L. KISTLER, INC.", 35 HAMILTON LANE,,GLENMONT,NY ,12077,USA,,585-436-1940,"Sales,Service,"
11416,Industrial/Commercial Sales & Service,00010001611002,Huntington Power, 230 Long Hill Cross Rd,,Shelton,CT ,06484,USA,www.huntingtonpower.com,203-929-3203,"Sales,Service,Up To 2MW,Mobile/Diesel/Gas,Training,Rental,"
11416,Industrial/Commercial Sales & Service,00010214161002,"R.L. Kistler, Inc", 300 Mile Crossing Blvd.,,Rochester,NY ,14624,USA,rlkistler.com,585-436-1940,"Sales,"
11416,Industrial/Commercial Sales & Service,00010214161002,"R.L. Kistler, Inc", 5615 Business Ave.,,N. Syracuse,NY ,13208,USA,,315-458-2875,"Sales,"
11416,Industrial/Commercial Sales & Service,00010001611002,Huntington Power, 68 Enter Ln,,Islandia,NY ,11749,USA,,631-563-4943,"Sales,Service,Up To 2MW,Mobile/Diesel/Gas,"
11416,Industrial/Commercial Sales & Service,00010001611002,Huntington Power, 34 E DUDLEY TOWN RD.,,BLOOMFIELD,CT ,06002,USA,,860-289-8790,"Sales,Service,Rental,"
11416,Industrial/Commercial Sales & Service,00010214161002,"R.L. Kistler, Inc", 5615 Business Ave.,,N. Syracuse,NY ,13208,USA,,315-458-2875,"Sales,"
11416,Industrial/Commercial Sales & Service,00010208021002,Modern Group Power Systems, 2501 Durham Road,,Bristol,PA ,19007,USA,www.moderngroup.com,800-404-7291,"Sales,Service,Up To 2MW,Mobile/Diesel/Gas,Training,Rental,"
11416,Industrial/Commercial Sales & Service,00010001731002,Authorized Services Of New England, 410 Forest Street,,Marlborough,MA ,01752,USA,www.asne.com,888-890-9886,"Financing,Sales,Service,Up To 2MW,Mobile/Diesel/Gas,Training,Rental,"
11416,Industrial/Commercial Sales & Service,00010008091002,MODERN HANDLING EQUIP, 75 NEW STREET,,EDISON,NJ ,08837,USA,www.moderngroup.com,800-779-5116,"Sales,Service,Up To 2MW,Mobile/Diesel/Gas,"
11416,Industrial/Commercial Sales & Service,00010208021002,Modern Group Power Systems, 200 Allied Parkway,,West Berlin,NJ ,08091,USA,,800-404-7291,"Sales,Service,Up To 2MW,Mobile/Diesel/Gas,"
11416,Industrial/Commercial Sales & Service,00010208021002,Modern Group Power Systems, 6352 Chapmans Rd,,Allentown,PA ,18106,USA,,800-404-7291,"Sales,Service,Up To 2MW,Mobile/Diesel/Gas,"
11416,Industrial/Commercial Sales & Service,00010208021002,Modern Group Power Systems, 295 New Commerce Blvd.,,Wilkes Barre,PA ,18706,USA,,800-404-7291,"Sales,Service,Up To 2MW,Mobile/Diesel/Gas,"
11416,Industrial/Commercial Sales & Service,00010208021002,Modern Group Power Systems, 66A South Gate Blvd.,,New Castle,DE ,19720,USA,,800-404-7291,"Sales,Service,Up To 2MW,Mobile/Diesel/Gas,"
11416,Industrial/Commercial Sales & Service,00010000931002,"EMERGENCY POWER SYSTEMS, LLC", 35 HAMILTON LANE,,GLENMONT,NY ,12077,USA,,800-914-1465,"Service,Up To 2MW,Mobile/Diesel/Gas,"
11416,Industrial/Commercial Sales & Service,00010000931002,"EMERGENCY POWER SYSTEMS, LLC", 35 HAMILTON LANE,,GLENMONT,NY ,12077,USA,,800-914-1465,"Service,"
11416,Industrial/Commercial Sales & Service,00010208021002,Modern Group Power Systems, 3480 Board Road,,York,PA ,17402,USA,,800-404-7291,"Sales,Service,Up To 2MW,Mobile/Diesel/Gas,"
11416,Industrial/Commercial Sales & Service,00010001731002,AUTHORIZED SERVICES OF NEW ENGLAND, 410 FOREST STREET,,MARLBOROUGH,MA ,01752,USA,,888-890-9886,"Sales,"
11416,Industrial/Commercial Sales & Service,00010001761002,"GENSERVE, INC.", 100 NEWTOWN RD,,PLAINVIEW,NY ,11803,USA,www.genserveinc.com,631-435-0437,"Service,"
11416,Industrial/Commercial Sales & Service,00111209521002,LONG ISLAND EMERGENCY POWER -QO, 2 Ocean Avenue,,DEER PARK,NY ,11729,USA,,631-586-7513,"Sales,"
11416,Industrial/Commercial Sales & Service,00010139211002,POWERPRO SERVICE CO. INC., 608 JOHNSON AVE. UNIT 6,,BOHEMIA,NY ,11716,USA,,631-567-2700,"Sales,Service,Up To 600kW,Mobile/Diesel/Gas,"
11416,Industrial/Commercial Sales & Service,00111209531002,HUNTINGTON POWER - LONG ISLAND, PO BOX 2040,,SHELTON,CT ,06484,USA,,631-586-7513,"Sales,"
11416,Industrial/Commercial Sales & Service,00010134071002,PEAK POWER SYSTEMS, 99 SPRAGUE AVENUE,,MIDDLETOWN,NY ,10940,USA,www.peakpowersystems.com,845-344-1975,"Sales,Service,Up To 600kW,Mobile/Diesel/Gas,Rental,"
11416,Industrial/Commercial Sales & Service,00010001761002,"GENSERVE, INC.", 115A TWINBRIDGE DR.,,PENNSAUKEN,NJ ,08110,USA,www.genserveinc.com,856-324-0459,"Service,"
11416,Industrial/Commercial Sales & Service,00111184131002,HUNTER & LOMISON, 1956 W FOURTH ST,,WILLIAMSPORT,PA ,17701,USA,www.hunterlomison.com,570-326-1764,"Sales,Service,Up To 600kW,Mobile/Diesel/Gas,Rental,"
11416,Industrial/Commercial Sales & Service,00010000881002,HUNTER & LOMISON INC., 1956 W. 4TH STREET,,WILLIAMSPORT,PA ,17701,USA,www.hunterlomison.com,570-326-1764,"Service,Up To 600kW,Mobile/Diesel/Gas,"
11416,Industrial/Commercial Sales & Service,00010001621002,BROOKFIELD SERVICE, 708 GLEBE ROAD,,WESTMORELAND,NH ,03467,USA,www.brookfieldservice.com,802-485-6567,"Service,Up To 600kW,Mobile/Diesel/Gas,"
11416,Industrial/Commercial Sales & Service,00010021101002,SOUTH SHORE GENERATOR INC-Quote, 2696A CRANBERRY HWY,,WAREHAM,MA ,02571,USA,,508-295-7336,"Sales,Service,Up To 600kW,Mobile/Diesel/Gas,"
11416,Industrial/Commercial Sales & Service,00010001701002,SOUTH SHORE GENERATOR INC, ,,EAST WAREHAM,MA ,02538,USA,,508-295-7336,"Financing,Sales,Service,Up To 600kW,Mobile/Diesel/Gas,"
11416,Industrial/Commercial Sales & Service,00111207431002,WARSHAUER ELECTRIC SUPPLY CO INC, 800 SHREWSBURY AVE,,TINTON FALLS,NJ ,07724,USA,www.warshauer.com,732-741-6400,"Service,"
11416,Industrial/Commercial Sales & Service,00010157021002,Mechanical Service Co, 1145 Oak St.,,Pittston,PA ,18640,USA,,570-654-2445,"Service,"
11417,Industrial/Commercial Sales & Service,00010214161002,"R.L. Kistler, Inc", 300 Mile Crossing Blvd.,,Rochester,NY ,14624,USA,rlkistler.com,585-436-1940,"Sales,"
11417,Industrial/Commercial Sales & Service,00010001611002,Huntington Power, 230 Long Hill Cross Rd,,Shelton,CT ,06484,USA,www.huntingtonpower.com,203-929-3203,"Sales,Service,Up To 2MW,Mobile/Diesel/Gas,Training,Rental,"
11417,Industrial/Commercial Sales & Service,00010214161002,"R.L. KISTLER, INC.", 35 HAMILTON LANE,,GLENMONT,NY ,12077,USA,,585-436-1940,"Sales,Service,"
11417,Industrial/Commercial Sales & Service,00010214161002,"R.L. Kistler, Inc", 5615 Business Ave.,,N. Syracuse,NY ,13208,USA,,315-458-2875,"Sales,"
11417,Industrial/Commercial Sales & Service,00010001611002,Huntington Power, 68 Enter Ln,,Islandia,NY ,11749,USA,,631-563-4943,"Sales,Service,Up To 2MW,Mobile/Diesel/Gas,"
11417,Industrial/Commercial Sales & Service,00010001611002,Huntington Power, 34 E DUDLEY TOWN RD.,,BLOOMFIELD,CT ,06002,USA,,860-289-8790,"Sales,Service,Rental,"
11417,Industrial/Commercial Sales & Service,00010214161002,"R.L. Kistler, Inc", 5615 Business Ave.,,N. Syracuse,NY ,13208,USA,,315-458-2875,"Sales,"
11417,Industrial/Commercial Sales & Service,00010208021002,Modern Group Power Systems, 2501 Durham Road,,Bristol,PA ,19007,USA,www.moderngroup.com,800-404-7291,"Sales,Service,Up To 2MW,Mobile/Diesel/Gas,Training,Rental,"
11417,Industrial/Commercial Sales & Service,00010001731002,Authorized Services Of New England, 410 Forest Street,,Marlborough,MA ,01752,USA,www.asne.com,888-890-9886,"Financing,Sales,Service,Up To 2MW,Mobile/Diesel/Gas,Training,Rental,"
11417,Industrial/Commercial Sales & Service,00010008091002,MODERN HANDLING EQUIP, 75 NEW STREET,,EDISON,NJ ,08837,USA,www.moderngroup.com,800-779-5116,"Sales,Service,Up To 2MW,Mobile/Diesel/Gas,"
11417,Industrial/Commercial Sales & Service,00010208021002,Modern Group Power Systems, 200 Allied Parkway,,West Berlin,NJ ,08091,USA,,800-404-7291,"Sales,Service,Up To 2MW,Mobile/Diesel/Gas,"
11417,Industrial/Commercial Sales & Service,00010208021002,Modern Group Power Systems, 6352 Chapmans Rd,,Allentown,PA ,18106,USA,,800-404-7291,"Sales,Service,Up To 2MW,Mobile/Diesel/Gas,"
11417,Industrial/Commercial Sales & Service,00010208021002,Modern Group Power Systems, 295 New Commerce Blvd.,,Wilkes Barre,PA ,18706,USA,,800-404-7291,"Sales,Service,Up To 2MW,Mobile/Diesel/Gas,"
11417,Industrial/Commercial Sales & Service,00010208021002,Modern Group Power Systems, 66A South Gate Blvd.,,New Castle,DE ,19720,USA,,800-404-7291,"Sales,Service,Up To 2MW,Mobile/Diesel/Gas,"
11417,Industrial/Commercial Sales & Service,00010000931002,"EMERGENCY POWER SYSTEMS, LLC", 35 HAMILTON LANE,,GLENMONT,NY ,12077,USA,,800-914-1465,"Service,Up To 2MW,Mobile/Diesel/Gas,"
11417,Industrial/Commercial Sales & Service,00010000931002,"EMERGENCY POWER SYSTEMS, LLC", 35 HAMILTON LANE,,GLENMONT,NY ,12077,USA,,800-914-1465,"Service,"
11417,Industrial/Commercial Sales & Service,00010208021002,Modern Group Power Systems, 3480 Board Road,,York,PA ,17402,USA,,800-404-7291,"Sales,Service,Up To 2MW,Mobile/Diesel/Gas,"
11417,Industrial/Commercial Sales & Service,00010001731002,AUTHORIZED SERVICES OF NEW ENGLAND, 410 FOREST STREET,,MARLBOROUGH,MA ,01752,USA,,888-890-9886,"Sales,"
11417,Industrial/Commercial Sales & Service,00010001761002,"GENSERVE, INC.", 100 NEWTOWN RD,,PLAINVIEW,NY ,11803,USA,www.genserveinc.com,631-435-0437,"Service,"
11417,Industrial/Commercial Sales & Service,00111209521002,LONG ISLAND EMERGENCY POWER -QO, 2 Ocean Avenue,,DEER PARK,NY ,11729,USA,,631-586-7513,"Sales,"
11417,Industrial/Commercial Sales & Service,00010139211002,POWERPRO SERVICE CO. INC., 608 JOHNSON AVE. UNIT 6,,BOHEMIA,NY ,11716,USA,,631-567-2700,"Sales,Service,Up To 600kW,Mobile/Diesel/Gas,"
11417,Industrial/Commercial Sales & Service,00111209531002,HUNTINGTON POWER - LONG ISLAND, PO BOX 2040,,SHELTON,CT ,06484,USA,,631-586-7513,"Sales,"
11417,Industrial/Commercial Sales & Service,00010134071002,PEAK POWER SYSTEMS, 99 SPRAGUE AVENUE,,MIDDLETOWN,NY ,10940,USA,www.peakpowersystems.com,845-344-1975,"Sales,Service,Up To 600kW,Mobile/Diesel/Gas,Rental,"
11417,Industrial/Commercial Sales & Service,00010001761002,"GENSERVE, INC.", 115A TWINBRIDGE DR.,,PENNSAUKEN,NJ ,08110,USA,www.genserveinc.com,856-324-0459,"Service,"
11417,Industrial/Commercial Sales & Service,00111184131002,HUNTER & LOMISON, 1956 W FOURTH ST,,WILLIAMSPORT,PA ,17701,USA,www.hunterlomison.com,570-326-1764,"Sales,Service,Up To 600kW,Mobile/Diesel/Gas,Rental,"
11417,Industrial/Commercial Sales & Service,00010000881002,HUNTER & LOMISON INC., 1956 W. 4TH STREET,,WILLIAMSPORT,PA ,17701,USA,www.hunterlomison.com,570-326-1764,"Service,Up To 600kW,Mobile/Diesel/Gas,"
11417,Industrial/Commercial Sales & Service,00010001621002,BROOKFIELD SERVICE, 708 GLEBE ROAD,,WESTMORELAND,NH ,03467,USA,www.brookfieldservice.com,802-485-6567,"Service,Up To 600kW,Mobile/Diesel/Gas,"
11417,Industrial/Commercial Sales & Service,00010021101002,SOUTH SHORE GENERATOR INC-Quote, 2696A CRANBERRY HWY,,WAREHAM,MA ,02571,USA,,508-295-7336,"Sales,Service,Up To 600kW,Mobile/Diesel/Gas,"
11417,Industrial/Commercial Sales & Service,00010001701002,SOUTH SHORE GENERATOR INC, ,,EAST WAREHAM,MA ,02538,USA,,508-295-7336,"Financing,Sales,Service,Up To 600kW,Mobile/Diesel/Gas,"
11417,Industrial/Commercial Sales & Service,00111207431002,WARSHAUER ELECTRIC SUPPLY CO INC, 800 SHREWSBURY AVE,,TINTON FALLS,NJ ,07724,USA,www.warshauer.com,732-741-6400,"Service,"
11417,Industrial/Commercial Sales & Service,00010157021002,Mechanical Service Co, 1145 Oak St.,,Pittston,PA ,18640,USA,,570-654-2445,"Service,"
11418,Industrial/Commercial Sales & Service,00010214161002,"R.L. Kistler, Inc", 300 Mile Crossing Blvd.,,Rochester,NY ,14624,USA,rlkistler.com,585-436-1940,"Sales,"
11418,Industrial/Commercial Sales & Service,00010001611002,Huntington Power, 230 Long Hill Cross Rd,,Shelton,CT ,06484,USA,www.huntingtonpower.com,203-929-3203,"Sales,Service,Up To 2MW,Mobile/Diesel/Gas,Training,Rental,"
11418,Industrial/Commercial Sales & Service,00010214161002,"R.L. KISTLER, INC.", 35 HAMILTON LANE,,GLENMONT,NY ,12077,USA,,585-436-1940,"Sales,Service,"
11418,Industrial/Commercial Sales & Service,00010214161002,"R.L. Kistler, Inc", 5615 Business Ave.,,N. Syracuse,NY ,13208,USA,,315-458-2875,"Sales,"
11418,Industrial/Commercial Sales & Service,00010001611002,Huntington Power, 68 Enter Ln,,Islandia,NY ,11749,USA,,631-563-4943,"Sales,Service,Up To 2MW,Mobile/Diesel/Gas,"
11418,Industrial/Commercial Sales & Service,00010001611002,Huntington Power, 34 E DUDLEY TOWN RD.,,BLOOMFIELD,CT ,06002,USA,,860-289-8790,"Sales,Service,Rental,"
11418,Industrial/Commercial Sales & Service,00010214161002,"R.L. Kistler, Inc", 5615 Business Ave.,,N. Syracuse,NY ,13208,USA,,315-458-2875,"Sales,"
11418,Industrial/Commercial Sales & Service,00010208021002,Modern Group Power Systems, 2501 Durham Road,,Bristol,PA ,19007,USA,www.moderngroup.com,800-404-7291,"Sales,Service,Up To 2MW,Mobile/Diesel/Gas,Training,Rental,"
11418,Industrial/Commercial Sales & Service,00010001731002,Authorized Services Of New England, 410 Forest Street,,Marlborough,MA ,01752,USA,www.asne.com,888-890-9886,"Financing,Sales,Service,Up To 2MW,Mobile/Diesel/Gas,Training,Rental,"
11418,Industrial/Commercial Sales & Service,00010008091002,MODERN HANDLING EQUIP, 75 NEW STREET,,EDISON,NJ ,08837,USA,www.moderngroup.com,800-779-5116,"Sales,Service,Up To 2MW,Mobile/Diesel/Gas,"
11418,Industrial/Commercial Sales & Service,00010208021002,Modern Group Power Systems, 200 Allied Parkway,,West Berlin,NJ ,08091,USA,,800-404-7291,"Sales,Service,Up To 2MW,Mobile/Diesel/Gas,"
11418,Industrial/Commercial Sales & Service,00010208021002,Modern Group Power Systems, 6352 Chapmans Rd,,Allentown,PA ,18106,USA,,800-404-7291,"Sales,Service,Up To 2MW,Mobile/Diesel/Gas,"
11418,Industrial/Commercial Sales & Service,00010208021002,Modern Group Power Systems, 295 New Commerce Blvd.,,Wilkes Barre,PA ,18706,USA,,800-404-7291,"Sales,Service,Up To 2MW,Mobile/Diesel/Gas,"
11418,Industrial/Commercial Sales & Service,00010208021002,Modern Group Power Systems, 66A South Gate Blvd.,,New Castle,DE ,19720,USA,,800-404-7291,"Sales,Service,Up To 2MW,Mobile/Diesel/Gas,"
11418,Industrial/Commercial Sales & Service,00010000931002,"EMERGENCY POWER SYSTEMS, LLC", 35 HAMILTON LANE,,GLENMONT,NY ,12077,USA,,800-914-1465,"Service,Up To 2MW,Mobile/Diesel/Gas,"
11418,Industrial/Commercial Sales & Service,00010000931002,"EMERGENCY POWER SYSTEMS, LLC", 35 HAMILTON LANE,,GLENMONT,NY ,12077,USA,,800-914-1465,"Service,"
11418,Industrial/Commercial Sales & Service,00010208021002,Modern Group Power Systems, 3480 Board Road,,York,PA ,17402,USA,,800-404-7291,"Sales,Service,Up To 2MW,Mobile/Diesel/Gas,"
11418,Industrial/Commercial Sales & Service,00010001731002,AUTHORIZED SERVICES OF NEW ENGLAND, 410 FOREST STREET,,MARLBOROUGH,MA ,01752,USA,,888-890-9886,"Sales,"
11418,Industrial/Commercial Sales & Service,00010001761002,"GENSERVE, INC.", 100 NEWTOWN RD,,PLAINVIEW,NY ,11803,USA,www.genserveinc.com,631-435-0437,"Service,"
11418,Industrial/Commercial Sales & Service,00111209521002,LONG ISLAND EMERGENCY POWER -QO, 2 Ocean Avenue,,DEER PARK,NY ,11729,USA,,631-586-7513,"Sales,"
11418,Industrial/Commercial Sales & Service,00010139211002,POWERPRO SERVICE CO. INC., 608 JOHNSON AVE. UNIT 6,,BOHEMIA,NY ,11716,USA,,631-567-2700,"Sales,Service,Up To 600kW,Mobile/Diesel/Gas,"
11418,Industrial/Commercial Sales & Service,00111209531002,HUNTINGTON POWER - LONG ISLAND, PO BOX 2040,,SHELTON,CT ,06484,USA,,631-586-7513,"Sales,"
11418,Industrial/Commercial Sales & Service,00010134071002,PEAK POWER SYSTEMS, 99 SPRAGUE AVENUE,,MIDDLETOWN,NY ,10940,USA,www.peakpowersystems.com,845-344-1975,"Sales,Service,Up To 600kW,Mobile/Diesel/Gas,Rental,"
11418,Industrial/Commercial Sales & Service,00010001761002,"GENSERVE, INC.", 115A TWINBRIDGE DR.,,PENNSAUKEN,NJ ,08110,USA,www.genserveinc.com,856-324-0459,"Service,"
11418,Industrial/Commercial Sales & Service,00111184131002,HUNTER & LOMISON, 1956 W FOURTH ST,,WILLIAMSPORT,PA ,17701,USA,www.hunterlomison.com,570-326-1764,"Sales,Service,Up To 600kW,Mobile/Diesel/Gas,Rental,"
11418,Industrial/Commercial Sales & Service,00010000881002,HUNTER & LOMISON INC., 1956 W. 4TH STREET,,WILLIAMSPORT,PA ,17701,USA,www.hunterlomison.com,570-326-1764,"Service,Up To 600kW,Mobile/Diesel/Gas,"
11418,Industrial/Commercial Sales & Service,00010001621002,BROOKFIELD SERVICE, 708 GLEBE ROAD,,WESTMORELAND,NH ,03467,USA,www.brookfieldservice.com,802-485-6567,"Service,Up To 600kW,Mobile/Diesel/Gas,"
11418,Industrial/Commercial Sales & Service,00010021101002,SOUTH SHORE GENERATOR INC-Quote, 2696A CRANBERRY HWY,,WAREHAM,MA ,02571,USA,,508-295-7336,"Sales,Service,Up To 600kW,Mobile/Diesel/Gas,"
11418,Industrial/Commercial Sales & Service,00010001701002,SOUTH SHORE GENERATOR INC, ,,EAST WAREHAM,MA ,02538,USA,,508-295-7336,"Financing,Sales,Service,Up To 600kW,Mobile/Diesel/Gas,"
11418,Industrial/Commercial Sales & Service,00111207431002,WARSHAUER ELECTRIC SUPPLY CO INC, 800 SHREWSBURY AVE,,TINTON FALLS,NJ ,07724,USA,www.warshauer.com,732-741-6400,"Service,"
11418,Industrial/Commercial Sales & Service,00010157021002,Mechanical Service Co, 1145 Oak St.,,Pittston,PA ,18640,USA,,570-654-2445,"Service,"
11419,Industrial/Commercial Sales & Service,00010214161002,"R.L. KISTLER, INC.", 35 HAMILTON LANE,,GLENMONT,NY ,12077,USA,,585-436-1940,"Sales,Service,"
11419,Industrial/Commercial Sales & Service,00010214161002,"R.L. Kistler, Inc", 300 Mile Crossing Blvd.,,Rochester,NY ,14624,USA,rlkistler.com,585-436-1940,"Sales,"
11419,Industrial/Commercial Sales & Service,00010001611002,Huntington Power, 230 Long Hill Cross Rd,,Shelton,CT ,06484,USA,www.huntingtonpower.com,203-929-3203,"Sales,Service,Up To 2MW,Mobile/Diesel/Gas,Training,Rental,"
11419,Industrial/Commercial Sales & Service,00010214161002,"R.L. Kistler, Inc", 5615 Business Ave.,,N. Syracuse,NY ,13208,USA,,315-458-2875,"Sales,"
11419,Industrial/Commercial Sales & Service,00010214161002,"R.L. Kistler, Inc", 5615 Business Ave.,,N. Syracuse,NY ,13208,USA,,315-458-2875,"Sales,"
11419,Industrial/Commercial Sales & Service,00010001611002,Huntington Power, 68 Enter Ln,,Islandia,NY ,11749,USA,,631-563-4943,"Sales,Service,Up To 2MW,Mobile/Diesel/Gas,"
11419,Industrial/Commercial Sales & Service,00010001611002,Huntington Power, 34 E DUDLEY TOWN RD.,,BLOOMFIELD,CT ,06002,USA,,860-289-8790,"Sales,Service,Rental,"
11419,Industrial/Commercial Sales & Service,00010208021002,Modern Group Power Systems, 2501 Durham Road,,Bristol,PA ,19007,USA,www.moderngroup.com,800-404-7291,"Sales,Service,Up To 2MW,Mobile/Diesel/Gas,Training,Rental,"
11419,Industrial/Commercial Sales & Service,00010001731002,Authorized Services Of New England, 410 Forest Street,,Marlborough,MA ,01752,USA,www.asne.com,888-890-9886,"Financing,Sales,Service,Up To 2MW,Mobile/Diesel/Gas,Training,Rental,"
11419,Industrial/Commercial Sales & Service,00010008091002,MODERN HANDLING EQUIP, 75 NEW STREET,,EDISON,NJ ,08837,USA,www.moderngroup.com,800-779-5116,"Sales,Service,Up To 2MW,Mobile/Diesel/Gas,"
11419,Industrial/Commercial Sales & Service,00010208021002,Modern Group Power Systems, 200 Allied Parkway,,West Berlin,NJ ,08091,USA,,800-404-7291,"Sales,Service,Up To 2MW,Mobile/Diesel/Gas,"
11419,Industrial/Commercial Sales & Service,00010208021002,Modern Group Power Systems, 6352 Chapmans Rd,,Allentown,PA ,18106,USA,,800-404-7291,"Sales,Service,Up To 2MW,Mobile/Diesel/Gas,"
11419,Industrial/Commercial Sales & Service,00010208021002,Modern Group Power Systems, 295 New Commerce Blvd.,,Wilkes Barre,PA ,18706,USA,,800-404-7291,"Sales,Service,Up To 2MW,Mobile/Diesel/Gas,"
11419,Industrial/Commercial Sales & Service,00010208021002,Modern Group Power Systems, 66A South Gate Blvd.,,New Castle,DE ,19720,USA,,800-404-7291,"Sales,Service,Up To 2MW,Mobile/Diesel/Gas,"
11419,Industrial/Commercial Sales & Service,00010000931002,"EMERGENCY POWER SYSTEMS, LLC", 35 HAMILTON LANE,,GLENMONT,NY ,12077,USA,,800-914-1465,"Service,Up To 2MW,Mobile/Diesel/Gas,"
11419,Industrial/Commercial Sales & Service,00010000931002,"EMERGENCY POWER SYSTEMS, LLC", 35 HAMILTON LANE,,GLENMONT,NY ,12077,USA,,800-914-1465,"Service,"
11419,Industrial/Commercial Sales & Service,00010208021002,Modern Group Power Systems, 3480 Board Road,,York,PA ,17402,USA,,800-404-7291,"Sales,Service,Up To 2MW,Mobile/Diesel/Gas,"
11419,Industrial/Commercial Sales & Service,00010001731002,AUTHORIZED SERVICES OF NEW ENGLAND, 410 FOREST STREET,,MARLBOROUGH,MA ,01752,USA,,888-890-9886,"Sales,"
11419,Industrial/Commercial Sales & Service,00010001761002,"GENSERVE, INC.", 100 NEWTOWN RD,,PLAINVIEW,NY ,11803,USA,www.genserveinc.com,631-435-0437,"Service,"
11419,Industrial/Commercial Sales & Service,00111209521002,LONG ISLAND EMERGENCY POWER -QO, 2 Ocean Avenue,,DEER PARK,NY ,11729,USA,,631-586-7513,"Sales,"
11419,Industrial/Commercial Sales & Service,00010139211002,POWERPRO SERVICE CO. INC., 608 JOHNSON AVE. UNIT 6,,BOHEMIA,NY ,11716,USA,,631-567-2700,"Sales,Service,Up To 600kW,Mobile/Diesel/Gas,"
11419,Industrial/Commercial Sales & Service,00111209531002,HUNTINGTON POWER - LONG ISLAND, PO BOX 2040,,SHELTON,CT ,06484,USA,,631-586-7513,"Sales,"
11419,Industrial/Commercial Sales & Service,00010134071002,PEAK POWER SYSTEMS, 99 SPRAGUE AVENUE,,MIDDLETOWN,NY ,10940,USA,www.peakpowersystems.com,845-344-1975,"Sales,Service,Up To 600kW,Mobile/Diesel/Gas,Rental,"
11419,Industrial/Commercial Sales & Service,00010001761002,"GENSERVE, INC.", 115A TWINBRIDGE DR.,,PENNSAUKEN,NJ ,08110,USA,www.genserveinc.com,856-324-0459,"Service,"
11419,Industrial/Commercial Sales & Service,00111184131002,HUNTER & LOMISON, 1956 W FOURTH ST,,WILLIAMSPORT,PA ,17701,USA,www.hunterlomison.com,570-326-1764,"Sales,Service,Up To 600kW,Mobile/Diesel/Gas,Rental,"
11419,Industrial/Commercial Sales & Service,00010000881002,HUNTER & LOMISON INC., 1956 W. 4TH STREET,,WILLIAMSPORT,PA ,17701,USA,www.hunterlomison.com,570-326-1764,"Service,Up To 600kW,Mobile/Diesel/Gas,"
11419,Industrial/Commercial Sales & Service,00010001621002,BROOKFIELD SERVICE, 708 GLEBE ROAD,,WESTMORELAND,NH ,03467,USA,www.brookfieldservice.com,802-485-6567,"Service,Up To 600kW,Mobile/Diesel/Gas,"
11419,Industrial/Commercial Sales & Service,00010021101002,SOUTH SHORE GENERATOR INC-Quote, 2696A CRANBERRY HWY,,WAREHAM,MA ,02571,USA,,508-295-7336,"Sales,Service,Up To 600kW,Mobile/Diesel/Gas,"
11419,Industrial/Commercial Sales & Service,00010001701002,SOUTH SHORE GENERATOR INC, ,,EAST WAREHAM,MA ,02538,USA,,508-295-7336,"Financing,Sales,Service,Up To 600kW,Mobile/Diesel/Gas,"
11419,Industrial/Commercial Sales & Service,00111207431002,WARSHAUER ELECTRIC SUPPLY CO INC, 800 SHREWSBURY AVE,,TINTON FALLS,NJ ,07724,USA,www.warshauer.com,732-741-6400,"Service,"
11419,Industrial/Commercial Sales & Service,00010157021002,Mechanical Service Co, 1145 Oak St.,,Pittston,PA ,18640,USA,,570-654-2445,"Service,"
11420,Industrial/Commercial Sales & Service,00010214161002,"R.L. KISTLER, INC.", 35 HAMILTON LANE,,GLENMONT,NY ,12077,USA,,585-436-1940,"Sales,Service,"
11420,Industrial/Commercial Sales & Service,00010214161002,"R.L. Kistler, Inc", 300 Mile Crossing Blvd.,,Rochester,NY ,14624,USA,rlkistler.com,585-436-1940,"Sales,"
11420,Industrial/Commercial Sales & Service,00010001611002,Huntington Power, 230 Long Hill Cross Rd,,Shelton,CT ,06484,USA,www.huntingtonpower.com,203-929-3203,"Sales,Service,Up To 2MW,Mobile/Diesel/Gas,Training,Rental,"
11420,Industrial/Commercial Sales & Service,00010214161002,"R.L. Kistler, Inc", 5615 Business Ave.,,N. Syracuse,NY ,13208,USA,,315-458-2875,"Sales,"
11420,Industrial/Commercial Sales & Service,00010214161002,"R.L. Kistler, Inc", 5615 Business Ave.,,N. Syracuse,NY ,13208,USA,,315-458-2875,"Sales,"
11420,Industrial/Commercial Sales & Service,00010001611002,Huntington Power, 68 Enter Ln,,Islandia,NY ,11749,USA,,631-563-4943,"Sales,Service,Up To 2MW,Mobile/Diesel/Gas,"
11420,Industrial/Commercial Sales & Service,00010001611002,Huntington Power, 34 E DUDLEY TOWN RD.,,BLOOMFIELD,CT ,06002,USA,,860-289-8790,"Sales,Service,Rental,"
11420,Industrial/Commercial Sales & Service,00010208021002,Modern Group Power Systems, 2501 Durham Road,,Bristol,PA ,19007,USA,www.moderngroup.com,800-404-7291,"Sales,Service,Up To 2MW,Mobile/Diesel/Gas,Training,Rental,"
11420,Industrial/Commercial Sales & Service,00010001731002,Authorized Services Of New England, 410 Forest Street,,Marlborough,MA ,01752,USA,www.asne.com,888-890-9886,"Financing,Sales,Service,Up To 2MW,Mobile/Diesel/Gas,Training,Rental,"
11420,Industrial/Commercial Sales & Service,00010008091002,MODERN HANDLING EQUIP, 75 NEW STREET,,EDISON,NJ ,08837,USA,www.moderngroup.com,800-779-5116,"Sales,Service,Up To 2MW,Mobile/Diesel/Gas,"
11420,Industrial/Commercial Sales & Service,00010208021002,Modern Group Power Systems, 200 Allied Parkway,,West Berlin,NJ ,08091,USA,,800-404-7291,"Sales,Service,Up To 2MW,Mobile/Diesel/Gas,"
11420,Industrial/Commercial Sales & Service,00010208021002,Modern Group Power Systems, 6352 Chapmans Rd,,Allentown,PA ,18106,USA,,800-404-7291,"Sales,Service,Up To 2MW,Mobile/Diesel/Gas,"
11420,Industrial/Commercial Sales & Service,00010208021002,Modern Group Power Systems, 295 New Commerce Blvd.,,Wilkes Barre,PA ,18706,USA,,800-404-7291,"Sales,Service,Up To 2MW,Mobile/Diesel/Gas,"
11420,Industrial/Commercial Sales & Service,00010208021002,Modern Group Power Systems, 66A South Gate Blvd.,,New Castle,DE ,19720,USA,,800-404-7291,"Sales,Service,Up To 2MW,Mobile/Diesel/Gas,"
11420,Industrial/Commercial Sales & Service,00010000931002,"EMERGENCY POWER SYSTEMS, LLC", 35 HAMILTON LANE,,GLENMONT,NY ,12077,USA,,800-914-1465,"Service,Up To 2MW,Mobile/Diesel/Gas,"
11420,Industrial/Commercial Sales & Service,00010000931002,"EMERGENCY POWER SYSTEMS, LLC", 35 HAMILTON LANE,,GLENMONT,NY ,12077,USA,,800-914-1465,"Service,"
11420,Industrial/Commercial Sales & Service,00010208021002,Modern Group Power Systems, 3480 Board Road,,York,PA ,17402,USA,,800-404-7291,"Sales,Service,Up To 2MW,Mobile/Diesel/Gas,"
11420,Industrial/Commercial Sales & Service,00010001731002,AUTHORIZED SERVICES OF NEW ENGLAND, 410 FOREST STREET,,MARLBOROUGH,MA ,01752,USA,,888-890-9886,"Sales,"
11420,Industrial/Commercial Sales & Service,00010001761002,"GENSERVE, INC.", 100 NEWTOWN RD,,PLAINVIEW,NY ,11803,USA,www.genserveinc.com,631-435-0437,"Service,"
11420,Industrial/Commercial Sales & Service,00111209521002,LONG ISLAND EMERGENCY POWER -QO, 2 Ocean Avenue,,DEER PARK,NY ,11729,USA,,631-586-7513,"Sales,"
11420,Industrial/Commercial Sales & Service,00010139211002,POWERPRO SERVICE CO. INC., 608 JOHNSON AVE. UNIT 6,,BOHEMIA,NY ,11716,USA,,631-567-2700,"Sales,Service,Up To 600kW,Mobile/Diesel/Gas,"
11420,Industrial/Commercial Sales & Service,00111209531002,HUNTINGTON POWER - LONG ISLAND, PO BOX 2040,,SHELTON,CT ,06484,USA,,631-586-7513,"Sales,"
11420,Industrial/Commercial Sales & Service,00010134071002,PEAK POWER SYSTEMS, 99 SPRAGUE AVENUE,,MIDDLETOWN,NY ,10940,USA,www.peakpowersystems.com,845-344-1975,"Sales,Service,Up To 600kW,Mobile/Diesel/Gas,Rental,"
11420,Industrial/Commercial Sales & Service,00010001761002,"GENSERVE, INC.", 115A TWINBRIDGE DR.,,PENNSAUKEN,NJ ,08110,USA,www.genserveinc.com,856-324-0459,"Service,"
11420,Industrial/Commercial Sales & Service,00111184131002,HUNTER & LOMISON, 1956 W FOURTH ST,,WILLIAMSPORT,PA ,17701,USA,www.hunterlomison.com,570-326-1764,"Sales,Service,Up To 600kW,Mobile/Diesel/Gas,Rental,"
11420,Industrial/Commercial Sales & Service,00010000881002,HUNTER & LOMISON INC., 1956 W. 4TH STREET,,WILLIAMSPORT,PA ,17701,USA,www.hunterlomison.com,570-326-1764,"Service,Up To 600kW,Mobile/Diesel/Gas,"
11420,Industrial/Commercial Sales & Service,00010001621002,BROOKFIELD SERVICE, 708 GLEBE ROAD,,WESTMORELAND,NH ,03467,USA,www.brookfieldservice.com,802-485-6567,"Service,Up To 600kW,Mobile/Diesel/Gas,"
11420,Industrial/Commercial Sales & Service,00010021101002,SOUTH SHORE GENERATOR INC-Quote, 2696A CRANBERRY HWY,,WAREHAM,MA ,02571,USA,,508-295-7336,"Sales,Service,Up To 600kW,Mobile/Diesel/Gas,"
11420,Industrial/Commercial Sales & Service,00010001701002,SOUTH SHORE GENERATOR INC, ,,EAST WAREHAM,MA ,02538,USA,,508-295-7336,"Financing,Sales,Service,Up To 600kW,Mobile/Diesel/Gas,"
11420,Industrial/Commercial Sales & Service,00111207431002,WARSHAUER ELECTRIC SUPPLY CO INC, 800 SHREWSBURY AVE,,TINTON FALLS,NJ ,07724,USA,www.warshauer.com,732-741-6400,"Service,"
11420,Industrial/Commercial Sales & Service,00010157021002,Mechanical Service Co, 1145 Oak St.,,Pittston,PA ,18640,USA,,570-654-2445,"Service,"
11421,Industrial/Commercial Sales & Service,00010001611002,Huntington Power, 230 Long Hill Cross Rd,,Shelton,CT ,06484,USA,www.huntingtonpower.com,203-929-3203,"Sales,Service,Up To 2MW,Mobile/Diesel/Gas,Training,Rental,"
11421,Industrial/Commercial Sales & Service,00010214161002,"R.L. KISTLER, INC.", 35 HAMILTON LANE,,GLENMONT,NY ,12077,USA,,585-436-1940,"Sales,Service,"
11421,Industrial/Commercial Sales & Service,00010214161002,"R.L. Kistler, Inc", 300 Mile Crossing Blvd.,,Rochester,NY ,14624,USA,rlkistler.com,585-436-1940,"Sales,"
11421,Industrial/Commercial Sales & Service,00010001611002,Huntington Power, 68 Enter Ln,,Islandia,NY ,11749,USA,,631-563-4943,"Sales,Service,Up To 2MW,Mobile/Diesel/Gas,"
11421,Industrial/Commercial Sales & Service,00010001611002,Huntington Power, 34 E DUDLEY TOWN RD.,,BLOOMFIELD,CT ,06002,USA,,860-289-8790,"Sales,Service,Rental,"
11421,Industrial/Commercial Sales & Service,00010214161002,"R.L. Kistler, Inc", 5615 Business Ave.,,N. Syracuse,NY ,13208,USA,,315-458-2875,"Sales,"
11421,Industrial/Commercial Sales & Service,00010214161002,"R.L. Kistler, Inc", 5615 Business Ave.,,N. Syracuse,NY ,13208,USA,,315-458-2875,"Sales,"
11421,Industrial/Commercial Sales & Service,00010208021002,Modern Group Power Systems, 2501 Durham Road,,Bristol,PA ,19007,USA,www.moderngroup.com,800-404-7291,"Sales,Service,Up To 2MW,Mobile/Diesel/Gas,Training,Rental,"
11421,Industrial/Commercial Sales & Service,00010001731002,Authorized Services Of New England, 410 Forest Street,,Marlborough,MA ,01752,USA,www.asne.com,888-890-9886,"Financing,Sales,Service,Up To 2MW,Mobile/Diesel/Gas,Training,Rental,"
11421,Industrial/Commercial Sales & Service,00010008091002,MODERN HANDLING EQUIP, 75 NEW STREET,,EDISON,NJ ,08837,USA,www.moderngroup.com,800-779-5116,"Sales,Service,Up To 2MW,Mobile/Diesel/Gas,"
11421,Industrial/Commercial Sales & Service,00010208021002,Modern Group Power Systems, 200 Allied Parkway,,West Berlin,NJ ,08091,USA,,800-404-7291,"Sales,Service,Up To 2MW,Mobile/Diesel/Gas,"
11421,Industrial/Commercial Sales & Service,00010208021002,Modern Group Power Systems, 6352 Chapmans Rd,,Allentown,PA ,18106,USA,,800-404-7291,"Sales,Service,Up To 2MW,Mobile/Diesel/Gas,"
11421,Industrial/Commercial Sales & Service,00010208021002,Modern Group Power Systems, 295 New Commerce Blvd.,,Wilkes Barre,PA ,18706,USA,,800-404-7291,"Sales,Service,Up To 2MW,Mobile/Diesel/Gas,"
11421,Industrial/Commercial Sales & Service,00010208021002,Modern Group Power Systems, 66A South Gate Blvd.,,New Castle,DE ,19720,USA,,800-404-7291,"Sales,Service,Up To 2MW,Mobile/Diesel/Gas,"
11421,Industrial/Commercial Sales & Service,00010000931002,"EMERGENCY POWER SYSTEMS, LLC", 35 HAMILTON LANE,,GLENMONT,NY ,12077,USA,,800-914-1465,"Service,Up To 2MW,Mobile/Diesel/Gas,"
11421,Industrial/Commercial Sales & Service,00010000931002,"EMERGENCY POWER SYSTEMS, LLC", 35 HAMILTON LANE,,GLENMONT,NY ,12077,USA,,800-914-1465,"Service,"
11421,Industrial/Commercial Sales & Service,00010208021002,Modern Group Power Systems, 3480 Board Road,,York,PA ,17402,USA,,800-404-7291,"Sales,Service,Up To 2MW,Mobile/Diesel/Gas,"
11421,Industrial/Commercial Sales & Service,00010001731002,AUTHORIZED SERVICES OF NEW ENGLAND, 410 FOREST STREET,,MARLBOROUGH,MA ,01752,USA,,888-890-9886,"Sales,"
11421,Industrial/Commercial Sales & Service,00010001761002,"GENSERVE, INC.", 100 NEWTOWN RD,,PLAINVIEW,NY ,11803,USA,www.genserveinc.com,631-435-0437,"Service,"
11421,Industrial/Commercial Sales & Service,00111209521002,LONG ISLAND EMERGENCY POWER -QO, 2 Ocean Avenue,,DEER PARK,NY ,11729,USA,,631-586-7513,"Sales,"
11421,Industrial/Commercial Sales & Service,00010139211002,POWERPRO SERVICE CO. INC., 608 JOHNSON AVE. UNIT 6,,BOHEMIA,NY ,11716,USA,,631-567-2700,"Sales,Service,Up To 600kW,Mobile/Diesel/Gas,"
11421,Industrial/Commercial Sales & Service,00111209531002,HUNTINGTON POWER - LONG ISLAND, PO BOX 2040,,SHELTON,CT ,06484,USA,,631-586-7513,"Sales,"
11421,Industrial/Commercial Sales & Service,00010134071002,PEAK POWER SYSTEMS, 99 SPRAGUE AVENUE,,MIDDLETOWN,NY ,10940,USA,www.peakpowersystems.com,845-344-1975,"Sales,Service,Up To 600kW,Mobile/Diesel/Gas,Rental,"
11421,Industrial/Commercial Sales & Service,00010001761002,"GENSERVE, INC.", 115A TWINBRIDGE DR.,,PENNSAUKEN,NJ ,08110,USA,www.genserveinc.com,856-324-0459,"Service,"
11421,Industrial/Commercial Sales & Service,00111184131002,HUNTER & LOMISON, 1956 W FOURTH ST,,WILLIAMSPORT,PA ,17701,USA,www.hunterlomison.com,570-326-1764,"Sales,Service,Up To 600kW,Mobile/Diesel/Gas,Rental,"
11421,Industrial/Commercial Sales & Service,00010000881002,HUNTER & LOMISON INC., 1956 W. 4TH STREET,,WILLIAMSPORT,PA ,17701,USA,www.hunterlomison.com,570-326-1764,"Service,Up To 600kW,Mobile/Diesel/Gas,"
11421,Industrial/Commercial Sales & Service,00010001621002,BROOKFIELD SERVICE, 708 GLEBE ROAD,,WESTMORELAND,NH ,03467,USA,www.brookfieldservice.com,802-485-6567,"Service,Up To 600kW,Mobile/Diesel/Gas,"
11421,Industrial/Commercial Sales & Service,00010021101002,SOUTH SHORE GENERATOR INC-Quote, 2696A CRANBERRY HWY,,WAREHAM,MA ,02571,USA,,508-295-7336,"Sales,Service,Up To 600kW,Mobile/Diesel/Gas,"
11421,Industrial/Commercial Sales & Service,00010001701002,SOUTH SHORE GENERATOR INC, ,,EAST WAREHAM,MA ,02538,USA,,508-295-7336,"Financing,Sales,Service,Up To 600kW,Mobile/Diesel/Gas,"
11421,Industrial/Commercial Sales & Service,00111207431002,WARSHAUER ELECTRIC SUPPLY CO INC, 800 SHREWSBURY AVE,,TINTON FALLS,NJ ,07724,USA,www.warshauer.com,732-741-6400,"Service,"
11421,Industrial/Commercial Sales & Service,00010157021002,Mechanical Service Co, 1145 Oak St.,,Pittston,PA ,18640,USA,,570-654-2445,"Service,"
11422,Industrial/Commercial Sales & Service,00010214161002,"R.L. KISTLER, INC.", 35 HAMILTON LANE,,GLENMONT,NY ,12077,USA,,585-436-1940,"Sales,Service,"
11422,Industrial/Commercial Sales & Service,00010214161002,"R.L. Kistler, Inc", 300 Mile Crossing Blvd.,,Rochester,NY ,14624,USA,rlkistler.com,585-436-1940,"Sales,"
11422,Industrial/Commercial Sales & Service,00010001611002,Huntington Power, 230 Long Hill Cross Rd,,Shelton,CT ,06484,USA,www.huntingtonpower.com,203-929-3203,"Sales,Service,Up To 2MW,Mobile/Diesel/Gas,Training,Rental,"
11422,Industrial/Commercial Sales & Service,00010214161002,"R.L. Kistler, Inc", 5615 Business Ave.,,N. Syracuse,NY ,13208,USA,,315-458-2875,"Sales,"
11422,Industrial/Commercial Sales & Service,00010214161002,"R.L. Kistler, Inc", 5615 Business Ave.,,N. Syracuse,NY ,13208,USA,,315-458-2875,"Sales,"
11422,Industrial/Commercial Sales & Service,00010001611002,Huntington Power, 68 Enter Ln,,Islandia,NY ,11749,USA,,631-563-4943,"Sales,Service,Up To 2MW,Mobile/Diesel/Gas,"
11422,Industrial/Commercial Sales & Service,00010001611002,Huntington Power, 34 E DUDLEY TOWN RD.,,BLOOMFIELD,CT ,06002,USA,,860-289-8790,"Sales,Service,Rental,"
11422,Industrial/Commercial Sales & Service,00010208021002,Modern Group Power Systems, 2501 Durham Road,,Bristol,PA ,19007,USA,www.moderngroup.com,800-404-7291,"Sales,Service,Up To 2MW,Mobile/Diesel/Gas,Training,Rental,"
11422,Industrial/Commercial Sales & Service,00010001731002,Authorized Services Of New England, 410 Forest Street,,Marlborough,MA ,01752,USA,www.asne.com,888-890-9886,"Financing,Sales,Service,Up To 2MW,Mobile/Diesel/Gas,Training,Rental,"
11422,Industrial/Commercial Sales & Service,00010008091002,MODERN HANDLING EQUIP, 75 NEW STREET,,EDISON,NJ ,08837,USA,www.moderngroup.com,800-779-5116,"Sales,Service,Up To 2MW,Mobile/Diesel/Gas,"
11422,Industrial/Commercial Sales & Service,00010208021002,Modern Group Power Systems, 200 Allied Parkway,,West Berlin,NJ ,08091,USA,,800-404-7291,"Sales,Service,Up To 2MW,Mobile/Diesel/Gas,"
11422,Industrial/Commercial Sales & Service,00010208021002,Modern Group Power Systems, 6352 Chapmans Rd,,Allentown,PA ,18106,USA,,800-404-7291,"Sales,Service,Up To 2MW,Mobile/Diesel/Gas,"
11422,Industrial/Commercial Sales & Service,00010208021002,Modern Group Power Systems, 66A South Gate Blvd.,,New Castle,DE ,19720,USA,,800-404-7291,"Sales,Service,Up To 2MW,Mobile/Diesel/Gas,"
11422,Industrial/Commercial Sales & Service,00010208021002,Modern Group Power Systems, 295 New Commerce Blvd.,,Wilkes Barre,PA ,18706,USA,,800-404-7291,"Sales,Service,Up To 2MW,Mobile/Diesel/Gas,"
11422,Industrial/Commercial Sales & Service,00010000931002,"EMERGENCY POWER SYSTEMS, LLC", 35 HAMILTON LANE,,GLENMONT,NY ,12077,USA,,800-914-1465,"Service,Up To 2MW,Mobile/Diesel/Gas,"
11422,Industrial/Commercial Sales & Service,00010000931002,"EMERGENCY POWER SYSTEMS, LLC", 35 HAMILTON LANE,,GLENMONT,NY ,12077,USA,,800-914-1465,"Service,"
11422,Industrial/Commercial Sales & Service,00010001731002,AUTHORIZED SERVICES OF NEW ENGLAND, 410 FOREST STREET,,MARLBOROUGH,MA ,01752,USA,,888-890-9886,"Sales,"
11422,Industrial/Commercial Sales & Service,00010208021002,Modern Group Power Systems, 3480 Board Road,,York,PA ,17402,USA,,800-404-7291,"Sales,Service,Up To 2MW,Mobile/Diesel/Gas,"
11422,Industrial/Commercial Sales & Service,00010001761002,"GENSERVE, INC.", 100 NEWTOWN RD,,PLAINVIEW,NY ,11803,USA,www.genserveinc.com,631-435-0437,"Service,"
11422,Industrial/Commercial Sales & Service,00111209521002,LONG ISLAND EMERGENCY POWER -QO, 2 Ocean Avenue,,DEER PARK,NY ,11729,USA,,631-586-7513,"Sales,"
11422,Industrial/Commercial Sales & Service,00010139211002,POWERPRO SERVICE CO. INC., 608 JOHNSON AVE. UNIT 6,,BOHEMIA,NY ,11716,USA,,631-567-2700,"Sales,Service,Up To 600kW,Mobile/Diesel/Gas,"
11422,Industrial/Commercial Sales & Service,00111209531002,HUNTINGTON POWER - LONG ISLAND, PO BOX 2040,,SHELTON,CT ,06484,USA,,631-586-7513,"Sales,"
11422,Industrial/Commercial Sales & Service,00010134071002,PEAK POWER SYSTEMS, 99 SPRAGUE AVENUE,,MIDDLETOWN,NY ,10940,USA,www.peakpowersystems.com,845-344-1975,"Sales,Service,Up To 600kW,Mobile/Diesel/Gas,Rental,"
11422,Industrial/Commercial Sales & Service,00010001761002,"GENSERVE, INC.", 115A TWINBRIDGE DR.,,PENNSAUKEN,NJ ,08110,USA,www.genserveinc.com,856-324-0459,"Service,"
11422,Industrial/Commercial Sales & Service,00010001621002,BROOKFIELD SERVICE, 708 GLEBE ROAD,,WESTMORELAND,NH ,03467,USA,www.brookfieldservice.com,802-485-6567,"Service,Up To 600kW,Mobile/Diesel/Gas,"
11422,Industrial/Commercial Sales & Service,00010021101002,SOUTH SHORE GENERATOR INC-Quote, 2696A CRANBERRY HWY,,WAREHAM,MA ,02571,USA,,508-295-7336,"Sales,Service,Up To 600kW,Mobile/Diesel/Gas,"
11422,Industrial/Commercial Sales & Service,00111184131002,HUNTER & LOMISON, 1956 W FOURTH ST,,WILLIAMSPORT,PA ,17701,USA,www.hunterlomison.com,570-326-1764,"Sales,Service,Up To 600kW,Mobile/Diesel/Gas,Rental,"
11422,Industrial/Commercial Sales & Service,00010000881002,HUNTER & LOMISON INC., 1956 W. 4TH STREET,,WILLIAMSPORT,PA ,17701,USA,www.hunterlomison.com,570-326-1764,"Service,Up To 600kW,Mobile/Diesel/Gas,"
11422,Industrial/Commercial Sales & Service,00010001701002,SOUTH SHORE GENERATOR INC, ,,EAST WAREHAM,MA ,02538,USA,,508-295-7336,"Financing,Sales,Service,Up To 600kW,Mobile/Diesel/Gas,"
11422,Industrial/Commercial Sales & Service,00111207431002,WARSHAUER ELECTRIC SUPPLY CO INC, 800 SHREWSBURY AVE,,TINTON FALLS,NJ ,07724,USA,www.warshauer.com,732-741-6400,"Service,"
11422,Industrial/Commercial Sales & Service,00010157021002,Mechanical Service Co, 1145 Oak St.,,Pittston,PA ,18640,USA,,570-654-2445,"Service,"
11423,Industrial/Commercial Sales & Service,00010214161002,"R.L. KISTLER, INC.", 35 HAMILTON LANE,,GLENMONT,NY ,12077,USA,,585-436-1940,"Sales,Service,"
11423,Industrial/Commercial Sales & Service,00010214161002,"R.L. Kistler, Inc", 300 Mile Crossing Blvd.,,Rochester,NY ,14624,USA,rlkistler.com,585-436-1940,"Sales,"
11423,Industrial/Commercial Sales & Service,00010001611002,Huntington Power, 230 Long Hill Cross Rd,,Shelton,CT ,06484,USA,www.huntingtonpower.com,203-929-3203,"Sales,Service,Up To 2MW,Mobile/Diesel/Gas,Training,Rental,"
11423,Industrial/Commercial Sales & Service,00010214161002,"R.L. Kistler, Inc", 5615 Business Ave.,,N. Syracuse,NY ,13208,USA,,315-458-2875,"Sales,"
11423,Industrial/Commercial Sales & Service,00010214161002,"R.L. Kistler, Inc", 5615 Business Ave.,,N. Syracuse,NY ,13208,USA,,315-458-2875,"Sales,"
11423,Industrial/Commercial Sales & Service,00010001611002,Huntington Power, 68 Enter Ln,,Islandia,NY ,11749,USA,,631-563-4943,"Sales,Service,Up To 2MW,Mobile/Diesel/Gas,"
11423,Industrial/Commercial Sales & Service,00010001611002,Huntington Power, 34 E DUDLEY TOWN RD.,,BLOOMFIELD,CT ,06002,USA,,860-289-8790,"Sales,Service,Rental,"
11423,Industrial/Commercial Sales & Service,00010208021002,Modern Group Power Systems, 2501 Durham Road,,Bristol,PA ,19007,USA,www.moderngroup.com,800-404-7291,"Sales,Service,Up To 2MW,Mobile/Diesel/Gas,Training,Rental,"
11423,Industrial/Commercial Sales & Service,00010001731002,Authorized Services Of New England, 410 Forest Street,,Marlborough,MA ,01752,USA,www.asne.com,888-890-9886,"Financing,Sales,Service,Up To 2MW,Mobile/Diesel/Gas,Training,Rental,"
11423,Industrial/Commercial Sales & Service,00010008091002,MODERN HANDLING EQUIP, 75 NEW STREET,,EDISON,NJ ,08837,USA,www.moderngroup.com,800-779-5116,"Sales,Service,Up To 2MW,Mobile/Diesel/Gas,"
11423,Industrial/Commercial Sales & Service,00010208021002,Modern Group Power Systems, 200 Allied Parkway,,West Berlin,NJ ,08091,USA,,800-404-7291,"Sales,Service,Up To 2MW,Mobile/Diesel/Gas,"
11423,Industrial/Commercial Sales & Service,00010208021002,Modern Group Power Systems, 6352 Chapmans Rd,,Allentown,PA ,18106,USA,,800-404-7291,"Sales,Service,Up To 2MW,Mobile/Diesel/Gas,"
11423,Industrial/Commercial Sales & Service,00010208021002,Modern Group Power Systems, 295 New Commerce Blvd.,,Wilkes Barre,PA ,18706,USA,,800-404-7291,"Sales,Service,Up To 2MW,Mobile/Diesel/Gas,"
11423,Industrial/Commercial Sales & Service,00010208021002,Modern Group Power Systems, 66A South Gate Blvd.,,New Castle,DE ,19720,USA,,800-404-7291,"Sales,Service,Up To 2MW,Mobile/Diesel/Gas,"
11423,Industrial/Commercial Sales & Service,00010000931002,"EMERGENCY POWER SYSTEMS, LLC", 35 HAMILTON LANE,,GLENMONT,NY ,12077,USA,,800-914-1465,"Service,Up To 2MW,Mobile/Diesel/Gas,"
11423,Industrial/Commercial Sales & Service,00010000931002,"EMERGENCY POWER SYSTEMS, LLC", 35 HAMILTON LANE,,GLENMONT,NY ,12077,USA,,800-914-1465,"Service,"
11423,Industrial/Commercial Sales & Service,00010001731002,AUTHORIZED SERVICES OF NEW ENGLAND, 410 FOREST STREET,,MARLBOROUGH,MA ,01752,USA,,888-890-9886,"Sales,"
11423,Industrial/Commercial Sales & Service,00010208021002,Modern Group Power Systems, 3480 Board Road,,York,PA ,17402,USA,,800-404-7291,"Sales,Service,Up To 2MW,Mobile/Diesel/Gas,"
11423,Industrial/Commercial Sales & Service,00010001761002,"GENSERVE, INC.", 100 NEWTOWN RD,,PLAINVIEW,NY ,11803,USA,www.genserveinc.com,631-435-0437,"Service,"
11423,Industrial/Commercial Sales & Service,00111209521002,LONG ISLAND EMERGENCY POWER -QO, 2 Ocean Avenue,,DEER PARK,NY ,11729,USA,,631-586-7513,"Sales,"
11423,Industrial/Commercial Sales & Service,00010139211002,POWERPRO SERVICE CO. INC., 608 JOHNSON AVE. UNIT 6,,BOHEMIA,NY ,11716,USA,,631-567-2700,"Sales,Service,Up To 600kW,Mobile/Diesel/Gas,"
11423,Industrial/Commercial Sales & Service,00111209531002,HUNTINGTON POWER - LONG ISLAND, PO BOX 2040,,SHELTON,CT ,06484,USA,,631-586-7513,"Sales,"
11423,Industrial/Commercial Sales & Service,00010134071002,PEAK POWER SYSTEMS, 99 SPRAGUE AVENUE,,MIDDLETOWN,NY ,10940,USA,www.peakpowersystems.com,845-344-1975,"Sales,Service,Up To 600kW,Mobile/Diesel/Gas,Rental,"
11423,Industrial/Commercial Sales & Service,00010001761002,"GENSERVE, INC.", 115A TWINBRIDGE DR.,,PENNSAUKEN,NJ ,08110,USA,www.genserveinc.com,856-324-0459,"Service,"
11423,Industrial/Commercial Sales & Service,00010001621002,BROOKFIELD SERVICE, 708 GLEBE ROAD,,WESTMORELAND,NH ,03467,USA,www.brookfieldservice.com,802-485-6567,"Service,Up To 600kW,Mobile/Diesel/Gas,"
11423,Industrial/Commercial Sales & Service,00010021101002,SOUTH SHORE GENERATOR INC-Quote, 2696A CRANBERRY HWY,,WAREHAM,MA ,02571,USA,,508-295-7336,"Sales,Service,Up To 600kW,Mobile/Diesel/Gas,"
11423,Industrial/Commercial Sales & Service,00111184131002,HUNTER & LOMISON, 1956 W FOURTH ST,,WILLIAMSPORT,PA ,17701,USA,www.hunterlomison.com,570-326-1764,"Sales,Service,Up To 600kW,Mobile/Diesel/Gas,Rental,"
11423,Industrial/Commercial Sales & Service,00010000881002,HUNTER & LOMISON INC., 1956 W. 4TH STREET,,WILLIAMSPORT,PA ,17701,USA,www.hunterlomison.com,570-326-1764,"Service,Up To 600kW,Mobile/Diesel/Gas,"
11423,Industrial/Commercial Sales & Service,00010001701002,SOUTH SHORE GENERATOR INC, ,,EAST WAREHAM,MA ,02538,USA,,508-295-7336,"Financing,Sales,Service,Up To 600kW,Mobile/Diesel/Gas,"
11423,Industrial/Commercial Sales & Service,00111207431002,WARSHAUER ELECTRIC SUPPLY CO INC, 800 SHREWSBURY AVE,,TINTON FALLS,NJ ,07724,USA,www.warshauer.com,732-741-6400,"Service,"
11423,Industrial/Commercial Sales & Service,00010157021002,Mechanical Service Co, 1145 Oak St.,,Pittston,PA ,18640,USA,,570-654-2445,"Service,"
11424,Industrial/Commercial Sales & Service,00010214161002,"R.L. KISTLER, INC.", 35 HAMILTON LANE,,GLENMONT,NY ,12077,USA,,585-436-1940,"Sales,Service,"
11424,Industrial/Commercial Sales & Service,00010001611002,Huntington Power, 230 Long Hill Cross Rd,,Shelton,CT ,06484,USA,www.huntingtonpower.com,203-929-3203,"Sales,Service,Up To 2MW,Mobile/Diesel/Gas,Training,Rental,"
11424,Industrial/Commercial Sales & Service,00010214161002,"R.L. Kistler, Inc", 300 Mile Crossing Blvd.,,Rochester,NY ,14624,USA,rlkistler.com,585-436-1940,"Sales,"
11424,Industrial/Commercial Sales & Service,00010214161002,"R.L. Kistler, Inc", 5615 Business Ave.,,N. Syracuse,NY ,13208,USA,,315-458-2875,"Sales,"
11424,Industrial/Commercial Sales & Service,00010001611002,Huntington Power, 68 Enter Ln,,Islandia,NY ,11749,USA,,631-563-4943,"Sales,Service,Up To 2MW,Mobile/Diesel/Gas,"
11424,Industrial/Commercial Sales & Service,00010001611002,Huntington Power, 34 E DUDLEY TOWN RD.,,BLOOMFIELD,CT ,06002,USA,,860-289-8790,"Sales,Service,Rental,"
11424,Industrial/Commercial Sales & Service,00010214161002,"R.L. Kistler, Inc", 5615 Business Ave.,,N. Syracuse,NY ,13208,USA,,315-458-2875,"Sales,"
11424,Industrial/Commercial Sales & Service,00010208021002,Modern Group Power Systems, 2501 Durham Road,,Bristol,PA ,19007,USA,www.moderngroup.com,800-404-7291,"Sales,Service,Up To 2MW,Mobile/Diesel/Gas,Training,Rental,"
11424,Industrial/Commercial Sales & Service,00010001731002,Authorized Services Of New England, 410 Forest Street,,Marlborough,MA ,01752,USA,www.asne.com,888-890-9886,"Financing,Sales,Service,Up To 2MW,Mobile/Diesel/Gas,Training,Rental,"
11424,Industrial/Commercial Sales & Service,00010008091002,MODERN HANDLING EQUIP, 75 NEW STREET,,EDISON,NJ ,08837,USA,www.moderngroup.com,800-779-5116,"Sales,Service,Up To 2MW,Mobile/Diesel/Gas,"
11424,Industrial/Commercial Sales & Service,00010208021002,Modern Group Power Systems, 200 Allied Parkway,,West Berlin,NJ ,08091,USA,,800-404-7291,"Sales,Service,Up To 2MW,Mobile/Diesel/Gas,"
11424,Industrial/Commercial Sales & Service,00010208021002,Modern Group Power Systems, 6352 Chapmans Rd,,Allentown,PA ,18106,USA,,800-404-7291,"Sales,Service,Up To 2MW,Mobile/Diesel/Gas,"
11424,Industrial/Commercial Sales & Service,00010208021002,Modern Group Power Systems, 295 New Commerce Blvd.,,Wilkes Barre,PA ,18706,USA,,800-404-7291,"Sales,Service,Up To 2MW,Mobile/Diesel/Gas,"
11424,Industrial/Commercial Sales & Service,00010208021002,Modern Group Power Systems, 66A South Gate Blvd.,,New Castle,DE ,19720,USA,,800-404-7291,"Sales,Service,Up To 2MW,Mobile/Diesel/Gas,"
11424,Industrial/Commercial Sales & Service,00010000931002,"EMERGENCY POWER SYSTEMS, LLC", 35 HAMILTON LANE,,GLENMONT,NY ,12077,USA,,800-914-1465,"Service,Up To 2MW,Mobile/Diesel/Gas,"
11424,Industrial/Commercial Sales & Service,00010000931002,"EMERGENCY POWER SYSTEMS, LLC", 35 HAMILTON LANE,,GLENMONT,NY ,12077,USA,,800-914-1465,"Service,"
11424,Industrial/Commercial Sales & Service,00010208021002,Modern Group Power Systems, 3480 Board Road,,York,PA ,17402,USA,,800-404-7291,"Sales,Service,Up To 2MW,Mobile/Diesel/Gas,"
11424,Industrial/Commercial Sales & Service,00010001731002,AUTHORIZED SERVICES OF NEW ENGLAND, 410 FOREST STREET,,MARLBOROUGH,MA ,01752,USA,,888-890-9886,"Sales,"
11424,Industrial/Commercial Sales & Service,00010001761002,"GENSERVE, INC.", 100 NEWTOWN RD,,PLAINVIEW,NY ,11803,USA,www.genserveinc.com,631-435-0437,"Service,"
11424,Industrial/Commercial Sales & Service,00111209521002,LONG ISLAND EMERGENCY POWER -QO, 2 Ocean Avenue,,DEER PARK,NY ,11729,USA,,631-586-7513,"Sales,"
11424,Industrial/Commercial Sales & Service,00010139211002,POWERPRO SERVICE CO. INC., 608 JOHNSON AVE. UNIT 6,,BOHEMIA,NY ,11716,USA,,631-567-2700,"Sales,Service,Up To 600kW,Mobile/Diesel/Gas,"
11424,Industrial/Commercial Sales & Service,00111209531002,HUNTINGTON POWER - LONG ISLAND, PO BOX 2040,,SHELTON,CT ,06484,USA,,631-586-7513,"Sales,"
11424,Industrial/Commercial Sales & Service,00010134071002,PEAK POWER SYSTEMS, 99 SPRAGUE AVENUE,,MIDDLETOWN,NY ,10940,USA,www.peakpowersystems.com,845-344-1975,"Sales,Service,Up To 600kW,Mobile/Diesel/Gas,Rental,"
11424,Industrial/Commercial Sales & Service,00010001761002,"GENSERVE, INC.", 115A TWINBRIDGE DR.,,PENNSAUKEN,NJ ,08110,USA,www.genserveinc.com,856-324-0459,"Service,"
11424,Industrial/Commercial Sales & Service,00010001621002,BROOKFIELD SERVICE, 708 GLEBE ROAD,,WESTMORELAND,NH ,03467,USA,www.brookfieldservice.com,802-485-6567,"Service,Up To 600kW,Mobile/Diesel/Gas,"
11424,Industrial/Commercial Sales & Service,00111184131002,HUNTER & LOMISON, 1956 W FOURTH ST,,WILLIAMSPORT,PA ,17701,USA,www.hunterlomison.com,570-326-1764,"Sales,Service,Up To 600kW,Mobile/Diesel/Gas,Rental,"
11424,Industrial/Commercial Sales & Service,00010000881002,HUNTER & LOMISON INC., 1956 W. 4TH STREET,,WILLIAMSPORT,PA ,17701,USA,www.hunterlomison.com,570-326-1764,"Service,Up To 600kW,Mobile/Diesel/Gas,"
11424,Industrial/Commercial Sales & Service,00010021101002,SOUTH SHORE GENERATOR INC-Quote, 2696A CRANBERRY HWY,,WAREHAM,MA ,02571,USA,,508-295-7336,"Sales,Service,Up To 600kW,Mobile/Diesel/Gas,"
11424,Industrial/Commercial Sales & Service,00010001701002,SOUTH SHORE GENERATOR INC, ,,EAST WAREHAM,MA ,02538,USA,,508-295-7336,"Financing,Sales,Service,Up To 600kW,Mobile/Diesel/Gas,"
11424,Industrial/Commercial Sales & Service,00111207431002,WARSHAUER ELECTRIC SUPPLY CO INC, 800 SHREWSBURY AVE,,TINTON FALLS,NJ ,07724,USA,www.warshauer.com,732-741-6400,"Service,"
11424,Industrial/Commercial Sales & Service,00010157021002,Mechanical Service Co, 1145 Oak St.,,Pittston,PA ,18640,USA,,570-654-2445,"Service,"
11425,Industrial/Commercial Sales & Service,00010214161002,"R.L. KISTLER, INC.", 35 HAMILTON LANE,,GLENMONT,NY ,12077,USA,,585-436-1940,"Sales,Service,"
11425,Industrial/Commercial Sales & Service,00010214161002,"R.L. Kistler, Inc", 300 Mile Crossing Blvd.,,Rochester,NY ,14624,USA,rlkistler.com,585-436-1940,"Sales,"
11425,Industrial/Commercial Sales & Service,00010001611002,Huntington Power, 230 Long Hill Cross Rd,,Shelton,CT ,06484,USA,www.huntingtonpower.com,203-929-3203,"Sales,Service,Up To 2MW,Mobile/Diesel/Gas,Training,Rental,"
11425,Industrial/Commercial Sales & Service,00010214161002,"R.L. Kistler, Inc", 5615 Business Ave.,,N. Syracuse,NY ,13208,USA,,315-458-2875,"Sales,"
11425,Industrial/Commercial Sales & Service,00010214161002,"R.L. Kistler, Inc", 5615 Business Ave.,,N. Syracuse,NY ,13208,USA,,315-458-2875,"Sales,"
11425,Industrial/Commercial Sales & Service,00010001611002,Huntington Power, 68 Enter Ln,,Islandia,NY ,11749,USA,,631-563-4943,"Sales,Service,Up To 2MW,Mobile/Diesel/Gas,"
11425,Industrial/Commercial Sales & Service,00010001611002,Huntington Power, 34 E DUDLEY TOWN RD.,,BLOOMFIELD,CT ,06002,USA,,860-289-8790,"Sales,Service,Rental,"
11425,Industrial/Commercial Sales & Service,00010208021002,Modern Group Power Systems, 2501 Durham Road,,Bristol,PA ,19007,USA,www.moderngroup.com,800-404-7291,"Sales,Service,Up To 2MW,Mobile/Diesel/Gas,Training,Rental,"
11425,Industrial/Commercial Sales & Service,00010001731002,Authorized Services Of New England, 410 Forest Street,,Marlborough,MA ,01752,USA,www.asne.com,888-890-9886,"Financing,Sales,Service,Up To 2MW,Mobile/Diesel/Gas,Training,Rental,"
11425,Industrial/Commercial Sales & Service,00010008091002,MODERN HANDLING EQUIP, 75 NEW STREET,,EDISON,NJ ,08837,USA,www.moderngroup.com,800-779-5116,"Sales,Service,Up To 2MW,Mobile/Diesel/Gas,"
11425,Industrial/Commercial Sales & Service,00010208021002,Modern Group Power Systems, 200 Allied Parkway,,West Berlin,NJ ,08091,USA,,800-404-7291,"Sales,Service,Up To 2MW,Mobile/Diesel/Gas,"
11425,Industrial/Commercial Sales & Service,00010208021002,Modern Group Power Systems, 6352 Chapmans Rd,,Allentown,PA ,18106,USA,,800-404-7291,"Sales,Service,Up To 2MW,Mobile/Diesel/Gas,"
11425,Industrial/Commercial Sales & Service,00010208021002,Modern Group Power Systems, 295 New Commerce Blvd.,,Wilkes Barre,PA ,18706,USA,,800-404-7291,"Sales,Service,Up To 2MW,Mobile/Diesel/Gas,"
11425,Industrial/Commercial Sales & Service,00010208021002,Modern Group Power Systems, 66A South Gate Blvd.,,New Castle,DE ,19720,USA,,800-404-7291,"Sales,Service,Up To 2MW,Mobile/Diesel/Gas,"
11425,Industrial/Commercial Sales & Service,00010000931002,"EMERGENCY POWER SYSTEMS, LLC", 35 HAMILTON LANE,,GLENMONT,NY ,12077,USA,,800-914-1465,"Service,Up To 2MW,Mobile/Diesel/Gas,"
11425,Industrial/Commercial Sales & Service,00010000931002,"EMERGENCY POWER SYSTEMS, LLC", 35 HAMILTON LANE,,GLENMONT,NY ,12077,USA,,800-914-1465,"Service,"
11425,Industrial/Commercial Sales & Service,00010208021002,Modern Group Power Systems, 3480 Board Road,,York,PA ,17402,USA,,800-404-7291,"Sales,Service,Up To 2MW,Mobile/Diesel/Gas,"
11425,Industrial/Commercial Sales & Service,00010001731002,AUTHORIZED SERVICES OF NEW ENGLAND, 410 FOREST STREET,,MARLBOROUGH,MA ,01752,USA,,888-890-9886,"Sales,"
11425,Industrial/Commercial Sales & Service,00010001761002,"GENSERVE, INC.", 100 NEWTOWN RD,,PLAINVIEW,NY ,11803,USA,www.genserveinc.com,631-435-0437,"Service,"
11425,Industrial/Commercial Sales & Service,00111209521002,LONG ISLAND EMERGENCY POWER -QO, 2 Ocean Avenue,,DEER PARK,NY ,11729,USA,,631-586-7513,"Sales,"
11425,Industrial/Commercial Sales & Service,00010139211002,POWERPRO SERVICE CO. INC., 608 JOHNSON AVE. UNIT 6,,BOHEMIA,NY ,11716,USA,,631-567-2700,"Sales,Service,Up To 600kW,Mobile/Diesel/Gas,"
11425,Industrial/Commercial Sales & Service,00111209531002,HUNTINGTON POWER - LONG ISLAND, PO BOX 2040,,SHELTON,CT ,06484,USA,,631-586-7513,"Sales,"
11425,Industrial/Commercial Sales & Service,00010134071002,PEAK POWER SYSTEMS, 99 SPRAGUE AVENUE,,MIDDLETOWN,NY ,10940,USA,www.peakpowersystems.com,845-344-1975,"Sales,Service,Up To 600kW,Mobile/Diesel/Gas,Rental,"
11425,Industrial/Commercial Sales & Service,00010001761002,"GENSERVE, INC.", 115A TWINBRIDGE DR.,,PENNSAUKEN,NJ ,08110,USA,www.genserveinc.com,856-324-0459,"Service,"
11425,Industrial/Commercial Sales & Service,00010001621002,BROOKFIELD SERVICE, 708 GLEBE ROAD,,WESTMORELAND,NH ,03467,USA,www.brookfieldservice.com,802-485-6567,"Service,Up To 600kW,Mobile/Diesel/Gas,"
11425,Industrial/Commercial Sales & Service,00111184131002,HUNTER & LOMISON, 1956 W FOURTH ST,,WILLIAMSPORT,PA ,17701,USA,www.hunterlomison.com,570-326-1764,"Sales,Service,Up To 600kW,Mobile/Diesel/Gas,Rental,"
11425,Industrial/Commercial Sales & Service,00010000881002,HUNTER & LOMISON INC., 1956 W. 4TH STREET,,WILLIAMSPORT,PA ,17701,USA,www.hunterlomison.com,570-326-1764,"Service,Up To 600kW,Mobile/Diesel/Gas,"
11425,Industrial/Commercial Sales & Service,00010021101002,SOUTH SHORE GENERATOR INC-Quote, 2696A CRANBERRY HWY,,WAREHAM,MA ,02571,USA,,508-295-7336,"Sales,Service,Up To 600kW,Mobile/Diesel/Gas,"
11425,Industrial/Commercial Sales & Service,00010001701002,SOUTH SHORE GENERATOR INC, ,,EAST WAREHAM,MA ,02538,USA,,508-295-7336,"Financing,Sales,Service,Up To 600kW,Mobile/Diesel/Gas,"
11425,Industrial/Commercial Sales & Service,00111207431002,WARSHAUER ELECTRIC SUPPLY CO INC, 800 SHREWSBURY AVE,,TINTON FALLS,NJ ,07724,USA,www.warshauer.com,732-741-6400,"Service,"
11425,Industrial/Commercial Sales & Service,00010157021002,Mechanical Service Co, 1145 Oak St.,,Pittston,PA ,18640,USA,,570-654-2445,"Service,"
11426,Industrial/Commercial Sales & Service,00010214161002,"R.L. Kistler, Inc", 300 Mile Crossing Blvd.,,Rochester,NY ,14624,USA,rlkistler.com,585-436-1940,"Sales,"
11426,Industrial/Commercial Sales & Service,00010214161002,"R.L. KISTLER, INC.", 35 HAMILTON LANE,,GLENMONT,NY ,12077,USA,,585-436-1940,"Sales,Service,"
11426,Industrial/Commercial Sales & Service,00010001611002,Huntington Power, 230 Long Hill Cross Rd,,Shelton,CT ,06484,USA,www.huntingtonpower.com,203-929-3203,"Sales,Service,Up To 2MW,Mobile/Diesel/Gas,Training,Rental,"
11426,Industrial/Commercial Sales & Service,00010214161002,"R.L. Kistler, Inc", 5615 Business Ave.,,N. Syracuse,NY ,13208,USA,,315-458-2875,"Sales,"
11426,Industrial/Commercial Sales & Service,00010214161002,"R.L. Kistler, Inc", 5615 Business Ave.,,N. Syracuse,NY ,13208,USA,,315-458-2875,"Sales,"
11426,Industrial/Commercial Sales & Service,00010001611002,Huntington Power, 68 Enter Ln,,Islandia,NY ,11749,USA,,631-563-4943,"Sales,Service,Up To 2MW,Mobile/Diesel/Gas,"
11426,Industrial/Commercial Sales & Service,00010001611002,Huntington Power, 34 E DUDLEY TOWN RD.,,BLOOMFIELD,CT ,06002,USA,,860-289-8790,"Sales,Service,Rental,"
11426,Industrial/Commercial Sales & Service,00010208021002,Modern Group Power Systems, 2501 Durham Road,,Bristol,PA ,19007,USA,www.moderngroup.com,800-404-7291,"Sales,Service,Up To 2MW,Mobile/Diesel/Gas,Training,Rental,"
11426,Industrial/Commercial Sales & Service,00010001731002,Authorized Services Of New England, 410 Forest Street,,Marlborough,MA ,01752,USA,www.asne.com,888-890-9886,"Financing,Sales,Service,Up To 2MW,Mobile/Diesel/Gas,Training,Rental,"
11426,Industrial/Commercial Sales & Service,00010008091002,MODERN HANDLING EQUIP, 75 NEW STREET,,EDISON,NJ ,08837,USA,www.moderngroup.com,800-779-5116,"Sales,Service,Up To 2MW,Mobile/Diesel/Gas,"
11426,Industrial/Commercial Sales & Service,00010208021002,Modern Group Power Systems, 200 Allied Parkway,,West Berlin,NJ ,08091,USA,,800-404-7291,"Sales,Service,Up To 2MW,Mobile/Diesel/Gas,"
11426,Industrial/Commercial Sales & Service,00010208021002,Modern Group Power Systems, 6352 Chapmans Rd,,Allentown,PA ,18106,USA,,800-404-7291,"Sales,Service,Up To 2MW,Mobile/Diesel/Gas,"
11426,Industrial/Commercial Sales & Service,00010208021002,Modern Group Power Systems, 295 New Commerce Blvd.,,Wilkes Barre,PA ,18706,USA,,800-404-7291,"Sales,Service,Up To 2MW,Mobile/Diesel/Gas,"
11426,Industrial/Commercial Sales & Service,00010208021002,Modern Group Power Systems, 66A South Gate Blvd.,,New Castle,DE ,19720,USA,,800-404-7291,"Sales,Service,Up To 2MW,Mobile/Diesel/Gas,"
11426,Industrial/Commercial Sales & Service,00010000931002,"EMERGENCY POWER SYSTEMS, LLC", 35 HAMILTON LANE,,GLENMONT,NY ,12077,USA,,800-914-1465,"Service,Up To 2MW,Mobile/Diesel/Gas,"
11426,Industrial/Commercial Sales & Service,00010000931002,"EMERGENCY POWER SYSTEMS, LLC", 35 HAMILTON LANE,,GLENMONT,NY ,12077,USA,,800-914-1465,"Service,"
11426,Industrial/Commercial Sales & Service,00010001731002,AUTHORIZED SERVICES OF NEW ENGLAND, 410 FOREST STREET,,MARLBOROUGH,MA ,01752,USA,,888-890-9886,"Sales,"
11426,Industrial/Commercial Sales & Service,00010208021002,Modern Group Power Systems, 3480 Board Road,,York,PA ,17402,USA,,800-404-7291,"Sales,Service,Up To 2MW,Mobile/Diesel/Gas,"
11426,Industrial/Commercial Sales & Service,00010001761002,"GENSERVE, INC.", 100 NEWTOWN RD,,PLAINVIEW,NY ,11803,USA,www.genserveinc.com,631-435-0437,"Service,"
11426,Industrial/Commercial Sales & Service,00111209521002,LONG ISLAND EMERGENCY POWER -QO, 2 Ocean Avenue,,DEER PARK,NY ,11729,USA,,631-586-7513,"Sales,"
11426,Industrial/Commercial Sales & Service,00010139211002,POWERPRO SERVICE CO. INC., 608 JOHNSON AVE. UNIT 6,,BOHEMIA,NY ,11716,USA,,631-567-2700,"Sales,Service,Up To 600kW,Mobile/Diesel/Gas,"
11426,Industrial/Commercial Sales & Service,00111209531002,HUNTINGTON POWER - LONG ISLAND, PO BOX 2040,,SHELTON,CT ,06484,USA,,631-586-7513,"Sales,"
11426,Industrial/Commercial Sales & Service,00010134071002,PEAK POWER SYSTEMS, 99 SPRAGUE AVENUE,,MIDDLETOWN,NY ,10940,USA,www.peakpowersystems.com,845-344-1975,"Sales,Service,Up To 600kW,Mobile/Diesel/Gas,Rental,"
11426,Industrial/Commercial Sales & Service,00010001761002,"GENSERVE, INC.", 115A TWINBRIDGE DR.,,PENNSAUKEN,NJ ,08110,USA,www.genserveinc.com,856-324-0459,"Service,"
11426,Industrial/Commercial Sales & Service,00010001621002,BROOKFIELD SERVICE, 708 GLEBE ROAD,,WESTMORELAND,NH ,03467,USA,www.brookfieldservice.com,802-485-6567,"Service,Up To 600kW,Mobile/Diesel/Gas,"
11426,Industrial/Commercial Sales & Service,00010021101002,SOUTH SHORE GENERATOR INC-Quote, 2696A CRANBERRY HWY,,WAREHAM,MA ,02571,USA,,508-295-7336,"Sales,Service,Up To 600kW,Mobile/Diesel/Gas,"
11426,Industrial/Commercial Sales & Service,00010001701002,SOUTH SHORE GENERATOR INC, ,,EAST WAREHAM,MA ,02538,USA,,508-295-7336,"Financing,Sales,Service,Up To 600kW,Mobile/Diesel/Gas,"
11426,Industrial/Commercial Sales & Service,00111184131002,HUNTER & LOMISON, 1956 W FOURTH ST,,WILLIAMSPORT,PA ,17701,USA,www.hunterlomison.com,570-326-1764,"Sales,Service,Up To 600kW,Mobile/Diesel/Gas,Rental,"
11426,Industrial/Commercial Sales & Service,00010000881002,HUNTER & LOMISON INC., 1956 W. 4TH STREET,,WILLIAMSPORT,PA ,17701,USA,www.hunterlomison.com,570-326-1764,"Service,Up To 600kW,Mobile/Diesel/Gas,"
11426,Industrial/Commercial Sales & Service,00111207431002,WARSHAUER ELECTRIC SUPPLY CO INC, 800 SHREWSBURY AVE,,TINTON FALLS,NJ ,07724,USA,www.warshauer.com,732-741-6400,"Service,"
11426,Industrial/Commercial Sales & Service,00010157021002,Mechanical Service Co, 1145 Oak St.,,Pittston,PA ,18640,USA,,570-654-2445,"Service,"
11427,Industrial/Commercial Sales & Service,00010214161002,"R.L. Kistler, Inc", 300 Mile Crossing Blvd.,,Rochester,NY ,14624,USA,rlkistler.com,585-436-1940,"Sales,"
11427,Industrial/Commercial Sales & Service,00010214161002,"R.L. KISTLER, INC.", 35 HAMILTON LANE,,GLENMONT,NY ,12077,USA,,585-436-1940,"Sales,Service,"
11427,Industrial/Commercial Sales & Service,00010001611002,Huntington Power, 230 Long Hill Cross Rd,,Shelton,CT ,06484,USA,www.huntingtonpower.com,203-929-3203,"Sales,Service,Up To 2MW,Mobile/Diesel/Gas,Training,Rental,"
11427,Industrial/Commercial Sales & Service,00010214161002,"R.L. Kistler, Inc", 5615 Business Ave.,,N. Syracuse,NY ,13208,USA,,315-458-2875,"Sales,"
11427,Industrial/Commercial Sales & Service,00010214161002,"R.L. Kistler, Inc", 5615 Business Ave.,,N. Syracuse,NY ,13208,USA,,315-458-2875,"Sales,"
11427,Industrial/Commercial Sales & Service,00010001611002,Huntington Power, 68 Enter Ln,,Islandia,NY ,11749,USA,,631-563-4943,"Sales,Service,Up To 2MW,Mobile/Diesel/Gas,"
11427,Industrial/Commercial Sales & Service,00010001611002,Huntington Power, 34 E DUDLEY TOWN RD.,,BLOOMFIELD,CT ,06002,USA,,860-289-8790,"Sales,Service,Rental,"
11427,Industrial/Commercial Sales & Service,00010208021002,Modern Group Power Systems, 2501 Durham Road,,Bristol,PA ,19007,USA,www.moderngroup.com,800-404-7291,"Sales,Service,Up To 2MW,Mobile/Diesel/Gas,Training,Rental,"
11427,Industrial/Commercial Sales & Service,00010001731002,Authorized Services Of New England, 410 Forest Street,,Marlborough,MA ,01752,USA,www.asne.com,888-890-9886,"Financing,Sales,Service,Up To 2MW,Mobile/Diesel/Gas,Training,Rental,"
11427,Industrial/Commercial Sales & Service,00010008091002,MODERN HANDLING EQUIP, 75 NEW STREET,,EDISON,NJ ,08837,USA,www.moderngroup.com,800-779-5116,"Sales,Service,Up To 2MW,Mobile/Diesel/Gas,"
11427,Industrial/Commercial Sales & Service,00010208021002,Modern Group Power Systems, 200 Allied Parkway,,West Berlin,NJ ,08091,USA,,800-404-7291,"Sales,Service,Up To 2MW,Mobile/Diesel/Gas,"
11427,Industrial/Commercial Sales & Service,00010208021002,Modern Group Power Systems, 6352 Chapmans Rd,,Allentown,PA ,18106,USA,,800-404-7291,"Sales,Service,Up To 2MW,Mobile/Diesel/Gas,"
11427,Industrial/Commercial Sales & Service,00010208021002,Modern Group Power Systems, 295 New Commerce Blvd.,,Wilkes Barre,PA ,18706,USA,,800-404-7291,"Sales,Service,Up To 2MW,Mobile/Diesel/Gas,"
11427,Industrial/Commercial Sales & Service,00010208021002,Modern Group Power Systems, 66A South Gate Blvd.,,New Castle,DE ,19720,USA,,800-404-7291,"Sales,Service,Up To 2MW,Mobile/Diesel/Gas,"
11427,Industrial/Commercial Sales & Service,00010000931002,"EMERGENCY POWER SYSTEMS, LLC", 35 HAMILTON LANE,,GLENMONT,NY ,12077,USA,,800-914-1465,"Service,Up To 2MW,Mobile/Diesel/Gas,"
11427,Industrial/Commercial Sales & Service,00010000931002,"EMERGENCY POWER SYSTEMS, LLC", 35 HAMILTON LANE,,GLENMONT,NY ,12077,USA,,800-914-1465,"Service,"
11427,Industrial/Commercial Sales & Service,00010001731002,AUTHORIZED SERVICES OF NEW ENGLAND, 410 FOREST STREET,,MARLBOROUGH,MA ,01752,USA,,888-890-9886,"Sales,"
11427,Industrial/Commercial Sales & Service,00010208021002,Modern Group Power Systems, 3480 Board Road,,York,PA ,17402,USA,,800-404-7291,"Sales,Service,Up To 2MW,Mobile/Diesel/Gas,"
11427,Industrial/Commercial Sales & Service,00010001761002,"GENSERVE, INC.", 100 NEWTOWN RD,,PLAINVIEW,NY ,11803,USA,www.genserveinc.com,631-435-0437,"Service,"
11427,Industrial/Commercial Sales & Service,00111209521002,LONG ISLAND EMERGENCY POWER -QO, 2 Ocean Avenue,,DEER PARK,NY ,11729,USA,,631-586-7513,"Sales,"
11427,Industrial/Commercial Sales & Service,00010139211002,POWERPRO SERVICE CO. INC., 608 JOHNSON AVE. UNIT 6,,BOHEMIA,NY ,11716,USA,,631-567-2700,"Sales,Service,Up To 600kW,Mobile/Diesel/Gas,"
11427,Industrial/Commercial Sales & Service,00111209531002,HUNTINGTON POWER - LONG ISLAND, PO BOX 2040,,SHELTON,CT ,06484,USA,,631-586-7513,"Sales,"
11427,Industrial/Commercial Sales & Service,00010134071002,PEAK POWER SYSTEMS, 99 SPRAGUE AVENUE,,MIDDLETOWN,NY ,10940,USA,www.peakpowersystems.com,845-344-1975,"Sales,Service,Up To 600kW,Mobile/Diesel/Gas,Rental,"
11427,Industrial/Commercial Sales & Service,00010001761002,"GENSERVE, INC.", 115A TWINBRIDGE DR.,,PENNSAUKEN,NJ ,08110,USA,www.genserveinc.com,856-324-0459,"Service,"
11427,Industrial/Commercial Sales & Service,00010001621002,BROOKFIELD SERVICE, 708 GLEBE ROAD,,WESTMORELAND,NH ,03467,USA,www.brookfieldservice.com,802-485-6567,"Service,Up To 600kW,Mobile/Diesel/Gas,"
11427,Industrial/Commercial Sales & Service,00010021101002,SOUTH SHORE GENERATOR INC-Quote, 2696A CRANBERRY HWY,,WAREHAM,MA ,02571,USA,,508-295-7336,"Sales,Service,Up To 600kW,Mobile/Diesel/Gas,"
11427,Industrial/Commercial Sales & Service,00111184131002,HUNTER & LOMISON, 1956 W FOURTH ST,,WILLIAMSPORT,PA ,17701,USA,www.hunterlomison.com,570-326-1764,"Sales,Service,Up To 600kW,Mobile/Diesel/Gas,Rental,"
11427,Industrial/Commercial Sales & Service,00010000881002,HUNTER & LOMISON INC., 1956 W. 4TH STREET,,WILLIAMSPORT,PA ,17701,USA,www.hunterlomison.com,570-326-1764,"Service,Up To 600kW,Mobile/Diesel/Gas,"
11427,Industrial/Commercial Sales & Service,00010001701002,SOUTH SHORE GENERATOR INC, ,,EAST WAREHAM,MA ,02538,USA,,508-295-7336,"Financing,Sales,Service,Up To 600kW,Mobile/Diesel/Gas,"
11427,Industrial/Commercial Sales & Service,00111207431002,WARSHAUER ELECTRIC SUPPLY CO INC, 800 SHREWSBURY AVE,,TINTON FALLS,NJ ,07724,USA,www.warshauer.com,732-741-6400,"Service,"
11427,Industrial/Commercial Sales & Service,00010157021002,Mechanical Service Co, 1145 Oak St.,,Pittston,PA ,18640,USA,,570-654-2445,"Service,"
11428,Industrial/Commercial Sales & Service,00010001611002,Huntington Power, 230 Long Hill Cross Rd,,Shelton,CT ,06484,USA,www.huntingtonpower.com,203-929-3203,"Sales,Service,Up To 2MW,Mobile/Diesel/Gas,Training,Rental,"
11428,Industrial/Commercial Sales & Service,00010214161002,"R.L. Kistler, Inc", 300 Mile Crossing Blvd.,,Rochester,NY ,14624,USA,rlkistler.com,585-436-1940,"Sales,"
11428,Industrial/Commercial Sales & Service,00010214161002,"R.L. KISTLER, INC.", 35 HAMILTON LANE,,GLENMONT,NY ,12077,USA,,585-436-1940,"Sales,Service,"
11428,Industrial/Commercial Sales & Service,00010001611002,Huntington Power, 68 Enter Ln,,Islandia,NY ,11749,USA,,631-563-4943,"Sales,Service,Up To 2MW,Mobile/Diesel/Gas,"
11428,Industrial/Commercial Sales & Service,00010001611002,Huntington Power, 34 E DUDLEY TOWN RD.,,BLOOMFIELD,CT ,06002,USA,,860-289-8790,"Sales,Service,Rental,"
11428,Industrial/Commercial Sales & Service,00010214161002,"R.L. Kistler, Inc", 5615 Business Ave.,,N. Syracuse,NY ,13208,USA,,315-458-2875,"Sales,"
11428,Industrial/Commercial Sales & Service,00010214161002,"R.L. Kistler, Inc", 5615 Business Ave.,,N. Syracuse,NY ,13208,USA,,315-458-2875,"Sales,"
11428,Industrial/Commercial Sales & Service,00010208021002,Modern Group Power Systems, 2501 Durham Road,,Bristol,PA ,19007,USA,www.moderngroup.com,800-404-7291,"Sales,Service,Up To 2MW,Mobile/Diesel/Gas,Training,Rental,"
11428,Industrial/Commercial Sales & Service,00010001731002,Authorized Services Of New England, 410 Forest Street,,Marlborough,MA ,01752,USA,www.asne.com,888-890-9886,"Financing,Sales,Service,Up To 2MW,Mobile/Diesel/Gas,Training,Rental,"
11428,Industrial/Commercial Sales & Service,00010008091002,MODERN HANDLING EQUIP, 75 NEW STREET,,EDISON,NJ ,08837,USA,www.moderngroup.com,800-779-5116,"Sales,Service,Up To 2MW,Mobile/Diesel/Gas,"
11428,Industrial/Commercial Sales & Service,00010208021002,Modern Group Power Systems, 200 Allied Parkway,,West Berlin,NJ ,08091,USA,,800-404-7291,"Sales,Service,Up To 2MW,Mobile/Diesel/Gas,"
11428,Industrial/Commercial Sales & Service,00010208021002,Modern Group Power Systems, 6352 Chapmans Rd,,Allentown,PA ,18106,USA,,800-404-7291,"Sales,Service,Up To 2MW,Mobile/Diesel/Gas,"
11428,Industrial/Commercial Sales & Service,00010208021002,Modern Group Power Systems, 295 New Commerce Blvd.,,Wilkes Barre,PA ,18706,USA,,800-404-7291,"Sales,Service,Up To 2MW,Mobile/Diesel/Gas,"
11428,Industrial/Commercial Sales & Service,00010208021002,Modern Group Power Systems, 66A South Gate Blvd.,,New Castle,DE ,19720,USA,,800-404-7291,"Sales,Service,Up To 2MW,Mobile/Diesel/Gas,"
11428,Industrial/Commercial Sales & Service,00010000931002,"EMERGENCY POWER SYSTEMS, LLC", 35 HAMILTON LANE,,GLENMONT,NY ,12077,USA,,800-914-1465,"Service,Up To 2MW,Mobile/Diesel/Gas,"
11428,Industrial/Commercial Sales & Service,00010000931002,"EMERGENCY POWER SYSTEMS, LLC", 35 HAMILTON LANE,,GLENMONT,NY ,12077,USA,,800-914-1465,"Service,"
11428,Industrial/Commercial Sales & Service,00010001731002,AUTHORIZED SERVICES OF NEW ENGLAND, 410 FOREST STREET,,MARLBOROUGH,MA ,01752,USA,,888-890-9886,"Sales,"
11428,Industrial/Commercial Sales & Service,00010208021002,Modern Group Power Systems, 3480 Board Road,,York,PA ,17402,USA,,800-404-7291,"Sales,Service,Up To 2MW,Mobile/Diesel/Gas,"
11428,Industrial/Commercial Sales & Service,00010001761002,"GENSERVE, INC.", 100 NEWTOWN RD,,PLAINVIEW,NY ,11803,USA,www.genserveinc.com,631-435-0437,"Service,"
11428,Industrial/Commercial Sales & Service,00111209521002,LONG ISLAND EMERGENCY POWER -QO, 2 Ocean Avenue,,DEER PARK,NY ,11729,USA,,631-586-7513,"Sales,"
11428,Industrial/Commercial Sales & Service,00010139211002,POWERPRO SERVICE CO. INC., 608 JOHNSON AVE. UNIT 6,,BOHEMIA,NY ,11716,USA,,631-567-2700,"Sales,Service,Up To 600kW,Mobile/Diesel/Gas,"
11428,Industrial/Commercial Sales & Service,00111209531002,HUNTINGTON POWER - LONG ISLAND, PO BOX 2040,,SHELTON,CT ,06484,USA,,631-586-7513,"Sales,"
11428,Industrial/Commercial Sales & Service,00010134071002,PEAK POWER SYSTEMS, 99 SPRAGUE AVENUE,,MIDDLETOWN,NY ,10940,USA,www.peakpowersystems.com,845-344-1975,"Sales,Service,Up To 600kW,Mobile/Diesel/Gas,Rental,"
11428,Industrial/Commercial Sales & Service,00010001761002,"GENSERVE, INC.", 115A TWINBRIDGE DR.,,PENNSAUKEN,NJ ,08110,USA,www.genserveinc.com,856-324-0459,"Service,"
11428,Industrial/Commercial Sales & Service,00010001621002,BROOKFIELD SERVICE, 708 GLEBE ROAD,,WESTMORELAND,NH ,03467,USA,www.brookfieldservice.com,802-485-6567,"Service,Up To 600kW,Mobile/Diesel/Gas,"
11428,Industrial/Commercial Sales & Service,00010021101002,SOUTH SHORE GENERATOR INC-Quote, 2696A CRANBERRY HWY,,WAREHAM,MA ,02571,USA,,508-295-7336,"Sales,Service,Up To 600kW,Mobile/Diesel/Gas,"
11428,Industrial/Commercial Sales & Service,00111184131002,HUNTER & LOMISON, 1956 W FOURTH ST,,WILLIAMSPORT,PA ,17701,USA,www.hunterlomison.com,570-326-1764,"Sales,Service,Up To 600kW,Mobile/Diesel/Gas,Rental,"
11428,Industrial/Commercial Sales & Service,00010000881002,HUNTER & LOMISON INC., 1956 W. 4TH STREET,,WILLIAMSPORT,PA ,17701,USA,www.hunterlomison.com,570-326-1764,"Service,Up To 600kW,Mobile/Diesel/Gas,"
11428,Industrial/Commercial Sales & Service,00010001701002,SOUTH SHORE GENERATOR INC, ,,EAST WAREHAM,MA ,02538,USA,,508-295-7336,"Financing,Sales,Service,Up To 600kW,Mobile/Diesel/Gas,"
11428,Industrial/Commercial Sales & Service,00111207431002,WARSHAUER ELECTRIC SUPPLY CO INC, 800 SHREWSBURY AVE,,TINTON FALLS,NJ ,07724,USA,www.warshauer.com,732-741-6400,"Service,"
11428,Industrial/Commercial Sales & Service,00010157021002,Mechanical Service Co, 1145 Oak St.,,Pittston,PA ,18640,USA,,570-654-2445,"Service,"
11429,Industrial/Commercial Sales & Service,00010001611002,Huntington Power, 230 Long Hill Cross Rd,,Shelton,CT ,06484,USA,www.huntingtonpower.com,203-929-3203,"Sales,Service,Up To 2MW,Mobile/Diesel/Gas,Training,Rental,"
11429,Industrial/Commercial Sales & Service,00010214161002,"R.L. Kistler, Inc", 300 Mile Crossing Blvd.,,Rochester,NY ,14624,USA,rlkistler.com,585-436-1940,"Sales,"
11429,Industrial/Commercial Sales & Service,00010214161002,"R.L. KISTLER, INC.", 35 HAMILTON LANE,,GLENMONT,NY ,12077,USA,,585-436-1940,"Sales,Service,"
11429,Industrial/Commercial Sales & Service,00010001611002,Huntington Power, 68 Enter Ln,,Islandia,NY ,11749,USA,,631-563-4943,"Sales,Service,Up To 2MW,Mobile/Diesel/Gas,"
11429,Industrial/Commercial Sales & Service,00010001611002,Huntington Power, 34 E DUDLEY TOWN RD.,,BLOOMFIELD,CT ,06002,USA,,860-289-8790,"Sales,Service,Rental,"
11429,Industrial/Commercial Sales & Service,00010214161002,"R.L. Kistler, Inc", 5615 Business Ave.,,N. Syracuse,NY ,13208,USA,,315-458-2875,"Sales,"
11429,Industrial/Commercial Sales & Service,00010214161002,"R.L. Kistler, Inc", 5615 Business Ave.,,N. Syracuse,NY ,13208,USA,,315-458-2875,"Sales,"
11429,Industrial/Commercial Sales & Service,00010208021002,Modern Group Power Systems, 2501 Durham Road,,Bristol,PA ,19007,USA,www.moderngroup.com,800-404-7291,"Sales,Service,Up To 2MW,Mobile/Diesel/Gas,Training,Rental,"
11429,Industrial/Commercial Sales & Service,00010001731002,Authorized Services Of New England, 410 Forest Street,,Marlborough,MA ,01752,USA,www.asne.com,888-890-9886,"Financing,Sales,Service,Up To 2MW,Mobile/Diesel/Gas,Training,Rental,"
11429,Industrial/Commercial Sales & Service,00010008091002,MODERN HANDLING EQUIP, 75 NEW STREET,,EDISON,NJ ,08837,USA,www.moderngroup.com,800-779-5116,"Sales,Service,Up To 2MW,Mobile/Diesel/Gas,"
11429,Industrial/Commercial Sales & Service,00010208021002,Modern Group Power Systems, 200 Allied Parkway,,West Berlin,NJ ,08091,USA,,800-404-7291,"Sales,Service,Up To 2MW,Mobile/Diesel/Gas,"
11429,Industrial/Commercial Sales & Service,00010208021002,Modern Group Power Systems, 6352 Chapmans Rd,,Allentown,PA ,18106,USA,,800-404-7291,"Sales,Service,Up To 2MW,Mobile/Diesel/Gas,"
11429,Industrial/Commercial Sales & Service,00010208021002,Modern Group Power Systems, 295 New Commerce Blvd.,,Wilkes Barre,PA ,18706,USA,,800-404-7291,"Sales,Service,Up To 2MW,Mobile/Diesel/Gas,"
11429,Industrial/Commercial Sales & Service,00010208021002,Modern Group Power Systems, 66A South Gate Blvd.,,New Castle,DE ,19720,USA,,800-404-7291,"Sales,Service,Up To 2MW,Mobile/Diesel/Gas,"
11429,Industrial/Commercial Sales & Service,00010000931002,"EMERGENCY POWER SYSTEMS, LLC", 35 HAMILTON LANE,,GLENMONT,NY ,12077,USA,,800-914-1465,"Service,Up To 2MW,Mobile/Diesel/Gas,"
11429,Industrial/Commercial Sales & Service,00010000931002,"EMERGENCY POWER SYSTEMS, LLC", 35 HAMILTON LANE,,GLENMONT,NY ,12077,USA,,800-914-1465,"Service,"
11429,Industrial/Commercial Sales & Service,00010001731002,AUTHORIZED SERVICES OF NEW ENGLAND, 410 FOREST STREET,,MARLBOROUGH,MA ,01752,USA,,888-890-9886,"Sales,"
11429,Industrial/Commercial Sales & Service,00010208021002,Modern Group Power Systems, 3480 Board Road,,York,PA ,17402,USA,,800-404-7291,"Sales,Service,Up To 2MW,Mobile/Diesel/Gas,"
11429,Industrial/Commercial Sales & Service,00010001761002,"GENSERVE, INC.", 100 NEWTOWN RD,,PLAINVIEW,NY ,11803,USA,www.genserveinc.com,631-435-0437,"Service,"
11429,Industrial/Commercial Sales & Service,00111209521002,LONG ISLAND EMERGENCY POWER -QO, 2 Ocean Avenue,,DEER PARK,NY ,11729,USA,,631-586-7513,"Sales,"
11429,Industrial/Commercial Sales & Service,00010139211002,POWERPRO SERVICE CO. INC., 608 JOHNSON AVE. UNIT 6,,BOHEMIA,NY ,11716,USA,,631-567-2700,"Sales,Service,Up To 600kW,Mobile/Diesel/Gas,"
11429,Industrial/Commercial Sales & Service,00111209531002,HUNTINGTON POWER - LONG ISLAND, PO BOX 2040,,SHELTON,CT ,06484,USA,,631-586-7513,"Sales,"
11429,Industrial/Commercial Sales & Service,00010134071002,PEAK POWER SYSTEMS, 99 SPRAGUE AVENUE,,MIDDLETOWN,NY ,10940,USA,www.peakpowersystems.com,845-344-1975,"Sales,Service,Up To 600kW,Mobile/Diesel/Gas,Rental,"
11429,Industrial/Commercial Sales & Service,00010001761002,"GENSERVE, INC.", 115A TWINBRIDGE DR.,,PENNSAUKEN,NJ ,08110,USA,www.genserveinc.com,856-324-0459,"Service,"
11429,Industrial/Commercial Sales & Service,00010001621002,BROOKFIELD SERVICE, 708 GLEBE ROAD,,WESTMORELAND,NH ,03467,USA,www.brookfieldservice.com,802-485-6567,"Service,Up To 600kW,Mobile/Diesel/Gas,"
11429,Industrial/Commercial Sales & Service,00010021101002,SOUTH SHORE GENERATOR INC-Quote, 2696A CRANBERRY HWY,,WAREHAM,MA ,02571,USA,,508-295-7336,"Sales,Service,Up To 600kW,Mobile/Diesel/Gas,"
11429,Industrial/Commercial Sales & Service,00111184131002,HUNTER & LOMISON, 1956 W FOURTH ST,,WILLIAMSPORT,PA ,17701,USA,www.hunterlomison.com,570-326-1764,"Sales,Service,Up To 600kW,Mobile/Diesel/Gas,Rental,"
11429,Industrial/Commercial Sales & Service,00010000881002,HUNTER & LOMISON INC., 1956 W. 4TH STREET,,WILLIAMSPORT,PA ,17701,USA,www.hunterlomison.com,570-326-1764,"Service,Up To 600kW,Mobile/Diesel/Gas,"
11429,Industrial/Commercial Sales & Service,00010001701002,SOUTH SHORE GENERATOR INC, ,,EAST WAREHAM,MA ,02538,USA,,508-295-7336,"Financing,Sales,Service,Up To 600kW,Mobile/Diesel/Gas,"
11429,Industrial/Commercial Sales & Service,00111207431002,WARSHAUER ELECTRIC SUPPLY CO INC, 800 SHREWSBURY AVE,,TINTON FALLS,NJ ,07724,USA,www.warshauer.com,732-741-6400,"Service,"
11429,Industrial/Commercial Sales & Service,00010157021002,Mechanical Service Co, 1145 Oak St.,,Pittston,PA ,18640,USA,,570-654-2445,"Service,"
11430,Industrial/Commercial Sales & Service,00010214161002,"R.L. KISTLER, INC.", 35 HAMILTON LANE,,GLENMONT,NY ,12077,USA,,585-436-1940,"Sales,Service,"
11430,Industrial/Commercial Sales & Service,00010001611002,Huntington Power, 230 Long Hill Cross Rd,,Shelton,CT ,06484,USA,www.huntingtonpower.com,203-929-3203,"Sales,Service,Up To 2MW,Mobile/Diesel/Gas,Training,Rental,"
11430,Industrial/Commercial Sales & Service,00010214161002,"R.L. Kistler, Inc", 300 Mile Crossing Blvd.,,Rochester,NY ,14624,USA,rlkistler.com,585-436-1940,"Sales,"
11430,Industrial/Commercial Sales & Service,00010214161002,"R.L. Kistler, Inc", 5615 Business Ave.,,N. Syracuse,NY ,13208,USA,,315-458-2875,"Sales,"
11430,Industrial/Commercial Sales & Service,00010001611002,Huntington Power, 68 Enter Ln,,Islandia,NY ,11749,USA,,631-563-4943,"Sales,Service,Up To 2MW,Mobile/Diesel/Gas,"
11430,Industrial/Commercial Sales & Service,00010001611002,Huntington Power, 34 E DUDLEY TOWN RD.,,BLOOMFIELD,CT ,06002,USA,,860-289-8790,"Sales,Service,Rental,"
11430,Industrial/Commercial Sales & Service,00010214161002,"R.L. Kistler, Inc", 5615 Business Ave.,,N. Syracuse,NY ,13208,USA,,315-458-2875,"Sales,"
11430,Industrial/Commercial Sales & Service,00010208021002,Modern Group Power Systems, 2501 Durham Road,,Bristol,PA ,19007,USA,www.moderngroup.com,800-404-7291,"Sales,Service,Up To 2MW,Mobile/Diesel/Gas,Training,Rental,"
11430,Industrial/Commercial Sales & Service,00010001731002,Authorized Services Of New England, 410 Forest Street,,Marlborough,MA ,01752,USA,www.asne.com,888-890-9886,"Financing,Sales,Service,Up To 2MW,Mobile/Diesel/Gas,Training,Rental,"
11430,Industrial/Commercial Sales & Service,00010008091002,MODERN HANDLING EQUIP, 75 NEW STREET,,EDISON,NJ ,08837,USA,www.moderngroup.com,800-779-5116,"Sales,Service,Up To 2MW,Mobile/Diesel/Gas,"
11430,Industrial/Commercial Sales & Service,00010208021002,Modern Group Power Systems, 200 Allied Parkway,,West Berlin,NJ ,08091,USA,,800-404-7291,"Sales,Service,Up To 2MW,Mobile/Diesel/Gas,"
11430,Industrial/Commercial Sales & Service,00010208021002,Modern Group Power Systems, 6352 Chapmans Rd,,Allentown,PA ,18106,USA,,800-404-7291,"Sales,Service,Up To 2MW,Mobile/Diesel/Gas,"
11430,Industrial/Commercial Sales & Service,00010208021002,Modern Group Power Systems, 295 New Commerce Blvd.,,Wilkes Barre,PA ,18706,USA,,800-404-7291,"Sales,Service,Up To 2MW,Mobile/Diesel/Gas,"
11430,Industrial/Commercial Sales & Service,00010208021002,Modern Group Power Systems, 66A South Gate Blvd.,,New Castle,DE ,19720,USA,,800-404-7291,"Sales,Service,Up To 2MW,Mobile/Diesel/Gas,"
11430,Industrial/Commercial Sales & Service,00010000931002,"EMERGENCY POWER SYSTEMS, LLC", 35 HAMILTON LANE,,GLENMONT,NY ,12077,USA,,800-914-1465,"Service,Up To 2MW,Mobile/Diesel/Gas,"
11430,Industrial/Commercial Sales & Service,00010000931002,"EMERGENCY POWER SYSTEMS, LLC", 35 HAMILTON LANE,,GLENMONT,NY ,12077,USA,,800-914-1465,"Service,"
11430,Industrial/Commercial Sales & Service,00010208021002,Modern Group Power Systems, 3480 Board Road,,York,PA ,17402,USA,,800-404-7291,"Sales,Service,Up To 2MW,Mobile/Diesel/Gas,"
11430,Industrial/Commercial Sales & Service,00010001731002,AUTHORIZED SERVICES OF NEW ENGLAND, 410 FOREST STREET,,MARLBOROUGH,MA ,01752,USA,,888-890-9886,"Sales,"
11430,Industrial/Commercial Sales & Service,00010001761002,"GENSERVE, INC.", 100 NEWTOWN RD,,PLAINVIEW,NY ,11803,USA,www.genserveinc.com,631-435-0437,"Service,"
11430,Industrial/Commercial Sales & Service,00111209521002,LONG ISLAND EMERGENCY POWER -QO, 2 Ocean Avenue,,DEER PARK,NY ,11729,USA,,631-586-7513,"Sales,"
11430,Industrial/Commercial Sales & Service,00010139211002,POWERPRO SERVICE CO. INC., 608 JOHNSON AVE. UNIT 6,,BOHEMIA,NY ,11716,USA,,631-567-2700,"Sales,Service,Up To 600kW,Mobile/Diesel/Gas,"
11430,Industrial/Commercial Sales & Service,00111209531002,HUNTINGTON POWER - LONG ISLAND, PO BOX 2040,,SHELTON,CT ,06484,USA,,631-586-7513,"Sales,"
11430,Industrial/Commercial Sales & Service,00010134071002,PEAK POWER SYSTEMS, 99 SPRAGUE AVENUE,,MIDDLETOWN,NY ,10940,USA,www.peakpowersystems.com,845-344-1975,"Sales,Service,Up To 600kW,Mobile/Diesel/Gas,Rental,"
11430,Industrial/Commercial Sales & Service,00010001761002,"GENSERVE, INC.", 115A TWINBRIDGE DR.,,PENNSAUKEN,NJ ,08110,USA,www.genserveinc.com,856-324-0459,"Service,"
11430,Industrial/Commercial Sales & Service,00111184131002,HUNTER & LOMISON, 1956 W FOURTH ST,,WILLIAMSPORT,PA ,17701,USA,www.hunterlomison.com,570-326-1764,"Sales,Service,Up To 600kW,Mobile/Diesel/Gas,Rental,"
11430,Industrial/Commercial Sales & Service,00010000881002,HUNTER & LOMISON INC., 1956 W. 4TH STREET,,WILLIAMSPORT,PA ,17701,USA,www.hunterlomison.com,570-326-1764,"Service,Up To 600kW,Mobile/Diesel/Gas,"
11430,Industrial/Commercial Sales & Service,00010001621002,BROOKFIELD SERVICE, 708 GLEBE ROAD,,WESTMORELAND,NH ,03467,USA,www.brookfieldservice.com,802-485-6567,"Service,Up To 600kW,Mobile/Diesel/Gas,"
11430,Industrial/Commercial Sales & Service,00010021101002,SOUTH SHORE GENERATOR INC-Quote, 2696A CRANBERRY HWY,,WAREHAM,MA ,02571,USA,,508-295-7336,"Sales,Service,Up To 600kW,Mobile/Diesel/Gas,"
11430,Industrial/Commercial Sales & Service,00010001701002,SOUTH SHORE GENERATOR INC, ,,EAST WAREHAM,MA ,02538,USA,,508-295-7336,"Financing,Sales,Service,Up To 600kW,Mobile/Diesel/Gas,"
11430,Industrial/Commercial Sales & Service,00111207431002,WARSHAUER ELECTRIC SUPPLY CO INC, 800 SHREWSBURY AVE,,TINTON FALLS,NJ ,07724,USA,www.warshauer.com,732-741-6400,"Service,"
11430,Industrial/Commercial Sales & Service,00010157021002,Mechanical Service Co, 1145 Oak St.,,Pittston,PA ,18640,USA,,570-654-2445,"Service,"
11431,Industrial/Commercial Sales & Service,00010214161002,"R.L. KISTLER, INC.", 35 HAMILTON LANE,,GLENMONT,NY ,12077,USA,,585-436-1940,"Sales,Service,"
11431,Industrial/Commercial Sales & Service,00010214161002,"R.L. Kistler, Inc", 300 Mile Crossing Blvd.,,Rochester,NY ,14624,USA,rlkistler.com,585-436-1940,"Sales,"
11431,Industrial/Commercial Sales & Service,00010001611002,Huntington Power, 230 Long Hill Cross Rd,,Shelton,CT ,06484,USA,www.huntingtonpower.com,203-929-3203,"Sales,Service,Up To 2MW,Mobile/Diesel/Gas,Training,Rental,"
11431,Industrial/Commercial Sales & Service,00010214161002,"R.L. Kistler, Inc", 5615 Business Ave.,,N. Syracuse,NY ,13208,USA,,315-458-2875,"Sales,"
11431,Industrial/Commercial Sales & Service,00010214161002,"R.L. Kistler, Inc", 5615 Business Ave.,,N. Syracuse,NY ,13208,USA,,315-458-2875,"Sales,"
11431,Industrial/Commercial Sales & Service,00010001611002,Huntington Power, 68 Enter Ln,,Islandia,NY ,11749,USA,,631-563-4943,"Sales,Service,Up To 2MW,Mobile/Diesel/Gas,"
11431,Industrial/Commercial Sales & Service,00010001611002,Huntington Power, 34 E DUDLEY TOWN RD.,,BLOOMFIELD,CT ,06002,USA,,860-289-8790,"Sales,Service,Rental,"
11431,Industrial/Commercial Sales & Service,00010208021002,Modern Group Power Systems, 2501 Durham Road,,Bristol,PA ,19007,USA,www.moderngroup.com,800-404-7291,"Sales,Service,Up To 2MW,Mobile/Diesel/Gas,Training,Rental,"
11431,Industrial/Commercial Sales & Service,00010001731002,Authorized Services Of New England, 410 Forest Street,,Marlborough,MA ,01752,USA,www.asne.com,888-890-9886,"Financing,Sales,Service,Up To 2MW,Mobile/Diesel/Gas,Training,Rental,"
11431,Industrial/Commercial Sales & Service,00010008091002,MODERN HANDLING EQUIP, 75 NEW STREET,,EDISON,NJ ,08837,USA,www.moderngroup.com,800-779-5116,"Sales,Service,Up To 2MW,Mobile/Diesel/Gas,"
11431,Industrial/Commercial Sales & Service,00010208021002,Modern Group Power Systems, 200 Allied Parkway,,West Berlin,NJ ,08091,USA,,800-404-7291,"Sales,Service,Up To 2MW,Mobile/Diesel/Gas,"
11431,Industrial/Commercial Sales & Service,00010208021002,Modern Group Power Systems, 6352 Chapmans Rd,,Allentown,PA ,18106,USA,,800-404-7291,"Sales,Service,Up To 2MW,Mobile/Diesel/Gas,"
11431,Industrial/Commercial Sales & Service,00010208021002,Modern Group Power Systems, 295 New Commerce Blvd.,,Wilkes Barre,PA ,18706,USA,,800-404-7291,"Sales,Service,Up To 2MW,Mobile/Diesel/Gas,"
11431,Industrial/Commercial Sales & Service,00010208021002,Modern Group Power Systems, 66A South Gate Blvd.,,New Castle,DE ,19720,USA,,800-404-7291,"Sales,Service,Up To 2MW,Mobile/Diesel/Gas,"
11431,Industrial/Commercial Sales & Service,00010000931002,"EMERGENCY POWER SYSTEMS, LLC", 35 HAMILTON LANE,,GLENMONT,NY ,12077,USA,,800-914-1465,"Service,Up To 2MW,Mobile/Diesel/Gas,"
11431,Industrial/Commercial Sales & Service,00010000931002,"EMERGENCY POWER SYSTEMS, LLC", 35 HAMILTON LANE,,GLENMONT,NY ,12077,USA,,800-914-1465,"Service,"
11431,Industrial/Commercial Sales & Service,00010208021002,Modern Group Power Systems, 3480 Board Road,,York,PA ,17402,USA,,800-404-7291,"Sales,Service,Up To 2MW,Mobile/Diesel/Gas,"
11431,Industrial/Commercial Sales & Service,00010001731002,AUTHORIZED SERVICES OF NEW ENGLAND, 410 FOREST STREET,,MARLBOROUGH,MA ,01752,USA,,888-890-9886,"Sales,"
11431,Industrial/Commercial Sales & Service,00010001761002,"GENSERVE, INC.", 100 NEWTOWN RD,,PLAINVIEW,NY ,11803,USA,www.genserveinc.com,631-435-0437,"Service,"
11431,Industrial/Commercial Sales & Service,00111209521002,LONG ISLAND EMERGENCY POWER -QO, 2 Ocean Avenue,,DEER PARK,NY ,11729,USA,,631-586-7513,"Sales,"
11431,Industrial/Commercial Sales & Service,00010139211002,POWERPRO SERVICE CO. INC., 608 JOHNSON AVE. UNIT 6,,BOHEMIA,NY ,11716,USA,,631-567-2700,"Sales,Service,Up To 600kW,Mobile/Diesel/Gas,"
11431,Industrial/Commercial Sales & Service,00111209531002,HUNTINGTON POWER - LONG ISLAND, PO BOX 2040,,SHELTON,CT ,06484,USA,,631-586-7513,"Sales,"
11431,Industrial/Commercial Sales & Service,00010134071002,PEAK POWER SYSTEMS, 99 SPRAGUE AVENUE,,MIDDLETOWN,NY ,10940,USA,www.peakpowersystems.com,845-344-1975,"Sales,Service,Up To 600kW,Mobile/Diesel/Gas,Rental,"
11431,Industrial/Commercial Sales & Service,00010001761002,"GENSERVE, INC.", 115A TWINBRIDGE DR.,,PENNSAUKEN,NJ ,08110,USA,www.genserveinc.com,856-324-0459,"Service,"
11431,Industrial/Commercial Sales & Service,00010001621002,BROOKFIELD SERVICE, 708 GLEBE ROAD,,WESTMORELAND,NH ,03467,USA,www.brookfieldservice.com,802-485-6567,"Service,Up To 600kW,Mobile/Diesel/Gas,"
11431,Industrial/Commercial Sales & Service,00111184131002,HUNTER & LOMISON, 1956 W FOURTH ST,,WILLIAMSPORT,PA ,17701,USA,www.hunterlomison.com,570-326-1764,"Sales,Service,Up To 600kW,Mobile/Diesel/Gas,Rental,"
11431,Industrial/Commercial Sales & Service,00010000881002,HUNTER & LOMISON INC., 1956 W. 4TH STREET,,WILLIAMSPORT,PA ,17701,USA,www.hunterlomison.com,570-326-1764,"Service,Up To 600kW,Mobile/Diesel/Gas,"
11431,Industrial/Commercial Sales & Service,00010021101002,SOUTH SHORE GENERATOR INC-Quote, 2696A CRANBERRY HWY,,WAREHAM,MA ,02571,USA,,508-295-7336,"Sales,Service,Up To 600kW,Mobile/Diesel/Gas,"
11431,Industrial/Commercial Sales & Service,00010001701002,SOUTH SHORE GENERATOR INC, ,,EAST WAREHAM,MA ,02538,USA,,508-295-7336,"Financing,Sales,Service,Up To 600kW,Mobile/Diesel/Gas,"
11431,Industrial/Commercial Sales & Service,00111207431002,WARSHAUER ELECTRIC SUPPLY CO INC, 800 SHREWSBURY AVE,,TINTON FALLS,NJ ,07724,USA,www.warshauer.com,732-741-6400,"Service,"
11431,Industrial/Commercial Sales & Service,00010157021002,Mechanical Service Co, 1145 Oak St.,,Pittston,PA ,18640,USA,,570-654-2445,"Service,"
11432,Industrial/Commercial Sales & Service,00010214161002,"R.L. Kistler, Inc", 300 Mile Crossing Blvd.,,Rochester,NY ,14624,USA,rlkistler.com,585-436-1940,"Sales,"
11432,Industrial/Commercial Sales & Service,00010001611002,Huntington Power, 230 Long Hill Cross Rd,,Shelton,CT ,06484,USA,www.huntingtonpower.com,203-929-3203,"Sales,Service,Up To 2MW,Mobile/Diesel/Gas,Training,Rental,"
11432,Industrial/Commercial Sales & Service,00010214161002,"R.L. KISTLER, INC.", 35 HAMILTON LANE,,GLENMONT,NY ,12077,USA,,585-436-1940,"Sales,Service,"
11432,Industrial/Commercial Sales & Service,00010214161002,"R.L. Kistler, Inc", 5615 Business Ave.,,N. Syracuse,NY ,13208,USA,,315-458-2875,"Sales,"
11432,Industrial/Commercial Sales & Service,00010001611002,Huntington Power, 68 Enter Ln,,Islandia,NY ,11749,USA,,631-563-4943,"Sales,Service,Up To 2MW,Mobile/Diesel/Gas,"
11432,Industrial/Commercial Sales & Service,00010001611002,Huntington Power, 34 E DUDLEY TOWN RD.,,BLOOMFIELD,CT ,06002,USA,,860-289-8790,"Sales,Service,Rental,"
11432,Industrial/Commercial Sales & Service,00010214161002,"R.L. Kistler, Inc", 5615 Business Ave.,,N. Syracuse,NY ,13208,USA,,315-458-2875,"Sales,"
11432,Industrial/Commercial Sales & Service,00010208021002,Modern Group Power Systems, 2501 Durham Road,,Bristol,PA ,19007,USA,www.moderngroup.com,800-404-7291,"Sales,Service,Up To 2MW,Mobile/Diesel/Gas,Training,Rental,"
11432,Industrial/Commercial Sales & Service,00010001731002,Authorized Services Of New England, 410 Forest Street,,Marlborough,MA ,01752,USA,www.asne.com,888-890-9886,"Financing,Sales,Service,Up To 2MW,Mobile/Diesel/Gas,Training,Rental,"
11432,Industrial/Commercial Sales & Service,00010008091002,MODERN HANDLING EQUIP, 75 NEW STREET,,EDISON,NJ ,08837,USA,www.moderngroup.com,800-779-5116,"Sales,Service,Up To 2MW,Mobile/Diesel/Gas,"
11432,Industrial/Commercial Sales & Service,00010208021002,Modern Group Power Systems, 200 Allied Parkway,,West Berlin,NJ ,08091,USA,,800-404-7291,"Sales,Service,Up To 2MW,Mobile/Diesel/Gas,"
11432,Industrial/Commercial Sales & Service,00010208021002,Modern Group Power Systems, 6352 Chapmans Rd,,Allentown,PA ,18106,USA,,800-404-7291,"Sales,Service,Up To 2MW,Mobile/Diesel/Gas,"
11432,Industrial/Commercial Sales & Service,00010208021002,Modern Group Power Systems, 295 New Commerce Blvd.,,Wilkes Barre,PA ,18706,USA,,800-404-7291,"Sales,Service,Up To 2MW,Mobile/Diesel/Gas,"
11432,Industrial/Commercial Sales & Service,00010208021002,Modern Group Power Systems, 66A South Gate Blvd.,,New Castle,DE ,19720,USA,,800-404-7291,"Sales,Service,Up To 2MW,Mobile/Diesel/Gas,"
11432,Industrial/Commercial Sales & Service,00010000931002,"EMERGENCY POWER SYSTEMS, LLC", 35 HAMILTON LANE,,GLENMONT,NY ,12077,USA,,800-914-1465,"Service,Up To 2MW,Mobile/Diesel/Gas,"
11432,Industrial/Commercial Sales & Service,00010000931002,"EMERGENCY POWER SYSTEMS, LLC", 35 HAMILTON LANE,,GLENMONT,NY ,12077,USA,,800-914-1465,"Service,"
11432,Industrial/Commercial Sales & Service,00010208021002,Modern Group Power Systems, 3480 Board Road,,York,PA ,17402,USA,,800-404-7291,"Sales,Service,Up To 2MW,Mobile/Diesel/Gas,"
11432,Industrial/Commercial Sales & Service,00010001731002,AUTHORIZED SERVICES OF NEW ENGLAND, 410 FOREST STREET,,MARLBOROUGH,MA ,01752,USA,,888-890-9886,"Sales,"
11432,Industrial/Commercial Sales & Service,00010001761002,"GENSERVE, INC.", 100 NEWTOWN RD,,PLAINVIEW,NY ,11803,USA,www.genserveinc.com,631-435-0437,"Service,"
11432,Industrial/Commercial Sales & Service,00111209521002,LONG ISLAND EMERGENCY POWER -QO, 2 Ocean Avenue,,DEER PARK,NY ,11729,USA,,631-586-7513,"Sales,"
11432,Industrial/Commercial Sales & Service,00010139211002,POWERPRO SERVICE CO. INC., 608 JOHNSON AVE. UNIT 6,,BOHEMIA,NY ,11716,USA,,631-567-2700,"Sales,Service,Up To 600kW,Mobile/Diesel/Gas,"
11432,Industrial/Commercial Sales & Service,00111209531002,HUNTINGTON POWER - LONG ISLAND, PO BOX 2040,,SHELTON,CT ,06484,USA,,631-586-7513,"Sales,"
11432,Industrial/Commercial Sales & Service,00010134071002,PEAK POWER SYSTEMS, 99 SPRAGUE AVENUE,,MIDDLETOWN,NY ,10940,USA,www.peakpowersystems.com,845-344-1975,"Sales,Service,Up To 600kW,Mobile/Diesel/Gas,Rental,"
11432,Industrial/Commercial Sales & Service,00010001761002,"GENSERVE, INC.", 115A TWINBRIDGE DR.,,PENNSAUKEN,NJ ,08110,USA,www.genserveinc.com,856-324-0459,"Service,"
11432,Industrial/Commercial Sales & Service,00010001621002,BROOKFIELD SERVICE, 708 GLEBE ROAD,,WESTMORELAND,NH ,03467,USA,www.brookfieldservice.com,802-485-6567,"Service,Up To 600kW,Mobile/Diesel/Gas,"
11432,Industrial/Commercial Sales & Service,00111184131002,HUNTER & LOMISON, 1956 W FOURTH ST,,WILLIAMSPORT,PA ,17701,USA,www.hunterlomison.com,570-326-1764,"Sales,Service,Up To 600kW,Mobile/Diesel/Gas,Rental,"
11432,Industrial/Commercial Sales & Service,00010000881002,HUNTER & LOMISON INC., 1956 W. 4TH STREET,,WILLIAMSPORT,PA ,17701,USA,www.hunterlomison.com,570-326-1764,"Service,Up To 600kW,Mobile/Diesel/Gas,"
11432,Industrial/Commercial Sales & Service,00010021101002,SOUTH SHORE GENERATOR INC-Quote, 2696A CRANBERRY HWY,,WAREHAM,MA ,02571,USA,,508-295-7336,"Sales,Service,Up To 600kW,Mobile/Diesel/Gas,"
11432,Industrial/Commercial Sales & Service,00010001701002,SOUTH SHORE GENERATOR INC, ,,EAST WAREHAM,MA ,02538,USA,,508-295-7336,"Financing,Sales,Service,Up To 600kW,Mobile/Diesel/Gas,"
11432,Industrial/Commercial Sales & Service,00111207431002,WARSHAUER ELECTRIC SUPPLY CO INC, 800 SHREWSBURY AVE,,TINTON FALLS,NJ ,07724,USA,www.warshauer.com,732-741-6400,"Service,"
11432,Industrial/Commercial Sales & Service,00010157021002,Mechanical Service Co, 1145 Oak St.,,Pittston,PA ,18640,USA,,570-654-2445,"Service,"
11433,Industrial/Commercial Sales & Service,00010001611002,Huntington Power, 230 Long Hill Cross Rd,,Shelton,CT ,06484,USA,www.huntingtonpower.com,203-929-3203,"Sales,Service,Up To 2MW,Mobile/Diesel/Gas,Training,Rental,"
11433,Industrial/Commercial Sales & Service,00010214161002,"R.L. KISTLER, INC.", 35 HAMILTON LANE,,GLENMONT,NY ,12077,USA,,585-436-1940,"Sales,Service,"
11433,Industrial/Commercial Sales & Service,00010214161002,"R.L. Kistler, Inc", 300 Mile Crossing Blvd.,,Rochester,NY ,14624,USA,rlkistler.com,585-436-1940,"Sales,"
11433,Industrial/Commercial Sales & Service,00010001611002,Huntington Power, 68 Enter Ln,,Islandia,NY ,11749,USA,,631-563-4943,"Sales,Service,Up To 2MW,Mobile/Diesel/Gas,"
11433,Industrial/Commercial Sales & Service,00010001611002,Huntington Power, 34 E DUDLEY TOWN RD.,,BLOOMFIELD,CT ,06002,USA,,860-289-8790,"Sales,Service,Rental,"
11433,Industrial/Commercial Sales & Service,00010214161002,"R.L. Kistler, Inc", 5615 Business Ave.,,N. Syracuse,NY ,13208,USA,,315-458-2875,"Sales,"
11433,Industrial/Commercial Sales & Service,00010214161002,"R.L. Kistler, Inc", 5615 Business Ave.,,N. Syracuse,NY ,13208,USA,,315-458-2875,"Sales,"
11433,Industrial/Commercial Sales & Service,00010208021002,Modern Group Power Systems, 2501 Durham Road,,Bristol,PA ,19007,USA,www.moderngroup.com,800-404-7291,"Sales,Service,Up To 2MW,Mobile/Diesel/Gas,Training,Rental,"
11433,Industrial/Commercial Sales & Service,00010001731002,Authorized Services Of New England, 410 Forest Street,,Marlborough,MA ,01752,USA,www.asne.com,888-890-9886,"Financing,Sales,Service,Up To 2MW,Mobile/Diesel/Gas,Training,Rental,"
11433,Industrial/Commercial Sales & Service,00010008091002,MODERN HANDLING EQUIP, 75 NEW STREET,,EDISON,NJ ,08837,USA,www.moderngroup.com,800-779-5116,"Sales,Service,Up To 2MW,Mobile/Diesel/Gas,"
11433,Industrial/Commercial Sales & Service,00010208021002,Modern Group Power Systems, 200 Allied Parkway,,West Berlin,NJ ,08091,USA,,800-404-7291,"Sales,Service,Up To 2MW,Mobile/Diesel/Gas,"
11433,Industrial/Commercial Sales & Service,00010208021002,Modern Group Power Systems, 6352 Chapmans Rd,,Allentown,PA ,18106,USA,,800-404-7291,"Sales,Service,Up To 2MW,Mobile/Diesel/Gas,"
11433,Industrial/Commercial Sales & Service,00010208021002,Modern Group Power Systems, 295 New Commerce Blvd.,,Wilkes Barre,PA ,18706,USA,,800-404-7291,"Sales,Service,Up To 2MW,Mobile/Diesel/Gas,"
11433,Industrial/Commercial Sales & Service,00010208021002,Modern Group Power Systems, 66A South Gate Blvd.,,New Castle,DE ,19720,USA,,800-404-7291,"Sales,Service,Up To 2MW,Mobile/Diesel/Gas,"
11433,Industrial/Commercial Sales & Service,00010000931002,"EMERGENCY POWER SYSTEMS, LLC", 35 HAMILTON LANE,,GLENMONT,NY ,12077,USA,,800-914-1465,"Service,Up To 2MW,Mobile/Diesel/Gas,"
11433,Industrial/Commercial Sales & Service,00010000931002,"EMERGENCY POWER SYSTEMS, LLC", 35 HAMILTON LANE,,GLENMONT,NY ,12077,USA,,800-914-1465,"Service,"
11433,Industrial/Commercial Sales & Service,00010208021002,Modern Group Power Systems, 3480 Board Road,,York,PA ,17402,USA,,800-404-7291,"Sales,Service,Up To 2MW,Mobile/Diesel/Gas,"
11433,Industrial/Commercial Sales & Service,00010001731002,AUTHORIZED SERVICES OF NEW ENGLAND, 410 FOREST STREET,,MARLBOROUGH,MA ,01752,USA,,888-890-9886,"Sales,"
11433,Industrial/Commercial Sales & Service,00010001761002,"GENSERVE, INC.", 100 NEWTOWN RD,,PLAINVIEW,NY ,11803,USA,www.genserveinc.com,631-435-0437,"Service,"
11433,Industrial/Commercial Sales & Service,00111209521002,LONG ISLAND EMERGENCY POWER -QO, 2 Ocean Avenue,,DEER PARK,NY ,11729,USA,,631-586-7513,"Sales,"
11433,Industrial/Commercial Sales & Service,00010139211002,POWERPRO SERVICE CO. INC., 608 JOHNSON AVE. UNIT 6,,BOHEMIA,NY ,11716,USA,,631-567-2700,"Sales,Service,Up To 600kW,Mobile/Diesel/Gas,"
11433,Industrial/Commercial Sales & Service,00111209531002,HUNTINGTON POWER - LONG ISLAND, PO BOX 2040,,SHELTON,CT ,06484,USA,,631-586-7513,"Sales,"
11433,Industrial/Commercial Sales & Service,00010134071002,PEAK POWER SYSTEMS, 99 SPRAGUE AVENUE,,MIDDLETOWN,NY ,10940,USA,www.peakpowersystems.com,845-344-1975,"Sales,Service,Up To 600kW,Mobile/Diesel/Gas,Rental,"
11433,Industrial/Commercial Sales & Service,00010001761002,"GENSERVE, INC.", 115A TWINBRIDGE DR.,,PENNSAUKEN,NJ ,08110,USA,www.genserveinc.com,856-324-0459,"Service,"
11433,Industrial/Commercial Sales & Service,00010001621002,BROOKFIELD SERVICE, 708 GLEBE ROAD,,WESTMORELAND,NH ,03467,USA,www.brookfieldservice.com,802-485-6567,"Service,Up To 600kW,Mobile/Diesel/Gas,"
11433,Industrial/Commercial Sales & Service,00111184131002,HUNTER & LOMISON, 1956 W FOURTH ST,,WILLIAMSPORT,PA ,17701,USA,www.hunterlomison.com,570-326-1764,"Sales,Service,Up To 600kW,Mobile/Diesel/Gas,Rental,"
11433,Industrial/Commercial Sales & Service,00010000881002,HUNTER & LOMISON INC., 1956 W. 4TH STREET,,WILLIAMSPORT,PA ,17701,USA,www.hunterlomison.com,570-326-1764,"Service,Up To 600kW,Mobile/Diesel/Gas,"
11433,Industrial/Commercial Sales & Service,00010021101002,SOUTH SHORE GENERATOR INC-Quote, 2696A CRANBERRY HWY,,WAREHAM,MA ,02571,USA,,508-295-7336,"Sales,Service,Up To 600kW,Mobile/Diesel/Gas,"
11433,Industrial/Commercial Sales & Service,00010001701002,SOUTH SHORE GENERATOR INC, ,,EAST WAREHAM,MA ,02538,USA,,508-295-7336,"Financing,Sales,Service,Up To 600kW,Mobile/Diesel/Gas,"
11433,Industrial/Commercial Sales & Service,00111207431002,WARSHAUER ELECTRIC SUPPLY CO INC, 800 SHREWSBURY AVE,,TINTON FALLS,NJ ,07724,USA,www.warshauer.com,732-741-6400,"Service,"
11433,Industrial/Commercial Sales & Service,00010157021002,Mechanical Service Co, 1145 Oak St.,,Pittston,PA ,18640,USA,,570-654-2445,"Service,"
11434,Industrial/Commercial Sales & Service,00010001611002,Huntington Power, 230 Long Hill Cross Rd,,Shelton,CT ,06484,USA,www.huntingtonpower.com,203-929-3203,"Sales,Service,Up To 2MW,Mobile/Diesel/Gas,Training,Rental,"
11434,Industrial/Commercial Sales & Service,00010214161002,"R.L. KISTLER, INC.", 35 HAMILTON LANE,,GLENMONT,NY ,12077,USA,,585-436-1940,"Sales,Service,"
11434,Industrial/Commercial Sales & Service,00010214161002,"R.L. Kistler, Inc", 300 Mile Crossing Blvd.,,Rochester,NY ,14624,USA,rlkistler.com,585-436-1940,"Sales,"
11434,Industrial/Commercial Sales & Service,00010001611002,Huntington Power, 68 Enter Ln,,Islandia,NY ,11749,USA,,631-563-4943,"Sales,Service,Up To 2MW,Mobile/Diesel/Gas,"
11434,Industrial/Commercial Sales & Service,00010001611002,Huntington Power, 34 E DUDLEY TOWN RD.,,BLOOMFIELD,CT ,06002,USA,,860-289-8790,"Sales,Service,Rental,"
11434,Industrial/Commercial Sales & Service,00010214161002,"R.L. Kistler, Inc", 5615 Business Ave.,,N. Syracuse,NY ,13208,USA,,315-458-2875,"Sales,"
11434,Industrial/Commercial Sales & Service,00010214161002,"R.L. Kistler, Inc", 5615 Business Ave.,,N. Syracuse,NY ,13208,USA,,315-458-2875,"Sales,"
11434,Industrial/Commercial Sales & Service,00010208021002,Modern Group Power Systems, 2501 Durham Road,,Bristol,PA ,19007,USA,www.moderngroup.com,800-404-7291,"Sales,Service,Up To 2MW,Mobile/Diesel/Gas,Training,Rental,"
11434,Industrial/Commercial Sales & Service,00010001731002,Authorized Services Of New England, 410 Forest Street,,Marlborough,MA ,01752,USA,www.asne.com,888-890-9886,"Financing,Sales,Service,Up To 2MW,Mobile/Diesel/Gas,Training,Rental,"
11434,Industrial/Commercial Sales & Service,00010008091002,MODERN HANDLING EQUIP, 75 NEW STREET,,EDISON,NJ ,08837,USA,www.moderngroup.com,800-779-5116,"Sales,Service,Up To 2MW,Mobile/Diesel/Gas,"
11434,Industrial/Commercial Sales & Service,00010208021002,Modern Group Power Systems, 200 Allied Parkway,,West Berlin,NJ ,08091,USA,,800-404-7291,"Sales,Service,Up To 2MW,Mobile/Diesel/Gas,"
11434,Industrial/Commercial Sales & Service,00010208021002,Modern Group Power Systems, 6352 Chapmans Rd,,Allentown,PA ,18106,USA,,800-404-7291,"Sales,Service,Up To 2MW,Mobile/Diesel/Gas,"
11434,Industrial/Commercial Sales & Service,00010208021002,Modern Group Power Systems, 295 New Commerce Blvd.,,Wilkes Barre,PA ,18706,USA,,800-404-7291,"Sales,Service,Up To 2MW,Mobile/Diesel/Gas,"
11434,Industrial/Commercial Sales & Service,00010208021002,Modern Group Power Systems, 66A South Gate Blvd.,,New Castle,DE ,19720,USA,,800-404-7291,"Sales,Service,Up To 2MW,Mobile/Diesel/Gas,"
11434,Industrial/Commercial Sales & Service,00010000931002,"EMERGENCY POWER SYSTEMS, LLC", 35 HAMILTON LANE,,GLENMONT,NY ,12077,USA,,800-914-1465,"Service,Up To 2MW,Mobile/Diesel/Gas,"
11434,Industrial/Commercial Sales & Service,00010000931002,"EMERGENCY POWER SYSTEMS, LLC", 35 HAMILTON LANE,,GLENMONT,NY ,12077,USA,,800-914-1465,"Service,"
11434,Industrial/Commercial Sales & Service,00010208021002,Modern Group Power Systems, 3480 Board Road,,York,PA ,17402,USA,,800-404-7291,"Sales,Service,Up To 2MW,Mobile/Diesel/Gas,"
11434,Industrial/Commercial Sales & Service,00010001731002,AUTHORIZED SERVICES OF NEW ENGLAND, 410 FOREST STREET,,MARLBOROUGH,MA ,01752,USA,,888-890-9886,"Sales,"
11434,Industrial/Commercial Sales & Service,00010001761002,"GENSERVE, INC.", 100 NEWTOWN RD,,PLAINVIEW,NY ,11803,USA,www.genserveinc.com,631-435-0437,"Service,"
11434,Industrial/Commercial Sales & Service,00111209521002,LONG ISLAND EMERGENCY POWER -QO, 2 Ocean Avenue,,DEER PARK,NY ,11729,USA,,631-586-7513,"Sales,"
11434,Industrial/Commercial Sales & Service,00010139211002,POWERPRO SERVICE CO. INC., 608 JOHNSON AVE. UNIT 6,,BOHEMIA,NY ,11716,USA,,631-567-2700,"Sales,Service,Up To 600kW,Mobile/Diesel/Gas,"
11434,Industrial/Commercial Sales & Service,00111209531002,HUNTINGTON POWER - LONG ISLAND, PO BOX 2040,,SHELTON,CT ,06484,USA,,631-586-7513,"Sales,"
11434,Industrial/Commercial Sales & Service,00010134071002,PEAK POWER SYSTEMS, 99 SPRAGUE AVENUE,,MIDDLETOWN,NY ,10940,USA,www.peakpowersystems.com,845-344-1975,"Sales,Service,Up To 600kW,Mobile/Diesel/Gas,Rental,"
11434,Industrial/Commercial Sales & Service,00010001761002,"GENSERVE, INC.", 115A TWINBRIDGE DR.,,PENNSAUKEN,NJ ,08110,USA,www.genserveinc.com,856-324-0459,"Service,"
11434,Industrial/Commercial Sales & Service,00010001621002,BROOKFIELD SERVICE, 708 GLEBE ROAD,,WESTMORELAND,NH ,03467,USA,www.brookfieldservice.com,802-485-6567,"Service,Up To 600kW,Mobile/Diesel/Gas,"
11434,Industrial/Commercial Sales & Service,00111184131002,HUNTER & LOMISON, 1956 W FOURTH ST,,WILLIAMSPORT,PA ,17701,USA,www.hunterlomison.com,570-326-1764,"Sales,Service,Up To 600kW,Mobile/Diesel/Gas,Rental,"
11434,Industrial/Commercial Sales & Service,00010000881002,HUNTER & LOMISON INC., 1956 W. 4TH STREET,,WILLIAMSPORT,PA ,17701,USA,www.hunterlomison.com,570-326-1764,"Service,Up To 600kW,Mobile/Diesel/Gas,"
11434,Industrial/Commercial Sales & Service,00010021101002,SOUTH SHORE GENERATOR INC-Quote, 2696A CRANBERRY HWY,,WAREHAM,MA ,02571,USA,,508-295-7336,"Sales,Service,Up To 600kW,Mobile/Diesel/Gas,"
11434,Industrial/Commercial Sales & Service,00010001701002,SOUTH SHORE GENERATOR INC, ,,EAST WAREHAM,MA ,02538,USA,,508-295-7336,"Financing,Sales,Service,Up To 600kW,Mobile/Diesel/Gas,"
11434,Industrial/Commercial Sales & Service,00111207431002,WARSHAUER ELECTRIC SUPPLY CO INC, 800 SHREWSBURY AVE,,TINTON FALLS,NJ ,07724,USA,www.warshauer.com,732-741-6400,"Service,"
11434,Industrial/Commercial Sales & Service,00010157021002,Mechanical Service Co, 1145 Oak St.,,Pittston,PA ,18640,USA,,570-654-2445,"Service,"
11435,Industrial/Commercial Sales & Service,00010214161002,"R.L. Kistler, Inc", 300 Mile Crossing Blvd.,,Rochester,NY ,14624,USA,rlkistler.com,585-436-1940,"Sales,"
11435,Industrial/Commercial Sales & Service,00010001611002,Huntington Power, 230 Long Hill Cross Rd,,Shelton,CT ,06484,USA,www.huntingtonpower.com,203-929-3203,"Sales,Service,Up To 2MW,Mobile/Diesel/Gas,Training,Rental,"
11435,Industrial/Commercial Sales & Service,00010214161002,"R.L. KISTLER, INC.", 35 HAMILTON LANE,,GLENMONT,NY ,12077,USA,,585-436-1940,"Sales,Service,"
11435,Industrial/Commercial Sales & Service,00010214161002,"R.L. Kistler, Inc", 5615 Business Ave.,,N. Syracuse,NY ,13208,USA,,315-458-2875,"Sales,"
11435,Industrial/Commercial Sales & Service,00010001611002,Huntington Power, 68 Enter Ln,,Islandia,NY ,11749,USA,,631-563-4943,"Sales,Service,Up To 2MW,Mobile/Diesel/Gas,"
11435,Industrial/Commercial Sales & Service,00010001611002,Huntington Power, 34 E DUDLEY TOWN RD.,,BLOOMFIELD,CT ,06002,USA,,860-289-8790,"Sales,Service,Rental,"
11435,Industrial/Commercial Sales & Service,00010214161002,"R.L. Kistler, Inc", 5615 Business Ave.,,N. Syracuse,NY ,13208,USA,,315-458-2875,"Sales,"
11435,Industrial/Commercial Sales & Service,00010208021002,Modern Group Power Systems, 2501 Durham Road,,Bristol,PA ,19007,USA,www.moderngroup.com,800-404-7291,"Sales,Service,Up To 2MW,Mobile/Diesel/Gas,Training,Rental,"
11435,Industrial/Commercial Sales & Service,00010001731002,Authorized Services Of New England, 410 Forest Street,,Marlborough,MA ,01752,USA,www.asne.com,888-890-9886,"Financing,Sales,Service,Up To 2MW,Mobile/Diesel/Gas,Training,Rental,"
11435,Industrial/Commercial Sales & Service,00010008091002,MODERN HANDLING EQUIP, 75 NEW STREET,,EDISON,NJ ,08837,USA,www.moderngroup.com,800-779-5116,"Sales,Service,Up To 2MW,Mobile/Diesel/Gas,"
11435,Industrial/Commercial Sales & Service,00010208021002,Modern Group Power Systems, 200 Allied Parkway,,West Berlin,NJ ,08091,USA,,800-404-7291,"Sales,Service,Up To 2MW,Mobile/Diesel/Gas,"
11435,Industrial/Commercial Sales & Service,00010208021002,Modern Group Power Systems, 6352 Chapmans Rd,,Allentown,PA ,18106,USA,,800-404-7291,"Sales,Service,Up To 2MW,Mobile/Diesel/Gas,"
11435,Industrial/Commercial Sales & Service,00010208021002,Modern Group Power Systems, 295 New Commerce Blvd.,,Wilkes Barre,PA ,18706,USA,,800-404-7291,"Sales,Service,Up To 2MW,Mobile/Diesel/Gas,"
11435,Industrial/Commercial Sales & Service,00010208021002,Modern Group Power Systems, 66A South Gate Blvd.,,New Castle,DE ,19720,USA,,800-404-7291,"Sales,Service,Up To 2MW,Mobile/Diesel/Gas,"
11435,Industrial/Commercial Sales & Service,00010000931002,"EMERGENCY POWER SYSTEMS, LLC", 35 HAMILTON LANE,,GLENMONT,NY ,12077,USA,,800-914-1465,"Service,Up To 2MW,Mobile/Diesel/Gas,"
11435,Industrial/Commercial Sales & Service,00010000931002,"EMERGENCY POWER SYSTEMS, LLC", 35 HAMILTON LANE,,GLENMONT,NY ,12077,USA,,800-914-1465,"Service,"
11435,Industrial/Commercial Sales & Service,00010208021002,Modern Group Power Systems, 3480 Board Road,,York,PA ,17402,USA,,800-404-7291,"Sales,Service,Up To 2MW,Mobile/Diesel/Gas,"
11435,Industrial/Commercial Sales & Service,00010001731002,AUTHORIZED SERVICES OF NEW ENGLAND, 410 FOREST STREET,,MARLBOROUGH,MA ,01752,USA,,888-890-9886,"Sales,"
11435,Industrial/Commercial Sales & Service,00010001761002,"GENSERVE, INC.", 100 NEWTOWN RD,,PLAINVIEW,NY ,11803,USA,www.genserveinc.com,631-435-0437,"Service,"
11435,Industrial/Commercial Sales & Service,00111209521002,LONG ISLAND EMERGENCY POWER -QO, 2 Ocean Avenue,,DEER PARK,NY ,11729,USA,,631-586-7513,"Sales,"
11435,Industrial/Commercial Sales & Service,00010139211002,POWERPRO SERVICE CO. INC., 608 JOHNSON AVE. UNIT 6,,BOHEMIA,NY ,11716,USA,,631-567-2700,"Sales,Service,Up To 600kW,Mobile/Diesel/Gas,"
11435,Industrial/Commercial Sales & Service,00111209531002,HUNTINGTON POWER - LONG ISLAND, PO BOX 2040,,SHELTON,CT ,06484,USA,,631-586-7513,"Sales,"
11435,Industrial/Commercial Sales & Service,00010134071002,PEAK POWER SYSTEMS, 99 SPRAGUE AVENUE,,MIDDLETOWN,NY ,10940,USA,www.peakpowersystems.com,845-344-1975,"Sales,Service,Up To 600kW,Mobile/Diesel/Gas,Rental,"
11435,Industrial/Commercial Sales & Service,00010001761002,"GENSERVE, INC.", 115A TWINBRIDGE DR.,,PENNSAUKEN,NJ ,08110,USA,www.genserveinc.com,856-324-0459,"Service,"
11435,Industrial/Commercial Sales & Service,00010001621002,BROOKFIELD SERVICE, 708 GLEBE ROAD,,WESTMORELAND,NH ,03467,USA,www.brookfieldservice.com,802-485-6567,"Service,Up To 600kW,Mobile/Diesel/Gas,"
11435,Industrial/Commercial Sales & Service,00111184131002,HUNTER & LOMISON, 1956 W FOURTH ST,,WILLIAMSPORT,PA ,17701,USA,www.hunterlomison.com,570-326-1764,"Sales,Service,Up To 600kW,Mobile/Diesel/Gas,Rental,"
11435,Industrial/Commercial Sales & Service,00010000881002,HUNTER & LOMISON INC., 1956 W. 4TH STREET,,WILLIAMSPORT,PA ,17701,USA,www.hunterlomison.com,570-326-1764,"Service,Up To 600kW,Mobile/Diesel/Gas,"
11435,Industrial/Commercial Sales & Service,00010021101002,SOUTH SHORE GENERATOR INC-Quote, 2696A CRANBERRY HWY,,WAREHAM,MA ,02571,USA,,508-295-7336,"Sales,Service,Up To 600kW,Mobile/Diesel/Gas,"
11435,Industrial/Commercial Sales & Service,00010001701002,SOUTH SHORE GENERATOR INC, ,,EAST WAREHAM,MA ,02538,USA,,508-295-7336,"Financing,Sales,Service,Up To 600kW,Mobile/Diesel/Gas,"
11435,Industrial/Commercial Sales & Service,00111207431002,WARSHAUER ELECTRIC SUPPLY CO INC, 800 SHREWSBURY AVE,,TINTON FALLS,NJ ,07724,USA,www.warshauer.com,732-741-6400,"Service,"
11435,Industrial/Commercial Sales & Service,00010157021002,Mechanical Service Co, 1145 Oak St.,,Pittston,PA ,18640,USA,,570-654-2445,"Service,"
11436,Industrial/Commercial Sales & Service,00010214161002,"R.L. KISTLER, INC.", 35 HAMILTON LANE,,GLENMONT,NY ,12077,USA,,585-436-1940,"Sales,Service,"
11436,Industrial/Commercial Sales & Service,00010214161002,"R.L. Kistler, Inc", 300 Mile Crossing Blvd.,,Rochester,NY ,14624,USA,rlkistler.com,585-436-1940,"Sales,"
11436,Industrial/Commercial Sales & Service,00010001611002,Huntington Power, 230 Long Hill Cross Rd,,Shelton,CT ,06484,USA,www.huntingtonpower.com,203-929-3203,"Sales,Service,Up To 2MW,Mobile/Diesel/Gas,Training,Rental,"
11436,Industrial/Commercial Sales & Service,00010214161002,"R.L. Kistler, Inc", 5615 Business Ave.,,N. Syracuse,NY ,13208,USA,,315-458-2875,"Sales,"
11436,Industrial/Commercial Sales & Service,00010214161002,"R.L. Kistler, Inc", 5615 Business Ave.,,N. Syracuse,NY ,13208,USA,,315-458-2875,"Sales,"
11436,Industrial/Commercial Sales & Service,00010001611002,Huntington Power, 68 Enter Ln,,Islandia,NY ,11749,USA,,631-563-4943,"Sales,Service,Up To 2MW,Mobile/Diesel/Gas,"
11436,Industrial/Commercial Sales & Service,00010001611002,Huntington Power, 34 E DUDLEY TOWN RD.,,BLOOMFIELD,CT ,06002,USA,,860-289-8790,"Sales,Service,Rental,"
11436,Industrial/Commercial Sales & Service,00010208021002,Modern Group Power Systems, 2501 Durham Road,,Bristol,PA ,19007,USA,www.moderngroup.com,800-404-7291,"Sales,Service,Up To 2MW,Mobile/Diesel/Gas,Training,Rental,"
11436,Industrial/Commercial Sales & Service,00010001731002,Authorized Services Of New England, 410 Forest Street,,Marlborough,MA ,01752,USA,www.asne.com,888-890-9886,"Financing,Sales,Service,Up To 2MW,Mobile/Diesel/Gas,Training,Rental,"
11436,Industrial/Commercial Sales & Service,00010008091002,MODERN HANDLING EQUIP, 75 NEW STREET,,EDISON,NJ ,08837,USA,www.moderngroup.com,800-779-5116,"Sales,Service,Up To 2MW,Mobile/Diesel/Gas,"
11436,Industrial/Commercial Sales & Service,00010208021002,Modern Group Power Systems, 200 Allied Parkway,,West Berlin,NJ ,08091,USA,,800-404-7291,"Sales,Service,Up To 2MW,Mobile/Diesel/Gas,"
11436,Industrial/Commercial Sales & Service,00010208021002,Modern Group Power Systems, 6352 Chapmans Rd,,Allentown,PA ,18106,USA,,800-404-7291,"Sales,Service,Up To 2MW,Mobile/Diesel/Gas,"
11436,Industrial/Commercial Sales & Service,00010208021002,Modern Group Power Systems, 295 New Commerce Blvd.,,Wilkes Barre,PA ,18706,USA,,800-404-7291,"Sales,Service,Up To 2MW,Mobile/Diesel/Gas,"
11436,Industrial/Commercial Sales & Service,00010208021002,Modern Group Power Systems, 66A South Gate Blvd.,,New Castle,DE ,19720,USA,,800-404-7291,"Sales,Service,Up To 2MW,Mobile/Diesel/Gas,"
11436,Industrial/Commercial Sales & Service,00010000931002,"EMERGENCY POWER SYSTEMS, LLC", 35 HAMILTON LANE,,GLENMONT,NY ,12077,USA,,800-914-1465,"Service,Up To 2MW,Mobile/Diesel/Gas,"
11436,Industrial/Commercial Sales & Service,00010000931002,"EMERGENCY POWER SYSTEMS, LLC", 35 HAMILTON LANE,,GLENMONT,NY ,12077,USA,,800-914-1465,"Service,"
11436,Industrial/Commercial Sales & Service,00010208021002,Modern Group Power Systems, 3480 Board Road,,York,PA ,17402,USA,,800-404-7291,"Sales,Service,Up To 2MW,Mobile/Diesel/Gas,"
11436,Industrial/Commercial Sales & Service,00010001731002,AUTHORIZED SERVICES OF NEW ENGLAND, 410 FOREST STREET,,MARLBOROUGH,MA ,01752,USA,,888-890-9886,"Sales,"
11436,Industrial/Commercial Sales & Service,00010001761002,"GENSERVE, INC.", 100 NEWTOWN RD,,PLAINVIEW,NY ,11803,USA,www.genserveinc.com,631-435-0437,"Service,"
11436,Industrial/Commercial Sales & Service,00111209521002,LONG ISLAND EMERGENCY POWER -QO, 2 Ocean Avenue,,DEER PARK,NY ,11729,USA,,631-586-7513,"Sales,"
11436,Industrial/Commercial Sales & Service,00010139211002,POWERPRO SERVICE CO. INC., 608 JOHNSON AVE. UNIT 6,,BOHEMIA,NY ,11716,USA,,631-567-2700,"Sales,Service,Up To 600kW,Mobile/Diesel/Gas,"
11436,Industrial/Commercial Sales & Service,00111209531002,HUNTINGTON POWER - LONG ISLAND, PO BOX 2040,,SHELTON,CT ,06484,USA,,631-586-7513,"Sales,"
11436,Industrial/Commercial Sales & Service,00010134071002,PEAK POWER SYSTEMS, 99 SPRAGUE AVENUE,,MIDDLETOWN,NY ,10940,USA,www.peakpowersystems.com,845-344-1975,"Sales,Service,Up To 600kW,Mobile/Diesel/Gas,Rental,"
11436,Industrial/Commercial Sales & Service,00010001761002,"GENSERVE, INC.", 115A TWINBRIDGE DR.,,PENNSAUKEN,NJ ,08110,USA,www.genserveinc.com,856-324-0459,"Service,"
11436,Industrial/Commercial Sales & Service,00010001621002,BROOKFIELD SERVICE, 708 GLEBE ROAD,,WESTMORELAND,NH ,03467,USA,www.brookfieldservice.com,802-485-6567,"Service,Up To 600kW,Mobile/Diesel/Gas,"
11436,Industrial/Commercial Sales & Service,00111184131002,HUNTER & LOMISON, 1956 W FOURTH ST,,WILLIAMSPORT,PA ,17701,USA,www.hunterlomison.com,570-326-1764,"Sales,Service,Up To 600kW,Mobile/Diesel/Gas,Rental,"
11436,Industrial/Commercial Sales & Service,00010000881002,HUNTER & LOMISON INC., 1956 W. 4TH STREET,,WILLIAMSPORT,PA ,17701,USA,www.hunterlomison.com,570-326-1764,"Service,Up To 600kW,Mobile/Diesel/Gas,"
11436,Industrial/Commercial Sales & Service,00010021101002,SOUTH SHORE GENERATOR INC-Quote, 2696A CRANBERRY HWY,,WAREHAM,MA ,02571,USA,,508-295-7336,"Sales,Service,Up To 600kW,Mobile/Diesel/Gas,"
11436,Industrial/Commercial Sales & Service,00010001701002,SOUTH SHORE GENERATOR INC, ,,EAST WAREHAM,MA ,02538,USA,,508-295-7336,"Financing,Sales,Service,Up To 600kW,Mobile/Diesel/Gas,"
11436,Industrial/Commercial Sales & Service,00111207431002,WARSHAUER ELECTRIC SUPPLY CO INC, 800 SHREWSBURY AVE,,TINTON FALLS,NJ ,07724,USA,www.warshauer.com,732-741-6400,"Service,"
11436,Industrial/Commercial Sales & Service,00010157021002,Mechanical Service Co, 1145 Oak St.,,Pittston,PA ,18640,USA,,570-654-2445,"Service,"
11439,Industrial/Commercial Sales & Service,00010214161002,"R.L. Kistler, Inc", 300 Mile Crossing Blvd.,,Rochester,NY ,14624,USA,rlkistler.com,585-436-1940,"Sales,"
11439,Industrial/Commercial Sales & Service,00010001611002,Huntington Power, 230 Long Hill Cross Rd,,Shelton,CT ,06484,USA,www.huntingtonpower.com,203-929-3203,"Sales,Service,Up To 2MW,Mobile/Diesel/Gas,Training,Rental,"
11439,Industrial/Commercial Sales & Service,00010214161002,"R.L. KISTLER, INC.", 35 HAMILTON LANE,,GLENMONT,NY ,12077,USA,,585-436-1940,"Sales,Service,"
11439,Industrial/Commercial Sales & Service,00010214161002,"R.L. Kistler, Inc", 5615 Business Ave.,,N. Syracuse,NY ,13208,USA,,315-458-2875,"Sales,"
11439,Industrial/Commercial Sales & Service,00010001611002,Huntington Power, 68 Enter Ln,,Islandia,NY ,11749,USA,,631-563-4943,"Sales,Service,Up To 2MW,Mobile/Diesel/Gas,"
11439,Industrial/Commercial Sales & Service,00010001611002,Huntington Power, 34 E DUDLEY TOWN RD.,,BLOOMFIELD,CT ,06002,USA,,860-289-8790,"Sales,Service,Rental,"
11439,Industrial/Commercial Sales & Service,00010214161002,"R.L. Kistler, Inc", 5615 Business Ave.,,N. Syracuse,NY ,13208,USA,,315-458-2875,"Sales,"
11439,Industrial/Commercial Sales & Service,00010208021002,Modern Group Power Systems, 2501 Durham Road,,Bristol,PA ,19007,USA,www.moderngroup.com,800-404-7291,"Sales,Service,Up To 2MW,Mobile/Diesel/Gas,Training,Rental,"
11439,Industrial/Commercial Sales & Service,00010001731002,Authorized Services Of New England, 410 Forest Street,,Marlborough,MA ,01752,USA,www.asne.com,888-890-9886,"Financing,Sales,Service,Up To 2MW,Mobile/Diesel/Gas,Training,Rental,"
11439,Industrial/Commercial Sales & Service,00010008091002,MODERN HANDLING EQUIP, 75 NEW STREET,,EDISON,NJ ,08837,USA,www.moderngroup.com,800-779-5116,"Sales,Service,Up To 2MW,Mobile/Diesel/Gas,"
11439,Industrial/Commercial Sales & Service,00010208021002,Modern Group Power Systems, 200 Allied Parkway,,West Berlin,NJ ,08091,USA,,800-404-7291,"Sales,Service,Up To 2MW,Mobile/Diesel/Gas,"
11439,Industrial/Commercial Sales & Service,00010208021002,Modern Group Power Systems, 6352 Chapmans Rd,,Allentown,PA ,18106,USA,,800-404-7291,"Sales,Service,Up To 2MW,Mobile/Diesel/Gas,"
11439,Industrial/Commercial Sales & Service,00010208021002,Modern Group Power Systems, 295 New Commerce Blvd.,,Wilkes Barre,PA ,18706,USA,,800-404-7291,"Sales,Service,Up To 2MW,Mobile/Diesel/Gas,"
11439,Industrial/Commercial Sales & Service,00010208021002,Modern Group Power Systems, 66A South Gate Blvd.,,New Castle,DE ,19720,USA,,800-404-7291,"Sales,Service,Up To 2MW,Mobile/Diesel/Gas,"
11439,Industrial/Commercial Sales & Service,00010000931002,"EMERGENCY POWER SYSTEMS, LLC", 35 HAMILTON LANE,,GLENMONT,NY ,12077,USA,,800-914-1465,"Service,Up To 2MW,Mobile/Diesel/Gas,"
11439,Industrial/Commercial Sales & Service,00010000931002,"EMERGENCY POWER SYSTEMS, LLC", 35 HAMILTON LANE,,GLENMONT,NY ,12077,USA,,800-914-1465,"Service,"
11439,Industrial/Commercial Sales & Service,00010001731002,AUTHORIZED SERVICES OF NEW ENGLAND, 410 FOREST STREET,,MARLBOROUGH,MA ,01752,USA,,888-890-9886,"Sales,"
11439,Industrial/Commercial Sales & Service,00010208021002,Modern Group Power Systems, 3480 Board Road,,York,PA ,17402,USA,,800-404-7291,"Sales,Service,Up To 2MW,Mobile/Diesel/Gas,"
11439,Industrial/Commercial Sales & Service,00010001761002,"GENSERVE, INC.", 100 NEWTOWN RD,,PLAINVIEW,NY ,11803,USA,www.genserveinc.com,631-435-0437,"Service,"
11439,Industrial/Commercial Sales & Service,00111209521002,LONG ISLAND EMERGENCY POWER -QO, 2 Ocean Avenue,,DEER PARK,NY ,11729,USA,,631-586-7513,"Sales,"
11439,Industrial/Commercial Sales & Service,00010139211002,POWERPRO SERVICE CO. INC., 608 JOHNSON AVE. UNIT 6,,BOHEMIA,NY ,11716,USA,,631-567-2700,"Sales,Service,Up To 600kW,Mobile/Diesel/Gas,"
11439,Industrial/Commercial Sales & Service,00111209531002,HUNTINGTON POWER - LONG ISLAND, PO BOX 2040,,SHELTON,CT ,06484,USA,,631-586-7513,"Sales,"
11439,Industrial/Commercial Sales & Service,00010134071002,PEAK POWER SYSTEMS, 99 SPRAGUE AVENUE,,MIDDLETOWN,NY ,10940,USA,www.peakpowersystems.com,845-344-1975,"Sales,Service,Up To 600kW,Mobile/Diesel/Gas,Rental,"
11439,Industrial/Commercial Sales & Service,00010001761002,"GENSERVE, INC.", 115A TWINBRIDGE DR.,,PENNSAUKEN,NJ ,08110,USA,www.genserveinc.com,856-324-0459,"Service,"
11439,Industrial/Commercial Sales & Service,00010001621002,BROOKFIELD SERVICE, 708 GLEBE ROAD,,WESTMORELAND,NH ,03467,USA,www.brookfieldservice.com,802-485-6567,"Service,Up To 600kW,Mobile/Diesel/Gas,"
11439,Industrial/Commercial Sales & Service,00111184131002,HUNTER & LOMISON, 1956 W FOURTH ST,,WILLIAMSPORT,PA ,17701,USA,www.hunterlomison.com,570-326-1764,"Sales,Service,Up To 600kW,Mobile/Diesel/Gas,Rental,"
11439,Industrial/Commercial Sales & Service,00010000881002,HUNTER & LOMISON INC., 1956 W. 4TH STREET,,WILLIAMSPORT,PA ,17701,USA,www.hunterlomison.com,570-326-1764,"Service,Up To 600kW,Mobile/Diesel/Gas,"
11439,Industrial/Commercial Sales & Service,00010021101002,SOUTH SHORE GENERATOR INC-Quote, 2696A CRANBERRY HWY,,WAREHAM,MA ,02571,USA,,508-295-7336,"Sales,Service,Up To 600kW,Mobile/Diesel/Gas,"
11439,Industrial/Commercial Sales & Service,00010001701002,SOUTH SHORE GENERATOR INC, ,,EAST WAREHAM,MA ,02538,USA,,508-295-7336,"Financing,Sales,Service,Up To 600kW,Mobile/Diesel/Gas,"
11439,Industrial/Commercial Sales & Service,00111207431002,WARSHAUER ELECTRIC SUPPLY CO INC, 800 SHREWSBURY AVE,,TINTON FALLS,NJ ,07724,USA,www.warshauer.com,732-741-6400,"Service,"
11439,Industrial/Commercial Sales & Service,00010157021002,Mechanical Service Co, 1145 Oak St.,,Pittston,PA ,18640,USA,,570-654-2445,"Service,"
11451,Industrial/Commercial Sales & Service,00010001611002,Huntington Power, 230 Long Hill Cross Rd,,Shelton,CT ,06484,USA,www.huntingtonpower.com,203-929-3203,"Sales,Service,Up To 2MW,Mobile/Diesel/Gas,Training,Rental,"
11451,Industrial/Commercial Sales & Service,00010214161002,"R.L. KISTLER, INC.", 35 HAMILTON LANE,,GLENMONT,NY ,12077,USA,,585-436-1940,"Sales,Service,"
11451,Industrial/Commercial Sales & Service,00010214161002,"R.L. Kistler, Inc", 300 Mile Crossing Blvd.,,Rochester,NY ,14624,USA,rlkistler.com,585-436-1940,"Sales,"
11451,Industrial/Commercial Sales & Service,00010001611002,Huntington Power, 68 Enter Ln,,Islandia,NY ,11749,USA,,631-563-4943,"Sales,Service,Up To 2MW,Mobile/Diesel/Gas,"
11451,Industrial/Commercial Sales & Service,00010001611002,Huntington Power, 34 E DUDLEY TOWN RD.,,BLOOMFIELD,CT ,06002,USA,,860-289-8790,"Sales,Service,Rental,"
11451,Industrial/Commercial Sales & Service,00010214161002,"R.L. Kistler, Inc", 5615 Business Ave.,,N. Syracuse,NY ,13208,USA,,315-458-2875,"Sales,"
11451,Industrial/Commercial Sales & Service,00010214161002,"R.L. Kistler, Inc", 5615 Business Ave.,,N. Syracuse,NY ,13208,USA,,315-458-2875,"Sales,"
11451,Industrial/Commercial Sales & Service,00010208021002,Modern Group Power Systems, 2501 Durham Road,,Bristol,PA ,19007,USA,www.moderngroup.com,800-404-7291,"Sales,Service,Up To 2MW,Mobile/Diesel/Gas,Training,Rental,"
11451,Industrial/Commercial Sales & Service,00010001731002,Authorized Services Of New England, 410 Forest Street,,Marlborough,MA ,01752,USA,www.asne.com,888-890-9886,"Financing,Sales,Service,Up To 2MW,Mobile/Diesel/Gas,Training,Rental,"
11451,Industrial/Commercial Sales & Service,00010008091002,MODERN HANDLING EQUIP, 75 NEW STREET,,EDISON,NJ ,08837,USA,www.moderngroup.com,800-779-5116,"Sales,Service,Up To 2MW,Mobile/Diesel/Gas,"
11451,Industrial/Commercial Sales & Service,00010208021002,Modern Group Power Systems, 200 Allied Parkway,,West Berlin,NJ ,08091,USA,,800-404-7291,"Sales,Service,Up To 2MW,Mobile/Diesel/Gas,"
11451,Industrial/Commercial Sales & Service,00010208021002,Modern Group Power Systems, 6352 Chapmans Rd,,Allentown,PA ,18106,USA,,800-404-7291,"Sales,Service,Up To 2MW,Mobile/Diesel/Gas,"
11451,Industrial/Commercial Sales & Service,00010208021002,Modern Group Power Systems, 295 New Commerce Blvd.,,Wilkes Barre,PA ,18706,USA,,800-404-7291,"Sales,Service,Up To 2MW,Mobile/Diesel/Gas,"
11451,Industrial/Commercial Sales & Service,00010208021002,Modern Group Power Systems, 66A South Gate Blvd.,,New Castle,DE ,19720,USA,,800-404-7291,"Sales,Service,Up To 2MW,Mobile/Diesel/Gas,"
11451,Industrial/Commercial Sales & Service,00010000931002,"EMERGENCY POWER SYSTEMS, LLC", 35 HAMILTON LANE,,GLENMONT,NY ,12077,USA,,800-914-1465,"Service,Up To 2MW,Mobile/Diesel/Gas,"
11451,Industrial/Commercial Sales & Service,00010000931002,"EMERGENCY POWER SYSTEMS, LLC", 35 HAMILTON LANE,,GLENMONT,NY ,12077,USA,,800-914-1465,"Service,"
11451,Industrial/Commercial Sales & Service,00010208021002,Modern Group Power Systems, 3480 Board Road,,York,PA ,17402,USA,,800-404-7291,"Sales,Service,Up To 2MW,Mobile/Diesel/Gas,"
11451,Industrial/Commercial Sales & Service,00010001731002,AUTHORIZED SERVICES OF NEW ENGLAND, 410 FOREST STREET,,MARLBOROUGH,MA ,01752,USA,,888-890-9886,"Sales,"
11451,Industrial/Commercial Sales & Service,00010001761002,"GENSERVE, INC.", 100 NEWTOWN RD,,PLAINVIEW,NY ,11803,USA,www.genserveinc.com,631-435-0437,"Service,"
11451,Industrial/Commercial Sales & Service,00111209521002,LONG ISLAND EMERGENCY POWER -QO, 2 Ocean Avenue,,DEER PARK,NY ,11729,USA,,631-586-7513,"Sales,"
11451,Industrial/Commercial Sales & Service,00010139211002,POWERPRO SERVICE CO. INC., 608 JOHNSON AVE. UNIT 6,,BOHEMIA,NY ,11716,USA,,631-567-2700,"Sales,Service,Up To 600kW,Mobile/Diesel/Gas,"
11451,Industrial/Commercial Sales & Service,00111209531002,HUNTINGTON POWER - LONG ISLAND, PO BOX 2040,,SHELTON,CT ,06484,USA,,631-586-7513,"Sales,"
11451,Industrial/Commercial Sales & Service,00010134071002,PEAK POWER SYSTEMS, 99 SPRAGUE AVENUE,,MIDDLETOWN,NY ,10940,USA,www.peakpowersystems.com,845-344-1975,"Sales,Service,Up To 600kW,Mobile/Diesel/Gas,Rental,"
11451,Industrial/Commercial Sales & Service,00010001761002,"GENSERVE, INC.", 115A TWINBRIDGE DR.,,PENNSAUKEN,NJ ,08110,USA,www.genserveinc.com,856-324-0459,"Service,"
11451,Industrial/Commercial Sales & Service,00010001621002,BROOKFIELD SERVICE, 708 GLEBE ROAD,,WESTMORELAND,NH ,03467,USA,www.brookfieldservice.com,802-485-6567,"Service,Up To 600kW,Mobile/Diesel/Gas,"
11451,Industrial/Commercial Sales & Service,00111184131002,HUNTER & LOMISON, 1956 W FOURTH ST,,WILLIAMSPORT,PA ,17701,USA,www.hunterlomison.com,570-326-1764,"Sales,Service,Up To 600kW,Mobile/Diesel/Gas,Rental,"
11451,Industrial/Commercial Sales & Service,00010000881002,HUNTER & LOMISON INC., 1956 W. 4TH STREET,,WILLIAMSPORT,PA ,17701,USA,www.hunterlomison.com,570-326-1764,"Service,Up To 600kW,Mobile/Diesel/Gas,"
11451,Industrial/Commercial Sales & Service,00010021101002,SOUTH SHORE GENERATOR INC-Quote, 2696A CRANBERRY HWY,,WAREHAM,MA ,02571,USA,,508-295-7336,"Sales,Service,Up To 600kW,Mobile/Diesel/Gas,"
11451,Industrial/Commercial Sales & Service,00010001701002,SOUTH SHORE GENERATOR INC, ,,EAST WAREHAM,MA ,02538,USA,,508-295-7336,"Financing,Sales,Service,Up To 600kW,Mobile/Diesel/Gas,"
11451,Industrial/Commercial Sales & Service,00111207431002,WARSHAUER ELECTRIC SUPPLY CO INC, 800 SHREWSBURY AVE,,TINTON FALLS,NJ ,07724,USA,www.warshauer.com,732-741-6400,"Service,"
11451,Industrial/Commercial Sales & Service,00010157021002,Mechanical Service Co, 1145 Oak St.,,Pittston,PA ,18640,USA,,570-654-2445,"Service,"
11499,Industrial/Commercial Sales & Service,00010001611002,Huntington Power, 230 Long Hill Cross Rd,,Shelton,CT ,06484,USA,www.huntingtonpower.com,203-929-3203,"Sales,Service,Up To 2MW,Mobile/Diesel/Gas,Training,Rental,"
11499,Industrial/Commercial Sales & Service,00010214161002,"R.L. KISTLER, INC.", 35 HAMILTON LANE,,GLENMONT,NY ,12077,USA,,585-436-1940,"Sales,Service,"
11499,Industrial/Commercial Sales & Service,00010214161002,"R.L. Kistler, Inc", 300 Mile Crossing Blvd.,,Rochester,NY ,14624,USA,rlkistler.com,585-436-1940,"Sales,"
11499,Industrial/Commercial Sales & Service,00010001611002,Huntington Power, 68 Enter Ln,,Islandia,NY ,11749,USA,,631-563-4943,"Sales,Service,Up To 2MW,Mobile/Diesel/Gas,"
11499,Industrial/Commercial Sales & Service,00010001611002,Huntington Power, 34 E DUDLEY TOWN RD.,,BLOOMFIELD,CT ,06002,USA,,860-289-8790,"Sales,Service,Rental,"
11499,Industrial/Commercial Sales & Service,00010214161002,"R.L. Kistler, Inc", 5615 Business Ave.,,N. Syracuse,NY ,13208,USA,,315-458-2875,"Sales,"
11499,Industrial/Commercial Sales & Service,00010214161002,"R.L. Kistler, Inc", 5615 Business Ave.,,N. Syracuse,NY ,13208,USA,,315-458-2875,"Sales,"
11499,Industrial/Commercial Sales & Service,00010208021002,Modern Group Power Systems, 2501 Durham Road,,Bristol,PA ,19007,USA,www.moderngroup.com,800-404-7291,"Sales,Service,Up To 2MW,Mobile/Diesel/Gas,Training,Rental,"
11499,Industrial/Commercial Sales & Service,00010001731002,Authorized Services Of New England, 410 Forest Street,,Marlborough,MA ,01752,USA,www.asne.com,888-890-9886,"Financing,Sales,Service,Up To 2MW,Mobile/Diesel/Gas,Training,Rental,"
11499,Industrial/Commercial Sales & Service,00010008091002,MODERN HANDLING EQUIP, 75 NEW STREET,,EDISON,NJ ,08837,USA,www.moderngroup.com,800-779-5116,"Sales,Service,Up To 2MW,Mobile/Diesel/Gas,"
11499,Industrial/Commercial Sales & Service,00010208021002,Modern Group Power Systems, 200 Allied Parkway,,West Berlin,NJ ,08091,USA,,800-404-7291,"Sales,Service,Up To 2MW,Mobile/Diesel/Gas,"
11499,Industrial/Commercial Sales & Service,00010208021002,Modern Group Power Systems, 6352 Chapmans Rd,,Allentown,PA ,18106,USA,,800-404-7291,"Sales,Service,Up To 2MW,Mobile/Diesel/Gas,"
11499,Industrial/Commercial Sales & Service,00010208021002,Modern Group Power Systems, 66A South Gate Blvd.,,New Castle,DE ,19720,USA,,800-404-7291,"Sales,Service,Up To 2MW,Mobile/Diesel/Gas,"
11499,Industrial/Commercial Sales & Service,00010208021002,Modern Group Power Systems, 295 New Commerce Blvd.,,Wilkes Barre,PA ,18706,USA,,800-404-7291,"Sales,Service,Up To 2MW,Mobile/Diesel/Gas,"
11499,Industrial/Commercial Sales & Service,00010000931002,"EMERGENCY POWER SYSTEMS, LLC", 35 HAMILTON LANE,,GLENMONT,NY ,12077,USA,,800-914-1465,"Service,Up To 2MW,Mobile/Diesel/Gas,"
11499,Industrial/Commercial Sales & Service,00010000931002,"EMERGENCY POWER SYSTEMS, LLC", 35 HAMILTON LANE,,GLENMONT,NY ,12077,USA,,800-914-1465,"Service,"
11499,Industrial/Commercial Sales & Service,00010208021002,Modern Group Power Systems, 3480 Board Road,,York,PA ,17402,USA,,800-404-7291,"Sales,Service,Up To 2MW,Mobile/Diesel/Gas,"
11499,Industrial/Commercial Sales & Service,00010001731002,AUTHORIZED SERVICES OF NEW ENGLAND, 410 FOREST STREET,,MARLBOROUGH,MA ,01752,USA,,888-890-9886,"Sales,"
11499,Industrial/Commercial Sales & Service,00010001761002,"GENSERVE, INC.", 100 NEWTOWN RD,,PLAINVIEW,NY ,11803,USA,www.genserveinc.com,631-435-0437,"Service,"
11499,Industrial/Commercial Sales & Service,00111209521002,LONG ISLAND EMERGENCY POWER -QO, 2 Ocean Avenue,,DEER PARK,NY ,11729,USA,,631-586-7513,"Sales,"
11499,Industrial/Commercial Sales & Service,00010139211002,POWERPRO SERVICE CO. INC., 608 JOHNSON AVE. UNIT 6,,BOHEMIA,NY ,11716,USA,,631-567-2700,"Sales,Service,Up To 600kW,Mobile/Diesel/Gas,"
11499,Industrial/Commercial Sales & Service,00111209531002,HUNTINGTON POWER - LONG ISLAND, PO BOX 2040,,SHELTON,CT ,06484,USA,,631-586-7513,"Sales,"
11499,Industrial/Commercial Sales & Service,00010134071002,PEAK POWER SYSTEMS, 99 SPRAGUE AVENUE,,MIDDLETOWN,NY ,10940,USA,www.peakpowersystems.com,845-344-1975,"Sales,Service,Up To 600kW,Mobile/Diesel/Gas,Rental,"
11499,Industrial/Commercial Sales & Service,00010001761002,"GENSERVE, INC.", 115A TWINBRIDGE DR.,,PENNSAUKEN,NJ ,08110,USA,www.genserveinc.com,856-324-0459,"Service,"
11499,Industrial/Commercial Sales & Service,00010001621002,BROOKFIELD SERVICE, 708 GLEBE ROAD,,WESTMORELAND,NH ,03467,USA,www.brookfieldservice.com,802-485-6567,"Service,Up To 600kW,Mobile/Diesel/Gas,"
11499,Industrial/Commercial Sales & Service,00111184131002,HUNTER & LOMISON, 1956 W FOURTH ST,,WILLIAMSPORT,PA ,17701,USA,www.hunterlomison.com,570-326-1764,"Sales,Service,Up To 600kW,Mobile/Diesel/Gas,Rental,"
11499,Industrial/Commercial Sales & Service,00010000881002,HUNTER & LOMISON INC., 1956 W. 4TH STREET,,WILLIAMSPORT,PA ,17701,USA,www.hunterlomison.com,570-326-1764,"Service,Up To 600kW,Mobile/Diesel/Gas,"
11499,Industrial/Commercial Sales & Service,00010021101002,SOUTH SHORE GENERATOR INC-Quote, 2696A CRANBERRY HWY,,WAREHAM,MA ,02571,USA,,508-295-7336,"Sales,Service,Up To 600kW,Mobile/Diesel/Gas,"
11499,Industrial/Commercial Sales & Service,00010001701002,SOUTH SHORE GENERATOR INC, ,,EAST WAREHAM,MA ,02538,USA,,508-295-7336,"Financing,Sales,Service,Up To 600kW,Mobile/Diesel/Gas,"
11499,Industrial/Commercial Sales & Service,00111207431002,WARSHAUER ELECTRIC SUPPLY CO INC, 800 SHREWSBURY AVE,,TINTON FALLS,NJ ,07724,USA,www.warshauer.com,732-741-6400,"Service,"
11499,Industrial/Commercial Sales & Service,00010157021002,Mechanical Service Co, 1145 Oak St.,,Pittston,PA ,18640,USA,,570-654-2445,"Service,"
11501,Industrial/Commercial Sales & Service,00010214161002,"R.L. Kistler, Inc", 300 Mile Crossing Blvd.,,Rochester,NY ,14624,USA,rlkistler.com,585-436-1940,"Sales,"
11501,Industrial/Commercial Sales & Service,00010001611002,Huntington Power, 230 Long Hill Cross Rd,,Shelton,CT ,06484,USA,www.huntingtonpower.com,203-929-3203,"Sales,Service,Up To 2MW,Mobile/Diesel/Gas,Training,Rental,"
11501,Industrial/Commercial Sales & Service,00010214161002,"R.L. KISTLER, INC.", 35 HAMILTON LANE,,GLENMONT,NY ,12077,USA,,585-436-1940,"Sales,Service,"
11501,Industrial/Commercial Sales & Service,00010214161002,"R.L. Kistler, Inc", 5615 Business Ave.,,N. Syracuse,NY ,13208,USA,,315-458-2875,"Sales,"
11501,Industrial/Commercial Sales & Service,00010001611002,Huntington Power, 68 Enter Ln,,Islandia,NY ,11749,USA,,631-563-4943,"Sales,Service,Up To 2MW,Mobile/Diesel/Gas,"
11501,Industrial/Commercial Sales & Service,00010001611002,Huntington Power, 34 E DUDLEY TOWN RD.,,BLOOMFIELD,CT ,06002,USA,,860-289-8790,"Sales,Service,Rental,"
11501,Industrial/Commercial Sales & Service,00010214161002,"R.L. Kistler, Inc", 5615 Business Ave.,,N. Syracuse,NY ,13208,USA,,315-458-2875,"Sales,"
11501,Industrial/Commercial Sales & Service,00010208021002,Modern Group Power Systems, 2501 Durham Road,,Bristol,PA ,19007,USA,www.moderngroup.com,800-404-7291,"Sales,Service,Up To 2MW,Mobile/Diesel/Gas,Training,Rental,"
11501,Industrial/Commercial Sales & Service,00010001731002,Authorized Services Of New England, 410 Forest Street,,Marlborough,MA ,01752,USA,www.asne.com,888-890-9886,"Financing,Sales,Service,Up To 2MW,Mobile/Diesel/Gas,Training,Rental,"
11501,Industrial/Commercial Sales & Service,00010008091002,MODERN HANDLING EQUIP, 75 NEW STREET,,EDISON,NJ ,08837,USA,www.moderngroup.com,800-779-5116,"Sales,Service,Up To 2MW,Mobile/Diesel/Gas,"
11501,Industrial/Commercial Sales & Service,00010208021002,Modern Group Power Systems, 200 Allied Parkway,,West Berlin,NJ ,08091,USA,,800-404-7291,"Sales,Service,Up To 2MW,Mobile/Diesel/Gas,"
11501,Industrial/Commercial Sales & Service,00010208021002,Modern Group Power Systems, 6352 Chapmans Rd,,Allentown,PA ,18106,USA,,800-404-7291,"Sales,Service,Up To 2MW,Mobile/Diesel/Gas,"
11501,Industrial/Commercial Sales & Service,00010208021002,Modern Group Power Systems, 295 New Commerce Blvd.,,Wilkes Barre,PA ,18706,USA,,800-404-7291,"Sales,Service,Up To 2MW,Mobile/Diesel/Gas,"
11501,Industrial/Commercial Sales & Service,00010000931002,"EMERGENCY POWER SYSTEMS, LLC", 35 HAMILTON LANE,,GLENMONT,NY ,12077,USA,,800-914-1465,"Service,Up To 2MW,Mobile/Diesel/Gas,"
11501,Industrial/Commercial Sales & Service,00010000931002,"EMERGENCY POWER SYSTEMS, LLC", 35 HAMILTON LANE,,GLENMONT,NY ,12077,USA,,800-914-1465,"Service,"
11501,Industrial/Commercial Sales & Service,00010208021002,Modern Group Power Systems, 66A South Gate Blvd.,,New Castle,DE ,19720,USA,,800-404-7291,"Sales,Service,Up To 2MW,Mobile/Diesel/Gas,"
11501,Industrial/Commercial Sales & Service,00010001731002,AUTHORIZED SERVICES OF NEW ENGLAND, 410 FOREST STREET,,MARLBOROUGH,MA ,01752,USA,,888-890-9886,"Sales,"
11501,Industrial/Commercial Sales & Service,00010208021002,Modern Group Power Systems, 3480 Board Road,,York,PA ,17402,USA,,800-404-7291,"Sales,Service,Up To 2MW,Mobile/Diesel/Gas,"
11501,Industrial/Commercial Sales & Service,00010001761002,"GENSERVE, INC.", 100 NEWTOWN RD,,PLAINVIEW,NY ,11803,USA,www.genserveinc.com,631-435-0437,"Service,"
11501,Industrial/Commercial Sales & Service,00111209521002,LONG ISLAND EMERGENCY POWER -QO, 2 Ocean Avenue,,DEER PARK,NY ,11729,USA,,631-586-7513,"Sales,"
11501,Industrial/Commercial Sales & Service,00010139211002,POWERPRO SERVICE CO. INC., 608 JOHNSON AVE. UNIT 6,,BOHEMIA,NY ,11716,USA,,631-567-2700,"Sales,Service,Up To 600kW,Mobile/Diesel/Gas,"
11501,Industrial/Commercial Sales & Service,00111209531002,HUNTINGTON POWER - LONG ISLAND, PO BOX 2040,,SHELTON,CT ,06484,USA,,631-586-7513,"Sales,"
11501,Industrial/Commercial Sales & Service,00010134071002,PEAK POWER SYSTEMS, 99 SPRAGUE AVENUE,,MIDDLETOWN,NY ,10940,USA,www.peakpowersystems.com,845-344-1975,"Sales,Service,Up To 600kW,Mobile/Diesel/Gas,Rental,"
11501,Industrial/Commercial Sales & Service,00010001761002,"GENSERVE, INC.", 115A TWINBRIDGE DR.,,PENNSAUKEN,NJ ,08110,USA,www.genserveinc.com,856-324-0459,"Service,"
11501,Industrial/Commercial Sales & Service,00010001621002,BROOKFIELD SERVICE, 708 GLEBE ROAD,,WESTMORELAND,NH ,03467,USA,www.brookfieldservice.com,802-485-6567,"Service,Up To 600kW,Mobile/Diesel/Gas,"
11501,Industrial/Commercial Sales & Service,00010021101002,SOUTH SHORE GENERATOR INC-Quote, 2696A CRANBERRY HWY,,WAREHAM,MA ,02571,USA,,508-295-7336,"Sales,Service,Up To 600kW,Mobile/Diesel/Gas,"
11501,Industrial/Commercial Sales & Service,00010001701002,SOUTH SHORE GENERATOR INC, ,,EAST WAREHAM,MA ,02538,USA,,508-295-7336,"Financing,Sales,Service,Up To 600kW,Mobile/Diesel/Gas,"
11501,Industrial/Commercial Sales & Service,00111184131002,HUNTER & LOMISON, 1956 W FOURTH ST,,WILLIAMSPORT,PA ,17701,USA,www.hunterlomison.com,570-326-1764,"Sales,Service,Up To 600kW,Mobile/Diesel/Gas,Rental,"
11501,Industrial/Commercial Sales & Service,00010000881002,HUNTER & LOMISON INC., 1956 W. 4TH STREET,,WILLIAMSPORT,PA ,17701,USA,www.hunterlomison.com,570-326-1764,"Service,Up To 600kW,Mobile/Diesel/Gas,"
11501,Industrial/Commercial Sales & Service,00111207431002,WARSHAUER ELECTRIC SUPPLY CO INC, 800 SHREWSBURY AVE,,TINTON FALLS,NJ ,07724,USA,www.warshauer.com,732-741-6400,"Service,"
11501,Industrial/Commercial Sales & Service,00010157021002,Mechanical Service Co, 1145 Oak St.,,Pittston,PA ,18640,USA,,570-654-2445,"Service,"
11507,Industrial/Commercial Sales & Service,00010001611002,Huntington Power, 230 Long Hill Cross Rd,,Shelton,CT ,06484,USA,www.huntingtonpower.com,203-929-3203,"Sales,Service,Up To 2MW,Mobile/Diesel/Gas,Training,Rental,"
11507,Industrial/Commercial Sales & Service,00010214161002,"R.L. KISTLER, INC.", 35 HAMILTON LANE,,GLENMONT,NY ,12077,USA,,585-436-1940,"Sales,Service,"
11507,Industrial/Commercial Sales & Service,00010214161002,"R.L. Kistler, Inc", 300 Mile Crossing Blvd.,,Rochester,NY ,14624,USA,rlkistler.com,585-436-1940,"Sales,"
11507,Industrial/Commercial Sales & Service,00010001611002,Huntington Power, 68 Enter Ln,,Islandia,NY ,11749,USA,,631-563-4943,"Sales,Service,Up To 2MW,Mobile/Diesel/Gas,"
11507,Industrial/Commercial Sales & Service,00010001611002,Huntington Power, 34 E DUDLEY TOWN RD.,,BLOOMFIELD,CT ,06002,USA,,860-289-8790,"Sales,Service,Rental,"
11507,Industrial/Commercial Sales & Service,00010214161002,"R.L. Kistler, Inc", 5615 Business Ave.,,N. Syracuse,NY ,13208,USA,,315-458-2875,"Sales,"
11507,Industrial/Commercial Sales & Service,00010214161002,"R.L. Kistler, Inc", 5615 Business Ave.,,N. Syracuse,NY ,13208,USA,,315-458-2875,"Sales,"
11507,Industrial/Commercial Sales & Service,00010208021002,Modern Group Power Systems, 2501 Durham Road,,Bristol,PA ,19007,USA,www.moderngroup.com,800-404-7291,"Sales,Service,Up To 2MW,Mobile/Diesel/Gas,Training,Rental,"
11507,Industrial/Commercial Sales & Service,00010001731002,Authorized Services Of New England, 410 Forest Street,,Marlborough,MA ,01752,USA,www.asne.com,888-890-9886,"Financing,Sales,Service,Up To 2MW,Mobile/Diesel/Gas,Training,Rental,"
11507,Industrial/Commercial Sales & Service,00010008091002,MODERN HANDLING EQUIP, 75 NEW STREET,,EDISON,NJ ,08837,USA,www.moderngroup.com,800-779-5116,"Sales,Service,Up To 2MW,Mobile/Diesel/Gas,"
11507,Industrial/Commercial Sales & Service,00010208021002,Modern Group Power Systems, 200 Allied Parkway,,West Berlin,NJ ,08091,USA,,800-404-7291,"Sales,Service,Up To 2MW,Mobile/Diesel/Gas,"
11507,Industrial/Commercial Sales & Service,00010208021002,Modern Group Power Systems, 6352 Chapmans Rd,,Allentown,PA ,18106,USA,,800-404-7291,"Sales,Service,Up To 2MW,Mobile/Diesel/Gas,"
11507,Industrial/Commercial Sales & Service,00010208021002,Modern Group Power Systems, 295 New Commerce Blvd.,,Wilkes Barre,PA ,18706,USA,,800-404-7291,"Sales,Service,Up To 2MW,Mobile/Diesel/Gas,"
11507,Industrial/Commercial Sales & Service,00010000931002,"EMERGENCY POWER SYSTEMS, LLC", 35 HAMILTON LANE,,GLENMONT,NY ,12077,USA,,800-914-1465,"Service,Up To 2MW,Mobile/Diesel/Gas,"
11507,Industrial/Commercial Sales & Service,00010000931002,"EMERGENCY POWER SYSTEMS, LLC", 35 HAMILTON LANE,,GLENMONT,NY ,12077,USA,,800-914-1465,"Service,"
11507,Industrial/Commercial Sales & Service,00010208021002,Modern Group Power Systems, 66A South Gate Blvd.,,New Castle,DE ,19720,USA,,800-404-7291,"Sales,Service,Up To 2MW,Mobile/Diesel/Gas,"
11507,Industrial/Commercial Sales & Service,00010001731002,AUTHORIZED SERVICES OF NEW ENGLAND, 410 FOREST STREET,,MARLBOROUGH,MA ,01752,USA,,888-890-9886,"Sales,"
11507,Industrial/Commercial Sales & Service,00010208021002,Modern Group Power Systems, 3480 Board Road,,York,PA ,17402,USA,,800-404-7291,"Sales,Service,Up To 2MW,Mobile/Diesel/Gas,"
11507,Industrial/Commercial Sales & Service,00010001761002,"GENSERVE, INC.", 100 NEWTOWN RD,,PLAINVIEW,NY ,11803,USA,www.genserveinc.com,631-435-0437,"Service,"
11507,Industrial/Commercial Sales & Service,00111209521002,LONG ISLAND EMERGENCY POWER -QO, 2 Ocean Avenue,,DEER PARK,NY ,11729,USA,,631-586-7513,"Sales,"
11507,Industrial/Commercial Sales & Service,00010139211002,POWERPRO SERVICE CO. INC., 608 JOHNSON AVE. UNIT 6,,BOHEMIA,NY ,11716,USA,,631-567-2700,"Sales,Service,Up To 600kW,Mobile/Diesel/Gas,"
11507,Industrial/Commercial Sales & Service,00111209531002,HUNTINGTON POWER - LONG ISLAND, PO BOX 2040,,SHELTON,CT ,06484,USA,,631-586-7513,"Sales,"
11507,Industrial/Commercial Sales & Service,00010134071002,PEAK POWER SYSTEMS, 99 SPRAGUE AVENUE,,MIDDLETOWN,NY ,10940,USA,www.peakpowersystems.com,845-344-1975,"Sales,Service,Up To 600kW,Mobile/Diesel/Gas,Rental,"
11507,Industrial/Commercial Sales & Service,00010001761002,"GENSERVE, INC.", 115A TWINBRIDGE DR.,,PENNSAUKEN,NJ ,08110,USA,www.genserveinc.com,856-324-0459,"Service,"
11507,Industrial/Commercial Sales & Service,00010001621002,BROOKFIELD SERVICE, 708 GLEBE ROAD,,WESTMORELAND,NH ,03467,USA,www.brookfieldservice.com,802-485-6567,"Service,Up To 600kW,Mobile/Diesel/Gas,"
11507,Industrial/Commercial Sales & Service,00010021101002,SOUTH SHORE GENERATOR INC-Quote, 2696A CRANBERRY HWY,,WAREHAM,MA ,02571,USA,,508-295-7336,"Sales,Service,Up To 600kW,Mobile/Diesel/Gas,"
11507,Industrial/Commercial Sales & Service,00010001701002,SOUTH SHORE GENERATOR INC, ,,EAST WAREHAM,MA ,02538,USA,,508-295-7336,"Financing,Sales,Service,Up To 600kW,Mobile/Diesel/Gas,"
11507,Industrial/Commercial Sales & Service,00111184131002,HUNTER & LOMISON, 1956 W FOURTH ST,,WILLIAMSPORT,PA ,17701,USA,www.hunterlomison.com,570-326-1764,"Sales,Service,Up To 600kW,Mobile/Diesel/Gas,Rental,"
11507,Industrial/Commercial Sales & Service,00010000881002,HUNTER & LOMISON INC., 1956 W. 4TH STREET,,WILLIAMSPORT,PA ,17701,USA,www.hunterlomison.com,570-326-1764,"Service,Up To 600kW,Mobile/Diesel/Gas,"
11507,Industrial/Commercial Sales & Service,00111207431002,WARSHAUER ELECTRIC SUPPLY CO INC, 800 SHREWSBURY AVE,,TINTON FALLS,NJ ,07724,USA,www.warshauer.com,732-741-6400,"Service,"
11507,Industrial/Commercial Sales & Service,00010157021002,Mechanical Service Co, 1145 Oak St.,,Pittston,PA ,18640,USA,,570-654-2445,"Service,"
11509,Industrial/Commercial Sales & Service,00010001611002,Huntington Power, 230 Long Hill Cross Rd,,Shelton,CT ,06484,USA,www.huntingtonpower.com,203-929-3203,"Sales,Service,Up To 2MW,Mobile/Diesel/Gas,Training,Rental,"
11509,Industrial/Commercial Sales & Service,00010214161002,"R.L. KISTLER, INC.", 35 HAMILTON LANE,,GLENMONT,NY ,12077,USA,,585-436-1940,"Sales,Service,"
11509,Industrial/Commercial Sales & Service,00010214161002,"R.L. Kistler, Inc", 300 Mile Crossing Blvd.,,Rochester,NY ,14624,USA,rlkistler.com,585-436-1940,"Sales,"
11509,Industrial/Commercial Sales & Service,00010001611002,Huntington Power, 68 Enter Ln,,Islandia,NY ,11749,USA,,631-563-4943,"Sales,Service,Up To 2MW,Mobile/Diesel/Gas,"
11509,Industrial/Commercial Sales & Service,00010001611002,Huntington Power, 34 E DUDLEY TOWN RD.,,BLOOMFIELD,CT ,06002,USA,,860-289-8790,"Sales,Service,Rental,"
11509,Industrial/Commercial Sales & Service,00010214161002,"R.L. Kistler, Inc", 5615 Business Ave.,,N. Syracuse,NY ,13208,USA,,315-458-2875,"Sales,"
11509,Industrial/Commercial Sales & Service,00010214161002,"R.L. Kistler, Inc", 5615 Business Ave.,,N. Syracuse,NY ,13208,USA,,315-458-2875,"Sales,"
11509,Industrial/Commercial Sales & Service,00010208021002,Modern Group Power Systems, 2501 Durham Road,,Bristol,PA ,19007,USA,www.moderngroup.com,800-404-7291,"Sales,Service,Up To 2MW,Mobile/Diesel/Gas,Training,Rental,"
11509,Industrial/Commercial Sales & Service,00010001731002,Authorized Services Of New England, 410 Forest Street,,Marlborough,MA ,01752,USA,www.asne.com,888-890-9886,"Financing,Sales,Service,Up To 2MW,Mobile/Diesel/Gas,Training,Rental,"
11509,Industrial/Commercial Sales & Service,00010008091002,MODERN HANDLING EQUIP, 75 NEW STREET,,EDISON,NJ ,08837,USA,www.moderngroup.com,800-779-5116,"Sales,Service,Up To 2MW,Mobile/Diesel/Gas,"
11509,Industrial/Commercial Sales & Service,00010208021002,Modern Group Power Systems, 200 Allied Parkway,,West Berlin,NJ ,08091,USA,,800-404-7291,"Sales,Service,Up To 2MW,Mobile/Diesel/Gas,"
11509,Industrial/Commercial Sales & Service,00010208021002,Modern Group Power Systems, 6352 Chapmans Rd,,Allentown,PA ,18106,USA,,800-404-7291,"Sales,Service,Up To 2MW,Mobile/Diesel/Gas,"
11509,Industrial/Commercial Sales & Service,00010208021002,Modern Group Power Systems, 66A South Gate Blvd.,,New Castle,DE ,19720,USA,,800-404-7291,"Sales,Service,Up To 2MW,Mobile/Diesel/Gas,"
11509,Industrial/Commercial Sales & Service,00010208021002,Modern Group Power Systems, 295 New Commerce Blvd.,,Wilkes Barre,PA ,18706,USA,,800-404-7291,"Sales,Service,Up To 2MW,Mobile/Diesel/Gas,"
11509,Industrial/Commercial Sales & Service,00010000931002,"EMERGENCY POWER SYSTEMS, LLC", 35 HAMILTON LANE,,GLENMONT,NY ,12077,USA,,800-914-1465,"Service,Up To 2MW,Mobile/Diesel/Gas,"
11509,Industrial/Commercial Sales & Service,00010000931002,"EMERGENCY POWER SYSTEMS, LLC", 35 HAMILTON LANE,,GLENMONT,NY ,12077,USA,,800-914-1465,"Service,"
11509,Industrial/Commercial Sales & Service,00010208021002,Modern Group Power Systems, 3480 Board Road,,York,PA ,17402,USA,,800-404-7291,"Sales,Service,Up To 2MW,Mobile/Diesel/Gas,"
11509,Industrial/Commercial Sales & Service,00010001731002,AUTHORIZED SERVICES OF NEW ENGLAND, 410 FOREST STREET,,MARLBOROUGH,MA ,01752,USA,,888-890-9886,"Sales,"
11509,Industrial/Commercial Sales & Service,00010001761002,"GENSERVE, INC.", 100 NEWTOWN RD,,PLAINVIEW,NY ,11803,USA,www.genserveinc.com,631-435-0437,"Service,"
11509,Industrial/Commercial Sales & Service,00111209521002,LONG ISLAND EMERGENCY POWER -QO, 2 Ocean Avenue,,DEER PARK,NY ,11729,USA,,631-586-7513,"Sales,"
11509,Industrial/Commercial Sales & Service,00010139211002,POWERPRO SERVICE CO. INC., 608 JOHNSON AVE. UNIT 6,,BOHEMIA,NY ,11716,USA,,631-567-2700,"Sales,Service,Up To 600kW,Mobile/Diesel/Gas,"
11509,Industrial/Commercial Sales & Service,00111209531002,HUNTINGTON POWER - LONG ISLAND, PO BOX 2040,,SHELTON,CT ,06484,USA,,631-586-7513,"Sales,"
11509,Industrial/Commercial Sales & Service,00010134071002,PEAK POWER SYSTEMS, 99 SPRAGUE AVENUE,,MIDDLETOWN,NY ,10940,USA,www.peakpowersystems.com,845-344-1975,"Sales,Service,Up To 600kW,Mobile/Diesel/Gas,Rental,"
11509,Industrial/Commercial Sales & Service,00010001761002,"GENSERVE, INC.", 115A TWINBRIDGE DR.,,PENNSAUKEN,NJ ,08110,USA,www.genserveinc.com,856-324-0459,"Service,"
11509,Industrial/Commercial Sales & Service,00010021101002,SOUTH SHORE GENERATOR INC-Quote, 2696A CRANBERRY HWY,,WAREHAM,MA ,02571,USA,,508-295-7336,"Sales,Service,Up To 600kW,Mobile/Diesel/Gas,"
11509,Industrial/Commercial Sales & Service,00010001621002,BROOKFIELD SERVICE, 708 GLEBE ROAD,,WESTMORELAND,NH ,03467,USA,www.brookfieldservice.com,802-485-6567,"Service,Up To 600kW,Mobile/Diesel/Gas,"
11509,Industrial/Commercial Sales & Service,00111184131002,HUNTER & LOMISON, 1956 W FOURTH ST,,WILLIAMSPORT,PA ,17701,USA,www.hunterlomison.com,570-326-1764,"Sales,Service,Up To 600kW,Mobile/Diesel/Gas,Rental,"
11509,Industrial/Commercial Sales & Service,00010000881002,HUNTER & LOMISON INC., 1956 W. 4TH STREET,,WILLIAMSPORT,PA ,17701,USA,www.hunterlomison.com,570-326-1764,"Service,Up To 600kW,Mobile/Diesel/Gas,"
11509,Industrial/Commercial Sales & Service,00010001701002,SOUTH SHORE GENERATOR INC, ,,EAST WAREHAM,MA ,02538,USA,,508-295-7336,"Financing,Sales,Service,Up To 600kW,Mobile/Diesel/Gas,"
11509,Industrial/Commercial Sales & Service,00111207431002,WARSHAUER ELECTRIC SUPPLY CO INC, 800 SHREWSBURY AVE,,TINTON FALLS,NJ ,07724,USA,www.warshauer.com,732-741-6400,"Service,"
11509,Industrial/Commercial Sales & Service,00010157021002,Mechanical Service Co, 1145 Oak St.,,Pittston,PA ,18640,USA,,570-654-2445,"Service,"
11510,Industrial/Commercial Sales & Service,00010214161002,"R.L. KISTLER, INC.", 35 HAMILTON LANE,,GLENMONT,NY ,12077,USA,,585-436-1940,"Sales,Service,"
11510,Industrial/Commercial Sales & Service,00010001611002,Huntington Power, 230 Long Hill Cross Rd,,Shelton,CT ,06484,USA,www.huntingtonpower.com,203-929-3203,"Sales,Service,Up To 2MW,Mobile/Diesel/Gas,Training,Rental,"
11510,Industrial/Commercial Sales & Service,00010214161002,"R.L. Kistler, Inc", 300 Mile Crossing Blvd.,,Rochester,NY ,14624,USA,rlkistler.com,585-436-1940,"Sales,"
11510,Industrial/Commercial Sales & Service,00010214161002,"R.L. Kistler, Inc", 5615 Business Ave.,,N. Syracuse,NY ,13208,USA,,315-458-2875,"Sales,"
11510,Industrial/Commercial Sales & Service,00010001611002,Huntington Power, 68 Enter Ln,,Islandia,NY ,11749,USA,,631-563-4943,"Sales,Service,Up To 2MW,Mobile/Diesel/Gas,"
11510,Industrial/Commercial Sales & Service,00010001611002,Huntington Power, 34 E DUDLEY TOWN RD.,,BLOOMFIELD,CT ,06002,USA,,860-289-8790,"Sales,Service,Rental,"
11510,Industrial/Commercial Sales & Service,00010214161002,"R.L. Kistler, Inc", 5615 Business Ave.,,N. Syracuse,NY ,13208,USA,,315-458-2875,"Sales,"
11510,Industrial/Commercial Sales & Service,00010208021002,Modern Group Power Systems, 2501 Durham Road,,Bristol,PA ,19007,USA,www.moderngroup.com,800-404-7291,"Sales,Service,Up To 2MW,Mobile/Diesel/Gas,Training,Rental,"
11510,Industrial/Commercial Sales & Service,00010001731002,Authorized Services Of New England, 410 Forest Street,,Marlborough,MA ,01752,USA,www.asne.com,888-890-9886,"Financing,Sales,Service,Up To 2MW,Mobile/Diesel/Gas,Training,Rental,"
11510,Industrial/Commercial Sales & Service,00010008091002,MODERN HANDLING EQUIP, 75 NEW STREET,,EDISON,NJ ,08837,USA,www.moderngroup.com,800-779-5116,"Sales,Service,Up To 2MW,Mobile/Diesel/Gas,"
11510,Industrial/Commercial Sales & Service,00010208021002,Modern Group Power Systems, 200 Allied Parkway,,West Berlin,NJ ,08091,USA,,800-404-7291,"Sales,Service,Up To 2MW,Mobile/Diesel/Gas,"
11510,Industrial/Commercial Sales & Service,00010208021002,Modern Group Power Systems, 6352 Chapmans Rd,,Allentown,PA ,18106,USA,,800-404-7291,"Sales,Service,Up To 2MW,Mobile/Diesel/Gas,"
11510,Industrial/Commercial Sales & Service,00010208021002,Modern Group Power Systems, 66A South Gate Blvd.,,New Castle,DE ,19720,USA,,800-404-7291,"Sales,Service,Up To 2MW,Mobile/Diesel/Gas,"
11510,Industrial/Commercial Sales & Service,00010208021002,Modern Group Power Systems, 295 New Commerce Blvd.,,Wilkes Barre,PA ,18706,USA,,800-404-7291,"Sales,Service,Up To 2MW,Mobile/Diesel/Gas,"
11510,Industrial/Commercial Sales & Service,00010000931002,"EMERGENCY POWER SYSTEMS, LLC", 35 HAMILTON LANE,,GLENMONT,NY ,12077,USA,,800-914-1465,"Service,Up To 2MW,Mobile/Diesel/Gas,"
11510,Industrial/Commercial Sales & Service,00010000931002,"EMERGENCY POWER SYSTEMS, LLC", 35 HAMILTON LANE,,GLENMONT,NY ,12077,USA,,800-914-1465,"Service,"
11510,Industrial/Commercial Sales & Service,00010001731002,AUTHORIZED SERVICES OF NEW ENGLAND, 410 FOREST STREET,,MARLBOROUGH,MA ,01752,USA,,888-890-9886,"Sales,"
11510,Industrial/Commercial Sales & Service,00010208021002,Modern Group Power Systems, 3480 Board Road,,York,PA ,17402,USA,,800-404-7291,"Sales,Service,Up To 2MW,Mobile/Diesel/Gas,"
11510,Industrial/Commercial Sales & Service,00010001761002,"GENSERVE, INC.", 100 NEWTOWN RD,,PLAINVIEW,NY ,11803,USA,www.genserveinc.com,631-435-0437,"Service,"
11510,Industrial/Commercial Sales & Service,00111209521002,LONG ISLAND EMERGENCY POWER -QO, 2 Ocean Avenue,,DEER PARK,NY ,11729,USA,,631-586-7513,"Sales,"
11510,Industrial/Commercial Sales & Service,00010139211002,POWERPRO SERVICE CO. INC., 608 JOHNSON AVE. UNIT 6,,BOHEMIA,NY ,11716,USA,,631-567-2700,"Sales,Service,Up To 600kW,Mobile/Diesel/Gas,"
11510,Industrial/Commercial Sales & Service,00111209531002,HUNTINGTON POWER - LONG ISLAND, PO BOX 2040,,SHELTON,CT ,06484,USA,,631-586-7513,"Sales,"
11510,Industrial/Commercial Sales & Service,00010134071002,PEAK POWER SYSTEMS, 99 SPRAGUE AVENUE,,MIDDLETOWN,NY ,10940,USA,www.peakpowersystems.com,845-344-1975,"Sales,Service,Up To 600kW,Mobile/Diesel/Gas,Rental,"
11510,Industrial/Commercial Sales & Service,00010001761002,"GENSERVE, INC.", 115A TWINBRIDGE DR.,,PENNSAUKEN,NJ ,08110,USA,www.genserveinc.com,856-324-0459,"Service,"
11510,Industrial/Commercial Sales & Service,00010021101002,SOUTH SHORE GENERATOR INC-Quote, 2696A CRANBERRY HWY,,WAREHAM,MA ,02571,USA,,508-295-7336,"Sales,Service,Up To 600kW,Mobile/Diesel/Gas,"
11510,Industrial/Commercial Sales & Service,00010001621002,BROOKFIELD SERVICE, 708 GLEBE ROAD,,WESTMORELAND,NH ,03467,USA,www.brookfieldservice.com,802-485-6567,"Service,Up To 600kW,Mobile/Diesel/Gas,"
11510,Industrial/Commercial Sales & Service,00010001701002,SOUTH SHORE GENERATOR INC, ,,EAST WAREHAM,MA ,02538,USA,,508-295-7336,"Financing,Sales,Service,Up To 600kW,Mobile/Diesel/Gas,"
11510,Industrial/Commercial Sales & Service,00111184131002,HUNTER & LOMISON, 1956 W FOURTH ST,,WILLIAMSPORT,PA ,17701,USA,www.hunterlomison.com,570-326-1764,"Sales,Service,Up To 600kW,Mobile/Diesel/Gas,Rental,"
11510,Industrial/Commercial Sales & Service,00010000881002,HUNTER & LOMISON INC., 1956 W. 4TH STREET,,WILLIAMSPORT,PA ,17701,USA,www.hunterlomison.com,570-326-1764,"Service,Up To 600kW,Mobile/Diesel/Gas,"
11510,Industrial/Commercial Sales & Service,00111207431002,WARSHAUER ELECTRIC SUPPLY CO INC, 800 SHREWSBURY AVE,,TINTON FALLS,NJ ,07724,USA,www.warshauer.com,732-741-6400,"Service,"
11510,Industrial/Commercial Sales & Service,00010157021002,Mechanical Service Co, 1145 Oak St.,,Pittston,PA ,18640,USA,,570-654-2445,"Service,"
11514,Industrial/Commercial Sales & Service,00010214161002,"R.L. Kistler, Inc", 300 Mile Crossing Blvd.,,Rochester,NY ,14624,USA,rlkistler.com,585-436-1940,"Sales,"
11514,Industrial/Commercial Sales & Service,00010001611002,Huntington Power, 230 Long Hill Cross Rd,,Shelton,CT ,06484,USA,www.huntingtonpower.com,203-929-3203,"Sales,Service,Up To 2MW,Mobile/Diesel/Gas,Training,Rental,"
11514,Industrial/Commercial Sales & Service,00010214161002,"R.L. KISTLER, INC.", 35 HAMILTON LANE,,GLENMONT,NY ,12077,USA,,585-436-1940,"Sales,Service,"
11514,Industrial/Commercial Sales & Service,00010214161002,"R.L. Kistler, Inc", 5615 Business Ave.,,N. Syracuse,NY ,13208,USA,,315-458-2875,"Sales,"
11514,Industrial/Commercial Sales & Service,00010001611002,Huntington Power, 68 Enter Ln,,Islandia,NY ,11749,USA,,631-563-4943,"Sales,Service,Up To 2MW,Mobile/Diesel/Gas,"
11514,Industrial/Commercial Sales & Service,00010001611002,Huntington Power, 34 E DUDLEY TOWN RD.,,BLOOMFIELD,CT ,06002,USA,,860-289-8790,"Sales,Service,Rental,"
11514,Industrial/Commercial Sales & Service,00010214161002,"R.L. Kistler, Inc", 5615 Business Ave.,,N. Syracuse,NY ,13208,USA,,315-458-2875,"Sales,"
11514,Industrial/Commercial Sales & Service,00010208021002,Modern Group Power Systems, 2501 Durham Road,,Bristol,PA ,19007,USA,www.moderngroup.com,800-404-7291,"Sales,Service,Up To 2MW,Mobile/Diesel/Gas,Training,Rental,"
11514,Industrial/Commercial Sales & Service,00010001731002,Authorized Services Of New England, 410 Forest Street,,Marlborough,MA ,01752,USA,www.asne.com,888-890-9886,"Financing,Sales,Service,Up To 2MW,Mobile/Diesel/Gas,Training,Rental,"
11514,Industrial/Commercial Sales & Service,00010008091002,MODERN HANDLING EQUIP, 75 NEW STREET,,EDISON,NJ ,08837,USA,www.moderngroup.com,800-779-5116,"Sales,Service,Up To 2MW,Mobile/Diesel/Gas,"
11514,Industrial/Commercial Sales & Service,00010208021002,Modern Group Power Systems, 200 Allied Parkway,,West Berlin,NJ ,08091,USA,,800-404-7291,"Sales,Service,Up To 2MW,Mobile/Diesel/Gas,"
11514,Industrial/Commercial Sales & Service,00010208021002,Modern Group Power Systems, 6352 Chapmans Rd,,Allentown,PA ,18106,USA,,800-404-7291,"Sales,Service,Up To 2MW,Mobile/Diesel/Gas,"
11514,Industrial/Commercial Sales & Service,00010208021002,Modern Group Power Systems, 295 New Commerce Blvd.,,Wilkes Barre,PA ,18706,USA,,800-404-7291,"Sales,Service,Up To 2MW,Mobile/Diesel/Gas,"
11514,Industrial/Commercial Sales & Service,00010000931002,"EMERGENCY POWER SYSTEMS, LLC", 35 HAMILTON LANE,,GLENMONT,NY ,12077,USA,,800-914-1465,"Service,Up To 2MW,Mobile/Diesel/Gas,"
11514,Industrial/Commercial Sales & Service,00010000931002,"EMERGENCY POWER SYSTEMS, LLC", 35 HAMILTON LANE,,GLENMONT,NY ,12077,USA,,800-914-1465,"Service,"
11514,Industrial/Commercial Sales & Service,00010208021002,Modern Group Power Systems, 66A South Gate Blvd.,,New Castle,DE ,19720,USA,,800-404-7291,"Sales,Service,Up To 2MW,Mobile/Diesel/Gas,"
11514,Industrial/Commercial Sales & Service,00010001731002,AUTHORIZED SERVICES OF NEW ENGLAND, 410 FOREST STREET,,MARLBOROUGH,MA ,01752,USA,,888-890-9886,"Sales,"
11514,Industrial/Commercial Sales & Service,00010208021002,Modern Group Power Systems, 3480 Board Road,,York,PA ,17402,USA,,800-404-7291,"Sales,Service,Up To 2MW,Mobile/Diesel/Gas,"
11514,Industrial/Commercial Sales & Service,00010001761002,"GENSERVE, INC.", 100 NEWTOWN RD,,PLAINVIEW,NY ,11803,USA,www.genserveinc.com,631-435-0437,"Service,"
11514,Industrial/Commercial Sales & Service,00111209521002,LONG ISLAND EMERGENCY POWER -QO, 2 Ocean Avenue,,DEER PARK,NY ,11729,USA,,631-586-7513,"Sales,"
11514,Industrial/Commercial Sales & Service,00010139211002,POWERPRO SERVICE CO. INC., 608 JOHNSON AVE. UNIT 6,,BOHEMIA,NY ,11716,USA,,631-567-2700,"Sales,Service,Up To 600kW,Mobile/Diesel/Gas,"
11514,Industrial/Commercial Sales & Service,00111209531002,HUNTINGTON POWER - LONG ISLAND, PO BOX 2040,,SHELTON,CT ,06484,USA,,631-586-7513,"Sales,"
11514,Industrial/Commercial Sales & Service,00010134071002,PEAK POWER SYSTEMS, 99 SPRAGUE AVENUE,,MIDDLETOWN,NY ,10940,USA,www.peakpowersystems.com,845-344-1975,"Sales,Service,Up To 600kW,Mobile/Diesel/Gas,Rental,"
11514,Industrial/Commercial Sales & Service,00010001761002,"GENSERVE, INC.", 115A TWINBRIDGE DR.,,PENNSAUKEN,NJ ,08110,USA,www.genserveinc.com,856-324-0459,"Service,"
11514,Industrial/Commercial Sales & Service,00010001621002,BROOKFIELD SERVICE, 708 GLEBE ROAD,,WESTMORELAND,NH ,03467,USA,www.brookfieldservice.com,802-485-6567,"Service,Up To 600kW,Mobile/Diesel/Gas,"
11514,Industrial/Commercial Sales & Service,00010021101002,SOUTH SHORE GENERATOR INC-Quote, 2696A CRANBERRY HWY,,WAREHAM,MA ,02571,USA,,508-295-7336,"Sales,Service,Up To 600kW,Mobile/Diesel/Gas,"
11514,Industrial/Commercial Sales & Service,00010001701002,SOUTH SHORE GENERATOR INC, ,,EAST WAREHAM,MA ,02538,USA,,508-295-7336,"Financing,Sales,Service,Up To 600kW,Mobile/Diesel/Gas,"
11514,Industrial/Commercial Sales & Service,00111184131002,HUNTER & LOMISON, 1956 W FOURTH ST,,WILLIAMSPORT,PA ,17701,USA,www.hunterlomison.com,570-326-1764,"Sales,Service,Up To 600kW,Mobile/Diesel/Gas,Rental,"
11514,Industrial/Commercial Sales & Service,00010000881002,HUNTER & LOMISON INC., 1956 W. 4TH STREET,,WILLIAMSPORT,PA ,17701,USA,www.hunterlomison.com,570-326-1764,"Service,Up To 600kW,Mobile/Diesel/Gas,"
11514,Industrial/Commercial Sales & Service,00111207431002,WARSHAUER ELECTRIC SUPPLY CO INC, 800 SHREWSBURY AVE,,TINTON FALLS,NJ ,07724,USA,www.warshauer.com,732-741-6400,"Service,"
11514,Industrial/Commercial Sales & Service,00010157021002,Mechanical Service Co, 1145 Oak St.,,Pittston,PA ,18640,USA,,570-654-2445,"Service,"
11516,Industrial/Commercial Sales & Service,00010214161002,"R.L. Kistler, Inc", 300 Mile Crossing Blvd.,,Rochester,NY ,14624,USA,rlkistler.com,585-436-1940,"Sales,"
11516,Industrial/Commercial Sales & Service,00010214161002,"R.L. KISTLER, INC.", 35 HAMILTON LANE,,GLENMONT,NY ,12077,USA,,585-436-1940,"Sales,Service,"
11516,Industrial/Commercial Sales & Service,00010001611002,Huntington Power, 230 Long Hill Cross Rd,,Shelton,CT ,06484,USA,www.huntingtonpower.com,203-929-3203,"Sales,Service,Up To 2MW,Mobile/Diesel/Gas,Training,Rental,"
11516,Industrial/Commercial Sales & Service,00010214161002,"R.L. Kistler, Inc", 5615 Business Ave.,,N. Syracuse,NY ,13208,USA,,315-458-2875,"Sales,"
11516,Industrial/Commercial Sales & Service,00010214161002,"R.L. Kistler, Inc", 5615 Business Ave.,,N. Syracuse,NY ,13208,USA,,315-458-2875,"Sales,"
11516,Industrial/Commercial Sales & Service,00010001611002,Huntington Power, 68 Enter Ln,,Islandia,NY ,11749,USA,,631-563-4943,"Sales,Service,Up To 2MW,Mobile/Diesel/Gas,"
11516,Industrial/Commercial Sales & Service,00010001611002,Huntington Power, 34 E DUDLEY TOWN RD.,,BLOOMFIELD,CT ,06002,USA,,860-289-8790,"Sales,Service,Rental,"
11516,Industrial/Commercial Sales & Service,00010208021002,Modern Group Power Systems, 2501 Durham Road,,Bristol,PA ,19007,USA,www.moderngroup.com,800-404-7291,"Sales,Service,Up To 2MW,Mobile/Diesel/Gas,Training,Rental,"
11516,Industrial/Commercial Sales & Service,00010001731002,Authorized Services Of New England, 410 Forest Street,,Marlborough,MA ,01752,USA,www.asne.com,888-890-9886,"Financing,Sales,Service,Up To 2MW,Mobile/Diesel/Gas,Training,Rental,"
11516,Industrial/Commercial Sales & Service,00010008091002,MODERN HANDLING EQUIP, 75 NEW STREET,,EDISON,NJ ,08837,USA,www.moderngroup.com,800-779-5116,"Sales,Service,Up To 2MW,Mobile/Diesel/Gas,"
11516,Industrial/Commercial Sales & Service,00010208021002,Modern Group Power Systems, 200 Allied Parkway,,West Berlin,NJ ,08091,USA,,800-404-7291,"Sales,Service,Up To 2MW,Mobile/Diesel/Gas,"
11516,Industrial/Commercial Sales & Service,00010208021002,Modern Group Power Systems, 6352 Chapmans Rd,,Allentown,PA ,18106,USA,,800-404-7291,"Sales,Service,Up To 2MW,Mobile/Diesel/Gas,"
11516,Industrial/Commercial Sales & Service,00010208021002,Modern Group Power Systems, 66A South Gate Blvd.,,New Castle,DE ,19720,USA,,800-404-7291,"Sales,Service,Up To 2MW,Mobile/Diesel/Gas,"
11516,Industrial/Commercial Sales & Service,00010208021002,Modern Group Power Systems, 295 New Commerce Blvd.,,Wilkes Barre,PA ,18706,USA,,800-404-7291,"Sales,Service,Up To 2MW,Mobile/Diesel/Gas,"
11516,Industrial/Commercial Sales & Service,00010000931002,"EMERGENCY POWER SYSTEMS, LLC", 35 HAMILTON LANE,,GLENMONT,NY ,12077,USA,,800-914-1465,"Service,Up To 2MW,Mobile/Diesel/Gas,"
11516,Industrial/Commercial Sales & Service,00010000931002,"EMERGENCY POWER SYSTEMS, LLC", 35 HAMILTON LANE,,GLENMONT,NY ,12077,USA,,800-914-1465,"Service,"
11516,Industrial/Commercial Sales & Service,00010208021002,Modern Group Power Systems, 3480 Board Road,,York,PA ,17402,USA,,800-404-7291,"Sales,Service,Up To 2MW,Mobile/Diesel/Gas,"
11516,Industrial/Commercial Sales & Service,00010001731002,AUTHORIZED SERVICES OF NEW ENGLAND, 410 FOREST STREET,,MARLBOROUGH,MA ,01752,USA,,888-890-9886,"Sales,"
11516,Industrial/Commercial Sales & Service,00010001761002,"GENSERVE, INC.", 100 NEWTOWN RD,,PLAINVIEW,NY ,11803,USA,www.genserveinc.com,631-435-0437,"Service,"
11516,Industrial/Commercial Sales & Service,00111209521002,LONG ISLAND EMERGENCY POWER -QO, 2 Ocean Avenue,,DEER PARK,NY ,11729,USA,,631-586-7513,"Sales,"
11516,Industrial/Commercial Sales & Service,00010139211002,POWERPRO SERVICE CO. INC., 608 JOHNSON AVE. UNIT 6,,BOHEMIA,NY ,11716,USA,,631-567-2700,"Sales,Service,Up To 600kW,Mobile/Diesel/Gas,"
11516,Industrial/Commercial Sales & Service,00111209531002,HUNTINGTON POWER - LONG ISLAND, PO BOX 2040,,SHELTON,CT ,06484,USA,,631-586-7513,"Sales,"
11516,Industrial/Commercial Sales & Service,00010134071002,PEAK POWER SYSTEMS, 99 SPRAGUE AVENUE,,MIDDLETOWN,NY ,10940,USA,www.peakpowersystems.com,845-344-1975,"Sales,Service,Up To 600kW,Mobile/Diesel/Gas,Rental,"
11516,Industrial/Commercial Sales & Service,00010001761002,"GENSERVE, INC.", 115A TWINBRIDGE DR.,,PENNSAUKEN,NJ ,08110,USA,www.genserveinc.com,856-324-0459,"Service,"
11516,Industrial/Commercial Sales & Service,00010001621002,BROOKFIELD SERVICE, 708 GLEBE ROAD,,WESTMORELAND,NH ,03467,USA,www.brookfieldservice.com,802-485-6567,"Service,Up To 600kW,Mobile/Diesel/Gas,"
11516,Industrial/Commercial Sales & Service,00010021101002,SOUTH SHORE GENERATOR INC-Quote, 2696A CRANBERRY HWY,,WAREHAM,MA ,02571,USA,,508-295-7336,"Sales,Service,Up To 600kW,Mobile/Diesel/Gas,"
11516,Industrial/Commercial Sales & Service,00111184131002,HUNTER & LOMISON, 1956 W FOURTH ST,,WILLIAMSPORT,PA ,17701,USA,www.hunterlomison.com,570-326-1764,"Sales,Service,Up To 600kW,Mobile/Diesel/Gas,Rental,"
11516,Industrial/Commercial Sales & Service,00010000881002,HUNTER & LOMISON INC., 1956 W. 4TH STREET,,WILLIAMSPORT,PA ,17701,USA,www.hunterlomison.com,570-326-1764,"Service,Up To 600kW,Mobile/Diesel/Gas,"
11516,Industrial/Commercial Sales & Service,00010001701002,SOUTH SHORE GENERATOR INC, ,,EAST WAREHAM,MA ,02538,USA,,508-295-7336,"Financing,Sales,Service,Up To 600kW,Mobile/Diesel/Gas,"
11516,Industrial/Commercial Sales & Service,00111207431002,WARSHAUER ELECTRIC SUPPLY CO INC, 800 SHREWSBURY AVE,,TINTON FALLS,NJ ,07724,USA,www.warshauer.com,732-741-6400,"Service,"
11516,Industrial/Commercial Sales & Service,00010157021002,Mechanical Service Co, 1145 Oak St.,,Pittston,PA ,18640,USA,,570-654-2445,"Service,"
11518,Industrial/Commercial Sales & Service,00010214161002,"R.L. KISTLER, INC.", 35 HAMILTON LANE,,GLENMONT,NY ,12077,USA,,585-436-1940,"Sales,Service,"
11518,Industrial/Commercial Sales & Service,00010214161002,"R.L. Kistler, Inc", 300 Mile Crossing Blvd.,,Rochester,NY ,14624,USA,rlkistler.com,585-436-1940,"Sales,"
11518,Industrial/Commercial Sales & Service,00010001611002,Huntington Power, 230 Long Hill Cross Rd,,Shelton,CT ,06484,USA,www.huntingtonpower.com,203-929-3203,"Sales,Service,Up To 2MW,Mobile/Diesel/Gas,Training,Rental,"
11518,Industrial/Commercial Sales & Service,00010214161002,"R.L. Kistler, Inc", 5615 Business Ave.,,N. Syracuse,NY ,13208,USA,,315-458-2875,"Sales,"
11518,Industrial/Commercial Sales & Service,00010214161002,"R.L. Kistler, Inc", 5615 Business Ave.,,N. Syracuse,NY ,13208,USA,,315-458-2875,"Sales,"
11518,Industrial/Commercial Sales & Service,00010001611002,Huntington Power, 68 Enter Ln,,Islandia,NY ,11749,USA,,631-563-4943,"Sales,Service,Up To 2MW,Mobile/Diesel/Gas,"
11518,Industrial/Commercial Sales & Service,00010001611002,Huntington Power, 34 E DUDLEY TOWN RD.,,BLOOMFIELD,CT ,06002,USA,,860-289-8790,"Sales,Service,Rental,"
11518,Industrial/Commercial Sales & Service,00010208021002,Modern Group Power Systems, 2501 Durham Road,,Bristol,PA ,19007,USA,www.moderngroup.com,800-404-7291,"Sales,Service,Up To 2MW,Mobile/Diesel/Gas,Training,Rental,"
11518,Industrial/Commercial Sales & Service,00010001731002,Authorized Services Of New England, 410 Forest Street,,Marlborough,MA ,01752,USA,www.asne.com,888-890-9886,"Financing,Sales,Service,Up To 2MW,Mobile/Diesel/Gas,Training,Rental,"
11518,Industrial/Commercial Sales & Service,00010008091002,MODERN HANDLING EQUIP, 75 NEW STREET,,EDISON,NJ ,08837,USA,www.moderngroup.com,800-779-5116,"Sales,Service,Up To 2MW,Mobile/Diesel/Gas,"
11518,Industrial/Commercial Sales & Service,00010208021002,Modern Group Power Systems, 200 Allied Parkway,,West Berlin,NJ ,08091,USA,,800-404-7291,"Sales,Service,Up To 2MW,Mobile/Diesel/Gas,"
11518,Industrial/Commercial Sales & Service,00010208021002,Modern Group Power Systems, 6352 Chapmans Rd,,Allentown,PA ,18106,USA,,800-404-7291,"Sales,Service,Up To 2MW,Mobile/Diesel/Gas,"
11518,Industrial/Commercial Sales & Service,00010208021002,Modern Group Power Systems, 66A South Gate Blvd.,,New Castle,DE ,19720,USA,,800-404-7291,"Sales,Service,Up To 2MW,Mobile/Diesel/Gas,"
11518,Industrial/Commercial Sales & Service,00010208021002,Modern Group Power Systems, 295 New Commerce Blvd.,,Wilkes Barre,PA ,18706,USA,,800-404-7291,"Sales,Service,Up To 2MW,Mobile/Diesel/Gas,"
11518,Industrial/Commercial Sales & Service,00010000931002,"EMERGENCY POWER SYSTEMS, LLC", 35 HAMILTON LANE,,GLENMONT,NY ,12077,USA,,800-914-1465,"Service,Up To 2MW,Mobile/Diesel/Gas,"
11518,Industrial/Commercial Sales & Service,00010000931002,"EMERGENCY POWER SYSTEMS, LLC", 35 HAMILTON LANE,,GLENMONT,NY ,12077,USA,,800-914-1465,"Service,"
11518,Industrial/Commercial Sales & Service,00010001731002,AUTHORIZED SERVICES OF NEW ENGLAND, 410 FOREST STREET,,MARLBOROUGH,MA ,01752,USA,,888-890-9886,"Sales,"
11518,Industrial/Commercial Sales & Service,00010208021002,Modern Group Power Systems, 3480 Board Road,,York,PA ,17402,USA,,800-404-7291,"Sales,Service,Up To 2MW,Mobile/Diesel/Gas,"
11518,Industrial/Commercial Sales & Service,00010001761002,"GENSERVE, INC.", 100 NEWTOWN RD,,PLAINVIEW,NY ,11803,USA,www.genserveinc.com,631-435-0437,"Service,"
11518,Industrial/Commercial Sales & Service,00111209521002,LONG ISLAND EMERGENCY POWER -QO, 2 Ocean Avenue,,DEER PARK,NY ,11729,USA,,631-586-7513,"Sales,"
11518,Industrial/Commercial Sales & Service,00010139211002,POWERPRO SERVICE CO. INC., 608 JOHNSON AVE. UNIT 6,,BOHEMIA,NY ,11716,USA,,631-567-2700,"Sales,Service,Up To 600kW,Mobile/Diesel/Gas,"
11518,Industrial/Commercial Sales & Service,00111209531002,HUNTINGTON POWER - LONG ISLAND, PO BOX 2040,,SHELTON,CT ,06484,USA,,631-586-7513,"Sales,"
11518,Industrial/Commercial Sales & Service,00010134071002,PEAK POWER SYSTEMS, 99 SPRAGUE AVENUE,,MIDDLETOWN,NY ,10940,USA,www.peakpowersystems.com,845-344-1975,"Sales,Service,Up To 600kW,Mobile/Diesel/Gas,Rental,"
11518,Industrial/Commercial Sales & Service,00010001761002,"GENSERVE, INC.", 115A TWINBRIDGE DR.,,PENNSAUKEN,NJ ,08110,USA,www.genserveinc.com,856-324-0459,"Service,"
11518,Industrial/Commercial Sales & Service,00010001621002,BROOKFIELD SERVICE, 708 GLEBE ROAD,,WESTMORELAND,NH ,03467,USA,www.brookfieldservice.com,802-485-6567,"Service,Up To 600kW,Mobile/Diesel/Gas,"
11518,Industrial/Commercial Sales & Service,00010021101002,SOUTH SHORE GENERATOR INC-Quote, 2696A CRANBERRY HWY,,WAREHAM,MA ,02571,USA,,508-295-7336,"Sales,Service,Up To 600kW,Mobile/Diesel/Gas,"
11518,Industrial/Commercial Sales & Service,00010001701002,SOUTH SHORE GENERATOR INC, ,,EAST WAREHAM,MA ,02538,USA,,508-295-7336,"Financing,Sales,Service,Up To 600kW,Mobile/Diesel/Gas,"
11518,Industrial/Commercial Sales & Service,00111184131002,HUNTER & LOMISON, 1956 W FOURTH ST,,WILLIAMSPORT,PA ,17701,USA,www.hunterlomison.com,570-326-1764,"Sales,Service,Up To 600kW,Mobile/Diesel/Gas,Rental,"
11518,Industrial/Commercial Sales & Service,00010000881002,HUNTER & LOMISON INC., 1956 W. 4TH STREET,,WILLIAMSPORT,PA ,17701,USA,www.hunterlomison.com,570-326-1764,"Service,Up To 600kW,Mobile/Diesel/Gas,"
11518,Industrial/Commercial Sales & Service,00111207431002,WARSHAUER ELECTRIC SUPPLY CO INC, 800 SHREWSBURY AVE,,TINTON FALLS,NJ ,07724,USA,www.warshauer.com,732-741-6400,"Service,"
11518,Industrial/Commercial Sales & Service,00010157021002,Mechanical Service Co, 1145 Oak St.,,Pittston,PA ,18640,USA,,570-654-2445,"Service,"
11520,Industrial/Commercial Sales & Service,00010214161002,"R.L. Kistler, Inc", 300 Mile Crossing Blvd.,,Rochester,NY ,14624,USA,rlkistler.com,585-436-1940,"Sales,"
11520,Industrial/Commercial Sales & Service,00010214161002,"R.L. KISTLER, INC.", 35 HAMILTON LANE,,GLENMONT,NY ,12077,USA,,585-436-1940,"Sales,Service,"
11520,Industrial/Commercial Sales & Service,00010001611002,Huntington Power, 230 Long Hill Cross Rd,,Shelton,CT ,06484,USA,www.huntingtonpower.com,203-929-3203,"Sales,Service,Up To 2MW,Mobile/Diesel/Gas,Training,Rental,"
11520,Industrial/Commercial Sales & Service,00010214161002,"R.L. Kistler, Inc", 5615 Business Ave.,,N. Syracuse,NY ,13208,USA,,315-458-2875,"Sales,"
11520,Industrial/Commercial Sales & Service,00010214161002,"R.L. Kistler, Inc", 5615 Business Ave.,,N. Syracuse,NY ,13208,USA,,315-458-2875,"Sales,"
11520,Industrial/Commercial Sales & Service,00010001611002,Huntington Power, 68 Enter Ln,,Islandia,NY ,11749,USA,,631-563-4943,"Sales,Service,Up To 2MW,Mobile/Diesel/Gas,"
11520,Industrial/Commercial Sales & Service,00010001611002,Huntington Power, 34 E DUDLEY TOWN RD.,,BLOOMFIELD,CT ,06002,USA,,860-289-8790,"Sales,Service,Rental,"
11520,Industrial/Commercial Sales & Service,00010208021002,Modern Group Power Systems, 2501 Durham Road,,Bristol,PA ,19007,USA,www.moderngroup.com,800-404-7291,"Sales,Service,Up To 2MW,Mobile/Diesel/Gas,Training,Rental,"
11520,Industrial/Commercial Sales & Service,00010001731002,Authorized Services Of New England, 410 Forest Street,,Marlborough,MA ,01752,USA,www.asne.com,888-890-9886,"Financing,Sales,Service,Up To 2MW,Mobile/Diesel/Gas,Training,Rental,"
11520,Industrial/Commercial Sales & Service,00010008091002,MODERN HANDLING EQUIP, 75 NEW STREET,,EDISON,NJ ,08837,USA,www.moderngroup.com,800-779-5116,"Sales,Service,Up To 2MW,Mobile/Diesel/Gas,"
11520,Industrial/Commercial Sales & Service,00010208021002,Modern Group Power Systems, 200 Allied Parkway,,West Berlin,NJ ,08091,USA,,800-404-7291,"Sales,Service,Up To 2MW,Mobile/Diesel/Gas,"
11520,Industrial/Commercial Sales & Service,00010208021002,Modern Group Power Systems, 6352 Chapmans Rd,,Allentown,PA ,18106,USA,,800-404-7291,"Sales,Service,Up To 2MW,Mobile/Diesel/Gas,"
11520,Industrial/Commercial Sales & Service,00010208021002,Modern Group Power Systems, 66A South Gate Blvd.,,New Castle,DE ,19720,USA,,800-404-7291,"Sales,Service,Up To 2MW,Mobile/Diesel/Gas,"
11520,Industrial/Commercial Sales & Service,00010208021002,Modern Group Power Systems, 295 New Commerce Blvd.,,Wilkes Barre,PA ,18706,USA,,800-404-7291,"Sales,Service,Up To 2MW,Mobile/Diesel/Gas,"
11520,Industrial/Commercial Sales & Service,00010000931002,"EMERGENCY POWER SYSTEMS, LLC", 35 HAMILTON LANE,,GLENMONT,NY ,12077,USA,,800-914-1465,"Service,Up To 2MW,Mobile/Diesel/Gas,"
11520,Industrial/Commercial Sales & Service,00010000931002,"EMERGENCY POWER SYSTEMS, LLC", 35 HAMILTON LANE,,GLENMONT,NY ,12077,USA,,800-914-1465,"Service,"
11520,Industrial/Commercial Sales & Service,00010001731002,AUTHORIZED SERVICES OF NEW ENGLAND, 410 FOREST STREET,,MARLBOROUGH,MA ,01752,USA,,888-890-9886,"Sales,"
11520,Industrial/Commercial Sales & Service,00010208021002,Modern Group Power Systems, 3480 Board Road,,York,PA ,17402,USA,,800-404-7291,"Sales,Service,Up To 2MW,Mobile/Diesel/Gas,"
11520,Industrial/Commercial Sales & Service,00010001761002,"GENSERVE, INC.", 100 NEWTOWN RD,,PLAINVIEW,NY ,11803,USA,www.genserveinc.com,631-435-0437,"Service,"
11520,Industrial/Commercial Sales & Service,00111209521002,LONG ISLAND EMERGENCY POWER -QO, 2 Ocean Avenue,,DEER PARK,NY ,11729,USA,,631-586-7513,"Sales,"
11520,Industrial/Commercial Sales & Service,00010139211002,POWERPRO SERVICE CO. INC., 608 JOHNSON AVE. UNIT 6,,BOHEMIA,NY ,11716,USA,,631-567-2700,"Sales,Service,Up To 600kW,Mobile/Diesel/Gas,"
11520,Industrial/Commercial Sales & Service,00111209531002,HUNTINGTON POWER - LONG ISLAND, PO BOX 2040,,SHELTON,CT ,06484,USA,,631-586-7513,"Sales,"
11520,Industrial/Commercial Sales & Service,00010134071002,PEAK POWER SYSTEMS, 99 SPRAGUE AVENUE,,MIDDLETOWN,NY ,10940,USA,www.peakpowersystems.com,845-344-1975,"Sales,Service,Up To 600kW,Mobile/Diesel/Gas,Rental,"
11520,Industrial/Commercial Sales & Service,00010001761002,"GENSERVE, INC.", 115A TWINBRIDGE DR.,,PENNSAUKEN,NJ ,08110,USA,www.genserveinc.com,856-324-0459,"Service,"
11520,Industrial/Commercial Sales & Service,00010021101002,SOUTH SHORE GENERATOR INC-Quote, 2696A CRANBERRY HWY,,WAREHAM,MA ,02571,USA,,508-295-7336,"Sales,Service,Up To 600kW,Mobile/Diesel/Gas,"
11520,Industrial/Commercial Sales & Service,00010001621002,BROOKFIELD SERVICE, 708 GLEBE ROAD,,WESTMORELAND,NH ,03467,USA,www.brookfieldservice.com,802-485-6567,"Service,Up To 600kW,Mobile/Diesel/Gas,"
11520,Industrial/Commercial Sales & Service,00010001701002,SOUTH SHORE GENERATOR INC, ,,EAST WAREHAM,MA ,02538,USA,,508-295-7336,"Financing,Sales,Service,Up To 600kW,Mobile/Diesel/Gas,"
11520,Industrial/Commercial Sales & Service,00111184131002,HUNTER & LOMISON, 1956 W FOURTH ST,,WILLIAMSPORT,PA ,17701,USA,www.hunterlomison.com,570-326-1764,"Sales,Service,Up To 600kW,Mobile/Diesel/Gas,Rental,"
11520,Industrial/Commercial Sales & Service,00010000881002,HUNTER & LOMISON INC., 1956 W. 4TH STREET,,WILLIAMSPORT,PA ,17701,USA,www.hunterlomison.com,570-326-1764,"Service,Up To 600kW,Mobile/Diesel/Gas,"
11520,Industrial/Commercial Sales & Service,00111207431002,WARSHAUER ELECTRIC SUPPLY CO INC, 800 SHREWSBURY AVE,,TINTON FALLS,NJ ,07724,USA,www.warshauer.com,732-741-6400,"Service,"
11520,Industrial/Commercial Sales & Service,00010157021002,Mechanical Service Co, 1145 Oak St.,,Pittston,PA ,18640,USA,,570-654-2445,"Service,"
11530,Industrial/Commercial Sales & Service,00010214161002,"R.L. Kistler, Inc", 300 Mile Crossing Blvd.,,Rochester,NY ,14624,USA,rlkistler.com,585-436-1940,"Sales,"
11530,Industrial/Commercial Sales & Service,00010001611002,Huntington Power, 230 Long Hill Cross Rd,,Shelton,CT ,06484,USA,www.huntingtonpower.com,203-929-3203,"Sales,Service,Up To 2MW,Mobile/Diesel/Gas,Training,Rental,"
11530,Industrial/Commercial Sales & Service,00010214161002,"R.L. KISTLER, INC.", 35 HAMILTON LANE,,GLENMONT,NY ,12077,USA,,585-436-1940,"Sales,Service,"
11530,Industrial/Commercial Sales & Service,00010214161002,"R.L. Kistler, Inc", 5615 Business Ave.,,N. Syracuse,NY ,13208,USA,,315-458-2875,"Sales,"
11530,Industrial/Commercial Sales & Service,00010001611002,Huntington Power, 68 Enter Ln,,Islandia,NY ,11749,USA,,631-563-4943,"Sales,Service,Up To 2MW,Mobile/Diesel/Gas,"
11530,Industrial/Commercial Sales & Service,00010001611002,Huntington Power, 34 E DUDLEY TOWN RD.,,BLOOMFIELD,CT ,06002,USA,,860-289-8790,"Sales,Service,Rental,"
11530,Industrial/Commercial Sales & Service,00010214161002,"R.L. Kistler, Inc", 5615 Business Ave.,,N. Syracuse,NY ,13208,USA,,315-458-2875,"Sales,"
11530,Industrial/Commercial Sales & Service,00010208021002,Modern Group Power Systems, 2501 Durham Road,,Bristol,PA ,19007,USA,www.moderngroup.com,800-404-7291,"Sales,Service,Up To 2MW,Mobile/Diesel/Gas,Training,Rental,"
11530,Industrial/Commercial Sales & Service,00010001731002,Authorized Services Of New England, 410 Forest Street,,Marlborough,MA ,01752,USA,www.asne.com,888-890-9886,"Financing,Sales,Service,Up To 2MW,Mobile/Diesel/Gas,Training,Rental,"
11530,Industrial/Commercial Sales & Service,00010008091002,MODERN HANDLING EQUIP, 75 NEW STREET,,EDISON,NJ ,08837,USA,www.moderngroup.com,800-779-5116,"Sales,Service,Up To 2MW,Mobile/Diesel/Gas,"
11530,Industrial/Commercial Sales & Service,00010208021002,Modern Group Power Systems, 200 Allied Parkway,,West Berlin,NJ ,08091,USA,,800-404-7291,"Sales,Service,Up To 2MW,Mobile/Diesel/Gas,"
11530,Industrial/Commercial Sales & Service,00010208021002,Modern Group Power Systems, 6352 Chapmans Rd,,Allentown,PA ,18106,USA,,800-404-7291,"Sales,Service,Up To 2MW,Mobile/Diesel/Gas,"
11530,Industrial/Commercial Sales & Service,00010208021002,Modern Group Power Systems, 295 New Commerce Blvd.,,Wilkes Barre,PA ,18706,USA,,800-404-7291,"Sales,Service,Up To 2MW,Mobile/Diesel/Gas,"
11530,Industrial/Commercial Sales & Service,00010208021002,Modern Group Power Systems, 66A South Gate Blvd.,,New Castle,DE ,19720,USA,,800-404-7291,"Sales,Service,Up To 2MW,Mobile/Diesel/Gas,"
11530,Industrial/Commercial Sales & Service,00010000931002,"EMERGENCY POWER SYSTEMS, LLC", 35 HAMILTON LANE,,GLENMONT,NY ,12077,USA,,800-914-1465,"Service,Up To 2MW,Mobile/Diesel/Gas,"
11530,Industrial/Commercial Sales & Service,00010000931002,"EMERGENCY POWER SYSTEMS, LLC", 35 HAMILTON LANE,,GLENMONT,NY ,12077,USA,,800-914-1465,"Service,"
11530,Industrial/Commercial Sales & Service,00010001731002,AUTHORIZED SERVICES OF NEW ENGLAND, 410 FOREST STREET,,MARLBOROUGH,MA ,01752,USA,,888-890-9886,"Sales,"
11530,Industrial/Commercial Sales & Service,00010208021002,Modern Group Power Systems, 3480 Board Road,,York,PA ,17402,USA,,800-404-7291,"Sales,Service,Up To 2MW,Mobile/Diesel/Gas,"
11530,Industrial/Commercial Sales & Service,00010001761002,"GENSERVE, INC.", 100 NEWTOWN RD,,PLAINVIEW,NY ,11803,USA,www.genserveinc.com,631-435-0437,"Service,"
11530,Industrial/Commercial Sales & Service,00111209521002,LONG ISLAND EMERGENCY POWER -QO, 2 Ocean Avenue,,DEER PARK,NY ,11729,USA,,631-586-7513,"Sales,"
11530,Industrial/Commercial Sales & Service,00010139211002,POWERPRO SERVICE CO. INC., 608 JOHNSON AVE. UNIT 6,,BOHEMIA,NY ,11716,USA,,631-567-2700,"Sales,Service,Up To 600kW,Mobile/Diesel/Gas,"
11530,Industrial/Commercial Sales & Service,00111209531002,HUNTINGTON POWER - LONG ISLAND, PO BOX 2040,,SHELTON,CT ,06484,USA,,631-586-7513,"Sales,"
11530,Industrial/Commercial Sales & Service,00010134071002,PEAK POWER SYSTEMS, 99 SPRAGUE AVENUE,,MIDDLETOWN,NY ,10940,USA,www.peakpowersystems.com,845-344-1975,"Sales,Service,Up To 600kW,Mobile/Diesel/Gas,Rental,"
11530,Industrial/Commercial Sales & Service,00010001761002,"GENSERVE, INC.", 115A TWINBRIDGE DR.,,PENNSAUKEN,NJ ,08110,USA,www.genserveinc.com,856-324-0459,"Service,"
11530,Industrial/Commercial Sales & Service,00010001621002,BROOKFIELD SERVICE, 708 GLEBE ROAD,,WESTMORELAND,NH ,03467,USA,www.brookfieldservice.com,802-485-6567,"Service,Up To 600kW,Mobile/Diesel/Gas,"
11530,Industrial/Commercial Sales & Service,00010021101002,SOUTH SHORE GENERATOR INC-Quote, 2696A CRANBERRY HWY,,WAREHAM,MA ,02571,USA,,508-295-7336,"Sales,Service,Up To 600kW,Mobile/Diesel/Gas,"
11530,Industrial/Commercial Sales & Service,00010001701002,SOUTH SHORE GENERATOR INC, ,,EAST WAREHAM,MA ,02538,USA,,508-295-7336,"Financing,Sales,Service,Up To 600kW,Mobile/Diesel/Gas,"
11530,Industrial/Commercial Sales & Service,00111184131002,HUNTER & LOMISON, 1956 W FOURTH ST,,WILLIAMSPORT,PA ,17701,USA,www.hunterlomison.com,570-326-1764,"Sales,Service,Up To 600kW,Mobile/Diesel/Gas,Rental,"
11530,Industrial/Commercial Sales & Service,00010000881002,HUNTER & LOMISON INC., 1956 W. 4TH STREET,,WILLIAMSPORT,PA ,17701,USA,www.hunterlomison.com,570-326-1764,"Service,Up To 600kW,Mobile/Diesel/Gas,"
11530,Industrial/Commercial Sales & Service,00111207431002,WARSHAUER ELECTRIC SUPPLY CO INC, 800 SHREWSBURY AVE,,TINTON FALLS,NJ ,07724,USA,www.warshauer.com,732-741-6400,"Service,"
11530,Industrial/Commercial Sales & Service,00010157021002,Mechanical Service Co, 1145 Oak St.,,Pittston,PA ,18640,USA,,570-654-2445,"Service,"
11531,Industrial/Commercial Sales & Service,00010214161002,"R.L. Kistler, Inc", 300 Mile Crossing Blvd.,,Rochester,NY ,14624,USA,rlkistler.com,585-436-1940,"Sales,"
11531,Industrial/Commercial Sales & Service,00010214161002,"R.L. KISTLER, INC.", 35 HAMILTON LANE,,GLENMONT,NY ,12077,USA,,585-436-1940,"Sales,Service,"
11531,Industrial/Commercial Sales & Service,00010001611002,Huntington Power, 230 Long Hill Cross Rd,,Shelton,CT ,06484,USA,www.huntingtonpower.com,203-929-3203,"Sales,Service,Up To 2MW,Mobile/Diesel/Gas,Training,Rental,"
11531,Industrial/Commercial Sales & Service,00010214161002,"R.L. Kistler, Inc", 5615 Business Ave.,,N. Syracuse,NY ,13208,USA,,315-458-2875,"Sales,"
11531,Industrial/Commercial Sales & Service,00010214161002,"R.L. Kistler, Inc", 5615 Business Ave.,,N. Syracuse,NY ,13208,USA,,315-458-2875,"Sales,"
11531,Industrial/Commercial Sales & Service,00010001611002,Huntington Power, 68 Enter Ln,,Islandia,NY ,11749,USA,,631-563-4943,"Sales,Service,Up To 2MW,Mobile/Diesel/Gas,"
11531,Industrial/Commercial Sales & Service,00010001611002,Huntington Power, 34 E DUDLEY TOWN RD.,,BLOOMFIELD,CT ,06002,USA,,860-289-8790,"Sales,Service,Rental,"
11531,Industrial/Commercial Sales & Service,00010208021002,Modern Group Power Systems, 2501 Durham Road,,Bristol,PA ,19007,USA,www.moderngroup.com,800-404-7291,"Sales,Service,Up To 2MW,Mobile/Diesel/Gas,Training,Rental,"
11531,Industrial/Commercial Sales & Service,00010001731002,Authorized Services Of New England, 410 Forest Street,,Marlborough,MA ,01752,USA,www.asne.com,888-890-9886,"Financing,Sales,Service,Up To 2MW,Mobile/Diesel/Gas,Training,Rental,"
11531,Industrial/Commercial Sales & Service,00010008091002,MODERN HANDLING EQUIP, 75 NEW STREET,,EDISON,NJ ,08837,USA,www.moderngroup.com,800-779-5116,"Sales,Service,Up To 2MW,Mobile/Diesel/Gas,"
11531,Industrial/Commercial Sales & Service,00010208021002,Modern Group Power Systems, 200 Allied Parkway,,West Berlin,NJ ,08091,USA,,800-404-7291,"Sales,Service,Up To 2MW,Mobile/Diesel/Gas,"
11531,Industrial/Commercial Sales & Service,00010208021002,Modern Group Power Systems, 6352 Chapmans Rd,,Allentown,PA ,18106,USA,,800-404-7291,"Sales,Service,Up To 2MW,Mobile/Diesel/Gas,"
11531,Industrial/Commercial Sales & Service,00010208021002,Modern Group Power Systems, 295 New Commerce Blvd.,,Wilkes Barre,PA ,18706,USA,,800-404-7291,"Sales,Service,Up To 2MW,Mobile/Diesel/Gas,"
11531,Industrial/Commercial Sales & Service,00010208021002,Modern Group Power Systems, 66A South Gate Blvd.,,New Castle,DE ,19720,USA,,800-404-7291,"Sales,Service,Up To 2MW,Mobile/Diesel/Gas,"
11531,Industrial/Commercial Sales & Service,00010000931002,"EMERGENCY POWER SYSTEMS, LLC", 35 HAMILTON LANE,,GLENMONT,NY ,12077,USA,,800-914-1465,"Service,Up To 2MW,Mobile/Diesel/Gas,"
11531,Industrial/Commercial Sales & Service,00010000931002,"EMERGENCY POWER SYSTEMS, LLC", 35 HAMILTON LANE,,GLENMONT,NY ,12077,USA,,800-914-1465,"Service,"
11531,Industrial/Commercial Sales & Service,00010001731002,AUTHORIZED SERVICES OF NEW ENGLAND, 410 FOREST STREET,,MARLBOROUGH,MA ,01752,USA,,888-890-9886,"Sales,"
11531,Industrial/Commercial Sales & Service,00010208021002,Modern Group Power Systems, 3480 Board Road,,York,PA ,17402,USA,,800-404-7291,"Sales,Service,Up To 2MW,Mobile/Diesel/Gas,"
11531,Industrial/Commercial Sales & Service,00010001761002,"GENSERVE, INC.", 100 NEWTOWN RD,,PLAINVIEW,NY ,11803,USA,www.genserveinc.com,631-435-0437,"Service,"
11531,Industrial/Commercial Sales & Service,00111209521002,LONG ISLAND EMERGENCY POWER -QO, 2 Ocean Avenue,,DEER PARK,NY ,11729,USA,,631-586-7513,"Sales,"
11531,Industrial/Commercial Sales & Service,00010139211002,POWERPRO SERVICE CO. INC., 608 JOHNSON AVE. UNIT 6,,BOHEMIA,NY ,11716,USA,,631-567-2700,"Sales,Service,Up To 600kW,Mobile/Diesel/Gas,"
11531,Industrial/Commercial Sales & Service,00111209531002,HUNTINGTON POWER - LONG ISLAND, PO BOX 2040,,SHELTON,CT ,06484,USA,,631-586-7513,"Sales,"
11531,Industrial/Commercial Sales & Service,00010134071002,PEAK POWER SYSTEMS, 99 SPRAGUE AVENUE,,MIDDLETOWN,NY ,10940,USA,www.peakpowersystems.com,845-344-1975,"Sales,Service,Up To 600kW,Mobile/Diesel/Gas,Rental,"
11531,Industrial/Commercial Sales & Service,00010001761002,"GENSERVE, INC.", 115A TWINBRIDGE DR.,,PENNSAUKEN,NJ ,08110,USA,www.genserveinc.com,856-324-0459,"Service,"
11531,Industrial/Commercial Sales & Service,00010001621002,BROOKFIELD SERVICE, 708 GLEBE ROAD,,WESTMORELAND,NH ,03467,USA,www.brookfieldservice.com,802-485-6567,"Service,Up To 600kW,Mobile/Diesel/Gas,"
11531,Industrial/Commercial Sales & Service,00010021101002,SOUTH SHORE GENERATOR INC-Quote, 2696A CRANBERRY HWY,,WAREHAM,MA ,02571,USA,,508-295-7336,"Sales,Service,Up To 600kW,Mobile/Diesel/Gas,"
11531,Industrial/Commercial Sales & Service,00010001701002,SOUTH SHORE GENERATOR INC, ,,EAST WAREHAM,MA ,02538,USA,,508-295-7336,"Financing,Sales,Service,Up To 600kW,Mobile/Diesel/Gas,"
11531,Industrial/Commercial Sales & Service,00111184131002,HUNTER & LOMISON, 1956 W FOURTH ST,,WILLIAMSPORT,PA ,17701,USA,www.hunterlomison.com,570-326-1764,"Sales,Service,Up To 600kW,Mobile/Diesel/Gas,Rental,"
11531,Industrial/Commercial Sales & Service,00010000881002,HUNTER & LOMISON INC., 1956 W. 4TH STREET,,WILLIAMSPORT,PA ,17701,USA,www.hunterlomison.com,570-326-1764,"Service,Up To 600kW,Mobile/Diesel/Gas,"
11531,Industrial/Commercial Sales & Service,00111207431002,WARSHAUER ELECTRIC SUPPLY CO INC, 800 SHREWSBURY AVE,,TINTON FALLS,NJ ,07724,USA,www.warshauer.com,732-741-6400,"Service,"
11531,Industrial/Commercial Sales & Service,00010157021002,Mechanical Service Co, 1145 Oak St.,,Pittston,PA ,18640,USA,,570-654-2445,"Service,"
11542,Industrial/Commercial Sales & Service,00010214161002,"R.L. KISTLER, INC.", 35 HAMILTON LANE,,GLENMONT,NY ,12077,USA,,585-436-1940,"Sales,Service,"
11542,Industrial/Commercial Sales & Service,00010214161002,"R.L. Kistler, Inc", 300 Mile Crossing Blvd.,,Rochester,NY ,14624,USA,rlkistler.com,585-436-1940,"Sales,"
11542,Industrial/Commercial Sales & Service,00010001611002,Huntington Power, 230 Long Hill Cross Rd,,Shelton,CT ,06484,USA,www.huntingtonpower.com,203-929-3203,"Sales,Service,Up To 2MW,Mobile/Diesel/Gas,Training,Rental,"
11542,Industrial/Commercial Sales & Service,00010214161002,"R.L. Kistler, Inc", 5615 Business Ave.,,N. Syracuse,NY ,13208,USA,,315-458-2875,"Sales,"
11542,Industrial/Commercial Sales & Service,00010214161002,"R.L. Kistler, Inc", 5615 Business Ave.,,N. Syracuse,NY ,13208,USA,,315-458-2875,"Sales,"
11542,Industrial/Commercial Sales & Service,00010001611002,Huntington Power, 68 Enter Ln,,Islandia,NY ,11749,USA,,631-563-4943,"Sales,Service,Up To 2MW,Mobile/Diesel/Gas,"
11542,Industrial/Commercial Sales & Service,00010001611002,Huntington Power, 34 E DUDLEY TOWN RD.,,BLOOMFIELD,CT ,06002,USA,,860-289-8790,"Sales,Service,Rental,"
11542,Industrial/Commercial Sales & Service,00010208021002,Modern Group Power Systems, 2501 Durham Road,,Bristol,PA ,19007,USA,www.moderngroup.com,800-404-7291,"Sales,Service,Up To 2MW,Mobile/Diesel/Gas,Training,Rental,"
11542,Industrial/Commercial Sales & Service,00010001731002,Authorized Services Of New England, 410 Forest Street,,Marlborough,MA ,01752,USA,www.asne.com,888-890-9886,"Financing,Sales,Service,Up To 2MW,Mobile/Diesel/Gas,Training,Rental,"
11542,Industrial/Commercial Sales & Service,00010008091002,MODERN HANDLING EQUIP, 75 NEW STREET,,EDISON,NJ ,08837,USA,www.moderngroup.com,800-779-5116,"Sales,Service,Up To 2MW,Mobile/Diesel/Gas,"
11542,Industrial/Commercial Sales & Service,00010208021002,Modern Group Power Systems, 200 Allied Parkway,,West Berlin,NJ ,08091,USA,,800-404-7291,"Sales,Service,Up To 2MW,Mobile/Diesel/Gas,"
11542,Industrial/Commercial Sales & Service,00010208021002,Modern Group Power Systems, 6352 Chapmans Rd,,Allentown,PA ,18106,USA,,800-404-7291,"Sales,Service,Up To 2MW,Mobile/Diesel/Gas,"
11542,Industrial/Commercial Sales & Service,00010000931002,"EMERGENCY POWER SYSTEMS, LLC", 35 HAMILTON LANE,,GLENMONT,NY ,12077,USA,,800-914-1465,"Service,Up To 2MW,Mobile/Diesel/Gas,"
11542,Industrial/Commercial Sales & Service,00010000931002,"EMERGENCY POWER SYSTEMS, LLC", 35 HAMILTON LANE,,GLENMONT,NY ,12077,USA,,800-914-1465,"Service,"
11542,Industrial/Commercial Sales & Service,00010208021002,Modern Group Power Systems, 295 New Commerce Blvd.,,Wilkes Barre,PA ,18706,USA,,800-404-7291,"Sales,Service,Up To 2MW,Mobile/Diesel/Gas,"
11542,Industrial/Commercial Sales & Service,00010208021002,Modern Group Power Systems, 66A South Gate Blvd.,,New Castle,DE ,19720,USA,,800-404-7291,"Sales,Service,Up To 2MW,Mobile/Diesel/Gas,"
11542,Industrial/Commercial Sales & Service,00010001731002,AUTHORIZED SERVICES OF NEW ENGLAND, 410 FOREST STREET,,MARLBOROUGH,MA ,01752,USA,,888-890-9886,"Sales,"
11542,Industrial/Commercial Sales & Service,00010208021002,Modern Group Power Systems, 3480 Board Road,,York,PA ,17402,USA,,800-404-7291,"Sales,Service,Up To 2MW,Mobile/Diesel/Gas,"
11542,Industrial/Commercial Sales & Service,00010001761002,"GENSERVE, INC.", 100 NEWTOWN RD,,PLAINVIEW,NY ,11803,USA,www.genserveinc.com,631-435-0437,"Service,"
11542,Industrial/Commercial Sales & Service,00111209521002,LONG ISLAND EMERGENCY POWER -QO, 2 Ocean Avenue,,DEER PARK,NY ,11729,USA,,631-586-7513,"Sales,"
11542,Industrial/Commercial Sales & Service,00010139211002,POWERPRO SERVICE CO. INC., 608 JOHNSON AVE. UNIT 6,,BOHEMIA,NY ,11716,USA,,631-567-2700,"Sales,Service,Up To 600kW,Mobile/Diesel/Gas,"
11542,Industrial/Commercial Sales & Service,00111209531002,HUNTINGTON POWER - LONG ISLAND, PO BOX 2040,,SHELTON,CT ,06484,USA,,631-586-7513,"Sales,"
11542,Industrial/Commercial Sales & Service,00010134071002,PEAK POWER SYSTEMS, 99 SPRAGUE AVENUE,,MIDDLETOWN,NY ,10940,USA,www.peakpowersystems.com,845-344-1975,"Sales,Service,Up To 600kW,Mobile/Diesel/Gas,Rental,"
11542,Industrial/Commercial Sales & Service,00010001761002,"GENSERVE, INC.", 115A TWINBRIDGE DR.,,PENNSAUKEN,NJ ,08110,USA,www.genserveinc.com,856-324-0459,"Service,"
11542,Industrial/Commercial Sales & Service,00010001621002,BROOKFIELD SERVICE, 708 GLEBE ROAD,,WESTMORELAND,NH ,03467,USA,www.brookfieldservice.com,802-485-6567,"Service,Up To 600kW,Mobile/Diesel/Gas,"
11542,Industrial/Commercial Sales & Service,00010021101002,SOUTH SHORE GENERATOR INC-Quote, 2696A CRANBERRY HWY,,WAREHAM,MA ,02571,USA,,508-295-7336,"Sales,Service,Up To 600kW,Mobile/Diesel/Gas,"
11542,Industrial/Commercial Sales & Service,00010001701002,SOUTH SHORE GENERATOR INC, ,,EAST WAREHAM,MA ,02538,USA,,508-295-7336,"Financing,Sales,Service,Up To 600kW,Mobile/Diesel/Gas,"
11542,Industrial/Commercial Sales & Service,00111184131002,HUNTER & LOMISON, 1956 W FOURTH ST,,WILLIAMSPORT,PA ,17701,USA,www.hunterlomison.com,570-326-1764,"Sales,Service,Up To 600kW,Mobile/Diesel/Gas,Rental,"
11542,Industrial/Commercial Sales & Service,00010000881002,HUNTER & LOMISON INC., 1956 W. 4TH STREET,,WILLIAMSPORT,PA ,17701,USA,www.hunterlomison.com,570-326-1764,"Service,Up To 600kW,Mobile/Diesel/Gas,"
11542,Industrial/Commercial Sales & Service,00111207431002,WARSHAUER ELECTRIC SUPPLY CO INC, 800 SHREWSBURY AVE,,TINTON FALLS,NJ ,07724,USA,www.warshauer.com,732-741-6400,"Service,"
11542,Industrial/Commercial Sales & Service,00010157021002,Mechanical Service Co, 1145 Oak St.,,Pittston,PA ,18640,USA,,570-654-2445,"Service,"
11545,Industrial/Commercial Sales & Service,00010214161002,"R.L. KISTLER, INC.", 35 HAMILTON LANE,,GLENMONT,NY ,12077,USA,,585-436-1940,"Sales,Service,"
11545,Industrial/Commercial Sales & Service,00010001611002,Huntington Power, 230 Long Hill Cross Rd,,Shelton,CT ,06484,USA,www.huntingtonpower.com,203-929-3203,"Sales,Service,Up To 2MW,Mobile/Diesel/Gas,Training,Rental,"
11545,Industrial/Commercial Sales & Service,00010214161002,"R.L. Kistler, Inc", 300 Mile Crossing Blvd.,,Rochester,NY ,14624,USA,rlkistler.com,585-436-1940,"Sales,"
11545,Industrial/Commercial Sales & Service,00010214161002,"R.L. Kistler, Inc", 5615 Business Ave.,,N. Syracuse,NY ,13208,USA,,315-458-2875,"Sales,"
11545,Industrial/Commercial Sales & Service,00010001611002,Huntington Power, 68 Enter Ln,,Islandia,NY ,11749,USA,,631-563-4943,"Sales,Service,Up To 2MW,Mobile/Diesel/Gas,"
11545,Industrial/Commercial Sales & Service,00010001611002,Huntington Power, 34 E DUDLEY TOWN RD.,,BLOOMFIELD,CT ,06002,USA,,860-289-8790,"Sales,Service,Rental,"
11545,Industrial/Commercial Sales & Service,00010214161002,"R.L. Kistler, Inc", 5615 Business Ave.,,N. Syracuse,NY ,13208,USA,,315-458-2875,"Sales,"
11545,Industrial/Commercial Sales & Service,00010208021002,Modern Group Power Systems, 2501 Durham Road,,Bristol,PA ,19007,USA,www.moderngroup.com,800-404-7291,"Sales,Service,Up To 2MW,Mobile/Diesel/Gas,Training,Rental,"
11545,Industrial/Commercial Sales & Service,00010001731002,Authorized Services Of New England, 410 Forest Street,,Marlborough,MA ,01752,USA,www.asne.com,888-890-9886,"Financing,Sales,Service,Up To 2MW,Mobile/Diesel/Gas,Training,Rental,"
11545,Industrial/Commercial Sales & Service,00010008091002,MODERN HANDLING EQUIP, 75 NEW STREET,,EDISON,NJ ,08837,USA,www.moderngroup.com,800-779-5116,"Sales,Service,Up To 2MW,Mobile/Diesel/Gas,"
11545,Industrial/Commercial Sales & Service,00010208021002,Modern Group Power Systems, 200 Allied Parkway,,West Berlin,NJ ,08091,USA,,800-404-7291,"Sales,Service,Up To 2MW,Mobile/Diesel/Gas,"
11545,Industrial/Commercial Sales & Service,00010208021002,Modern Group Power Systems, 6352 Chapmans Rd,,Allentown,PA ,18106,USA,,800-404-7291,"Sales,Service,Up To 2MW,Mobile/Diesel/Gas,"
11545,Industrial/Commercial Sales & Service,00010000931002,"EMERGENCY POWER SYSTEMS, LLC", 35 HAMILTON LANE,,GLENMONT,NY ,12077,USA,,800-914-1465,"Service,Up To 2MW,Mobile/Diesel/Gas,"
11545,Industrial/Commercial Sales & Service,00010000931002,"EMERGENCY POWER SYSTEMS, LLC", 35 HAMILTON LANE,,GLENMONT,NY ,12077,USA,,800-914-1465,"Service,"
11545,Industrial/Commercial Sales & Service,00010208021002,Modern Group Power Systems, 295 New Commerce Blvd.,,Wilkes Barre,PA ,18706,USA,,800-404-7291,"Sales,Service,Up To 2MW,Mobile/Diesel/Gas,"
11545,Industrial/Commercial Sales & Service,00010208021002,Modern Group Power Systems, 66A South Gate Blvd.,,New Castle,DE ,19720,USA,,800-404-7291,"Sales,Service,Up To 2MW,Mobile/Diesel/Gas,"
11545,Industrial/Commercial Sales & Service,00010001731002,AUTHORIZED SERVICES OF NEW ENGLAND, 410 FOREST STREET,,MARLBOROUGH,MA ,01752,USA,,888-890-9886,"Sales,"
11545,Industrial/Commercial Sales & Service,00010208021002,Modern Group Power Systems, 3480 Board Road,,York,PA ,17402,USA,,800-404-7291,"Sales,Service,Up To 2MW,Mobile/Diesel/Gas,"
11545,Industrial/Commercial Sales & Service,00010001761002,"GENSERVE, INC.", 100 NEWTOWN RD,,PLAINVIEW,NY ,11803,USA,www.genserveinc.com,631-435-0437,"Service,"
11545,Industrial/Commercial Sales & Service,00111209521002,LONG ISLAND EMERGENCY POWER -QO, 2 Ocean Avenue,,DEER PARK,NY ,11729,USA,,631-586-7513,"Sales,"
11545,Industrial/Commercial Sales & Service,00010139211002,POWERPRO SERVICE CO. INC., 608 JOHNSON AVE. UNIT 6,,BOHEMIA,NY ,11716,USA,,631-567-2700,"Sales,Service,Up To 600kW,Mobile/Diesel/Gas,"
11545,Industrial/Commercial Sales & Service,00111209531002,HUNTINGTON POWER - LONG ISLAND, PO BOX 2040,,SHELTON,CT ,06484,USA,,631-586-7513,"Sales,"
11545,Industrial/Commercial Sales & Service,00010134071002,PEAK POWER SYSTEMS, 99 SPRAGUE AVENUE,,MIDDLETOWN,NY ,10940,USA,www.peakpowersystems.com,845-344-1975,"Sales,Service,Up To 600kW,Mobile/Diesel/Gas,Rental,"
11545,Industrial/Commercial Sales & Service,00010001761002,"GENSERVE, INC.", 115A TWINBRIDGE DR.,,PENNSAUKEN,NJ ,08110,USA,www.genserveinc.com,856-324-0459,"Service,"
11545,Industrial/Commercial Sales & Service,00010001621002,BROOKFIELD SERVICE, 708 GLEBE ROAD,,WESTMORELAND,NH ,03467,USA,www.brookfieldservice.com,802-485-6567,"Service,Up To 600kW,Mobile/Diesel/Gas,"
11545,Industrial/Commercial Sales & Service,00010021101002,SOUTH SHORE GENERATOR INC-Quote, 2696A CRANBERRY HWY,,WAREHAM,MA ,02571,USA,,508-295-7336,"Sales,Service,Up To 600kW,Mobile/Diesel/Gas,"
11545,Industrial/Commercial Sales & Service,00010001701002,SOUTH SHORE GENERATOR INC, ,,EAST WAREHAM,MA ,02538,USA,,508-295-7336,"Financing,Sales,Service,Up To 600kW,Mobile/Diesel/Gas,"
11545,Industrial/Commercial Sales & Service,00111184131002,HUNTER & LOMISON, 1956 W FOURTH ST,,WILLIAMSPORT,PA ,17701,USA,www.hunterlomison.com,570-326-1764,"Sales,Service,Up To 600kW,Mobile/Diesel/Gas,Rental,"
11545,Industrial/Commercial Sales & Service,00010000881002,HUNTER & LOMISON INC., 1956 W. 4TH STREET,,WILLIAMSPORT,PA ,17701,USA,www.hunterlomison.com,570-326-1764,"Service,Up To 600kW,Mobile/Diesel/Gas,"
11545,Industrial/Commercial Sales & Service,00111207431002,WARSHAUER ELECTRIC SUPPLY CO INC, 800 SHREWSBURY AVE,,TINTON FALLS,NJ ,07724,USA,www.warshauer.com,732-741-6400,"Service,"
11545,Industrial/Commercial Sales & Service,00010157021002,Mechanical Service Co, 1145 Oak St.,,Pittston,PA ,18640,USA,,570-654-2445,"Service,"
11547,Industrial/Commercial Sales & Service,00010214161002,"R.L. Kistler, Inc", 300 Mile Crossing Blvd.,,Rochester,NY ,14624,USA,rlkistler.com,585-436-1940,"Sales,"
11547,Industrial/Commercial Sales & Service,00010214161002,"R.L. KISTLER, INC.", 35 HAMILTON LANE,,GLENMONT,NY ,12077,USA,,585-436-1940,"Sales,Service,"
11547,Industrial/Commercial Sales & Service,00010001611002,Huntington Power, 230 Long Hill Cross Rd,,Shelton,CT ,06484,USA,www.huntingtonpower.com,203-929-3203,"Sales,Service,Up To 2MW,Mobile/Diesel/Gas,Training,Rental,"
11547,Industrial/Commercial Sales & Service,00010214161002,"R.L. Kistler, Inc", 5615 Business Ave.,,N. Syracuse,NY ,13208,USA,,315-458-2875,"Sales,"
11547,Industrial/Commercial Sales & Service,00010214161002,"R.L. Kistler, Inc", 5615 Business Ave.,,N. Syracuse,NY ,13208,USA,,315-458-2875,"Sales,"
11547,Industrial/Commercial Sales & Service,00010001611002,Huntington Power, 68 Enter Ln,,Islandia,NY ,11749,USA,,631-563-4943,"Sales,Service,Up To 2MW,Mobile/Diesel/Gas,"
11547,Industrial/Commercial Sales & Service,00010001611002,Huntington Power, 34 E DUDLEY TOWN RD.,,BLOOMFIELD,CT ,06002,USA,,860-289-8790,"Sales,Service,Rental,"
11547,Industrial/Commercial Sales & Service,00010208021002,Modern Group Power Systems, 2501 Durham Road,,Bristol,PA ,19007,USA,www.moderngroup.com,800-404-7291,"Sales,Service,Up To 2MW,Mobile/Diesel/Gas,Training,Rental,"
11547,Industrial/Commercial Sales & Service,00010001731002,Authorized Services Of New England, 410 Forest Street,,Marlborough,MA ,01752,USA,www.asne.com,888-890-9886,"Financing,Sales,Service,Up To 2MW,Mobile/Diesel/Gas,Training,Rental,"
11547,Industrial/Commercial Sales & Service,00010008091002,MODERN HANDLING EQUIP, 75 NEW STREET,,EDISON,NJ ,08837,USA,www.moderngroup.com,800-779-5116,"Sales,Service,Up To 2MW,Mobile/Diesel/Gas,"
11547,Industrial/Commercial Sales & Service,00010208021002,Modern Group Power Systems, 200 Allied Parkway,,West Berlin,NJ ,08091,USA,,800-404-7291,"Sales,Service,Up To 2MW,Mobile/Diesel/Gas,"
11547,Industrial/Commercial Sales & Service,00010208021002,Modern Group Power Systems, 6352 Chapmans Rd,,Allentown,PA ,18106,USA,,800-404-7291,"Sales,Service,Up To 2MW,Mobile/Diesel/Gas,"
11547,Industrial/Commercial Sales & Service,00010000931002,"EMERGENCY POWER SYSTEMS, LLC", 35 HAMILTON LANE,,GLENMONT,NY ,12077,USA,,800-914-1465,"Service,Up To 2MW,Mobile/Diesel/Gas,"
11547,Industrial/Commercial Sales & Service,00010000931002,"EMERGENCY POWER SYSTEMS, LLC", 35 HAMILTON LANE,,GLENMONT,NY ,12077,USA,,800-914-1465,"Service,"
11547,Industrial/Commercial Sales & Service,00010208021002,Modern Group Power Systems, 295 New Commerce Blvd.,,Wilkes Barre,PA ,18706,USA,,800-404-7291,"Sales,Service,Up To 2MW,Mobile/Diesel/Gas,"
11547,Industrial/Commercial Sales & Service,00010208021002,Modern Group Power Systems, 66A South Gate Blvd.,,New Castle,DE ,19720,USA,,800-404-7291,"Sales,Service,Up To 2MW,Mobile/Diesel/Gas,"
11547,Industrial/Commercial Sales & Service,00010001731002,AUTHORIZED SERVICES OF NEW ENGLAND, 410 FOREST STREET,,MARLBOROUGH,MA ,01752,USA,,888-890-9886,"Sales,"
11547,Industrial/Commercial Sales & Service,00010208021002,Modern Group Power Systems, 3480 Board Road,,York,PA ,17402,USA,,800-404-7291,"Sales,Service,Up To 2MW,Mobile/Diesel/Gas,"
11547,Industrial/Commercial Sales & Service,00010001761002,"GENSERVE, INC.", 100 NEWTOWN RD,,PLAINVIEW,NY ,11803,USA,www.genserveinc.com,631-435-0437,"Service,"
11547,Industrial/Commercial Sales & Service,00111209521002,LONG ISLAND EMERGENCY POWER -QO, 2 Ocean Avenue,,DEER PARK,NY ,11729,USA,,631-586-7513,"Sales,"
11547,Industrial/Commercial Sales & Service,00010139211002,POWERPRO SERVICE CO. INC., 608 JOHNSON AVE. UNIT 6,,BOHEMIA,NY ,11716,USA,,631-567-2700,"Sales,Service,Up To 600kW,Mobile/Diesel/Gas,"
11547,Industrial/Commercial Sales & Service,00111209531002,HUNTINGTON POWER - LONG ISLAND, PO BOX 2040,,SHELTON,CT ,06484,USA,,631-586-7513,"Sales,"
11547,Industrial/Commercial Sales & Service,00010134071002,PEAK POWER SYSTEMS, 99 SPRAGUE AVENUE,,MIDDLETOWN,NY ,10940,USA,www.peakpowersystems.com,845-344-1975,"Sales,Service,Up To 600kW,Mobile/Diesel/Gas,Rental,"
11547,Industrial/Commercial Sales & Service,00010001761002,"GENSERVE, INC.", 115A TWINBRIDGE DR.,,PENNSAUKEN,NJ ,08110,USA,www.genserveinc.com,856-324-0459,"Service,"
11547,Industrial/Commercial Sales & Service,00010001621002,BROOKFIELD SERVICE, 708 GLEBE ROAD,,WESTMORELAND,NH ,03467,USA,www.brookfieldservice.com,802-485-6567,"Service,Up To 600kW,Mobile/Diesel/Gas,"
11547,Industrial/Commercial Sales & Service,00010021101002,SOUTH SHORE GENERATOR INC-Quote, 2696A CRANBERRY HWY,,WAREHAM,MA ,02571,USA,,508-295-7336,"Sales,Service,Up To 600kW,Mobile/Diesel/Gas,"
11547,Industrial/Commercial Sales & Service,00010001701002,SOUTH SHORE GENERATOR INC, ,,EAST WAREHAM,MA ,02538,USA,,508-295-7336,"Financing,Sales,Service,Up To 600kW,Mobile/Diesel/Gas,"
11547,Industrial/Commercial Sales & Service,00111184131002,HUNTER & LOMISON, 1956 W FOURTH ST,,WILLIAMSPORT,PA ,17701,USA,www.hunterlomison.com,570-326-1764,"Sales,Service,Up To 600kW,Mobile/Diesel/Gas,Rental,"
11547,Industrial/Commercial Sales & Service,00010000881002,HUNTER & LOMISON INC., 1956 W. 4TH STREET,,WILLIAMSPORT,PA ,17701,USA,www.hunterlomison.com,570-326-1764,"Service,Up To 600kW,Mobile/Diesel/Gas,"
11547,Industrial/Commercial Sales & Service,00111207431002,WARSHAUER ELECTRIC SUPPLY CO INC, 800 SHREWSBURY AVE,,TINTON FALLS,NJ ,07724,USA,www.warshauer.com,732-741-6400,"Service,"
11547,Industrial/Commercial Sales & Service,00010157021002,Mechanical Service Co, 1145 Oak St.,,Pittston,PA ,18640,USA,,570-654-2445,"Service,"
11548,Industrial/Commercial Sales & Service,00010214161002,"R.L. Kistler, Inc", 300 Mile Crossing Blvd.,,Rochester,NY ,14624,USA,rlkistler.com,585-436-1940,"Sales,"
11548,Industrial/Commercial Sales & Service,00010001611002,Huntington Power, 230 Long Hill Cross Rd,,Shelton,CT ,06484,USA,www.huntingtonpower.com,203-929-3203,"Sales,Service,Up To 2MW,Mobile/Diesel/Gas,Training,Rental,"
11548,Industrial/Commercial Sales & Service,00010214161002,"R.L. KISTLER, INC.", 35 HAMILTON LANE,,GLENMONT,NY ,12077,USA,,585-436-1940,"Sales,Service,"
11548,Industrial/Commercial Sales & Service,00010214161002,"R.L. Kistler, Inc", 5615 Business Ave.,,N. Syracuse,NY ,13208,USA,,315-458-2875,"Sales,"
11548,Industrial/Commercial Sales & Service,00010001611002,Huntington Power, 68 Enter Ln,,Islandia,NY ,11749,USA,,631-563-4943,"Sales,Service,Up To 2MW,Mobile/Diesel/Gas,"
11548,Industrial/Commercial Sales & Service,00010001611002,Huntington Power, 34 E DUDLEY TOWN RD.,,BLOOMFIELD,CT ,06002,USA,,860-289-8790,"Sales,Service,Rental,"
11548,Industrial/Commercial Sales & Service,00010214161002,"R.L. Kistler, Inc", 5615 Business Ave.,,N. Syracuse,NY ,13208,USA,,315-458-2875,"Sales,"
11548,Industrial/Commercial Sales & Service,00010208021002,Modern Group Power Systems, 2501 Durham Road,,Bristol,PA ,19007,USA,www.moderngroup.com,800-404-7291,"Sales,Service,Up To 2MW,Mobile/Diesel/Gas,Training,Rental,"
11548,Industrial/Commercial Sales & Service,00010001731002,Authorized Services Of New England, 410 Forest Street,,Marlborough,MA ,01752,USA,www.asne.com,888-890-9886,"Financing,Sales,Service,Up To 2MW,Mobile/Diesel/Gas,Training,Rental,"
11548,Industrial/Commercial Sales & Service,00010008091002,MODERN HANDLING EQUIP, 75 NEW STREET,,EDISON,NJ ,08837,USA,www.moderngroup.com,800-779-5116,"Sales,Service,Up To 2MW,Mobile/Diesel/Gas,"
11548,Industrial/Commercial Sales & Service,00010208021002,Modern Group Power Systems, 200 Allied Parkway,,West Berlin,NJ ,08091,USA,,800-404-7291,"Sales,Service,Up To 2MW,Mobile/Diesel/Gas,"
11548,Industrial/Commercial Sales & Service,00010208021002,Modern Group Power Systems, 6352 Chapmans Rd,,Allentown,PA ,18106,USA,,800-404-7291,"Sales,Service,Up To 2MW,Mobile/Diesel/Gas,"
11548,Industrial/Commercial Sales & Service,00010000931002,"EMERGENCY POWER SYSTEMS, LLC", 35 HAMILTON LANE,,GLENMONT,NY ,12077,USA,,800-914-1465,"Service,Up To 2MW,Mobile/Diesel/Gas,"
11548,Industrial/Commercial Sales & Service,00010000931002,"EMERGENCY POWER SYSTEMS, LLC", 35 HAMILTON LANE,,GLENMONT,NY ,12077,USA,,800-914-1465,"Service,"
11548,Industrial/Commercial Sales & Service,00010208021002,Modern Group Power Systems, 295 New Commerce Blvd.,,Wilkes Barre,PA ,18706,USA,,800-404-7291,"Sales,Service,Up To 2MW,Mobile/Diesel/Gas,"
11548,Industrial/Commercial Sales & Service,00010208021002,Modern Group Power Systems, 66A South Gate Blvd.,,New Castle,DE ,19720,USA,,800-404-7291,"Sales,Service,Up To 2MW,Mobile/Diesel/Gas,"
11548,Industrial/Commercial Sales & Service,00010001731002,AUTHORIZED SERVICES OF NEW ENGLAND, 410 FOREST STREET,,MARLBOROUGH,MA ,01752,USA,,888-890-9886,"Sales,"
11548,Industrial/Commercial Sales & Service,00010208021002,Modern Group Power Systems, 3480 Board Road,,York,PA ,17402,USA,,800-404-7291,"Sales,Service,Up To 2MW,Mobile/Diesel/Gas,"
11548,Industrial/Commercial Sales & Service,00010001761002,"GENSERVE, INC.", 100 NEWTOWN RD,,PLAINVIEW,NY ,11803,USA,www.genserveinc.com,631-435-0437,"Service,"
11548,Industrial/Commercial Sales & Service,00111209521002,LONG ISLAND EMERGENCY POWER -QO, 2 Ocean Avenue,,DEER PARK,NY ,11729,USA,,631-586-7513,"Sales,"
11548,Industrial/Commercial Sales & Service,00010139211002,POWERPRO SERVICE CO. INC., 608 JOHNSON AVE. UNIT 6,,BOHEMIA,NY ,11716,USA,,631-567-2700,"Sales,Service,Up To 600kW,Mobile/Diesel/Gas,"
11548,Industrial/Commercial Sales & Service,00111209531002,HUNTINGTON POWER - LONG ISLAND, PO BOX 2040,,SHELTON,CT ,06484,USA,,631-586-7513,"Sales,"
11548,Industrial/Commercial Sales & Service,00010134071002,PEAK POWER SYSTEMS, 99 SPRAGUE AVENUE,,MIDDLETOWN,NY ,10940,USA,www.peakpowersystems.com,845-344-1975,"Sales,Service,Up To 600kW,Mobile/Diesel/Gas,Rental,"
11548,Industrial/Commercial Sales & Service,00010001761002,"GENSERVE, INC.", 115A TWINBRIDGE DR.,,PENNSAUKEN,NJ ,08110,USA,www.genserveinc.com,856-324-0459,"Service,"
11548,Industrial/Commercial Sales & Service,00010001621002,BROOKFIELD SERVICE, 708 GLEBE ROAD,,WESTMORELAND,NH ,03467,USA,www.brookfieldservice.com,802-485-6567,"Service,Up To 600kW,Mobile/Diesel/Gas,"
11548,Industrial/Commercial Sales & Service,00010021101002,SOUTH SHORE GENERATOR INC-Quote, 2696A CRANBERRY HWY,,WAREHAM,MA ,02571,USA,,508-295-7336,"Sales,Service,Up To 600kW,Mobile/Diesel/Gas,"
11548,Industrial/Commercial Sales & Service,00010001701002,SOUTH SHORE GENERATOR INC, ,,EAST WAREHAM,MA ,02538,USA,,508-295-7336,"Financing,Sales,Service,Up To 600kW,Mobile/Diesel/Gas,"
11548,Industrial/Commercial Sales & Service,00111184131002,HUNTER & LOMISON, 1956 W FOURTH ST,,WILLIAMSPORT,PA ,17701,USA,www.hunterlomison.com,570-326-1764,"Sales,Service,Up To 600kW,Mobile/Diesel/Gas,Rental,"
11548,Industrial/Commercial Sales & Service,00010000881002,HUNTER & LOMISON INC., 1956 W. 4TH STREET,,WILLIAMSPORT,PA ,17701,USA,www.hunterlomison.com,570-326-1764,"Service,Up To 600kW,Mobile/Diesel/Gas,"
11548,Industrial/Commercial Sales & Service,00111207431002,WARSHAUER ELECTRIC SUPPLY CO INC, 800 SHREWSBURY AVE,,TINTON FALLS,NJ ,07724,USA,www.warshauer.com,732-741-6400,"Service,"
11548,Industrial/Commercial Sales & Service,00010157021002,Mechanical Service Co, 1145 Oak St.,,Pittston,PA ,18640,USA,,570-654-2445,"Service,"
11549,Industrial/Commercial Sales & Service,00010001611002,Huntington Power, 230 Long Hill Cross Rd,,Shelton,CT ,06484,USA,www.huntingtonpower.com,203-929-3203,"Sales,Service,Up To 2MW,Mobile/Diesel/Gas,Training,Rental,"
11549,Industrial/Commercial Sales & Service,00010214161002,"R.L. KISTLER, INC.", 35 HAMILTON LANE,,GLENMONT,NY ,12077,USA,,585-436-1940,"Sales,Service,"
11549,Industrial/Commercial Sales & Service,00010214161002,"R.L. Kistler, Inc", 300 Mile Crossing Blvd.,,Rochester,NY ,14624,USA,rlkistler.com,585-436-1940,"Sales,"
11549,Industrial/Commercial Sales & Service,00010001611002,Huntington Power, 68 Enter Ln,,Islandia,NY ,11749,USA,,631-563-4943,"Sales,Service,Up To 2MW,Mobile/Diesel/Gas,"
11549,Industrial/Commercial Sales & Service,00010001611002,Huntington Power, 34 E DUDLEY TOWN RD.,,BLOOMFIELD,CT ,06002,USA,,860-289-8790,"Sales,Service,Rental,"
11549,Industrial/Commercial Sales & Service,00010214161002,"R.L. Kistler, Inc", 5615 Business Ave.,,N. Syracuse,NY ,13208,USA,,315-458-2875,"Sales,"
11549,Industrial/Commercial Sales & Service,00010214161002,"R.L. Kistler, Inc", 5615 Business Ave.,,N. Syracuse,NY ,13208,USA,,315-458-2875,"Sales,"
11549,Industrial/Commercial Sales & Service,00010208021002,Modern Group Power Systems, 2501 Durham Road,,Bristol,PA ,19007,USA,www.moderngroup.com,800-404-7291,"Sales,Service,Up To 2MW,Mobile/Diesel/Gas,Training,Rental,"
11549,Industrial/Commercial Sales & Service,00010001731002,Authorized Services Of New England, 410 Forest Street,,Marlborough,MA ,01752,USA,www.asne.com,888-890-9886,"Financing,Sales,Service,Up To 2MW,Mobile/Diesel/Gas,Training,Rental,"
11549,Industrial/Commercial Sales & Service,00010008091002,MODERN HANDLING EQUIP, 75 NEW STREET,,EDISON,NJ ,08837,USA,www.moderngroup.com,800-779-5116,"Sales,Service,Up To 2MW,Mobile/Diesel/Gas,"
11549,Industrial/Commercial Sales & Service,00010208021002,Modern Group Power Systems, 200 Allied Parkway,,West Berlin,NJ ,08091,USA,,800-404-7291,"Sales,Service,Up To 2MW,Mobile/Diesel/Gas,"
11549,Industrial/Commercial Sales & Service,00010208021002,Modern Group Power Systems, 6352 Chapmans Rd,,Allentown,PA ,18106,USA,,800-404-7291,"Sales,Service,Up To 2MW,Mobile/Diesel/Gas,"
11549,Industrial/Commercial Sales & Service,00010208021002,Modern Group Power Systems, 295 New Commerce Blvd.,,Wilkes Barre,PA ,18706,USA,,800-404-7291,"Sales,Service,Up To 2MW,Mobile/Diesel/Gas,"
11549,Industrial/Commercial Sales & Service,00010208021002,Modern Group Power Systems, 66A South Gate Blvd.,,New Castle,DE ,19720,USA,,800-404-7291,"Sales,Service,Up To 2MW,Mobile/Diesel/Gas,"
11549,Industrial/Commercial Sales & Service,00010000931002,"EMERGENCY POWER SYSTEMS, LLC", 35 HAMILTON LANE,,GLENMONT,NY ,12077,USA,,800-914-1465,"Service,Up To 2MW,Mobile/Diesel/Gas,"
11549,Industrial/Commercial Sales & Service,00010000931002,"EMERGENCY POWER SYSTEMS, LLC", 35 HAMILTON LANE,,GLENMONT,NY ,12077,USA,,800-914-1465,"Service,"
11549,Industrial/Commercial Sales & Service,00010001731002,AUTHORIZED SERVICES OF NEW ENGLAND, 410 FOREST STREET,,MARLBOROUGH,MA ,01752,USA,,888-890-9886,"Sales,"
11549,Industrial/Commercial Sales & Service,00010208021002,Modern Group Power Systems, 3480 Board Road,,York,PA ,17402,USA,,800-404-7291,"Sales,Service,Up To 2MW,Mobile/Diesel/Gas,"
11549,Industrial/Commercial Sales & Service,00010001761002,"GENSERVE, INC.", 100 NEWTOWN RD,,PLAINVIEW,NY ,11803,USA,www.genserveinc.com,631-435-0437,"Service,"
11549,Industrial/Commercial Sales & Service,00111209521002,LONG ISLAND EMERGENCY POWER -QO, 2 Ocean Avenue,,DEER PARK,NY ,11729,USA,,631-586-7513,"Sales,"
11549,Industrial/Commercial Sales & Service,00010139211002,POWERPRO SERVICE CO. INC., 608 JOHNSON AVE. UNIT 6,,BOHEMIA,NY ,11716,USA,,631-567-2700,"Sales,Service,Up To 600kW,Mobile/Diesel/Gas,"
11549,Industrial/Commercial Sales & Service,00111209531002,HUNTINGTON POWER - LONG ISLAND, PO BOX 2040,,SHELTON,CT ,06484,USA,,631-586-7513,"Sales,"
11549,Industrial/Commercial Sales & Service,00010134071002,PEAK POWER SYSTEMS, 99 SPRAGUE AVENUE,,MIDDLETOWN,NY ,10940,USA,www.peakpowersystems.com,845-344-1975,"Sales,Service,Up To 600kW,Mobile/Diesel/Gas,Rental,"
11549,Industrial/Commercial Sales & Service,00010001761002,"GENSERVE, INC.", 115A TWINBRIDGE DR.,,PENNSAUKEN,NJ ,08110,USA,www.genserveinc.com,856-324-0459,"Service,"
11549,Industrial/Commercial Sales & Service,00010001621002,BROOKFIELD SERVICE, 708 GLEBE ROAD,,WESTMORELAND,NH ,03467,USA,www.brookfieldservice.com,802-485-6567,"Service,Up To 600kW,Mobile/Diesel/Gas,"
11549,Industrial/Commercial Sales & Service,00010021101002,SOUTH SHORE GENERATOR INC-Quote, 2696A CRANBERRY HWY,,WAREHAM,MA ,02571,USA,,508-295-7336,"Sales,Service,Up To 600kW,Mobile/Diesel/Gas,"
11549,Industrial/Commercial Sales & Service,00010001701002,SOUTH SHORE GENERATOR INC, ,,EAST WAREHAM,MA ,02538,USA,,508-295-7336,"Financing,Sales,Service,Up To 600kW,Mobile/Diesel/Gas,"
11549,Industrial/Commercial Sales & Service,00111184131002,HUNTER & LOMISON, 1956 W FOURTH ST,,WILLIAMSPORT,PA ,17701,USA,www.hunterlomison.com,570-326-1764,"Sales,Service,Up To 600kW,Mobile/Diesel/Gas,Rental,"
11549,Industrial/Commercial Sales & Service,00010000881002,HUNTER & LOMISON INC., 1956 W. 4TH STREET,,WILLIAMSPORT,PA ,17701,USA,www.hunterlomison.com,570-326-1764,"Service,Up To 600kW,Mobile/Diesel/Gas,"
11549,Industrial/Commercial Sales & Service,00111207431002,WARSHAUER ELECTRIC SUPPLY CO INC, 800 SHREWSBURY AVE,,TINTON FALLS,NJ ,07724,USA,www.warshauer.com,732-741-6400,"Service,"
11549,Industrial/Commercial Sales & Service,00010157021002,Mechanical Service Co, 1145 Oak St.,,Pittston,PA ,18640,USA,,570-654-2445,"Service,"
11550,Industrial/Commercial Sales & Service,00010214161002,"R.L. Kistler, Inc", 300 Mile Crossing Blvd.,,Rochester,NY ,14624,USA,rlkistler.com,585-436-1940,"Sales,"
11550,Industrial/Commercial Sales & Service,00010214161002,"R.L. KISTLER, INC.", 35 HAMILTON LANE,,GLENMONT,NY ,12077,USA,,585-436-1940,"Sales,Service,"
11550,Industrial/Commercial Sales & Service,00010001611002,Huntington Power, 230 Long Hill Cross Rd,,Shelton,CT ,06484,USA,www.huntingtonpower.com,203-929-3203,"Sales,Service,Up To 2MW,Mobile/Diesel/Gas,Training,Rental,"
11550,Industrial/Commercial Sales & Service,00010214161002,"R.L. Kistler, Inc", 5615 Business Ave.,,N. Syracuse,NY ,13208,USA,,315-458-2875,"Sales,"
11550,Industrial/Commercial Sales & Service,00010214161002,"R.L. Kistler, Inc", 5615 Business Ave.,,N. Syracuse,NY ,13208,USA,,315-458-2875,"Sales,"
11550,Industrial/Commercial Sales & Service,00010001611002,Huntington Power, 68 Enter Ln,,Islandia,NY ,11749,USA,,631-563-4943,"Sales,Service,Up To 2MW,Mobile/Diesel/Gas,"
11550,Industrial/Commercial Sales & Service,00010001611002,Huntington Power, 34 E DUDLEY TOWN RD.,,BLOOMFIELD,CT ,06002,USA,,860-289-8790,"Sales,Service,Rental,"
11550,Industrial/Commercial Sales & Service,00010208021002,Modern Group Power Systems, 2501 Durham Road,,Bristol,PA ,19007,USA,www.moderngroup.com,800-404-7291,"Sales,Service,Up To 2MW,Mobile/Diesel/Gas,Training,Rental,"
11550,Industrial/Commercial Sales & Service,00010001731002,Authorized Services Of New England, 410 Forest Street,,Marlborough,MA ,01752,USA,www.asne.com,888-890-9886,"Financing,Sales,Service,Up To 2MW,Mobile/Diesel/Gas,Training,Rental,"
11550,Industrial/Commercial Sales & Service,00010008091002,MODERN HANDLING EQUIP, 75 NEW STREET,,EDISON,NJ ,08837,USA,www.moderngroup.com,800-779-5116,"Sales,Service,Up To 2MW,Mobile/Diesel/Gas,"
11550,Industrial/Commercial Sales & Service,00010208021002,Modern Group Power Systems, 200 Allied Parkway,,West Berlin,NJ ,08091,USA,,800-404-7291,"Sales,Service,Up To 2MW,Mobile/Diesel/Gas,"
11550,Industrial/Commercial Sales & Service,00010208021002,Modern Group Power Systems, 6352 Chapmans Rd,,Allentown,PA ,18106,USA,,800-404-7291,"Sales,Service,Up To 2MW,Mobile/Diesel/Gas,"
11550,Industrial/Commercial Sales & Service,00010208021002,Modern Group Power Systems, 295 New Commerce Blvd.,,Wilkes Barre,PA ,18706,USA,,800-404-7291,"Sales,Service,Up To 2MW,Mobile/Diesel/Gas,"
11550,Industrial/Commercial Sales & Service,00010208021002,Modern Group Power Systems, 66A South Gate Blvd.,,New Castle,DE ,19720,USA,,800-404-7291,"Sales,Service,Up To 2MW,Mobile/Diesel/Gas,"
11550,Industrial/Commercial Sales & Service,00010000931002,"EMERGENCY POWER SYSTEMS, LLC", 35 HAMILTON LANE,,GLENMONT,NY ,12077,USA,,800-914-1465,"Service,Up To 2MW,Mobile/Diesel/Gas,"
11550,Industrial/Commercial Sales & Service,00010000931002,"EMERGENCY POWER SYSTEMS, LLC", 35 HAMILTON LANE,,GLENMONT,NY ,12077,USA,,800-914-1465,"Service,"
11550,Industrial/Commercial Sales & Service,00010001731002,AUTHORIZED SERVICES OF NEW ENGLAND, 410 FOREST STREET,,MARLBOROUGH,MA ,01752,USA,,888-890-9886,"Sales,"
11550,Industrial/Commercial Sales & Service,00010208021002,Modern Group Power Systems, 3480 Board Road,,York,PA ,17402,USA,,800-404-7291,"Sales,Service,Up To 2MW,Mobile/Diesel/Gas,"
11550,Industrial/Commercial Sales & Service,00010001761002,"GENSERVE, INC.", 100 NEWTOWN RD,,PLAINVIEW,NY ,11803,USA,www.genserveinc.com,631-435-0437,"Service,"
11550,Industrial/Commercial Sales & Service,00111209521002,LONG ISLAND EMERGENCY POWER -QO, 2 Ocean Avenue,,DEER PARK,NY ,11729,USA,,631-586-7513,"Sales,"
11550,Industrial/Commercial Sales & Service,00010139211002,POWERPRO SERVICE CO. INC., 608 JOHNSON AVE. UNIT 6,,BOHEMIA,NY ,11716,USA,,631-567-2700,"Sales,Service,Up To 600kW,Mobile/Diesel/Gas,"
11550,Industrial/Commercial Sales & Service,00111209531002,HUNTINGTON POWER - LONG ISLAND, PO BOX 2040,,SHELTON,CT ,06484,USA,,631-586-7513,"Sales,"
11550,Industrial/Commercial Sales & Service,00010134071002,PEAK POWER SYSTEMS, 99 SPRAGUE AVENUE,,MIDDLETOWN,NY ,10940,USA,www.peakpowersystems.com,845-344-1975,"Sales,Service,Up To 600kW,Mobile/Diesel/Gas,Rental,"
11550,Industrial/Commercial Sales & Service,00010001761002,"GENSERVE, INC.", 115A TWINBRIDGE DR.,,PENNSAUKEN,NJ ,08110,USA,www.genserveinc.com,856-324-0459,"Service,"
11550,Industrial/Commercial Sales & Service,00010001621002,BROOKFIELD SERVICE, 708 GLEBE ROAD,,WESTMORELAND,NH ,03467,USA,www.brookfieldservice.com,802-485-6567,"Service,Up To 600kW,Mobile/Diesel/Gas,"
11550,Industrial/Commercial Sales & Service,00010021101002,SOUTH SHORE GENERATOR INC-Quote, 2696A CRANBERRY HWY,,WAREHAM,MA ,02571,USA,,508-295-7336,"Sales,Service,Up To 600kW,Mobile/Diesel/Gas,"
11550,Industrial/Commercial Sales & Service,00010001701002,SOUTH SHORE GENERATOR INC, ,,EAST WAREHAM,MA ,02538,USA,,508-295-7336,"Financing,Sales,Service,Up To 600kW,Mobile/Diesel/Gas,"
11550,Industrial/Commercial Sales & Service,00111184131002,HUNTER & LOMISON, 1956 W FOURTH ST,,WILLIAMSPORT,PA ,17701,USA,www.hunterlomison.com,570-326-1764,"Sales,Service,Up To 600kW,Mobile/Diesel/Gas,Rental,"
11550,Industrial/Commercial Sales & Service,00010000881002,HUNTER & LOMISON INC., 1956 W. 4TH STREET,,WILLIAMSPORT,PA ,17701,USA,www.hunterlomison.com,570-326-1764,"Service,Up To 600kW,Mobile/Diesel/Gas,"
11550,Industrial/Commercial Sales & Service,00111207431002,WARSHAUER ELECTRIC SUPPLY CO INC, 800 SHREWSBURY AVE,,TINTON FALLS,NJ ,07724,USA,www.warshauer.com,732-741-6400,"Service,"
11550,Industrial/Commercial Sales & Service,00010157021002,Mechanical Service Co, 1145 Oak St.,,Pittston,PA ,18640,USA,,570-654-2445,"Service,"
11551,Industrial/Commercial Sales & Service,00010214161002,"R.L. KISTLER, INC.", 35 HAMILTON LANE,,GLENMONT,NY ,12077,USA,,585-436-1940,"Sales,Service,"
11551,Industrial/Commercial Sales & Service,00010001611002,Huntington Power, 230 Long Hill Cross Rd,,Shelton,CT ,06484,USA,www.huntingtonpower.com,203-929-3203,"Sales,Service,Up To 2MW,Mobile/Diesel/Gas,Training,Rental,"
11551,Industrial/Commercial Sales & Service,00010214161002,"R.L. Kistler, Inc", 300 Mile Crossing Blvd.,,Rochester,NY ,14624,USA,rlkistler.com,585-436-1940,"Sales,"
11551,Industrial/Commercial Sales & Service,00010214161002,"R.L. Kistler, Inc", 5615 Business Ave.,,N. Syracuse,NY ,13208,USA,,315-458-2875,"Sales,"
11551,Industrial/Commercial Sales & Service,00010001611002,Huntington Power, 68 Enter Ln,,Islandia,NY ,11749,USA,,631-563-4943,"Sales,Service,Up To 2MW,Mobile/Diesel/Gas,"
11551,Industrial/Commercial Sales & Service,00010001611002,Huntington Power, 34 E DUDLEY TOWN RD.,,BLOOMFIELD,CT ,06002,USA,,860-289-8790,"Sales,Service,Rental,"
11551,Industrial/Commercial Sales & Service,00010214161002,"R.L. Kistler, Inc", 5615 Business Ave.,,N. Syracuse,NY ,13208,USA,,315-458-2875,"Sales,"
11551,Industrial/Commercial Sales & Service,00010208021002,Modern Group Power Systems, 2501 Durham Road,,Bristol,PA ,19007,USA,www.moderngroup.com,800-404-7291,"Sales,Service,Up To 2MW,Mobile/Diesel/Gas,Training,Rental,"
11551,Industrial/Commercial Sales & Service,00010001731002,Authorized Services Of New England, 410 Forest Street,,Marlborough,MA ,01752,USA,www.asne.com,888-890-9886,"Financing,Sales,Service,Up To 2MW,Mobile/Diesel/Gas,Training,Rental,"
11551,Industrial/Commercial Sales & Service,00010008091002,MODERN HANDLING EQUIP, 75 NEW STREET,,EDISON,NJ ,08837,USA,www.moderngroup.com,800-779-5116,"Sales,Service,Up To 2MW,Mobile/Diesel/Gas,"
11551,Industrial/Commercial Sales & Service,00010208021002,Modern Group Power Systems, 200 Allied Parkway,,West Berlin,NJ ,08091,USA,,800-404-7291,"Sales,Service,Up To 2MW,Mobile/Diesel/Gas,"
11551,Industrial/Commercial Sales & Service,00010208021002,Modern Group Power Systems, 6352 Chapmans Rd,,Allentown,PA ,18106,USA,,800-404-7291,"Sales,Service,Up To 2MW,Mobile/Diesel/Gas,"
11551,Industrial/Commercial Sales & Service,00010208021002,Modern Group Power Systems, 295 New Commerce Blvd.,,Wilkes Barre,PA ,18706,USA,,800-404-7291,"Sales,Service,Up To 2MW,Mobile/Diesel/Gas,"
11551,Industrial/Commercial Sales & Service,00010208021002,Modern Group Power Systems, 66A South Gate Blvd.,,New Castle,DE ,19720,USA,,800-404-7291,"Sales,Service,Up To 2MW,Mobile/Diesel/Gas,"
11551,Industrial/Commercial Sales & Service,00010000931002,"EMERGENCY POWER SYSTEMS, LLC", 35 HAMILTON LANE,,GLENMONT,NY ,12077,USA,,800-914-1465,"Service,Up To 2MW,Mobile/Diesel/Gas,"
11551,Industrial/Commercial Sales & Service,00010000931002,"EMERGENCY POWER SYSTEMS, LLC", 35 HAMILTON LANE,,GLENMONT,NY ,12077,USA,,800-914-1465,"Service,"
11551,Industrial/Commercial Sales & Service,00010001731002,AUTHORIZED SERVICES OF NEW ENGLAND, 410 FOREST STREET,,MARLBOROUGH,MA ,01752,USA,,888-890-9886,"Sales,"
11551,Industrial/Commercial Sales & Service,00010208021002,Modern Group Power Systems, 3480 Board Road,,York,PA ,17402,USA,,800-404-7291,"Sales,Service,Up To 2MW,Mobile/Diesel/Gas,"
11551,Industrial/Commercial Sales & Service,00010001761002,"GENSERVE, INC.", 100 NEWTOWN RD,,PLAINVIEW,NY ,11803,USA,www.genserveinc.com,631-435-0437,"Service,"
11551,Industrial/Commercial Sales & Service,00111209521002,LONG ISLAND EMERGENCY POWER -QO, 2 Ocean Avenue,,DEER PARK,NY ,11729,USA,,631-586-7513,"Sales,"
11551,Industrial/Commercial Sales & Service,00010139211002,POWERPRO SERVICE CO. INC., 608 JOHNSON AVE. UNIT 6,,BOHEMIA,NY ,11716,USA,,631-567-2700,"Sales,Service,Up To 600kW,Mobile/Diesel/Gas,"
11551,Industrial/Commercial Sales & Service,00111209531002,HUNTINGTON POWER - LONG ISLAND, PO BOX 2040,,SHELTON,CT ,06484,USA,,631-586-7513,"Sales,"
11551,Industrial/Commercial Sales & Service,00010134071002,PEAK POWER SYSTEMS, 99 SPRAGUE AVENUE,,MIDDLETOWN,NY ,10940,USA,www.peakpowersystems.com,845-344-1975,"Sales,Service,Up To 600kW,Mobile/Diesel/Gas,Rental,"
11551,Industrial/Commercial Sales & Service,00010001761002,"GENSERVE, INC.", 115A TWINBRIDGE DR.,,PENNSAUKEN,NJ ,08110,USA,www.genserveinc.com,856-324-0459,"Service,"
11551,Industrial/Commercial Sales & Service,00010001621002,BROOKFIELD SERVICE, 708 GLEBE ROAD,,WESTMORELAND,NH ,03467,USA,www.brookfieldservice.com,802-485-6567,"Service,Up To 600kW,Mobile/Diesel/Gas,"
11551,Industrial/Commercial Sales & Service,00010021101002,SOUTH SHORE GENERATOR INC-Quote, 2696A CRANBERRY HWY,,WAREHAM,MA ,02571,USA,,508-295-7336,"Sales,Service,Up To 600kW,Mobile/Diesel/Gas,"
11551,Industrial/Commercial Sales & Service,00010001701002,SOUTH SHORE GENERATOR INC, ,,EAST WAREHAM,MA ,02538,USA,,508-295-7336,"Financing,Sales,Service,Up To 600kW,Mobile/Diesel/Gas,"
11551,Industrial/Commercial Sales & Service,00111184131002,HUNTER & LOMISON, 1956 W FOURTH ST,,WILLIAMSPORT,PA ,17701,USA,www.hunterlomison.com,570-326-1764,"Sales,Service,Up To 600kW,Mobile/Diesel/Gas,Rental,"
11551,Industrial/Commercial Sales & Service,00010000881002,HUNTER & LOMISON INC., 1956 W. 4TH STREET,,WILLIAMSPORT,PA ,17701,USA,www.hunterlomison.com,570-326-1764,"Service,Up To 600kW,Mobile/Diesel/Gas,"
11551,Industrial/Commercial Sales & Service,00111207431002,WARSHAUER ELECTRIC SUPPLY CO INC, 800 SHREWSBURY AVE,,TINTON FALLS,NJ ,07724,USA,www.warshauer.com,732-741-6400,"Service,"
11551,Industrial/Commercial Sales & Service,00010157021002,Mechanical Service Co, 1145 Oak St.,,Pittston,PA ,18640,USA,,570-654-2445,"Service,"
11552,Industrial/Commercial Sales & Service,00010214161002,"R.L. Kistler, Inc", 300 Mile Crossing Blvd.,,Rochester,NY ,14624,USA,rlkistler.com,585-436-1940,"Sales,"
11552,Industrial/Commercial Sales & Service,00010214161002,"R.L. KISTLER, INC.", 35 HAMILTON LANE,,GLENMONT,NY ,12077,USA,,585-436-1940,"Sales,Service,"
11552,Industrial/Commercial Sales & Service,00010001611002,Huntington Power, 230 Long Hill Cross Rd,,Shelton,CT ,06484,USA,www.huntingtonpower.com,203-929-3203,"Sales,Service,Up To 2MW,Mobile/Diesel/Gas,Training,Rental,"
11552,Industrial/Commercial Sales & Service,00010214161002,"R.L. Kistler, Inc", 5615 Business Ave.,,N. Syracuse,NY ,13208,USA,,315-458-2875,"Sales,"
11552,Industrial/Commercial Sales & Service,00010214161002,"R.L. Kistler, Inc", 5615 Business Ave.,,N. Syracuse,NY ,13208,USA,,315-458-2875,"Sales,"
11552,Industrial/Commercial Sales & Service,00010001611002,Huntington Power, 68 Enter Ln,,Islandia,NY ,11749,USA,,631-563-4943,"Sales,Service,Up To 2MW,Mobile/Diesel/Gas,"
11552,Industrial/Commercial Sales & Service,00010001611002,Huntington Power, 34 E DUDLEY TOWN RD.,,BLOOMFIELD,CT ,06002,USA,,860-289-8790,"Sales,Service,Rental,"
11552,Industrial/Commercial Sales & Service,00010208021002,Modern Group Power Systems, 2501 Durham Road,,Bristol,PA ,19007,USA,www.moderngroup.com,800-404-7291,"Sales,Service,Up To 2MW,Mobile/Diesel/Gas,Training,Rental,"
11552,Industrial/Commercial Sales & Service,00010001731002,Authorized Services Of New England, 410 Forest Street,,Marlborough,MA ,01752,USA,www.asne.com,888-890-9886,"Financing,Sales,Service,Up To 2MW,Mobile/Diesel/Gas,Training,Rental,"
11552,Industrial/Commercial Sales & Service,00010008091002,MODERN HANDLING EQUIP, 75 NEW STREET,,EDISON,NJ ,08837,USA,www.moderngroup.com,800-779-5116,"Sales,Service,Up To 2MW,Mobile/Diesel/Gas,"
11552,Industrial/Commercial Sales & Service,00010208021002,Modern Group Power Systems, 200 Allied Parkway,,West Berlin,NJ ,08091,USA,,800-404-7291,"Sales,Service,Up To 2MW,Mobile/Diesel/Gas,"
11552,Industrial/Commercial Sales & Service,00010208021002,Modern Group Power Systems, 6352 Chapmans Rd,,Allentown,PA ,18106,USA,,800-404-7291,"Sales,Service,Up To 2MW,Mobile/Diesel/Gas,"
11552,Industrial/Commercial Sales & Service,00010208021002,Modern Group Power Systems, 295 New Commerce Blvd.,,Wilkes Barre,PA ,18706,USA,,800-404-7291,"Sales,Service,Up To 2MW,Mobile/Diesel/Gas,"
11552,Industrial/Commercial Sales & Service,00010208021002,Modern Group Power Systems, 66A South Gate Blvd.,,New Castle,DE ,19720,USA,,800-404-7291,"Sales,Service,Up To 2MW,Mobile/Diesel/Gas,"
11552,Industrial/Commercial Sales & Service,00010000931002,"EMERGENCY POWER SYSTEMS, LLC", 35 HAMILTON LANE,,GLENMONT,NY ,12077,USA,,800-914-1465,"Service,Up To 2MW,Mobile/Diesel/Gas,"
11552,Industrial/Commercial Sales & Service,00010000931002,"EMERGENCY POWER SYSTEMS, LLC", 35 HAMILTON LANE,,GLENMONT,NY ,12077,USA,,800-914-1465,"Service,"
11552,Industrial/Commercial Sales & Service,00010001731002,AUTHORIZED SERVICES OF NEW ENGLAND, 410 FOREST STREET,,MARLBOROUGH,MA ,01752,USA,,888-890-9886,"Sales,"
11552,Industrial/Commercial Sales & Service,00010208021002,Modern Group Power Systems, 3480 Board Road,,York,PA ,17402,USA,,800-404-7291,"Sales,Service,Up To 2MW,Mobile/Diesel/Gas,"
11552,Industrial/Commercial Sales & Service,00010001761002,"GENSERVE, INC.", 100 NEWTOWN RD,,PLAINVIEW,NY ,11803,USA,www.genserveinc.com,631-435-0437,"Service,"
11552,Industrial/Commercial Sales & Service,00111209521002,LONG ISLAND EMERGENCY POWER -QO, 2 Ocean Avenue,,DEER PARK,NY ,11729,USA,,631-586-7513,"Sales,"
11552,Industrial/Commercial Sales & Service,00010139211002,POWERPRO SERVICE CO. INC., 608 JOHNSON AVE. UNIT 6,,BOHEMIA,NY ,11716,USA,,631-567-2700,"Sales,Service,Up To 600kW,Mobile/Diesel/Gas,"
11552,Industrial/Commercial Sales & Service,00111209531002,HUNTINGTON POWER - LONG ISLAND, PO BOX 2040,,SHELTON,CT ,06484,USA,,631-586-7513,"Sales,"
11552,Industrial/Commercial Sales & Service,00010134071002,PEAK POWER SYSTEMS, 99 SPRAGUE AVENUE,,MIDDLETOWN,NY ,10940,USA,www.peakpowersystems.com,845-344-1975,"Sales,Service,Up To 600kW,Mobile/Diesel/Gas,Rental,"
11552,Industrial/Commercial Sales & Service,00010001761002,"GENSERVE, INC.", 115A TWINBRIDGE DR.,,PENNSAUKEN,NJ ,08110,USA,www.genserveinc.com,856-324-0459,"Service,"
11552,Industrial/Commercial Sales & Service,00010001621002,BROOKFIELD SERVICE, 708 GLEBE ROAD,,WESTMORELAND,NH ,03467,USA,www.brookfieldservice.com,802-485-6567,"Service,Up To 600kW,Mobile/Diesel/Gas,"
11552,Industrial/Commercial Sales & Service,00010021101002,SOUTH SHORE GENERATOR INC-Quote, 2696A CRANBERRY HWY,,WAREHAM,MA ,02571,USA,,508-295-7336,"Sales,Service,Up To 600kW,Mobile/Diesel/Gas,"
11552,Industrial/Commercial Sales & Service,00010001701002,SOUTH SHORE GENERATOR INC, ,,EAST WAREHAM,MA ,02538,USA,,508-295-7336,"Financing,Sales,Service,Up To 600kW,Mobile/Diesel/Gas,"
11552,Industrial/Commercial Sales & Service,00111184131002,HUNTER & LOMISON, 1956 W FOURTH ST,,WILLIAMSPORT,PA ,17701,USA,www.hunterlomison.com,570-326-1764,"Sales,Service,Up To 600kW,Mobile/Diesel/Gas,Rental,"
11552,Industrial/Commercial Sales & Service,00010000881002,HUNTER & LOMISON INC., 1956 W. 4TH STREET,,WILLIAMSPORT,PA ,17701,USA,www.hunterlomison.com,570-326-1764,"Service,Up To 600kW,Mobile/Diesel/Gas,"
11552,Industrial/Commercial Sales & Service,00111207431002,WARSHAUER ELECTRIC SUPPLY CO INC, 800 SHREWSBURY AVE,,TINTON FALLS,NJ ,07724,USA,www.warshauer.com,732-741-6400,"Service,"
11552,Industrial/Commercial Sales & Service,00010157021002,Mechanical Service Co, 1145 Oak St.,,Pittston,PA ,18640,USA,,570-654-2445,"Service,"
11553,Industrial/Commercial Sales & Service,00010001611002,Huntington Power, 230 Long Hill Cross Rd,,Shelton,CT ,06484,USA,www.huntingtonpower.com,203-929-3203,"Sales,Service,Up To 2MW,Mobile/Diesel/Gas,Training,Rental,"
11553,Industrial/Commercial Sales & Service,00010214161002,"R.L. Kistler, Inc", 300 Mile Crossing Blvd.,,Rochester,NY ,14624,USA,rlkistler.com,585-436-1940,"Sales,"
11553,Industrial/Commercial Sales & Service,00010214161002,"R.L. KISTLER, INC.", 35 HAMILTON LANE,,GLENMONT,NY ,12077,USA,,585-436-1940,"Sales,Service,"
11553,Industrial/Commercial Sales & Service,00010001611002,Huntington Power, 68 Enter Ln,,Islandia,NY ,11749,USA,,631-563-4943,"Sales,Service,Up To 2MW,Mobile/Diesel/Gas,"
11553,Industrial/Commercial Sales & Service,00010001611002,Huntington Power, 34 E DUDLEY TOWN RD.,,BLOOMFIELD,CT ,06002,USA,,860-289-8790,"Sales,Service,Rental,"
11553,Industrial/Commercial Sales & Service,00010214161002,"R.L. Kistler, Inc", 5615 Business Ave.,,N. Syracuse,NY ,13208,USA,,315-458-2875,"Sales,"
11553,Industrial/Commercial Sales & Service,00010214161002,"R.L. Kistler, Inc", 5615 Business Ave.,,N. Syracuse,NY ,13208,USA,,315-458-2875,"Sales,"
11553,Industrial/Commercial Sales & Service,00010208021002,Modern Group Power Systems, 2501 Durham Road,,Bristol,PA ,19007,USA,www.moderngroup.com,800-404-7291,"Sales,Service,Up To 2MW,Mobile/Diesel/Gas,Training,Rental,"
11553,Industrial/Commercial Sales & Service,00010001731002,Authorized Services Of New England, 410 Forest Street,,Marlborough,MA ,01752,USA,www.asne.com,888-890-9886,"Financing,Sales,Service,Up To 2MW,Mobile/Diesel/Gas,Training,Rental,"
11553,Industrial/Commercial Sales & Service,00010008091002,MODERN HANDLING EQUIP, 75 NEW STREET,,EDISON,NJ ,08837,USA,www.moderngroup.com,800-779-5116,"Sales,Service,Up To 2MW,Mobile/Diesel/Gas,"
11553,Industrial/Commercial Sales & Service,00010208021002,Modern Group Power Systems, 200 Allied Parkway,,West Berlin,NJ ,08091,USA,,800-404-7291,"Sales,Service,Up To 2MW,Mobile/Diesel/Gas,"
11553,Industrial/Commercial Sales & Service,00010208021002,Modern Group Power Systems, 6352 Chapmans Rd,,Allentown,PA ,18106,USA,,800-404-7291,"Sales,Service,Up To 2MW,Mobile/Diesel/Gas,"
11553,Industrial/Commercial Sales & Service,00010208021002,Modern Group Power Systems, 295 New Commerce Blvd.,,Wilkes Barre,PA ,18706,USA,,800-404-7291,"Sales,Service,Up To 2MW,Mobile/Diesel/Gas,"
11553,Industrial/Commercial Sales & Service,00010208021002,Modern Group Power Systems, 66A South Gate Blvd.,,New Castle,DE ,19720,USA,,800-404-7291,"Sales,Service,Up To 2MW,Mobile/Diesel/Gas,"
11553,Industrial/Commercial Sales & Service,00010000931002,"EMERGENCY POWER SYSTEMS, LLC", 35 HAMILTON LANE,,GLENMONT,NY ,12077,USA,,800-914-1465,"Service,Up To 2MW,Mobile/Diesel/Gas,"
11553,Industrial/Commercial Sales & Service,00010000931002,"EMERGENCY POWER SYSTEMS, LLC", 35 HAMILTON LANE,,GLENMONT,NY ,12077,USA,,800-914-1465,"Service,"
11553,Industrial/Commercial Sales & Service,00010001731002,AUTHORIZED SERVICES OF NEW ENGLAND, 410 FOREST STREET,,MARLBOROUGH,MA ,01752,USA,,888-890-9886,"Sales,"
11553,Industrial/Commercial Sales & Service,00010208021002,Modern Group Power Systems, 3480 Board Road,,York,PA ,17402,USA,,800-404-7291,"Sales,Service,Up To 2MW,Mobile/Diesel/Gas,"
11553,Industrial/Commercial Sales & Service,00010001761002,"GENSERVE, INC.", 100 NEWTOWN RD,,PLAINVIEW,NY ,11803,USA,www.genserveinc.com,631-435-0437,"Service,"
11553,Industrial/Commercial Sales & Service,00111209521002,LONG ISLAND EMERGENCY POWER -QO, 2 Ocean Avenue,,DEER PARK,NY ,11729,USA,,631-586-7513,"Sales,"
11553,Industrial/Commercial Sales & Service,00010139211002,POWERPRO SERVICE CO. INC., 608 JOHNSON AVE. UNIT 6,,BOHEMIA,NY ,11716,USA,,631-567-2700,"Sales,Service,Up To 600kW,Mobile/Diesel/Gas,"
11553,Industrial/Commercial Sales & Service,00111209531002,HUNTINGTON POWER - LONG ISLAND, PO BOX 2040,,SHELTON,CT ,06484,USA,,631-586-7513,"Sales,"
11553,Industrial/Commercial Sales & Service,00010134071002,PEAK POWER SYSTEMS, 99 SPRAGUE AVENUE,,MIDDLETOWN,NY ,10940,USA,www.peakpowersystems.com,845-344-1975,"Sales,Service,Up To 600kW,Mobile/Diesel/Gas,Rental,"
11553,Industrial/Commercial Sales & Service,00010001761002,"GENSERVE, INC.", 115A TWINBRIDGE DR.,,PENNSAUKEN,NJ ,08110,USA,www.genserveinc.com,856-324-0459,"Service,"
11553,Industrial/Commercial Sales & Service,00010021101002,SOUTH SHORE GENERATOR INC-Quote, 2696A CRANBERRY HWY,,WAREHAM,MA ,02571,USA,,508-295-7336,"Sales,Service,Up To 600kW,Mobile/Diesel/Gas,"
11553,Industrial/Commercial Sales & Service,00010001621002,BROOKFIELD SERVICE, 708 GLEBE ROAD,,WESTMORELAND,NH ,03467,USA,www.brookfieldservice.com,802-485-6567,"Service,Up To 600kW,Mobile/Diesel/Gas,"
11553,Industrial/Commercial Sales & Service,00010001701002,SOUTH SHORE GENERATOR INC, ,,EAST WAREHAM,MA ,02538,USA,,508-295-7336,"Financing,Sales,Service,Up To 600kW,Mobile/Diesel/Gas,"
11553,Industrial/Commercial Sales & Service,00111184131002,HUNTER & LOMISON, 1956 W FOURTH ST,,WILLIAMSPORT,PA ,17701,USA,www.hunterlomison.com,570-326-1764,"Sales,Service,Up To 600kW,Mobile/Diesel/Gas,Rental,"
11553,Industrial/Commercial Sales & Service,00010000881002,HUNTER & LOMISON INC., 1956 W. 4TH STREET,,WILLIAMSPORT,PA ,17701,USA,www.hunterlomison.com,570-326-1764,"Service,Up To 600kW,Mobile/Diesel/Gas,"
11553,Industrial/Commercial Sales & Service,00111207431002,WARSHAUER ELECTRIC SUPPLY CO INC, 800 SHREWSBURY AVE,,TINTON FALLS,NJ ,07724,USA,www.warshauer.com,732-741-6400,"Service,"
11553,Industrial/Commercial Sales & Service,00010157021002,Mechanical Service Co, 1145 Oak St.,,Pittston,PA ,18640,USA,,570-654-2445,"Service,"
11554,Industrial/Commercial Sales & Service,00010214161002,"R.L. Kistler, Inc", 300 Mile Crossing Blvd.,,Rochester,NY ,14624,USA,rlkistler.com,585-436-1940,"Sales,"
11554,Industrial/Commercial Sales & Service,00010001611002,Huntington Power, 230 Long Hill Cross Rd,,Shelton,CT ,06484,USA,www.huntingtonpower.com,203-929-3203,"Sales,Service,Up To 2MW,Mobile/Diesel/Gas,Training,Rental,"
11554,Industrial/Commercial Sales & Service,00010214161002,"R.L. KISTLER, INC.", 35 HAMILTON LANE,,GLENMONT,NY ,12077,USA,,585-436-1940,"Sales,Service,"
11554,Industrial/Commercial Sales & Service,00010214161002,"R.L. Kistler, Inc", 5615 Business Ave.,,N. Syracuse,NY ,13208,USA,,315-458-2875,"Sales,"
11554,Industrial/Commercial Sales & Service,00010001611002,Huntington Power, 68 Enter Ln,,Islandia,NY ,11749,USA,,631-563-4943,"Sales,Service,Up To 2MW,Mobile/Diesel/Gas,"
11554,Industrial/Commercial Sales & Service,00010001611002,Huntington Power, 34 E DUDLEY TOWN RD.,,BLOOMFIELD,CT ,06002,USA,,860-289-8790,"Sales,Service,Rental,"
11554,Industrial/Commercial Sales & Service,00010214161002,"R.L. Kistler, Inc", 5615 Business Ave.,,N. Syracuse,NY ,13208,USA,,315-458-2875,"Sales,"
11554,Industrial/Commercial Sales & Service,00010208021002,Modern Group Power Systems, 2501 Durham Road,,Bristol,PA ,19007,USA,www.moderngroup.com,800-404-7291,"Sales,Service,Up To 2MW,Mobile/Diesel/Gas,Training,Rental,"
11554,Industrial/Commercial Sales & Service,00010001731002,Authorized Services Of New England, 410 Forest Street,,Marlborough,MA ,01752,USA,www.asne.com,888-890-9886,"Financing,Sales,Service,Up To 2MW,Mobile/Diesel/Gas,Training,Rental,"
11554,Industrial/Commercial Sales & Service,00010008091002,MODERN HANDLING EQUIP, 75 NEW STREET,,EDISON,NJ ,08837,USA,www.moderngroup.com,800-779-5116,"Sales,Service,Up To 2MW,Mobile/Diesel/Gas,"
11554,Industrial/Commercial Sales & Service,00010208021002,Modern Group Power Systems, 200 Allied Parkway,,West Berlin,NJ ,08091,USA,,800-404-7291,"Sales,Service,Up To 2MW,Mobile/Diesel/Gas,"
11554,Industrial/Commercial Sales & Service,00010208021002,Modern Group Power Systems, 6352 Chapmans Rd,,Allentown,PA ,18106,USA,,800-404-7291,"Sales,Service,Up To 2MW,Mobile/Diesel/Gas,"
11554,Industrial/Commercial Sales & Service,00010208021002,Modern Group Power Systems, 295 New Commerce Blvd.,,Wilkes Barre,PA ,18706,USA,,800-404-7291,"Sales,Service,Up To 2MW,Mobile/Diesel/Gas,"
11554,Industrial/Commercial Sales & Service,00010000931002,"EMERGENCY POWER SYSTEMS, LLC", 35 HAMILTON LANE,,GLENMONT,NY ,12077,USA,,800-914-1465,"Service,Up To 2MW,Mobile/Diesel/Gas,"
11554,Industrial/Commercial Sales & Service,00010000931002,"EMERGENCY POWER SYSTEMS, LLC", 35 HAMILTON LANE,,GLENMONT,NY ,12077,USA,,800-914-1465,"Service,"
11554,Industrial/Commercial Sales & Service,00010208021002,Modern Group Power Systems, 66A South Gate Blvd.,,New Castle,DE ,19720,USA,,800-404-7291,"Sales,Service,Up To 2MW,Mobile/Diesel/Gas,"
11554,Industrial/Commercial Sales & Service,00010001731002,AUTHORIZED SERVICES OF NEW ENGLAND, 410 FOREST STREET,,MARLBOROUGH,MA ,01752,USA,,888-890-9886,"Sales,"
11554,Industrial/Commercial Sales & Service,00010208021002,Modern Group Power Systems, 3480 Board Road,,York,PA ,17402,USA,,800-404-7291,"Sales,Service,Up To 2MW,Mobile/Diesel/Gas,"
11554,Industrial/Commercial Sales & Service,00010001761002,"GENSERVE, INC.", 100 NEWTOWN RD,,PLAINVIEW,NY ,11803,USA,www.genserveinc.com,631-435-0437,"Service,"
11554,Industrial/Commercial Sales & Service,00111209521002,LONG ISLAND EMERGENCY POWER -QO, 2 Ocean Avenue,,DEER PARK,NY ,11729,USA,,631-586-7513,"Sales,"
11554,Industrial/Commercial Sales & Service,00010139211002,POWERPRO SERVICE CO. INC., 608 JOHNSON AVE. UNIT 6,,BOHEMIA,NY ,11716,USA,,631-567-2700,"Sales,Service,Up To 600kW,Mobile/Diesel/Gas,"
11554,Industrial/Commercial Sales & Service,00111209531002,HUNTINGTON POWER - LONG ISLAND, PO BOX 2040,,SHELTON,CT ,06484,USA,,631-586-7513,"Sales,"
11554,Industrial/Commercial Sales & Service,00010134071002,PEAK POWER SYSTEMS, 99 SPRAGUE AVENUE,,MIDDLETOWN,NY ,10940,USA,www.peakpowersystems.com,845-344-1975,"Sales,Service,Up To 600kW,Mobile/Diesel/Gas,Rental,"
11554,Industrial/Commercial Sales & Service,00010001761002,"GENSERVE, INC.", 115A TWINBRIDGE DR.,,PENNSAUKEN,NJ ,08110,USA,www.genserveinc.com,856-324-0459,"Service,"
11554,Industrial/Commercial Sales & Service,00010021101002,SOUTH SHORE GENERATOR INC-Quote, 2696A CRANBERRY HWY,,WAREHAM,MA ,02571,USA,,508-295-7336,"Sales,Service,Up To 600kW,Mobile/Diesel/Gas,"
11554,Industrial/Commercial Sales & Service,00010001621002,BROOKFIELD SERVICE, 708 GLEBE ROAD,,WESTMORELAND,NH ,03467,USA,www.brookfieldservice.com,802-485-6567,"Service,Up To 600kW,Mobile/Diesel/Gas,"
11554,Industrial/Commercial Sales & Service,00010001701002,SOUTH SHORE GENERATOR INC, ,,EAST WAREHAM,MA ,02538,USA,,508-295-7336,"Financing,Sales,Service,Up To 600kW,Mobile/Diesel/Gas,"
11554,Industrial/Commercial Sales & Service,00111184131002,HUNTER & LOMISON, 1956 W FOURTH ST,,WILLIAMSPORT,PA ,17701,USA,www.hunterlomison.com,570-326-1764,"Sales,Service,Up To 600kW,Mobile/Diesel/Gas,Rental,"
11554,Industrial/Commercial Sales & Service,00010000881002,HUNTER & LOMISON INC., 1956 W. 4TH STREET,,WILLIAMSPORT,PA ,17701,USA,www.hunterlomison.com,570-326-1764,"Service,Up To 600kW,Mobile/Diesel/Gas,"
11554,Industrial/Commercial Sales & Service,00111207431002,WARSHAUER ELECTRIC SUPPLY CO INC, 800 SHREWSBURY AVE,,TINTON FALLS,NJ ,07724,USA,www.warshauer.com,732-741-6400,"Service,"
11554,Industrial/Commercial Sales & Service,00010157021002,Mechanical Service Co, 1145 Oak St.,,Pittston,PA ,18640,USA,,570-654-2445,"Service,"
11555,Industrial/Commercial Sales & Service,00010001611002,Huntington Power, 230 Long Hill Cross Rd,,Shelton,CT ,06484,USA,www.huntingtonpower.com,203-929-3203,"Sales,Service,Up To 2MW,Mobile/Diesel/Gas,Training,Rental,"
11555,Industrial/Commercial Sales & Service,00010214161002,"R.L. KISTLER, INC.", 35 HAMILTON LANE,,GLENMONT,NY ,12077,USA,,585-436-1940,"Sales,Service,"
11555,Industrial/Commercial Sales & Service,00010214161002,"R.L. Kistler, Inc", 300 Mile Crossing Blvd.,,Rochester,NY ,14624,USA,rlkistler.com,585-436-1940,"Sales,"
11555,Industrial/Commercial Sales & Service,00010001611002,Huntington Power, 68 Enter Ln,,Islandia,NY ,11749,USA,,631-563-4943,"Sales,Service,Up To 2MW,Mobile/Diesel/Gas,"
11555,Industrial/Commercial Sales & Service,00010001611002,Huntington Power, 34 E DUDLEY TOWN RD.,,BLOOMFIELD,CT ,06002,USA,,860-289-8790,"Sales,Service,Rental,"
11555,Industrial/Commercial Sales & Service,00010214161002,"R.L. Kistler, Inc", 5615 Business Ave.,,N. Syracuse,NY ,13208,USA,,315-458-2875,"Sales,"
11555,Industrial/Commercial Sales & Service,00010214161002,"R.L. Kistler, Inc", 5615 Business Ave.,,N. Syracuse,NY ,13208,USA,,315-458-2875,"Sales,"
11555,Industrial/Commercial Sales & Service,00010208021002,Modern Group Power Systems, 2501 Durham Road,,Bristol,PA ,19007,USA,www.moderngroup.com,800-404-7291,"Sales,Service,Up To 2MW,Mobile/Diesel/Gas,Training,Rental,"
11555,Industrial/Commercial Sales & Service,00010001731002,Authorized Services Of New England, 410 Forest Street,,Marlborough,MA ,01752,USA,www.asne.com,888-890-9886,"Financing,Sales,Service,Up To 2MW,Mobile/Diesel/Gas,Training,Rental,"
11555,Industrial/Commercial Sales & Service,00010008091002,MODERN HANDLING EQUIP, 75 NEW STREET,,EDISON,NJ ,08837,USA,www.moderngroup.com,800-779-5116,"Sales,Service,Up To 2MW,Mobile/Diesel/Gas,"
11555,Industrial/Commercial Sales & Service,00010208021002,Modern Group Power Systems, 200 Allied Parkway,,West Berlin,NJ ,08091,USA,,800-404-7291,"Sales,Service,Up To 2MW,Mobile/Diesel/Gas,"
11555,Industrial/Commercial Sales & Service,00010208021002,Modern Group Power Systems, 6352 Chapmans Rd,,Allentown,PA ,18106,USA,,800-404-7291,"Sales,Service,Up To 2MW,Mobile/Diesel/Gas,"
11555,Industrial/Commercial Sales & Service,00010208021002,Modern Group Power Systems, 295 New Commerce Blvd.,,Wilkes Barre,PA ,18706,USA,,800-404-7291,"Sales,Service,Up To 2MW,Mobile/Diesel/Gas,"
11555,Industrial/Commercial Sales & Service,00010208021002,Modern Group Power Systems, 66A South Gate Blvd.,,New Castle,DE ,19720,USA,,800-404-7291,"Sales,Service,Up To 2MW,Mobile/Diesel/Gas,"
11555,Industrial/Commercial Sales & Service,00010000931002,"EMERGENCY POWER SYSTEMS, LLC", 35 HAMILTON LANE,,GLENMONT,NY ,12077,USA,,800-914-1465,"Service,Up To 2MW,Mobile/Diesel/Gas,"
11555,Industrial/Commercial Sales & Service,00010000931002,"EMERGENCY POWER SYSTEMS, LLC", 35 HAMILTON LANE,,GLENMONT,NY ,12077,USA,,800-914-1465,"Service,"
11555,Industrial/Commercial Sales & Service,00010001731002,AUTHORIZED SERVICES OF NEW ENGLAND, 410 FOREST STREET,,MARLBOROUGH,MA ,01752,USA,,888-890-9886,"Sales,"
11555,Industrial/Commercial Sales & Service,00010208021002,Modern Group Power Systems, 3480 Board Road,,York,PA ,17402,USA,,800-404-7291,"Sales,Service,Up To 2MW,Mobile/Diesel/Gas,"
11555,Industrial/Commercial Sales & Service,00010001761002,"GENSERVE, INC.", 100 NEWTOWN RD,,PLAINVIEW,NY ,11803,USA,www.genserveinc.com,631-435-0437,"Service,"
11555,Industrial/Commercial Sales & Service,00111209521002,LONG ISLAND EMERGENCY POWER -QO, 2 Ocean Avenue,,DEER PARK,NY ,11729,USA,,631-586-7513,"Sales,"
11555,Industrial/Commercial Sales & Service,00010139211002,POWERPRO SERVICE CO. INC., 608 JOHNSON AVE. UNIT 6,,BOHEMIA,NY ,11716,USA,,631-567-2700,"Sales,Service,Up To 600kW,Mobile/Diesel/Gas,"
11555,Industrial/Commercial Sales & Service,00111209531002,HUNTINGTON POWER - LONG ISLAND, PO BOX 2040,,SHELTON,CT ,06484,USA,,631-586-7513,"Sales,"
11555,Industrial/Commercial Sales & Service,00010134071002,PEAK POWER SYSTEMS, 99 SPRAGUE AVENUE,,MIDDLETOWN,NY ,10940,USA,www.peakpowersystems.com,845-344-1975,"Sales,Service,Up To 600kW,Mobile/Diesel/Gas,Rental,"
11555,Industrial/Commercial Sales & Service,00010001761002,"GENSERVE, INC.", 115A TWINBRIDGE DR.,,PENNSAUKEN,NJ ,08110,USA,www.genserveinc.com,856-324-0459,"Service,"
11555,Industrial/Commercial Sales & Service,00010001621002,BROOKFIELD SERVICE, 708 GLEBE ROAD,,WESTMORELAND,NH ,03467,USA,www.brookfieldservice.com,802-485-6567,"Service,Up To 600kW,Mobile/Diesel/Gas,"
11555,Industrial/Commercial Sales & Service,00010021101002,SOUTH SHORE GENERATOR INC-Quote, 2696A CRANBERRY HWY,,WAREHAM,MA ,02571,USA,,508-295-7336,"Sales,Service,Up To 600kW,Mobile/Diesel/Gas,"
11555,Industrial/Commercial Sales & Service,00010001701002,SOUTH SHORE GENERATOR INC, ,,EAST WAREHAM,MA ,02538,USA,,508-295-7336,"Financing,Sales,Service,Up To 600kW,Mobile/Diesel/Gas,"
11555,Industrial/Commercial Sales & Service,00111184131002,HUNTER & LOMISON, 1956 W FOURTH ST,,WILLIAMSPORT,PA ,17701,USA,www.hunterlomison.com,570-326-1764,"Sales,Service,Up To 600kW,Mobile/Diesel/Gas,Rental,"
11555,Industrial/Commercial Sales & Service,00010000881002,HUNTER & LOMISON INC., 1956 W. 4TH STREET,,WILLIAMSPORT,PA ,17701,USA,www.hunterlomison.com,570-326-1764,"Service,Up To 600kW,Mobile/Diesel/Gas,"
11555,Industrial/Commercial Sales & Service,00111207431002,WARSHAUER ELECTRIC SUPPLY CO INC, 800 SHREWSBURY AVE,,TINTON FALLS,NJ ,07724,USA,www.warshauer.com,732-741-6400,"Service,"
11555,Industrial/Commercial Sales & Service,00010157021002,Mechanical Service Co, 1145 Oak St.,,Pittston,PA ,18640,USA,,570-654-2445,"Service,"
11556,Industrial/Commercial Sales & Service,00010214161002,"R.L. Kistler, Inc", 300 Mile Crossing Blvd.,,Rochester,NY ,14624,USA,rlkistler.com,585-436-1940,"Sales,"
11556,Industrial/Commercial Sales & Service,00010001611002,Huntington Power, 230 Long Hill Cross Rd,,Shelton,CT ,06484,USA,www.huntingtonpower.com,203-929-3203,"Sales,Service,Up To 2MW,Mobile/Diesel/Gas,Training,Rental,"
11556,Industrial/Commercial Sales & Service,00010214161002,"R.L. KISTLER, INC.", 35 HAMILTON LANE,,GLENMONT,NY ,12077,USA,,585-436-1940,"Sales,Service,"
11556,Industrial/Commercial Sales & Service,00010214161002,"R.L. Kistler, Inc", 5615 Business Ave.,,N. Syracuse,NY ,13208,USA,,315-458-2875,"Sales,"
11556,Industrial/Commercial Sales & Service,00010001611002,Huntington Power, 68 Enter Ln,,Islandia,NY ,11749,USA,,631-563-4943,"Sales,Service,Up To 2MW,Mobile/Diesel/Gas,"
11556,Industrial/Commercial Sales & Service,00010001611002,Huntington Power, 34 E DUDLEY TOWN RD.,,BLOOMFIELD,CT ,06002,USA,,860-289-8790,"Sales,Service,Rental,"
11556,Industrial/Commercial Sales & Service,00010214161002,"R.L. Kistler, Inc", 5615 Business Ave.,,N. Syracuse,NY ,13208,USA,,315-458-2875,"Sales,"
11556,Industrial/Commercial Sales & Service,00010208021002,Modern Group Power Systems, 2501 Durham Road,,Bristol,PA ,19007,USA,www.moderngroup.com,800-404-7291,"Sales,Service,Up To 2MW,Mobile/Diesel/Gas,Training,Rental,"
11556,Industrial/Commercial Sales & Service,00010001731002,Authorized Services Of New England, 410 Forest Street,,Marlborough,MA ,01752,USA,www.asne.com,888-890-9886,"Financing,Sales,Service,Up To 2MW,Mobile/Diesel/Gas,Training,Rental,"
11556,Industrial/Commercial Sales & Service,00010008091002,MODERN HANDLING EQUIP, 75 NEW STREET,,EDISON,NJ ,08837,USA,www.moderngroup.com,800-779-5116,"Sales,Service,Up To 2MW,Mobile/Diesel/Gas,"
11556,Industrial/Commercial Sales & Service,00010208021002,Modern Group Power Systems, 200 Allied Parkway,,West Berlin,NJ ,08091,USA,,800-404-7291,"Sales,Service,Up To 2MW,Mobile/Diesel/Gas,"
11556,Industrial/Commercial Sales & Service,00010208021002,Modern Group Power Systems, 6352 Chapmans Rd,,Allentown,PA ,18106,USA,,800-404-7291,"Sales,Service,Up To 2MW,Mobile/Diesel/Gas,"
11556,Industrial/Commercial Sales & Service,00010208021002,Modern Group Power Systems, 295 New Commerce Blvd.,,Wilkes Barre,PA ,18706,USA,,800-404-7291,"Sales,Service,Up To 2MW,Mobile/Diesel/Gas,"
11556,Industrial/Commercial Sales & Service,00010208021002,Modern Group Power Systems, 66A South Gate Blvd.,,New Castle,DE ,19720,USA,,800-404-7291,"Sales,Service,Up To 2MW,Mobile/Diesel/Gas,"
11556,Industrial/Commercial Sales & Service,00010000931002,"EMERGENCY POWER SYSTEMS, LLC", 35 HAMILTON LANE,,GLENMONT,NY ,12077,USA,,800-914-1465,"Service,Up To 2MW,Mobile/Diesel/Gas,"
11556,Industrial/Commercial Sales & Service,00010000931002,"EMERGENCY POWER SYSTEMS, LLC", 35 HAMILTON LANE,,GLENMONT,NY ,12077,USA,,800-914-1465,"Service,"
11556,Industrial/Commercial Sales & Service,00010001731002,AUTHORIZED SERVICES OF NEW ENGLAND, 410 FOREST STREET,,MARLBOROUGH,MA ,01752,USA,,888-890-9886,"Sales,"
11556,Industrial/Commercial Sales & Service,00010208021002,Modern Group Power Systems, 3480 Board Road,,York,PA ,17402,USA,,800-404-7291,"Sales,Service,Up To 2MW,Mobile/Diesel/Gas,"
11556,Industrial/Commercial Sales & Service,00010001761002,"GENSERVE, INC.", 100 NEWTOWN RD,,PLAINVIEW,NY ,11803,USA,www.genserveinc.com,631-435-0437,"Service,"
11556,Industrial/Commercial Sales & Service,00111209521002,LONG ISLAND EMERGENCY POWER -QO, 2 Ocean Avenue,,DEER PARK,NY ,11729,USA,,631-586-7513,"Sales,"
11556,Industrial/Commercial Sales & Service,00010139211002,POWERPRO SERVICE CO. INC., 608 JOHNSON AVE. UNIT 6,,BOHEMIA,NY ,11716,USA,,631-567-2700,"Sales,Service,Up To 600kW,Mobile/Diesel/Gas,"
11556,Industrial/Commercial Sales & Service,00111209531002,HUNTINGTON POWER - LONG ISLAND, PO BOX 2040,,SHELTON,CT ,06484,USA,,631-586-7513,"Sales,"
11556,Industrial/Commercial Sales & Service,00010134071002,PEAK POWER SYSTEMS, 99 SPRAGUE AVENUE,,MIDDLETOWN,NY ,10940,USA,www.peakpowersystems.com,845-344-1975,"Sales,Service,Up To 600kW,Mobile/Diesel/Gas,Rental,"
11556,Industrial/Commercial Sales & Service,00010001761002,"GENSERVE, INC.", 115A TWINBRIDGE DR.,,PENNSAUKEN,NJ ,08110,USA,www.genserveinc.com,856-324-0459,"Service,"
11556,Industrial/Commercial Sales & Service,00010001621002,BROOKFIELD SERVICE, 708 GLEBE ROAD,,WESTMORELAND,NH ,03467,USA,www.brookfieldservice.com,802-485-6567,"Service,Up To 600kW,Mobile/Diesel/Gas,"
11556,Industrial/Commercial Sales & Service,00010021101002,SOUTH SHORE GENERATOR INC-Quote, 2696A CRANBERRY HWY,,WAREHAM,MA ,02571,USA,,508-295-7336,"Sales,Service,Up To 600kW,Mobile/Diesel/Gas,"
11556,Industrial/Commercial Sales & Service,00010001701002,SOUTH SHORE GENERATOR INC, ,,EAST WAREHAM,MA ,02538,USA,,508-295-7336,"Financing,Sales,Service,Up To 600kW,Mobile/Diesel/Gas,"
11556,Industrial/Commercial Sales & Service,00111184131002,HUNTER & LOMISON, 1956 W FOURTH ST,,WILLIAMSPORT,PA ,17701,USA,www.hunterlomison.com,570-326-1764,"Sales,Service,Up To 600kW,Mobile/Diesel/Gas,Rental,"
11556,Industrial/Commercial Sales & Service,00010000881002,HUNTER & LOMISON INC., 1956 W. 4TH STREET,,WILLIAMSPORT,PA ,17701,USA,www.hunterlomison.com,570-326-1764,"Service,Up To 600kW,Mobile/Diesel/Gas,"
11556,Industrial/Commercial Sales & Service,00111207431002,WARSHAUER ELECTRIC SUPPLY CO INC, 800 SHREWSBURY AVE,,TINTON FALLS,NJ ,07724,USA,www.warshauer.com,732-741-6400,"Service,"
11556,Industrial/Commercial Sales & Service,00010157021002,Mechanical Service Co, 1145 Oak St.,,Pittston,PA ,18640,USA,,570-654-2445,"Service,"
11557,Industrial/Commercial Sales & Service,00010214161002,"R.L. Kistler, Inc", 300 Mile Crossing Blvd.,,Rochester,NY ,14624,USA,rlkistler.com,585-436-1940,"Sales,"
11557,Industrial/Commercial Sales & Service,00010001611002,Huntington Power, 230 Long Hill Cross Rd,,Shelton,CT ,06484,USA,www.huntingtonpower.com,203-929-3203,"Sales,Service,Up To 2MW,Mobile/Diesel/Gas,Training,Rental,"
11557,Industrial/Commercial Sales & Service,00010214161002,"R.L. KISTLER, INC.", 35 HAMILTON LANE,,GLENMONT,NY ,12077,USA,,585-436-1940,"Sales,Service,"
11557,Industrial/Commercial Sales & Service,00010214161002,"R.L. Kistler, Inc", 5615 Business Ave.,,N. Syracuse,NY ,13208,USA,,315-458-2875,"Sales,"
11557,Industrial/Commercial Sales & Service,00010001611002,Huntington Power, 68 Enter Ln,,Islandia,NY ,11749,USA,,631-563-4943,"Sales,Service,Up To 2MW,Mobile/Diesel/Gas,"
11557,Industrial/Commercial Sales & Service,00010001611002,Huntington Power, 34 E DUDLEY TOWN RD.,,BLOOMFIELD,CT ,06002,USA,,860-289-8790,"Sales,Service,Rental,"
11557,Industrial/Commercial Sales & Service,00010214161002,"R.L. Kistler, Inc", 5615 Business Ave.,,N. Syracuse,NY ,13208,USA,,315-458-2875,"Sales,"
11557,Industrial/Commercial Sales & Service,00010208021002,Modern Group Power Systems, 2501 Durham Road,,Bristol,PA ,19007,USA,www.moderngroup.com,800-404-7291,"Sales,Service,Up To 2MW,Mobile/Diesel/Gas,Training,Rental,"
11557,Industrial/Commercial Sales & Service,00010001731002,Authorized Services Of New England, 410 Forest Street,,Marlborough,MA ,01752,USA,www.asne.com,888-890-9886,"Financing,Sales,Service,Up To 2MW,Mobile/Diesel/Gas,Training,Rental,"
11557,Industrial/Commercial Sales & Service,00010008091002,MODERN HANDLING EQUIP, 75 NEW STREET,,EDISON,NJ ,08837,USA,www.moderngroup.com,800-779-5116,"Sales,Service,Up To 2MW,Mobile/Diesel/Gas,"
11557,Industrial/Commercial Sales & Service,00010208021002,Modern Group Power Systems, 200 Allied Parkway,,West Berlin,NJ ,08091,USA,,800-404-7291,"Sales,Service,Up To 2MW,Mobile/Diesel/Gas,"
11557,Industrial/Commercial Sales & Service,00010208021002,Modern Group Power Systems, 6352 Chapmans Rd,,Allentown,PA ,18106,USA,,800-404-7291,"Sales,Service,Up To 2MW,Mobile/Diesel/Gas,"
11557,Industrial/Commercial Sales & Service,00010208021002,Modern Group Power Systems, 66A South Gate Blvd.,,New Castle,DE ,19720,USA,,800-404-7291,"Sales,Service,Up To 2MW,Mobile/Diesel/Gas,"
11557,Industrial/Commercial Sales & Service,00010208021002,Modern Group Power Systems, 295 New Commerce Blvd.,,Wilkes Barre,PA ,18706,USA,,800-404-7291,"Sales,Service,Up To 2MW,Mobile/Diesel/Gas,"
11557,Industrial/Commercial Sales & Service,00010000931002,"EMERGENCY POWER SYSTEMS, LLC", 35 HAMILTON LANE,,GLENMONT,NY ,12077,USA,,800-914-1465,"Service,Up To 2MW,Mobile/Diesel/Gas,"
11557,Industrial/Commercial Sales & Service,00010000931002,"EMERGENCY POWER SYSTEMS, LLC", 35 HAMILTON LANE,,GLENMONT,NY ,12077,USA,,800-914-1465,"Service,"
11557,Industrial/Commercial Sales & Service,00010001731002,AUTHORIZED SERVICES OF NEW ENGLAND, 410 FOREST STREET,,MARLBOROUGH,MA ,01752,USA,,888-890-9886,"Sales,"
11557,Industrial/Commercial Sales & Service,00010208021002,Modern Group Power Systems, 3480 Board Road,,York,PA ,17402,USA,,800-404-7291,"Sales,Service,Up To 2MW,Mobile/Diesel/Gas,"
11557,Industrial/Commercial Sales & Service,00010001761002,"GENSERVE, INC.", 100 NEWTOWN RD,,PLAINVIEW,NY ,11803,USA,www.genserveinc.com,631-435-0437,"Service,"
11557,Industrial/Commercial Sales & Service,00111209521002,LONG ISLAND EMERGENCY POWER -QO, 2 Ocean Avenue,,DEER PARK,NY ,11729,USA,,631-586-7513,"Sales,"
11557,Industrial/Commercial Sales & Service,00010139211002,POWERPRO SERVICE CO. INC., 608 JOHNSON AVE. UNIT 6,,BOHEMIA,NY ,11716,USA,,631-567-2700,"Sales,Service,Up To 600kW,Mobile/Diesel/Gas,"
11557,Industrial/Commercial Sales & Service,00111209531002,HUNTINGTON POWER - LONG ISLAND, PO BOX 2040,,SHELTON,CT ,06484,USA,,631-586-7513,"Sales,"
11557,Industrial/Commercial Sales & Service,00010134071002,PEAK POWER SYSTEMS, 99 SPRAGUE AVENUE,,MIDDLETOWN,NY ,10940,USA,www.peakpowersystems.com,845-344-1975,"Sales,Service,Up To 600kW,Mobile/Diesel/Gas,Rental,"
11557,Industrial/Commercial Sales & Service,00010001761002,"GENSERVE, INC.", 115A TWINBRIDGE DR.,,PENNSAUKEN,NJ ,08110,USA,www.genserveinc.com,856-324-0459,"Service,"
11557,Industrial/Commercial Sales & Service,00010001621002,BROOKFIELD SERVICE, 708 GLEBE ROAD,,WESTMORELAND,NH ,03467,USA,www.brookfieldservice.com,802-485-6567,"Service,Up To 600kW,Mobile/Diesel/Gas,"
11557,Industrial/Commercial Sales & Service,00010021101002,SOUTH SHORE GENERATOR INC-Quote, 2696A CRANBERRY HWY,,WAREHAM,MA ,02571,USA,,508-295-7336,"Sales,Service,Up To 600kW,Mobile/Diesel/Gas,"
11557,Industrial/Commercial Sales & Service,00010001701002,SOUTH SHORE GENERATOR INC, ,,EAST WAREHAM,MA ,02538,USA,,508-295-7336,"Financing,Sales,Service,Up To 600kW,Mobile/Diesel/Gas,"
11557,Industrial/Commercial Sales & Service,00111184131002,HUNTER & LOMISON, 1956 W FOURTH ST,,WILLIAMSPORT,PA ,17701,USA,www.hunterlomison.com,570-326-1764,"Sales,Service,Up To 600kW,Mobile/Diesel/Gas,Rental,"
11557,Industrial/Commercial Sales & Service,00010000881002,HUNTER & LOMISON INC., 1956 W. 4TH STREET,,WILLIAMSPORT,PA ,17701,USA,www.hunterlomison.com,570-326-1764,"Service,Up To 600kW,Mobile/Diesel/Gas,"
11557,Industrial/Commercial Sales & Service,00111207431002,WARSHAUER ELECTRIC SUPPLY CO INC, 800 SHREWSBURY AVE,,TINTON FALLS,NJ ,07724,USA,www.warshauer.com,732-741-6400,"Service,"
11557,Industrial/Commercial Sales & Service,00010157021002,Mechanical Service Co, 1145 Oak St.,,Pittston,PA ,18640,USA,,570-654-2445,"Service,"
11558,Industrial/Commercial Sales & Service,00010214161002,"R.L. Kistler, Inc", 300 Mile Crossing Blvd.,,Rochester,NY ,14624,USA,rlkistler.com,585-436-1940,"Sales,"
11558,Industrial/Commercial Sales & Service,00010001611002,Huntington Power, 230 Long Hill Cross Rd,,Shelton,CT ,06484,USA,www.huntingtonpower.com,203-929-3203,"Sales,Service,Up To 2MW,Mobile/Diesel/Gas,Training,Rental,"
11558,Industrial/Commercial Sales & Service,00010214161002,"R.L. KISTLER, INC.", 35 HAMILTON LANE,,GLENMONT,NY ,12077,USA,,585-436-1940,"Sales,Service,"
11558,Industrial/Commercial Sales & Service,00010214161002,"R.L. Kistler, Inc", 5615 Business Ave.,,N. Syracuse,NY ,13208,USA,,315-458-2875,"Sales,"
11558,Industrial/Commercial Sales & Service,00010001611002,Huntington Power, 68 Enter Ln,,Islandia,NY ,11749,USA,,631-563-4943,"Sales,Service,Up To 2MW,Mobile/Diesel/Gas,"
11558,Industrial/Commercial Sales & Service,00010001611002,Huntington Power, 34 E DUDLEY TOWN RD.,,BLOOMFIELD,CT ,06002,USA,,860-289-8790,"Sales,Service,Rental,"
11558,Industrial/Commercial Sales & Service,00010214161002,"R.L. Kistler, Inc", 5615 Business Ave.,,N. Syracuse,NY ,13208,USA,,315-458-2875,"Sales,"
11558,Industrial/Commercial Sales & Service,00010208021002,Modern Group Power Systems, 2501 Durham Road,,Bristol,PA ,19007,USA,www.moderngroup.com,800-404-7291,"Sales,Service,Up To 2MW,Mobile/Diesel/Gas,Training,Rental,"
11558,Industrial/Commercial Sales & Service,00010001731002,Authorized Services Of New England, 410 Forest Street,,Marlborough,MA ,01752,USA,www.asne.com,888-890-9886,"Financing,Sales,Service,Up To 2MW,Mobile/Diesel/Gas,Training,Rental,"
11558,Industrial/Commercial Sales & Service,00010008091002,MODERN HANDLING EQUIP, 75 NEW STREET,,EDISON,NJ ,08837,USA,www.moderngroup.com,800-779-5116,"Sales,Service,Up To 2MW,Mobile/Diesel/Gas,"
11558,Industrial/Commercial Sales & Service,00010208021002,Modern Group Power Systems, 200 Allied Parkway,,West Berlin,NJ ,08091,USA,,800-404-7291,"Sales,Service,Up To 2MW,Mobile/Diesel/Gas,"
11558,Industrial/Commercial Sales & Service,00010208021002,Modern Group Power Systems, 6352 Chapmans Rd,,Allentown,PA ,18106,USA,,800-404-7291,"Sales,Service,Up To 2MW,Mobile/Diesel/Gas,"
11558,Industrial/Commercial Sales & Service,00010208021002,Modern Group Power Systems, 66A South Gate Blvd.,,New Castle,DE ,19720,USA,,800-404-7291,"Sales,Service,Up To 2MW,Mobile/Diesel/Gas,"
11558,Industrial/Commercial Sales & Service,00010208021002,Modern Group Power Systems, 295 New Commerce Blvd.,,Wilkes Barre,PA ,18706,USA,,800-404-7291,"Sales,Service,Up To 2MW,Mobile/Diesel/Gas,"
11558,Industrial/Commercial Sales & Service,00010000931002,"EMERGENCY POWER SYSTEMS, LLC", 35 HAMILTON LANE,,GLENMONT,NY ,12077,USA,,800-914-1465,"Service,Up To 2MW,Mobile/Diesel/Gas,"
11558,Industrial/Commercial Sales & Service,00010000931002,"EMERGENCY POWER SYSTEMS, LLC", 35 HAMILTON LANE,,GLENMONT,NY ,12077,USA,,800-914-1465,"Service,"
11558,Industrial/Commercial Sales & Service,00010001731002,AUTHORIZED SERVICES OF NEW ENGLAND, 410 FOREST STREET,,MARLBOROUGH,MA ,01752,USA,,888-890-9886,"Sales,"
11558,Industrial/Commercial Sales & Service,00010208021002,Modern Group Power Systems, 3480 Board Road,,York,PA ,17402,USA,,800-404-7291,"Sales,Service,Up To 2MW,Mobile/Diesel/Gas,"
11558,Industrial/Commercial Sales & Service,00010001761002,"GENSERVE, INC.", 100 NEWTOWN RD,,PLAINVIEW,NY ,11803,USA,www.genserveinc.com,631-435-0437,"Service,"
11558,Industrial/Commercial Sales & Service,00111209521002,LONG ISLAND EMERGENCY POWER -QO, 2 Ocean Avenue,,DEER PARK,NY ,11729,USA,,631-586-7513,"Sales,"
11558,Industrial/Commercial Sales & Service,00010139211002,POWERPRO SERVICE CO. INC., 608 JOHNSON AVE. UNIT 6,,BOHEMIA,NY ,11716,USA,,631-567-2700,"Sales,Service,Up To 600kW,Mobile/Diesel/Gas,"
11558,Industrial/Commercial Sales & Service,00111209531002,HUNTINGTON POWER - LONG ISLAND, PO BOX 2040,,SHELTON,CT ,06484,USA,,631-586-7513,"Sales,"
11558,Industrial/Commercial Sales & Service,00010134071002,PEAK POWER SYSTEMS, 99 SPRAGUE AVENUE,,MIDDLETOWN,NY ,10940,USA,www.peakpowersystems.com,845-344-1975,"Sales,Service,Up To 600kW,Mobile/Diesel/Gas,Rental,"
11558,Industrial/Commercial Sales & Service,00010001761002,"GENSERVE, INC.", 115A TWINBRIDGE DR.,,PENNSAUKEN,NJ ,08110,USA,www.genserveinc.com,856-324-0459,"Service,"
11558,Industrial/Commercial Sales & Service,00010021101002,SOUTH SHORE GENERATOR INC-Quote, 2696A CRANBERRY HWY,,WAREHAM,MA ,02571,USA,,508-295-7336,"Sales,Service,Up To 600kW,Mobile/Diesel/Gas,"
11558,Industrial/Commercial Sales & Service,00010001621002,BROOKFIELD SERVICE, 708 GLEBE ROAD,,WESTMORELAND,NH ,03467,USA,www.brookfieldservice.com,802-485-6567,"Service,Up To 600kW,Mobile/Diesel/Gas,"
11558,Industrial/Commercial Sales & Service,00010001701002,SOUTH SHORE GENERATOR INC, ,,EAST WAREHAM,MA ,02538,USA,,508-295-7336,"Financing,Sales,Service,Up To 600kW,Mobile/Diesel/Gas,"
11558,Industrial/Commercial Sales & Service,00111184131002,HUNTER & LOMISON, 1956 W FOURTH ST,,WILLIAMSPORT,PA ,17701,USA,www.hunterlomison.com,570-326-1764,"Sales,Service,Up To 600kW,Mobile/Diesel/Gas,Rental,"
11558,Industrial/Commercial Sales & Service,00010000881002,HUNTER & LOMISON INC., 1956 W. 4TH STREET,,WILLIAMSPORT,PA ,17701,USA,www.hunterlomison.com,570-326-1764,"Service,Up To 600kW,Mobile/Diesel/Gas,"
11558,Industrial/Commercial Sales & Service,00111207431002,WARSHAUER ELECTRIC SUPPLY CO INC, 800 SHREWSBURY AVE,,TINTON FALLS,NJ ,07724,USA,www.warshauer.com,732-741-6400,"Service,"
11558,Industrial/Commercial Sales & Service,00010157021002,Mechanical Service Co, 1145 Oak St.,,Pittston,PA ,18640,USA,,570-654-2445,"Service,"
11559,Industrial/Commercial Sales & Service,00010214161002,"R.L. Kistler, Inc", 300 Mile Crossing Blvd.,,Rochester,NY ,14624,USA,rlkistler.com,585-436-1940,"Sales,"
11559,Industrial/Commercial Sales & Service,00010214161002,"R.L. KISTLER, INC.", 35 HAMILTON LANE,,GLENMONT,NY ,12077,USA,,585-436-1940,"Sales,Service,"
11559,Industrial/Commercial Sales & Service,00010001611002,Huntington Power, 230 Long Hill Cross Rd,,Shelton,CT ,06484,USA,www.huntingtonpower.com,203-929-3203,"Sales,Service,Up To 2MW,Mobile/Diesel/Gas,Training,Rental,"
11559,Industrial/Commercial Sales & Service,00010214161002,"R.L. Kistler, Inc", 5615 Business Ave.,,N. Syracuse,NY ,13208,USA,,315-458-2875,"Sales,"
11559,Industrial/Commercial Sales & Service,00010214161002,"R.L. Kistler, Inc", 5615 Business Ave.,,N. Syracuse,NY ,13208,USA,,315-458-2875,"Sales,"
11559,Industrial/Commercial Sales & Service,00010001611002,Huntington Power, 68 Enter Ln,,Islandia,NY ,11749,USA,,631-563-4943,"Sales,Service,Up To 2MW,Mobile/Diesel/Gas,"
11559,Industrial/Commercial Sales & Service,00010001611002,Huntington Power, 34 E DUDLEY TOWN RD.,,BLOOMFIELD,CT ,06002,USA,,860-289-8790,"Sales,Service,Rental,"
11559,Industrial/Commercial Sales & Service,00010208021002,Modern Group Power Systems, 2501 Durham Road,,Bristol,PA ,19007,USA,www.moderngroup.com,800-404-7291,"Sales,Service,Up To 2MW,Mobile/Diesel/Gas,Training,Rental,"
11559,Industrial/Commercial Sales & Service,00010001731002,Authorized Services Of New England, 410 Forest Street,,Marlborough,MA ,01752,USA,www.asne.com,888-890-9886,"Financing,Sales,Service,Up To 2MW,Mobile/Diesel/Gas,Training,Rental,"
11559,Industrial/Commercial Sales & Service,00010008091002,MODERN HANDLING EQUIP, 75 NEW STREET,,EDISON,NJ ,08837,USA,www.moderngroup.com,800-779-5116,"Sales,Service,Up To 2MW,Mobile/Diesel/Gas,"
11559,Industrial/Commercial Sales & Service,00010208021002,Modern Group Power Systems, 200 Allied Parkway,,West Berlin,NJ ,08091,USA,,800-404-7291,"Sales,Service,Up To 2MW,Mobile/Diesel/Gas,"
11559,Industrial/Commercial Sales & Service,00010208021002,Modern Group Power Systems, 6352 Chapmans Rd,,Allentown,PA ,18106,USA,,800-404-7291,"Sales,Service,Up To 2MW,Mobile/Diesel/Gas,"
11559,Industrial/Commercial Sales & Service,00010208021002,Modern Group Power Systems, 66A South Gate Blvd.,,New Castle,DE ,19720,USA,,800-404-7291,"Sales,Service,Up To 2MW,Mobile/Diesel/Gas,"
11559,Industrial/Commercial Sales & Service,00010208021002,Modern Group Power Systems, 295 New Commerce Blvd.,,Wilkes Barre,PA ,18706,USA,,800-404-7291,"Sales,Service,Up To 2MW,Mobile/Diesel/Gas,"
11559,Industrial/Commercial Sales & Service,00010000931002,"EMERGENCY POWER SYSTEMS, LLC", 35 HAMILTON LANE,,GLENMONT,NY ,12077,USA,,800-914-1465,"Service,Up To 2MW,Mobile/Diesel/Gas,"
11559,Industrial/Commercial Sales & Service,00010000931002,"EMERGENCY POWER SYSTEMS, LLC", 35 HAMILTON LANE,,GLENMONT,NY ,12077,USA,,800-914-1465,"Service,"
11559,Industrial/Commercial Sales & Service,00010208021002,Modern Group Power Systems, 3480 Board Road,,York,PA ,17402,USA,,800-404-7291,"Sales,Service,Up To 2MW,Mobile/Diesel/Gas,"
11559,Industrial/Commercial Sales & Service,00010001731002,AUTHORIZED SERVICES OF NEW ENGLAND, 410 FOREST STREET,,MARLBOROUGH,MA ,01752,USA,,888-890-9886,"Sales,"
11559,Industrial/Commercial Sales & Service,00010001761002,"GENSERVE, INC.", 100 NEWTOWN RD,,PLAINVIEW,NY ,11803,USA,www.genserveinc.com,631-435-0437,"Service,"
11559,Industrial/Commercial Sales & Service,00111209521002,LONG ISLAND EMERGENCY POWER -QO, 2 Ocean Avenue,,DEER PARK,NY ,11729,USA,,631-586-7513,"Sales,"
11559,Industrial/Commercial Sales & Service,00010139211002,POWERPRO SERVICE CO. INC., 608 JOHNSON AVE. UNIT 6,,BOHEMIA,NY ,11716,USA,,631-567-2700,"Sales,Service,Up To 600kW,Mobile/Diesel/Gas,"
11559,Industrial/Commercial Sales & Service,00111209531002,HUNTINGTON POWER - LONG ISLAND, PO BOX 2040,,SHELTON,CT ,06484,USA,,631-586-7513,"Sales,"
11559,Industrial/Commercial Sales & Service,00010134071002,PEAK POWER SYSTEMS, 99 SPRAGUE AVENUE,,MIDDLETOWN,NY ,10940,USA,www.peakpowersystems.com,845-344-1975,"Sales,Service,Up To 600kW,Mobile/Diesel/Gas,Rental,"
11559,Industrial/Commercial Sales & Service,00010001761002,"GENSERVE, INC.", 115A TWINBRIDGE DR.,,PENNSAUKEN,NJ ,08110,USA,www.genserveinc.com,856-324-0459,"Service,"
11559,Industrial/Commercial Sales & Service,00010001621002,BROOKFIELD SERVICE, 708 GLEBE ROAD,,WESTMORELAND,NH ,03467,USA,www.brookfieldservice.com,802-485-6567,"Service,Up To 600kW,Mobile/Diesel/Gas,"
11559,Industrial/Commercial Sales & Service,00010021101002,SOUTH SHORE GENERATOR INC-Quote, 2696A CRANBERRY HWY,,WAREHAM,MA ,02571,USA,,508-295-7336,"Sales,Service,Up To 600kW,Mobile/Diesel/Gas,"
11559,Industrial/Commercial Sales & Service,00111184131002,HUNTER & LOMISON, 1956 W FOURTH ST,,WILLIAMSPORT,PA ,17701,USA,www.hunterlomison.com,570-326-1764,"Sales,Service,Up To 600kW,Mobile/Diesel/Gas,Rental,"
11559,Industrial/Commercial Sales & Service,00010000881002,HUNTER & LOMISON INC., 1956 W. 4TH STREET,,WILLIAMSPORT,PA ,17701,USA,www.hunterlomison.com,570-326-1764,"Service,Up To 600kW,Mobile/Diesel/Gas,"
11559,Industrial/Commercial Sales & Service,00010001701002,SOUTH SHORE GENERATOR INC, ,,EAST WAREHAM,MA ,02538,USA,,508-295-7336,"Financing,Sales,Service,Up To 600kW,Mobile/Diesel/Gas,"
11559,Industrial/Commercial Sales & Service,00111207431002,WARSHAUER ELECTRIC SUPPLY CO INC, 800 SHREWSBURY AVE,,TINTON FALLS,NJ ,07724,USA,www.warshauer.com,732-741-6400,"Service,"
11559,Industrial/Commercial Sales & Service,00010157021002,Mechanical Service Co, 1145 Oak St.,,Pittston,PA ,18640,USA,,570-654-2445,"Service,"
11560,Industrial/Commercial Sales & Service,00010214161002,"R.L. Kistler, Inc", 300 Mile Crossing Blvd.,,Rochester,NY ,14624,USA,rlkistler.com,585-436-1940,"Sales,"
11560,Industrial/Commercial Sales & Service,00010001611002,Huntington Power, 230 Long Hill Cross Rd,,Shelton,CT ,06484,USA,www.huntingtonpower.com,203-929-3203,"Sales,Service,Up To 2MW,Mobile/Diesel/Gas,Training,Rental,"
11560,Industrial/Commercial Sales & Service,00010214161002,"R.L. KISTLER, INC.", 35 HAMILTON LANE,,GLENMONT,NY ,12077,USA,,585-436-1940,"Sales,Service,"
11560,Industrial/Commercial Sales & Service,00010214161002,"R.L. Kistler, Inc", 5615 Business Ave.,,N. Syracuse,NY ,13208,USA,,315-458-2875,"Sales,"
11560,Industrial/Commercial Sales & Service,00010001611002,Huntington Power, 68 Enter Ln,,Islandia,NY ,11749,USA,,631-563-4943,"Sales,Service,Up To 2MW,Mobile/Diesel/Gas,"
11560,Industrial/Commercial Sales & Service,00010001611002,Huntington Power, 34 E DUDLEY TOWN RD.,,BLOOMFIELD,CT ,06002,USA,,860-289-8790,"Sales,Service,Rental,"
11560,Industrial/Commercial Sales & Service,00010214161002,"R.L. Kistler, Inc", 5615 Business Ave.,,N. Syracuse,NY ,13208,USA,,315-458-2875,"Sales,"
11560,Industrial/Commercial Sales & Service,00010208021002,Modern Group Power Systems, 2501 Durham Road,,Bristol,PA ,19007,USA,www.moderngroup.com,800-404-7291,"Sales,Service,Up To 2MW,Mobile/Diesel/Gas,Training,Rental,"
11560,Industrial/Commercial Sales & Service,00010001731002,Authorized Services Of New England, 410 Forest Street,,Marlborough,MA ,01752,USA,www.asne.com,888-890-9886,"Financing,Sales,Service,Up To 2MW,Mobile/Diesel/Gas,Training,Rental,"
11560,Industrial/Commercial Sales & Service,00010008091002,MODERN HANDLING EQUIP, 75 NEW STREET,,EDISON,NJ ,08837,USA,www.moderngroup.com,800-779-5116,"Sales,Service,Up To 2MW,Mobile/Diesel/Gas,"
11560,Industrial/Commercial Sales & Service,00010208021002,Modern Group Power Systems, 200 Allied Parkway,,West Berlin,NJ ,08091,USA,,800-404-7291,"Sales,Service,Up To 2MW,Mobile/Diesel/Gas,"
11560,Industrial/Commercial Sales & Service,00010208021002,Modern Group Power Systems, 6352 Chapmans Rd,,Allentown,PA ,18106,USA,,800-404-7291,"Sales,Service,Up To 2MW,Mobile/Diesel/Gas,"
11560,Industrial/Commercial Sales & Service,00010000931002,"EMERGENCY POWER SYSTEMS, LLC", 35 HAMILTON LANE,,GLENMONT,NY ,12077,USA,,800-914-1465,"Service,Up To 2MW,Mobile/Diesel/Gas,"
11560,Industrial/Commercial Sales & Service,00010000931002,"EMERGENCY POWER SYSTEMS, LLC", 35 HAMILTON LANE,,GLENMONT,NY ,12077,USA,,800-914-1465,"Service,"
11560,Industrial/Commercial Sales & Service,00010208021002,Modern Group Power Systems, 295 New Commerce Blvd.,,Wilkes Barre,PA ,18706,USA,,800-404-7291,"Sales,Service,Up To 2MW,Mobile/Diesel/Gas,"
11560,Industrial/Commercial Sales & Service,00010208021002,Modern Group Power Systems, 66A South Gate Blvd.,,New Castle,DE ,19720,USA,,800-404-7291,"Sales,Service,Up To 2MW,Mobile/Diesel/Gas,"
11560,Industrial/Commercial Sales & Service,00010001731002,AUTHORIZED SERVICES OF NEW ENGLAND, 410 FOREST STREET,,MARLBOROUGH,MA ,01752,USA,,888-890-9886,"Sales,"
11560,Industrial/Commercial Sales & Service,00010208021002,Modern Group Power Systems, 3480 Board Road,,York,PA ,17402,USA,,800-404-7291,"Sales,Service,Up To 2MW,Mobile/Diesel/Gas,"
11560,Industrial/Commercial Sales & Service,00010001761002,"GENSERVE, INC.", 100 NEWTOWN RD,,PLAINVIEW,NY ,11803,USA,www.genserveinc.com,631-435-0437,"Service,"
11560,Industrial/Commercial Sales & Service,00111209521002,LONG ISLAND EMERGENCY POWER -QO, 2 Ocean Avenue,,DEER PARK,NY ,11729,USA,,631-586-7513,"Sales,"
11560,Industrial/Commercial Sales & Service,00010139211002,POWERPRO SERVICE CO. INC., 608 JOHNSON AVE. UNIT 6,,BOHEMIA,NY ,11716,USA,,631-567-2700,"Sales,Service,Up To 600kW,Mobile/Diesel/Gas,"
11560,Industrial/Commercial Sales & Service,00111209531002,HUNTINGTON POWER - LONG ISLAND, PO BOX 2040,,SHELTON,CT ,06484,USA,,631-586-7513,"Sales,"
11560,Industrial/Commercial Sales & Service,00010134071002,PEAK POWER SYSTEMS, 99 SPRAGUE AVENUE,,MIDDLETOWN,NY ,10940,USA,www.peakpowersystems.com,845-344-1975,"Sales,Service,Up To 600kW,Mobile/Diesel/Gas,Rental,"
11560,Industrial/Commercial Sales & Service,00010001761002,"GENSERVE, INC.", 115A TWINBRIDGE DR.,,PENNSAUKEN,NJ ,08110,USA,www.genserveinc.com,856-324-0459,"Service,"
11560,Industrial/Commercial Sales & Service,00010001621002,BROOKFIELD SERVICE, 708 GLEBE ROAD,,WESTMORELAND,NH ,03467,USA,www.brookfieldservice.com,802-485-6567,"Service,Up To 600kW,Mobile/Diesel/Gas,"
11560,Industrial/Commercial Sales & Service,00010021101002,SOUTH SHORE GENERATOR INC-Quote, 2696A CRANBERRY HWY,,WAREHAM,MA ,02571,USA,,508-295-7336,"Sales,Service,Up To 600kW,Mobile/Diesel/Gas,"
11560,Industrial/Commercial Sales & Service,00010001701002,SOUTH SHORE GENERATOR INC, ,,EAST WAREHAM,MA ,02538,USA,,508-295-7336,"Financing,Sales,Service,Up To 600kW,Mobile/Diesel/Gas,"
11560,Industrial/Commercial Sales & Service,00111184131002,HUNTER & LOMISON, 1956 W FOURTH ST,,WILLIAMSPORT,PA ,17701,USA,www.hunterlomison.com,570-326-1764,"Sales,Service,Up To 600kW,Mobile/Diesel/Gas,Rental,"
11560,Industrial/Commercial Sales & Service,00010000881002,HUNTER & LOMISON INC., 1956 W. 4TH STREET,,WILLIAMSPORT,PA ,17701,USA,www.hunterlomison.com,570-326-1764,"Service,Up To 600kW,Mobile/Diesel/Gas,"
11560,Industrial/Commercial Sales & Service,00111207431002,WARSHAUER ELECTRIC SUPPLY CO INC, 800 SHREWSBURY AVE,,TINTON FALLS,NJ ,07724,USA,www.warshauer.com,732-741-6400,"Service,"
11560,Industrial/Commercial Sales & Service,00010157021002,Mechanical Service Co, 1145 Oak St.,,Pittston,PA ,18640,USA,,570-654-2445,"Service,"
11561,Industrial/Commercial Sales & Service,00010001611002,Huntington Power, 230 Long Hill Cross Rd,,Shelton,CT ,06484,USA,www.huntingtonpower.com,203-929-3203,"Sales,Service,Up To 2MW,Mobile/Diesel/Gas,Training,Rental,"
11561,Industrial/Commercial Sales & Service,00010214161002,"R.L. Kistler, Inc", 300 Mile Crossing Blvd.,,Rochester,NY ,14624,USA,rlkistler.com,585-436-1940,"Sales,"
11561,Industrial/Commercial Sales & Service,00010214161002,"R.L. KISTLER, INC.", 35 HAMILTON LANE,,GLENMONT,NY ,12077,USA,,585-436-1940,"Sales,Service,"
11561,Industrial/Commercial Sales & Service,00010001611002,Huntington Power, 68 Enter Ln,,Islandia,NY ,11749,USA,,631-563-4943,"Sales,Service,Up To 2MW,Mobile/Diesel/Gas,"
11561,Industrial/Commercial Sales & Service,00010001611002,Huntington Power, 34 E DUDLEY TOWN RD.,,BLOOMFIELD,CT ,06002,USA,,860-289-8790,"Sales,Service,Rental,"
11561,Industrial/Commercial Sales & Service,00010214161002,"R.L. Kistler, Inc", 5615 Business Ave.,,N. Syracuse,NY ,13208,USA,,315-458-2875,"Sales,"
11561,Industrial/Commercial Sales & Service,00010214161002,"R.L. Kistler, Inc", 5615 Business Ave.,,N. Syracuse,NY ,13208,USA,,315-458-2875,"Sales,"
11561,Industrial/Commercial Sales & Service,00010208021002,Modern Group Power Systems, 2501 Durham Road,,Bristol,PA ,19007,USA,www.moderngroup.com,800-404-7291,"Sales,Service,Up To 2MW,Mobile/Diesel/Gas,Training,Rental,"
11561,Industrial/Commercial Sales & Service,00010001731002,Authorized Services Of New England, 410 Forest Street,,Marlborough,MA ,01752,USA,www.asne.com,888-890-9886,"Financing,Sales,Service,Up To 2MW,Mobile/Diesel/Gas,Training,Rental,"
11561,Industrial/Commercial Sales & Service,00010008091002,MODERN HANDLING EQUIP, 75 NEW STREET,,EDISON,NJ ,08837,USA,www.moderngroup.com,800-779-5116,"Sales,Service,Up To 2MW,Mobile/Diesel/Gas,"
11561,Industrial/Commercial Sales & Service,00010208021002,Modern Group Power Systems, 200 Allied Parkway,,West Berlin,NJ ,08091,USA,,800-404-7291,"Sales,Service,Up To 2MW,Mobile/Diesel/Gas,"
11561,Industrial/Commercial Sales & Service,00010208021002,Modern Group Power Systems, 6352 Chapmans Rd,,Allentown,PA ,18106,USA,,800-404-7291,"Sales,Service,Up To 2MW,Mobile/Diesel/Gas,"
11561,Industrial/Commercial Sales & Service,00010208021002,Modern Group Power Systems, 66A South Gate Blvd.,,New Castle,DE ,19720,USA,,800-404-7291,"Sales,Service,Up To 2MW,Mobile/Diesel/Gas,"
11561,Industrial/Commercial Sales & Service,00010208021002,Modern Group Power Systems, 295 New Commerce Blvd.,,Wilkes Barre,PA ,18706,USA,,800-404-7291,"Sales,Service,Up To 2MW,Mobile/Diesel/Gas,"
11561,Industrial/Commercial Sales & Service,00010000931002,"EMERGENCY POWER SYSTEMS, LLC", 35 HAMILTON LANE,,GLENMONT,NY ,12077,USA,,800-914-1465,"Service,Up To 2MW,Mobile/Diesel/Gas,"
11561,Industrial/Commercial Sales & Service,00010000931002,"EMERGENCY POWER SYSTEMS, LLC", 35 HAMILTON LANE,,GLENMONT,NY ,12077,USA,,800-914-1465,"Service,"
11561,Industrial/Commercial Sales & Service,00010001731002,AUTHORIZED SERVICES OF NEW ENGLAND, 410 FOREST STREET,,MARLBOROUGH,MA ,01752,USA,,888-890-9886,"Sales,"
11561,Industrial/Commercial Sales & Service,00010208021002,Modern Group Power Systems, 3480 Board Road,,York,PA ,17402,USA,,800-404-7291,"Sales,Service,Up To 2MW,Mobile/Diesel/Gas,"
11561,Industrial/Commercial Sales & Service,00010001761002,"GENSERVE, INC.", 100 NEWTOWN RD,,PLAINVIEW,NY ,11803,USA,www.genserveinc.com,631-435-0437,"Service,"
11561,Industrial/Commercial Sales & Service,00111209521002,LONG ISLAND EMERGENCY POWER -QO, 2 Ocean Avenue,,DEER PARK,NY ,11729,USA,,631-586-7513,"Sales,"
11561,Industrial/Commercial Sales & Service,00010139211002,POWERPRO SERVICE CO. INC., 608 JOHNSON AVE. UNIT 6,,BOHEMIA,NY ,11716,USA,,631-567-2700,"Sales,Service,Up To 600kW,Mobile/Diesel/Gas,"
11561,Industrial/Commercial Sales & Service,00111209531002,HUNTINGTON POWER - LONG ISLAND, PO BOX 2040,,SHELTON,CT ,06484,USA,,631-586-7513,"Sales,"
11561,Industrial/Commercial Sales & Service,00010134071002,PEAK POWER SYSTEMS, 99 SPRAGUE AVENUE,,MIDDLETOWN,NY ,10940,USA,www.peakpowersystems.com,845-344-1975,"Sales,Service,Up To 600kW,Mobile/Diesel/Gas,Rental,"
11561,Industrial/Commercial Sales & Service,00010001761002,"GENSERVE, INC.", 115A TWINBRIDGE DR.,,PENNSAUKEN,NJ ,08110,USA,www.genserveinc.com,856-324-0459,"Service,"
11561,Industrial/Commercial Sales & Service,00010021101002,SOUTH SHORE GENERATOR INC-Quote, 2696A CRANBERRY HWY,,WAREHAM,MA ,02571,USA,,508-295-7336,"Sales,Service,Up To 600kW,Mobile/Diesel/Gas,"
11561,Industrial/Commercial Sales & Service,00010001621002,BROOKFIELD SERVICE, 708 GLEBE ROAD,,WESTMORELAND,NH ,03467,USA,www.brookfieldservice.com,802-485-6567,"Service,Up To 600kW,Mobile/Diesel/Gas,"
11561,Industrial/Commercial Sales & Service,00010001701002,SOUTH SHORE GENERATOR INC, ,,EAST WAREHAM,MA ,02538,USA,,508-295-7336,"Financing,Sales,Service,Up To 600kW,Mobile/Diesel/Gas,"
11561,Industrial/Commercial Sales & Service,00111184131002,HUNTER & LOMISON, 1956 W FOURTH ST,,WILLIAMSPORT,PA ,17701,USA,www.hunterlomison.com,570-326-1764,"Sales,Service,Up To 600kW,Mobile/Diesel/Gas,Rental,"
11561,Industrial/Commercial Sales & Service,00010000881002,HUNTER & LOMISON INC., 1956 W. 4TH STREET,,WILLIAMSPORT,PA ,17701,USA,www.hunterlomison.com,570-326-1764,"Service,Up To 600kW,Mobile/Diesel/Gas,"
11561,Industrial/Commercial Sales & Service,00111207431002,WARSHAUER ELECTRIC SUPPLY CO INC, 800 SHREWSBURY AVE,,TINTON FALLS,NJ ,07724,USA,www.warshauer.com,732-741-6400,"Service,"
11561,Industrial/Commercial Sales & Service,00010157021002,Mechanical Service Co, 1145 Oak St.,,Pittston,PA ,18640,USA,,570-654-2445,"Service,"
11563,Industrial/Commercial Sales & Service,00010214161002,"R.L. Kistler, Inc", 300 Mile Crossing Blvd.,,Rochester,NY ,14624,USA,rlkistler.com,585-436-1940,"Sales,"
11563,Industrial/Commercial Sales & Service,00010001611002,Huntington Power, 230 Long Hill Cross Rd,,Shelton,CT ,06484,USA,www.huntingtonpower.com,203-929-3203,"Sales,Service,Up To 2MW,Mobile/Diesel/Gas,Training,Rental,"
11563,Industrial/Commercial Sales & Service,00010214161002,"R.L. KISTLER, INC.", 35 HAMILTON LANE,,GLENMONT,NY ,12077,USA,,585-436-1940,"Sales,Service,"
11563,Industrial/Commercial Sales & Service,00010214161002,"R.L. Kistler, Inc", 5615 Business Ave.,,N. Syracuse,NY ,13208,USA,,315-458-2875,"Sales,"
11563,Industrial/Commercial Sales & Service,00010001611002,Huntington Power, 68 Enter Ln,,Islandia,NY ,11749,USA,,631-563-4943,"Sales,Service,Up To 2MW,Mobile/Diesel/Gas,"
11563,Industrial/Commercial Sales & Service,00010001611002,Huntington Power, 34 E DUDLEY TOWN RD.,,BLOOMFIELD,CT ,06002,USA,,860-289-8790,"Sales,Service,Rental,"
11563,Industrial/Commercial Sales & Service,00010214161002,"R.L. Kistler, Inc", 5615 Business Ave.,,N. Syracuse,NY ,13208,USA,,315-458-2875,"Sales,"
11563,Industrial/Commercial Sales & Service,00010208021002,Modern Group Power Systems, 2501 Durham Road,,Bristol,PA ,19007,USA,www.moderngroup.com,800-404-7291,"Sales,Service,Up To 2MW,Mobile/Diesel/Gas,Training,Rental,"
11563,Industrial/Commercial Sales & Service,00010001731002,Authorized Services Of New England, 410 Forest Street,,Marlborough,MA ,01752,USA,www.asne.com,888-890-9886,"Financing,Sales,Service,Up To 2MW,Mobile/Diesel/Gas,Training,Rental,"
11563,Industrial/Commercial Sales & Service,00010008091002,MODERN HANDLING EQUIP, 75 NEW STREET,,EDISON,NJ ,08837,USA,www.moderngroup.com,800-779-5116,"Sales,Service,Up To 2MW,Mobile/Diesel/Gas,"
11563,Industrial/Commercial Sales & Service,00010208021002,Modern Group Power Systems, 200 Allied Parkway,,West Berlin,NJ ,08091,USA,,800-404-7291,"Sales,Service,Up To 2MW,Mobile/Diesel/Gas,"
11563,Industrial/Commercial Sales & Service,00010208021002,Modern Group Power Systems, 6352 Chapmans Rd,,Allentown,PA ,18106,USA,,800-404-7291,"Sales,Service,Up To 2MW,Mobile/Diesel/Gas,"
11563,Industrial/Commercial Sales & Service,00010208021002,Modern Group Power Systems, 66A South Gate Blvd.,,New Castle,DE ,19720,USA,,800-404-7291,"Sales,Service,Up To 2MW,Mobile/Diesel/Gas,"
11563,Industrial/Commercial Sales & Service,00010208021002,Modern Group Power Systems, 295 New Commerce Blvd.,,Wilkes Barre,PA ,18706,USA,,800-404-7291,"Sales,Service,Up To 2MW,Mobile/Diesel/Gas,"
11563,Industrial/Commercial Sales & Service,00010000931002,"EMERGENCY POWER SYSTEMS, LLC", 35 HAMILTON LANE,,GLENMONT,NY ,12077,USA,,800-914-1465,"Service,Up To 2MW,Mobile/Diesel/Gas,"
11563,Industrial/Commercial Sales & Service,00010000931002,"EMERGENCY POWER SYSTEMS, LLC", 35 HAMILTON LANE,,GLENMONT,NY ,12077,USA,,800-914-1465,"Service,"
11563,Industrial/Commercial Sales & Service,00010001731002,AUTHORIZED SERVICES OF NEW ENGLAND, 410 FOREST STREET,,MARLBOROUGH,MA ,01752,USA,,888-890-9886,"Sales,"
11563,Industrial/Commercial Sales & Service,00010208021002,Modern Group Power Systems, 3480 Board Road,,York,PA ,17402,USA,,800-404-7291,"Sales,Service,Up To 2MW,Mobile/Diesel/Gas,"
11563,Industrial/Commercial Sales & Service,00010001761002,"GENSERVE, INC.", 100 NEWTOWN RD,,PLAINVIEW,NY ,11803,USA,www.genserveinc.com,631-435-0437,"Service,"
11563,Industrial/Commercial Sales & Service,00111209521002,LONG ISLAND EMERGENCY POWER -QO, 2 Ocean Avenue,,DEER PARK,NY ,11729,USA,,631-586-7513,"Sales,"
11563,Industrial/Commercial Sales & Service,00010139211002,POWERPRO SERVICE CO. INC., 608 JOHNSON AVE. UNIT 6,,BOHEMIA,NY ,11716,USA,,631-567-2700,"Sales,Service,Up To 600kW,Mobile/Diesel/Gas,"
11563,Industrial/Commercial Sales & Service,00111209531002,HUNTINGTON POWER - LONG ISLAND, PO BOX 2040,,SHELTON,CT ,06484,USA,,631-586-7513,"Sales,"
11563,Industrial/Commercial Sales & Service,00010134071002,PEAK POWER SYSTEMS, 99 SPRAGUE AVENUE,,MIDDLETOWN,NY ,10940,USA,www.peakpowersystems.com,845-344-1975,"Sales,Service,Up To 600kW,Mobile/Diesel/Gas,Rental,"
11563,Industrial/Commercial Sales & Service,00010001761002,"GENSERVE, INC.", 115A TWINBRIDGE DR.,,PENNSAUKEN,NJ ,08110,USA,www.genserveinc.com,856-324-0459,"Service,"
11563,Industrial/Commercial Sales & Service,00010001621002,BROOKFIELD SERVICE, 708 GLEBE ROAD,,WESTMORELAND,NH ,03467,USA,www.brookfieldservice.com,802-485-6567,"Service,Up To 600kW,Mobile/Diesel/Gas,"
11563,Industrial/Commercial Sales & Service,00010021101002,SOUTH SHORE GENERATOR INC-Quote, 2696A CRANBERRY HWY,,WAREHAM,MA ,02571,USA,,508-295-7336,"Sales,Service,Up To 600kW,Mobile/Diesel/Gas,"
11563,Industrial/Commercial Sales & Service,00010001701002,SOUTH SHORE GENERATOR INC, ,,EAST WAREHAM,MA ,02538,USA,,508-295-7336,"Financing,Sales,Service,Up To 600kW,Mobile/Diesel/Gas,"
11563,Industrial/Commercial Sales & Service,00111184131002,HUNTER & LOMISON, 1956 W FOURTH ST,,WILLIAMSPORT,PA ,17701,USA,www.hunterlomison.com,570-326-1764,"Sales,Service,Up To 600kW,Mobile/Diesel/Gas,Rental,"
11563,Industrial/Commercial Sales & Service,00010000881002,HUNTER & LOMISON INC., 1956 W. 4TH STREET,,WILLIAMSPORT,PA ,17701,USA,www.hunterlomison.com,570-326-1764,"Service,Up To 600kW,Mobile/Diesel/Gas,"
11563,Industrial/Commercial Sales & Service,00111207431002,WARSHAUER ELECTRIC SUPPLY CO INC, 800 SHREWSBURY AVE,,TINTON FALLS,NJ ,07724,USA,www.warshauer.com,732-741-6400,"Service,"
11563,Industrial/Commercial Sales & Service,00010157021002,Mechanical Service Co, 1145 Oak St.,,Pittston,PA ,18640,USA,,570-654-2445,"Service,"
11565,Industrial/Commercial Sales & Service,00010001611002,Huntington Power, 230 Long Hill Cross Rd,,Shelton,CT ,06484,USA,www.huntingtonpower.com,203-929-3203,"Sales,Service,Up To 2MW,Mobile/Diesel/Gas,Training,Rental,"
11565,Industrial/Commercial Sales & Service,00010214161002,"R.L. KISTLER, INC.", 35 HAMILTON LANE,,GLENMONT,NY ,12077,USA,,585-436-1940,"Sales,Service,"
11565,Industrial/Commercial Sales & Service,00010214161002,"R.L. Kistler, Inc", 300 Mile Crossing Blvd.,,Rochester,NY ,14624,USA,rlkistler.com,585-436-1940,"Sales,"
11565,Industrial/Commercial Sales & Service,00010001611002,Huntington Power, 68 Enter Ln,,Islandia,NY ,11749,USA,,631-563-4943,"Sales,Service,Up To 2MW,Mobile/Diesel/Gas,"
11565,Industrial/Commercial Sales & Service,00010001611002,Huntington Power, 34 E DUDLEY TOWN RD.,,BLOOMFIELD,CT ,06002,USA,,860-289-8790,"Sales,Service,Rental,"
11565,Industrial/Commercial Sales & Service,00010214161002,"R.L. Kistler, Inc", 5615 Business Ave.,,N. Syracuse,NY ,13208,USA,,315-458-2875,"Sales,"
11565,Industrial/Commercial Sales & Service,00010214161002,"R.L. Kistler, Inc", 5615 Business Ave.,,N. Syracuse,NY ,13208,USA,,315-458-2875,"Sales,"
11565,Industrial/Commercial Sales & Service,00010208021002,Modern Group Power Systems, 2501 Durham Road,,Bristol,PA ,19007,USA,www.moderngroup.com,800-404-7291,"Sales,Service,Up To 2MW,Mobile/Diesel/Gas,Training,Rental,"
11565,Industrial/Commercial Sales & Service,00010001731002,Authorized Services Of New England, 410 Forest Street,,Marlborough,MA ,01752,USA,www.asne.com,888-890-9886,"Financing,Sales,Service,Up To 2MW,Mobile/Diesel/Gas,Training,Rental,"
11565,Industrial/Commercial Sales & Service,00010008091002,MODERN HANDLING EQUIP, 75 NEW STREET,,EDISON,NJ ,08837,USA,www.moderngroup.com,800-779-5116,"Sales,Service,Up To 2MW,Mobile/Diesel/Gas,"
11565,Industrial/Commercial Sales & Service,00010208021002,Modern Group Power Systems, 200 Allied Parkway,,West Berlin,NJ ,08091,USA,,800-404-7291,"Sales,Service,Up To 2MW,Mobile/Diesel/Gas,"
11565,Industrial/Commercial Sales & Service,00010208021002,Modern Group Power Systems, 6352 Chapmans Rd,,Allentown,PA ,18106,USA,,800-404-7291,"Sales,Service,Up To 2MW,Mobile/Diesel/Gas,"
11565,Industrial/Commercial Sales & Service,00010208021002,Modern Group Power Systems, 295 New Commerce Blvd.,,Wilkes Barre,PA ,18706,USA,,800-404-7291,"Sales,Service,Up To 2MW,Mobile/Diesel/Gas,"
11565,Industrial/Commercial Sales & Service,00010208021002,Modern Group Power Systems, 66A South Gate Blvd.,,New Castle,DE ,19720,USA,,800-404-7291,"Sales,Service,Up To 2MW,Mobile/Diesel/Gas,"
11565,Industrial/Commercial Sales & Service,00010000931002,"EMERGENCY POWER SYSTEMS, LLC", 35 HAMILTON LANE,,GLENMONT,NY ,12077,USA,,800-914-1465,"Service,Up To 2MW,Mobile/Diesel/Gas,"
11565,Industrial/Commercial Sales & Service,00010000931002,"EMERGENCY POWER SYSTEMS, LLC", 35 HAMILTON LANE,,GLENMONT,NY ,12077,USA,,800-914-1465,"Service,"
11565,Industrial/Commercial Sales & Service,00010001731002,AUTHORIZED SERVICES OF NEW ENGLAND, 410 FOREST STREET,,MARLBOROUGH,MA ,01752,USA,,888-890-9886,"Sales,"
11565,Industrial/Commercial Sales & Service,00010208021002,Modern Group Power Systems, 3480 Board Road,,York,PA ,17402,USA,,800-404-7291,"Sales,Service,Up To 2MW,Mobile/Diesel/Gas,"
11565,Industrial/Commercial Sales & Service,00010001761002,"GENSERVE, INC.", 100 NEWTOWN RD,,PLAINVIEW,NY ,11803,USA,www.genserveinc.com,631-435-0437,"Service,"
11565,Industrial/Commercial Sales & Service,00111209521002,LONG ISLAND EMERGENCY POWER -QO, 2 Ocean Avenue,,DEER PARK,NY ,11729,USA,,631-586-7513,"Sales,"
11565,Industrial/Commercial Sales & Service,00010139211002,POWERPRO SERVICE CO. INC., 608 JOHNSON AVE. UNIT 6,,BOHEMIA,NY ,11716,USA,,631-567-2700,"Sales,Service,Up To 600kW,Mobile/Diesel/Gas,"
11565,Industrial/Commercial Sales & Service,00111209531002,HUNTINGTON POWER - LONG ISLAND, PO BOX 2040,,SHELTON,CT ,06484,USA,,631-586-7513,"Sales,"
11565,Industrial/Commercial Sales & Service,00010134071002,PEAK POWER SYSTEMS, 99 SPRAGUE AVENUE,,MIDDLETOWN,NY ,10940,USA,www.peakpowersystems.com,845-344-1975,"Sales,Service,Up To 600kW,Mobile/Diesel/Gas,Rental,"
11565,Industrial/Commercial Sales & Service,00010001761002,"GENSERVE, INC.", 115A TWINBRIDGE DR.,,PENNSAUKEN,NJ ,08110,USA,www.genserveinc.com,856-324-0459,"Service,"
11565,Industrial/Commercial Sales & Service,00010001621002,BROOKFIELD SERVICE, 708 GLEBE ROAD,,WESTMORELAND,NH ,03467,USA,www.brookfieldservice.com,802-485-6567,"Service,Up To 600kW,Mobile/Diesel/Gas,"
11565,Industrial/Commercial Sales & Service,00010021101002,SOUTH SHORE GENERATOR INC-Quote, 2696A CRANBERRY HWY,,WAREHAM,MA ,02571,USA,,508-295-7336,"Sales,Service,Up To 600kW,Mobile/Diesel/Gas,"
11565,Industrial/Commercial Sales & Service,00010001701002,SOUTH SHORE GENERATOR INC, ,,EAST WAREHAM,MA ,02538,USA,,508-295-7336,"Financing,Sales,Service,Up To 600kW,Mobile/Diesel/Gas,"
11565,Industrial/Commercial Sales & Service,00111184131002,HUNTER & LOMISON, 1956 W FOURTH ST,,WILLIAMSPORT,PA ,17701,USA,www.hunterlomison.com,570-326-1764,"Sales,Service,Up To 600kW,Mobile/Diesel/Gas,Rental,"
11565,Industrial/Commercial Sales & Service,00010000881002,HUNTER & LOMISON INC., 1956 W. 4TH STREET,,WILLIAMSPORT,PA ,17701,USA,www.hunterlomison.com,570-326-1764,"Service,Up To 600kW,Mobile/Diesel/Gas,"
11565,Industrial/Commercial Sales & Service,00111207431002,WARSHAUER ELECTRIC SUPPLY CO INC, 800 SHREWSBURY AVE,,TINTON FALLS,NJ ,07724,USA,www.warshauer.com,732-741-6400,"Service,"
11565,Industrial/Commercial Sales & Service,00010157021002,Mechanical Service Co, 1145 Oak St.,,Pittston,PA ,18640,USA,,570-654-2445,"Service,"
11566,Industrial/Commercial Sales & Service,00010214161002,"R.L. Kistler, Inc", 300 Mile Crossing Blvd.,,Rochester,NY ,14624,USA,rlkistler.com,585-436-1940,"Sales,"
11566,Industrial/Commercial Sales & Service,00010001611002,Huntington Power, 230 Long Hill Cross Rd,,Shelton,CT ,06484,USA,www.huntingtonpower.com,203-929-3203,"Sales,Service,Up To 2MW,Mobile/Diesel/Gas,Training,Rental,"
11566,Industrial/Commercial Sales & Service,00010214161002,"R.L. KISTLER, INC.", 35 HAMILTON LANE,,GLENMONT,NY ,12077,USA,,585-436-1940,"Sales,Service,"
11566,Industrial/Commercial Sales & Service,00010214161002,"R.L. Kistler, Inc", 5615 Business Ave.,,N. Syracuse,NY ,13208,USA,,315-458-2875,"Sales,"
11566,Industrial/Commercial Sales & Service,00010001611002,Huntington Power, 68 Enter Ln,,Islandia,NY ,11749,USA,,631-563-4943,"Sales,Service,Up To 2MW,Mobile/Diesel/Gas,"
11566,Industrial/Commercial Sales & Service,00010001611002,Huntington Power, 34 E DUDLEY TOWN RD.,,BLOOMFIELD,CT ,06002,USA,,860-289-8790,"Sales,Service,Rental,"
11566,Industrial/Commercial Sales & Service,00010214161002,"R.L. Kistler, Inc", 5615 Business Ave.,,N. Syracuse,NY ,13208,USA,,315-458-2875,"Sales,"
11566,Industrial/Commercial Sales & Service,00010208021002,Modern Group Power Systems, 2501 Durham Road,,Bristol,PA ,19007,USA,www.moderngroup.com,800-404-7291,"Sales,Service,Up To 2MW,Mobile/Diesel/Gas,Training,Rental,"
11566,Industrial/Commercial Sales & Service,00010001731002,Authorized Services Of New England, 410 Forest Street,,Marlborough,MA ,01752,USA,www.asne.com,888-890-9886,"Financing,Sales,Service,Up To 2MW,Mobile/Diesel/Gas,Training,Rental,"
11566,Industrial/Commercial Sales & Service,00010008091002,MODERN HANDLING EQUIP, 75 NEW STREET,,EDISON,NJ ,08837,USA,www.moderngroup.com,800-779-5116,"Sales,Service,Up To 2MW,Mobile/Diesel/Gas,"
11566,Industrial/Commercial Sales & Service,00010208021002,Modern Group Power Systems, 200 Allied Parkway,,West Berlin,NJ ,08091,USA,,800-404-7291,"Sales,Service,Up To 2MW,Mobile/Diesel/Gas,"
11566,Industrial/Commercial Sales & Service,00010208021002,Modern Group Power Systems, 6352 Chapmans Rd,,Allentown,PA ,18106,USA,,800-404-7291,"Sales,Service,Up To 2MW,Mobile/Diesel/Gas,"
11566,Industrial/Commercial Sales & Service,00010208021002,Modern Group Power Systems, 66A South Gate Blvd.,,New Castle,DE ,19720,USA,,800-404-7291,"Sales,Service,Up To 2MW,Mobile/Diesel/Gas,"
11566,Industrial/Commercial Sales & Service,00010208021002,Modern Group Power Systems, 295 New Commerce Blvd.,,Wilkes Barre,PA ,18706,USA,,800-404-7291,"Sales,Service,Up To 2MW,Mobile/Diesel/Gas,"
11566,Industrial/Commercial Sales & Service,00010000931002,"EMERGENCY POWER SYSTEMS, LLC", 35 HAMILTON LANE,,GLENMONT,NY ,12077,USA,,800-914-1465,"Service,Up To 2MW,Mobile/Diesel/Gas,"
11566,Industrial/Commercial Sales & Service,00010000931002,"EMERGENCY POWER SYSTEMS, LLC", 35 HAMILTON LANE,,GLENMONT,NY ,12077,USA,,800-914-1465,"Service,"
11566,Industrial/Commercial Sales & Service,00010001731002,AUTHORIZED SERVICES OF NEW ENGLAND, 410 FOREST STREET,,MARLBOROUGH,MA ,01752,USA,,888-890-9886,"Sales,"
11566,Industrial/Commercial Sales & Service,00010208021002,Modern Group Power Systems, 3480 Board Road,,York,PA ,17402,USA,,800-404-7291,"Sales,Service,Up To 2MW,Mobile/Diesel/Gas,"
11566,Industrial/Commercial Sales & Service,00010001761002,"GENSERVE, INC.", 100 NEWTOWN RD,,PLAINVIEW,NY ,11803,USA,www.genserveinc.com,631-435-0437,"Service,"
11566,Industrial/Commercial Sales & Service,00111209521002,LONG ISLAND EMERGENCY POWER -QO, 2 Ocean Avenue,,DEER PARK,NY ,11729,USA,,631-586-7513,"Sales,"
11566,Industrial/Commercial Sales & Service,00010139211002,POWERPRO SERVICE CO. INC., 608 JOHNSON AVE. UNIT 6,,BOHEMIA,NY ,11716,USA,,631-567-2700,"Sales,Service,Up To 600kW,Mobile/Diesel/Gas,"
11566,Industrial/Commercial Sales & Service,00111209531002,HUNTINGTON POWER - LONG ISLAND, PO BOX 2040,,SHELTON,CT ,06484,USA,,631-586-7513,"Sales,"
11566,Industrial/Commercial Sales & Service,00010134071002,PEAK POWER SYSTEMS, 99 SPRAGUE AVENUE,,MIDDLETOWN,NY ,10940,USA,www.peakpowersystems.com,845-344-1975,"Sales,Service,Up To 600kW,Mobile/Diesel/Gas,Rental,"
11566,Industrial/Commercial Sales & Service,00010001761002,"GENSERVE, INC.", 115A TWINBRIDGE DR.,,PENNSAUKEN,NJ ,08110,USA,www.genserveinc.com,856-324-0459,"Service,"
11566,Industrial/Commercial Sales & Service,00010021101002,SOUTH SHORE GENERATOR INC-Quote, 2696A CRANBERRY HWY,,WAREHAM,MA ,02571,USA,,508-295-7336,"Sales,Service,Up To 600kW,Mobile/Diesel/Gas,"
11566,Industrial/Commercial Sales & Service,00010001621002,BROOKFIELD SERVICE, 708 GLEBE ROAD,,WESTMORELAND,NH ,03467,USA,www.brookfieldservice.com,802-485-6567,"Service,Up To 600kW,Mobile/Diesel/Gas,"
11566,Industrial/Commercial Sales & Service,00010001701002,SOUTH SHORE GENERATOR INC, ,,EAST WAREHAM,MA ,02538,USA,,508-295-7336,"Financing,Sales,Service,Up To 600kW,Mobile/Diesel/Gas,"
11566,Industrial/Commercial Sales & Service,00111184131002,HUNTER & LOMISON, 1956 W FOURTH ST,,WILLIAMSPORT,PA ,17701,USA,www.hunterlomison.com,570-326-1764,"Sales,Service,Up To 600kW,Mobile/Diesel/Gas,Rental,"
11566,Industrial/Commercial Sales & Service,00010000881002,HUNTER & LOMISON INC., 1956 W. 4TH STREET,,WILLIAMSPORT,PA ,17701,USA,www.hunterlomison.com,570-326-1764,"Service,Up To 600kW,Mobile/Diesel/Gas,"
11566,Industrial/Commercial Sales & Service,00111207431002,WARSHAUER ELECTRIC SUPPLY CO INC, 800 SHREWSBURY AVE,,TINTON FALLS,NJ ,07724,USA,www.warshauer.com,732-741-6400,"Service,"
11566,Industrial/Commercial Sales & Service,00010157021002,Mechanical Service Co, 1145 Oak St.,,Pittston,PA ,18640,USA,,570-654-2445,"Service,"
11568,Industrial/Commercial Sales & Service,00010214161002,"R.L. Kistler, Inc", 300 Mile Crossing Blvd.,,Rochester,NY ,14624,USA,rlkistler.com,585-436-1940,"Sales,"
11568,Industrial/Commercial Sales & Service,00010001611002,Huntington Power, 230 Long Hill Cross Rd,,Shelton,CT ,06484,USA,www.huntingtonpower.com,203-929-3203,"Sales,Service,Up To 2MW,Mobile/Diesel/Gas,Training,Rental,"
11568,Industrial/Commercial Sales & Service,00010214161002,"R.L. KISTLER, INC.", 35 HAMILTON LANE,,GLENMONT,NY ,12077,USA,,585-436-1940,"Sales,Service,"
11568,Industrial/Commercial Sales & Service,00010214161002,"R.L. Kistler, Inc", 5615 Business Ave.,,N. Syracuse,NY ,13208,USA,,315-458-2875,"Sales,"
11568,Industrial/Commercial Sales & Service,00010001611002,Huntington Power, 68 Enter Ln,,Islandia,NY ,11749,USA,,631-563-4943,"Sales,Service,Up To 2MW,Mobile/Diesel/Gas,"
11568,Industrial/Commercial Sales & Service,00010001611002,Huntington Power, 34 E DUDLEY TOWN RD.,,BLOOMFIELD,CT ,06002,USA,,860-289-8790,"Sales,Service,Rental,"
11568,Industrial/Commercial Sales & Service,00010214161002,"R.L. Kistler, Inc", 5615 Business Ave.,,N. Syracuse,NY ,13208,USA,,315-458-2875,"Sales,"
11568,Industrial/Commercial Sales & Service,00010208021002,Modern Group Power Systems, 2501 Durham Road,,Bristol,PA ,19007,USA,www.moderngroup.com,800-404-7291,"Sales,Service,Up To 2MW,Mobile/Diesel/Gas,Training,Rental,"
11568,Industrial/Commercial Sales & Service,00010001731002,Authorized Services Of New England, 410 Forest Street,,Marlborough,MA ,01752,USA,www.asne.com,888-890-9886,"Financing,Sales,Service,Up To 2MW,Mobile/Diesel/Gas,Training,Rental,"
11568,Industrial/Commercial Sales & Service,00010008091002,MODERN HANDLING EQUIP, 75 NEW STREET,,EDISON,NJ ,08837,USA,www.moderngroup.com,800-779-5116,"Sales,Service,Up To 2MW,Mobile/Diesel/Gas,"
11568,Industrial/Commercial Sales & Service,00010208021002,Modern Group Power Systems, 200 Allied Parkway,,West Berlin,NJ ,08091,USA,,800-404-7291,"Sales,Service,Up To 2MW,Mobile/Diesel/Gas,"
11568,Industrial/Commercial Sales & Service,00010208021002,Modern Group Power Systems, 6352 Chapmans Rd,,Allentown,PA ,18106,USA,,800-404-7291,"Sales,Service,Up To 2MW,Mobile/Diesel/Gas,"
11568,Industrial/Commercial Sales & Service,00010208021002,Modern Group Power Systems, 295 New Commerce Blvd.,,Wilkes Barre,PA ,18706,USA,,800-404-7291,"Sales,Service,Up To 2MW,Mobile/Diesel/Gas,"
11568,Industrial/Commercial Sales & Service,00010000931002,"EMERGENCY POWER SYSTEMS, LLC", 35 HAMILTON LANE,,GLENMONT,NY ,12077,USA,,800-914-1465,"Service,Up To 2MW,Mobile/Diesel/Gas,"
11568,Industrial/Commercial Sales & Service,00010000931002,"EMERGENCY POWER SYSTEMS, LLC", 35 HAMILTON LANE,,GLENMONT,NY ,12077,USA,,800-914-1465,"Service,"
11568,Industrial/Commercial Sales & Service,00010208021002,Modern Group Power Systems, 66A South Gate Blvd.,,New Castle,DE ,19720,USA,,800-404-7291,"Sales,Service,Up To 2MW,Mobile/Diesel/Gas,"
11568,Industrial/Commercial Sales & Service,00010001731002,AUTHORIZED SERVICES OF NEW ENGLAND, 410 FOREST STREET,,MARLBOROUGH,MA ,01752,USA,,888-890-9886,"Sales,"
11568,Industrial/Commercial Sales & Service,00010208021002,Modern Group Power Systems, 3480 Board Road,,York,PA ,17402,USA,,800-404-7291,"Sales,Service,Up To 2MW,Mobile/Diesel/Gas,"
11568,Industrial/Commercial Sales & Service,00010001761002,"GENSERVE, INC.", 100 NEWTOWN RD,,PLAINVIEW,NY ,11803,USA,www.genserveinc.com,631-435-0437,"Service,"
11568,Industrial/Commercial Sales & Service,00111209521002,LONG ISLAND EMERGENCY POWER -QO, 2 Ocean Avenue,,DEER PARK,NY ,11729,USA,,631-586-7513,"Sales,"
11568,Industrial/Commercial Sales & Service,00010139211002,POWERPRO SERVICE CO. INC., 608 JOHNSON AVE. UNIT 6,,BOHEMIA,NY ,11716,USA,,631-567-2700,"Sales,Service,Up To 600kW,Mobile/Diesel/Gas,"
11568,Industrial/Commercial Sales & Service,00111209531002,HUNTINGTON POWER - LONG ISLAND, PO BOX 2040,,SHELTON,CT ,06484,USA,,631-586-7513,"Sales,"
11568,Industrial/Commercial Sales & Service,00010134071002,PEAK POWER SYSTEMS, 99 SPRAGUE AVENUE,,MIDDLETOWN,NY ,10940,USA,www.peakpowersystems.com,845-344-1975,"Sales,Service,Up To 600kW,Mobile/Diesel/Gas,Rental,"
11568,Industrial/Commercial Sales & Service,00010001761002,"GENSERVE, INC.", 115A TWINBRIDGE DR.,,PENNSAUKEN,NJ ,08110,USA,www.genserveinc.com,856-324-0459,"Service,"
11568,Industrial/Commercial Sales & Service,00010001621002,BROOKFIELD SERVICE, 708 GLEBE ROAD,,WESTMORELAND,NH ,03467,USA,www.brookfieldservice.com,802-485-6567,"Service,Up To 600kW,Mobile/Diesel/Gas,"
11568,Industrial/Commercial Sales & Service,00010021101002,SOUTH SHORE GENERATOR INC-Quote, 2696A CRANBERRY HWY,,WAREHAM,MA ,02571,USA,,508-295-7336,"Sales,Service,Up To 600kW,Mobile/Diesel/Gas,"
11568,Industrial/Commercial Sales & Service,00010001701002,SOUTH SHORE GENERATOR INC, ,,EAST WAREHAM,MA ,02538,USA,,508-295-7336,"Financing,Sales,Service,Up To 600kW,Mobile/Diesel/Gas,"
11568,Industrial/Commercial Sales & Service,00111184131002,HUNTER & LOMISON, 1956 W FOURTH ST,,WILLIAMSPORT,PA ,17701,USA,www.hunterlomison.com,570-326-1764,"Sales,Service,Up To 600kW,Mobile/Diesel/Gas,Rental,"
11568,Industrial/Commercial Sales & Service,00010000881002,HUNTER & LOMISON INC., 1956 W. 4TH STREET,,WILLIAMSPORT,PA ,17701,USA,www.hunterlomison.com,570-326-1764,"Service,Up To 600kW,Mobile/Diesel/Gas,"
11568,Industrial/Commercial Sales & Service,00111207431002,WARSHAUER ELECTRIC SUPPLY CO INC, 800 SHREWSBURY AVE,,TINTON FALLS,NJ ,07724,USA,www.warshauer.com,732-741-6400,"Service,"
11568,Industrial/Commercial Sales & Service,00010157021002,Mechanical Service Co, 1145 Oak St.,,Pittston,PA ,18640,USA,,570-654-2445,"Service,"
11569,Industrial/Commercial Sales & Service,00010214161002,"R.L. Kistler, Inc", 300 Mile Crossing Blvd.,,Rochester,NY ,14624,USA,rlkistler.com,585-436-1940,"Sales,"
11569,Industrial/Commercial Sales & Service,00010001611002,Huntington Power, 230 Long Hill Cross Rd,,Shelton,CT ,06484,USA,www.huntingtonpower.com,203-929-3203,"Sales,Service,Up To 2MW,Mobile/Diesel/Gas,Training,Rental,"
11569,Industrial/Commercial Sales & Service,00010214161002,"R.L. KISTLER, INC.", 35 HAMILTON LANE,,GLENMONT,NY ,12077,USA,,585-436-1940,"Sales,Service,"
11569,Industrial/Commercial Sales & Service,00010214161002,"R.L. Kistler, Inc", 5615 Business Ave.,,N. Syracuse,NY ,13208,USA,,315-458-2875,"Sales,"
11569,Industrial/Commercial Sales & Service,00010001611002,Huntington Power, 68 Enter Ln,,Islandia,NY ,11749,USA,,631-563-4943,"Sales,Service,Up To 2MW,Mobile/Diesel/Gas,"
11569,Industrial/Commercial Sales & Service,00010001611002,Huntington Power, 34 E DUDLEY TOWN RD.,,BLOOMFIELD,CT ,06002,USA,,860-289-8790,"Sales,Service,Rental,"
11569,Industrial/Commercial Sales & Service,00010214161002,"R.L. Kistler, Inc", 5615 Business Ave.,,N. Syracuse,NY ,13208,USA,,315-458-2875,"Sales,"
11569,Industrial/Commercial Sales & Service,00010208021002,Modern Group Power Systems, 2501 Durham Road,,Bristol,PA ,19007,USA,www.moderngroup.com,800-404-7291,"Sales,Service,Up To 2MW,Mobile/Diesel/Gas,Training,Rental,"
11569,Industrial/Commercial Sales & Service,00010001731002,Authorized Services Of New England, 410 Forest Street,,Marlborough,MA ,01752,USA,www.asne.com,888-890-9886,"Financing,Sales,Service,Up To 2MW,Mobile/Diesel/Gas,Training,Rental,"
11569,Industrial/Commercial Sales & Service,00010008091002,MODERN HANDLING EQUIP, 75 NEW STREET,,EDISON,NJ ,08837,USA,www.moderngroup.com,800-779-5116,"Sales,Service,Up To 2MW,Mobile/Diesel/Gas,"
11569,Industrial/Commercial Sales & Service,00010208021002,Modern Group Power Systems, 200 Allied Parkway,,West Berlin,NJ ,08091,USA,,800-404-7291,"Sales,Service,Up To 2MW,Mobile/Diesel/Gas,"
11569,Industrial/Commercial Sales & Service,00010208021002,Modern Group Power Systems, 6352 Chapmans Rd,,Allentown,PA ,18106,USA,,800-404-7291,"Sales,Service,Up To 2MW,Mobile/Diesel/Gas,"
11569,Industrial/Commercial Sales & Service,00010208021002,Modern Group Power Systems, 66A South Gate Blvd.,,New Castle,DE ,19720,USA,,800-404-7291,"Sales,Service,Up To 2MW,Mobile/Diesel/Gas,"
11569,Industrial/Commercial Sales & Service,00010208021002,Modern Group Power Systems, 295 New Commerce Blvd.,,Wilkes Barre,PA ,18706,USA,,800-404-7291,"Sales,Service,Up To 2MW,Mobile/Diesel/Gas,"
11569,Industrial/Commercial Sales & Service,00010000931002,"EMERGENCY POWER SYSTEMS, LLC", 35 HAMILTON LANE,,GLENMONT,NY ,12077,USA,,800-914-1465,"Service,Up To 2MW,Mobile/Diesel/Gas,"
11569,Industrial/Commercial Sales & Service,00010000931002,"EMERGENCY POWER SYSTEMS, LLC", 35 HAMILTON LANE,,GLENMONT,NY ,12077,USA,,800-914-1465,"Service,"
11569,Industrial/Commercial Sales & Service,00010001731002,AUTHORIZED SERVICES OF NEW ENGLAND, 410 FOREST STREET,,MARLBOROUGH,MA ,01752,USA,,888-890-9886,"Sales,"
11569,Industrial/Commercial Sales & Service,00010208021002,Modern Group Power Systems, 3480 Board Road,,York,PA ,17402,USA,,800-404-7291,"Sales,Service,Up To 2MW,Mobile/Diesel/Gas,"
11569,Industrial/Commercial Sales & Service,00010001761002,"GENSERVE, INC.", 100 NEWTOWN RD,,PLAINVIEW,NY ,11803,USA,www.genserveinc.com,631-435-0437,"Service,"
11569,Industrial/Commercial Sales & Service,00111209521002,LONG ISLAND EMERGENCY POWER -QO, 2 Ocean Avenue,,DEER PARK,NY ,11729,USA,,631-586-7513,"Sales,"
11569,Industrial/Commercial Sales & Service,00010139211002,POWERPRO SERVICE CO. INC., 608 JOHNSON AVE. UNIT 6,,BOHEMIA,NY ,11716,USA,,631-567-2700,"Sales,Service,Up To 600kW,Mobile/Diesel/Gas,"
11569,Industrial/Commercial Sales & Service,00111209531002,HUNTINGTON POWER - LONG ISLAND, PO BOX 2040,,SHELTON,CT ,06484,USA,,631-586-7513,"Sales,"
11569,Industrial/Commercial Sales & Service,00010134071002,PEAK POWER SYSTEMS, 99 SPRAGUE AVENUE,,MIDDLETOWN,NY ,10940,USA,www.peakpowersystems.com,845-344-1975,"Sales,Service,Up To 600kW,Mobile/Diesel/Gas,Rental,"
11569,Industrial/Commercial Sales & Service,00010001761002,"GENSERVE, INC.", 115A TWINBRIDGE DR.,,PENNSAUKEN,NJ ,08110,USA,www.genserveinc.com,856-324-0459,"Service,"
11569,Industrial/Commercial Sales & Service,00010021101002,SOUTH SHORE GENERATOR INC-Quote, 2696A CRANBERRY HWY,,WAREHAM,MA ,02571,USA,,508-295-7336,"Sales,Service,Up To 600kW,Mobile/Diesel/Gas,"
11569,Industrial/Commercial Sales & Service,00010001701002,SOUTH SHORE GENERATOR INC, ,,EAST WAREHAM,MA ,02538,USA,,508-295-7336,"Financing,Sales,Service,Up To 600kW,Mobile/Diesel/Gas,"
11569,Industrial/Commercial Sales & Service,00010001621002,BROOKFIELD SERVICE, 708 GLEBE ROAD,,WESTMORELAND,NH ,03467,USA,www.brookfieldservice.com,802-485-6567,"Service,Up To 600kW,Mobile/Diesel/Gas,"
11569,Industrial/Commercial Sales & Service,00111184131002,HUNTER & LOMISON, 1956 W FOURTH ST,,WILLIAMSPORT,PA ,17701,USA,www.hunterlomison.com,570-326-1764,"Sales,Service,Up To 600kW,Mobile/Diesel/Gas,Rental,"
11569,Industrial/Commercial Sales & Service,00010000881002,HUNTER & LOMISON INC., 1956 W. 4TH STREET,,WILLIAMSPORT,PA ,17701,USA,www.hunterlomison.com,570-326-1764,"Service,Up To 600kW,Mobile/Diesel/Gas,"
11569,Industrial/Commercial Sales & Service,00111207431002,WARSHAUER ELECTRIC SUPPLY CO INC, 800 SHREWSBURY AVE,,TINTON FALLS,NJ ,07724,USA,www.warshauer.com,732-741-6400,"Service,"
11569,Industrial/Commercial Sales & Service,00010157021002,Mechanical Service Co, 1145 Oak St.,,Pittston,PA ,18640,USA,,570-654-2445,"Service,"
11570,Industrial/Commercial Sales & Service,00010214161002,"R.L. Kistler, Inc", 300 Mile Crossing Blvd.,,Rochester,NY ,14624,USA,rlkistler.com,585-436-1940,"Sales,"
11570,Industrial/Commercial Sales & Service,00010001611002,Huntington Power, 230 Long Hill Cross Rd,,Shelton,CT ,06484,USA,www.huntingtonpower.com,203-929-3203,"Sales,Service,Up To 2MW,Mobile/Diesel/Gas,Training,Rental,"
11570,Industrial/Commercial Sales & Service,00010214161002,"R.L. KISTLER, INC.", 35 HAMILTON LANE,,GLENMONT,NY ,12077,USA,,585-436-1940,"Sales,Service,"
11570,Industrial/Commercial Sales & Service,00010214161002,"R.L. Kistler, Inc", 5615 Business Ave.,,N. Syracuse,NY ,13208,USA,,315-458-2875,"Sales,"
11570,Industrial/Commercial Sales & Service,00010001611002,Huntington Power, 68 Enter Ln,,Islandia,NY ,11749,USA,,631-563-4943,"Sales,Service,Up To 2MW,Mobile/Diesel/Gas,"
11570,Industrial/Commercial Sales & Service,00010001611002,Huntington Power, 34 E DUDLEY TOWN RD.,,BLOOMFIELD,CT ,06002,USA,,860-289-8790,"Sales,Service,Rental,"
11570,Industrial/Commercial Sales & Service,00010214161002,"R.L. Kistler, Inc", 5615 Business Ave.,,N. Syracuse,NY ,13208,USA,,315-458-2875,"Sales,"
11570,Industrial/Commercial Sales & Service,00010208021002,Modern Group Power Systems, 2501 Durham Road,,Bristol,PA ,19007,USA,www.moderngroup.com,800-404-7291,"Sales,Service,Up To 2MW,Mobile/Diesel/Gas,Training,Rental,"
11570,Industrial/Commercial Sales & Service,00010001731002,Authorized Services Of New England, 410 Forest Street,,Marlborough,MA ,01752,USA,www.asne.com,888-890-9886,"Financing,Sales,Service,Up To 2MW,Mobile/Diesel/Gas,Training,Rental,"
11570,Industrial/Commercial Sales & Service,00010008091002,MODERN HANDLING EQUIP, 75 NEW STREET,,EDISON,NJ ,08837,USA,www.moderngroup.com,800-779-5116,"Sales,Service,Up To 2MW,Mobile/Diesel/Gas,"
11570,Industrial/Commercial Sales & Service,00010208021002,Modern Group Power Systems, 200 Allied Parkway,,West Berlin,NJ ,08091,USA,,800-404-7291,"Sales,Service,Up To 2MW,Mobile/Diesel/Gas,"
11570,Industrial/Commercial Sales & Service,00010208021002,Modern Group Power Systems, 6352 Chapmans Rd,,Allentown,PA ,18106,USA,,800-404-7291,"Sales,Service,Up To 2MW,Mobile/Diesel/Gas,"
11570,Industrial/Commercial Sales & Service,00010208021002,Modern Group Power Systems, 66A South Gate Blvd.,,New Castle,DE ,19720,USA,,800-404-7291,"Sales,Service,Up To 2MW,Mobile/Diesel/Gas,"
11570,Industrial/Commercial Sales & Service,00010208021002,Modern Group Power Systems, 295 New Commerce Blvd.,,Wilkes Barre,PA ,18706,USA,,800-404-7291,"Sales,Service,Up To 2MW,Mobile/Diesel/Gas,"
11570,Industrial/Commercial Sales & Service,00010000931002,"EMERGENCY POWER SYSTEMS, LLC", 35 HAMILTON LANE,,GLENMONT,NY ,12077,USA,,800-914-1465,"Service,Up To 2MW,Mobile/Diesel/Gas,"
11570,Industrial/Commercial Sales & Service,00010000931002,"EMERGENCY POWER SYSTEMS, LLC", 35 HAMILTON LANE,,GLENMONT,NY ,12077,USA,,800-914-1465,"Service,"
11570,Industrial/Commercial Sales & Service,00010001731002,AUTHORIZED SERVICES OF NEW ENGLAND, 410 FOREST STREET,,MARLBOROUGH,MA ,01752,USA,,888-890-9886,"Sales,"
11570,Industrial/Commercial Sales & Service,00010208021002,Modern Group Power Systems, 3480 Board Road,,York,PA ,17402,USA,,800-404-7291,"Sales,Service,Up To 2MW,Mobile/Diesel/Gas,"
11570,Industrial/Commercial Sales & Service,00010001761002,"GENSERVE, INC.", 100 NEWTOWN RD,,PLAINVIEW,NY ,11803,USA,www.genserveinc.com,631-435-0437,"Service,"
11570,Industrial/Commercial Sales & Service,00111209521002,LONG ISLAND EMERGENCY POWER -QO, 2 Ocean Avenue,,DEER PARK,NY ,11729,USA,,631-586-7513,"Sales,"
11570,Industrial/Commercial Sales & Service,00010139211002,POWERPRO SERVICE CO. INC., 608 JOHNSON AVE. UNIT 6,,BOHEMIA,NY ,11716,USA,,631-567-2700,"Sales,Service,Up To 600kW,Mobile/Diesel/Gas,"
11570,Industrial/Commercial Sales & Service,00111209531002,HUNTINGTON POWER - LONG ISLAND, PO BOX 2040,,SHELTON,CT ,06484,USA,,631-586-7513,"Sales,"
11570,Industrial/Commercial Sales & Service,00010134071002,PEAK POWER SYSTEMS, 99 SPRAGUE AVENUE,,MIDDLETOWN,NY ,10940,USA,www.peakpowersystems.com,845-344-1975,"Sales,Service,Up To 600kW,Mobile/Diesel/Gas,Rental,"
11570,Industrial/Commercial Sales & Service,00010001761002,"GENSERVE, INC.", 115A TWINBRIDGE DR.,,PENNSAUKEN,NJ ,08110,USA,www.genserveinc.com,856-324-0459,"Service,"
11570,Industrial/Commercial Sales & Service,00010001621002,BROOKFIELD SERVICE, 708 GLEBE ROAD,,WESTMORELAND,NH ,03467,USA,www.brookfieldservice.com,802-485-6567,"Service,Up To 600kW,Mobile/Diesel/Gas,"
11570,Industrial/Commercial Sales & Service,00010021101002,SOUTH SHORE GENERATOR INC-Quote, 2696A CRANBERRY HWY,,WAREHAM,MA ,02571,USA,,508-295-7336,"Sales,Service,Up To 600kW,Mobile/Diesel/Gas,"
11570,Industrial/Commercial Sales & Service,00010001701002,SOUTH SHORE GENERATOR INC, ,,EAST WAREHAM,MA ,02538,USA,,508-295-7336,"Financing,Sales,Service,Up To 600kW,Mobile/Diesel/Gas,"
11570,Industrial/Commercial Sales & Service,00111184131002,HUNTER & LOMISON, 1956 W FOURTH ST,,WILLIAMSPORT,PA ,17701,USA,www.hunterlomison.com,570-326-1764,"Sales,Service,Up To 600kW,Mobile/Diesel/Gas,Rental,"
11570,Industrial/Commercial Sales & Service,00010000881002,HUNTER & LOMISON INC., 1956 W. 4TH STREET,,WILLIAMSPORT,PA ,17701,USA,www.hunterlomison.com,570-326-1764,"Service,Up To 600kW,Mobile/Diesel/Gas,"
11570,Industrial/Commercial Sales & Service,00111207431002,WARSHAUER ELECTRIC SUPPLY CO INC, 800 SHREWSBURY AVE,,TINTON FALLS,NJ ,07724,USA,www.warshauer.com,732-741-6400,"Service,"
11570,Industrial/Commercial Sales & Service,00010157021002,Mechanical Service Co, 1145 Oak St.,,Pittston,PA ,18640,USA,,570-654-2445,"Service,"
11571,Industrial/Commercial Sales & Service,00010214161002,"R.L. KISTLER, INC.", 35 HAMILTON LANE,,GLENMONT,NY ,12077,USA,,585-436-1940,"Sales,Service,"
11571,Industrial/Commercial Sales & Service,00010214161002,"R.L. Kistler, Inc", 300 Mile Crossing Blvd.,,Rochester,NY ,14624,USA,rlkistler.com,585-436-1940,"Sales,"
11571,Industrial/Commercial Sales & Service,00010001611002,Huntington Power, 230 Long Hill Cross Rd,,Shelton,CT ,06484,USA,www.huntingtonpower.com,203-929-3203,"Sales,Service,Up To 2MW,Mobile/Diesel/Gas,Training,Rental,"
11571,Industrial/Commercial Sales & Service,00010214161002,"R.L. Kistler, Inc", 5615 Business Ave.,,N. Syracuse,NY ,13208,USA,,315-458-2875,"Sales,"
11571,Industrial/Commercial Sales & Service,00010214161002,"R.L. Kistler, Inc", 5615 Business Ave.,,N. Syracuse,NY ,13208,USA,,315-458-2875,
11571,Industrial/Commercial Sales & Service,00010001611002,Huntington Power, 68 Enter Ln,,Islandia,NY ,11749,USA,,631-563-4943,"Sales,Service,Up To 2MW,Mobile/Diesel/Gas,"
11571,Industrial/Commercial Sales & Service,00010001611002,Huntington Power, 34 E DUDLEY TOWN RD.,,BLOOMFIELD,CT ,06002,USA,,860-289-8790,"Sales,Service,Rental,"
11571,Industrial/Commercial Sales & Service,00010208021002,Modern Group Power Systems, 2501 Durham Road,,Bristol,PA ,19007,USA,www.moderngroup.com,800-404-7291,"Sales,Service,Up To 2MW,Mobile/Diesel/Gas,Training,Rental,"
11571,Industrial/Commercial Sales & Service,00010001731002,Authorized Services Of New England, 410 Forest Street,,Marlborough,MA ,01752,USA,www.asne.com,888-890-9886,"Financing,Sales,Service,Up To 2MW,Mobile/Diesel/Gas,Training,Rental,"
11571,Industrial/Commercial Sales & Service,00010008091002,MODERN HANDLING EQUIP, 75 NEW STREET,,EDISON,NJ ,08837,USA,www.moderngroup.com,800-779-5116,"Sales,Service,Up To 2MW,Mobile/Diesel/Gas,"
11571,Industrial/Commercial Sales & Service,00010208021002,Modern Group Power Systems, 200 Allied Parkway,,West Berlin,NJ ,08091,USA,,800-404-7291,"Sales,Service,Up To 2MW,Mobile/Diesel/Gas,"
11571,Industrial/Commercial Sales & Service,00010208021002,Modern Group Power Systems, 6352 Chapmans Rd,,Allentown,PA ,18106,USA,,800-404-7291,"Sales,Service,Up To 2MW,Mobile/Diesel/Gas,"
11571,Industrial/Commercial Sales & Service,00010208021002,Modern Group Power Systems, 66A South Gate Blvd.,,New Castle,DE ,19720,USA,,800-404-7291,"Sales,Service,Up To 2MW,Mobile/Diesel/Gas,"
11571,Industrial/Commercial Sales & Service,00010208021002,Modern Group Power Systems, 295 New Commerce Blvd.,,Wilkes Barre,PA ,18706,USA,,800-404-7291,"Sales,Service,Up To 2MW,Mobile/Diesel/Gas,"
11571,Industrial/Commercial Sales & Service,00010000931002,"EMERGENCY POWER SYSTEMS, LLC", 35 HAMILTON LANE,,GLENMONT,NY ,12077,USA,,800-914-1465,"Service,Up To 2MW,Mobile/Diesel/Gas,"
11571,Industrial/Commercial Sales & Service,00010000931002,"EMERGENCY POWER SYSTEMS, LLC", 35 HAMILTON LANE,,GLENMONT,NY ,12077,USA,,800-914-1465,"Service,"
11571,Industrial/Commercial Sales & Service,00010001731002,AUTHORIZED SERVICES OF NEW ENGLAND, 410 FOREST STREET,,MARLBOROUGH,MA ,01752,USA,,888-890-9886,"Sales,"
11571,Industrial/Commercial Sales & Service,00010208021002,Modern Group Power Systems, 3480 Board Road,,York,PA ,17402,USA,,800-404-7291,"Sales,Service,Up To 2MW,Mobile/Diesel/Gas,"
11571,Industrial/Commercial Sales & Service,00010001761002,"GENSERVE, INC.", 100 NEWTOWN RD,,PLAINVIEW,NY ,11803,USA,www.genserveinc.com,631-435-0437,"Service,"
11571,Industrial/Commercial Sales & Service,00111209521002,LONG ISLAND EMERGENCY POWER -QO, 2 Ocean Avenue,,DEER PARK,NY ,11729,USA,,631-586-7513,"Sales,"
11571,Industrial/Commercial Sales & Service,00010139211002,POWERPRO SERVICE CO. INC., 608 JOHNSON AVE. UNIT 6,,BOHEMIA,NY ,11716,USA,,631-567-2700,"Sales,Service,Up To 600kW,Mobile/Diesel/Gas,"
11571,Industrial/Commercial Sales & Service,00111209531002,HUNTINGTON POWER - LONG ISLAND, PO BOX 2040,,SHELTON,CT ,06484,USA,,631-586-7513,"Sales,"
11571,Industrial/Commercial Sales & Service,00010134071002,PEAK POWER SYSTEMS, 99 SPRAGUE AVENUE,,MIDDLETOWN,NY ,10940,USA,www.peakpowersystems.com,845-344-1975,"Sales,Service,Up To 600kW,Mobile/Diesel/Gas,Rental,"
11571,Industrial/Commercial Sales & Service,00010001761002,"GENSERVE, INC.", 115A TWINBRIDGE DR.,,PENNSAUKEN,NJ ,08110,USA,www.genserveinc.com,856-324-0459,"Service,"
11571,Industrial/Commercial Sales & Service,00010021101002,SOUTH SHORE GENERATOR INC-Quote, 2696A CRANBERRY HWY,,WAREHAM,MA ,02571,USA,,508-295-7336,"Sales,Service,Up To 600kW,Mobile/Diesel/Gas,"
11571,Industrial/Commercial Sales & Service,00010001621002,BROOKFIELD SERVICE, 708 GLEBE ROAD,,WESTMORELAND,NH ,03467,USA,www.brookfieldservice.com,802-485-6567,"Service,Up To 600kW,Mobile/Diesel/Gas,"
11571,Industrial/Commercial Sales & Service,00010001701002,SOUTH SHORE GENERATOR INC, ,,EAST WAREHAM,MA ,02538,USA,,508-295-7336,"Financing,Sales,Service,Up To 600kW,Mobile/Diesel/Gas,"
11571,Industrial/Commercial Sales & Service,00111184131002,HUNTER & LOMISON, 1956 W FOURTH ST,,WILLIAMSPORT,PA ,17701,USA,www.hunterlomison.com,570-326-1764,"Sales,Service,Up To 600kW,Mobile/Diesel/Gas,Rental,"
11571,Industrial/Commercial Sales & Service,00010000881002,HUNTER & LOMISON INC., 1956 W. 4TH STREET,,WILLIAMSPORT,PA ,17701,USA,www.hunterlomison.com,570-326-1764,"Service,Up To 600kW,Mobile/Diesel/Gas,"
11571,Industrial/Commercial Sales & Service,00111207431002,WARSHAUER ELECTRIC SUPPLY CO INC, 800 SHREWSBURY AVE,,TINTON FALLS,NJ ,07724,USA,www.warshauer.com,732-741-6400,"Service,"
11571,Industrial/Commercial Sales & Service,00010157021002,Mechanical Service Co, 1145 Oak St.,,Pittston,PA ,18640,USA,,570-654-2445,"Service,"
11572,Industrial/Commercial Sales & Service,00010214161002,"R.L. KISTLER, INC.", 35 HAMILTON LANE,,GLENMONT,NY ,12077,USA,,585-436-1940,"Sales,Service,"
11572,Industrial/Commercial Sales & Service,00010001611002,Huntington Power, 230 Long Hill Cross Rd,,Shelton,CT ,06484,USA,www.huntingtonpower.com,203-929-3203,"Sales,Service,Up To 2MW,Mobile/Diesel/Gas,Training,Rental,"
11572,Industrial/Commercial Sales & Service,00010214161002,"R.L. Kistler, Inc", 300 Mile Crossing Blvd.,,Rochester,NY ,14624,USA,rlkistler.com,585-436-1940,"Sales,"
11572,Industrial/Commercial Sales & Service,00010214161002,"R.L. Kistler, Inc", 5615 Business Ave.,,N. Syracuse,NY ,13208,USA,,315-458-2875,"Sales,"
11572,Industrial/Commercial Sales & Service,00010001611002,Huntington Power, 68 Enter Ln,,Islandia,NY ,11749,USA,,631-563-4943,"Sales,Service,Up To 2MW,Mobile/Diesel/Gas,"
11572,Industrial/Commercial Sales & Service,00010001611002,Huntington Power, 34 E DUDLEY TOWN RD.,,BLOOMFIELD,CT ,06002,USA,,860-289-8790,"Sales,Service,Rental,"
11572,Industrial/Commercial Sales & Service,00010214161002,"R.L. Kistler, Inc", 5615 Business Ave.,,N. Syracuse,NY ,13208,USA,,315-458-2875,"Sales,"
11572,Industrial/Commercial Sales & Service,00010208021002,Modern Group Power Systems, 2501 Durham Road,,Bristol,PA ,19007,USA,www.moderngroup.com,800-404-7291,"Sales,Service,Up To 2MW,Mobile/Diesel/Gas,Training,Rental,"
11572,Industrial/Commercial Sales & Service,00010001731002,Authorized Services Of New England, 410 Forest Street,,Marlborough,MA ,01752,USA,www.asne.com,888-890-9886,"Financing,Sales,Service,Up To 2MW,Mobile/Diesel/Gas,Training,Rental,"
11572,Industrial/Commercial Sales & Service,00010008091002,MODERN HANDLING EQUIP, 75 NEW STREET,,EDISON,NJ ,08837,USA,www.moderngroup.com,800-779-5116,"Sales,Service,Up To 2MW,Mobile/Diesel/Gas,"
11572,Industrial/Commercial Sales & Service,00010208021002,Modern Group Power Systems, 200 Allied Parkway,,West Berlin,NJ ,08091,USA,,800-404-7291,"Sales,Service,Up To 2MW,Mobile/Diesel/Gas,"
11572,Industrial/Commercial Sales & Service,00010208021002,Modern Group Power Systems, 6352 Chapmans Rd,,Allentown,PA ,18106,USA,,800-404-7291,"Sales,Service,Up To 2MW,Mobile/Diesel/Gas,"
11572,Industrial/Commercial Sales & Service,00010208021002,Modern Group Power Systems, 66A South Gate Blvd.,,New Castle,DE ,19720,USA,,800-404-7291,"Sales,Service,Up To 2MW,Mobile/Diesel/Gas,"
11572,Industrial/Commercial Sales & Service,00010208021002,Modern Group Power Systems, 295 New Commerce Blvd.,,Wilkes Barre,PA ,18706,USA,,800-404-7291,"Sales,Service,Up To 2MW,Mobile/Diesel/Gas,"
11572,Industrial/Commercial Sales & Service,00010000931002,"EMERGENCY POWER SYSTEMS, LLC", 35 HAMILTON LANE,,GLENMONT,NY ,12077,USA,,800-914-1465,"Service,Up To 2MW,Mobile/Diesel/Gas,"
11572,Industrial/Commercial Sales & Service,00010000931002,"EMERGENCY POWER SYSTEMS, LLC", 35 HAMILTON LANE,,GLENMONT,NY ,12077,USA,,800-914-1465,"Service,"
11572,Industrial/Commercial Sales & Service,00010001731002,AUTHORIZED SERVICES OF NEW ENGLAND, 410 FOREST STREET,,MARLBOROUGH,MA ,01752,USA,,888-890-9886,"Sales,"
11572,Industrial/Commercial Sales & Service,00010208021002,Modern Group Power Systems, 3480 Board Road,,York,PA ,17402,USA,,800-404-7291,"Sales,Service,Up To 2MW,Mobile/Diesel/Gas,"
11572,Industrial/Commercial Sales & Service,00010001761002,"GENSERVE, INC.", 100 NEWTOWN RD,,PLAINVIEW,NY ,11803,USA,www.genserveinc.com,631-435-0437,"Service,"
11572,Industrial/Commercial Sales & Service,00111209521002,LONG ISLAND EMERGENCY POWER -QO, 2 Ocean Avenue,,DEER PARK,NY ,11729,USA,,631-586-7513,"Sales,"
11572,Industrial/Commercial Sales & Service,00010139211002,POWERPRO SERVICE CO. INC., 608 JOHNSON AVE. UNIT 6,,BOHEMIA,NY ,11716,USA,,631-567-2700,"Sales,Service,Up To 600kW,Mobile/Diesel/Gas,"
11572,Industrial/Commercial Sales & Service,00111209531002,HUNTINGTON POWER - LONG ISLAND, PO BOX 2040,,SHELTON,CT ,06484,USA,,631-586-7513,"Sales,"
11572,Industrial/Commercial Sales & Service,00010134071002,PEAK POWER SYSTEMS, 99 SPRAGUE AVENUE,,MIDDLETOWN,NY ,10940,USA,www.peakpowersystems.com,845-344-1975,"Sales,Service,Up To 600kW,Mobile/Diesel/Gas,Rental,"
11572,Industrial/Commercial Sales & Service,00010001761002,"GENSERVE, INC.", 115A TWINBRIDGE DR.,,PENNSAUKEN,NJ ,08110,USA,www.genserveinc.com,856-324-0459,"Service,"
11572,Industrial/Commercial Sales & Service,00010021101002,SOUTH SHORE GENERATOR INC-Quote, 2696A CRANBERRY HWY,,WAREHAM,MA ,02571,USA,,508-295-7336,"Sales,Service,Up To 600kW,Mobile/Diesel/Gas,"
11572,Industrial/Commercial Sales & Service,00010001621002,BROOKFIELD SERVICE, 708 GLEBE ROAD,,WESTMORELAND,NH ,03467,USA,www.brookfieldservice.com,802-485-6567,"Service,Up To 600kW,Mobile/Diesel/Gas,"
11572,Industrial/Commercial Sales & Service,00010001701002,SOUTH SHORE GENERATOR INC, ,,EAST WAREHAM,MA ,02538,USA,,508-295-7336,"Financing,Sales,Service,Up To 600kW,Mobile/Diesel/Gas,"
11572,Industrial/Commercial Sales & Service,00111184131002,HUNTER & LOMISON, 1956 W FOURTH ST,,WILLIAMSPORT,PA ,17701,USA,www.hunterlomison.com,570-326-1764,"Sales,Service,Up To 600kW,Mobile/Diesel/Gas,Rental,"
11572,Industrial/Commercial Sales & Service,00010000881002,HUNTER & LOMISON INC., 1956 W. 4TH STREET,,WILLIAMSPORT,PA ,17701,USA,www.hunterlomison.com,570-326-1764,"Service,Up To 600kW,Mobile/Diesel/Gas,"
11572,Industrial/Commercial Sales & Service,00111207431002,WARSHAUER ELECTRIC SUPPLY CO INC, 800 SHREWSBURY AVE,,TINTON FALLS,NJ ,07724,USA,www.warshauer.com,732-741-6400,"Service,"
11572,Industrial/Commercial Sales & Service,00010157021002,Mechanical Service Co, 1145 Oak St.,,Pittston,PA ,18640,USA,,570-654-2445,"Service,"
11575,Industrial/Commercial Sales & Service,00010214161002,"R.L. Kistler, Inc", 300 Mile Crossing Blvd.,,Rochester,NY ,14624,USA,rlkistler.com,585-436-1940,"Sales,"
11575,Industrial/Commercial Sales & Service,00010001611002,Huntington Power, 230 Long Hill Cross Rd,,Shelton,CT ,06484,USA,www.huntingtonpower.com,203-929-3203,"Sales,Service,Up To 2MW,Mobile/Diesel/Gas,Training,Rental,"
11575,Industrial/Commercial Sales & Service,00010214161002,"R.L. KISTLER, INC.", 35 HAMILTON LANE,,GLENMONT,NY ,12077,USA,,585-436-1940,"Sales,Service,"
11575,Industrial/Commercial Sales & Service,00010214161002,"R.L. Kistler, Inc", 5615 Business Ave.,,N. Syracuse,NY ,13208,USA,,315-458-2875,"Sales,"
11575,Industrial/Commercial Sales & Service,00010001611002,Huntington Power, 68 Enter Ln,,Islandia,NY ,11749,USA,,631-563-4943,"Sales,Service,Up To 2MW,Mobile/Diesel/Gas,"
11575,Industrial/Commercial Sales & Service,00010001611002,Huntington Power, 34 E DUDLEY TOWN RD.,,BLOOMFIELD,CT ,06002,USA,,860-289-8790,"Sales,Service,Rental,"
11575,Industrial/Commercial Sales & Service,00010214161002,"R.L. Kistler, Inc", 5615 Business Ave.,,N. Syracuse,NY ,13208,USA,,315-458-2875,"Sales,"
11575,Industrial/Commercial Sales & Service,00010208021002,Modern Group Power Systems, 2501 Durham Road,,Bristol,PA ,19007,USA,www.moderngroup.com,800-404-7291,"Sales,Service,Up To 2MW,Mobile/Diesel/Gas,Training,Rental,"
11575,Industrial/Commercial Sales & Service,00010001731002,Authorized Services Of New England, 410 Forest Street,,Marlborough,MA ,01752,USA,www.asne.com,888-890-9886,"Financing,Sales,Service,Up To 2MW,Mobile/Diesel/Gas,Training,Rental,"
11575,Industrial/Commercial Sales & Service,00010008091002,MODERN HANDLING EQUIP, 75 NEW STREET,,EDISON,NJ ,08837,USA,www.moderngroup.com,800-779-5116,"Sales,Service,Up To 2MW,Mobile/Diesel/Gas,"
11575,Industrial/Commercial Sales & Service,00010208021002,Modern Group Power Systems, 200 Allied Parkway,,West Berlin,NJ ,08091,USA,,800-404-7291,"Sales,Service,Up To 2MW,Mobile/Diesel/Gas,"
11575,Industrial/Commercial Sales & Service,00010208021002,Modern Group Power Systems, 6352 Chapmans Rd,,Allentown,PA ,18106,USA,,800-404-7291,"Sales,Service,Up To 2MW,Mobile/Diesel/Gas,"
11575,Industrial/Commercial Sales & Service,00010208021002,Modern Group Power Systems, 295 New Commerce Blvd.,,Wilkes Barre,PA ,18706,USA,,800-404-7291,"Sales,Service,Up To 2MW,Mobile/Diesel/Gas,"
11575,Industrial/Commercial Sales & Service,00010208021002,Modern Group Power Systems, 66A South Gate Blvd.,,New Castle,DE ,19720,USA,,800-404-7291,"Sales,Service,Up To 2MW,Mobile/Diesel/Gas,"
11575,Industrial/Commercial Sales & Service,00010000931002,"EMERGENCY POWER SYSTEMS, LLC", 35 HAMILTON LANE,,GLENMONT,NY ,12077,USA,,800-914-1465,"Service,Up To 2MW,Mobile/Diesel/Gas,"
11575,Industrial/Commercial Sales & Service,00010000931002,"EMERGENCY POWER SYSTEMS, LLC", 35 HAMILTON LANE,,GLENMONT,NY ,12077,USA,,800-914-1465,"Service,"
11575,Industrial/Commercial Sales & Service,00010001731002,AUTHORIZED SERVICES OF NEW ENGLAND, 410 FOREST STREET,,MARLBOROUGH,MA ,01752,USA,,888-890-9886,"Sales,"
11575,Industrial/Commercial Sales & Service,00010208021002,Modern Group Power Systems, 3480 Board Road,,York,PA ,17402,USA,,800-404-7291,"Sales,Service,Up To 2MW,Mobile/Diesel/Gas,"
11575,Industrial/Commercial Sales & Service,00010001761002,"GENSERVE, INC.", 100 NEWTOWN RD,,PLAINVIEW,NY ,11803,USA,www.genserveinc.com,631-435-0437,"Service,"
11575,Industrial/Commercial Sales & Service,00111209521002,LONG ISLAND EMERGENCY POWER -QO, 2 Ocean Avenue,,DEER PARK,NY ,11729,USA,,631-586-7513,"Sales,"
11575,Industrial/Commercial Sales & Service,00010139211002,POWERPRO SERVICE CO. INC., 608 JOHNSON AVE. UNIT 6,,BOHEMIA,NY ,11716,USA,,631-567-2700,"Sales,Service,Up To 600kW,Mobile/Diesel/Gas,"
11575,Industrial/Commercial Sales & Service,00111209531002,HUNTINGTON POWER - LONG ISLAND, PO BOX 2040,,SHELTON,CT ,06484,USA,,631-586-7513,"Sales,"
11575,Industrial/Commercial Sales & Service,00010134071002,PEAK POWER SYSTEMS, 99 SPRAGUE AVENUE,,MIDDLETOWN,NY ,10940,USA,www.peakpowersystems.com,845-344-1975,"Sales,Service,Up To 600kW,Mobile/Diesel/Gas,Rental,"
11575,Industrial/Commercial Sales & Service,00010001761002,"GENSERVE, INC.", 115A TWINBRIDGE DR.,,PENNSAUKEN,NJ ,08110,USA,www.genserveinc.com,856-324-0459,"Service,"
11575,Industrial/Commercial Sales & Service,00010021101002,SOUTH SHORE GENERATOR INC-Quote, 2696A CRANBERRY HWY,,WAREHAM,MA ,02571,USA,,508-295-7336,"Sales,Service,Up To 600kW,Mobile/Diesel/Gas,"
11575,Industrial/Commercial Sales & Service,00010001621002,BROOKFIELD SERVICE, 708 GLEBE ROAD,,WESTMORELAND,NH ,03467,USA,www.brookfieldservice.com,802-485-6567,"Service,Up To 600kW,Mobile/Diesel/Gas,"
11575,Industrial/Commercial Sales & Service,00010001701002,SOUTH SHORE GENERATOR INC, ,,EAST WAREHAM,MA ,02538,USA,,508-295-7336,"Financing,Sales,Service,Up To 600kW,Mobile/Diesel/Gas,"
11575,Industrial/Commercial Sales & Service,00111184131002,HUNTER & LOMISON, 1956 W FOURTH ST,,WILLIAMSPORT,PA ,17701,USA,www.hunterlomison.com,570-326-1764,"Sales,Service,Up To 600kW,Mobile/Diesel/Gas,Rental,"
11575,Industrial/Commercial Sales & Service,00010000881002,HUNTER & LOMISON INC., 1956 W. 4TH STREET,,WILLIAMSPORT,PA ,17701,USA,www.hunterlomison.com,570-326-1764,"Service,Up To 600kW,Mobile/Diesel/Gas,"
11575,Industrial/Commercial Sales & Service,00111207431002,WARSHAUER ELECTRIC SUPPLY CO INC, 800 SHREWSBURY AVE,,TINTON FALLS,NJ ,07724,USA,www.warshauer.com,732-741-6400,"Service,"
11575,Industrial/Commercial Sales & Service,00010157021002,Mechanical Service Co, 1145 Oak St.,,Pittston,PA ,18640,USA,,570-654-2445,"Service,"
11576,Industrial/Commercial Sales & Service,00010214161002,"R.L. Kistler, Inc", 300 Mile Crossing Blvd.,,Rochester,NY ,14624,USA,rlkistler.com,585-436-1940,"Sales,"
11576,Industrial/Commercial Sales & Service,00010001611002,Huntington Power, 230 Long Hill Cross Rd,,Shelton,CT ,06484,USA,www.huntingtonpower.com,203-929-3203,"Sales,Service,Up To 2MW,Mobile/Diesel/Gas,Training,Rental,"
11576,Industrial/Commercial Sales & Service,00010214161002,"R.L. KISTLER, INC.", 35 HAMILTON LANE,,GLENMONT,NY ,12077,USA,,585-436-1940,"Sales,Service,"
11576,Industrial/Commercial Sales & Service,00010214161002,"R.L. Kistler, Inc", 5615 Business Ave.,,N. Syracuse,NY ,13208,USA,,315-458-2875,"Sales,"
11576,Industrial/Commercial Sales & Service,00010001611002,Huntington Power, 68 Enter Ln,,Islandia,NY ,11749,USA,,631-563-4943,"Sales,Service,Up To 2MW,Mobile/Diesel/Gas,"
11576,Industrial/Commercial Sales & Service,00010001611002,Huntington Power, 34 E DUDLEY TOWN RD.,,BLOOMFIELD,CT ,06002,USA,,860-289-8790,"Sales,Service,Rental,"
11576,Industrial/Commercial Sales & Service,00010214161002,"R.L. Kistler, Inc", 5615 Business Ave.,,N. Syracuse,NY ,13208,USA,,315-458-2875,"Sales,"
11576,Industrial/Commercial Sales & Service,00010208021002,Modern Group Power Systems, 2501 Durham Road,,Bristol,PA ,19007,USA,www.moderngroup.com,800-404-7291,"Sales,Service,Up To 2MW,Mobile/Diesel/Gas,Training,Rental,"
11576,Industrial/Commercial Sales & Service,00010001731002,Authorized Services Of New England, 410 Forest Street,,Marlborough,MA ,01752,USA,www.asne.com,888-890-9886,"Financing,Sales,Service,Up To 2MW,Mobile/Diesel/Gas,Training,Rental,"
11576,Industrial/Commercial Sales & Service,00010008091002,MODERN HANDLING EQUIP, 75 NEW STREET,,EDISON,NJ ,08837,USA,www.moderngroup.com,800-779-5116,"Sales,Service,Up To 2MW,Mobile/Diesel/Gas,"
11576,Industrial/Commercial Sales & Service,00010208021002,Modern Group Power Systems, 200 Allied Parkway,,West Berlin,NJ ,08091,USA,,800-404-7291,"Sales,Service,Up To 2MW,Mobile/Diesel/Gas,"
11576,Industrial/Commercial Sales & Service,00010208021002,Modern Group Power Systems, 6352 Chapmans Rd,,Allentown,PA ,18106,USA,,800-404-7291,"Sales,Service,Up To 2MW,Mobile/Diesel/Gas,"
11576,Industrial/Commercial Sales & Service,00010208021002,Modern Group Power Systems, 295 New Commerce Blvd.,,Wilkes Barre,PA ,18706,USA,,800-404-7291,"Sales,Service,Up To 2MW,Mobile/Diesel/Gas,"
11576,Industrial/Commercial Sales & Service,00010000931002,"EMERGENCY POWER SYSTEMS, LLC", 35 HAMILTON LANE,,GLENMONT,NY ,12077,USA,,800-914-1465,"Service,Up To 2MW,Mobile/Diesel/Gas,"
11576,Industrial/Commercial Sales & Service,00010000931002,"EMERGENCY POWER SYSTEMS, LLC", 35 HAMILTON LANE,,GLENMONT,NY ,12077,USA,,800-914-1465,"Service,"
11576,Industrial/Commercial Sales & Service,00010208021002,Modern Group Power Systems, 66A South Gate Blvd.,,New Castle,DE ,19720,USA,,800-404-7291,"Sales,Service,Up To 2MW,Mobile/Diesel/Gas,"
11576,Industrial/Commercial Sales & Service,00010001731002,AUTHORIZED SERVICES OF NEW ENGLAND, 410 FOREST STREET,,MARLBOROUGH,MA ,01752,USA,,888-890-9886,"Sales,"
11576,Industrial/Commercial Sales & Service,00010208021002,Modern Group Power Systems, 3480 Board Road,,York,PA ,17402,USA,,800-404-7291,"Sales,Service,Up To 2MW,Mobile/Diesel/Gas,"
11576,Industrial/Commercial Sales & Service,00010001761002,"GENSERVE, INC.", 100 NEWTOWN RD,,PLAINVIEW,NY ,11803,USA,www.genserveinc.com,631-435-0437,"Service,"
11576,Industrial/Commercial Sales & Service,00111209521002,LONG ISLAND EMERGENCY POWER -QO, 2 Ocean Avenue,,DEER PARK,NY ,11729,USA,,631-586-7513,"Sales,"
11576,Industrial/Commercial Sales & Service,00010139211002,POWERPRO SERVICE CO. INC., 608 JOHNSON AVE. UNIT 6,,BOHEMIA,NY ,11716,USA,,631-567-2700,"Sales,Service,Up To 600kW,Mobile/Diesel/Gas,"
11576,Industrial/Commercial Sales & Service,00111209531002,HUNTINGTON POWER - LONG ISLAND, PO BOX 2040,,SHELTON,CT ,06484,USA,,631-586-7513,"Sales,"
11576,Industrial/Commercial Sales & Service,00010134071002,PEAK POWER SYSTEMS, 99 SPRAGUE AVENUE,,MIDDLETOWN,NY ,10940,USA,www.peakpowersystems.com,845-344-1975,"Sales,Service,Up To 600kW,Mobile/Diesel/Gas,Rental,"
11576,Industrial/Commercial Sales & Service,00010001761002,"GENSERVE, INC.", 115A TWINBRIDGE DR.,,PENNSAUKEN,NJ ,08110,USA,www.genserveinc.com,856-324-0459,"Service,"
11576,Industrial/Commercial Sales & Service,00010001621002,BROOKFIELD SERVICE, 708 GLEBE ROAD,,WESTMORELAND,NH ,03467,USA,www.brookfieldservice.com,802-485-6567,"Service,Up To 600kW,Mobile/Diesel/Gas,"
11576,Industrial/Commercial Sales & Service,00010021101002,SOUTH SHORE GENERATOR INC-Quote, 2696A CRANBERRY HWY,,WAREHAM,MA ,02571,USA,,508-295-7336,"Sales,Service,Up To 600kW,Mobile/Diesel/Gas,"
11576,Industrial/Commercial Sales & Service,00010001701002,SOUTH SHORE GENERATOR INC, ,,EAST WAREHAM,MA ,02538,USA,,508-295-7336,"Financing,Sales,Service,Up To 600kW,Mobile/Diesel/Gas,"
11576,Industrial/Commercial Sales & Service,00111184131002,HUNTER & LOMISON, 1956 W FOURTH ST,,WILLIAMSPORT,PA ,17701,USA,www.hunterlomison.com,570-326-1764,"Sales,Service,Up To 600kW,Mobile/Diesel/Gas,Rental,"
11576,Industrial/Commercial Sales & Service,00010000881002,HUNTER & LOMISON INC., 1956 W. 4TH STREET,,WILLIAMSPORT,PA ,17701,USA,www.hunterlomison.com,570-326-1764,"Service,Up To 600kW,Mobile/Diesel/Gas,"
11576,Industrial/Commercial Sales & Service,00111207431002,WARSHAUER ELECTRIC SUPPLY CO INC, 800 SHREWSBURY AVE,,TINTON FALLS,NJ ,07724,USA,www.warshauer.com,732-741-6400,"Service,"
11576,Industrial/Commercial Sales & Service,00010157021002,Mechanical Service Co, 1145 Oak St.,,Pittston,PA ,18640,USA,,570-654-2445,"Service,"
11577,Industrial/Commercial Sales & Service,00010214161002,"R.L. KISTLER, INC.", 35 HAMILTON LANE,,GLENMONT,NY ,12077,USA,,585-436-1940,"Sales,Service,"
11577,Industrial/Commercial Sales & Service,00010214161002,"R.L. Kistler, Inc", 300 Mile Crossing Blvd.,,Rochester,NY ,14624,USA,rlkistler.com,585-436-1940,"Sales,"
11577,Industrial/Commercial Sales & Service,00010001611002,Huntington Power, 230 Long Hill Cross Rd,,Shelton,CT ,06484,USA,www.huntingtonpower.com,203-929-3203,"Sales,Service,Up To 2MW,Mobile/Diesel/Gas,Training,Rental,"
11577,Industrial/Commercial Sales & Service,00010214161002,"R.L. Kistler, Inc", 5615 Business Ave.,,N. Syracuse,NY ,13208,USA,,315-458-2875,"Sales,"
11577,Industrial/Commercial Sales & Service,00010214161002,"R.L. Kistler, Inc", 5615 Business Ave.,,N. Syracuse,NY ,13208,USA,,315-458-2875,"Sales,"
11577,Industrial/Commercial Sales & Service,00010001611002,Huntington Power, 68 Enter Ln,,Islandia,NY ,11749,USA,,631-563-4943,"Sales,Service,Up To 2MW,Mobile/Diesel/Gas,"
11577,Industrial/Commercial Sales & Service,00010001611002,Huntington Power, 34 E DUDLEY TOWN RD.,,BLOOMFIELD,CT ,06002,USA,,860-289-8790,"Sales,Service,Rental,"
11577,Industrial/Commercial Sales & Service,00010208021002,Modern Group Power Systems, 2501 Durham Road,,Bristol,PA ,19007,USA,www.moderngroup.com,800-404-7291,"Sales,Service,Up To 2MW,Mobile/Diesel/Gas,Training,Rental,"
11577,Industrial/Commercial Sales & Service,00010001731002,Authorized Services Of New England, 410 Forest Street,,Marlborough,MA ,01752,USA,www.asne.com,888-890-9886,"Financing,Sales,Service,Up To 2MW,Mobile/Diesel/Gas,Training,Rental,"
11577,Industrial/Commercial Sales & Service,00010008091002,MODERN HANDLING EQUIP, 75 NEW STREET,,EDISON,NJ ,08837,USA,www.moderngroup.com,800-779-5116,"Sales,Service,Up To 2MW,Mobile/Diesel/Gas,"
11577,Industrial/Commercial Sales & Service,00010208021002,Modern Group Power Systems, 200 Allied Parkway,,West Berlin,NJ ,08091,USA,,800-404-7291,"Sales,Service,Up To 2MW,Mobile/Diesel/Gas,"
11577,Industrial/Commercial Sales & Service,00010208021002,Modern Group Power Systems, 6352 Chapmans Rd,,Allentown,PA ,18106,USA,,800-404-7291,"Sales,Service,Up To 2MW,Mobile/Diesel/Gas,"
11577,Industrial/Commercial Sales & Service,00010208021002,Modern Group Power Systems, 295 New Commerce Blvd.,,Wilkes Barre,PA ,18706,USA,,800-404-7291,"Sales,Service,Up To 2MW,Mobile/Diesel/Gas,"
11577,Industrial/Commercial Sales & Service,00010000931002,"EMERGENCY POWER SYSTEMS, LLC", 35 HAMILTON LANE,,GLENMONT,NY ,12077,USA,,800-914-1465,"Service,Up To 2MW,Mobile/Diesel/Gas,"
11577,Industrial/Commercial Sales & Service,00010000931002,"EMERGENCY POWER SYSTEMS, LLC", 35 HAMILTON LANE,,GLENMONT,NY ,12077,USA,,800-914-1465,"Service,"
11577,Industrial/Commercial Sales & Service,00010208021002,Modern Group Power Systems, 66A South Gate Blvd.,,New Castle,DE ,19720,USA,,800-404-7291,"Sales,Service,Up To 2MW,Mobile/Diesel/Gas,"
11577,Industrial/Commercial Sales & Service,00010001731002,AUTHORIZED SERVICES OF NEW ENGLAND, 410 FOREST STREET,,MARLBOROUGH,MA ,01752,USA,,888-890-9886,"Sales,"
11577,Industrial/Commercial Sales & Service,00010208021002,Modern Group Power Systems, 3480 Board Road,,York,PA ,17402,USA,,800-404-7291,"Sales,Service,Up To 2MW,Mobile/Diesel/Gas,"
11577,Industrial/Commercial Sales & Service,00010001761002,"GENSERVE, INC.", 100 NEWTOWN RD,,PLAINVIEW,NY ,11803,USA,www.genserveinc.com,631-435-0437,"Service,"
11577,Industrial/Commercial Sales & Service,00111209521002,LONG ISLAND EMERGENCY POWER -QO, 2 Ocean Avenue,,DEER PARK,NY ,11729,USA,,631-586-7513,"Sales,"
11577,Industrial/Commercial Sales & Service,00010139211002,POWERPRO SERVICE CO. INC., 608 JOHNSON AVE. UNIT 6,,BOHEMIA,NY ,11716,USA,,631-567-2700,"Sales,Service,Up To 600kW,Mobile/Diesel/Gas,"
11577,Industrial/Commercial Sales & Service,00111209531002,HUNTINGTON POWER - LONG ISLAND, PO BOX 2040,,SHELTON,CT ,06484,USA,,631-586-7513,"Sales,"
11577,Industrial/Commercial Sales & Service,00010134071002,PEAK POWER SYSTEMS, 99 SPRAGUE AVENUE,,MIDDLETOWN,NY ,10940,USA,www.peakpowersystems.com,845-344-1975,"Sales,Service,Up To 600kW,Mobile/Diesel/Gas,Rental,"
11577,Industrial/Commercial Sales & Service,00010001761002,"GENSERVE, INC.", 115A TWINBRIDGE DR.,,PENNSAUKEN,NJ ,08110,USA,www.genserveinc.com,856-324-0459,"Service,"
11577,Industrial/Commercial Sales & Service,00010001621002,BROOKFIELD SERVICE, 708 GLEBE ROAD,,WESTMORELAND,NH ,03467,USA,www.brookfieldservice.com,802-485-6567,"Service,Up To 600kW,Mobile/Diesel/Gas,"
11577,Industrial/Commercial Sales & Service,00010021101002,SOUTH SHORE GENERATOR INC-Quote, 2696A CRANBERRY HWY,,WAREHAM,MA ,02571,USA,,508-295-7336,"Sales,Service,Up To 600kW,Mobile/Diesel/Gas,"
11577,Industrial/Commercial Sales & Service,00010001701002,SOUTH SHORE GENERATOR INC, ,,EAST WAREHAM,MA ,02538,USA,,508-295-7336,"Financing,Sales,Service,Up To 600kW,Mobile/Diesel/Gas,"
11577,Industrial/Commercial Sales & Service,00111184131002,HUNTER & LOMISON, 1956 W FOURTH ST,,WILLIAMSPORT,PA ,17701,USA,www.hunterlomison.com,570-326-1764,"Sales,Service,Up To 600kW,Mobile/Diesel/Gas,Rental,"
11577,Industrial/Commercial Sales & Service,00010000881002,HUNTER & LOMISON INC., 1956 W. 4TH STREET,,WILLIAMSPORT,PA ,17701,USA,www.hunterlomison.com,570-326-1764,"Service,Up To 600kW,Mobile/Diesel/Gas,"
11577,Industrial/Commercial Sales & Service,00111207431002,WARSHAUER ELECTRIC SUPPLY CO INC, 800 SHREWSBURY AVE,,TINTON FALLS,NJ ,07724,USA,www.warshauer.com,732-741-6400,"Service,"
11577,Industrial/Commercial Sales & Service,00010157021002,Mechanical Service Co, 1145 Oak St.,,Pittston,PA ,18640,USA,,570-654-2445,"Service,"
11579,Industrial/Commercial Sales & Service,00010214161002,"R.L. KISTLER, INC.", 35 HAMILTON LANE,,GLENMONT,NY ,12077,USA,,585-436-1940,"Sales,Service,"
11579,Industrial/Commercial Sales & Service,00010214161002,"R.L. Kistler, Inc", 300 Mile Crossing Blvd.,,Rochester,NY ,14624,USA,rlkistler.com,585-436-1940,"Sales,"
11579,Industrial/Commercial Sales & Service,00010001611002,Huntington Power, 230 Long Hill Cross Rd,,Shelton,CT ,06484,USA,www.huntingtonpower.com,203-929-3203,"Sales,Service,Up To 2MW,Mobile/Diesel/Gas,Training,Rental,"
11579,Industrial/Commercial Sales & Service,00010214161002,"R.L. Kistler, Inc", 5615 Business Ave.,,N. Syracuse,NY ,13208,USA,,315-458-2875,"Sales,"
11579,Industrial/Commercial Sales & Service,00010214161002,"R.L. Kistler, Inc", 5615 Business Ave.,,N. Syracuse,NY ,13208,USA,,315-458-2875,"Sales,"
11579,Industrial/Commercial Sales & Service,00010001611002,Huntington Power, 68 Enter Ln,,Islandia,NY ,11749,USA,,631-563-4943,"Sales,Service,Up To 2MW,Mobile/Diesel/Gas,"
11579,Industrial/Commercial Sales & Service,00010001611002,Huntington Power, 34 E DUDLEY TOWN RD.,,BLOOMFIELD,CT ,06002,USA,,860-289-8790,"Sales,Service,Rental,"
11579,Industrial/Commercial Sales & Service,00010208021002,Modern Group Power Systems, 2501 Durham Road,,Bristol,PA ,19007,USA,www.moderngroup.com,800-404-7291,"Sales,Service,Up To 2MW,Mobile/Diesel/Gas,Training,Rental,"
11579,Industrial/Commercial Sales & Service,00010001731002,Authorized Services Of New England, 410 Forest Street,,Marlborough,MA ,01752,USA,www.asne.com,888-890-9886,"Financing,Sales,Service,Up To 2MW,Mobile/Diesel/Gas,Training,Rental,"
11579,Industrial/Commercial Sales & Service,00010008091002,MODERN HANDLING EQUIP, 75 NEW STREET,,EDISON,NJ ,08837,USA,www.moderngroup.com,800-779-5116,"Sales,Service,Up To 2MW,Mobile/Diesel/Gas,"
11579,Industrial/Commercial Sales & Service,00010208021002,Modern Group Power Systems, 200 Allied Parkway,,West Berlin,NJ ,08091,USA,,800-404-7291,"Sales,Service,Up To 2MW,Mobile/Diesel/Gas,"
11579,Industrial/Commercial Sales & Service,00010208021002,Modern Group Power Systems, 6352 Chapmans Rd,,Allentown,PA ,18106,USA,,800-404-7291,"Sales,Service,Up To 2MW,Mobile/Diesel/Gas,"
11579,Industrial/Commercial Sales & Service,00010000931002,"EMERGENCY POWER SYSTEMS, LLC", 35 HAMILTON LANE,,GLENMONT,NY ,12077,USA,,800-914-1465,"Service,Up To 2MW,Mobile/Diesel/Gas,"
11579,Industrial/Commercial Sales & Service,00010000931002,"EMERGENCY POWER SYSTEMS, LLC", 35 HAMILTON LANE,,GLENMONT,NY ,12077,USA,,800-914-1465,"Service,"
11579,Industrial/Commercial Sales & Service,00010208021002,Modern Group Power Systems, 295 New Commerce Blvd.,,Wilkes Barre,PA ,18706,USA,,800-404-7291,"Sales,Service,Up To 2MW,Mobile/Diesel/Gas,"
11579,Industrial/Commercial Sales & Service,00010208021002,Modern Group Power Systems, 66A South Gate Blvd.,,New Castle,DE ,19720,USA,,800-404-7291,"Sales,Service,Up To 2MW,Mobile/Diesel/Gas,"
11579,Industrial/Commercial Sales & Service,00010001731002,AUTHORIZED SERVICES OF NEW ENGLAND, 410 FOREST STREET,,MARLBOROUGH,MA ,01752,USA,,888-890-9886,"Sales,"
11579,Industrial/Commercial Sales & Service,00010208021002,Modern Group Power Systems, 3480 Board Road,,York,PA ,17402,USA,,800-404-7291,"Sales,Service,Up To 2MW,Mobile/Diesel/Gas,"
11579,Industrial/Commercial Sales & Service,00010001761002,"GENSERVE, INC.", 100 NEWTOWN RD,,PLAINVIEW,NY ,11803,USA,www.genserveinc.com,631-435-0437,"Service,"
11579,Industrial/Commercial Sales & Service,00111209521002,LONG ISLAND EMERGENCY POWER -QO, 2 Ocean Avenue,,DEER PARK,NY ,11729,USA,,631-586-7513,"Sales,"
11579,Industrial/Commercial Sales & Service,00010139211002,POWERPRO SERVICE CO. INC., 608 JOHNSON AVE. UNIT 6,,BOHEMIA,NY ,11716,USA,,631-567-2700,"Sales,Service,Up To 600kW,Mobile/Diesel/Gas,"
11579,Industrial/Commercial Sales & Service,00111209531002,HUNTINGTON POWER - LONG ISLAND, PO BOX 2040,,SHELTON,CT ,06484,USA,,631-586-7513,"Sales,"
11579,Industrial/Commercial Sales & Service,00010134071002,PEAK POWER SYSTEMS, 99 SPRAGUE AVENUE,,MIDDLETOWN,NY ,10940,USA,www.peakpowersystems.com,845-344-1975,"Sales,Service,Up To 600kW,Mobile/Diesel/Gas,Rental,"
11579,Industrial/Commercial Sales & Service,00010001761002,"GENSERVE, INC.", 115A TWINBRIDGE DR.,,PENNSAUKEN,NJ ,08110,USA,www.genserveinc.com,856-324-0459,"Service,"
11579,Industrial/Commercial Sales & Service,00010001621002,BROOKFIELD SERVICE, 708 GLEBE ROAD,,WESTMORELAND,NH ,03467,USA,www.brookfieldservice.com,802-485-6567,"Service,Up To 600kW,Mobile/Diesel/Gas,"
11579,Industrial/Commercial Sales & Service,00010021101002,SOUTH SHORE GENERATOR INC-Quote, 2696A CRANBERRY HWY,,WAREHAM,MA ,02571,USA,,508-295-7336,"Sales,Service,Up To 600kW,Mobile/Diesel/Gas,"
11579,Industrial/Commercial Sales & Service,00010001701002,SOUTH SHORE GENERATOR INC, ,,EAST WAREHAM,MA ,02538,USA,,508-295-7336,"Financing,Sales,Service,Up To 600kW,Mobile/Diesel/Gas,"
11579,Industrial/Commercial Sales & Service,00111184131002,HUNTER & LOMISON, 1956 W FOURTH ST,,WILLIAMSPORT,PA ,17701,USA,www.hunterlomison.com,570-326-1764,"Sales,Service,Up To 600kW,Mobile/Diesel/Gas,Rental,"
11579,Industrial/Commercial Sales & Service,00010000881002,HUNTER & LOMISON INC., 1956 W. 4TH STREET,,WILLIAMSPORT,PA ,17701,USA,www.hunterlomison.com,570-326-1764,"Service,Up To 600kW,Mobile/Diesel/Gas,"
11579,Industrial/Commercial Sales & Service,00111207431002,WARSHAUER ELECTRIC SUPPLY CO INC, 800 SHREWSBURY AVE,,TINTON FALLS,NJ ,07724,USA,www.warshauer.com,732-741-6400,"Service,"
11579,Industrial/Commercial Sales & Service,00010157021002,Mechanical Service Co, 1145 Oak St.,,Pittston,PA ,18640,USA,,570-654-2445,"Service,"
11580,Industrial/Commercial Sales & Service,00010001611002,Huntington Power, 230 Long Hill Cross Rd,,Shelton,CT ,06484,USA,www.huntingtonpower.com,203-929-3203,"Sales,Service,Up To 2MW,Mobile/Diesel/Gas,Training,Rental,"
11580,Industrial/Commercial Sales & Service,00010214161002,"R.L. Kistler, Inc", 300 Mile Crossing Blvd.,,Rochester,NY ,14624,USA,rlkistler.com,585-436-1940,"Sales,"
11580,Industrial/Commercial Sales & Service,00010214161002,"R.L. KISTLER, INC.", 35 HAMILTON LANE,,GLENMONT,NY ,12077,USA,,585-436-1940,"Sales,Service,"
11580,Industrial/Commercial Sales & Service,00010001611002,Huntington Power, 68 Enter Ln,,Islandia,NY ,11749,USA,,631-563-4943,"Sales,Service,Up To 2MW,Mobile/Diesel/Gas,"
11580,Industrial/Commercial Sales & Service,00010001611002,Huntington Power, 34 E DUDLEY TOWN RD.,,BLOOMFIELD,CT ,06002,USA,,860-289-8790,"Sales,Service,Rental,"
11580,Industrial/Commercial Sales & Service,00010214161002,"R.L. Kistler, Inc", 5615 Business Ave.,,N. Syracuse,NY ,13208,USA,,315-458-2875,"Sales,"
11580,Industrial/Commercial Sales & Service,00010214161002,"R.L. Kistler, Inc", 5615 Business Ave.,,N. Syracuse,NY ,13208,USA,,315-458-2875,"Sales,"
11580,Industrial/Commercial Sales & Service,00010208021002,Modern Group Power Systems, 2501 Durham Road,,Bristol,PA ,19007,USA,www.moderngroup.com,800-404-7291,"Sales,Service,Up To 2MW,Mobile/Diesel/Gas,Training,Rental,"
11580,Industrial/Commercial Sales & Service,00010001731002,Authorized Services Of New England, 410 Forest Street,,Marlborough,MA ,01752,USA,www.asne.com,888-890-9886,"Financing,Sales,Service,Up To 2MW,Mobile/Diesel/Gas,Training,Rental,"
11580,Industrial/Commercial Sales & Service,00010008091002,MODERN HANDLING EQUIP, 75 NEW STREET,,EDISON,NJ ,08837,USA,www.moderngroup.com,800-779-5116,"Sales,Service,Up To 2MW,Mobile/Diesel/Gas,"
11580,Industrial/Commercial Sales & Service,00010208021002,Modern Group Power Systems, 200 Allied Parkway,,West Berlin,NJ ,08091,USA,,800-404-7291,"Sales,Service,Up To 2MW,Mobile/Diesel/Gas,"
11580,Industrial/Commercial Sales & Service,00010208021002,Modern Group Power Systems, 6352 Chapmans Rd,,Allentown,PA ,18106,USA,,800-404-7291,"Sales,Service,Up To 2MW,Mobile/Diesel/Gas,"
11580,Industrial/Commercial Sales & Service,00010208021002,Modern Group Power Systems, 295 New Commerce Blvd.,,Wilkes Barre,PA ,18706,USA,,800-404-7291,"Sales,Service,Up To 2MW,Mobile/Diesel/Gas,"
11580,Industrial/Commercial Sales & Service,00010208021002,Modern Group Power Systems, 66A South Gate Blvd.,,New Castle,DE ,19720,USA,,800-404-7291,"Sales,Service,Up To 2MW,Mobile/Diesel/Gas,"
11580,Industrial/Commercial Sales & Service,00010000931002,"EMERGENCY POWER SYSTEMS, LLC", 35 HAMILTON LANE,,GLENMONT,NY ,12077,USA,,800-914-1465,"Service,Up To 2MW,Mobile/Diesel/Gas,"
11580,Industrial/Commercial Sales & Service,00010000931002,"EMERGENCY POWER SYSTEMS, LLC", 35 HAMILTON LANE,,GLENMONT,NY ,12077,USA,,800-914-1465,"Service,"
11580,Industrial/Commercial Sales & Service,00010001731002,AUTHORIZED SERVICES OF NEW ENGLAND, 410 FOREST STREET,,MARLBOROUGH,MA ,01752,USA,,888-890-9886,"Sales,"
11580,Industrial/Commercial Sales & Service,00010208021002,Modern Group Power Systems, 3480 Board Road,,York,PA ,17402,USA,,800-404-7291,"Sales,Service,Up To 2MW,Mobile/Diesel/Gas,"
11580,Industrial/Commercial Sales & Service,00010001761002,"GENSERVE, INC.", 100 NEWTOWN RD,,PLAINVIEW,NY ,11803,USA,www.genserveinc.com,631-435-0437,"Service,"
11580,Industrial/Commercial Sales & Service,00111209521002,LONG ISLAND EMERGENCY POWER -QO, 2 Ocean Avenue,,DEER PARK,NY ,11729,USA,,631-586-7513,"Sales,"
11580,Industrial/Commercial Sales & Service,00010139211002,POWERPRO SERVICE CO. INC., 608 JOHNSON AVE. UNIT 6,,BOHEMIA,NY ,11716,USA,,631-567-2700,"Sales,Service,Up To 600kW,Mobile/Diesel/Gas,"
11580,Industrial/Commercial Sales & Service,00111209531002,HUNTINGTON POWER - LONG ISLAND, PO BOX 2040,,SHELTON,CT ,06484,USA,,631-586-7513,"Sales,"
11580,Industrial/Commercial Sales & Service,00010134071002,PEAK POWER SYSTEMS, 99 SPRAGUE AVENUE,,MIDDLETOWN,NY ,10940,USA,www.peakpowersystems.com,845-344-1975,"Sales,Service,Up To 600kW,Mobile/Diesel/Gas,Rental,"
11580,Industrial/Commercial Sales & Service,00010001761002,"GENSERVE, INC.", 115A TWINBRIDGE DR.,,PENNSAUKEN,NJ ,08110,USA,www.genserveinc.com,856-324-0459,"Service,"
11580,Industrial/Commercial Sales & Service,00010001621002,BROOKFIELD SERVICE, 708 GLEBE ROAD,,WESTMORELAND,NH ,03467,USA,www.brookfieldservice.com,802-485-6567,"Service,Up To 600kW,Mobile/Diesel/Gas,"
11580,Industrial/Commercial Sales & Service,00010021101002,SOUTH SHORE GENERATOR INC-Quote, 2696A CRANBERRY HWY,,WAREHAM,MA ,02571,USA,,508-295-7336,"Sales,Service,Up To 600kW,Mobile/Diesel/Gas,"
11580,Industrial/Commercial Sales & Service,00010001701002,SOUTH SHORE GENERATOR INC, ,,EAST WAREHAM,MA ,02538,USA,,508-295-7336,"Financing,Sales,Service,Up To 600kW,Mobile/Diesel/Gas,"
11580,Industrial/Commercial Sales & Service,00111184131002,HUNTER & LOMISON, 1956 W FOURTH ST,,WILLIAMSPORT,PA ,17701,USA,www.hunterlomison.com,570-326-1764,"Sales,Service,Up To 600kW,Mobile/Diesel/Gas,Rental,"
11580,Industrial/Commercial Sales & Service,00010000881002,HUNTER & LOMISON INC., 1956 W. 4TH STREET,,WILLIAMSPORT,PA ,17701,USA,www.hunterlomison.com,570-326-1764,"Service,Up To 600kW,Mobile/Diesel/Gas,"
11580,Industrial/Commercial Sales & Service,00111207431002,WARSHAUER ELECTRIC SUPPLY CO INC, 800 SHREWSBURY AVE,,TINTON FALLS,NJ ,07724,USA,www.warshauer.com,732-741-6400,"Service,"
11580,Industrial/Commercial Sales & Service,00010157021002,Mechanical Service Co, 1145 Oak St.,,Pittston,PA ,18640,USA,,570-654-2445,"Service,"
11581,Industrial/Commercial Sales & Service,00010214161002,"R.L. KISTLER, INC.", 35 HAMILTON LANE,,GLENMONT,NY ,12077,USA,,585-436-1940,"Sales,Service,"
11581,Industrial/Commercial Sales & Service,00010001611002,Huntington Power, 230 Long Hill Cross Rd,,Shelton,CT ,06484,USA,www.huntingtonpower.com,203-929-3203,"Sales,Service,Up To 2MW,Mobile/Diesel/Gas,Training,Rental,"
11581,Industrial/Commercial Sales & Service,00010214161002,"R.L. Kistler, Inc", 300 Mile Crossing Blvd.,,Rochester,NY ,14624,USA,rlkistler.com,585-436-1940,"Sales,"
11581,Industrial/Commercial Sales & Service,00010214161002,"R.L. Kistler, Inc", 5615 Business Ave.,,N. Syracuse,NY ,13208,USA,,315-458-2875,"Sales,"
11581,Industrial/Commercial Sales & Service,00010001611002,Huntington Power, 68 Enter Ln,,Islandia,NY ,11749,USA,,631-563-4943,"Sales,Service,Up To 2MW,Mobile/Diesel/Gas,"
11581,Industrial/Commercial Sales & Service,00010001611002,Huntington Power, 34 E DUDLEY TOWN RD.,,BLOOMFIELD,CT ,06002,USA,,860-289-8790,"Sales,Service,Rental,"
11581,Industrial/Commercial Sales & Service,00010214161002,"R.L. Kistler, Inc", 5615 Business Ave.,,N. Syracuse,NY ,13208,USA,,315-458-2875,"Sales,"
11581,Industrial/Commercial Sales & Service,00010208021002,Modern Group Power Systems, 2501 Durham Road,,Bristol,PA ,19007,USA,www.moderngroup.com,800-404-7291,"Sales,Service,Up To 2MW,Mobile/Diesel/Gas,Training,Rental,"
11581,Industrial/Commercial Sales & Service,00010001731002,Authorized Services Of New England, 410 Forest Street,,Marlborough,MA ,01752,USA,www.asne.com,888-890-9886,"Financing,Sales,Service,Up To 2MW,Mobile/Diesel/Gas,Training,Rental,"
11581,Industrial/Commercial Sales & Service,00010008091002,MODERN HANDLING EQUIP, 75 NEW STREET,,EDISON,NJ ,08837,USA,www.moderngroup.com,800-779-5116,"Sales,Service,Up To 2MW,Mobile/Diesel/Gas,"
11581,Industrial/Commercial Sales & Service,00010208021002,Modern Group Power Systems, 200 Allied Parkway,,West Berlin,NJ ,08091,USA,,800-404-7291,"Sales,Service,Up To 2MW,Mobile/Diesel/Gas,"
11581,Industrial/Commercial Sales & Service,00010208021002,Modern Group Power Systems, 6352 Chapmans Rd,,Allentown,PA ,18106,USA,,800-404-7291,"Sales,Service,Up To 2MW,Mobile/Diesel/Gas,"
11581,Industrial/Commercial Sales & Service,00010208021002,Modern Group Power Systems, 66A South Gate Blvd.,,New Castle,DE ,19720,USA,,800-404-7291,"Sales,Service,Up To 2MW,Mobile/Diesel/Gas,"
11581,Industrial/Commercial Sales & Service,00010208021002,Modern Group Power Systems, 295 New Commerce Blvd.,,Wilkes Barre,PA ,18706,USA,,800-404-7291,"Sales,Service,Up To 2MW,Mobile/Diesel/Gas,"
11581,Industrial/Commercial Sales & Service,00010000931002,"EMERGENCY POWER SYSTEMS, LLC", 35 HAMILTON LANE,,GLENMONT,NY ,12077,USA,,800-914-1465,"Service,Up To 2MW,Mobile/Diesel/Gas,"
11581,Industrial/Commercial Sales & Service,00010000931002,"EMERGENCY POWER SYSTEMS, LLC", 35 HAMILTON LANE,,GLENMONT,NY ,12077,USA,,800-914-1465,"Service,"
11581,Industrial/Commercial Sales & Service,00010001731002,AUTHORIZED SERVICES OF NEW ENGLAND, 410 FOREST STREET,,MARLBOROUGH,MA ,01752,USA,,888-890-9886,"Sales,"
11581,Industrial/Commercial Sales & Service,00010208021002,Modern Group Power Systems, 3480 Board Road,,York,PA ,17402,USA,,800-404-7291,"Sales,Service,Up To 2MW,Mobile/Diesel/Gas,"
11581,Industrial/Commercial Sales & Service,00010001761002,"GENSERVE, INC.", 100 NEWTOWN RD,,PLAINVIEW,NY ,11803,USA,www.genserveinc.com,631-435-0437,"Service,"
11581,Industrial/Commercial Sales & Service,00111209521002,LONG ISLAND EMERGENCY POWER -QO, 2 Ocean Avenue,,DEER PARK,NY ,11729,USA,,631-586-7513,"Sales,"
11581,Industrial/Commercial Sales & Service,00010139211002,POWERPRO SERVICE CO. INC., 608 JOHNSON AVE. UNIT 6,,BOHEMIA,NY ,11716,USA,,631-567-2700,"Sales,Service,Up To 600kW,Mobile/Diesel/Gas,"
11581,Industrial/Commercial Sales & Service,00111209531002,HUNTINGTON POWER - LONG ISLAND, PO BOX 2040,,SHELTON,CT ,06484,USA,,631-586-7513,"Sales,"
11581,Industrial/Commercial Sales & Service,00010134071002,PEAK POWER SYSTEMS, 99 SPRAGUE AVENUE,,MIDDLETOWN,NY ,10940,USA,www.peakpowersystems.com,845-344-1975,"Sales,Service,Up To 600kW,Mobile/Diesel/Gas,Rental,"
11581,Industrial/Commercial Sales & Service,00010001761002,"GENSERVE, INC.", 115A TWINBRIDGE DR.,,PENNSAUKEN,NJ ,08110,USA,www.genserveinc.com,856-324-0459,"Service,"
11581,Industrial/Commercial Sales & Service,00010001621002,BROOKFIELD SERVICE, 708 GLEBE ROAD,,WESTMORELAND,NH ,03467,USA,www.brookfieldservice.com,802-485-6567,"Service,Up To 600kW,Mobile/Diesel/Gas,"
11581,Industrial/Commercial Sales & Service,00010021101002,SOUTH SHORE GENERATOR INC-Quote, 2696A CRANBERRY HWY,,WAREHAM,MA ,02571,USA,,508-295-7336,"Sales,Service,Up To 600kW,Mobile/Diesel/Gas,"
11581,Industrial/Commercial Sales & Service,00010001701002,SOUTH SHORE GENERATOR INC, ,,EAST WAREHAM,MA ,02538,USA,,508-295-7336,"Financing,Sales,Service,Up To 600kW,Mobile/Diesel/Gas,"
11581,Industrial/Commercial Sales & Service,00111184131002,HUNTER & LOMISON, 1956 W FOURTH ST,,WILLIAMSPORT,PA ,17701,USA,www.hunterlomison.com,570-326-1764,"Sales,Service,Up To 600kW,Mobile/Diesel/Gas,Rental,"
11581,Industrial/Commercial Sales & Service,00010000881002,HUNTER & LOMISON INC., 1956 W. 4TH STREET,,WILLIAMSPORT,PA ,17701,USA,www.hunterlomison.com,570-326-1764,"Service,Up To 600kW,Mobile/Diesel/Gas,"
11581,Industrial/Commercial Sales & Service,00111207431002,WARSHAUER ELECTRIC SUPPLY CO INC, 800 SHREWSBURY AVE,,TINTON FALLS,NJ ,07724,USA,www.warshauer.com,732-741-6400,"Service,"
11581,Industrial/Commercial Sales & Service,00010157021002,Mechanical Service Co, 1145 Oak St.,,Pittston,PA ,18640,USA,,570-654-2445,"Service,"
11582,Industrial/Commercial Sales & Service,00010214161002,"R.L. Kistler, Inc", 300 Mile Crossing Blvd.,,Rochester,NY ,14624,USA,rlkistler.com,585-436-1940,"Sales,"
11582,Industrial/Commercial Sales & Service,00010001611002,Huntington Power, 230 Long Hill Cross Rd,,Shelton,CT ,06484,USA,www.huntingtonpower.com,203-929-3203,"Sales,Service,Up To 2MW,Mobile/Diesel/Gas,Training,Rental,"
11582,Industrial/Commercial Sales & Service,00010214161002,"R.L. KISTLER, INC.", 35 HAMILTON LANE,,GLENMONT,NY ,12077,USA,,585-436-1940,"Sales,Service,"
11582,Industrial/Commercial Sales & Service,00010214161002,"R.L. Kistler, Inc", 5615 Business Ave.,,N. Syracuse,NY ,13208,USA,,315-458-2875,"Sales,"
11582,Industrial/Commercial Sales & Service,00010001611002,Huntington Power, 68 Enter Ln,,Islandia,NY ,11749,USA,,631-563-4943,"Sales,Service,Up To 2MW,Mobile/Diesel/Gas,"
11582,Industrial/Commercial Sales & Service,00010001611002,Huntington Power, 34 E DUDLEY TOWN RD.,,BLOOMFIELD,CT ,06002,USA,,860-289-8790,"Sales,Service,Rental,"
11582,Industrial/Commercial Sales & Service,00010214161002,"R.L. Kistler, Inc", 5615 Business Ave.,,N. Syracuse,NY ,13208,USA,,315-458-2875,"Sales,"
11582,Industrial/Commercial Sales & Service,00010208021002,Modern Group Power Systems, 2501 Durham Road,,Bristol,PA ,19007,USA,www.moderngroup.com,800-404-7291,"Sales,Service,Up To 2MW,Mobile/Diesel/Gas,Training,Rental,"
11582,Industrial/Commercial Sales & Service,00010001731002,Authorized Services Of New England, 410 Forest Street,,Marlborough,MA ,01752,USA,www.asne.com,888-890-9886,"Financing,Sales,Service,Up To 2MW,Mobile/Diesel/Gas,Training,Rental,"
11582,Industrial/Commercial Sales & Service,00010008091002,MODERN HANDLING EQUIP, 75 NEW STREET,,EDISON,NJ ,08837,USA,www.moderngroup.com,800-779-5116,"Sales,Service,Up To 2MW,Mobile/Diesel/Gas,"
11582,Industrial/Commercial Sales & Service,00010208021002,Modern Group Power Systems, 200 Allied Parkway,,West Berlin,NJ ,08091,USA,,800-404-7291,"Sales,Service,Up To 2MW,Mobile/Diesel/Gas,"
11582,Industrial/Commercial Sales & Service,00010208021002,Modern Group Power Systems, 6352 Chapmans Rd,,Allentown,PA ,18106,USA,,800-404-7291,"Sales,Service,Up To 2MW,Mobile/Diesel/Gas,"
11582,Industrial/Commercial Sales & Service,00010208021002,Modern Group Power Systems, 66A South Gate Blvd.,,New Castle,DE ,19720,USA,,800-404-7291,"Sales,Service,Up To 2MW,Mobile/Diesel/Gas,"
11582,Industrial/Commercial Sales & Service,00010208021002,Modern Group Power Systems, 295 New Commerce Blvd.,,Wilkes Barre,PA ,18706,USA,,800-404-7291,"Sales,Service,Up To 2MW,Mobile/Diesel/Gas,"
11582,Industrial/Commercial Sales & Service,00010000931002,"EMERGENCY POWER SYSTEMS, LLC", 35 HAMILTON LANE,,GLENMONT,NY ,12077,USA,,800-914-1465,"Service,Up To 2MW,Mobile/Diesel/Gas,"
11582,Industrial/Commercial Sales & Service,00010000931002,"EMERGENCY POWER SYSTEMS, LLC", 35 HAMILTON LANE,,GLENMONT,NY ,12077,USA,,800-914-1465,"Service,"
11582,Industrial/Commercial Sales & Service,00010001731002,AUTHORIZED SERVICES OF NEW ENGLAND, 410 FOREST STREET,,MARLBOROUGH,MA ,01752,USA,,888-890-9886,"Sales,"
11582,Industrial/Commercial Sales & Service,00010208021002,Modern Group Power Systems, 3480 Board Road,,York,PA ,17402,USA,,800-404-7291,"Sales,Service,Up To 2MW,Mobile/Diesel/Gas,"
11582,Industrial/Commercial Sales & Service,00010001761002,"GENSERVE, INC.", 100 NEWTOWN RD,,PLAINVIEW,NY ,11803,USA,www.genserveinc.com,631-435-0437,"Service,"
11582,Industrial/Commercial Sales & Service,00111209521002,LONG ISLAND EMERGENCY POWER -QO, 2 Ocean Avenue,,DEER PARK,NY ,11729,USA,,631-586-7513,"Sales,"
11582,Industrial/Commercial Sales & Service,00010139211002,POWERPRO SERVICE CO. INC., 608 JOHNSON AVE. UNIT 6,,BOHEMIA,NY ,11716,USA,,631-567-2700,"Sales,Service,Up To 600kW,Mobile/Diesel/Gas,"
11582,Industrial/Commercial Sales & Service,00111209531002,HUNTINGTON POWER - LONG ISLAND, PO BOX 2040,,SHELTON,CT ,06484,USA,,631-586-7513,"Sales,"
11582,Industrial/Commercial Sales & Service,00010134071002,PEAK POWER SYSTEMS, 99 SPRAGUE AVENUE,,MIDDLETOWN,NY ,10940,USA,www.peakpowersystems.com,845-344-1975,"Sales,Service,Up To 600kW,Mobile/Diesel/Gas,Rental,"
11582,Industrial/Commercial Sales & Service,00010001761002,"GENSERVE, INC.", 115A TWINBRIDGE DR.,,PENNSAUKEN,NJ ,08110,USA,www.genserveinc.com,856-324-0459,"Service,"
11582,Industrial/Commercial Sales & Service,00010001621002,BROOKFIELD SERVICE, 708 GLEBE ROAD,,WESTMORELAND,NH ,03467,USA,www.brookfieldservice.com,802-485-6567,"Service,Up To 600kW,Mobile/Diesel/Gas,"
11582,Industrial/Commercial Sales & Service,00010021101002,SOUTH SHORE GENERATOR INC-Quote, 2696A CRANBERRY HWY,,WAREHAM,MA ,02571,USA,,508-295-7336,"Sales,Service,Up To 600kW,Mobile/Diesel/Gas,"
11582,Industrial/Commercial Sales & Service,00010001701002,SOUTH SHORE GENERATOR INC, ,,EAST WAREHAM,MA ,02538,USA,,508-295-7336,"Financing,Sales,Service,Up To 600kW,Mobile/Diesel/Gas,"
11582,Industrial/Commercial Sales & Service,00111184131002,HUNTER & LOMISON, 1956 W FOURTH ST,,WILLIAMSPORT,PA ,17701,USA,www.hunterlomison.com,570-326-1764,"Sales,Service,Up To 600kW,Mobile/Diesel/Gas,Rental,"
11582,Industrial/Commercial Sales & Service,00010000881002,HUNTER & LOMISON INC., 1956 W. 4TH STREET,,WILLIAMSPORT,PA ,17701,USA,www.hunterlomison.com,570-326-1764,"Service,Up To 600kW,Mobile/Diesel/Gas,"
11582,Industrial/Commercial Sales & Service,00111207431002,WARSHAUER ELECTRIC SUPPLY CO INC, 800 SHREWSBURY AVE,,TINTON FALLS,NJ ,07724,USA,www.warshauer.com,732-741-6400,"Service,"
11582,Industrial/Commercial Sales & Service,00010157021002,Mechanical Service Co, 1145 Oak St.,,Pittston,PA ,18640,USA,,570-654-2445,"Service,"
11590,Industrial/Commercial Sales & Service,00010214161002,"R.L. KISTLER, INC.", 35 HAMILTON LANE,,GLENMONT,NY ,12077,USA,,585-436-1940,"Sales,Service,"
11590,Industrial/Commercial Sales & Service,00010001611002,Huntington Power, 230 Long Hill Cross Rd,,Shelton,CT ,06484,USA,www.huntingtonpower.com,203-929-3203,"Sales,Service,Up To 2MW,Mobile/Diesel/Gas,Training,Rental,"
11590,Industrial/Commercial Sales & Service,00010214161002,"R.L. Kistler, Inc", 300 Mile Crossing Blvd.,,Rochester,NY ,14624,USA,rlkistler.com,585-436-1940,"Sales,"
11590,Industrial/Commercial Sales & Service,00010214161002,"R.L. Kistler, Inc", 5615 Business Ave.,,N. Syracuse,NY ,13208,USA,,315-458-2875,"Sales,"
11590,Industrial/Commercial Sales & Service,00010001611002,Huntington Power, 68 Enter Ln,,Islandia,NY ,11749,USA,,631-563-4943,"Sales,Service,Up To 2MW,Mobile/Diesel/Gas,"
11590,Industrial/Commercial Sales & Service,00010001611002,Huntington Power, 34 E DUDLEY TOWN RD.,,BLOOMFIELD,CT ,06002,USA,,860-289-8790,"Sales,Service,Rental,"
11590,Industrial/Commercial Sales & Service,00010214161002,"R.L. Kistler, Inc", 5615 Business Ave.,,N. Syracuse,NY ,13208,USA,,315-458-2875,"Sales,"
11590,Industrial/Commercial Sales & Service,00010208021002,Modern Group Power Systems, 2501 Durham Road,,Bristol,PA ,19007,USA,www.moderngroup.com,800-404-7291,"Sales,Service,Up To 2MW,Mobile/Diesel/Gas,Training,Rental,"
11590,Industrial/Commercial Sales & Service,00010001731002,Authorized Services Of New England, 410 Forest Street,,Marlborough,MA ,01752,USA,www.asne.com,888-890-9886,"Financing,Sales,Service,Up To 2MW,Mobile/Diesel/Gas,Training,Rental,"
11590,Industrial/Commercial Sales & Service,00010008091002,MODERN HANDLING EQUIP, 75 NEW STREET,,EDISON,NJ ,08837,USA,www.moderngroup.com,800-779-5116,"Sales,Service,Up To 2MW,Mobile/Diesel/Gas,"
11590,Industrial/Commercial Sales & Service,00010208021002,Modern Group Power Systems, 200 Allied Parkway,,West Berlin,NJ ,08091,USA,,800-404-7291,"Sales,Service,Up To 2MW,Mobile/Diesel/Gas,"
11590,Industrial/Commercial Sales & Service,00010208021002,Modern Group Power Systems, 6352 Chapmans Rd,,Allentown,PA ,18106,USA,,800-404-7291,"Sales,Service,Up To 2MW,Mobile/Diesel/Gas,"
11590,Industrial/Commercial Sales & Service,00010208021002,Modern Group Power Systems, 295 New Commerce Blvd.,,Wilkes Barre,PA ,18706,USA,,800-404-7291,"Sales,Service,Up To 2MW,Mobile/Diesel/Gas,"
11590,Industrial/Commercial Sales & Service,00010000931002,"EMERGENCY POWER SYSTEMS, LLC", 35 HAMILTON LANE,,GLENMONT,NY ,12077,USA,,800-914-1465,"Service,Up To 2MW,Mobile/Diesel/Gas,"
11590,Industrial/Commercial Sales & Service,00010000931002,"EMERGENCY POWER SYSTEMS, LLC", 35 HAMILTON LANE,,GLENMONT,NY ,12077,USA,,800-914-1465,"Service,"
11590,Industrial/Commercial Sales & Service,00010208021002,Modern Group Power Systems, 66A South Gate Blvd.,,New Castle,DE ,19720,USA,,800-404-7291,"Sales,Service,Up To 2MW,Mobile/Diesel/Gas,"
11590,Industrial/Commercial Sales & Service,00010001731002,AUTHORIZED SERVICES OF NEW ENGLAND, 410 FOREST STREET,,MARLBOROUGH,MA ,01752,USA,,888-890-9886,"Sales,"
11590,Industrial/Commercial Sales & Service,00010208021002,Modern Group Power Systems, 3480 Board Road,,York,PA ,17402,USA,,800-404-7291,"Sales,Service,Up To 2MW,Mobile/Diesel/Gas,"
11590,Industrial/Commercial Sales & Service,00010001761002,"GENSERVE, INC.", 100 NEWTOWN RD,,PLAINVIEW,NY ,11803,USA,www.genserveinc.com,631-435-0437,"Service,"
11590,Industrial/Commercial Sales & Service,00111209521002,LONG ISLAND EMERGENCY POWER -QO, 2 Ocean Avenue,,DEER PARK,NY ,11729,USA,,631-586-7513,"Sales,"
11590,Industrial/Commercial Sales & Service,00010139211002,POWERPRO SERVICE CO. INC., 608 JOHNSON AVE. UNIT 6,,BOHEMIA,NY ,11716,USA,,631-567-2700,"Sales,Service,Up To 600kW,Mobile/Diesel/Gas,"
11590,Industrial/Commercial Sales & Service,00111209531002,HUNTINGTON POWER - LONG ISLAND, PO BOX 2040,,SHELTON,CT ,06484,USA,,631-586-7513,"Sales,"
11590,Industrial/Commercial Sales & Service,00010134071002,PEAK POWER SYSTEMS, 99 SPRAGUE AVENUE,,MIDDLETOWN,NY ,10940,USA,www.peakpowersystems.com,845-344-1975,"Sales,Service,Up To 600kW,Mobile/Diesel/Gas,Rental,"
11590,Industrial/Commercial Sales & Service,00010001761002,"GENSERVE, INC.", 115A TWINBRIDGE DR.,,PENNSAUKEN,NJ ,08110,USA,www.genserveinc.com,856-324-0459,"Service,"
11590,Industrial/Commercial Sales & Service,00010001621002,BROOKFIELD SERVICE, 708 GLEBE ROAD,,WESTMORELAND,NH ,03467,USA,www.brookfieldservice.com,802-485-6567,"Service,Up To 600kW,Mobile/Diesel/Gas,"
11590,Industrial/Commercial Sales & Service,00010021101002,SOUTH SHORE GENERATOR INC-Quote, 2696A CRANBERRY HWY,,WAREHAM,MA ,02571,USA,,508-295-7336,"Sales,Service,Up To 600kW,Mobile/Diesel/Gas,"
11590,Industrial/Commercial Sales & Service,00010001701002,SOUTH SHORE GENERATOR INC, ,,EAST WAREHAM,MA ,02538,USA,,508-295-7336,"Financing,Sales,Service,Up To 600kW,Mobile/Diesel/Gas,"
11590,Industrial/Commercial Sales & Service,00111184131002,HUNTER & LOMISON, 1956 W FOURTH ST,,WILLIAMSPORT,PA ,17701,USA,www.hunterlomison.com,570-326-1764,"Sales,Service,Up To 600kW,Mobile/Diesel/Gas,Rental,"
11590,Industrial/Commercial Sales & Service,00010000881002,HUNTER & LOMISON INC., 1956 W. 4TH STREET,,WILLIAMSPORT,PA ,17701,USA,www.hunterlomison.com,570-326-1764,"Service,Up To 600kW,Mobile/Diesel/Gas,"
11590,Industrial/Commercial Sales & Service,00111207431002,WARSHAUER ELECTRIC SUPPLY CO INC, 800 SHREWSBURY AVE,,TINTON FALLS,NJ ,07724,USA,www.warshauer.com,732-741-6400,"Service,"
11590,Industrial/Commercial Sales & Service,00010157021002,Mechanical Service Co, 1145 Oak St.,,Pittston,PA ,18640,USA,,570-654-2445,"Service,"
11596,Industrial/Commercial Sales & Service,00010001611002,Huntington Power, 230 Long Hill Cross Rd,,Shelton,CT ,06484,USA,www.huntingtonpower.com,203-929-3203,"Sales,Service,Up To 2MW,Mobile/Diesel/Gas,Training,Rental,"
11596,Industrial/Commercial Sales & Service,00010214161002,"R.L. Kistler, Inc", 300 Mile Crossing Blvd.,,Rochester,NY ,14624,USA,rlkistler.com,585-436-1940,"Sales,"
11596,Industrial/Commercial Sales & Service,00010214161002,"R.L. KISTLER, INC.", 35 HAMILTON LANE,,GLENMONT,NY ,12077,USA,,585-436-1940,"Sales,Service,"
11596,Industrial/Commercial Sales & Service,00010001611002,Huntington Power, 68 Enter Ln,,Islandia,NY ,11749,USA,,631-563-4943,"Sales,Service,Up To 2MW,Mobile/Diesel/Gas,"
11596,Industrial/Commercial Sales & Service,00010001611002,Huntington Power, 34 E DUDLEY TOWN RD.,,BLOOMFIELD,CT ,06002,USA,,860-289-8790,"Sales,Service,Rental,"
11596,Industrial/Commercial Sales & Service,00010214161002,"R.L. Kistler, Inc", 5615 Business Ave.,,N. Syracuse,NY ,13208,USA,,315-458-2875,"Sales,"
11596,Industrial/Commercial Sales & Service,00010214161002,"R.L. Kistler, Inc", 5615 Business Ave.,,N. Syracuse,NY ,13208,USA,,315-458-2875,"Sales,"
11596,Industrial/Commercial Sales & Service,00010208021002,Modern Group Power Systems, 2501 Durham Road,,Bristol,PA ,19007,USA,www.moderngroup.com,800-404-7291,"Sales,Service,Up To 2MW,Mobile/Diesel/Gas,Training,Rental,"
11596,Industrial/Commercial Sales & Service,00010001731002,Authorized Services Of New England, 410 Forest Street,,Marlborough,MA ,01752,USA,www.asne.com,888-890-9886,"Financing,Sales,Service,Up To 2MW,Mobile/Diesel/Gas,Training,Rental,"
11596,Industrial/Commercial Sales & Service,00010008091002,MODERN HANDLING EQUIP, 75 NEW STREET,,EDISON,NJ ,08837,USA,www.moderngroup.com,800-779-5116,"Sales,Service,Up To 2MW,Mobile/Diesel/Gas,"
11596,Industrial/Commercial Sales & Service,00010208021002,Modern Group Power Systems, 200 Allied Parkway,,West Berlin,NJ ,08091,USA,,800-404-7291,"Sales,Service,Up To 2MW,Mobile/Diesel/Gas,"
11596,Industrial/Commercial Sales & Service,00010208021002,Modern Group Power Systems, 6352 Chapmans Rd,,Allentown,PA ,18106,USA,,800-404-7291,"Sales,Service,Up To 2MW,Mobile/Diesel/Gas,"
11596,Industrial/Commercial Sales & Service,00010208021002,Modern Group Power Systems, 295 New Commerce Blvd.,,Wilkes Barre,PA ,18706,USA,,800-404-7291,"Sales,Service,Up To 2MW,Mobile/Diesel/Gas,"
11596,Industrial/Commercial Sales & Service,00010000931002,"EMERGENCY POWER SYSTEMS, LLC", 35 HAMILTON LANE,,GLENMONT,NY ,12077,USA,,800-914-1465,"Service,Up To 2MW,Mobile/Diesel/Gas,"
11596,Industrial/Commercial Sales & Service,00010000931002,"EMERGENCY POWER SYSTEMS, LLC", 35 HAMILTON LANE,,GLENMONT,NY ,12077,USA,,800-914-1465,"Service,"
11596,Industrial/Commercial Sales & Service,00010208021002,Modern Group Power Systems, 66A South Gate Blvd.,,New Castle,DE ,19720,USA,,800-404-7291,"Sales,Service,Up To 2MW,Mobile/Diesel/Gas,"
11596,Industrial/Commercial Sales & Service,00010001731002,AUTHORIZED SERVICES OF NEW ENGLAND, 410 FOREST STREET,,MARLBOROUGH,MA ,01752,USA,,888-890-9886,"Sales,"
11596,Industrial/Commercial Sales & Service,00010208021002,Modern Group Power Systems, 3480 Board Road,,York,PA ,17402,USA,,800-404-7291,"Sales,Service,Up To 2MW,Mobile/Diesel/Gas,"
11596,Industrial/Commercial Sales & Service,00010001761002,"GENSERVE, INC.", 100 NEWTOWN RD,,PLAINVIEW,NY ,11803,USA,www.genserveinc.com,631-435-0437,"Service,"
11596,Industrial/Commercial Sales & Service,00111209521002,LONG ISLAND EMERGENCY POWER -QO, 2 Ocean Avenue,,DEER PARK,NY ,11729,USA,,631-586-7513,"Sales,"
11596,Industrial/Commercial Sales & Service,00010139211002,POWERPRO SERVICE CO. INC., 608 JOHNSON AVE. UNIT 6,,BOHEMIA,NY ,11716,USA,,631-567-2700,"Sales,Service,Up To 600kW,Mobile/Diesel/Gas,"
11596,Industrial/Commercial Sales & Service,00111209531002,HUNTINGTON POWER - LONG ISLAND, PO BOX 2040,,SHELTON,CT ,06484,USA,,631-586-7513,"Sales,"
11596,Industrial/Commercial Sales & Service,00010134071002,PEAK POWER SYSTEMS, 99 SPRAGUE AVENUE,,MIDDLETOWN,NY ,10940,USA,www.peakpowersystems.com,845-344-1975,"Sales,Service,Up To 600kW,Mobile/Diesel/Gas,Rental,"
11596,Industrial/Commercial Sales & Service,00010001761002,"GENSERVE, INC.", 115A TWINBRIDGE DR.,,PENNSAUKEN,NJ ,08110,USA,www.genserveinc.com,856-324-0459,"Service,"
11596,Industrial/Commercial Sales & Service,00010001621002,BROOKFIELD SERVICE, 708 GLEBE ROAD,,WESTMORELAND,NH ,03467,USA,www.brookfieldservice.com,802-485-6567,"Service,Up To 600kW,Mobile/Diesel/Gas,"
11596,Industrial/Commercial Sales & Service,00010021101002,SOUTH SHORE GENERATOR INC-Quote, 2696A CRANBERRY HWY,,WAREHAM,MA ,02571,USA,,508-295-7336,"Sales,Service,Up To 600kW,Mobile/Diesel/Gas,"
11596,Industrial/Commercial Sales & Service,00010001701002,SOUTH SHORE GENERATOR INC, ,,EAST WAREHAM,MA ,02538,USA,,508-295-7336,"Financing,Sales,Service,Up To 600kW,Mobile/Diesel/Gas,"
11596,Industrial/Commercial Sales & Service,00111184131002,HUNTER & LOMISON, 1956 W FOURTH ST,,WILLIAMSPORT,PA ,17701,USA,www.hunterlomison.com,570-326-1764,"Sales,Service,Up To 600kW,Mobile/Diesel/Gas,Rental,"
11596,Industrial/Commercial Sales & Service,00010000881002,HUNTER & LOMISON INC., 1956 W. 4TH STREET,,WILLIAMSPORT,PA ,17701,USA,www.hunterlomison.com,570-326-1764,"Service,Up To 600kW,Mobile/Diesel/Gas,"
11596,Industrial/Commercial Sales & Service,00111207431002,WARSHAUER ELECTRIC SUPPLY CO INC, 800 SHREWSBURY AVE,,TINTON FALLS,NJ ,07724,USA,www.warshauer.com,732-741-6400,"Service,"
11596,Industrial/Commercial Sales & Service,00010157021002,Mechanical Service Co, 1145 Oak St.,,Pittston,PA ,18640,USA,,570-654-2445,"Service,"
11598,Industrial/Commercial Sales & Service,00010214161002,"R.L. Kistler, Inc", 300 Mile Crossing Blvd.,,Rochester,NY ,14624,USA,rlkistler.com,585-436-1940,"Sales,"
11598,Industrial/Commercial Sales & Service,00010001611002,Huntington Power, 230 Long Hill Cross Rd,,Shelton,CT ,06484,USA,www.huntingtonpower.com,203-929-3203,"Sales,Service,Up To 2MW,Mobile/Diesel/Gas,Training,Rental,"
11598,Industrial/Commercial Sales & Service,00010214161002,"R.L. KISTLER, INC.", 35 HAMILTON LANE,,GLENMONT,NY ,12077,USA,,585-436-1940,"Sales,Service,"
11598,Industrial/Commercial Sales & Service,00010214161002,"R.L. Kistler, Inc", 5615 Business Ave.,,N. Syracuse,NY ,13208,USA,,315-458-2875,"Sales,"
11598,Industrial/Commercial Sales & Service,00010001611002,Huntington Power, 68 Enter Ln,,Islandia,NY ,11749,USA,,631-563-4943,"Sales,Service,Up To 2MW,Mobile/Diesel/Gas,"
11598,Industrial/Commercial Sales & Service,00010001611002,Huntington Power, 34 E DUDLEY TOWN RD.,,BLOOMFIELD,CT ,06002,USA,,860-289-8790,"Sales,Service,Rental,"
11598,Industrial/Commercial Sales & Service,00010214161002,"R.L. Kistler, Inc", 5615 Business Ave.,,N. Syracuse,NY ,13208,USA,,315-458-2875,"Sales,"
11598,Industrial/Commercial Sales & Service,00010208021002,Modern Group Power Systems, 2501 Durham Road,,Bristol,PA ,19007,USA,www.moderngroup.com,800-404-7291,"Sales,Service,Up To 2MW,Mobile/Diesel/Gas,Training,Rental,"
11598,Industrial/Commercial Sales & Service,00010001731002,Authorized Services Of New England, 410 Forest Street,,Marlborough,MA ,01752,USA,www.asne.com,888-890-9886,"Financing,Sales,Service,Up To 2MW,Mobile/Diesel/Gas,Training,Rental,"
11598,Industrial/Commercial Sales & Service,00010008091002,MODERN HANDLING EQUIP, 75 NEW STREET,,EDISON,NJ ,08837,USA,www.moderngroup.com,800-779-5116,"Sales,Service,Up To 2MW,Mobile/Diesel/Gas,"
11598,Industrial/Commercial Sales & Service,00010208021002,Modern Group Power Systems, 200 Allied Parkway,,West Berlin,NJ ,08091,USA,,800-404-7291,"Sales,Service,Up To 2MW,Mobile/Diesel/Gas,"
11598,Industrial/Commercial Sales & Service,00010208021002,Modern Group Power Systems, 6352 Chapmans Rd,,Allentown,PA ,18106,USA,,800-404-7291,"Sales,Service,Up To 2MW,Mobile/Diesel/Gas,"
11598,Industrial/Commercial Sales & Service,00010208021002,Modern Group Power Systems, 66A South Gate Blvd.,,New Castle,DE ,19720,USA,,800-404-7291,"Sales,Service,Up To 2MW,Mobile/Diesel/Gas,"
11598,Industrial/Commercial Sales & Service,00010208021002,Modern Group Power Systems, 295 New Commerce Blvd.,,Wilkes Barre,PA ,18706,USA,,800-404-7291,"Sales,Service,Up To 2MW,Mobile/Diesel/Gas,"
11598,Industrial/Commercial Sales & Service,00010000931002,"EMERGENCY POWER SYSTEMS, LLC", 35 HAMILTON LANE,,GLENMONT,NY ,12077,USA,,800-914-1465,"Service,Up To 2MW,Mobile/Diesel/Gas,"
11598,Industrial/Commercial Sales & Service,00010000931002,"EMERGENCY POWER SYSTEMS, LLC", 35 HAMILTON LANE,,GLENMONT,NY ,12077,USA,,800-914-1465,"Service,"
11598,Industrial/Commercial Sales & Service,00010001731002,AUTHORIZED SERVICES OF NEW ENGLAND, 410 FOREST STREET,,MARLBOROUGH,MA ,01752,USA,,888-890-9886,"Sales,"
11598,Industrial/Commercial Sales & Service,00010208021002,Modern Group Power Systems, 3480 Board Road,,York,PA ,17402,USA,,800-404-7291,"Sales,Service,Up To 2MW,Mobile/Diesel/Gas,"
11598,Industrial/Commercial Sales & Service,00010001761002,"GENSERVE, INC.", 100 NEWTOWN RD,,PLAINVIEW,NY ,11803,USA,www.genserveinc.com,631-435-0437,"Service,"
11598,Industrial/Commercial Sales & Service,00111209521002,LONG ISLAND EMERGENCY POWER -QO, 2 Ocean Avenue,,DEER PARK,NY ,11729,USA,,631-586-7513,"Sales,"
11598,Industrial/Commercial Sales & Service,00010139211002,POWERPRO SERVICE CO. INC., 608 JOHNSON AVE. UNIT 6,,BOHEMIA,NY ,11716,USA,,631-567-2700,"Sales,Service,Up To 600kW,Mobile/Diesel/Gas,"
11598,Industrial/Commercial Sales & Service,00111209531002,HUNTINGTON POWER - LONG ISLAND, PO BOX 2040,,SHELTON,CT ,06484,USA,,631-586-7513,"Sales,"
11598,Industrial/Commercial Sales & Service,00010134071002,PEAK POWER SYSTEMS, 99 SPRAGUE AVENUE,,MIDDLETOWN,NY ,10940,USA,www.peakpowersystems.com,845-344-1975,"Sales,Service,Up To 600kW,Mobile/Diesel/Gas,Rental,"
11598,Industrial/Commercial Sales & Service,00010001761002,"GENSERVE, INC.", 115A TWINBRIDGE DR.,,PENNSAUKEN,NJ ,08110,USA,www.genserveinc.com,856-324-0459,"Service,"
11598,Industrial/Commercial Sales & Service,00010001621002,BROOKFIELD SERVICE, 708 GLEBE ROAD,,WESTMORELAND,NH ,03467,USA,www.brookfieldservice.com,802-485-6567,"Service,Up To 600kW,Mobile/Diesel/Gas,"
11598,Industrial/Commercial Sales & Service,00010021101002,SOUTH SHORE GENERATOR INC-Quote, 2696A CRANBERRY HWY,,WAREHAM,MA ,02571,USA,,508-295-7336,"Sales,Service,Up To 600kW,Mobile/Diesel/Gas,"
11598,Industrial/Commercial Sales & Service,00010001701002,SOUTH SHORE GENERATOR INC, ,,EAST WAREHAM,MA ,02538,USA,,508-295-7336,"Financing,Sales,Service,Up To 600kW,Mobile/Diesel/Gas,"
11598,Industrial/Commercial Sales & Service,00111184131002,HUNTER & LOMISON, 1956 W FOURTH ST,,WILLIAMSPORT,PA ,17701,USA,www.hunterlomison.com,570-326-1764,"Sales,Service,Up To 600kW,Mobile/Diesel/Gas,Rental,"
11598,Industrial/Commercial Sales & Service,00010000881002,HUNTER & LOMISON INC., 1956 W. 4TH STREET,,WILLIAMSPORT,PA ,17701,USA,www.hunterlomison.com,570-326-1764,"Service,Up To 600kW,Mobile/Diesel/Gas,"
11598,Industrial/Commercial Sales & Service,00111207431002,WARSHAUER ELECTRIC SUPPLY CO INC, 800 SHREWSBURY AVE,,TINTON FALLS,NJ ,07724,USA,www.warshauer.com,732-741-6400,"Service,"
11598,Industrial/Commercial Sales & Service,00010157021002,Mechanical Service Co, 1145 Oak St.,,Pittston,PA ,18640,USA,,570-654-2445,"Service,"
11599,Industrial/Commercial Sales & Service,00010214161002,"R.L. Kistler, Inc", 300 Mile Crossing Blvd.,,Rochester,NY ,14624,USA,rlkistler.com,585-436-1940,"Sales,"
11599,Industrial/Commercial Sales & Service,00010214161002,"R.L. KISTLER, INC.", 35 HAMILTON LANE,,GLENMONT,NY ,12077,USA,,585-436-1940,"Sales,Service,"
11599,Industrial/Commercial Sales & Service,00010001611002,Huntington Power, 230 Long Hill Cross Rd,,Shelton,CT ,06484,USA,www.huntingtonpower.com,203-929-3203,"Sales,Service,Up To 2MW,Mobile/Diesel/Gas,Training,Rental,"
11599,Industrial/Commercial Sales & Service,00010214161002,"R.L. Kistler, Inc", 5615 Business Ave.,,N. Syracuse,NY ,13208,USA,,315-458-2875,"Sales,"
11599,Industrial/Commercial Sales & Service,00010214161002,"R.L. Kistler, Inc", 5615 Business Ave.,,N. Syracuse,NY ,13208,USA,,315-458-2875,"Sales,"
11599,Industrial/Commercial Sales & Service,00010001611002,Huntington Power, 68 Enter Ln,,Islandia,NY ,11749,USA,,631-563-4943,"Sales,Service,Up To 2MW,Mobile/Diesel/Gas,"
11599,Industrial/Commercial Sales & Service,00010001611002,Huntington Power, 34 E DUDLEY TOWN RD.,,BLOOMFIELD,CT ,06002,USA,,860-289-8790,"Sales,Service,Rental,"
11599,Industrial/Commercial Sales & Service,00010208021002,Modern Group Power Systems, 2501 Durham Road,,Bristol,PA ,19007,USA,www.moderngroup.com,800-404-7291,"Sales,Service,Up To 2MW,Mobile/Diesel/Gas,Training,Rental,"
11599,Industrial/Commercial Sales & Service,00010001731002,Authorized Services Of New England, 410 Forest Street,,Marlborough,MA ,01752,USA,www.asne.com,888-890-9886,"Financing,Sales,Service,Up To 2MW,Mobile/Diesel/Gas,Training,Rental,"
11599,Industrial/Commercial Sales & Service,00010008091002,MODERN HANDLING EQUIP, 75 NEW STREET,,EDISON,NJ ,08837,USA,www.moderngroup.com,800-779-5116,"Sales,Service,Up To 2MW,Mobile/Diesel/Gas,"
11599,Industrial/Commercial Sales & Service,00010208021002,Modern Group Power Systems, 200 Allied Parkway,,West Berlin,NJ ,08091,USA,,800-404-7291,"Sales,Service,Up To 2MW,Mobile/Diesel/Gas,"
11599,Industrial/Commercial Sales & Service,00010208021002,Modern Group Power Systems, 6352 Chapmans Rd,,Allentown,PA ,18106,USA,,800-404-7291,"Sales,Service,Up To 2MW,Mobile/Diesel/Gas,"
11599,Industrial/Commercial Sales & Service,00010208021002,Modern Group Power Systems, 295 New Commerce Blvd.,,Wilkes Barre,PA ,18706,USA,,800-404-7291,"Sales,Service,Up To 2MW,Mobile/Diesel/Gas,"
11599,Industrial/Commercial Sales & Service,00010208021002,Modern Group Power Systems, 66A South Gate Blvd.,,New Castle,DE ,19720,USA,,800-404-7291,"Sales,Service,Up To 2MW,Mobile/Diesel/Gas,"
11599,Industrial/Commercial Sales & Service,00010000931002,"EMERGENCY POWER SYSTEMS, LLC", 35 HAMILTON LANE,,GLENMONT,NY ,12077,USA,,800-914-1465,"Service,Up To 2MW,Mobile/Diesel/Gas,"
11599,Industrial/Commercial Sales & Service,00010000931002,"EMERGENCY POWER SYSTEMS, LLC", 35 HAMILTON LANE,,GLENMONT,NY ,12077,USA,,800-914-1465,"Service,"
11599,Industrial/Commercial Sales & Service,00010001731002,AUTHORIZED SERVICES OF NEW ENGLAND, 410 FOREST STREET,,MARLBOROUGH,MA ,01752,USA,,888-890-9886,"Sales,"
11599,Industrial/Commercial Sales & Service,00010208021002,Modern Group Power Systems, 3480 Board Road,,York,PA ,17402,USA,,800-404-7291,"Sales,Service,Up To 2MW,Mobile/Diesel/Gas,"
11599,Industrial/Commercial Sales & Service,00010001761002,"GENSERVE, INC.", 100 NEWTOWN RD,,PLAINVIEW,NY ,11803,USA,www.genserveinc.com,631-435-0437,"Service,"
11599,Industrial/Commercial Sales & Service,00111209521002,LONG ISLAND EMERGENCY POWER -QO, 2 Ocean Avenue,,DEER PARK,NY ,11729,USA,,631-586-7513,"Sales,"
11599,Industrial/Commercial Sales & Service,00010139211002,POWERPRO SERVICE CO. INC., 608 JOHNSON AVE. UNIT 6,,BOHEMIA,NY ,11716,USA,,631-567-2700,"Sales,Service,Up To 600kW,Mobile/Diesel/Gas,"
11599,Industrial/Commercial Sales & Service,00111209531002,HUNTINGTON POWER - LONG ISLAND, PO BOX 2040,,SHELTON,CT ,06484,USA,,631-586-7513,"Sales,"
11599,Industrial/Commercial Sales & Service,00010134071002,PEAK POWER SYSTEMS, 99 SPRAGUE AVENUE,,MIDDLETOWN,NY ,10940,USA,www.peakpowersystems.com,845-344-1975,"Sales,Service,Up To 600kW,Mobile/Diesel/Gas,Rental,"
11599,Industrial/Commercial Sales & Service,00010001761002,"GENSERVE, INC.", 115A TWINBRIDGE DR.,,PENNSAUKEN,NJ ,08110,USA,www.genserveinc.com,856-324-0459,"Service,"
11599,Industrial/Commercial Sales & Service,00010001621002,BROOKFIELD SERVICE, 708 GLEBE ROAD,,WESTMORELAND,NH ,03467,USA,www.brookfieldservice.com,802-485-6567,"Service,Up To 600kW,Mobile/Diesel/Gas,"
11599,Industrial/Commercial Sales & Service,00010021101002,SOUTH SHORE GENERATOR INC-Quote, 2696A CRANBERRY HWY,,WAREHAM,MA ,02571,USA,,508-295-7336,"Sales,Service,Up To 600kW,Mobile/Diesel/Gas,"
11599,Industrial/Commercial Sales & Service,00010001701002,SOUTH SHORE GENERATOR INC, ,,EAST WAREHAM,MA ,02538,USA,,508-295-7336,"Financing,Sales,Service,Up To 600kW,Mobile/Diesel/Gas,"
11599,Industrial/Commercial Sales & Service,00111184131002,HUNTER & LOMISON, 1956 W FOURTH ST,,WILLIAMSPORT,PA ,17701,USA,www.hunterlomison.com,570-326-1764,"Sales,Service,Up To 600kW,Mobile/Diesel/Gas,Rental,"
11599,Industrial/Commercial Sales & Service,00010000881002,HUNTER & LOMISON INC., 1956 W. 4TH STREET,,WILLIAMSPORT,PA ,17701,USA,www.hunterlomison.com,570-326-1764,"Service,Up To 600kW,Mobile/Diesel/Gas,"
11599,Industrial/Commercial Sales & Service,00111207431002,WARSHAUER ELECTRIC SUPPLY CO INC, 800 SHREWSBURY AVE,,TINTON FALLS,NJ ,07724,USA,www.warshauer.com,732-741-6400,"Service,"
11599,Industrial/Commercial Sales & Service,00010157021002,Mechanical Service Co, 1145 Oak St.,,Pittston,PA ,18640,USA,,570-654-2445,"Service,"
11690,Industrial/Commercial Sales & Service,00010214161002,"R.L. Kistler, Inc", 300 Mile Crossing Blvd.,,Rochester,NY ,14624,USA,rlkistler.com,585-436-1940,"Sales,"
11690,Industrial/Commercial Sales & Service,00010214161002,"R.L. KISTLER, INC.", 35 HAMILTON LANE,,GLENMONT,NY ,12077,USA,,585-436-1940,"Sales,Service,"
11690,Industrial/Commercial Sales & Service,00010001611002,Huntington Power, 230 Long Hill Cross Rd,,Shelton,CT ,06484,USA,www.huntingtonpower.com,203-929-3203,"Sales,Service,Up To 2MW,Mobile/Diesel/Gas,Training,Rental,"
11690,Industrial/Commercial Sales & Service,00010214161002,"R.L. Kistler, Inc", 5615 Business Ave.,,N. Syracuse,NY ,13208,USA,,315-458-2875,"Sales,"
11690,Industrial/Commercial Sales & Service,00010214161002,"R.L. Kistler, Inc", 5615 Business Ave.,,N. Syracuse,NY ,13208,USA,,315-458-2875,"Sales,"
11690,Industrial/Commercial Sales & Service,00010001611002,Huntington Power, 68 Enter Ln,,Islandia,NY ,11749,USA,,631-563-4943,"Sales,Service,Up To 2MW,Mobile/Diesel/Gas,"
11690,Industrial/Commercial Sales & Service,00010001611002,Huntington Power, 34 E DUDLEY TOWN RD.,,BLOOMFIELD,CT ,06002,USA,,860-289-8790,"Sales,Service,Rental,"
11690,Industrial/Commercial Sales & Service,00010208021002,Modern Group Power Systems, 2501 Durham Road,,Bristol,PA ,19007,USA,www.moderngroup.com,800-404-7291,"Sales,Service,Up To 2MW,Mobile/Diesel/Gas,Training,Rental,"
11690,Industrial/Commercial Sales & Service,00010001731002,Authorized Services Of New England, 410 Forest Street,,Marlborough,MA ,01752,USA,www.asne.com,888-890-9886,"Financing,Sales,Service,Up To 2MW,Mobile/Diesel/Gas,Training,Rental,"
11690,Industrial/Commercial Sales & Service,00010008091002,MODERN HANDLING EQUIP, 75 NEW STREET,,EDISON,NJ ,08837,USA,www.moderngroup.com,800-779-5116,"Sales,Service,Up To 2MW,Mobile/Diesel/Gas,"
11690,Industrial/Commercial Sales & Service,00010208021002,Modern Group Power Systems, 200 Allied Parkway,,West Berlin,NJ ,08091,USA,,800-404-7291,"Sales,Service,Up To 2MW,Mobile/Diesel/Gas,"
11690,Industrial/Commercial Sales & Service,00010208021002,Modern Group Power Systems, 6352 Chapmans Rd,,Allentown,PA ,18106,USA,,800-404-7291,"Sales,Service,Up To 2MW,Mobile/Diesel/Gas,"
11690,Industrial/Commercial Sales & Service,00010208021002,Modern Group Power Systems, 66A South Gate Blvd.,,New Castle,DE ,19720,USA,,800-404-7291,"Sales,Service,Up To 2MW,Mobile/Diesel/Gas,"
11690,Industrial/Commercial Sales & Service,00010208021002,Modern Group Power Systems, 295 New Commerce Blvd.,,Wilkes Barre,PA ,18706,USA,,800-404-7291,"Sales,Service,Up To 2MW,Mobile/Diesel/Gas,"
11690,Industrial/Commercial Sales & Service,00010000931002,"EMERGENCY POWER SYSTEMS, LLC", 35 HAMILTON LANE,,GLENMONT,NY ,12077,USA,,800-914-1465,"Service,Up To 2MW,Mobile/Diesel/Gas,"
11690,Industrial/Commercial Sales & Service,00010000931002,"EMERGENCY POWER SYSTEMS, LLC", 35 HAMILTON LANE,,GLENMONT,NY ,12077,USA,,800-914-1465,"Service,"
11690,Industrial/Commercial Sales & Service,00010208021002,Modern Group Power Systems, 3480 Board Road,,York,PA ,17402,USA,,800-404-7291,"Sales,Service,Up To 2MW,Mobile/Diesel/Gas,"
11690,Industrial/Commercial Sales & Service,00010001731002,AUTHORIZED SERVICES OF NEW ENGLAND, 410 FOREST STREET,,MARLBOROUGH,MA ,01752,USA,,888-890-9886,"Sales,"
11690,Industrial/Commercial Sales & Service,00010001761002,"GENSERVE, INC.", 100 NEWTOWN RD,,PLAINVIEW,NY ,11803,USA,www.genserveinc.com,631-435-0437,"Service,"
11690,Industrial/Commercial Sales & Service,00111209521002,LONG ISLAND EMERGENCY POWER -QO, 2 Ocean Avenue,,DEER PARK,NY ,11729,USA,,631-586-7513,"Sales,"
11690,Industrial/Commercial Sales & Service,00010139211002,POWERPRO SERVICE CO. INC., 608 JOHNSON AVE. UNIT 6,,BOHEMIA,NY ,11716,USA,,631-567-2700,"Sales,Service,Up To 600kW,Mobile/Diesel/Gas,"
11690,Industrial/Commercial Sales & Service,00111209531002,HUNTINGTON POWER - LONG ISLAND, PO BOX 2040,,SHELTON,CT ,06484,USA,,631-586-7513,"Sales,"
11690,Industrial/Commercial Sales & Service,00010134071002,PEAK POWER SYSTEMS, 99 SPRAGUE AVENUE,,MIDDLETOWN,NY ,10940,USA,www.peakpowersystems.com,845-344-1975,"Sales,Service,Up To 600kW,Mobile/Diesel/Gas,Rental,"
11690,Industrial/Commercial Sales & Service,00010001761002,"GENSERVE, INC.", 115A TWINBRIDGE DR.,,PENNSAUKEN,NJ ,08110,USA,www.genserveinc.com,856-324-0459,"Service,"
11690,Industrial/Commercial Sales & Service,00111184131002,HUNTER & LOMISON, 1956 W FOURTH ST,,WILLIAMSPORT,PA ,17701,USA,www.hunterlomison.com,570-326-1764,"Sales,Service,Up To 600kW,Mobile/Diesel/Gas,Rental,"
11690,Industrial/Commercial Sales & Service,00010000881002,HUNTER & LOMISON INC., 1956 W. 4TH STREET,,WILLIAMSPORT,PA ,17701,USA,www.hunterlomison.com,570-326-1764,"Service,Up To 600kW,Mobile/Diesel/Gas,"
11690,Industrial/Commercial Sales & Service,00010001621002,BROOKFIELD SERVICE, 708 GLEBE ROAD,,WESTMORELAND,NH ,03467,USA,www.brookfieldservice.com,802-485-6567,"Service,Up To 600kW,Mobile/Diesel/Gas,"
11690,Industrial/Commercial Sales & Service,00010021101002,SOUTH SHORE GENERATOR INC-Quote, 2696A CRANBERRY HWY,,WAREHAM,MA ,02571,USA,,508-295-7336,"Sales,Service,Up To 600kW,Mobile/Diesel/Gas,"
11690,Industrial/Commercial Sales & Service,00010001701002,SOUTH SHORE GENERATOR INC, ,,EAST WAREHAM,MA ,02538,USA,,508-295-7336,"Financing,Sales,Service,Up To 600kW,Mobile/Diesel/Gas,"
11690,Industrial/Commercial Sales & Service,00111207431002,WARSHAUER ELECTRIC SUPPLY CO INC, 800 SHREWSBURY AVE,,TINTON FALLS,NJ ,07724,USA,www.warshauer.com,732-741-6400,"Service,"
11690,Industrial/Commercial Sales & Service,00010157021002,Mechanical Service Co, 1145 Oak St.,,Pittston,PA ,18640,USA,,570-654-2445,"Service,"
11691,Industrial/Commercial Sales & Service,00010214161002,"R.L. KISTLER, INC.", 35 HAMILTON LANE,,GLENMONT,NY ,12077,USA,,585-436-1940,"Sales,Service,"
11691,Industrial/Commercial Sales & Service,00010214161002,"R.L. Kistler, Inc", 300 Mile Crossing Blvd.,,Rochester,NY ,14624,USA,rlkistler.com,585-436-1940,"Sales,"
11691,Industrial/Commercial Sales & Service,00010001611002,Huntington Power, 230 Long Hill Cross Rd,,Shelton,CT ,06484,USA,www.huntingtonpower.com,203-929-3203,"Sales,Service,Up To 2MW,Mobile/Diesel/Gas,Training,Rental,"
11691,Industrial/Commercial Sales & Service,00010214161002,"R.L. Kistler, Inc", 5615 Business Ave.,,N. Syracuse,NY ,13208,USA,,315-458-2875,"Sales,"
11691,Industrial/Commercial Sales & Service,00010214161002,"R.L. Kistler, Inc", 5615 Business Ave.,,N. Syracuse,NY ,13208,USA,,315-458-2875,"Sales,"
11691,Industrial/Commercial Sales & Service,00010001611002,Huntington Power, 68 Enter Ln,,Islandia,NY ,11749,USA,,631-563-4943,"Sales,Service,Up To 2MW,Mobile/Diesel/Gas,"
11691,Industrial/Commercial Sales & Service,00010001611002,Huntington Power, 34 E DUDLEY TOWN RD.,,BLOOMFIELD,CT ,06002,USA,,860-289-8790,"Sales,Service,Rental,"
11691,Industrial/Commercial Sales & Service,00010208021002,Modern Group Power Systems, 2501 Durham Road,,Bristol,PA ,19007,USA,www.moderngroup.com,800-404-7291,"Sales,Service,Up To 2MW,Mobile/Diesel/Gas,Training,Rental,"
11691,Industrial/Commercial Sales & Service,00010001731002,Authorized Services Of New England, 410 Forest Street,,Marlborough,MA ,01752,USA,www.asne.com,888-890-9886,"Financing,Sales,Service,Up To 2MW,Mobile/Diesel/Gas,Training,Rental,"
11691,Industrial/Commercial Sales & Service,00010008091002,MODERN HANDLING EQUIP, 75 NEW STREET,,EDISON,NJ ,08837,USA,www.moderngroup.com,800-779-5116,"Sales,Service,Up To 2MW,Mobile/Diesel/Gas,"
11691,Industrial/Commercial Sales & Service,00010208021002,Modern Group Power Systems, 200 Allied Parkway,,West Berlin,NJ ,08091,USA,,800-404-7291,"Sales,Service,Up To 2MW,Mobile/Diesel/Gas,"
11691,Industrial/Commercial Sales & Service,00010208021002,Modern Group Power Systems, 6352 Chapmans Rd,,Allentown,PA ,18106,USA,,800-404-7291,"Sales,Service,Up To 2MW,Mobile/Diesel/Gas,"
11691,Industrial/Commercial Sales & Service,00010208021002,Modern Group Power Systems, 66A South Gate Blvd.,,New Castle,DE ,19720,USA,,800-404-7291,"Sales,Service,Up To 2MW,Mobile/Diesel/Gas,"
11691,Industrial/Commercial Sales & Service,00010208021002,Modern Group Power Systems, 295 New Commerce Blvd.,,Wilkes Barre,PA ,18706,USA,,800-404-7291,"Sales,Service,Up To 2MW,Mobile/Diesel/Gas,"
11691,Industrial/Commercial Sales & Service,00010000931002,"EMERGENCY POWER SYSTEMS, LLC", 35 HAMILTON LANE,,GLENMONT,NY ,12077,USA,,800-914-1465,"Service,Up To 2MW,Mobile/Diesel/Gas,"
11691,Industrial/Commercial Sales & Service,00010000931002,"EMERGENCY POWER SYSTEMS, LLC", 35 HAMILTON LANE,,GLENMONT,NY ,12077,USA,,800-914-1465,"Service,"
11691,Industrial/Commercial Sales & Service,00010208021002,Modern Group Power Systems, 3480 Board Road,,York,PA ,17402,USA,,800-404-7291,"Sales,Service,Up To 2MW,Mobile/Diesel/Gas,"
11691,Industrial/Commercial Sales & Service,00010001731002,AUTHORIZED SERVICES OF NEW ENGLAND, 410 FOREST STREET,,MARLBOROUGH,MA ,01752,USA,,888-890-9886,"Sales,"
11691,Industrial/Commercial Sales & Service,00010001761002,"GENSERVE, INC.", 100 NEWTOWN RD,,PLAINVIEW,NY ,11803,USA,www.genserveinc.com,631-435-0437,"Service,"
11691,Industrial/Commercial Sales & Service,00111209521002,LONG ISLAND EMERGENCY POWER -QO, 2 Ocean Avenue,,DEER PARK,NY ,11729,USA,,631-586-7513,"Sales,"
11691,Industrial/Commercial Sales & Service,00010139211002,POWERPRO SERVICE CO. INC., 608 JOHNSON AVE. UNIT 6,,BOHEMIA,NY ,11716,USA,,631-567-2700,"Sales,Service,Up To 600kW,Mobile/Diesel/Gas,"
11691,Industrial/Commercial Sales & Service,00111209531002,HUNTINGTON POWER - LONG ISLAND, PO BOX 2040,,SHELTON,CT ,06484,USA,,631-586-7513,"Sales,"
11691,Industrial/Commercial Sales & Service,00010134071002,PEAK POWER SYSTEMS, 99 SPRAGUE AVENUE,,MIDDLETOWN,NY ,10940,USA,www.peakpowersystems.com,845-344-1975,"Sales,Service,Up To 600kW,Mobile/Diesel/Gas,Rental,"
11691,Industrial/Commercial Sales & Service,00010001761002,"GENSERVE, INC.", 115A TWINBRIDGE DR.,,PENNSAUKEN,NJ ,08110,USA,www.genserveinc.com,856-324-0459,"Service,"
11691,Industrial/Commercial Sales & Service,00111184131002,HUNTER & LOMISON, 1956 W FOURTH ST,,WILLIAMSPORT,PA ,17701,USA,www.hunterlomison.com,570-326-1764,"Sales,Service,Up To 600kW,Mobile/Diesel/Gas,Rental,"
11691,Industrial/Commercial Sales & Service,00010000881002,HUNTER & LOMISON INC., 1956 W. 4TH STREET,,WILLIAMSPORT,PA ,17701,USA,www.hunterlomison.com,570-326-1764,"Service,Up To 600kW,Mobile/Diesel/Gas,"
11691,Industrial/Commercial Sales & Service,00010001621002,BROOKFIELD SERVICE, 708 GLEBE ROAD,,WESTMORELAND,NH ,03467,USA,www.brookfieldservice.com,802-485-6567,"Service,Up To 600kW,Mobile/Diesel/Gas,"
11691,Industrial/Commercial Sales & Service,00010021101002,SOUTH SHORE GENERATOR INC-Quote, 2696A CRANBERRY HWY,,WAREHAM,MA ,02571,USA,,508-295-7336,"Sales,Service,Up To 600kW,Mobile/Diesel/Gas,"
11691,Industrial/Commercial Sales & Service,00010001701002,SOUTH SHORE GENERATOR INC, ,,EAST WAREHAM,MA ,02538,USA,,508-295-7336,"Financing,Sales,Service,Up To 600kW,Mobile/Diesel/Gas,"
11691,Industrial/Commercial Sales & Service,00111207431002,WARSHAUER ELECTRIC SUPPLY CO INC, 800 SHREWSBURY AVE,,TINTON FALLS,NJ ,07724,USA,www.warshauer.com,732-741-6400,"Service,"
11691,Industrial/Commercial Sales & Service,00010157021002,Mechanical Service Co, 1145 Oak St.,,Pittston,PA ,18640,USA,,570-654-2445,"Service,"
11692,Industrial/Commercial Sales & Service,00010001611002,Huntington Power, 230 Long Hill Cross Rd,,Shelton,CT ,06484,USA,www.huntingtonpower.com,203-929-3203,"Sales,Service,Up To 2MW,Mobile/Diesel/Gas,Training,Rental,"
11692,Industrial/Commercial Sales & Service,00010214161002,"R.L. Kistler, Inc", 300 Mile Crossing Blvd.,,Rochester,NY ,14624,USA,rlkistler.com,585-436-1940,"Sales,"
11692,Industrial/Commercial Sales & Service,00010214161002,"R.L. KISTLER, INC.", 35 HAMILTON LANE,,GLENMONT,NY ,12077,USA,,585-436-1940,"Sales,Service,"
11692,Industrial/Commercial Sales & Service,00010001611002,Huntington Power, 68 Enter Ln,,Islandia,NY ,11749,USA,,631-563-4943,"Sales,Service,Up To 2MW,Mobile/Diesel/Gas,"
11692,Industrial/Commercial Sales & Service,00010001611002,Huntington Power, 34 E DUDLEY TOWN RD.,,BLOOMFIELD,CT ,06002,USA,,860-289-8790,"Sales,Service,Rental,"
11692,Industrial/Commercial Sales & Service,00010214161002,"R.L. Kistler, Inc", 5615 Business Ave.,,N. Syracuse,NY ,13208,USA,,315-458-2875,"Sales,"
11692,Industrial/Commercial Sales & Service,00010214161002,"R.L. Kistler, Inc", 5615 Business Ave.,,N. Syracuse,NY ,13208,USA,,315-458-2875,"Sales,"
11692,Industrial/Commercial Sales & Service,00010208021002,Modern Group Power Systems, 2501 Durham Road,,Bristol,PA ,19007,USA,www.moderngroup.com,800-404-7291,"Sales,Service,Up To 2MW,Mobile/Diesel/Gas,Training,Rental,"
11692,Industrial/Commercial Sales & Service,00010001731002,Authorized Services Of New England, 410 Forest Street,,Marlborough,MA ,01752,USA,www.asne.com,888-890-9886,"Financing,Sales,Service,Up To 2MW,Mobile/Diesel/Gas,Training,Rental,"
11692,Industrial/Commercial Sales & Service,00010008091002,MODERN HANDLING EQUIP, 75 NEW STREET,,EDISON,NJ ,08837,USA,www.moderngroup.com,800-779-5116,"Sales,Service,Up To 2MW,Mobile/Diesel/Gas,"
11692,Industrial/Commercial Sales & Service,00010208021002,Modern Group Power Systems, 200 Allied Parkway,,West Berlin,NJ ,08091,USA,,800-404-7291,"Sales,Service,Up To 2MW,Mobile/Diesel/Gas,"
11692,Industrial/Commercial Sales & Service,00010208021002,Modern Group Power Systems, 6352 Chapmans Rd,,Allentown,PA ,18106,USA,,800-404-7291,"Sales,Service,Up To 2MW,Mobile/Diesel/Gas,"
11692,Industrial/Commercial Sales & Service,00010208021002,Modern Group Power Systems, 66A South Gate Blvd.,,New Castle,DE ,19720,USA,,800-404-7291,"Sales,Service,Up To 2MW,Mobile/Diesel/Gas,"
11692,Industrial/Commercial Sales & Service,00010208021002,Modern Group Power Systems, 295 New Commerce Blvd.,,Wilkes Barre,PA ,18706,USA,,800-404-7291,"Sales,Service,Up To 2MW,Mobile/Diesel/Gas,"
11692,Industrial/Commercial Sales & Service,00010000931002,"EMERGENCY POWER SYSTEMS, LLC", 35 HAMILTON LANE,,GLENMONT,NY ,12077,USA,,800-914-1465,"Service,Up To 2MW,Mobile/Diesel/Gas,"
11692,Industrial/Commercial Sales & Service,00010000931002,"EMERGENCY POWER SYSTEMS, LLC", 35 HAMILTON LANE,,GLENMONT,NY ,12077,USA,,800-914-1465,"Service,"
11692,Industrial/Commercial Sales & Service,00010208021002,Modern Group Power Systems, 3480 Board Road,,York,PA ,17402,USA,,800-404-7291,"Sales,Service,Up To 2MW,Mobile/Diesel/Gas,"
11692,Industrial/Commercial Sales & Service,00010001731002,AUTHORIZED SERVICES OF NEW ENGLAND, 410 FOREST STREET,,MARLBOROUGH,MA ,01752,USA,,888-890-9886,"Sales,"
11692,Industrial/Commercial Sales & Service,00010001691002,Kelly Generator & Equipment, 1955 Dale Ln,,Owings,MD ,20736,USA,www.kge.com,410-257-5225,"Sales,Service,Up To 2MW,Mobile/Diesel/Gas,Training,Rental,"
11692,Industrial/Commercial Sales & Service,00010001761002,"GENSERVE, INC.", 100 NEWTOWN RD,,PLAINVIEW,NY ,11803,USA,www.genserveinc.com,631-435-0437,"Service,"
11692,Industrial/Commercial Sales & Service,00111209521002,LONG ISLAND EMERGENCY POWER -QO, 2 Ocean Avenue,,DEER PARK,NY ,11729,USA,,631-586-7513,"Sales,"
11692,Industrial/Commercial Sales & Service,00010139211002,POWERPRO SERVICE CO. INC., 608 JOHNSON AVE. UNIT 6,,BOHEMIA,NY ,11716,USA,,631-567-2700,"Sales,Service,Up To 600kW,Mobile/Diesel/Gas,"
11692,Industrial/Commercial Sales & Service,00111209531002,HUNTINGTON POWER - LONG ISLAND, PO BOX 2040,,SHELTON,CT ,06484,USA,,631-586-7513,"Sales,"
11692,Industrial/Commercial Sales & Service,00010134071002,PEAK POWER SYSTEMS, 99 SPRAGUE AVENUE,,MIDDLETOWN,NY ,10940,USA,www.peakpowersystems.com,845-344-1975,"Sales,Service,Up To 600kW,Mobile/Diesel/Gas,Rental,"
11692,Industrial/Commercial Sales & Service,00010001761002,"GENSERVE, INC.", 115A TWINBRIDGE DR.,,PENNSAUKEN,NJ ,08110,USA,www.genserveinc.com,856-324-0459,"Service,"
11692,Industrial/Commercial Sales & Service,00111184131002,HUNTER & LOMISON, 1956 W FOURTH ST,,WILLIAMSPORT,PA ,17701,USA,www.hunterlomison.com,570-326-1764,"Sales,Service,Up To 600kW,Mobile/Diesel/Gas,Rental,"
11692,Industrial/Commercial Sales & Service,00010000881002,HUNTER & LOMISON INC., 1956 W. 4TH STREET,,WILLIAMSPORT,PA ,17701,USA,www.hunterlomison.com,570-326-1764,"Service,Up To 600kW,Mobile/Diesel/Gas,"
11692,Industrial/Commercial Sales & Service,00010001621002,BROOKFIELD SERVICE, 708 GLEBE ROAD,,WESTMORELAND,NH ,03467,USA,www.brookfieldservice.com,802-485-6567,"Service,Up To 600kW,Mobile/Diesel/Gas,"
11692,Industrial/Commercial Sales & Service,00010021101002,SOUTH SHORE GENERATOR INC-Quote, 2696A CRANBERRY HWY,,WAREHAM,MA ,02571,USA,,508-295-7336,"Sales,Service,Up To 600kW,Mobile/Diesel/Gas,"
11692,Industrial/Commercial Sales & Service,00010001701002,SOUTH SHORE GENERATOR INC, ,,EAST WAREHAM,MA ,02538,USA,,508-295-7336,"Financing,Sales,Service,Up To 600kW,Mobile/Diesel/Gas,"
11692,Industrial/Commercial Sales & Service,00111207431002,WARSHAUER ELECTRIC SUPPLY CO INC, 800 SHREWSBURY AVE,,TINTON FALLS,NJ ,07724,USA,www.warshauer.com,732-741-6400,"Service,"
11692,Industrial/Commercial Sales & Service,00010157021002,Mechanical Service Co, 1145 Oak St.,,Pittston,PA ,18640,USA,,570-654-2445,"Service,"
11693,Industrial/Commercial Sales & Service,00010214161002,"R.L. KISTLER, INC.", 35 HAMILTON LANE,,GLENMONT,NY ,12077,USA,,585-436-1940,"Sales,Service,"
11693,Industrial/Commercial Sales & Service,00010001611002,Huntington Power, 230 Long Hill Cross Rd,,Shelton,CT ,06484,USA,www.huntingtonpower.com,203-929-3203,"Sales,Service,Up To 2MW,Mobile/Diesel/Gas,Training,Rental,"
11693,Industrial/Commercial Sales & Service,00010214161002,"R.L. Kistler, Inc", 300 Mile Crossing Blvd.,,Rochester,NY ,14624,USA,rlkistler.com,585-436-1940,"Sales,"
11693,Industrial/Commercial Sales & Service,00010214161002,"R.L. Kistler, Inc", 5615 Business Ave.,,N. Syracuse,NY ,13208,USA,,315-458-2875,"Sales,"
11693,Industrial/Commercial Sales & Service,00010001611002,Huntington Power, 68 Enter Ln,,Islandia,NY ,11749,USA,,631-563-4943,"Sales,Service,Up To 2MW,Mobile/Diesel/Gas,"
11693,Industrial/Commercial Sales & Service,00010001611002,Huntington Power, 34 E DUDLEY TOWN RD.,,BLOOMFIELD,CT ,06002,USA,,860-289-8790,"Sales,Service,Rental,"
11693,Industrial/Commercial Sales & Service,00010214161002,"R.L. Kistler, Inc", 5615 Business Ave.,,N. Syracuse,NY ,13208,USA,,315-458-2875,"Sales,"
11693,Industrial/Commercial Sales & Service,00010208021002,Modern Group Power Systems, 2501 Durham Road,,Bristol,PA ,19007,USA,www.moderngroup.com,800-404-7291,"Sales,Service,Up To 2MW,Mobile/Diesel/Gas,Training,Rental,"
11693,Industrial/Commercial Sales & Service,00010001731002,Authorized Services Of New England, 410 Forest Street,,Marlborough,MA ,01752,USA,www.asne.com,888-890-9886,"Financing,Sales,Service,Up To 2MW,Mobile/Diesel/Gas,Training,Rental,"
11693,Industrial/Commercial Sales & Service,00010008091002,MODERN HANDLING EQUIP, 75 NEW STREET,,EDISON,NJ ,08837,USA,www.moderngroup.com,800-779-5116,"Sales,Service,Up To 2MW,Mobile/Diesel/Gas,"
11693,Industrial/Commercial Sales & Service,00010208021002,Modern Group Power Systems, 200 Allied Parkway,,West Berlin,NJ ,08091,USA,,800-404-7291,"Sales,Service,Up To 2MW,Mobile/Diesel/Gas,"
11693,Industrial/Commercial Sales & Service,00010208021002,Modern Group Power Systems, 6352 Chapmans Rd,,Allentown,PA ,18106,USA,,800-404-7291,"Sales,Service,Up To 2MW,Mobile/Diesel/Gas,"
11693,Industrial/Commercial Sales & Service,00010208021002,Modern Group Power Systems, 66A South Gate Blvd.,,New Castle,DE ,19720,USA,,800-404-7291,"Sales,Service,Up To 2MW,Mobile/Diesel/Gas,"
11693,Industrial/Commercial Sales & Service,00010208021002,Modern Group Power Systems, 295 New Commerce Blvd.,,Wilkes Barre,PA ,18706,USA,,800-404-7291,"Sales,Service,Up To 2MW,Mobile/Diesel/Gas,"
11693,Industrial/Commercial Sales & Service,00010000931002,"EMERGENCY POWER SYSTEMS, LLC", 35 HAMILTON LANE,,GLENMONT,NY ,12077,USA,,800-914-1465,"Service,Up To 2MW,Mobile/Diesel/Gas,"
11693,Industrial/Commercial Sales & Service,00010000931002,"EMERGENCY POWER SYSTEMS, LLC", 35 HAMILTON LANE,,GLENMONT,NY ,12077,USA,,800-914-1465,"Service,"
11693,Industrial/Commercial Sales & Service,00010208021002,Modern Group Power Systems, 3480 Board Road,,York,PA ,17402,USA,,800-404-7291,"Sales,Service,Up To 2MW,Mobile/Diesel/Gas,"
11693,Industrial/Commercial Sales & Service,00010001731002,AUTHORIZED SERVICES OF NEW ENGLAND, 410 FOREST STREET,,MARLBOROUGH,MA ,01752,USA,,888-890-9886,"Sales,"
11693,Industrial/Commercial Sales & Service,00010001691002,Kelly Generator & Equipment, 1955 Dale Ln,,Owings,MD ,20736,USA,www.kge.com,410-257-5225,"Sales,Service,Up To 2MW,Mobile/Diesel/Gas,Training,Rental,"
11693,Industrial/Commercial Sales & Service,00010001761002,"GENSERVE, INC.", 100 NEWTOWN RD,,PLAINVIEW,NY ,11803,USA,www.genserveinc.com,631-435-0437,"Service,"
11693,Industrial/Commercial Sales & Service,00111209521002,LONG ISLAND EMERGENCY POWER -QO, 2 Ocean Avenue,,DEER PARK,NY ,11729,USA,,631-586-7513,"Sales,"
11693,Industrial/Commercial Sales & Service,00010139211002,POWERPRO SERVICE CO. INC., 608 JOHNSON AVE. UNIT 6,,BOHEMIA,NY ,11716,USA,,631-567-2700,"Sales,Service,Up To 600kW,Mobile/Diesel/Gas,"
11693,Industrial/Commercial Sales & Service,00111209531002,HUNTINGTON POWER - LONG ISLAND, PO BOX 2040,,SHELTON,CT ,06484,USA,,631-586-7513,"Sales,"
11693,Industrial/Commercial Sales & Service,00010134071002,PEAK POWER SYSTEMS, 99 SPRAGUE AVENUE,,MIDDLETOWN,NY ,10940,USA,www.peakpowersystems.com,845-344-1975,"Sales,Service,Up To 600kW,Mobile/Diesel/Gas,Rental,"
11693,Industrial/Commercial Sales & Service,00010001761002,"GENSERVE, INC.", 115A TWINBRIDGE DR.,,PENNSAUKEN,NJ ,08110,USA,www.genserveinc.com,856-324-0459,"Service,"
11693,Industrial/Commercial Sales & Service,00111184131002,HUNTER & LOMISON, 1956 W FOURTH ST,,WILLIAMSPORT,PA ,17701,USA,www.hunterlomison.com,570-326-1764,"Sales,Service,Up To 600kW,Mobile/Diesel/Gas,Rental,"
11693,Industrial/Commercial Sales & Service,00010000881002,HUNTER & LOMISON INC., 1956 W. 4TH STREET,,WILLIAMSPORT,PA ,17701,USA,www.hunterlomison.com,570-326-1764,"Service,Up To 600kW,Mobile/Diesel/Gas,"
11693,Industrial/Commercial Sales & Service,00010001621002,BROOKFIELD SERVICE, 708 GLEBE ROAD,,WESTMORELAND,NH ,03467,USA,www.brookfieldservice.com,802-485-6567,"Service,Up To 600kW,Mobile/Diesel/Gas,"
11693,Industrial/Commercial Sales & Service,00010021101002,SOUTH SHORE GENERATOR INC-Quote, 2696A CRANBERRY HWY,,WAREHAM,MA ,02571,USA,,508-295-7336,"Sales,Service,Up To 600kW,Mobile/Diesel/Gas,"
11693,Industrial/Commercial Sales & Service,00010001701002,SOUTH SHORE GENERATOR INC, ,,EAST WAREHAM,MA ,02538,USA,,508-295-7336,"Financing,Sales,Service,Up To 600kW,Mobile/Diesel/Gas,"
11693,Industrial/Commercial Sales & Service,00111207431002,WARSHAUER ELECTRIC SUPPLY CO INC, 800 SHREWSBURY AVE,,TINTON FALLS,NJ ,07724,USA,www.warshauer.com,732-741-6400,"Service,"
11693,Industrial/Commercial Sales & Service,00010157021002,Mechanical Service Co, 1145 Oak St.,,Pittston,PA ,18640,USA,,570-654-2445,"Service,"
11694,Industrial/Commercial Sales & Service,00010214161002,"R.L. KISTLER, INC.", 35 HAMILTON LANE,,GLENMONT,NY ,12077,USA,,585-436-1940,"Sales,Service,"
11694,Industrial/Commercial Sales & Service,00010001611002,Huntington Power, 230 Long Hill Cross Rd,,Shelton,CT ,06484,USA,www.huntingtonpower.com,203-929-3203,"Sales,Service,Up To 2MW,Mobile/Diesel/Gas,Training,Rental,"
11694,Industrial/Commercial Sales & Service,00010214161002,"R.L. Kistler, Inc", 300 Mile Crossing Blvd.,,Rochester,NY ,14624,USA,rlkistler.com,585-436-1940,"Sales,"
11694,Industrial/Commercial Sales & Service,00010214161002,"R.L. Kistler, Inc", 5615 Business Ave.,,N. Syracuse,NY ,13208,USA,,315-458-2875,"Sales,"
11694,Industrial/Commercial Sales & Service,00010001611002,Huntington Power, 68 Enter Ln,,Islandia,NY ,11749,USA,,631-563-4943,"Sales,Service,Up To 2MW,Mobile/Diesel/Gas,"
11694,Industrial/Commercial Sales & Service,00010001611002,Huntington Power, 34 E DUDLEY TOWN RD.,,BLOOMFIELD,CT ,06002,USA,,860-289-8790,"Sales,Service,Rental,"
11694,Industrial/Commercial Sales & Service,00010214161002,"R.L. Kistler, Inc", 5615 Business Ave.,,N. Syracuse,NY ,13208,USA,,315-458-2875,"Sales,"
11694,Industrial/Commercial Sales & Service,00010208021002,Modern Group Power Systems, 2501 Durham Road,,Bristol,PA ,19007,USA,www.moderngroup.com,800-404-7291,"Sales,Service,Up To 2MW,Mobile/Diesel/Gas,Training,Rental,"
11694,Industrial/Commercial Sales & Service,00010001731002,Authorized Services Of New England, 410 Forest Street,,Marlborough,MA ,01752,USA,www.asne.com,888-890-9886,"Financing,Sales,Service,Up To 2MW,Mobile/Diesel/Gas,Training,Rental,"
11694,Industrial/Commercial Sales & Service,00010008091002,MODERN HANDLING EQUIP, 75 NEW STREET,,EDISON,NJ ,08837,USA,www.moderngroup.com,800-779-5116,"Sales,Service,Up To 2MW,Mobile/Diesel/Gas,"
11694,Industrial/Commercial Sales & Service,00010208021002,Modern Group Power Systems, 200 Allied Parkway,,West Berlin,NJ ,08091,USA,,800-404-7291,"Sales,Service,Up To 2MW,Mobile/Diesel/Gas,"
11694,Industrial/Commercial Sales & Service,00010208021002,Modern Group Power Systems, 6352 Chapmans Rd,,Allentown,PA ,18106,USA,,800-404-7291,"Sales,Service,Up To 2MW,Mobile/Diesel/Gas,"
11694,Industrial/Commercial Sales & Service,00010208021002,Modern Group Power Systems, 66A South Gate Blvd.,,New Castle,DE ,19720,USA,,800-404-7291,"Sales,Service,Up To 2MW,Mobile/Diesel/Gas,"
11694,Industrial/Commercial Sales & Service,00010208021002,Modern Group Power Systems, 295 New Commerce Blvd.,,Wilkes Barre,PA ,18706,USA,,800-404-7291,"Sales,Service,Up To 2MW,Mobile/Diesel/Gas,"
11694,Industrial/Commercial Sales & Service,00010000931002,"EMERGENCY POWER SYSTEMS, LLC", 35 HAMILTON LANE,,GLENMONT,NY ,12077,USA,,800-914-1465,"Service,Up To 2MW,Mobile/Diesel/Gas,"
11694,Industrial/Commercial Sales & Service,00010000931002,"EMERGENCY POWER SYSTEMS, LLC", 35 HAMILTON LANE,,GLENMONT,NY ,12077,USA,,800-914-1465,"Service,"
11694,Industrial/Commercial Sales & Service,00010208021002,Modern Group Power Systems, 3480 Board Road,,York,PA ,17402,USA,,800-404-7291,"Sales,Service,Up To 2MW,Mobile/Diesel/Gas,"
11694,Industrial/Commercial Sales & Service,00010001731002,AUTHORIZED SERVICES OF NEW ENGLAND, 410 FOREST STREET,,MARLBOROUGH,MA ,01752,USA,,888-890-9886,"Sales,"
11694,Industrial/Commercial Sales & Service,00010001691002,Kelly Generator & Equipment, 1955 Dale Ln,,Owings,MD ,20736,USA,www.kge.com,410-257-5225,"Sales,Service,Up To 2MW,Mobile/Diesel/Gas,Training,Rental,"
11694,Industrial/Commercial Sales & Service,00010001761002,"GENSERVE, INC.", 100 NEWTOWN RD,,PLAINVIEW,NY ,11803,USA,www.genserveinc.com,631-435-0437,"Service,"
11694,Industrial/Commercial Sales & Service,00111209521002,LONG ISLAND EMERGENCY POWER -QO, 2 Ocean Avenue,,DEER PARK,NY ,11729,USA,,631-586-7513,"Sales,"
11694,Industrial/Commercial Sales & Service,00010139211002,POWERPRO SERVICE CO. INC., 608 JOHNSON AVE. UNIT 6,,BOHEMIA,NY ,11716,USA,,631-567-2700,"Sales,Service,Up To 600kW,Mobile/Diesel/Gas,"
11694,Industrial/Commercial Sales & Service,00111209531002,HUNTINGTON POWER - LONG ISLAND, PO BOX 2040,,SHELTON,CT ,06484,USA,,631-586-7513,"Sales,"
11694,Industrial/Commercial Sales & Service,00010134071002,PEAK POWER SYSTEMS, 99 SPRAGUE AVENUE,,MIDDLETOWN,NY ,10940,USA,www.peakpowersystems.com,845-344-1975,"Sales,Service,Up To 600kW,Mobile/Diesel/Gas,Rental,"
11694,Industrial/Commercial Sales & Service,00010001761002,"GENSERVE, INC.", 115A TWINBRIDGE DR.,,PENNSAUKEN,NJ ,08110,USA,www.genserveinc.com,856-324-0459,"Service,"
11694,Industrial/Commercial Sales & Service,00111184131002,HUNTER & LOMISON, 1956 W FOURTH ST,,WILLIAMSPORT,PA ,17701,USA,www.hunterlomison.com,570-326-1764,"Sales,Service,Up To 600kW,Mobile/Diesel/Gas,Rental,"
11694,Industrial/Commercial Sales & Service,00010000881002,HUNTER & LOMISON INC., 1956 W. 4TH STREET,,WILLIAMSPORT,PA ,17701,USA,www.hunterlomison.com,570-326-1764,"Service,Up To 600kW,Mobile/Diesel/Gas,"
11694,Industrial/Commercial Sales & Service,00010001621002,BROOKFIELD SERVICE, 708 GLEBE ROAD,,WESTMORELAND,NH ,03467,USA,www.brookfieldservice.com,802-485-6567,"Service,Up To 600kW,Mobile/Diesel/Gas,"
11694,Industrial/Commercial Sales & Service,00010021101002,SOUTH SHORE GENERATOR INC-Quote, 2696A CRANBERRY HWY,,WAREHAM,MA ,02571,USA,,508-295-7336,"Sales,Service,Up To 600kW,Mobile/Diesel/Gas,"
11694,Industrial/Commercial Sales & Service,00010001701002,SOUTH SHORE GENERATOR INC, ,,EAST WAREHAM,MA ,02538,USA,,508-295-7336,"Financing,Sales,Service,Up To 600kW,Mobile/Diesel/Gas,"
11694,Industrial/Commercial Sales & Service,00111207431002,WARSHAUER ELECTRIC SUPPLY CO INC, 800 SHREWSBURY AVE,,TINTON FALLS,NJ ,07724,USA,www.warshauer.com,732-741-6400,"Service,"
11694,Industrial/Commercial Sales & Service,00010157021002,Mechanical Service Co, 1145 Oak St.,,Pittston,PA ,18640,USA,,570-654-2445,"Service,"
11695,Industrial/Commercial Sales & Service,00010214161002,"R.L. KISTLER, INC.", 35 HAMILTON LANE,,GLENMONT,NY ,12077,USA,,585-436-1940,"Sales,Service,"
11695,Industrial/Commercial Sales & Service,00010001611002,Huntington Power, 230 Long Hill Cross Rd,,Shelton,CT ,06484,USA,www.huntingtonpower.com,203-929-3203,"Sales,Service,Up To 2MW,Mobile/Diesel/Gas,Training,Rental,"
11695,Industrial/Commercial Sales & Service,00010214161002,"R.L. Kistler, Inc", 300 Mile Crossing Blvd.,,Rochester,NY ,14624,USA,rlkistler.com,585-436-1940,"Sales,"
11695,Industrial/Commercial Sales & Service,00010214161002,"R.L. Kistler, Inc", 5615 Business Ave.,,N. Syracuse,NY ,13208,USA,,315-458-2875,"Sales,"
11695,Industrial/Commercial Sales & Service,00010001611002,Huntington Power, 68 Enter Ln,,Islandia,NY ,11749,USA,,631-563-4943,"Sales,Service,Up To 2MW,Mobile/Diesel/Gas,"
11695,Industrial/Commercial Sales & Service,00010001611002,Huntington Power, 34 E DUDLEY TOWN RD.,,BLOOMFIELD,CT ,06002,USA,,860-289-8790,"Sales,Service,Rental,"
11695,Industrial/Commercial Sales & Service,00010214161002,"R.L. Kistler, Inc", 5615 Business Ave.,,N. Syracuse,NY ,13208,USA,,315-458-2875,"Sales,"
11695,Industrial/Commercial Sales & Service,00010208021002,Modern Group Power Systems, 2501 Durham Road,,Bristol,PA ,19007,USA,www.moderngroup.com,800-404-7291,"Sales,Service,Up To 2MW,Mobile/Diesel/Gas,Training,Rental,"
11695,Industrial/Commercial Sales & Service,00010001731002,Authorized Services Of New England, 410 Forest Street,,Marlborough,MA ,01752,USA,www.asne.com,888-890-9886,"Financing,Sales,Service,Up To 2MW,Mobile/Diesel/Gas,Training,Rental,"
11695,Industrial/Commercial Sales & Service,00010008091002,MODERN HANDLING EQUIP, 75 NEW STREET,,EDISON,NJ ,08837,USA,www.moderngroup.com,800-779-5116,"Sales,Service,Up To 2MW,Mobile/Diesel/Gas,"
11695,Industrial/Commercial Sales & Service,00010208021002,Modern Group Power Systems, 200 Allied Parkway,,West Berlin,NJ ,08091,USA,,800-404-7291,"Sales,Service,Up To 2MW,Mobile/Diesel/Gas,"
11695,Industrial/Commercial Sales & Service,00010208021002,Modern Group Power Systems, 6352 Chapmans Rd,,Allentown,PA ,18106,USA,,800-404-7291,"Sales,Service,Up To 2MW,Mobile/Diesel/Gas,"
11695,Industrial/Commercial Sales & Service,00010208021002,Modern Group Power Systems, 66A South Gate Blvd.,,New Castle,DE ,19720,USA,,800-404-7291,"Sales,Service,Up To 2MW,Mobile/Diesel/Gas,"
11695,Industrial/Commercial Sales & Service,00010208021002,Modern Group Power Systems, 295 New Commerce Blvd.,,Wilkes Barre,PA ,18706,USA,,800-404-7291,"Sales,Service,Up To 2MW,Mobile/Diesel/Gas,"
11695,Industrial/Commercial Sales & Service,00010000931002,"EMERGENCY POWER SYSTEMS, LLC", 35 HAMILTON LANE,,GLENMONT,NY ,12077,USA,,800-914-1465,"Service,Up To 2MW,Mobile/Diesel/Gas,"
11695,Industrial/Commercial Sales & Service,00010000931002,"EMERGENCY POWER SYSTEMS, LLC", 35 HAMILTON LANE,,GLENMONT,NY ,12077,USA,,800-914-1465,"Service,"
11695,Industrial/Commercial Sales & Service,00010208021002,Modern Group Power Systems, 3480 Board Road,,York,PA ,17402,USA,,800-404-7291,"Sales,Service,Up To 2MW,Mobile/Diesel/Gas,"
11695,Industrial/Commercial Sales & Service,00010001731002,AUTHORIZED SERVICES OF NEW ENGLAND, 410 FOREST STREET,,MARLBOROUGH,MA ,01752,USA,,888-890-9886,"Sales,"
11695,Industrial/Commercial Sales & Service,00010001691002,Kelly Generator & Equipment, 1955 Dale Ln,,Owings,MD ,20736,USA,www.kge.com,410-257-5225,"Sales,Service,Up To 2MW,Mobile/Diesel/Gas,Training,Rental,"
11695,Industrial/Commercial Sales & Service,00010001761002,"GENSERVE, INC.", 100 NEWTOWN RD,,PLAINVIEW,NY ,11803,USA,www.genserveinc.com,631-435-0437,"Service,"
11695,Industrial/Commercial Sales & Service,00111209521002,LONG ISLAND EMERGENCY POWER -QO, 2 Ocean Avenue,,DEER PARK,NY ,11729,USA,,631-586-7513,"Sales,"
11695,Industrial/Commercial Sales & Service,00010139211002,POWERPRO SERVICE CO. INC., 608 JOHNSON AVE. UNIT 6,,BOHEMIA,NY ,11716,USA,,631-567-2700,"Sales,Service,Up To 600kW,Mobile/Diesel/Gas,"
11695,Industrial/Commercial Sales & Service,00111209531002,HUNTINGTON POWER - LONG ISLAND, PO BOX 2040,,SHELTON,CT ,06484,USA,,631-586-7513,"Sales,"
11695,Industrial/Commercial Sales & Service,00010134071002,PEAK POWER SYSTEMS, 99 SPRAGUE AVENUE,,MIDDLETOWN,NY ,10940,USA,www.peakpowersystems.com,845-344-1975,"Sales,Service,Up To 600kW,Mobile/Diesel/Gas,Rental,"
11695,Industrial/Commercial Sales & Service,00010001761002,"GENSERVE, INC.", 115A TWINBRIDGE DR.,,PENNSAUKEN,NJ ,08110,USA,www.genserveinc.com,856-324-0459,"Service,"
11695,Industrial/Commercial Sales & Service,00111184131002,HUNTER & LOMISON, 1956 W FOURTH ST,,WILLIAMSPORT,PA ,17701,USA,www.hunterlomison.com,570-326-1764,"Sales,Service,Up To 600kW,Mobile/Diesel/Gas,Rental,"
11695,Industrial/Commercial Sales & Service,00010000881002,HUNTER & LOMISON INC., 1956 W. 4TH STREET,,WILLIAMSPORT,PA ,17701,USA,www.hunterlomison.com,570-326-1764,"Service,Up To 600kW,Mobile/Diesel/Gas,"
11695,Industrial/Commercial Sales & Service,00010001621002,BROOKFIELD SERVICE, 708 GLEBE ROAD,,WESTMORELAND,NH ,03467,USA,www.brookfieldservice.com,802-485-6567,"Service,Up To 600kW,Mobile/Diesel/Gas,"
11695,Industrial/Commercial Sales & Service,00010021101002,SOUTH SHORE GENERATOR INC-Quote, 2696A CRANBERRY HWY,,WAREHAM,MA ,02571,USA,,508-295-7336,"Sales,Service,Up To 600kW,Mobile/Diesel/Gas,"
11695,Industrial/Commercial Sales & Service,00010001701002,SOUTH SHORE GENERATOR INC, ,,EAST WAREHAM,MA ,02538,USA,,508-295-7336,"Financing,Sales,Service,Up To 600kW,Mobile/Diesel/Gas,"
11695,Industrial/Commercial Sales & Service,00111207431002,WARSHAUER ELECTRIC SUPPLY CO INC, 800 SHREWSBURY AVE,,TINTON FALLS,NJ ,07724,USA,www.warshauer.com,732-741-6400,"Service,"
11695,Industrial/Commercial Sales & Service,00010157021002,Mechanical Service Co, 1145 Oak St.,,Pittston,PA ,18640,USA,,570-654-2445,"Service,"
11697,Industrial/Commercial Sales & Service,00010001611002,Huntington Power, 230 Long Hill Cross Rd,,Shelton,CT ,06484,USA,www.huntingtonpower.com,203-929-3203,"Sales,Service,Up To 2MW,Mobile/Diesel/Gas,Training,Rental,"
11697,Industrial/Commercial Sales & Service,00010214161002,"R.L. KISTLER, INC.", 35 HAMILTON LANE,,GLENMONT,NY ,12077,USA,,585-436-1940,"Sales,Service,"
11697,Industrial/Commercial Sales & Service,00010214161002,"R.L. Kistler, Inc", 300 Mile Crossing Blvd.,,Rochester,NY ,14624,USA,rlkistler.com,585-436-1940,"Sales,"
11697,Industrial/Commercial Sales & Service,00010001611002,Huntington Power, 68 Enter Ln,,Islandia,NY ,11749,USA,,631-563-4943,"Sales,Service,Up To 2MW,Mobile/Diesel/Gas,"
11697,Industrial/Commercial Sales & Service,00010001611002,Huntington Power, 34 E DUDLEY TOWN RD.,,BLOOMFIELD,CT ,06002,USA,,860-289-8790,"Sales,Service,Rental,"
11697,Industrial/Commercial Sales & Service,00010214161002,"R.L. Kistler, Inc", 5615 Business Ave.,,N. Syracuse,NY ,13208,USA,,315-458-2875,"Sales,"
11697,Industrial/Commercial Sales & Service,00010214161002,"R.L. Kistler, Inc", 5615 Business Ave.,,N. Syracuse,NY ,13208,USA,,315-458-2875,"Sales,"
11697,Industrial/Commercial Sales & Service,00010208021002,Modern Group Power Systems, 2501 Durham Road,,Bristol,PA ,19007,USA,www.moderngroup.com,800-404-7291,"Sales,Service,Up To 2MW,Mobile/Diesel/Gas,Training,Rental,"
11697,Industrial/Commercial Sales & Service,00010001731002,Authorized Services Of New England, 410 Forest Street,,Marlborough,MA ,01752,USA,www.asne.com,888-890-9886,"Financing,Sales,Service,Up To 2MW,Mobile/Diesel/Gas,Training,Rental,"
11697,Industrial/Commercial Sales & Service,00010008091002,MODERN HANDLING EQUIP, 75 NEW STREET,,EDISON,NJ ,08837,USA,www.moderngroup.com,800-779-5116,"Sales,Service,Up To 2MW,Mobile/Diesel/Gas,"
11697,Industrial/Commercial Sales & Service,00010208021002,Modern Group Power Systems, 200 Allied Parkway,,West Berlin,NJ ,08091,USA,,800-404-7291,"Sales,Service,Up To 2MW,Mobile/Diesel/Gas,"
11697,Industrial/Commercial Sales & Service,00010208021002,Modern Group Power Systems, 6352 Chapmans Rd,,Allentown,PA ,18106,USA,,800-404-7291,"Sales,Service,Up To 2MW,Mobile/Diesel/Gas,"
11697,Industrial/Commercial Sales & Service,00010208021002,Modern Group Power Systems, 66A South Gate Blvd.,,New Castle,DE ,19720,USA,,800-404-7291,"Sales,Service,Up To 2MW,Mobile/Diesel/Gas,"
11697,Industrial/Commercial Sales & Service,00010208021002,Modern Group Power Systems, 295 New Commerce Blvd.,,Wilkes Barre,PA ,18706,USA,,800-404-7291,"Sales,Service,Up To 2MW,Mobile/Diesel/Gas,"
11697,Industrial/Commercial Sales & Service,00010000931002,"EMERGENCY POWER SYSTEMS, LLC", 35 HAMILTON LANE,,GLENMONT,NY ,12077,USA,,800-914-1465,"Service,Up To 2MW,Mobile/Diesel/Gas,"
11697,Industrial/Commercial Sales & Service,00010000931002,"EMERGENCY POWER SYSTEMS, LLC", 35 HAMILTON LANE,,GLENMONT,NY ,12077,USA,,800-914-1465,"Service,"
11697,Industrial/Commercial Sales & Service,00010208021002,Modern Group Power Systems, 3480 Board Road,,York,PA ,17402,USA,,800-404-7291,"Sales,Service,Up To 2MW,Mobile/Diesel/Gas,"
11697,Industrial/Commercial Sales & Service,00010001731002,AUTHORIZED SERVICES OF NEW ENGLAND, 410 FOREST STREET,,MARLBOROUGH,MA ,01752,USA,,888-890-9886,"Sales,"
11697,Industrial/Commercial Sales & Service,00010001691002,Kelly Generator & Equipment, 1955 Dale Ln,,Owings,MD ,20736,USA,www.kge.com,410-257-5225,"Sales,Service,Up To 2MW,Mobile/Diesel/Gas,Training,Rental,"
11697,Industrial/Commercial Sales & Service,00010001761002,"GENSERVE, INC.", 100 NEWTOWN RD,,PLAINVIEW,NY ,11803,USA,www.genserveinc.com,631-435-0437,"Service,"
11697,Industrial/Commercial Sales & Service,00111209521002,LONG ISLAND EMERGENCY POWER -QO, 2 Ocean Avenue,,DEER PARK,NY ,11729,USA,,631-586-7513,"Sales,"
11697,Industrial/Commercial Sales & Service,00010139211002,POWERPRO SERVICE CO. INC., 608 JOHNSON AVE. UNIT 6,,BOHEMIA,NY ,11716,USA,,631-567-2700,"Sales,Service,Up To 600kW,Mobile/Diesel/Gas,"
11697,Industrial/Commercial Sales & Service,00111209531002,HUNTINGTON POWER - LONG ISLAND, PO BOX 2040,,SHELTON,CT ,06484,USA,,631-586-7513,"Sales,"
11697,Industrial/Commercial Sales & Service,00010134071002,PEAK POWER SYSTEMS, 99 SPRAGUE AVENUE,,MIDDLETOWN,NY ,10940,USA,www.peakpowersystems.com,845-344-1975,"Sales,Service,Up To 600kW,Mobile/Diesel/Gas,Rental,"
11697,Industrial/Commercial Sales & Service,00010001761002,"GENSERVE, INC.", 115A TWINBRIDGE DR.,,PENNSAUKEN,NJ ,08110,USA,www.genserveinc.com,856-324-0459,"Service,"
11697,Industrial/Commercial Sales & Service,00111184131002,HUNTER & LOMISON, 1956 W FOURTH ST,,WILLIAMSPORT,PA ,17701,USA,www.hunterlomison.com,570-326-1764,"Sales,Service,Up To 600kW,Mobile/Diesel/Gas,Rental,"
11697,Industrial/Commercial Sales & Service,00010000881002,HUNTER & LOMISON INC., 1956 W. 4TH STREET,,WILLIAMSPORT,PA ,17701,USA,www.hunterlomison.com,570-326-1764,"Service,Up To 600kW,Mobile/Diesel/Gas,"
11697,Industrial/Commercial Sales & Service,00010001621002,BROOKFIELD SERVICE, 708 GLEBE ROAD,,WESTMORELAND,NH ,03467,USA,www.brookfieldservice.com,802-485-6567,"Service,Up To 600kW,Mobile/Diesel/Gas,"
11697,Industrial/Commercial Sales & Service,00010021101002,SOUTH SHORE GENERATOR INC-Quote, 2696A CRANBERRY HWY,,WAREHAM,MA ,02571,USA,,508-295-7336,"Sales,Service,Up To 600kW,Mobile/Diesel/Gas,"
11697,Industrial/Commercial Sales & Service,00010001701002,SOUTH SHORE GENERATOR INC, ,,EAST WAREHAM,MA ,02538,USA,,508-295-7336,"Financing,Sales,Service,Up To 600kW,Mobile/Diesel/Gas,"
11697,Industrial/Commercial Sales & Service,00111207431002,WARSHAUER ELECTRIC SUPPLY CO INC, 800 SHREWSBURY AVE,,TINTON FALLS,NJ ,07724,USA,www.warshauer.com,732-741-6400,"Service,"
11697,Industrial/Commercial Sales & Service,00010157021002,Mechanical Service Co, 1145 Oak St.,,Pittston,PA ,18640,USA,,570-654-2445,"Service,"
11701,Industrial/Commercial Sales & Service,00010001611002,Huntington Power, 230 Long Hill Cross Rd,,Shelton,CT ,06484,USA,www.huntingtonpower.com,203-929-3203,"Sales,Service,Up To 2MW,Mobile/Diesel/Gas,Training,Rental,"
11701,Industrial/Commercial Sales & Service,00010214161002,"R.L. KISTLER, INC.", 35 HAMILTON LANE,,GLENMONT,NY ,12077,USA,,585-436-1940,"Sales,Service,"
11701,Industrial/Commercial Sales & Service,00010214161002,"R.L. Kistler, Inc", 300 Mile Crossing Blvd.,,Rochester,NY ,14624,USA,rlkistler.com,585-436-1940,"Sales,"
11701,Industrial/Commercial Sales & Service,00010001611002,Huntington Power, 68 Enter Ln,,Islandia,NY ,11749,USA,,631-563-4943,"Sales,Service,Up To 2MW,Mobile/Diesel/Gas,"
11701,Industrial/Commercial Sales & Service,00010001611002,Huntington Power, 34 E DUDLEY TOWN RD.,,BLOOMFIELD,CT ,06002,USA,,860-289-8790,"Sales,Service,Rental,"
11701,Industrial/Commercial Sales & Service,00010214161002,"R.L. Kistler, Inc", 5615 Business Ave.,,N. Syracuse,NY ,13208,USA,,315-458-2875,"Sales,"
11701,Industrial/Commercial Sales & Service,00010214161002,"R.L. Kistler, Inc", 5615 Business Ave.,,N. Syracuse,NY ,13208,USA,,315-458-2875,"Sales,"
11701,Industrial/Commercial Sales & Service,00010208021002,Modern Group Power Systems, 2501 Durham Road,,Bristol,PA ,19007,USA,www.moderngroup.com,800-404-7291,"Sales,Service,Up To 2MW,Mobile/Diesel/Gas,Training,Rental,"
11701,Industrial/Commercial Sales & Service,00010001731002,Authorized Services Of New England, 410 Forest Street,,Marlborough,MA ,01752,USA,www.asne.com,888-890-9886,"Financing,Sales,Service,Up To 2MW,Mobile/Diesel/Gas,Training,Rental,"
11701,Industrial/Commercial Sales & Service,00010008091002,MODERN HANDLING EQUIP, 75 NEW STREET,,EDISON,NJ ,08837,USA,www.moderngroup.com,800-779-5116,"Sales,Service,Up To 2MW,Mobile/Diesel/Gas,"
11701,Industrial/Commercial Sales & Service,00010208021002,Modern Group Power Systems, 200 Allied Parkway,,West Berlin,NJ ,08091,USA,,800-404-7291,"Sales,Service,Up To 2MW,Mobile/Diesel/Gas,"
11701,Industrial/Commercial Sales & Service,00010208021002,Modern Group Power Systems, 6352 Chapmans Rd,,Allentown,PA ,18106,USA,,800-404-7291,"Sales,Service,Up To 2MW,Mobile/Diesel/Gas,"
11701,Industrial/Commercial Sales & Service,00010000931002,"EMERGENCY POWER SYSTEMS, LLC", 35 HAMILTON LANE,,GLENMONT,NY ,12077,USA,,800-914-1465,"Service,Up To 2MW,Mobile/Diesel/Gas,"
11701,Industrial/Commercial Sales & Service,00010000931002,"EMERGENCY POWER SYSTEMS, LLC", 35 HAMILTON LANE,,GLENMONT,NY ,12077,USA,,800-914-1465,"Service,"
11701,Industrial/Commercial Sales & Service,00010208021002,Modern Group Power Systems, 66A South Gate Blvd.,,New Castle,DE ,19720,USA,,800-404-7291,"Sales,Service,Up To 2MW,Mobile/Diesel/Gas,"
11701,Industrial/Commercial Sales & Service,00010208021002,Modern Group Power Systems, 295 New Commerce Blvd.,,Wilkes Barre,PA ,18706,USA,,800-404-7291,"Sales,Service,Up To 2MW,Mobile/Diesel/Gas,"
11701,Industrial/Commercial Sales & Service,00010001731002,AUTHORIZED SERVICES OF NEW ENGLAND, 410 FOREST STREET,,MARLBOROUGH,MA ,01752,USA,,888-890-9886,"Sales,"
11701,Industrial/Commercial Sales & Service,00010208021002,Modern Group Power Systems, 3480 Board Road,,York,PA ,17402,USA,,800-404-7291,"Sales,Service,Up To 2MW,Mobile/Diesel/Gas,"
11701,Industrial/Commercial Sales & Service,00010001761002,"GENSERVE, INC.", 100 NEWTOWN RD,,PLAINVIEW,NY ,11803,USA,www.genserveinc.com,631-435-0437,"Service,"
11701,Industrial/Commercial Sales & Service,00111209521002,LONG ISLAND EMERGENCY POWER -QO, 2 Ocean Avenue,,DEER PARK,NY ,11729,USA,,631-586-7513,"Sales,"
11701,Industrial/Commercial Sales & Service,00010139211002,POWERPRO SERVICE CO. INC., 608 JOHNSON AVE. UNIT 6,,BOHEMIA,NY ,11716,USA,,631-567-2700,"Sales,Service,Up To 600kW,Mobile/Diesel/Gas,"
11701,Industrial/Commercial Sales & Service,00111209531002,HUNTINGTON POWER - LONG ISLAND, PO BOX 2040,,SHELTON,CT ,06484,USA,,631-586-7513,"Sales,"
11701,Industrial/Commercial Sales & Service,00010134071002,PEAK POWER SYSTEMS, 99 SPRAGUE AVENUE,,MIDDLETOWN,NY ,10940,USA,www.peakpowersystems.com,845-344-1975,"Sales,Service,Up To 600kW,Mobile/Diesel/Gas,Rental,"
11701,Industrial/Commercial Sales & Service,00010001761002,"GENSERVE, INC.", 115A TWINBRIDGE DR.,,PENNSAUKEN,NJ ,08110,USA,www.genserveinc.com,856-324-0459,"Service,"
11701,Industrial/Commercial Sales & Service,00010021101002,SOUTH SHORE GENERATOR INC-Quote, 2696A CRANBERRY HWY,,WAREHAM,MA ,02571,USA,,508-295-7336,"Sales,Service,Up To 600kW,Mobile/Diesel/Gas,"
11701,Industrial/Commercial Sales & Service,00010001701002,SOUTH SHORE GENERATOR INC, ,,EAST WAREHAM,MA ,02538,USA,,508-295-7336,"Financing,Sales,Service,Up To 600kW,Mobile/Diesel/Gas,"
11701,Industrial/Commercial Sales & Service,00010001621002,BROOKFIELD SERVICE, 708 GLEBE ROAD,,WESTMORELAND,NH ,03467,USA,www.brookfieldservice.com,802-485-6567,"Service,Up To 600kW,Mobile/Diesel/Gas,"
11701,Industrial/Commercial Sales & Service,00111184131002,HUNTER & LOMISON, 1956 W FOURTH ST,,WILLIAMSPORT,PA ,17701,USA,www.hunterlomison.com,570-326-1764,"Sales,Service,Up To 600kW,Mobile/Diesel/Gas,Rental,"
11701,Industrial/Commercial Sales & Service,00010000881002,HUNTER & LOMISON INC., 1956 W. 4TH STREET,,WILLIAMSPORT,PA ,17701,USA,www.hunterlomison.com,570-326-1764,"Service,Up To 600kW,Mobile/Diesel/Gas,"
11701,Industrial/Commercial Sales & Service,00111207431002,WARSHAUER ELECTRIC SUPPLY CO INC, 800 SHREWSBURY AVE,,TINTON FALLS,NJ ,07724,USA,www.warshauer.com,732-741-6400,"Service,"
11701,Industrial/Commercial Sales & Service,00010157021002,Mechanical Service Co, 1145 Oak St.,,Pittston,PA ,18640,USA,,570-654-2445,"Service,"
11702,Industrial/Commercial Sales & Service,00010214161002,"R.L. Kistler, Inc", 300 Mile Crossing Blvd.,,Rochester,NY ,14624,USA,rlkistler.com,585-436-1940,"Sales,"
11702,Industrial/Commercial Sales & Service,00010001611002,Huntington Power, 230 Long Hill Cross Rd,,Shelton,CT ,06484,USA,www.huntingtonpower.com,203-929-3203,"Sales,Service,Up To 2MW,Mobile/Diesel/Gas,Training,Rental,"
11702,Industrial/Commercial Sales & Service,00010214161002,"R.L. KISTLER, INC.", 35 HAMILTON LANE,,GLENMONT,NY ,12077,USA,,585-436-1940,"Sales,Service,"
11702,Industrial/Commercial Sales & Service,00010214161002,"R.L. Kistler, Inc", 5615 Business Ave.,,N. Syracuse,NY ,13208,USA,,315-458-2875,"Sales,"
11702,Industrial/Commercial Sales & Service,00010001611002,Huntington Power, 68 Enter Ln,,Islandia,NY ,11749,USA,,631-563-4943,"Sales,Service,Up To 2MW,Mobile/Diesel/Gas,"
11702,Industrial/Commercial Sales & Service,00010001611002,Huntington Power, 34 E DUDLEY TOWN RD.,,BLOOMFIELD,CT ,06002,USA,,860-289-8790,"Sales,Service,Rental,"
11702,Industrial/Commercial Sales & Service,00010214161002,"R.L. Kistler, Inc", 5615 Business Ave.,,N. Syracuse,NY ,13208,USA,,315-458-2875,"Sales,"
11702,Industrial/Commercial Sales & Service,00010208021002,Modern Group Power Systems, 2501 Durham Road,,Bristol,PA ,19007,USA,www.moderngroup.com,800-404-7291,"Sales,Service,Up To 2MW,Mobile/Diesel/Gas,Training,Rental,"
11702,Industrial/Commercial Sales & Service,00010001731002,Authorized Services Of New England, 410 Forest Street,,Marlborough,MA ,01752,USA,www.asne.com,888-890-9886,"Financing,Sales,Service,Up To 2MW,Mobile/Diesel/Gas,Training,Rental,"
11702,Industrial/Commercial Sales & Service,00010008091002,MODERN HANDLING EQUIP, 75 NEW STREET,,EDISON,NJ ,08837,USA,www.moderngroup.com,800-779-5116,"Sales,Service,Up To 2MW,Mobile/Diesel/Gas,"
11702,Industrial/Commercial Sales & Service,00010208021002,Modern Group Power Systems, 200 Allied Parkway,,West Berlin,NJ ,08091,USA,,800-404-7291,"Sales,Service,Up To 2MW,Mobile/Diesel/Gas,"
11702,Industrial/Commercial Sales & Service,00010208021002,Modern Group Power Systems, 6352 Chapmans Rd,,Allentown,PA ,18106,USA,,800-404-7291,"Sales,Service,Up To 2MW,Mobile/Diesel/Gas,"
11702,Industrial/Commercial Sales & Service,00010000931002,"EMERGENCY POWER SYSTEMS, LLC", 35 HAMILTON LANE,,GLENMONT,NY ,12077,USA,,800-914-1465,"Service,Up To 2MW,Mobile/Diesel/Gas,"
11702,Industrial/Commercial Sales & Service,00010000931002,"EMERGENCY POWER SYSTEMS, LLC", 35 HAMILTON LANE,,GLENMONT,NY ,12077,USA,,800-914-1465,"Service,"
11702,Industrial/Commercial Sales & Service,00010208021002,Modern Group Power Systems, 66A South Gate Blvd.,,New Castle,DE ,19720,USA,,800-404-7291,"Sales,Service,Up To 2MW,Mobile/Diesel/Gas,"
11702,Industrial/Commercial Sales & Service,00010208021002,Modern Group Power Systems, 295 New Commerce Blvd.,,Wilkes Barre,PA ,18706,USA,,800-404-7291,"Sales,Service,Up To 2MW,Mobile/Diesel/Gas,"
11702,Industrial/Commercial Sales & Service,00010001731002,AUTHORIZED SERVICES OF NEW ENGLAND, 410 FOREST STREET,,MARLBOROUGH,MA ,01752,USA,,888-890-9886,"Sales,"
11702,Industrial/Commercial Sales & Service,00010208021002,Modern Group Power Systems, 3480 Board Road,,York,PA ,17402,USA,,800-404-7291,"Sales,Service,Up To 2MW,Mobile/Diesel/Gas,"
11702,Industrial/Commercial Sales & Service,00111209521002,LONG ISLAND EMERGENCY POWER -QO, 2 Ocean Avenue,,DEER PARK,NY ,11729,USA,,631-586-7513,"Sales,"
11702,Industrial/Commercial Sales & Service,00010001761002,"GENSERVE, INC.", 100 NEWTOWN RD,,PLAINVIEW,NY ,11803,USA,www.genserveinc.com,631-435-0437,"Service,"
11702,Industrial/Commercial Sales & Service,00010139211002,POWERPRO SERVICE CO. INC., 608 JOHNSON AVE. UNIT 6,,BOHEMIA,NY ,11716,USA,,631-567-2700,"Sales,Service,Up To 600kW,Mobile/Diesel/Gas,"
11702,Industrial/Commercial Sales & Service,00111209531002,HUNTINGTON POWER - LONG ISLAND, PO BOX 2040,,SHELTON,CT ,06484,USA,,631-586-7513,"Sales,"
11702,Industrial/Commercial Sales & Service,00010134071002,PEAK POWER SYSTEMS, 99 SPRAGUE AVENUE,,MIDDLETOWN,NY ,10940,USA,www.peakpowersystems.com,845-344-1975,"Sales,Service,Up To 600kW,Mobile/Diesel/Gas,Rental,"
11702,Industrial/Commercial Sales & Service,00010001761002,"GENSERVE, INC.", 115A TWINBRIDGE DR.,,PENNSAUKEN,NJ ,08110,USA,www.genserveinc.com,856-324-0459,"Service,"
11702,Industrial/Commercial Sales & Service,00010021101002,SOUTH SHORE GENERATOR INC-Quote, 2696A CRANBERRY HWY,,WAREHAM,MA ,02571,USA,,508-295-7336,"Sales,Service,Up To 600kW,Mobile/Diesel/Gas,"
11702,Industrial/Commercial Sales & Service,00010001701002,SOUTH SHORE GENERATOR INC, ,,EAST WAREHAM,MA ,02538,USA,,508-295-7336,"Financing,Sales,Service,Up To 600kW,Mobile/Diesel/Gas,"
11702,Industrial/Commercial Sales & Service,00010001621002,BROOKFIELD SERVICE, 708 GLEBE ROAD,,WESTMORELAND,NH ,03467,USA,www.brookfieldservice.com,802-485-6567,"Service,Up To 600kW,Mobile/Diesel/Gas,"
11702,Industrial/Commercial Sales & Service,00111184131002,HUNTER & LOMISON, 1956 W FOURTH ST,,WILLIAMSPORT,PA ,17701,USA,www.hunterlomison.com,570-326-1764,"Sales,Service,Up To 600kW,Mobile/Diesel/Gas,Rental,"
11702,Industrial/Commercial Sales & Service,00010000881002,HUNTER & LOMISON INC., 1956 W. 4TH STREET,,WILLIAMSPORT,PA ,17701,USA,www.hunterlomison.com,570-326-1764,"Service,Up To 600kW,Mobile/Diesel/Gas,"
11702,Industrial/Commercial Sales & Service,00111207431002,WARSHAUER ELECTRIC SUPPLY CO INC, 800 SHREWSBURY AVE,,TINTON FALLS,NJ ,07724,USA,www.warshauer.com,732-741-6400,"Service,"
11702,Industrial/Commercial Sales & Service,00010157021002,Mechanical Service Co, 1145 Oak St.,,Pittston,PA ,18640,USA,,570-654-2445,"Service,"
11703,Industrial/Commercial Sales & Service,00010214161002,"R.L. Kistler, Inc", 300 Mile Crossing Blvd.,,Rochester,NY ,14624,USA,rlkistler.com,585-436-1940,"Sales,"
11703,Industrial/Commercial Sales & Service,00010001611002,Huntington Power, 230 Long Hill Cross Rd,,Shelton,CT ,06484,USA,www.huntingtonpower.com,203-929-3203,"Sales,Service,Up To 2MW,Mobile/Diesel/Gas,Training,Rental,"
11703,Industrial/Commercial Sales & Service,00010214161002,"R.L. KISTLER, INC.", 35 HAMILTON LANE,,GLENMONT,NY ,12077,USA,,585-436-1940,"Sales,Service,"
11703,Industrial/Commercial Sales & Service,00010214161002,"R.L. Kistler, Inc", 5615 Business Ave.,,N. Syracuse,NY ,13208,USA,,315-458-2875,"Sales,"
11703,Industrial/Commercial Sales & Service,00010001611002,Huntington Power, 68 Enter Ln,,Islandia,NY ,11749,USA,,631-563-4943,"Sales,Service,Up To 2MW,Mobile/Diesel/Gas,"
11703,Industrial/Commercial Sales & Service,00010001611002,Huntington Power, 34 E DUDLEY TOWN RD.,,BLOOMFIELD,CT ,06002,USA,,860-289-8790,"Sales,Service,Rental,"
11703,Industrial/Commercial Sales & Service,00010214161002,"R.L. Kistler, Inc", 5615 Business Ave.,,N. Syracuse,NY ,13208,USA,,315-458-2875,"Sales,"
11703,Industrial/Commercial Sales & Service,00010208021002,Modern Group Power Systems, 2501 Durham Road,,Bristol,PA ,19007,USA,www.moderngroup.com,800-404-7291,"Sales,Service,Up To 2MW,Mobile/Diesel/Gas,Training,Rental,"
11703,Industrial/Commercial Sales & Service,00010001731002,Authorized Services Of New England, 410 Forest Street,,Marlborough,MA ,01752,USA,www.asne.com,888-890-9886,"Financing,Sales,Service,Up To 2MW,Mobile/Diesel/Gas,Training,Rental,"
11703,Industrial/Commercial Sales & Service,00010008091002,MODERN HANDLING EQUIP, 75 NEW STREET,,EDISON,NJ ,08837,USA,www.moderngroup.com,800-779-5116,"Sales,Service,Up To 2MW,Mobile/Diesel/Gas,"
11703,Industrial/Commercial Sales & Service,00010208021002,Modern Group Power Systems, 200 Allied Parkway,,West Berlin,NJ ,08091,USA,,800-404-7291,"Sales,Service,Up To 2MW,Mobile/Diesel/Gas,"
11703,Industrial/Commercial Sales & Service,00010208021002,Modern Group Power Systems, 6352 Chapmans Rd,,Allentown,PA ,18106,USA,,800-404-7291,"Sales,Service,Up To 2MW,Mobile/Diesel/Gas,"
11703,Industrial/Commercial Sales & Service,00010000931002,"EMERGENCY POWER SYSTEMS, LLC", 35 HAMILTON LANE,,GLENMONT,NY ,12077,USA,,800-914-1465,"Service,Up To 2MW,Mobile/Diesel/Gas,"
11703,Industrial/Commercial Sales & Service,00010000931002,"EMERGENCY POWER SYSTEMS, LLC", 35 HAMILTON LANE,,GLENMONT,NY ,12077,USA,,800-914-1465,"Service,"
11703,Industrial/Commercial Sales & Service,00010208021002,Modern Group Power Systems, 295 New Commerce Blvd.,,Wilkes Barre,PA ,18706,USA,,800-404-7291,"Sales,Service,Up To 2MW,Mobile/Diesel/Gas,"
11703,Industrial/Commercial Sales & Service,00010208021002,Modern Group Power Systems, 66A South Gate Blvd.,,New Castle,DE ,19720,USA,,800-404-7291,"Sales,Service,Up To 2MW,Mobile/Diesel/Gas,"
11703,Industrial/Commercial Sales & Service,00010001731002,AUTHORIZED SERVICES OF NEW ENGLAND, 410 FOREST STREET,,MARLBOROUGH,MA ,01752,USA,,888-890-9886,"Sales,"
11703,Industrial/Commercial Sales & Service,00010208021002,Modern Group Power Systems, 3480 Board Road,,York,PA ,17402,USA,,800-404-7291,"Sales,Service,Up To 2MW,Mobile/Diesel/Gas,"
11703,Industrial/Commercial Sales & Service,00111209521002,LONG ISLAND EMERGENCY POWER -QO, 2 Ocean Avenue,,DEER PARK,NY ,11729,USA,,631-586-7513,"Sales,"
11703,Industrial/Commercial Sales & Service,00010001761002,"GENSERVE, INC.", 100 NEWTOWN RD,,PLAINVIEW,NY ,11803,USA,www.genserveinc.com,631-435-0437,"Service,"
11703,Industrial/Commercial Sales & Service,00010139211002,POWERPRO SERVICE CO. INC., 608 JOHNSON AVE. UNIT 6,,BOHEMIA,NY ,11716,USA,,631-567-2700,"Sales,Service,Up To 600kW,Mobile/Diesel/Gas,"
11703,Industrial/Commercial Sales & Service,00111209531002,HUNTINGTON POWER - LONG ISLAND, PO BOX 2040,,SHELTON,CT ,06484,USA,,631-586-7513,"Sales,"
11703,Industrial/Commercial Sales & Service,00010134071002,PEAK POWER SYSTEMS, 99 SPRAGUE AVENUE,,MIDDLETOWN,NY ,10940,USA,www.peakpowersystems.com,845-344-1975,"Sales,Service,Up To 600kW,Mobile/Diesel/Gas,Rental,"
11703,Industrial/Commercial Sales & Service,00010001761002,"GENSERVE, INC.", 115A TWINBRIDGE DR.,,PENNSAUKEN,NJ ,08110,USA,www.genserveinc.com,856-324-0459,"Service,"
11703,Industrial/Commercial Sales & Service,00010021101002,SOUTH SHORE GENERATOR INC-Quote, 2696A CRANBERRY HWY,,WAREHAM,MA ,02571,USA,,508-295-7336,"Sales,Service,Up To 600kW,Mobile/Diesel/Gas,"
11703,Industrial/Commercial Sales & Service,00010001701002,SOUTH SHORE GENERATOR INC, ,,EAST WAREHAM,MA ,02538,USA,,508-295-7336,"Financing,Sales,Service,Up To 600kW,Mobile/Diesel/Gas,"
11703,Industrial/Commercial Sales & Service,00010001621002,BROOKFIELD SERVICE, 708 GLEBE ROAD,,WESTMORELAND,NH ,03467,USA,www.brookfieldservice.com,802-485-6567,"Service,Up To 600kW,Mobile/Diesel/Gas,"
11703,Industrial/Commercial Sales & Service,00111184131002,HUNTER & LOMISON, 1956 W FOURTH ST,,WILLIAMSPORT,PA ,17701,USA,www.hunterlomison.com,570-326-1764,"Sales,Service,Up To 600kW,Mobile/Diesel/Gas,Rental,"
11703,Industrial/Commercial Sales & Service,00010000881002,HUNTER & LOMISON INC., 1956 W. 4TH STREET,,WILLIAMSPORT,PA ,17701,USA,www.hunterlomison.com,570-326-1764,"Service,Up To 600kW,Mobile/Diesel/Gas,"
11703,Industrial/Commercial Sales & Service,00111207431002,WARSHAUER ELECTRIC SUPPLY CO INC, 800 SHREWSBURY AVE,,TINTON FALLS,NJ ,07724,USA,www.warshauer.com,732-741-6400,"Service,"
11703,Industrial/Commercial Sales & Service,00010157021002,Mechanical Service Co, 1145 Oak St.,,Pittston,PA ,18640,USA,,570-654-2445,"Service,"
11704,Industrial/Commercial Sales & Service,00010214161002,"R.L. KISTLER, INC.", 35 HAMILTON LANE,,GLENMONT,NY ,12077,USA,,585-436-1940,"Sales,Service,"
11704,Industrial/Commercial Sales & Service,00010001611002,Huntington Power, 230 Long Hill Cross Rd,,Shelton,CT ,06484,USA,www.huntingtonpower.com,203-929-3203,"Sales,Service,Up To 2MW,Mobile/Diesel/Gas,Training,Rental,"
11704,Industrial/Commercial Sales & Service,00010214161002,"R.L. Kistler, Inc", 300 Mile Crossing Blvd.,,Rochester,NY ,14624,USA,rlkistler.com,585-436-1940,"Sales,"
11704,Industrial/Commercial Sales & Service,00010214161002,"R.L. Kistler, Inc", 5615 Business Ave.,,N. Syracuse,NY ,13208,USA,,315-458-2875,"Sales,"
11704,Industrial/Commercial Sales & Service,00010001611002,Huntington Power, 68 Enter Ln,,Islandia,NY ,11749,USA,,631-563-4943,"Sales,Service,Up To 2MW,Mobile/Diesel/Gas,"
11704,Industrial/Commercial Sales & Service,00010001611002,Huntington Power, 34 E DUDLEY TOWN RD.,,BLOOMFIELD,CT ,06002,USA,,860-289-8790,"Sales,Service,Rental,"
11704,Industrial/Commercial Sales & Service,00010214161002,"R.L. Kistler, Inc", 5615 Business Ave.,,N. Syracuse,NY ,13208,USA,,315-458-2875,"Sales,"
11704,Industrial/Commercial Sales & Service,00010208021002,Modern Group Power Systems, 2501 Durham Road,,Bristol,PA ,19007,USA,www.moderngroup.com,800-404-7291,"Sales,Service,Up To 2MW,Mobile/Diesel/Gas,Training,Rental,"
11704,Industrial/Commercial Sales & Service,00010001731002,Authorized Services Of New England, 410 Forest Street,,Marlborough,MA ,01752,USA,www.asne.com,888-890-9886,"Financing,Sales,Service,Up To 2MW,Mobile/Diesel/Gas,Training,Rental,"
11704,Industrial/Commercial Sales & Service,00010008091002,MODERN HANDLING EQUIP, 75 NEW STREET,,EDISON,NJ ,08837,USA,www.moderngroup.com,800-779-5116,"Sales,Service,Up To 2MW,Mobile/Diesel/Gas,"
11704,Industrial/Commercial Sales & Service,00010208021002,Modern Group Power Systems, 200 Allied Parkway,,West Berlin,NJ ,08091,USA,,800-404-7291,"Sales,Service,Up To 2MW,Mobile/Diesel/Gas,"
11704,Industrial/Commercial Sales & Service,00010208021002,Modern Group Power Systems, 6352 Chapmans Rd,,Allentown,PA ,18106,USA,,800-404-7291,"Sales,Service,Up To 2MW,Mobile/Diesel/Gas,"
11704,Industrial/Commercial Sales & Service,00010000931002,"EMERGENCY POWER SYSTEMS, LLC", 35 HAMILTON LANE,,GLENMONT,NY ,12077,USA,,800-914-1465,"Service,Up To 2MW,Mobile/Diesel/Gas,"
11704,Industrial/Commercial Sales & Service,00010000931002,"EMERGENCY POWER SYSTEMS, LLC", 35 HAMILTON LANE,,GLENMONT,NY ,12077,USA,,800-914-1465,"Service,"
11704,Industrial/Commercial Sales & Service,00010208021002,Modern Group Power Systems, 295 New Commerce Blvd.,,Wilkes Barre,PA ,18706,USA,,800-404-7291,"Sales,Service,Up To 2MW,Mobile/Diesel/Gas,"
11704,Industrial/Commercial Sales & Service,00010208021002,Modern Group Power Systems, 66A South Gate Blvd.,,New Castle,DE ,19720,USA,,800-404-7291,"Sales,Service,Up To 2MW,Mobile/Diesel/Gas,"
11704,Industrial/Commercial Sales & Service,00010001731002,AUTHORIZED SERVICES OF NEW ENGLAND, 410 FOREST STREET,,MARLBOROUGH,MA ,01752,USA,,888-890-9886,"Sales,"
11704,Industrial/Commercial Sales & Service,00010208021002,Modern Group Power Systems, 3480 Board Road,,York,PA ,17402,USA,,800-404-7291,"Sales,Service,Up To 2MW,Mobile/Diesel/Gas,"
11704,Industrial/Commercial Sales & Service,00111209521002,LONG ISLAND EMERGENCY POWER -QO, 2 Ocean Avenue,,DEER PARK,NY ,11729,USA,,631-586-7513,"Sales,"
11704,Industrial/Commercial Sales & Service,00010001761002,"GENSERVE, INC.", 100 NEWTOWN RD,,PLAINVIEW,NY ,11803,USA,www.genserveinc.com,631-435-0437,"Service,"
11704,Industrial/Commercial Sales & Service,00010139211002,POWERPRO SERVICE CO. INC., 608 JOHNSON AVE. UNIT 6,,BOHEMIA,NY ,11716,USA,,631-567-2700,"Sales,Service,Up To 600kW,Mobile/Diesel/Gas,"
11704,Industrial/Commercial Sales & Service,00111209531002,HUNTINGTON POWER - LONG ISLAND, PO BOX 2040,,SHELTON,CT ,06484,USA,,631-586-7513,"Sales,"
11704,Industrial/Commercial Sales & Service,00010134071002,PEAK POWER SYSTEMS, 99 SPRAGUE AVENUE,,MIDDLETOWN,NY ,10940,USA,www.peakpowersystems.com,845-344-1975,"Sales,Service,Up To 600kW,Mobile/Diesel/Gas,Rental,"
11704,Industrial/Commercial Sales & Service,00010001761002,"GENSERVE, INC.", 115A TWINBRIDGE DR.,,PENNSAUKEN,NJ ,08110,USA,www.genserveinc.com,856-324-0459,"Service,"
11704,Industrial/Commercial Sales & Service,00010021101002,SOUTH SHORE GENERATOR INC-Quote, 2696A CRANBERRY HWY,,WAREHAM,MA ,02571,USA,,508-295-7336,"Sales,Service,Up To 600kW,Mobile/Diesel/Gas,"
11704,Industrial/Commercial Sales & Service,00010001701002,SOUTH SHORE GENERATOR INC, ,,EAST WAREHAM,MA ,02538,USA,,508-295-7336,"Financing,Sales,Service,Up To 600kW,Mobile/Diesel/Gas,"
11704,Industrial/Commercial Sales & Service,00010001621002,BROOKFIELD SERVICE, 708 GLEBE ROAD,,WESTMORELAND,NH ,03467,USA,www.brookfieldservice.com,802-485-6567,"Service,Up To 600kW,Mobile/Diesel/Gas,"
11704,Industrial/Commercial Sales & Service,00111184131002,HUNTER & LOMISON, 1956 W FOURTH ST,,WILLIAMSPORT,PA ,17701,USA,www.hunterlomison.com,570-326-1764,"Sales,Service,Up To 600kW,Mobile/Diesel/Gas,Rental,"
11704,Industrial/Commercial Sales & Service,00010000881002,HUNTER & LOMISON INC., 1956 W. 4TH STREET,,WILLIAMSPORT,PA ,17701,USA,www.hunterlomison.com,570-326-1764,"Service,Up To 600kW,Mobile/Diesel/Gas,"
11704,Industrial/Commercial Sales & Service,00111207431002,WARSHAUER ELECTRIC SUPPLY CO INC, 800 SHREWSBURY AVE,,TINTON FALLS,NJ ,07724,USA,www.warshauer.com,732-741-6400,"Service,"
11704,Industrial/Commercial Sales & Service,00010157021002,Mechanical Service Co, 1145 Oak St.,,Pittston,PA ,18640,USA,,570-654-2445,"Service,"
11705,Industrial/Commercial Sales & Service,00010214161002,"R.L. KISTLER, INC.", 35 HAMILTON LANE,,GLENMONT,NY ,12077,USA,,585-436-1940,"Sales,Service,"
11705,Industrial/Commercial Sales & Service,00010214161002,"R.L. Kistler, Inc", 300 Mile Crossing Blvd.,,Rochester,NY ,14624,USA,rlkistler.com,585-436-1940,"Sales,"
11705,Industrial/Commercial Sales & Service,00010001611002,Huntington Power, 230 Long Hill Cross Rd,,Shelton,CT ,06484,USA,www.huntingtonpower.com,203-929-3203,"Sales,Service,Up To 2MW,Mobile/Diesel/Gas,Training,Rental,"
11705,Industrial/Commercial Sales & Service,00010214161002,"R.L. Kistler, Inc", 5615 Business Ave.,,N. Syracuse,NY ,13208,USA,,315-458-2875,"Sales,"
11705,Industrial/Commercial Sales & Service,00010214161002,"R.L. Kistler, Inc", 5615 Business Ave.,,N. Syracuse,NY ,13208,USA,,315-458-2875,"Sales,"
11705,Industrial/Commercial Sales & Service,00010001611002,Huntington Power, 68 Enter Ln,,Islandia,NY ,11749,USA,,631-563-4943,"Sales,Service,Up To 2MW,Mobile/Diesel/Gas,"
11705,Industrial/Commercial Sales & Service,00010001611002,Huntington Power, 34 E DUDLEY TOWN RD.,,BLOOMFIELD,CT ,06002,USA,,860-289-8790,"Sales,Service,Rental,"
11705,Industrial/Commercial Sales & Service,00010208021002,Modern Group Power Systems, 2501 Durham Road,,Bristol,PA ,19007,USA,www.moderngroup.com,800-404-7291,"Sales,Service,Up To 2MW,Mobile/Diesel/Gas,Training,Rental,"
11705,Industrial/Commercial Sales & Service,00010001731002,Authorized Services Of New England, 410 Forest Street,,Marlborough,MA ,01752,USA,www.asne.com,888-890-9886,"Financing,Sales,Service,Up To 2MW,Mobile/Diesel/Gas,Training,Rental,"
11705,Industrial/Commercial Sales & Service,00010008091002,MODERN HANDLING EQUIP, 75 NEW STREET,,EDISON,NJ ,08837,USA,www.moderngroup.com,800-779-5116,"Sales,Service,Up To 2MW,Mobile/Diesel/Gas,"
11705,Industrial/Commercial Sales & Service,00010208021002,Modern Group Power Systems, 200 Allied Parkway,,West Berlin,NJ ,08091,USA,,800-404-7291,"Sales,Service,Up To 2MW,Mobile/Diesel/Gas,"
11705,Industrial/Commercial Sales & Service,00010208021002,Modern Group Power Systems, 6352 Chapmans Rd,,Allentown,PA ,18106,USA,,800-404-7291,"Sales,Service,Up To 2MW,Mobile/Diesel/Gas,"
11705,Industrial/Commercial Sales & Service,00010000931002,"EMERGENCY POWER SYSTEMS, LLC", 35 HAMILTON LANE,,GLENMONT,NY ,12077,USA,,800-914-1465,"Service,Up To 2MW,Mobile/Diesel/Gas,"
11705,Industrial/Commercial Sales & Service,00010000931002,"EMERGENCY POWER SYSTEMS, LLC", 35 HAMILTON LANE,,GLENMONT,NY ,12077,USA,,800-914-1465,"Service,"
11705,Industrial/Commercial Sales & Service,00010001731002,AUTHORIZED SERVICES OF NEW ENGLAND, 410 FOREST STREET,,MARLBOROUGH,MA ,01752,USA,,888-890-9886,"Sales,"
11705,Industrial/Commercial Sales & Service,00010208021002,Modern Group Power Systems, 295 New Commerce Blvd.,,Wilkes Barre,PA ,18706,USA,,800-404-7291,"Sales,Service,Up To 2MW,Mobile/Diesel/Gas,"
11705,Industrial/Commercial Sales & Service,00010208021002,Modern Group Power Systems, 66A South Gate Blvd.,,New Castle,DE ,19720,USA,,800-404-7291,"Sales,Service,Up To 2MW,Mobile/Diesel/Gas,"
11705,Industrial/Commercial Sales & Service,00010208021002,Modern Group Power Systems, 3480 Board Road,,York,PA ,17402,USA,,800-404-7291,"Sales,Service,Up To 2MW,Mobile/Diesel/Gas,"
11705,Industrial/Commercial Sales & Service,00010139211002,POWERPRO SERVICE CO. INC., 608 JOHNSON AVE. UNIT 6,,BOHEMIA,NY ,11716,USA,,631-567-2700,"Sales,Service,Up To 600kW,Mobile/Diesel/Gas,"
11705,Industrial/Commercial Sales & Service,00111209521002,LONG ISLAND EMERGENCY POWER -QO, 2 Ocean Avenue,,DEER PARK,NY ,11729,USA,,631-586-7513,"Sales,"
11705,Industrial/Commercial Sales & Service,00010001761002,"GENSERVE, INC.", 100 NEWTOWN RD,,PLAINVIEW,NY ,11803,USA,www.genserveinc.com,631-435-0437,"Service,"
11705,Industrial/Commercial Sales & Service,00111209531002,HUNTINGTON POWER - LONG ISLAND, PO BOX 2040,,SHELTON,CT ,06484,USA,,631-586-7513,"Sales,"
11705,Industrial/Commercial Sales & Service,00010134071002,PEAK POWER SYSTEMS, 99 SPRAGUE AVENUE,,MIDDLETOWN,NY ,10940,USA,www.peakpowersystems.com,845-344-1975,"Sales,Service,Up To 600kW,Mobile/Diesel/Gas,Rental,"
11705,Industrial/Commercial Sales & Service,00010001761002,"GENSERVE, INC.", 115A TWINBRIDGE DR.,,PENNSAUKEN,NJ ,08110,USA,www.genserveinc.com,856-324-0459,"Service,"
11705,Industrial/Commercial Sales & Service,00010021101002,SOUTH SHORE GENERATOR INC-Quote, 2696A CRANBERRY HWY,,WAREHAM,MA ,02571,USA,,508-295-7336,"Sales,Service,Up To 600kW,Mobile/Diesel/Gas,"
11705,Industrial/Commercial Sales & Service,00010001701002,SOUTH SHORE GENERATOR INC, ,,EAST WAREHAM,MA ,02538,USA,,508-295-7336,"Financing,Sales,Service,Up To 600kW,Mobile/Diesel/Gas,"
11705,Industrial/Commercial Sales & Service,00010001621002,BROOKFIELD SERVICE, 708 GLEBE ROAD,,WESTMORELAND,NH ,03467,USA,www.brookfieldservice.com,802-485-6567,"Service,Up To 600kW,Mobile/Diesel/Gas,"
11705,Industrial/Commercial Sales & Service,00111207431002,WARSHAUER ELECTRIC SUPPLY CO INC, 800 SHREWSBURY AVE,,TINTON FALLS,NJ ,07724,USA,www.warshauer.com,732-741-6400,"Service,"
11705,Industrial/Commercial Sales & Service,00010157021002,Mechanical Service Co, 1145 Oak St.,,Pittston,PA ,18640,USA,,570-654-2445,"Service,"
11706,Industrial/Commercial Sales & Service,00010001611002,Huntington Power, 230 Long Hill Cross Rd,,Shelton,CT ,06484,USA,www.huntingtonpower.com,203-929-3203,"Sales,Service,Up To 2MW,Mobile/Diesel/Gas,Training,Rental,"
11706,Industrial/Commercial Sales & Service,00010214161002,"R.L. KISTLER, INC.", 35 HAMILTON LANE,,GLENMONT,NY ,12077,USA,,585-436-1940,"Sales,Service,"
11706,Industrial/Commercial Sales & Service,00010214161002,"R.L. Kistler, Inc", 300 Mile Crossing Blvd.,,Rochester,NY ,14624,USA,rlkistler.com,585-436-1940,"Sales,"
11706,Industrial/Commercial Sales & Service,00010001611002,Huntington Power, 68 Enter Ln,,Islandia,NY ,11749,USA,,631-563-4943,"Sales,Service,Up To 2MW,Mobile/Diesel/Gas,"
11706,Industrial/Commercial Sales & Service,00010001611002,Huntington Power, 34 E DUDLEY TOWN RD.,,BLOOMFIELD,CT ,06002,USA,,860-289-8790,"Sales,Service,Rental,"
11706,Industrial/Commercial Sales & Service,00010214161002,"R.L. Kistler, Inc", 5615 Business Ave.,,N. Syracuse,NY ,13208,USA,,315-458-2875,"Sales,"
11706,Industrial/Commercial Sales & Service,00010214161002,"R.L. Kistler, Inc", 5615 Business Ave.,,N. Syracuse,NY ,13208,USA,,315-458-2875,"Sales,"
11706,Industrial/Commercial Sales & Service,00010208021002,Modern Group Power Systems, 2501 Durham Road,,Bristol,PA ,19007,USA,www.moderngroup.com,800-404-7291,"Sales,Service,Up To 2MW,Mobile/Diesel/Gas,Training,Rental,"
11706,Industrial/Commercial Sales & Service,00010001731002,Authorized Services Of New England, 410 Forest Street,,Marlborough,MA ,01752,USA,www.asne.com,888-890-9886,"Financing,Sales,Service,Up To 2MW,Mobile/Diesel/Gas,Training,Rental,"
11706,Industrial/Commercial Sales & Service,00010008091002,MODERN HANDLING EQUIP, 75 NEW STREET,,EDISON,NJ ,08837,USA,www.moderngroup.com,800-779-5116,"Sales,Service,Up To 2MW,Mobile/Diesel/Gas,"
11706,Industrial/Commercial Sales & Service,00010208021002,Modern Group Power Systems, 200 Allied Parkway,,West Berlin,NJ ,08091,USA,,800-404-7291,"Sales,Service,Up To 2MW,Mobile/Diesel/Gas,"
11706,Industrial/Commercial Sales & Service,00010208021002,Modern Group Power Systems, 6352 Chapmans Rd,,Allentown,PA ,18106,USA,,800-404-7291,"Sales,Service,Up To 2MW,Mobile/Diesel/Gas,"
11706,Industrial/Commercial Sales & Service,00010000931002,"EMERGENCY POWER SYSTEMS, LLC", 35 HAMILTON LANE,,GLENMONT,NY ,12077,USA,,800-914-1465,"Service,Up To 2MW,Mobile/Diesel/Gas,"
11706,Industrial/Commercial Sales & Service,00010000931002,"EMERGENCY POWER SYSTEMS, LLC", 35 HAMILTON LANE,,GLENMONT,NY ,12077,USA,,800-914-1465,"Service,"
11706,Industrial/Commercial Sales & Service,00010001731002,AUTHORIZED SERVICES OF NEW ENGLAND, 410 FOREST STREET,,MARLBOROUGH,MA ,01752,USA,,888-890-9886,"Sales,"
11706,Industrial/Commercial Sales & Service,00010208021002,Modern Group Power Systems, 66A South Gate Blvd.,,New Castle,DE ,19720,USA,,800-404-7291,"Sales,Service,Up To 2MW,Mobile/Diesel/Gas,"
11706,Industrial/Commercial Sales & Service,00010208021002,Modern Group Power Systems, 295 New Commerce Blvd.,,Wilkes Barre,PA ,18706,USA,,800-404-7291,"Sales,Service,Up To 2MW,Mobile/Diesel/Gas,"
11706,Industrial/Commercial Sales & Service,00010208021002,Modern Group Power Systems, 3480 Board Road,,York,PA ,17402,USA,,800-404-7291,"Sales,Service,Up To 2MW,Mobile/Diesel/Gas,"
11706,Industrial/Commercial Sales & Service,00010139211002,POWERPRO SERVICE CO. INC., 608 JOHNSON AVE. UNIT 6,,BOHEMIA,NY ,11716,USA,,631-567-2700,"Sales,Service,Up To 600kW,Mobile/Diesel/Gas,"
11706,Industrial/Commercial Sales & Service,00111209521002,LONG ISLAND EMERGENCY POWER -QO, 2 Ocean Avenue,,DEER PARK,NY ,11729,USA,,631-586-7513,"Sales,"
11706,Industrial/Commercial Sales & Service,00010001761002,"GENSERVE, INC.", 100 NEWTOWN RD,,PLAINVIEW,NY ,11803,USA,www.genserveinc.com,631-435-0437,"Service,"
11706,Industrial/Commercial Sales & Service,00111209531002,HUNTINGTON POWER - LONG ISLAND, PO BOX 2040,,SHELTON,CT ,06484,USA,,631-586-7513,"Sales,"
11706,Industrial/Commercial Sales & Service,00010134071002,PEAK POWER SYSTEMS, 99 SPRAGUE AVENUE,,MIDDLETOWN,NY ,10940,USA,www.peakpowersystems.com,845-344-1975,"Sales,Service,Up To 600kW,Mobile/Diesel/Gas,Rental,"
11706,Industrial/Commercial Sales & Service,00010001761002,"GENSERVE, INC.", 115A TWINBRIDGE DR.,,PENNSAUKEN,NJ ,08110,USA,www.genserveinc.com,856-324-0459,"Service,"
11706,Industrial/Commercial Sales & Service,00010021101002,SOUTH SHORE GENERATOR INC-Quote, 2696A CRANBERRY HWY,,WAREHAM,MA ,02571,USA,,508-295-7336,"Sales,Service,Up To 600kW,Mobile/Diesel/Gas,"
11706,Industrial/Commercial Sales & Service,00010001701002,SOUTH SHORE GENERATOR INC, ,,EAST WAREHAM,MA ,02538,USA,,508-295-7336,"Financing,Sales,Service,Up To 600kW,Mobile/Diesel/Gas,"
11706,Industrial/Commercial Sales & Service,00010001621002,BROOKFIELD SERVICE, 708 GLEBE ROAD,,WESTMORELAND,NH ,03467,USA,www.brookfieldservice.com,802-485-6567,"Service,Up To 600kW,Mobile/Diesel/Gas,"
11706,Industrial/Commercial Sales & Service,00111207431002,WARSHAUER ELECTRIC SUPPLY CO INC, 800 SHREWSBURY AVE,,TINTON FALLS,NJ ,07724,USA,www.warshauer.com,732-741-6400,"Service,"
11706,Industrial/Commercial Sales & Service,00010157021002,Mechanical Service Co, 1145 Oak St.,,Pittston,PA ,18640,USA,,570-654-2445,"Service,"
11707,Industrial/Commercial Sales & Service,00010214161002,"R.L. KISTLER, INC.", 35 HAMILTON LANE,,GLENMONT,NY ,12077,USA,,585-436-1940,"Sales,Service,"
11707,Industrial/Commercial Sales & Service,00010001611002,Huntington Power, 230 Long Hill Cross Rd,,Shelton,CT ,06484,USA,www.huntingtonpower.com,203-929-3203,"Sales,Service,Up To 2MW,Mobile/Diesel/Gas,Training,Rental,"
11707,Industrial/Commercial Sales & Service,00010214161002,"R.L. Kistler, Inc", 300 Mile Crossing Blvd.,,Rochester,NY ,14624,USA,rlkistler.com,585-436-1940,"Sales,"
11707,Industrial/Commercial Sales & Service,00010214161002,"R.L. Kistler, Inc", 5615 Business Ave.,,N. Syracuse,NY ,13208,USA,,315-458-2875,"Sales,"
11707,Industrial/Commercial Sales & Service,00010001611002,Huntington Power, 68 Enter Ln,,Islandia,NY ,11749,USA,,631-563-4943,"Sales,Service,Up To 2MW,Mobile/Diesel/Gas,"
11707,Industrial/Commercial Sales & Service,00010001611002,Huntington Power, 34 E DUDLEY TOWN RD.,,BLOOMFIELD,CT ,06002,USA,,860-289-8790,"Sales,Service,Rental,"
11707,Industrial/Commercial Sales & Service,00010214161002,"R.L. Kistler, Inc", 5615 Business Ave.,,N. Syracuse,NY ,13208,USA,,315-458-2875,"Sales,"
11707,Industrial/Commercial Sales & Service,00010208021002,Modern Group Power Systems, 2501 Durham Road,,Bristol,PA ,19007,USA,www.moderngroup.com,800-404-7291,"Sales,Service,Up To 2MW,Mobile/Diesel/Gas,Training,Rental,"
11707,Industrial/Commercial Sales & Service,00010001731002,Authorized Services Of New England, 410 Forest Street,,Marlborough,MA ,01752,USA,www.asne.com,888-890-9886,"Financing,Sales,Service,Up To 2MW,Mobile/Diesel/Gas,Training,Rental,"
11707,Industrial/Commercial Sales & Service,00010008091002,MODERN HANDLING EQUIP, 75 NEW STREET,,EDISON,NJ ,08837,USA,www.moderngroup.com,800-779-5116,"Sales,Service,Up To 2MW,Mobile/Diesel/Gas,"
11707,Industrial/Commercial Sales & Service,00010208021002,Modern Group Power Systems, 200 Allied Parkway,,West Berlin,NJ ,08091,USA,,800-404-7291,"Sales,Service,Up To 2MW,Mobile/Diesel/Gas,"
11707,Industrial/Commercial Sales & Service,00010208021002,Modern Group Power Systems, 6352 Chapmans Rd,,Allentown,PA ,18106,USA,,800-404-7291,"Sales,Service,Up To 2MW,Mobile/Diesel/Gas,"
11707,Industrial/Commercial Sales & Service,00010000931002,"EMERGENCY POWER SYSTEMS, LLC", 35 HAMILTON LANE,,GLENMONT,NY ,12077,USA,,800-914-1465,"Service,Up To 2MW,Mobile/Diesel/Gas,"
11707,Industrial/Commercial Sales & Service,00010000931002,"EMERGENCY POWER SYSTEMS, LLC", 35 HAMILTON LANE,,GLENMONT,NY ,12077,USA,,800-914-1465,"Service,"
11707,Industrial/Commercial Sales & Service,00010208021002,Modern Group Power Systems, 66A South Gate Blvd.,,New Castle,DE ,19720,USA,,800-404-7291,"Sales,Service,Up To 2MW,Mobile/Diesel/Gas,"
11707,Industrial/Commercial Sales & Service,00010208021002,Modern Group Power Systems, 295 New Commerce Blvd.,,Wilkes Barre,PA ,18706,USA,,800-404-7291,"Sales,Service,Up To 2MW,Mobile/Diesel/Gas,"
11707,Industrial/Commercial Sales & Service,00010001731002,AUTHORIZED SERVICES OF NEW ENGLAND, 410 FOREST STREET,,MARLBOROUGH,MA ,01752,USA,,888-890-9886,"Sales,"
11707,Industrial/Commercial Sales & Service,00010208021002,Modern Group Power Systems, 3480 Board Road,,York,PA ,17402,USA,,800-404-7291,"Sales,Service,Up To 2MW,Mobile/Diesel/Gas,"
11707,Industrial/Commercial Sales & Service,00111209521002,LONG ISLAND EMERGENCY POWER -QO, 2 Ocean Avenue,,DEER PARK,NY ,11729,USA,,631-586-7513,"Sales,"
11707,Industrial/Commercial Sales & Service,00010001761002,"GENSERVE, INC.", 100 NEWTOWN RD,,PLAINVIEW,NY ,11803,USA,www.genserveinc.com,631-435-0437,"Service,"
11707,Industrial/Commercial Sales & Service,00010139211002,POWERPRO SERVICE CO. INC., 608 JOHNSON AVE. UNIT 6,,BOHEMIA,NY ,11716,USA,,631-567-2700,"Sales,Service,Up To 600kW,Mobile/Diesel/Gas,"
11707,Industrial/Commercial Sales & Service,00111209531002,HUNTINGTON POWER - LONG ISLAND, PO BOX 2040,,SHELTON,CT ,06484,USA,,631-586-7513,"Sales,"
11707,Industrial/Commercial Sales & Service,00010134071002,PEAK POWER SYSTEMS, 99 SPRAGUE AVENUE,,MIDDLETOWN,NY ,10940,USA,www.peakpowersystems.com,845-344-1975,"Sales,Service,Up To 600kW,Mobile/Diesel/Gas,Rental,"
11707,Industrial/Commercial Sales & Service,00010001761002,"GENSERVE, INC.", 115A TWINBRIDGE DR.,,PENNSAUKEN,NJ ,08110,USA,www.genserveinc.com,856-324-0459,"Service,"
11707,Industrial/Commercial Sales & Service,00010021101002,SOUTH SHORE GENERATOR INC-Quote, 2696A CRANBERRY HWY,,WAREHAM,MA ,02571,USA,,508-295-7336,"Sales,Service,Up To 600kW,Mobile/Diesel/Gas,"
11707,Industrial/Commercial Sales & Service,00010001701002,SOUTH SHORE GENERATOR INC, ,,EAST WAREHAM,MA ,02538,USA,,508-295-7336,"Financing,Sales,Service,Up To 600kW,Mobile/Diesel/Gas,"
11707,Industrial/Commercial Sales & Service,00010001621002,BROOKFIELD SERVICE, 708 GLEBE ROAD,,WESTMORELAND,NH ,03467,USA,www.brookfieldservice.com,802-485-6567,"Service,Up To 600kW,Mobile/Diesel/Gas,"
11707,Industrial/Commercial Sales & Service,00111184131002,HUNTER & LOMISON, 1956 W FOURTH ST,,WILLIAMSPORT,PA ,17701,USA,www.hunterlomison.com,570-326-1764,"Sales,Service,Up To 600kW,Mobile/Diesel/Gas,Rental,"
11707,Industrial/Commercial Sales & Service,00010000881002,HUNTER & LOMISON INC., 1956 W. 4TH STREET,,WILLIAMSPORT,PA ,17701,USA,www.hunterlomison.com,570-326-1764,"Service,Up To 600kW,Mobile/Diesel/Gas,"
11707,Industrial/Commercial Sales & Service,00111207431002,WARSHAUER ELECTRIC SUPPLY CO INC, 800 SHREWSBURY AVE,,TINTON FALLS,NJ ,07724,USA,www.warshauer.com,732-741-6400,"Service,"
11707,Industrial/Commercial Sales & Service,00010157021002,Mechanical Service Co, 1145 Oak St.,,Pittston,PA ,18640,USA,,570-654-2445,"Service,"
11709,Industrial/Commercial Sales & Service,00010214161002,"R.L. KISTLER, INC.", 35 HAMILTON LANE,,GLENMONT,NY ,12077,USA,,585-436-1940,"Sales,Service,"
11709,Industrial/Commercial Sales & Service,00010001611002,Huntington Power, 230 Long Hill Cross Rd,,Shelton,CT ,06484,USA,www.huntingtonpower.com,203-929-3203,"Sales,Service,Up To 2MW,Mobile/Diesel/Gas,Training,Rental,"
11709,Industrial/Commercial Sales & Service,00010214161002,"R.L. Kistler, Inc", 300 Mile Crossing Blvd.,,Rochester,NY ,14624,USA,rlkistler.com,585-436-1940,"Sales,"
11709,Industrial/Commercial Sales & Service,00010214161002,"R.L. Kistler, Inc", 5615 Business Ave.,,N. Syracuse,NY ,13208,USA,,315-458-2875,"Sales,"
11709,Industrial/Commercial Sales & Service,00010001611002,Huntington Power, 68 Enter Ln,,Islandia,NY ,11749,USA,,631-563-4943,"Sales,Service,Up To 2MW,Mobile/Diesel/Gas,"
11709,Industrial/Commercial Sales & Service,00010001611002,Huntington Power, 34 E DUDLEY TOWN RD.,,BLOOMFIELD,CT ,06002,USA,,860-289-8790,"Sales,Service,Rental,"
11709,Industrial/Commercial Sales & Service,00010214161002,"R.L. Kistler, Inc", 5615 Business Ave.,,N. Syracuse,NY ,13208,USA,,315-458-2875,"Sales,"
11709,Industrial/Commercial Sales & Service,00010208021002,Modern Group Power Systems, 2501 Durham Road,,Bristol,PA ,19007,USA,www.moderngroup.com,800-404-7291,"Sales,Service,Up To 2MW,Mobile/Diesel/Gas,Training,Rental,"
11709,Industrial/Commercial Sales & Service,00010001731002,Authorized Services Of New England, 410 Forest Street,,Marlborough,MA ,01752,USA,www.asne.com,888-890-9886,"Financing,Sales,Service,Up To 2MW,Mobile/Diesel/Gas,Training,Rental,"
11709,Industrial/Commercial Sales & Service,00010008091002,MODERN HANDLING EQUIP, 75 NEW STREET,,EDISON,NJ ,08837,USA,www.moderngroup.com,800-779-5116,"Sales,Service,Up To 2MW,Mobile/Diesel/Gas,"
11709,Industrial/Commercial Sales & Service,00010208021002,Modern Group Power Systems, 200 Allied Parkway,,West Berlin,NJ ,08091,USA,,800-404-7291,"Sales,Service,Up To 2MW,Mobile/Diesel/Gas,"
11709,Industrial/Commercial Sales & Service,00010208021002,Modern Group Power Systems, 6352 Chapmans Rd,,Allentown,PA ,18106,USA,,800-404-7291,"Sales,Service,Up To 2MW,Mobile/Diesel/Gas,"
11709,Industrial/Commercial Sales & Service,00010000931002,"EMERGENCY POWER SYSTEMS, LLC", 35 HAMILTON LANE,,GLENMONT,NY ,12077,USA,,800-914-1465,"Service,Up To 2MW,Mobile/Diesel/Gas,"
11709,Industrial/Commercial Sales & Service,00010000931002,"EMERGENCY POWER SYSTEMS, LLC", 35 HAMILTON LANE,,GLENMONT,NY ,12077,USA,,800-914-1465,"Service,"
11709,Industrial/Commercial Sales & Service,00010208021002,Modern Group Power Systems, 295 New Commerce Blvd.,,Wilkes Barre,PA ,18706,USA,,800-404-7291,"Sales,Service,Up To 2MW,Mobile/Diesel/Gas,"
11709,Industrial/Commercial Sales & Service,00010208021002,Modern Group Power Systems, 66A South Gate Blvd.,,New Castle,DE ,19720,USA,,800-404-7291,"Sales,Service,Up To 2MW,Mobile/Diesel/Gas,"
11709,Industrial/Commercial Sales & Service,00010001731002,AUTHORIZED SERVICES OF NEW ENGLAND, 410 FOREST STREET,,MARLBOROUGH,MA ,01752,USA,,888-890-9886,"Sales,"
11709,Industrial/Commercial Sales & Service,00010208021002,Modern Group Power Systems, 3480 Board Road,,York,PA ,17402,USA,,800-404-7291,"Sales,Service,Up To 2MW,Mobile/Diesel/Gas,"
11709,Industrial/Commercial Sales & Service,00010001761002,"GENSERVE, INC.", 100 NEWTOWN RD,,PLAINVIEW,NY ,11803,USA,www.genserveinc.com,631-435-0437,"Service,"
11709,Industrial/Commercial Sales & Service,00111209521002,LONG ISLAND EMERGENCY POWER -QO, 2 Ocean Avenue,,DEER PARK,NY ,11729,USA,,631-586-7513,"Sales,"
11709,Industrial/Commercial Sales & Service,00010139211002,POWERPRO SERVICE CO. INC., 608 JOHNSON AVE. UNIT 6,,BOHEMIA,NY ,11716,USA,,631-567-2700,"Sales,Service,Up To 600kW,Mobile/Diesel/Gas,"
11709,Industrial/Commercial Sales & Service,00111209531002,HUNTINGTON POWER - LONG ISLAND, PO BOX 2040,,SHELTON,CT ,06484,USA,,631-586-7513,"Sales,"
11709,Industrial/Commercial Sales & Service,00010134071002,PEAK POWER SYSTEMS, 99 SPRAGUE AVENUE,,MIDDLETOWN,NY ,10940,USA,www.peakpowersystems.com,845-344-1975,"Sales,Service,Up To 600kW,Mobile/Diesel/Gas,Rental,"
11709,Industrial/Commercial Sales & Service,00010001761002,"GENSERVE, INC.", 115A TWINBRIDGE DR.,,PENNSAUKEN,NJ ,08110,USA,www.genserveinc.com,856-324-0459,"Service,"
11709,Industrial/Commercial Sales & Service,00010001621002,BROOKFIELD SERVICE, 708 GLEBE ROAD,,WESTMORELAND,NH ,03467,USA,www.brookfieldservice.com,802-485-6567,"Service,Up To 600kW,Mobile/Diesel/Gas,"
11709,Industrial/Commercial Sales & Service,00010021101002,SOUTH SHORE GENERATOR INC-Quote, 2696A CRANBERRY HWY,,WAREHAM,MA ,02571,USA,,508-295-7336,"Sales,Service,Up To 600kW,Mobile/Diesel/Gas,"
11709,Industrial/Commercial Sales & Service,00010001701002,SOUTH SHORE GENERATOR INC, ,,EAST WAREHAM,MA ,02538,USA,,508-295-7336,"Financing,Sales,Service,Up To 600kW,Mobile/Diesel/Gas,"
11709,Industrial/Commercial Sales & Service,00111184131002,HUNTER & LOMISON, 1956 W FOURTH ST,,WILLIAMSPORT,PA ,17701,USA,www.hunterlomison.com,570-326-1764,"Sales,Service,Up To 600kW,Mobile/Diesel/Gas,Rental,"
11709,Industrial/Commercial Sales & Service,00010000881002,HUNTER & LOMISON INC., 1956 W. 4TH STREET,,WILLIAMSPORT,PA ,17701,USA,www.hunterlomison.com,570-326-1764,"Service,Up To 600kW,Mobile/Diesel/Gas,"
11709,Industrial/Commercial Sales & Service,00111207431002,WARSHAUER ELECTRIC SUPPLY CO INC, 800 SHREWSBURY AVE,,TINTON FALLS,NJ ,07724,USA,www.warshauer.com,732-741-6400,"Service,"
11709,Industrial/Commercial Sales & Service,00010157021002,Mechanical Service Co, 1145 Oak St.,,Pittston,PA ,18640,USA,,570-654-2445,"Service,"
11710,Industrial/Commercial Sales & Service,00010001611002,Huntington Power, 230 Long Hill Cross Rd,,Shelton,CT ,06484,USA,www.huntingtonpower.com,203-929-3203,"Sales,Service,Up To 2MW,Mobile/Diesel/Gas,Training,Rental,"
11710,Industrial/Commercial Sales & Service,00010214161002,"R.L. KISTLER, INC.", 35 HAMILTON LANE,,GLENMONT,NY ,12077,USA,,585-436-1940,"Sales,Service,"
11710,Industrial/Commercial Sales & Service,00010214161002,"R.L. Kistler, Inc", 300 Mile Crossing Blvd.,,Rochester,NY ,14624,USA,rlkistler.com,585-436-1940,"Sales,"
11710,Industrial/Commercial Sales & Service,00010001611002,Huntington Power, 68 Enter Ln,,Islandia,NY ,11749,USA,,631-563-4943,"Sales,Service,Up To 2MW,Mobile/Diesel/Gas,"
11710,Industrial/Commercial Sales & Service,00010001611002,Huntington Power, 34 E DUDLEY TOWN RD.,,BLOOMFIELD,CT ,06002,USA,,860-289-8790,"Sales,Service,Rental,"
11710,Industrial/Commercial Sales & Service,00010214161002,"R.L. Kistler, Inc", 5615 Business Ave.,,N. Syracuse,NY ,13208,USA,,315-458-2875,"Sales,"
11710,Industrial/Commercial Sales & Service,00010214161002,"R.L. Kistler, Inc", 5615 Business Ave.,,N. Syracuse,NY ,13208,USA,,315-458-2875,"Sales,"
11710,Industrial/Commercial Sales & Service,00010208021002,Modern Group Power Systems, 2501 Durham Road,,Bristol,PA ,19007,USA,www.moderngroup.com,800-404-7291,"Sales,Service,Up To 2MW,Mobile/Diesel/Gas,Training,Rental,"
11710,Industrial/Commercial Sales & Service,00010001731002,Authorized Services Of New England, 410 Forest Street,,Marlborough,MA ,01752,USA,www.asne.com,888-890-9886,"Financing,Sales,Service,Up To 2MW,Mobile/Diesel/Gas,Training,Rental,"
11710,Industrial/Commercial Sales & Service,00010008091002,MODERN HANDLING EQUIP, 75 NEW STREET,,EDISON,NJ ,08837,USA,www.moderngroup.com,800-779-5116,"Sales,Service,Up To 2MW,Mobile/Diesel/Gas,"
11710,Industrial/Commercial Sales & Service,00010208021002,Modern Group Power Systems, 200 Allied Parkway,,West Berlin,NJ ,08091,USA,,800-404-7291,"Sales,Service,Up To 2MW,Mobile/Diesel/Gas,"
11710,Industrial/Commercial Sales & Service,00010208021002,Modern Group Power Systems, 6352 Chapmans Rd,,Allentown,PA ,18106,USA,,800-404-7291,"Sales,Service,Up To 2MW,Mobile/Diesel/Gas,"
11710,Industrial/Commercial Sales & Service,00010208021002,Modern Group Power Systems, 66A South Gate Blvd.,,New Castle,DE ,19720,USA,,800-404-7291,"Sales,Service,Up To 2MW,Mobile/Diesel/Gas,"
11710,Industrial/Commercial Sales & Service,00010208021002,Modern Group Power Systems, 295 New Commerce Blvd.,,Wilkes Barre,PA ,18706,USA,,800-404-7291,"Sales,Service,Up To 2MW,Mobile/Diesel/Gas,"
11710,Industrial/Commercial Sales & Service,00010000931002,"EMERGENCY POWER SYSTEMS, LLC", 35 HAMILTON LANE,,GLENMONT,NY ,12077,USA,,800-914-1465,"Service,Up To 2MW,Mobile/Diesel/Gas,"
11710,Industrial/Commercial Sales & Service,00010000931002,"EMERGENCY POWER SYSTEMS, LLC", 35 HAMILTON LANE,,GLENMONT,NY ,12077,USA,,800-914-1465,"Service,"
11710,Industrial/Commercial Sales & Service,00010001731002,AUTHORIZED SERVICES OF NEW ENGLAND, 410 FOREST STREET,,MARLBOROUGH,MA ,01752,USA,,888-890-9886,"Sales,"
11710,Industrial/Commercial Sales & Service,00010208021002,Modern Group Power Systems, 3480 Board Road,,York,PA ,17402,USA,,800-404-7291,"Sales,Service,Up To 2MW,Mobile/Diesel/Gas,"
11710,Industrial/Commercial Sales & Service,00010001761002,"GENSERVE, INC.", 100 NEWTOWN RD,,PLAINVIEW,NY ,11803,USA,www.genserveinc.com,631-435-0437,"Service,"
11710,Industrial/Commercial Sales & Service,00111209521002,LONG ISLAND EMERGENCY POWER -QO, 2 Ocean Avenue,,DEER PARK,NY ,11729,USA,,631-586-7513,"Sales,"
11710,Industrial/Commercial Sales & Service,00010139211002,POWERPRO SERVICE CO. INC., 608 JOHNSON AVE. UNIT 6,,BOHEMIA,NY ,11716,USA,,631-567-2700,"Sales,Service,Up To 600kW,Mobile/Diesel/Gas,"
11710,Industrial/Commercial Sales & Service,00111209531002,HUNTINGTON POWER - LONG ISLAND, PO BOX 2040,,SHELTON,CT ,06484,USA,,631-586-7513,"Sales,"
11710,Industrial/Commercial Sales & Service,00010134071002,PEAK POWER SYSTEMS, 99 SPRAGUE AVENUE,,MIDDLETOWN,NY ,10940,USA,www.peakpowersystems.com,845-344-1975,"Sales,Service,Up To 600kW,Mobile/Diesel/Gas,Rental,"
11710,Industrial/Commercial Sales & Service,00010001761002,"GENSERVE, INC.", 115A TWINBRIDGE DR.,,PENNSAUKEN,NJ ,08110,USA,www.genserveinc.com,856-324-0459,"Service,"
11710,Industrial/Commercial Sales & Service,00010021101002,SOUTH SHORE GENERATOR INC-Quote, 2696A CRANBERRY HWY,,WAREHAM,MA ,02571,USA,,508-295-7336,"Sales,Service,Up To 600kW,Mobile/Diesel/Gas,"
11710,Industrial/Commercial Sales & Service,00010001701002,SOUTH SHORE GENERATOR INC, ,,EAST WAREHAM,MA ,02538,USA,,508-295-7336,"Financing,Sales,Service,Up To 600kW,Mobile/Diesel/Gas,"
11710,Industrial/Commercial Sales & Service,00010001621002,BROOKFIELD SERVICE, 708 GLEBE ROAD,,WESTMORELAND,NH ,03467,USA,www.brookfieldservice.com,802-485-6567,"Service,Up To 600kW,Mobile/Diesel/Gas,"
11710,Industrial/Commercial Sales & Service,00111184131002,HUNTER & LOMISON, 1956 W FOURTH ST,,WILLIAMSPORT,PA ,17701,USA,www.hunterlomison.com,570-326-1764,"Sales,Service,Up To 600kW,Mobile/Diesel/Gas,Rental,"
11710,Industrial/Commercial Sales & Service,00010000881002,HUNTER & LOMISON INC., 1956 W. 4TH STREET,,WILLIAMSPORT,PA ,17701,USA,www.hunterlomison.com,570-326-1764,"Service,Up To 600kW,Mobile/Diesel/Gas,"
11710,Industrial/Commercial Sales & Service,00111207431002,WARSHAUER ELECTRIC SUPPLY CO INC, 800 SHREWSBURY AVE,,TINTON FALLS,NJ ,07724,USA,www.warshauer.com,732-741-6400,"Service,"
11710,Industrial/Commercial Sales & Service,00010157021002,Mechanical Service Co, 1145 Oak St.,,Pittston,PA ,18640,USA,,570-654-2445,"Service,"
11713,Industrial/Commercial Sales & Service,00010214161002,"R.L. Kistler, Inc", 300 Mile Crossing Blvd.,,Rochester,NY ,14624,USA,rlkistler.com,585-436-1940,"Sales,"
11713,Industrial/Commercial Sales & Service,00010001611002,Huntington Power, 230 Long Hill Cross Rd,,Shelton,CT ,06484,USA,www.huntingtonpower.com,203-929-3203,"Sales,Service,Up To 2MW,Mobile/Diesel/Gas,Training,Rental,"
11713,Industrial/Commercial Sales & Service,00010214161002,"R.L. KISTLER, INC.", 35 HAMILTON LANE,,GLENMONT,NY ,12077,USA,,585-436-1940,"Sales,Service,"
11713,Industrial/Commercial Sales & Service,00010214161002,"R.L. Kistler, Inc", 5615 Business Ave.,,N. Syracuse,NY ,13208,USA,,315-458-2875,"Sales,"
11713,Industrial/Commercial Sales & Service,00010001611002,Huntington Power, 68 Enter Ln,,Islandia,NY ,11749,USA,,631-563-4943,"Sales,Service,Up To 2MW,Mobile/Diesel/Gas,"
11713,Industrial/Commercial Sales & Service,00010001611002,Huntington Power, 34 E DUDLEY TOWN RD.,,BLOOMFIELD,CT ,06002,USA,,860-289-8790,"Sales,Service,Rental,"
11713,Industrial/Commercial Sales & Service,00010214161002,"R.L. Kistler, Inc", 5615 Business Ave.,,N. Syracuse,NY ,13208,USA,,315-458-2875,"Sales,"
11713,Industrial/Commercial Sales & Service,00010208021002,Modern Group Power Systems, 2501 Durham Road,,Bristol,PA ,19007,USA,www.moderngroup.com,800-404-7291,"Sales,Service,Up To 2MW,Mobile/Diesel/Gas,Training,Rental,"
11713,Industrial/Commercial Sales & Service,00010001731002,Authorized Services Of New England, 410 Forest Street,,Marlborough,MA ,01752,USA,www.asne.com,888-890-9886,"Financing,Sales,Service,Up To 2MW,Mobile/Diesel/Gas,Training,Rental,"
11713,Industrial/Commercial Sales & Service,00010008091002,MODERN HANDLING EQUIP, 75 NEW STREET,,EDISON,NJ ,08837,USA,www.moderngroup.com,800-779-5116,"Sales,Service,Up To 2MW,Mobile/Diesel/Gas,"
11713,Industrial/Commercial Sales & Service,00010208021002,Modern Group Power Systems, 200 Allied Parkway,,West Berlin,NJ ,08091,USA,,800-404-7291,"Sales,Service,Up To 2MW,Mobile/Diesel/Gas,"
11713,Industrial/Commercial Sales & Service,00010001731002,AUTHORIZED SERVICES OF NEW ENGLAND, 410 FOREST STREET,,MARLBOROUGH,MA ,01752,USA,,888-890-9886,"Sales,"
11713,Industrial/Commercial Sales & Service,00010000931002,"EMERGENCY POWER SYSTEMS, LLC", 35 HAMILTON LANE,,GLENMONT,NY ,12077,USA,,800-914-1465,"Service,Up To 2MW,Mobile/Diesel/Gas,"
11713,Industrial/Commercial Sales & Service,00010000931002,"EMERGENCY POWER SYSTEMS, LLC", 35 HAMILTON LANE,,GLENMONT,NY ,12077,USA,,800-914-1465,"Service,"
11713,Industrial/Commercial Sales & Service,00010208021002,Modern Group Power Systems, 6352 Chapmans Rd,,Allentown,PA ,18106,USA,,800-404-7291,"Sales,Service,Up To 2MW,Mobile/Diesel/Gas,"
11713,Industrial/Commercial Sales & Service,00010208021002,Modern Group Power Systems, 295 New Commerce Blvd.,,Wilkes Barre,PA ,18706,USA,,800-404-7291,"Sales,Service,Up To 2MW,Mobile/Diesel/Gas,"
11713,Industrial/Commercial Sales & Service,00010208021002,Modern Group Power Systems, 66A South Gate Blvd.,,New Castle,DE ,19720,USA,,800-404-7291,"Sales,Service,Up To 2MW,Mobile/Diesel/Gas,"
11713,Industrial/Commercial Sales & Service,00010139211002,POWERPRO SERVICE CO. INC., 608 JOHNSON AVE. UNIT 6,,BOHEMIA,NY ,11716,USA,,631-567-2700,"Sales,Service,Up To 600kW,Mobile/Diesel/Gas,"
11713,Industrial/Commercial Sales & Service,00111209521002,LONG ISLAND EMERGENCY POWER -QO, 2 Ocean Avenue,,DEER PARK,NY ,11729,USA,,631-586-7513,"Sales,"
11713,Industrial/Commercial Sales & Service,00010001761002,"GENSERVE, INC.", 100 NEWTOWN RD,,PLAINVIEW,NY ,11803,USA,www.genserveinc.com,631-435-0437,"Service,"
11713,Industrial/Commercial Sales & Service,00111209531002,HUNTINGTON POWER - LONG ISLAND, PO BOX 2040,,SHELTON,CT ,06484,USA,,631-586-7513,"Sales,"
11713,Industrial/Commercial Sales & Service,00010134071002,PEAK POWER SYSTEMS, 99 SPRAGUE AVENUE,,MIDDLETOWN,NY ,10940,USA,www.peakpowersystems.com,845-344-1975,"Sales,Service,Up To 600kW,Mobile/Diesel/Gas,Rental,"
11713,Industrial/Commercial Sales & Service,00010001761002,"GENSERVE, INC.", 115A TWINBRIDGE DR.,,PENNSAUKEN,NJ ,08110,USA,www.genserveinc.com,856-324-0459,"Service,"
11713,Industrial/Commercial Sales & Service,00010021101002,SOUTH SHORE GENERATOR INC-Quote, 2696A CRANBERRY HWY,,WAREHAM,MA ,02571,USA,,508-295-7336,"Sales,Service,Up To 600kW,Mobile/Diesel/Gas,"
11713,Industrial/Commercial Sales & Service,00010001701002,SOUTH SHORE GENERATOR INC, ,,EAST WAREHAM,MA ,02538,USA,,508-295-7336,"Financing,Sales,Service,Up To 600kW,Mobile/Diesel/Gas,"
11713,Industrial/Commercial Sales & Service,00010001621002,BROOKFIELD SERVICE, 708 GLEBE ROAD,,WESTMORELAND,NH ,03467,USA,www.brookfieldservice.com,802-485-6567,"Service,Up To 600kW,Mobile/Diesel/Gas,"
11713,Industrial/Commercial Sales & Service,00111207431002,WARSHAUER ELECTRIC SUPPLY CO INC, 800 SHREWSBURY AVE,,TINTON FALLS,NJ ,07724,USA,www.warshauer.com,732-741-6400,"Service,"
11713,Industrial/Commercial Sales & Service,00010157021002,Mechanical Service Co, 1145 Oak St.,,Pittston,PA ,18640,USA,,570-654-2445,"Service,"
11714,Industrial/Commercial Sales & Service,00010001611002,Huntington Power, 230 Long Hill Cross Rd,,Shelton,CT ,06484,USA,www.huntingtonpower.com,203-929-3203,"Sales,Service,Up To 2MW,Mobile/Diesel/Gas,Training,Rental,"
11714,Industrial/Commercial Sales & Service,00010214161002,"R.L. KISTLER, INC.", 35 HAMILTON LANE,,GLENMONT,NY ,12077,USA,,585-436-1940,"Sales,Service,"
11714,Industrial/Commercial Sales & Service,00010214161002,"R.L. Kistler, Inc", 300 Mile Crossing Blvd.,,Rochester,NY ,14624,USA,rlkistler.com,585-436-1940,"Sales,"
11714,Industrial/Commercial Sales & Service,00010001611002,Huntington Power, 68 Enter Ln,,Islandia,NY ,11749,USA,,631-563-4943,"Sales,Service,Up To 2MW,Mobile/Diesel/Gas,"
11714,Industrial/Commercial Sales & Service,00010001611002,Huntington Power, 34 E DUDLEY TOWN RD.,,BLOOMFIELD,CT ,06002,USA,,860-289-8790,"Sales,Service,Rental,"
11714,Industrial/Commercial Sales & Service,00010214161002,"R.L. Kistler, Inc", 5615 Business Ave.,,N. Syracuse,NY ,13208,USA,,315-458-2875,"Sales,"
11714,Industrial/Commercial Sales & Service,00010214161002,"R.L. Kistler, Inc", 5615 Business Ave.,,N. Syracuse,NY ,13208,USA,,315-458-2875,"Sales,"
11714,Industrial/Commercial Sales & Service,00010208021002,Modern Group Power Systems, 2501 Durham Road,,Bristol,PA ,19007,USA,www.moderngroup.com,800-404-7291,"Sales,Service,Up To 2MW,Mobile/Diesel/Gas,Training,Rental,"
11714,Industrial/Commercial Sales & Service,00010001731002,Authorized Services Of New England, 410 Forest Street,,Marlborough,MA ,01752,USA,www.asne.com,888-890-9886,"Financing,Sales,Service,Up To 2MW,Mobile/Diesel/Gas,Training,Rental,"
11714,Industrial/Commercial Sales & Service,00010008091002,MODERN HANDLING EQUIP, 75 NEW STREET,,EDISON,NJ ,08837,USA,www.moderngroup.com,800-779-5116,"Sales,Service,Up To 2MW,Mobile/Diesel/Gas,"
11714,Industrial/Commercial Sales & Service,00010208021002,Modern Group Power Systems, 200 Allied Parkway,,West Berlin,NJ ,08091,USA,,800-404-7291,"Sales,Service,Up To 2MW,Mobile/Diesel/Gas,"
11714,Industrial/Commercial Sales & Service,00010208021002,Modern Group Power Systems, 6352 Chapmans Rd,,Allentown,PA ,18106,USA,,800-404-7291,"Sales,Service,Up To 2MW,Mobile/Diesel/Gas,"
11714,Industrial/Commercial Sales & Service,00010000931002,"EMERGENCY POWER SYSTEMS, LLC", 35 HAMILTON LANE,,GLENMONT,NY ,12077,USA,,800-914-1465,"Service,Up To 2MW,Mobile/Diesel/Gas,"
11714,Industrial/Commercial Sales & Service,00010000931002,"EMERGENCY POWER SYSTEMS, LLC", 35 HAMILTON LANE,,GLENMONT,NY ,12077,USA,,800-914-1465,"Service,"
11714,Industrial/Commercial Sales & Service,00010208021002,Modern Group Power Systems, 295 New Commerce Blvd.,,Wilkes Barre,PA ,18706,USA,,800-404-7291,"Sales,Service,Up To 2MW,Mobile/Diesel/Gas,"
11714,Industrial/Commercial Sales & Service,00010208021002,Modern Group Power Systems, 66A South Gate Blvd.,,New Castle,DE ,19720,USA,,800-404-7291,"Sales,Service,Up To 2MW,Mobile/Diesel/Gas,"
11714,Industrial/Commercial Sales & Service,00010001731002,AUTHORIZED SERVICES OF NEW ENGLAND, 410 FOREST STREET,,MARLBOROUGH,MA ,01752,USA,,888-890-9886,"Sales,"
11714,Industrial/Commercial Sales & Service,00010208021002,Modern Group Power Systems, 3480 Board Road,,York,PA ,17402,USA,,800-404-7291,"Sales,Service,Up To 2MW,Mobile/Diesel/Gas,"
11714,Industrial/Commercial Sales & Service,00010001761002,"GENSERVE, INC.", 100 NEWTOWN RD,,PLAINVIEW,NY ,11803,USA,www.genserveinc.com,631-435-0437,"Service,"
11714,Industrial/Commercial Sales & Service,00111209521002,LONG ISLAND EMERGENCY POWER -QO, 2 Ocean Avenue,,DEER PARK,NY ,11729,USA,,631-586-7513,"Sales,"
11714,Industrial/Commercial Sales & Service,00010139211002,POWERPRO SERVICE CO. INC., 608 JOHNSON AVE. UNIT 6,,BOHEMIA,NY ,11716,USA,,631-567-2700,"Sales,Service,Up To 600kW,Mobile/Diesel/Gas,"
11714,Industrial/Commercial Sales & Service,00111209531002,HUNTINGTON POWER - LONG ISLAND, PO BOX 2040,,SHELTON,CT ,06484,USA,,631-586-7513,"Sales,"
11714,Industrial/Commercial Sales & Service,00010134071002,PEAK POWER SYSTEMS, 99 SPRAGUE AVENUE,,MIDDLETOWN,NY ,10940,USA,www.peakpowersystems.com,845-344-1975,"Sales,Service,Up To 600kW,Mobile/Diesel/Gas,Rental,"
11714,Industrial/Commercial Sales & Service,00010001761002,"GENSERVE, INC.", 115A TWINBRIDGE DR.,,PENNSAUKEN,NJ ,08110,USA,www.genserveinc.com,856-324-0459,"Service,"
11714,Industrial/Commercial Sales & Service,00010021101002,SOUTH SHORE GENERATOR INC-Quote, 2696A CRANBERRY HWY,,WAREHAM,MA ,02571,USA,,508-295-7336,"Sales,Service,Up To 600kW,Mobile/Diesel/Gas,"
11714,Industrial/Commercial Sales & Service,00010001621002,BROOKFIELD SERVICE, 708 GLEBE ROAD,,WESTMORELAND,NH ,03467,USA,www.brookfieldservice.com,802-485-6567,"Service,Up To 600kW,Mobile/Diesel/Gas,"
11714,Industrial/Commercial Sales & Service,00010001701002,SOUTH SHORE GENERATOR INC, ,,EAST WAREHAM,MA ,02538,USA,,508-295-7336,"Financing,Sales,Service,Up To 600kW,Mobile/Diesel/Gas,"
11714,Industrial/Commercial Sales & Service,00111184131002,HUNTER & LOMISON, 1956 W FOURTH ST,,WILLIAMSPORT,PA ,17701,USA,www.hunterlomison.com,570-326-1764,"Sales,Service,Up To 600kW,Mobile/Diesel/Gas,Rental,"
11714,Industrial/Commercial Sales & Service,00010000881002,HUNTER & LOMISON INC., 1956 W. 4TH STREET,,WILLIAMSPORT,PA ,17701,USA,www.hunterlomison.com,570-326-1764,"Service,Up To 600kW,Mobile/Diesel/Gas,"
11714,Industrial/Commercial Sales & Service,00111207431002,WARSHAUER ELECTRIC SUPPLY CO INC, 800 SHREWSBURY AVE,,TINTON FALLS,NJ ,07724,USA,www.warshauer.com,732-741-6400,"Service,"
11714,Industrial/Commercial Sales & Service,00010157021002,Mechanical Service Co, 1145 Oak St.,,Pittston,PA ,18640,USA,,570-654-2445,"Service,"
11715,Industrial/Commercial Sales & Service,00010214161002,"R.L. Kistler, Inc", 300 Mile Crossing Blvd.,,Rochester,NY ,14624,USA,rlkistler.com,585-436-1940,"Sales,"
11715,Industrial/Commercial Sales & Service,00010001611002,Huntington Power, 230 Long Hill Cross Rd,,Shelton,CT ,06484,USA,www.huntingtonpower.com,203-929-3203,"Sales,Service,Up To 2MW,Mobile/Diesel/Gas,Training,Rental,"
11715,Industrial/Commercial Sales & Service,00010214161002,"R.L. KISTLER, INC.", 35 HAMILTON LANE,,GLENMONT,NY ,12077,USA,,585-436-1940,"Sales,Service,"
11715,Industrial/Commercial Sales & Service,00010214161002,"R.L. Kistler, Inc", 5615 Business Ave.,,N. Syracuse,NY ,13208,USA,,315-458-2875,"Sales,"
11715,Industrial/Commercial Sales & Service,00010001611002,Huntington Power, 68 Enter Ln,,Islandia,NY ,11749,USA,,631-563-4943,"Sales,Service,Up To 2MW,Mobile/Diesel/Gas,"
11715,Industrial/Commercial Sales & Service,00010001611002,Huntington Power, 34 E DUDLEY TOWN RD.,,BLOOMFIELD,CT ,06002,USA,,860-289-8790,"Sales,Service,Rental,"
11715,Industrial/Commercial Sales & Service,00010214161002,"R.L. Kistler, Inc", 5615 Business Ave.,,N. Syracuse,NY ,13208,USA,,315-458-2875,"Sales,"
11715,Industrial/Commercial Sales & Service,00010208021002,Modern Group Power Systems, 2501 Durham Road,,Bristol,PA ,19007,USA,www.moderngroup.com,800-404-7291,"Sales,Service,Up To 2MW,Mobile/Diesel/Gas,Training,Rental,"
11715,Industrial/Commercial Sales & Service,00010001731002,Authorized Services Of New England, 410 Forest Street,,Marlborough,MA ,01752,USA,www.asne.com,888-890-9886,"Financing,Sales,Service,Up To 2MW,Mobile/Diesel/Gas,Training,Rental,"
11715,Industrial/Commercial Sales & Service,00010008091002,MODERN HANDLING EQUIP, 75 NEW STREET,,EDISON,NJ ,08837,USA,www.moderngroup.com,800-779-5116,"Sales,Service,Up To 2MW,Mobile/Diesel/Gas,"
11715,Industrial/Commercial Sales & Service,00010208021002,Modern Group Power Systems, 200 Allied Parkway,,West Berlin,NJ ,08091,USA,,800-404-7291,"Sales,Service,Up To 2MW,Mobile/Diesel/Gas,"
11715,Industrial/Commercial Sales & Service,00010208021002,Modern Group Power Systems, 6352 Chapmans Rd,,Allentown,PA ,18106,USA,,800-404-7291,"Sales,Service,Up To 2MW,Mobile/Diesel/Gas,"
11715,Industrial/Commercial Sales & Service,00010000931002,"EMERGENCY POWER SYSTEMS, LLC", 35 HAMILTON LANE,,GLENMONT,NY ,12077,USA,,800-914-1465,"Service,Up To 2MW,Mobile/Diesel/Gas,"
11715,Industrial/Commercial Sales & Service,00010000931002,"EMERGENCY POWER SYSTEMS, LLC", 35 HAMILTON LANE,,GLENMONT,NY ,12077,USA,,800-914-1465,"Service,"
11715,Industrial/Commercial Sales & Service,00010001731002,AUTHORIZED SERVICES OF NEW ENGLAND, 410 FOREST STREET,,MARLBOROUGH,MA ,01752,USA,,888-890-9886,"Sales,"
11715,Industrial/Commercial Sales & Service,00010208021002,Modern Group Power Systems, 295 New Commerce Blvd.,,Wilkes Barre,PA ,18706,USA,,800-404-7291,"Sales,Service,Up To 2MW,Mobile/Diesel/Gas,"
11715,Industrial/Commercial Sales & Service,00010208021002,Modern Group Power Systems, 66A South Gate Blvd.,,New Castle,DE ,19720,USA,,800-404-7291,"Sales,Service,Up To 2MW,Mobile/Diesel/Gas,"
11715,Industrial/Commercial Sales & Service,00010208021002,Modern Group Power Systems, 3480 Board Road,,York,PA ,17402,USA,,800-404-7291,"Sales,Service,Up To 2MW,Mobile/Diesel/Gas,"
11715,Industrial/Commercial Sales & Service,00010139211002,POWERPRO SERVICE CO. INC., 608 JOHNSON AVE. UNIT 6,,BOHEMIA,NY ,11716,USA,,631-567-2700,"Sales,Service,Up To 600kW,Mobile/Diesel/Gas,"
11715,Industrial/Commercial Sales & Service,00111209521002,LONG ISLAND EMERGENCY POWER -QO, 2 Ocean Avenue,,DEER PARK,NY ,11729,USA,,631-586-7513,"Sales,"
11715,Industrial/Commercial Sales & Service,00010001761002,"GENSERVE, INC.", 100 NEWTOWN RD,,PLAINVIEW,NY ,11803,USA,www.genserveinc.com,631-435-0437,"Service,"
11715,Industrial/Commercial Sales & Service,00111209531002,HUNTINGTON POWER - LONG ISLAND, PO BOX 2040,,SHELTON,CT ,06484,USA,,631-586-7513,"Sales,"
11715,Industrial/Commercial Sales & Service,00010134071002,PEAK POWER SYSTEMS, 99 SPRAGUE AVENUE,,MIDDLETOWN,NY ,10940,USA,www.peakpowersystems.com,845-344-1975,"Sales,Service,Up To 600kW,Mobile/Diesel/Gas,Rental,"
11715,Industrial/Commercial Sales & Service,00010001761002,"GENSERVE, INC.", 115A TWINBRIDGE DR.,,PENNSAUKEN,NJ ,08110,USA,www.genserveinc.com,856-324-0459,"Service,"
11715,Industrial/Commercial Sales & Service,00010021101002,SOUTH SHORE GENERATOR INC-Quote, 2696A CRANBERRY HWY,,WAREHAM,MA ,02571,USA,,508-295-7336,"Sales,Service,Up To 600kW,Mobile/Diesel/Gas,"
11715,Industrial/Commercial Sales & Service,00010001701002,SOUTH SHORE GENERATOR INC, ,,EAST WAREHAM,MA ,02538,USA,,508-295-7336,"Financing,Sales,Service,Up To 600kW,Mobile/Diesel/Gas,"
11715,Industrial/Commercial Sales & Service,00010001621002,BROOKFIELD SERVICE, 708 GLEBE ROAD,,WESTMORELAND,NH ,03467,USA,www.brookfieldservice.com,802-485-6567,"Service,Up To 600kW,Mobile/Diesel/Gas,"
11715,Industrial/Commercial Sales & Service,00111207431002,WARSHAUER ELECTRIC SUPPLY CO INC, 800 SHREWSBURY AVE,,TINTON FALLS,NJ ,07724,USA,www.warshauer.com,732-741-6400,"Service,"
11715,Industrial/Commercial Sales & Service,00010157021002,Mechanical Service Co, 1145 Oak St.,,Pittston,PA ,18640,USA,,570-654-2445,"Service,"
11716,Industrial/Commercial Sales & Service,00010001611002,Huntington Power, 230 Long Hill Cross Rd,,Shelton,CT ,06484,USA,www.huntingtonpower.com,203-929-3203,"Sales,Service,Up To 2MW,Mobile/Diesel/Gas,Training,Rental,"
11716,Industrial/Commercial Sales & Service,00010214161002,"R.L. KISTLER, INC.", 35 HAMILTON LANE,,GLENMONT,NY ,12077,USA,,585-436-1940,"Sales,Service,"
11716,Industrial/Commercial Sales & Service,00010214161002,"R.L. Kistler, Inc", 300 Mile Crossing Blvd.,,Rochester,NY ,14624,USA,rlkistler.com,585-436-1940,"Sales,"
11716,Industrial/Commercial Sales & Service,00010001611002,Huntington Power, 68 Enter Ln,,Islandia,NY ,11749,USA,,631-563-4943,"Sales,Service,Up To 2MW,Mobile/Diesel/Gas,"
11716,Industrial/Commercial Sales & Service,00010001611002,Huntington Power, 34 E DUDLEY TOWN RD.,,BLOOMFIELD,CT ,06002,USA,,860-289-8790,"Sales,Service,Rental,"
11716,Industrial/Commercial Sales & Service,00010214161002,"R.L. Kistler, Inc", 5615 Business Ave.,,N. Syracuse,NY ,13208,USA,,315-458-2875,"Sales,"
11716,Industrial/Commercial Sales & Service,00010214161002,"R.L. Kistler, Inc", 5615 Business Ave.,,N. Syracuse,NY ,13208,USA,,315-458-2875,"Sales,"
11716,Industrial/Commercial Sales & Service,00010208021002,Modern Group Power Systems, 2501 Durham Road,,Bristol,PA ,19007,USA,www.moderngroup.com,800-404-7291,"Sales,Service,Up To 2MW,Mobile/Diesel/Gas,Training,Rental,"
11716,Industrial/Commercial Sales & Service,00010001731002,Authorized Services Of New England, 410 Forest Street,,Marlborough,MA ,01752,USA,www.asne.com,888-890-9886,"Financing,Sales,Service,Up To 2MW,Mobile/Diesel/Gas,Training,Rental,"
11716,Industrial/Commercial Sales & Service,00010008091002,MODERN HANDLING EQUIP, 75 NEW STREET,,EDISON,NJ ,08837,USA,www.moderngroup.com,800-779-5116,"Sales,Service,Up To 2MW,Mobile/Diesel/Gas,"
11716,Industrial/Commercial Sales & Service,00010208021002,Modern Group Power Systems, 200 Allied Parkway,,West Berlin,NJ ,08091,USA,,800-404-7291,"Sales,Service,Up To 2MW,Mobile/Diesel/Gas,"
11716,Industrial/Commercial Sales & Service,00010208021002,Modern Group Power Systems, 6352 Chapmans Rd,,Allentown,PA ,18106,USA,,800-404-7291,"Sales,Service,Up To 2MW,Mobile/Diesel/Gas,"
11716,Industrial/Commercial Sales & Service,00010000931002,"EMERGENCY POWER SYSTEMS, LLC", 35 HAMILTON LANE,,GLENMONT,NY ,12077,USA,,800-914-1465,"Service,Up To 2MW,Mobile/Diesel/Gas,"
11716,Industrial/Commercial Sales & Service,00010000931002,"EMERGENCY POWER SYSTEMS, LLC", 35 HAMILTON LANE,,GLENMONT,NY ,12077,USA,,800-914-1465,"Service,"
11716,Industrial/Commercial Sales & Service,00010001731002,AUTHORIZED SERVICES OF NEW ENGLAND, 410 FOREST STREET,,MARLBOROUGH,MA ,01752,USA,,888-890-9886,"Sales,"
11716,Industrial/Commercial Sales & Service,00010208021002,Modern Group Power Systems, 295 New Commerce Blvd.,,Wilkes Barre,PA ,18706,USA,,800-404-7291,"Sales,Service,Up To 2MW,Mobile/Diesel/Gas,"
11716,Industrial/Commercial Sales & Service,00010208021002,Modern Group Power Systems, 66A South Gate Blvd.,,New Castle,DE ,19720,USA,,800-404-7291,"Sales,Service,Up To 2MW,Mobile/Diesel/Gas,"
11716,Industrial/Commercial Sales & Service,00010208021002,Modern Group Power Systems, 3480 Board Road,,York,PA ,17402,USA,,800-404-7291,"Sales,Service,Up To 2MW,Mobile/Diesel/Gas,"
11716,Industrial/Commercial Sales & Service,00010139211002,POWERPRO SERVICE CO. INC., 608 JOHNSON AVE. UNIT 6,,BOHEMIA,NY ,11716,USA,,631-567-2700,"Sales,Service,Up To 600kW,Mobile/Diesel/Gas,"
11716,Industrial/Commercial Sales & Service,00111209521002,LONG ISLAND EMERGENCY POWER -QO, 2 Ocean Avenue,,DEER PARK,NY ,11729,USA,,631-586-7513,"Sales,"
11716,Industrial/Commercial Sales & Service,00010001761002,"GENSERVE, INC.", 100 NEWTOWN RD,,PLAINVIEW,NY ,11803,USA,www.genserveinc.com,631-435-0437,"Service,"
11716,Industrial/Commercial Sales & Service,00111209531002,HUNTINGTON POWER - LONG ISLAND, PO BOX 2040,,SHELTON,CT ,06484,USA,,631-586-7513,"Sales,"
11716,Industrial/Commercial Sales & Service,00010134071002,PEAK POWER SYSTEMS, 99 SPRAGUE AVENUE,,MIDDLETOWN,NY ,10940,USA,www.peakpowersystems.com,845-344-1975,"Sales,Service,Up To 600kW,Mobile/Diesel/Gas,Rental,"
11716,Industrial/Commercial Sales & Service,00010001761002,"GENSERVE, INC.", 115A TWINBRIDGE DR.,,PENNSAUKEN,NJ ,08110,USA,www.genserveinc.com,856-324-0459,"Service,"
11716,Industrial/Commercial Sales & Service,00010021101002,SOUTH SHORE GENERATOR INC-Quote, 2696A CRANBERRY HWY,,WAREHAM,MA ,02571,USA,,508-295-7336,"Sales,Service,Up To 600kW,Mobile/Diesel/Gas,"
11716,Industrial/Commercial Sales & Service,00010001701002,SOUTH SHORE GENERATOR INC, ,,EAST WAREHAM,MA ,02538,USA,,508-295-7336,"Financing,Sales,Service,Up To 600kW,Mobile/Diesel/Gas,"
11716,Industrial/Commercial Sales & Service,00010001621002,BROOKFIELD SERVICE, 708 GLEBE ROAD,,WESTMORELAND,NH ,03467,USA,www.brookfieldservice.com,802-485-6567,"Service,Up To 600kW,Mobile/Diesel/Gas,"
11716,Industrial/Commercial Sales & Service,00111207431002,WARSHAUER ELECTRIC SUPPLY CO INC, 800 SHREWSBURY AVE,,TINTON FALLS,NJ ,07724,USA,www.warshauer.com,732-741-6400,"Service,"
11716,Industrial/Commercial Sales & Service,00010157021002,Mechanical Service Co, 1145 Oak St.,,Pittston,PA ,18640,USA,,570-654-2445,"Service,"
11717,Industrial/Commercial Sales & Service,00010214161002,"R.L. Kistler, Inc", 300 Mile Crossing Blvd.,,Rochester,NY ,14624,USA,rlkistler.com,585-436-1940,"Sales,"
11717,Industrial/Commercial Sales & Service,00010001611002,Huntington Power, 230 Long Hill Cross Rd,,Shelton,CT ,06484,USA,www.huntingtonpower.com,203-929-3203,"Sales,Service,Up To 2MW,Mobile/Diesel/Gas,Training,Rental,"
11717,Industrial/Commercial Sales & Service,00010214161002,"R.L. KISTLER, INC.", 35 HAMILTON LANE,,GLENMONT,NY ,12077,USA,,585-436-1940,"Sales,Service,"
11717,Industrial/Commercial Sales & Service,00010214161002,"R.L. Kistler, Inc", 5615 Business Ave.,,N. Syracuse,NY ,13208,USA,,315-458-2875,"Sales,"
11717,Industrial/Commercial Sales & Service,00010001611002,Huntington Power, 68 Enter Ln,,Islandia,NY ,11749,USA,,631-563-4943,"Sales,Service,Up To 2MW,Mobile/Diesel/Gas,"
11717,Industrial/Commercial Sales & Service,00010001611002,Huntington Power, 34 E DUDLEY TOWN RD.,,BLOOMFIELD,CT ,06002,USA,,860-289-8790,"Sales,Service,Rental,"
11717,Industrial/Commercial Sales & Service,00010214161002,"R.L. Kistler, Inc", 5615 Business Ave.,,N. Syracuse,NY ,13208,USA,,315-458-2875,"Sales,"
11717,Industrial/Commercial Sales & Service,00010208021002,Modern Group Power Systems, 2501 Durham Road,,Bristol,PA ,19007,USA,www.moderngroup.com,800-404-7291,"Sales,Service,Up To 2MW,Mobile/Diesel/Gas,Training,Rental,"
11717,Industrial/Commercial Sales & Service,00010001731002,Authorized Services Of New England, 410 Forest Street,,Marlborough,MA ,01752,USA,www.asne.com,888-890-9886,"Financing,Sales,Service,Up To 2MW,Mobile/Diesel/Gas,Training,Rental,"
11717,Industrial/Commercial Sales & Service,00010008091002,MODERN HANDLING EQUIP, 75 NEW STREET,,EDISON,NJ ,08837,USA,www.moderngroup.com,800-779-5116,"Sales,Service,Up To 2MW,Mobile/Diesel/Gas,"
11717,Industrial/Commercial Sales & Service,00010208021002,Modern Group Power Systems, 200 Allied Parkway,,West Berlin,NJ ,08091,USA,,800-404-7291,"Sales,Service,Up To 2MW,Mobile/Diesel/Gas,"
11717,Industrial/Commercial Sales & Service,00010208021002,Modern Group Power Systems, 6352 Chapmans Rd,,Allentown,PA ,18106,USA,,800-404-7291,"Sales,Service,Up To 2MW,Mobile/Diesel/Gas,"
11717,Industrial/Commercial Sales & Service,00010000931002,"EMERGENCY POWER SYSTEMS, LLC", 35 HAMILTON LANE,,GLENMONT,NY ,12077,USA,,800-914-1465,"Service,Up To 2MW,Mobile/Diesel/Gas,"
11717,Industrial/Commercial Sales & Service,00010000931002,"EMERGENCY POWER SYSTEMS, LLC", 35 HAMILTON LANE,,GLENMONT,NY ,12077,USA,,800-914-1465,"Service,"
11717,Industrial/Commercial Sales & Service,00010001731002,AUTHORIZED SERVICES OF NEW ENGLAND, 410 FOREST STREET,,MARLBOROUGH,MA ,01752,USA,,888-890-9886,"Sales,"
11717,Industrial/Commercial Sales & Service,00010208021002,Modern Group Power Systems, 295 New Commerce Blvd.,,Wilkes Barre,PA ,18706,USA,,800-404-7291,"Sales,Service,Up To 2MW,Mobile/Diesel/Gas,"
11717,Industrial/Commercial Sales & Service,00010208021002,Modern Group Power Systems, 66A South Gate Blvd.,,New Castle,DE ,19720,USA,,800-404-7291,"Sales,Service,Up To 2MW,Mobile/Diesel/Gas,"
11717,Industrial/Commercial Sales & Service,00010208021002,Modern Group Power Systems, 3480 Board Road,,York,PA ,17402,USA,,800-404-7291,"Sales,Service,Up To 2MW,Mobile/Diesel/Gas,"
11717,Industrial/Commercial Sales & Service,00111209521002,LONG ISLAND EMERGENCY POWER -QO, 2 Ocean Avenue,,DEER PARK,NY ,11729,USA,,631-586-7513,"Sales,"
11717,Industrial/Commercial Sales & Service,00010139211002,POWERPRO SERVICE CO. INC., 608 JOHNSON AVE. UNIT 6,,BOHEMIA,NY ,11716,USA,,631-567-2700,"Sales,Service,Up To 600kW,Mobile/Diesel/Gas,"
11717,Industrial/Commercial Sales & Service,00010001761002,"GENSERVE, INC.", 100 NEWTOWN RD,,PLAINVIEW,NY ,11803,USA,www.genserveinc.com,631-435-0437,"Service,"
11717,Industrial/Commercial Sales & Service,00111209531002,HUNTINGTON POWER - LONG ISLAND, PO BOX 2040,,SHELTON,CT ,06484,USA,,631-586-7513,"Sales,"
11717,Industrial/Commercial Sales & Service,00010134071002,PEAK POWER SYSTEMS, 99 SPRAGUE AVENUE,,MIDDLETOWN,NY ,10940,USA,www.peakpowersystems.com,845-344-1975,"Sales,Service,Up To 600kW,Mobile/Diesel/Gas,Rental,"
11717,Industrial/Commercial Sales & Service,00010001761002,"GENSERVE, INC.", 115A TWINBRIDGE DR.,,PENNSAUKEN,NJ ,08110,USA,www.genserveinc.com,856-324-0459,"Service,"
11717,Industrial/Commercial Sales & Service,00010021101002,SOUTH SHORE GENERATOR INC-Quote, 2696A CRANBERRY HWY,,WAREHAM,MA ,02571,USA,,508-295-7336,"Sales,Service,Up To 600kW,Mobile/Diesel/Gas,"
11717,Industrial/Commercial Sales & Service,00010001701002,SOUTH SHORE GENERATOR INC, ,,EAST WAREHAM,MA ,02538,USA,,508-295-7336,"Financing,Sales,Service,Up To 600kW,Mobile/Diesel/Gas,"
11717,Industrial/Commercial Sales & Service,00010001621002,BROOKFIELD SERVICE, 708 GLEBE ROAD,,WESTMORELAND,NH ,03467,USA,www.brookfieldservice.com,802-485-6567,"Service,Up To 600kW,Mobile/Diesel/Gas,"
11717,Industrial/Commercial Sales & Service,00111184131002,HUNTER & LOMISON, 1956 W FOURTH ST,,WILLIAMSPORT,PA ,17701,USA,www.hunterlomison.com,570-326-1764,"Sales,Service,Up To 600kW,Mobile/Diesel/Gas,Rental,"
11717,Industrial/Commercial Sales & Service,00010000881002,HUNTER & LOMISON INC., 1956 W. 4TH STREET,,WILLIAMSPORT,PA ,17701,USA,www.hunterlomison.com,570-326-1764,"Service,Up To 600kW,Mobile/Diesel/Gas,"
11717,Industrial/Commercial Sales & Service,00111207431002,WARSHAUER ELECTRIC SUPPLY CO INC, 800 SHREWSBURY AVE,,TINTON FALLS,NJ ,07724,USA,www.warshauer.com,732-741-6400,"Service,"
11717,Industrial/Commercial Sales & Service,00010157021002,Mechanical Service Co, 1145 Oak St.,,Pittston,PA ,18640,USA,,570-654-2445,"Service,"
11718,Industrial/Commercial Sales & Service,00010001611002,Huntington Power, 230 Long Hill Cross Rd,,Shelton,CT ,06484,USA,www.huntingtonpower.com,203-929-3203,"Sales,Service,Up To 2MW,Mobile/Diesel/Gas,Training,Rental,"
11718,Industrial/Commercial Sales & Service,00010214161002,"R.L. KISTLER, INC.", 35 HAMILTON LANE,,GLENMONT,NY ,12077,USA,,585-436-1940,"Sales,Service,"
11718,Industrial/Commercial Sales & Service,00010214161002,"R.L. Kistler, Inc", 300 Mile Crossing Blvd.,,Rochester,NY ,14624,USA,rlkistler.com,585-436-1940,"Sales,"
11718,Industrial/Commercial Sales & Service,00010001611002,Huntington Power, 68 Enter Ln,,Islandia,NY ,11749,USA,,631-563-4943,"Sales,Service,Up To 2MW,Mobile/Diesel/Gas,"
11718,Industrial/Commercial Sales & Service,00010001611002,Huntington Power, 34 E DUDLEY TOWN RD.,,BLOOMFIELD,CT ,06002,USA,,860-289-8790,"Sales,Service,Rental,"
11718,Industrial/Commercial Sales & Service,00010214161002,"R.L. Kistler, Inc", 5615 Business Ave.,,N. Syracuse,NY ,13208,USA,,315-458-2875,"Sales,"
11718,Industrial/Commercial Sales & Service,00010214161002,"R.L. Kistler, Inc", 5615 Business Ave.,,N. Syracuse,NY ,13208,USA,,315-458-2875,"Sales,"
11718,Industrial/Commercial Sales & Service,00010208021002,Modern Group Power Systems, 2501 Durham Road,,Bristol,PA ,19007,USA,www.moderngroup.com,800-404-7291,"Sales,Service,Up To 2MW,Mobile/Diesel/Gas,Training,Rental,"
11718,Industrial/Commercial Sales & Service,00010001731002,Authorized Services Of New England, 410 Forest Street,,Marlborough,MA ,01752,USA,www.asne.com,888-890-9886,"Financing,Sales,Service,Up To 2MW,Mobile/Diesel/Gas,Training,Rental,"
11718,Industrial/Commercial Sales & Service,00010008091002,MODERN HANDLING EQUIP, 75 NEW STREET,,EDISON,NJ ,08837,USA,www.moderngroup.com,800-779-5116,"Sales,Service,Up To 2MW,Mobile/Diesel/Gas,"
11718,Industrial/Commercial Sales & Service,00010208021002,Modern Group Power Systems, 200 Allied Parkway,,West Berlin,NJ ,08091,USA,,800-404-7291,"Sales,Service,Up To 2MW,Mobile/Diesel/Gas,"
11718,Industrial/Commercial Sales & Service,00010208021002,Modern Group Power Systems, 6352 Chapmans Rd,,Allentown,PA ,18106,USA,,800-404-7291,"Sales,Service,Up To 2MW,Mobile/Diesel/Gas,"
11718,Industrial/Commercial Sales & Service,00010000931002,"EMERGENCY POWER SYSTEMS, LLC", 35 HAMILTON LANE,,GLENMONT,NY ,12077,USA,,800-914-1465,"Service,Up To 2MW,Mobile/Diesel/Gas,"
11718,Industrial/Commercial Sales & Service,00010000931002,"EMERGENCY POWER SYSTEMS, LLC", 35 HAMILTON LANE,,GLENMONT,NY ,12077,USA,,800-914-1465,"Service,"
11718,Industrial/Commercial Sales & Service,00010001731002,AUTHORIZED SERVICES OF NEW ENGLAND, 410 FOREST STREET,,MARLBOROUGH,MA ,01752,USA,,888-890-9886,"Sales,"
11718,Industrial/Commercial Sales & Service,00010208021002,Modern Group Power Systems, 295 New Commerce Blvd.,,Wilkes Barre,PA ,18706,USA,,800-404-7291,"Sales,Service,Up To 2MW,Mobile/Diesel/Gas,"
11718,Industrial/Commercial Sales & Service,00010208021002,Modern Group Power Systems, 66A South Gate Blvd.,,New Castle,DE ,19720,USA,,800-404-7291,"Sales,Service,Up To 2MW,Mobile/Diesel/Gas,"
11718,Industrial/Commercial Sales & Service,00010208021002,Modern Group Power Systems, 3480 Board Road,,York,PA ,17402,USA,,800-404-7291,"Sales,Service,Up To 2MW,Mobile/Diesel/Gas,"
11718,Industrial/Commercial Sales & Service,00111209521002,LONG ISLAND EMERGENCY POWER -QO, 2 Ocean Avenue,,DEER PARK,NY ,11729,USA,,631-586-7513,"Sales,"
11718,Industrial/Commercial Sales & Service,00010139211002,POWERPRO SERVICE CO. INC., 608 JOHNSON AVE. UNIT 6,,BOHEMIA,NY ,11716,USA,,631-567-2700,"Sales,Service,Up To 600kW,Mobile/Diesel/Gas,"
11718,Industrial/Commercial Sales & Service,00010001761002,"GENSERVE, INC.", 100 NEWTOWN RD,,PLAINVIEW,NY ,11803,USA,www.genserveinc.com,631-435-0437,"Service,"
11718,Industrial/Commercial Sales & Service,00111209531002,HUNTINGTON POWER - LONG ISLAND, PO BOX 2040,,SHELTON,CT ,06484,USA,,631-586-7513,"Sales,"
11718,Industrial/Commercial Sales & Service,00010134071002,PEAK POWER SYSTEMS, 99 SPRAGUE AVENUE,,MIDDLETOWN,NY ,10940,USA,www.peakpowersystems.com,845-344-1975,"Sales,Service,Up To 600kW,Mobile/Diesel/Gas,Rental,"
11718,Industrial/Commercial Sales & Service,00010001761002,"GENSERVE, INC.", 115A TWINBRIDGE DR.,,PENNSAUKEN,NJ ,08110,USA,www.genserveinc.com,856-324-0459,"Service,"
11718,Industrial/Commercial Sales & Service,00010021101002,SOUTH SHORE GENERATOR INC-Quote, 2696A CRANBERRY HWY,,WAREHAM,MA ,02571,USA,,508-295-7336,"Sales,Service,Up To 600kW,Mobile/Diesel/Gas,"
11718,Industrial/Commercial Sales & Service,00010001701002,SOUTH SHORE GENERATOR INC, ,,EAST WAREHAM,MA ,02538,USA,,508-295-7336,"Financing,Sales,Service,Up To 600kW,Mobile/Diesel/Gas,"
11718,Industrial/Commercial Sales & Service,00010001621002,BROOKFIELD SERVICE, 708 GLEBE ROAD,,WESTMORELAND,NH ,03467,USA,www.brookfieldservice.com,802-485-6567,"Service,Up To 600kW,Mobile/Diesel/Gas,"
11718,Industrial/Commercial Sales & Service,00111207431002,WARSHAUER ELECTRIC SUPPLY CO INC, 800 SHREWSBURY AVE,,TINTON FALLS,NJ ,07724,USA,www.warshauer.com,732-741-6400,"Service,"
11718,Industrial/Commercial Sales & Service,00010157021002,Mechanical Service Co, 1145 Oak St.,,Pittston,PA ,18640,USA,,570-654-2445,"Service,"
11719,Industrial/Commercial Sales & Service,00010214161002,"R.L. Kistler, Inc", 300 Mile Crossing Blvd.,,Rochester,NY ,14624,USA,rlkistler.com,585-436-1940,"Sales,"
11719,Industrial/Commercial Sales & Service,00010001611002,Huntington Power, 230 Long Hill Cross Rd,,Shelton,CT ,06484,USA,www.huntingtonpower.com,203-929-3203,"Sales,Service,Up To 2MW,Mobile/Diesel/Gas,Training,Rental,"
11719,Industrial/Commercial Sales & Service,00010214161002,"R.L. KISTLER, INC.", 35 HAMILTON LANE,,GLENMONT,NY ,12077,USA,,585-436-1940,"Sales,Service,"
11719,Industrial/Commercial Sales & Service,00010214161002,"R.L. Kistler, Inc", 5615 Business Ave.,,N. Syracuse,NY ,13208,USA,,315-458-2875,"Sales,"
11719,Industrial/Commercial Sales & Service,00010001611002,Huntington Power, 68 Enter Ln,,Islandia,NY ,11749,USA,,631-563-4943,"Sales,Service,Up To 2MW,Mobile/Diesel/Gas,"
11719,Industrial/Commercial Sales & Service,00010001611002,Huntington Power, 34 E DUDLEY TOWN RD.,,BLOOMFIELD,CT ,06002,USA,,860-289-8790,"Sales,Service,Rental,"
11719,Industrial/Commercial Sales & Service,00010214161002,"R.L. Kistler, Inc", 5615 Business Ave.,,N. Syracuse,NY ,13208,USA,,315-458-2875,"Sales,"
11719,Industrial/Commercial Sales & Service,00010208021002,Modern Group Power Systems, 2501 Durham Road,,Bristol,PA ,19007,USA,www.moderngroup.com,800-404-7291,"Sales,Service,Up To 2MW,Mobile/Diesel/Gas,Training,Rental,"
11719,Industrial/Commercial Sales & Service,00010001731002,Authorized Services Of New England, 410 Forest Street,,Marlborough,MA ,01752,USA,www.asne.com,888-890-9886,"Financing,Sales,Service,Up To 2MW,Mobile/Diesel/Gas,Training,Rental,"
11719,Industrial/Commercial Sales & Service,00010008091002,MODERN HANDLING EQUIP, 75 NEW STREET,,EDISON,NJ ,08837,USA,www.moderngroup.com,800-779-5116,"Sales,Service,Up To 2MW,Mobile/Diesel/Gas,"
11719,Industrial/Commercial Sales & Service,00010208021002,Modern Group Power Systems, 200 Allied Parkway,,West Berlin,NJ ,08091,USA,,800-404-7291,"Sales,Service,Up To 2MW,Mobile/Diesel/Gas,"
11719,Industrial/Commercial Sales & Service,00010001731002,AUTHORIZED SERVICES OF NEW ENGLAND, 410 FOREST STREET,,MARLBOROUGH,MA ,01752,USA,,888-890-9886,"Sales,"
11719,Industrial/Commercial Sales & Service,00010000931002,"EMERGENCY POWER SYSTEMS, LLC", 35 HAMILTON LANE,,GLENMONT,NY ,12077,USA,,800-914-1465,"Service,Up To 2MW,Mobile/Diesel/Gas,"
11719,Industrial/Commercial Sales & Service,00010000931002,"EMERGENCY POWER SYSTEMS, LLC", 35 HAMILTON LANE,,GLENMONT,NY ,12077,USA,,800-914-1465,"Service,"
11719,Industrial/Commercial Sales & Service,00010208021002,Modern Group Power Systems, 6352 Chapmans Rd,,Allentown,PA ,18106,USA,,800-404-7291,"Sales,Service,Up To 2MW,Mobile/Diesel/Gas,"
11719,Industrial/Commercial Sales & Service,00010208021002,Modern Group Power Systems, 295 New Commerce Blvd.,,Wilkes Barre,PA ,18706,USA,,800-404-7291,"Sales,Service,Up To 2MW,Mobile/Diesel/Gas,"
11719,Industrial/Commercial Sales & Service,00010208021002,Modern Group Power Systems, 66A South Gate Blvd.,,New Castle,DE ,19720,USA,,800-404-7291,"Sales,Service,Up To 2MW,Mobile/Diesel/Gas,"
11719,Industrial/Commercial Sales & Service,00010139211002,POWERPRO SERVICE CO. INC., 608 JOHNSON AVE. UNIT 6,,BOHEMIA,NY ,11716,USA,,631-567-2700,"Sales,Service,Up To 600kW,Mobile/Diesel/Gas,"
11719,Industrial/Commercial Sales & Service,00111209521002,LONG ISLAND EMERGENCY POWER -QO, 2 Ocean Avenue,,DEER PARK,NY ,11729,USA,,631-586-7513,"Sales,"
11719,Industrial/Commercial Sales & Service,00010001761002,"GENSERVE, INC.", 100 NEWTOWN RD,,PLAINVIEW,NY ,11803,USA,www.genserveinc.com,631-435-0437,"Service,"
11719,Industrial/Commercial Sales & Service,00111209531002,HUNTINGTON POWER - LONG ISLAND, PO BOX 2040,,SHELTON,CT ,06484,USA,,631-586-7513,"Sales,"
11719,Industrial/Commercial Sales & Service,00010134071002,PEAK POWER SYSTEMS, 99 SPRAGUE AVENUE,,MIDDLETOWN,NY ,10940,USA,www.peakpowersystems.com,845-344-1975,"Sales,Service,Up To 600kW,Mobile/Diesel/Gas,Rental,"
11719,Industrial/Commercial Sales & Service,00010001761002,"GENSERVE, INC.", 115A TWINBRIDGE DR.,,PENNSAUKEN,NJ ,08110,USA,www.genserveinc.com,856-324-0459,"Service,"
11719,Industrial/Commercial Sales & Service,00010021101002,SOUTH SHORE GENERATOR INC-Quote, 2696A CRANBERRY HWY,,WAREHAM,MA ,02571,USA,,508-295-7336,"Sales,Service,Up To 600kW,Mobile/Diesel/Gas,"
11719,Industrial/Commercial Sales & Service,00010001701002,SOUTH SHORE GENERATOR INC, ,,EAST WAREHAM,MA ,02538,USA,,508-295-7336,"Financing,Sales,Service,Up To 600kW,Mobile/Diesel/Gas,"
11719,Industrial/Commercial Sales & Service,00010001621002,BROOKFIELD SERVICE, 708 GLEBE ROAD,,WESTMORELAND,NH ,03467,USA,www.brookfieldservice.com,802-485-6567,"Service,Up To 600kW,Mobile/Diesel/Gas,"
11719,Industrial/Commercial Sales & Service,00111207431002,WARSHAUER ELECTRIC SUPPLY CO INC, 800 SHREWSBURY AVE,,TINTON FALLS,NJ ,07724,USA,www.warshauer.com,732-741-6400,"Service,"
11719,Industrial/Commercial Sales & Service,00010157021002,Mechanical Service Co, 1145 Oak St.,,Pittston,PA ,18640,USA,,570-654-2445,"Service,"
11720,Industrial/Commercial Sales & Service,00010001611002,Huntington Power, 230 Long Hill Cross Rd,,Shelton,CT ,06484,USA,www.huntingtonpower.com,203-929-3203,"Sales,Service,Up To 2MW,Mobile/Diesel/Gas,Training,Rental,"
11720,Industrial/Commercial Sales & Service,00010214161002,"R.L. KISTLER, INC.", 35 HAMILTON LANE,,GLENMONT,NY ,12077,USA,,585-436-1940,"Sales,Service,"
11720,Industrial/Commercial Sales & Service,00010214161002,"R.L. Kistler, Inc", 300 Mile Crossing Blvd.,,Rochester,NY ,14624,USA,rlkistler.com,585-436-1940,"Sales,"
11720,Industrial/Commercial Sales & Service,00010001611002,Huntington Power, 68 Enter Ln,,Islandia,NY ,11749,USA,,631-563-4943,"Sales,Service,Up To 2MW,Mobile/Diesel/Gas,"
11720,Industrial/Commercial Sales & Service,00010001611002,Huntington Power, 34 E DUDLEY TOWN RD.,,BLOOMFIELD,CT ,06002,USA,,860-289-8790,"Sales,Service,Rental,"
11720,Industrial/Commercial Sales & Service,00010214161002,"R.L. Kistler, Inc", 5615 Business Ave.,,N. Syracuse,NY ,13208,USA,,315-458-2875,"Sales,"
11720,Industrial/Commercial Sales & Service,00010214161002,"R.L. Kistler, Inc", 5615 Business Ave.,,N. Syracuse,NY ,13208,USA,,315-458-2875,"Sales,"
11720,Industrial/Commercial Sales & Service,00010208021002,Modern Group Power Systems, 2501 Durham Road,,Bristol,PA ,19007,USA,www.moderngroup.com,800-404-7291,"Sales,Service,Up To 2MW,Mobile/Diesel/Gas,Training,Rental,"
11720,Industrial/Commercial Sales & Service,00010001731002,Authorized Services Of New England, 410 Forest Street,,Marlborough,MA ,01752,USA,www.asne.com,888-890-9886,"Financing,Sales,Service,Up To 2MW,Mobile/Diesel/Gas,Training,Rental,"
11720,Industrial/Commercial Sales & Service,00010008091002,MODERN HANDLING EQUIP, 75 NEW STREET,,EDISON,NJ ,08837,USA,www.moderngroup.com,800-779-5116,"Sales,Service,Up To 2MW,Mobile/Diesel/Gas,"
11720,Industrial/Commercial Sales & Service,00010208021002,Modern Group Power Systems, 200 Allied Parkway,,West Berlin,NJ ,08091,USA,,800-404-7291,"Sales,Service,Up To 2MW,Mobile/Diesel/Gas,"
11720,Industrial/Commercial Sales & Service,00010000931002,"EMERGENCY POWER SYSTEMS, LLC", 35 HAMILTON LANE,,GLENMONT,NY ,12077,USA,,800-914-1465,"Service,Up To 2MW,Mobile/Diesel/Gas,"
11720,Industrial/Commercial Sales & Service,00010000931002,"EMERGENCY POWER SYSTEMS, LLC", 35 HAMILTON LANE,,GLENMONT,NY ,12077,USA,,800-914-1465,"Service,"
11720,Industrial/Commercial Sales & Service,00010001731002,AUTHORIZED SERVICES OF NEW ENGLAND, 410 FOREST STREET,,MARLBOROUGH,MA ,01752,USA,,888-890-9886,"Sales,"
11720,Industrial/Commercial Sales & Service,00010208021002,Modern Group Power Systems, 6352 Chapmans Rd,,Allentown,PA ,18106,USA,,800-404-7291,"Sales,Service,Up To 2MW,Mobile/Diesel/Gas,"
11720,Industrial/Commercial Sales & Service,00010208021002,Modern Group Power Systems, 295 New Commerce Blvd.,,Wilkes Barre,PA ,18706,USA,,800-404-7291,"Sales,Service,Up To 2MW,Mobile/Diesel/Gas,"
11720,Industrial/Commercial Sales & Service,00010208021002,Modern Group Power Systems, 66A South Gate Blvd.,,New Castle,DE ,19720,USA,,800-404-7291,"Sales,Service,Up To 2MW,Mobile/Diesel/Gas,"
11720,Industrial/Commercial Sales & Service,00010208021002,Modern Group Power Systems, 3480 Board Road,,York,PA ,17402,USA,,800-404-7291,"Sales,Service,Up To 2MW,Mobile/Diesel/Gas,"
11720,Industrial/Commercial Sales & Service,00010139211002,POWERPRO SERVICE CO. INC., 608 JOHNSON AVE. UNIT 6,,BOHEMIA,NY ,11716,USA,,631-567-2700,"Sales,Service,Up To 600kW,Mobile/Diesel/Gas,"
11720,Industrial/Commercial Sales & Service,00111209521002,LONG ISLAND EMERGENCY POWER -QO, 2 Ocean Avenue,,DEER PARK,NY ,11729,USA,,631-586-7513,"Sales,"
11720,Industrial/Commercial Sales & Service,00010001761002,"GENSERVE, INC.", 100 NEWTOWN RD,,PLAINVIEW,NY ,11803,USA,www.genserveinc.com,631-435-0437,"Service,"
11720,Industrial/Commercial Sales & Service,00111209531002,HUNTINGTON POWER - LONG ISLAND, PO BOX 2040,,SHELTON,CT ,06484,USA,,631-586-7513,"Sales,"
11720,Industrial/Commercial Sales & Service,00010134071002,PEAK POWER SYSTEMS, 99 SPRAGUE AVENUE,,MIDDLETOWN,NY ,10940,USA,www.peakpowersystems.com,845-344-1975,"Sales,Service,Up To 600kW,Mobile/Diesel/Gas,Rental,"
11720,Industrial/Commercial Sales & Service,00010001761002,"GENSERVE, INC.", 115A TWINBRIDGE DR.,,PENNSAUKEN,NJ ,08110,USA,www.genserveinc.com,856-324-0459,"Service,"
11720,Industrial/Commercial Sales & Service,00010021101002,SOUTH SHORE GENERATOR INC-Quote, 2696A CRANBERRY HWY,,WAREHAM,MA ,02571,USA,,508-295-7336,"Sales,Service,Up To 600kW,Mobile/Diesel/Gas,"
11720,Industrial/Commercial Sales & Service,00010001701002,SOUTH SHORE GENERATOR INC, ,,EAST WAREHAM,MA ,02538,USA,,508-295-7336,"Financing,Sales,Service,Up To 600kW,Mobile/Diesel/Gas,"
11720,Industrial/Commercial Sales & Service,00010001621002,BROOKFIELD SERVICE, 708 GLEBE ROAD,,WESTMORELAND,NH ,03467,USA,www.brookfieldservice.com,802-485-6567,"Service,Up To 600kW,Mobile/Diesel/Gas,"
11720,Industrial/Commercial Sales & Service,00111207431002,WARSHAUER ELECTRIC SUPPLY CO INC, 800 SHREWSBURY AVE,,TINTON FALLS,NJ ,07724,USA,www.warshauer.com,732-741-6400,"Service,"
11720,Industrial/Commercial Sales & Service,00010157021002,Mechanical Service Co, 1145 Oak St.,,Pittston,PA ,18640,USA,,570-654-2445,"Service,"
11721,Industrial/Commercial Sales & Service,00010001611002,Huntington Power, 230 Long Hill Cross Rd,,Shelton,CT ,06484,USA,www.huntingtonpower.com,203-929-3203,"Sales,Service,Up To 2MW,Mobile/Diesel/Gas,Training,Rental,"
11721,Industrial/Commercial Sales & Service,00010214161002,"R.L. KISTLER, INC.", 35 HAMILTON LANE,,GLENMONT,NY ,12077,USA,,585-436-1940,"Sales,Service,"
11721,Industrial/Commercial Sales & Service,00010214161002,"R.L. Kistler, Inc", 300 Mile Crossing Blvd.,,Rochester,NY ,14624,USA,rlkistler.com,585-436-1940,"Sales,"
11721,Industrial/Commercial Sales & Service,00010001611002,Huntington Power, 68 Enter Ln,,Islandia,NY ,11749,USA,,631-563-4943,"Sales,Service,Up To 2MW,Mobile/Diesel/Gas,"
11721,Industrial/Commercial Sales & Service,00010001611002,Huntington Power, 34 E DUDLEY TOWN RD.,,BLOOMFIELD,CT ,06002,USA,,860-289-8790,"Sales,Service,Rental,"
11721,Industrial/Commercial Sales & Service,00010214161002,"R.L. Kistler, Inc", 5615 Business Ave.,,N. Syracuse,NY ,13208,USA,,315-458-2875,"Sales,"
11721,Industrial/Commercial Sales & Service,00010214161002,"R.L. Kistler, Inc", 5615 Business Ave.,,N. Syracuse,NY ,13208,USA,,315-458-2875,"Sales,"
11721,Industrial/Commercial Sales & Service,00010208021002,Modern Group Power Systems, 2501 Durham Road,,Bristol,PA ,19007,USA,www.moderngroup.com,800-404-7291,"Sales,Service,Up To 2MW,Mobile/Diesel/Gas,Training,Rental,"
11721,Industrial/Commercial Sales & Service,00010001731002,Authorized Services Of New England, 410 Forest Street,,Marlborough,MA ,01752,USA,www.asne.com,888-890-9886,"Financing,Sales,Service,Up To 2MW,Mobile/Diesel/Gas,Training,Rental,"
11721,Industrial/Commercial Sales & Service,00010008091002,MODERN HANDLING EQUIP, 75 NEW STREET,,EDISON,NJ ,08837,USA,www.moderngroup.com,800-779-5116,"Sales,Service,Up To 2MW,Mobile/Diesel/Gas,"
11721,Industrial/Commercial Sales & Service,00010208021002,Modern Group Power Systems, 200 Allied Parkway,,West Berlin,NJ ,08091,USA,,800-404-7291,"Sales,Service,Up To 2MW,Mobile/Diesel/Gas,"
11721,Industrial/Commercial Sales & Service,00010208021002,Modern Group Power Systems, 6352 Chapmans Rd,,Allentown,PA ,18106,USA,,800-404-7291,"Sales,Service,Up To 2MW,Mobile/Diesel/Gas,"
11721,Industrial/Commercial Sales & Service,00010000931002,"EMERGENCY POWER SYSTEMS, LLC", 35 HAMILTON LANE,,GLENMONT,NY ,12077,USA,,800-914-1465,"Service,Up To 2MW,Mobile/Diesel/Gas,"
11721,Industrial/Commercial Sales & Service,00010000931002,"EMERGENCY POWER SYSTEMS, LLC", 35 HAMILTON LANE,,GLENMONT,NY ,12077,USA,,800-914-1465,"Service,"
11721,Industrial/Commercial Sales & Service,00010208021002,Modern Group Power Systems, 295 New Commerce Blvd.,,Wilkes Barre,PA ,18706,USA,,800-404-7291,"Sales,Service,Up To 2MW,Mobile/Diesel/Gas,"
11721,Industrial/Commercial Sales & Service,00010001731002,AUTHORIZED SERVICES OF NEW ENGLAND, 410 FOREST STREET,,MARLBOROUGH,MA ,01752,USA,,888-890-9886,"Sales,"
11721,Industrial/Commercial Sales & Service,00010208021002,Modern Group Power Systems, 66A South Gate Blvd.,,New Castle,DE ,19720,USA,,800-404-7291,"Sales,Service,Up To 2MW,Mobile/Diesel/Gas,"
11721,Industrial/Commercial Sales & Service,00010208021002,Modern Group Power Systems, 3480 Board Road,,York,PA ,17402,USA,,800-404-7291,"Sales,Service,Up To 2MW,Mobile/Diesel/Gas,"
11721,Industrial/Commercial Sales & Service,00010001761002,"GENSERVE, INC.", 100 NEWTOWN RD,,PLAINVIEW,NY ,11803,USA,www.genserveinc.com,631-435-0437,"Service,"
11721,Industrial/Commercial Sales & Service,00111209521002,LONG ISLAND EMERGENCY POWER -QO, 2 Ocean Avenue,,DEER PARK,NY ,11729,USA,,631-586-7513,"Sales,"
11721,Industrial/Commercial Sales & Service,00010139211002,POWERPRO SERVICE CO. INC., 608 JOHNSON AVE. UNIT 6,,BOHEMIA,NY ,11716,USA,,631-567-2700,"Sales,Service,Up To 600kW,Mobile/Diesel/Gas,"
11721,Industrial/Commercial Sales & Service,00111209531002,HUNTINGTON POWER - LONG ISLAND, PO BOX 2040,,SHELTON,CT ,06484,USA,,631-586-7513,"Sales,"
11721,Industrial/Commercial Sales & Service,00010134071002,PEAK POWER SYSTEMS, 99 SPRAGUE AVENUE,,MIDDLETOWN,NY ,10940,USA,www.peakpowersystems.com,845-344-1975,"Sales,Service,Up To 600kW,Mobile/Diesel/Gas,Rental,"
11721,Industrial/Commercial Sales & Service,00010001761002,"GENSERVE, INC.", 115A TWINBRIDGE DR.,,PENNSAUKEN,NJ ,08110,USA,www.genserveinc.com,856-324-0459,"Service,"
11721,Industrial/Commercial Sales & Service,00010021101002,SOUTH SHORE GENERATOR INC-Quote, 2696A CRANBERRY HWY,,WAREHAM,MA ,02571,USA,,508-295-7336,"Sales,Service,Up To 600kW,Mobile/Diesel/Gas,"
11721,Industrial/Commercial Sales & Service,00010001621002,BROOKFIELD SERVICE, 708 GLEBE ROAD,,WESTMORELAND,NH ,03467,USA,www.brookfieldservice.com,802-485-6567,"Service,Up To 600kW,Mobile/Diesel/Gas,"
11721,Industrial/Commercial Sales & Service,00010001701002,SOUTH SHORE GENERATOR INC, ,,EAST WAREHAM,MA ,02538,USA,,508-295-7336,"Financing,Sales,Service,Up To 600kW,Mobile/Diesel/Gas,"
11721,Industrial/Commercial Sales & Service,00111184131002,HUNTER & LOMISON, 1956 W FOURTH ST,,WILLIAMSPORT,PA ,17701,USA,www.hunterlomison.com,570-326-1764,"Sales,Service,Up To 600kW,Mobile/Diesel/Gas,Rental,"
11721,Industrial/Commercial Sales & Service,00010000881002,HUNTER & LOMISON INC., 1956 W. 4TH STREET,,WILLIAMSPORT,PA ,17701,USA,www.hunterlomison.com,570-326-1764,"Service,Up To 600kW,Mobile/Diesel/Gas,"
11721,Industrial/Commercial Sales & Service,00111207431002,WARSHAUER ELECTRIC SUPPLY CO INC, 800 SHREWSBURY AVE,,TINTON FALLS,NJ ,07724,USA,www.warshauer.com,732-741-6400,"Service,"
11721,Industrial/Commercial Sales & Service,00010157021002,Mechanical Service Co, 1145 Oak St.,,Pittston,PA ,18640,USA,,570-654-2445,"Service,"
11722,Industrial/Commercial Sales & Service,00010214161002,"R.L. Kistler, Inc", 300 Mile Crossing Blvd.,,Rochester,NY ,14624,USA,rlkistler.com,585-436-1940,"Sales,"
11722,Industrial/Commercial Sales & Service,00010001611002,Huntington Power, 230 Long Hill Cross Rd,,Shelton,CT ,06484,USA,www.huntingtonpower.com,203-929-3203,"Sales,Service,Up To 2MW,Mobile/Diesel/Gas,Training,Rental,"
11722,Industrial/Commercial Sales & Service,00010214161002,"R.L. KISTLER, INC.", 35 HAMILTON LANE,,GLENMONT,NY ,12077,USA,,585-436-1940,"Sales,Service,"
11722,Industrial/Commercial Sales & Service,00010214161002,"R.L. Kistler, Inc", 5615 Business Ave.,,N. Syracuse,NY ,13208,USA,,315-458-2875,"Sales,"
11722,Industrial/Commercial Sales & Service,00010001611002,Huntington Power, 68 Enter Ln,,Islandia,NY ,11749,USA,,631-563-4943,"Sales,Service,Up To 2MW,Mobile/Diesel/Gas,"
11722,Industrial/Commercial Sales & Service,00010001611002,Huntington Power, 34 E DUDLEY TOWN RD.,,BLOOMFIELD,CT ,06002,USA,,860-289-8790,"Sales,Service,Rental,"
11722,Industrial/Commercial Sales & Service,00010214161002,"R.L. Kistler, Inc", 5615 Business Ave.,,N. Syracuse,NY ,13208,USA,,315-458-2875,"Sales,"
11722,Industrial/Commercial Sales & Service,00010208021002,Modern Group Power Systems, 2501 Durham Road,,Bristol,PA ,19007,USA,www.moderngroup.com,800-404-7291,"Sales,Service,Up To 2MW,Mobile/Diesel/Gas,Training,Rental,"
11722,Industrial/Commercial Sales & Service,00010001731002,Authorized Services Of New England, 410 Forest Street,,Marlborough,MA ,01752,USA,www.asne.com,888-890-9886,"Financing,Sales,Service,Up To 2MW,Mobile/Diesel/Gas,Training,Rental,"
11722,Industrial/Commercial Sales & Service,00010008091002,MODERN HANDLING EQUIP, 75 NEW STREET,,EDISON,NJ ,08837,USA,www.moderngroup.com,800-779-5116,"Sales,Service,Up To 2MW,Mobile/Diesel/Gas,"
11722,Industrial/Commercial Sales & Service,00010208021002,Modern Group Power Systems, 200 Allied Parkway,,West Berlin,NJ ,08091,USA,,800-404-7291,"Sales,Service,Up To 2MW,Mobile/Diesel/Gas,"
11722,Industrial/Commercial Sales & Service,00010208021002,Modern Group Power Systems, 6352 Chapmans Rd,,Allentown,PA ,18106,USA,,800-404-7291,"Sales,Service,Up To 2MW,Mobile/Diesel/Gas,"
11722,Industrial/Commercial Sales & Service,00010000931002,"EMERGENCY POWER SYSTEMS, LLC", 35 HAMILTON LANE,,GLENMONT,NY ,12077,USA,,800-914-1465,"Service,Up To 2MW,Mobile/Diesel/Gas,"
11722,Industrial/Commercial Sales & Service,00010000931002,"EMERGENCY POWER SYSTEMS, LLC", 35 HAMILTON LANE,,GLENMONT,NY ,12077,USA,,800-914-1465,"Service,"
11722,Industrial/Commercial Sales & Service,00010001731002,AUTHORIZED SERVICES OF NEW ENGLAND, 410 FOREST STREET,,MARLBOROUGH,MA ,01752,USA,,888-890-9886,"Sales,"
11722,Industrial/Commercial Sales & Service,00010208021002,Modern Group Power Systems, 295 New Commerce Blvd.,,Wilkes Barre,PA ,18706,USA,,800-404-7291,"Sales,Service,Up To 2MW,Mobile/Diesel/Gas,"
11722,Industrial/Commercial Sales & Service,00010208021002,Modern Group Power Systems, 66A South Gate Blvd.,,New Castle,DE ,19720,USA,,800-404-7291,"Sales,Service,Up To 2MW,Mobile/Diesel/Gas,"
11722,Industrial/Commercial Sales & Service,00010208021002,Modern Group Power Systems, 3480 Board Road,,York,PA ,17402,USA,,800-404-7291,"Sales,Service,Up To 2MW,Mobile/Diesel/Gas,"
11722,Industrial/Commercial Sales & Service,00010139211002,POWERPRO SERVICE CO. INC., 608 JOHNSON AVE. UNIT 6,,BOHEMIA,NY ,11716,USA,,631-567-2700,"Sales,Service,Up To 600kW,Mobile/Diesel/Gas,"
11722,Industrial/Commercial Sales & Service,00111209521002,LONG ISLAND EMERGENCY POWER -QO, 2 Ocean Avenue,,DEER PARK,NY ,11729,USA,,631-586-7513,"Sales,"
11722,Industrial/Commercial Sales & Service,00010001761002,"GENSERVE, INC.", 100 NEWTOWN RD,,PLAINVIEW,NY ,11803,USA,www.genserveinc.com,631-435-0437,"Service,"
11722,Industrial/Commercial Sales & Service,00111209531002,HUNTINGTON POWER - LONG ISLAND, PO BOX 2040,,SHELTON,CT ,06484,USA,,631-586-7513,"Sales,"
11722,Industrial/Commercial Sales & Service,00010134071002,PEAK POWER SYSTEMS, 99 SPRAGUE AVENUE,,MIDDLETOWN,NY ,10940,USA,www.peakpowersystems.com,845-344-1975,"Sales,Service,Up To 600kW,Mobile/Diesel/Gas,Rental,"
11722,Industrial/Commercial Sales & Service,00010001761002,"GENSERVE, INC.", 115A TWINBRIDGE DR.,,PENNSAUKEN,NJ ,08110,USA,www.genserveinc.com,856-324-0459,"Service,"
11722,Industrial/Commercial Sales & Service,00010021101002,SOUTH SHORE GENERATOR INC-Quote, 2696A CRANBERRY HWY,,WAREHAM,MA ,02571,USA,,508-295-7336,"Sales,Service,Up To 600kW,Mobile/Diesel/Gas,"
11722,Industrial/Commercial Sales & Service,00010001701002,SOUTH SHORE GENERATOR INC, ,,EAST WAREHAM,MA ,02538,USA,,508-295-7336,"Financing,Sales,Service,Up To 600kW,Mobile/Diesel/Gas,"
11722,Industrial/Commercial Sales & Service,00010001621002,BROOKFIELD SERVICE, 708 GLEBE ROAD,,WESTMORELAND,NH ,03467,USA,www.brookfieldservice.com,802-485-6567,"Service,Up To 600kW,Mobile/Diesel/Gas,"
11722,Industrial/Commercial Sales & Service,00111207431002,WARSHAUER ELECTRIC SUPPLY CO INC, 800 SHREWSBURY AVE,,TINTON FALLS,NJ ,07724,USA,www.warshauer.com,732-741-6400,"Service,"
11722,Industrial/Commercial Sales & Service,00010157021002,Mechanical Service Co, 1145 Oak St.,,Pittston,PA ,18640,USA,,570-654-2445,"Service,"
11724,Industrial/Commercial Sales & Service,00010214161002,"R.L. KISTLER, INC.", 35 HAMILTON LANE,,GLENMONT,NY ,12077,USA,,585-436-1940,"Sales,Service,"
11724,Industrial/Commercial Sales & Service,00010214161002,"R.L. Kistler, Inc", 300 Mile Crossing Blvd.,,Rochester,NY ,14624,USA,rlkistler.com,585-436-1940,"Sales,"
11724,Industrial/Commercial Sales & Service,00010001611002,Huntington Power, 230 Long Hill Cross Rd,,Shelton,CT ,06484,USA,www.huntingtonpower.com,203-929-3203,"Sales,Service,Up To 2MW,Mobile/Diesel/Gas,Training,Rental,"
11724,Industrial/Commercial Sales & Service,00010214161002,"R.L. Kistler, Inc", 5615 Business Ave.,,N. Syracuse,NY ,13208,USA,,315-458-2875,"Sales,"
11724,Industrial/Commercial Sales & Service,00010214161002,"R.L. Kistler, Inc", 5615 Business Ave.,,N. Syracuse,NY ,13208,USA,,315-458-2875,"Sales,"
11724,Industrial/Commercial Sales & Service,00010001611002,Huntington Power, 68 Enter Ln,,Islandia,NY ,11749,USA,,631-563-4943,"Sales,Service,Up To 2MW,Mobile/Diesel/Gas,"
11724,Industrial/Commercial Sales & Service,00010001611002,Huntington Power, 34 E DUDLEY TOWN RD.,,BLOOMFIELD,CT ,06002,USA,,860-289-8790,"Sales,Service,Rental,"
11724,Industrial/Commercial Sales & Service,00010208021002,Modern Group Power Systems, 2501 Durham Road,,Bristol,PA ,19007,USA,www.moderngroup.com,800-404-7291,"Sales,Service,Up To 2MW,Mobile/Diesel/Gas,Training,Rental,"
11724,Industrial/Commercial Sales & Service,00010001731002,Authorized Services Of New England, 410 Forest Street,,Marlborough,MA ,01752,USA,www.asne.com,888-890-9886,"Financing,Sales,Service,Up To 2MW,Mobile/Diesel/Gas,Training,Rental,"
11724,Industrial/Commercial Sales & Service,00010008091002,MODERN HANDLING EQUIP, 75 NEW STREET,,EDISON,NJ ,08837,USA,www.moderngroup.com,800-779-5116,"Sales,Service,Up To 2MW,Mobile/Diesel/Gas,"
11724,Industrial/Commercial Sales & Service,00010208021002,Modern Group Power Systems, 200 Allied Parkway,,West Berlin,NJ ,08091,USA,,800-404-7291,"Sales,Service,Up To 2MW,Mobile/Diesel/Gas,"
11724,Industrial/Commercial Sales & Service,00010208021002,Modern Group Power Systems, 6352 Chapmans Rd,,Allentown,PA ,18106,USA,,800-404-7291,"Sales,Service,Up To 2MW,Mobile/Diesel/Gas,"
11724,Industrial/Commercial Sales & Service,00010000931002,"EMERGENCY POWER SYSTEMS, LLC", 35 HAMILTON LANE,,GLENMONT,NY ,12077,USA,,800-914-1465,"Service,Up To 2MW,Mobile/Diesel/Gas,"
11724,Industrial/Commercial Sales & Service,00010000931002,"EMERGENCY POWER SYSTEMS, LLC", 35 HAMILTON LANE,,GLENMONT,NY ,12077,USA,,800-914-1465,"Service,"
11724,Industrial/Commercial Sales & Service,00010208021002,Modern Group Power Systems, 295 New Commerce Blvd.,,Wilkes Barre,PA ,18706,USA,,800-404-7291,"Sales,Service,Up To 2MW,Mobile/Diesel/Gas,"
11724,Industrial/Commercial Sales & Service,00010208021002,Modern Group Power Systems, 66A South Gate Blvd.,,New Castle,DE ,19720,USA,,800-404-7291,"Sales,Service,Up To 2MW,Mobile/Diesel/Gas,"
11724,Industrial/Commercial Sales & Service,00010001731002,AUTHORIZED SERVICES OF NEW ENGLAND, 410 FOREST STREET,,MARLBOROUGH,MA ,01752,USA,,888-890-9886,"Sales,"
11724,Industrial/Commercial Sales & Service,00010208021002,Modern Group Power Systems, 3480 Board Road,,York,PA ,17402,USA,,800-404-7291,"Sales,Service,Up To 2MW,Mobile/Diesel/Gas,"
11724,Industrial/Commercial Sales & Service,00010001761002,"GENSERVE, INC.", 100 NEWTOWN RD,,PLAINVIEW,NY ,11803,USA,www.genserveinc.com,631-435-0437,"Service,"
11724,Industrial/Commercial Sales & Service,00111209521002,LONG ISLAND EMERGENCY POWER -QO, 2 Ocean Avenue,,DEER PARK,NY ,11729,USA,,631-586-7513,"Sales,"
11724,Industrial/Commercial Sales & Service,00010139211002,POWERPRO SERVICE CO. INC., 608 JOHNSON AVE. UNIT 6,,BOHEMIA,NY ,11716,USA,,631-567-2700,"Sales,Service,Up To 600kW,Mobile/Diesel/Gas,"
11724,Industrial/Commercial Sales & Service,00111209531002,HUNTINGTON POWER - LONG ISLAND, PO BOX 2040,,SHELTON,CT ,06484,USA,,631-586-7513,"Sales,"
11724,Industrial/Commercial Sales & Service,00010134071002,PEAK POWER SYSTEMS, 99 SPRAGUE AVENUE,,MIDDLETOWN,NY ,10940,USA,www.peakpowersystems.com,845-344-1975,"Sales,Service,Up To 600kW,Mobile/Diesel/Gas,Rental,"
11724,Industrial/Commercial Sales & Service,00010001761002,"GENSERVE, INC.", 115A TWINBRIDGE DR.,,PENNSAUKEN,NJ ,08110,USA,www.genserveinc.com,856-324-0459,"Service,"
11724,Industrial/Commercial Sales & Service,00010001621002,BROOKFIELD SERVICE, 708 GLEBE ROAD,,WESTMORELAND,NH ,03467,USA,www.brookfieldservice.com,802-485-6567,"Service,Up To 600kW,Mobile/Diesel/Gas,"
11724,Industrial/Commercial Sales & Service,00010021101002,SOUTH SHORE GENERATOR INC-Quote, 2696A CRANBERRY HWY,,WAREHAM,MA ,02571,USA,,508-295-7336,"Sales,Service,Up To 600kW,Mobile/Diesel/Gas,"
11724,Industrial/Commercial Sales & Service,00010001701002,SOUTH SHORE GENERATOR INC, ,,EAST WAREHAM,MA ,02538,USA,,508-295-7336,"Financing,Sales,Service,Up To 600kW,Mobile/Diesel/Gas,"
11724,Industrial/Commercial Sales & Service,00111184131002,HUNTER & LOMISON, 1956 W FOURTH ST,,WILLIAMSPORT,PA ,17701,USA,www.hunterlomison.com,570-326-1764,"Sales,Service,Up To 600kW,Mobile/Diesel/Gas,Rental,"
11724,Industrial/Commercial Sales & Service,00010000881002,HUNTER & LOMISON INC., 1956 W. 4TH STREET,,WILLIAMSPORT,PA ,17701,USA,www.hunterlomison.com,570-326-1764,"Service,Up To 600kW,Mobile/Diesel/Gas,"
11724,Industrial/Commercial Sales & Service,00111207431002,WARSHAUER ELECTRIC SUPPLY CO INC, 800 SHREWSBURY AVE,,TINTON FALLS,NJ ,07724,USA,www.warshauer.com,732-741-6400,"Service,"
11724,Industrial/Commercial Sales & Service,00010157021002,Mechanical Service Co, 1145 Oak St.,,Pittston,PA ,18640,USA,,570-654-2445,"Service,"
11725,Industrial/Commercial Sales & Service,00010001611002,Huntington Power, 230 Long Hill Cross Rd,,Shelton,CT ,06484,USA,www.huntingtonpower.com,203-929-3203,"Sales,Service,Up To 2MW,Mobile/Diesel/Gas,Training,Rental,"
11725,Industrial/Commercial Sales & Service,00010214161002,"R.L. Kistler, Inc", 300 Mile Crossing Blvd.,,Rochester,NY ,14624,USA,rlkistler.com,585-436-1940,"Sales,"
11725,Industrial/Commercial Sales & Service,00010214161002,"R.L. KISTLER, INC.", 35 HAMILTON LANE,,GLENMONT,NY ,12077,USA,,585-436-1940,"Sales,Service,"
11725,Industrial/Commercial Sales & Service,00010001611002,Huntington Power, 68 Enter Ln,,Islandia,NY ,11749,USA,,631-563-4943,"Sales,Service,Up To 2MW,Mobile/Diesel/Gas,"
11725,Industrial/Commercial Sales & Service,00010001611002,Huntington Power, 34 E DUDLEY TOWN RD.,,BLOOMFIELD,CT ,06002,USA,,860-289-8790,"Sales,Service,Rental,"
11725,Industrial/Commercial Sales & Service,00010214161002,"R.L. Kistler, Inc", 5615 Business Ave.,,N. Syracuse,NY ,13208,USA,,315-458-2875,"Sales,"
11725,Industrial/Commercial Sales & Service,00010214161002,"R.L. Kistler, Inc", 5615 Business Ave.,,N. Syracuse,NY ,13208,USA,,315-458-2875,"Sales,"
11725,Industrial/Commercial Sales & Service,00010208021002,Modern Group Power Systems, 2501 Durham Road,,Bristol,PA ,19007,USA,www.moderngroup.com,800-404-7291,"Sales,Service,Up To 2MW,Mobile/Diesel/Gas,Training,Rental,"
11725,Industrial/Commercial Sales & Service,00010001731002,Authorized Services Of New England, 410 Forest Street,,Marlborough,MA ,01752,USA,www.asne.com,888-890-9886,"Financing,Sales,Service,Up To 2MW,Mobile/Diesel/Gas,Training,Rental,"
11725,Industrial/Commercial Sales & Service,00010008091002,MODERN HANDLING EQUIP, 75 NEW STREET,,EDISON,NJ ,08837,USA,www.moderngroup.com,800-779-5116,"Sales,Service,Up To 2MW,Mobile/Diesel/Gas,"
11725,Industrial/Commercial Sales & Service,00010208021002,Modern Group Power Systems, 200 Allied Parkway,,West Berlin,NJ ,08091,USA,,800-404-7291,"Sales,Service,Up To 2MW,Mobile/Diesel/Gas,"
11725,Industrial/Commercial Sales & Service,00010208021002,Modern Group Power Systems, 6352 Chapmans Rd,,Allentown,PA ,18106,USA,,800-404-7291,"Sales,Service,Up To 2MW,Mobile/Diesel/Gas,"
11725,Industrial/Commercial Sales & Service,00010000931002,"EMERGENCY POWER SYSTEMS, LLC", 35 HAMILTON LANE,,GLENMONT,NY ,12077,USA,,800-914-1465,"Service,Up To 2MW,Mobile/Diesel/Gas,"
11725,Industrial/Commercial Sales & Service,00010000931002,"EMERGENCY POWER SYSTEMS, LLC", 35 HAMILTON LANE,,GLENMONT,NY ,12077,USA,,800-914-1465,"Service,"
11725,Industrial/Commercial Sales & Service,00010001731002,AUTHORIZED SERVICES OF NEW ENGLAND, 410 FOREST STREET,,MARLBOROUGH,MA ,01752,USA,,888-890-9886,"Sales,"
11725,Industrial/Commercial Sales & Service,00010208021002,Modern Group Power Systems, 295 New Commerce Blvd.,,Wilkes Barre,PA ,18706,USA,,800-404-7291,"Sales,Service,Up To 2MW,Mobile/Diesel/Gas,"
11725,Industrial/Commercial Sales & Service,00010208021002,Modern Group Power Systems, 66A South Gate Blvd.,,New Castle,DE ,19720,USA,,800-404-7291,"Sales,Service,Up To 2MW,Mobile/Diesel/Gas,"
11725,Industrial/Commercial Sales & Service,00010208021002,Modern Group Power Systems, 3480 Board Road,,York,PA ,17402,USA,,800-404-7291,"Sales,Service,Up To 2MW,Mobile/Diesel/Gas,"
11725,Industrial/Commercial Sales & Service,00111209521002,LONG ISLAND EMERGENCY POWER -QO, 2 Ocean Avenue,,DEER PARK,NY ,11729,USA,,631-586-7513,"Sales,"
11725,Industrial/Commercial Sales & Service,00010139211002,POWERPRO SERVICE CO. INC., 608 JOHNSON AVE. UNIT 6,,BOHEMIA,NY ,11716,USA,,631-567-2700,"Sales,Service,Up To 600kW,Mobile/Diesel/Gas,"
11725,Industrial/Commercial Sales & Service,00010001761002,"GENSERVE, INC.", 100 NEWTOWN RD,,PLAINVIEW,NY ,11803,USA,www.genserveinc.com,631-435-0437,"Service,"
11725,Industrial/Commercial Sales & Service,00111209531002,HUNTINGTON POWER - LONG ISLAND, PO BOX 2040,,SHELTON,CT ,06484,USA,,631-586-7513,"Sales,"
11725,Industrial/Commercial Sales & Service,00010134071002,PEAK POWER SYSTEMS, 99 SPRAGUE AVENUE,,MIDDLETOWN,NY ,10940,USA,www.peakpowersystems.com,845-344-1975,"Sales,Service,Up To 600kW,Mobile/Diesel/Gas,Rental,"
11725,Industrial/Commercial Sales & Service,00010001761002,"GENSERVE, INC.", 115A TWINBRIDGE DR.,,PENNSAUKEN,NJ ,08110,USA,www.genserveinc.com,856-324-0459,"Service,"
11725,Industrial/Commercial Sales & Service,00010021101002,SOUTH SHORE GENERATOR INC-Quote, 2696A CRANBERRY HWY,,WAREHAM,MA ,02571,USA,,508-295-7336,"Sales,Service,Up To 600kW,Mobile/Diesel/Gas,"
11725,Industrial/Commercial Sales & Service,00010001701002,SOUTH SHORE GENERATOR INC, ,,EAST WAREHAM,MA ,02538,USA,,508-295-7336,"Financing,Sales,Service,Up To 600kW,Mobile/Diesel/Gas,"
11725,Industrial/Commercial Sales & Service,00010001621002,BROOKFIELD SERVICE, 708 GLEBE ROAD,,WESTMORELAND,NH ,03467,USA,www.brookfieldservice.com,802-485-6567,"Service,Up To 600kW,Mobile/Diesel/Gas,"
11725,Industrial/Commercial Sales & Service,00111184131002,HUNTER & LOMISON, 1956 W FOURTH ST,,WILLIAMSPORT,PA ,17701,USA,www.hunterlomison.com,570-326-1764,"Sales,Service,Up To 600kW,Mobile/Diesel/Gas,Rental,"
11725,Industrial/Commercial Sales & Service,00010000881002,HUNTER & LOMISON INC., 1956 W. 4TH STREET,,WILLIAMSPORT,PA ,17701,USA,www.hunterlomison.com,570-326-1764,"Service,Up To 600kW,Mobile/Diesel/Gas,"
11725,Industrial/Commercial Sales & Service,00111207431002,WARSHAUER ELECTRIC SUPPLY CO INC, 800 SHREWSBURY AVE,,TINTON FALLS,NJ ,07724,USA,www.warshauer.com,732-741-6400,"Service,"
11725,Industrial/Commercial Sales & Service,00010157021002,Mechanical Service Co, 1145 Oak St.,,Pittston,PA ,18640,USA,,570-654-2445,"Service,"
11726,Industrial/Commercial Sales & Service,00010214161002,"R.L. Kistler, Inc", 300 Mile Crossing Blvd.,,Rochester,NY ,14624,USA,rlkistler.com,585-436-1940,"Sales,"
11726,Industrial/Commercial Sales & Service,00010214161002,"R.L. KISTLER, INC.", 35 HAMILTON LANE,,GLENMONT,NY ,12077,USA,,585-436-1940,"Sales,Service,"
11726,Industrial/Commercial Sales & Service,00010001611002,Huntington Power, 230 Long Hill Cross Rd,,Shelton,CT ,06484,USA,www.huntingtonpower.com,203-929-3203,"Sales,Service,Up To 2MW,Mobile/Diesel/Gas,Training,Rental,"
11726,Industrial/Commercial Sales & Service,00010214161002,"R.L. Kistler, Inc", 5615 Business Ave.,,N. Syracuse,NY ,13208,USA,,315-458-2875,"Sales,"
11726,Industrial/Commercial Sales & Service,00010214161002,"R.L. Kistler, Inc", 5615 Business Ave.,,N. Syracuse,NY ,13208,USA,,315-458-2875,"Sales,"
11726,Industrial/Commercial Sales & Service,00010001611002,Huntington Power, 68 Enter Ln,,Islandia,NY ,11749,USA,,631-563-4943,"Sales,Service,Up To 2MW,Mobile/Diesel/Gas,"
11726,Industrial/Commercial Sales & Service,00010001611002,Huntington Power, 34 E DUDLEY TOWN RD.,,BLOOMFIELD,CT ,06002,USA,,860-289-8790,"Sales,Service,Rental,"
11726,Industrial/Commercial Sales & Service,00010208021002,Modern Group Power Systems, 2501 Durham Road,,Bristol,PA ,19007,USA,www.moderngroup.com,800-404-7291,"Sales,Service,Up To 2MW,Mobile/Diesel/Gas,Training,Rental,"
11726,Industrial/Commercial Sales & Service,00010001731002,Authorized Services Of New England, 410 Forest Street,,Marlborough,MA ,01752,USA,www.asne.com,888-890-9886,"Financing,Sales,Service,Up To 2MW,Mobile/Diesel/Gas,Training,Rental,"
11726,Industrial/Commercial Sales & Service,00010008091002,MODERN HANDLING EQUIP, 75 NEW STREET,,EDISON,NJ ,08837,USA,www.moderngroup.com,800-779-5116,"Sales,Service,Up To 2MW,Mobile/Diesel/Gas,"
11726,Industrial/Commercial Sales & Service,00010208021002,Modern Group Power Systems, 200 Allied Parkway,,West Berlin,NJ ,08091,USA,,800-404-7291,"Sales,Service,Up To 2MW,Mobile/Diesel/Gas,"
11726,Industrial/Commercial Sales & Service,00010208021002,Modern Group Power Systems, 6352 Chapmans Rd,,Allentown,PA ,18106,USA,,800-404-7291,"Sales,Service,Up To 2MW,Mobile/Diesel/Gas,"
11726,Industrial/Commercial Sales & Service,00010000931002,"EMERGENCY POWER SYSTEMS, LLC", 35 HAMILTON LANE,,GLENMONT,NY ,12077,USA,,800-914-1465,"Service,Up To 2MW,Mobile/Diesel/Gas,"
11726,Industrial/Commercial Sales & Service,00010000931002,"EMERGENCY POWER SYSTEMS, LLC", 35 HAMILTON LANE,,GLENMONT,NY ,12077,USA,,800-914-1465,"Service,"
11726,Industrial/Commercial Sales & Service,00010208021002,Modern Group Power Systems, 66A South Gate Blvd.,,New Castle,DE ,19720,USA,,800-404-7291,"Sales,Service,Up To 2MW,Mobile/Diesel/Gas,"
11726,Industrial/Commercial Sales & Service,00010208021002,Modern Group Power Systems, 295 New Commerce Blvd.,,Wilkes Barre,PA ,18706,USA,,800-404-7291,"Sales,Service,Up To 2MW,Mobile/Diesel/Gas,"
11726,Industrial/Commercial Sales & Service,00010001731002,AUTHORIZED SERVICES OF NEW ENGLAND, 410 FOREST STREET,,MARLBOROUGH,MA ,01752,USA,,888-890-9886,"Sales,"
11726,Industrial/Commercial Sales & Service,00010208021002,Modern Group Power Systems, 3480 Board Road,,York,PA ,17402,USA,,800-404-7291,"Sales,Service,Up To 2MW,Mobile/Diesel/Gas,"
11726,Industrial/Commercial Sales & Service,00111209521002,LONG ISLAND EMERGENCY POWER -QO, 2 Ocean Avenue,,DEER PARK,NY ,11729,USA,,631-586-7513,"Sales,"
11726,Industrial/Commercial Sales & Service,00010001761002,"GENSERVE, INC.", 100 NEWTOWN RD,,PLAINVIEW,NY ,11803,USA,www.genserveinc.com,631-435-0437,"Service,"
11726,Industrial/Commercial Sales & Service,00010139211002,POWERPRO SERVICE CO. INC., 608 JOHNSON AVE. UNIT 6,,BOHEMIA,NY ,11716,USA,,631-567-2700,"Sales,Service,Up To 600kW,Mobile/Diesel/Gas,"
11726,Industrial/Commercial Sales & Service,00111209531002,HUNTINGTON POWER - LONG ISLAND, PO BOX 2040,,SHELTON,CT ,06484,USA,,631-586-7513,"Sales,"
11726,Industrial/Commercial Sales & Service,00010134071002,PEAK POWER SYSTEMS, 99 SPRAGUE AVENUE,,MIDDLETOWN,NY ,10940,USA,www.peakpowersystems.com,845-344-1975,"Sales,Service,Up To 600kW,Mobile/Diesel/Gas,Rental,"
11726,Industrial/Commercial Sales & Service,00010001761002,"GENSERVE, INC.", 115A TWINBRIDGE DR.,,PENNSAUKEN,NJ ,08110,USA,www.genserveinc.com,856-324-0459,"Service,"
11726,Industrial/Commercial Sales & Service,00010021101002,SOUTH SHORE GENERATOR INC-Quote, 2696A CRANBERRY HWY,,WAREHAM,MA ,02571,USA,,508-295-7336,"Sales,Service,Up To 600kW,Mobile/Diesel/Gas,"
11726,Industrial/Commercial Sales & Service,00010001701002,SOUTH SHORE GENERATOR INC, ,,EAST WAREHAM,MA ,02538,USA,,508-295-7336,"Financing,Sales,Service,Up To 600kW,Mobile/Diesel/Gas,"
11726,Industrial/Commercial Sales & Service,00010001621002,BROOKFIELD SERVICE, 708 GLEBE ROAD,,WESTMORELAND,NH ,03467,USA,www.brookfieldservice.com,802-485-6567,"Service,Up To 600kW,Mobile/Diesel/Gas,"
11726,Industrial/Commercial Sales & Service,00111184131002,HUNTER & LOMISON, 1956 W FOURTH ST,,WILLIAMSPORT,PA ,17701,USA,www.hunterlomison.com,570-326-1764,"Sales,Service,Up To 600kW,Mobile/Diesel/Gas,Rental,"
11726,Industrial/Commercial Sales & Service,00010000881002,HUNTER & LOMISON INC., 1956 W. 4TH STREET,,WILLIAMSPORT,PA ,17701,USA,www.hunterlomison.com,570-326-1764,"Service,Up To 600kW,Mobile/Diesel/Gas,"
11726,Industrial/Commercial Sales & Service,00111207431002,WARSHAUER ELECTRIC SUPPLY CO INC, 800 SHREWSBURY AVE,,TINTON FALLS,NJ ,07724,USA,www.warshauer.com,732-741-6400,"Service,"
11726,Industrial/Commercial Sales & Service,00010157021002,Mechanical Service Co, 1145 Oak St.,,Pittston,PA ,18640,USA,,570-654-2445,"Service,"
11727,Industrial/Commercial Sales & Service,00010214161002,"R.L. KISTLER, INC.", 35 HAMILTON LANE,,GLENMONT,NY ,12077,USA,,585-436-1940,"Sales,Service,"
11727,Industrial/Commercial Sales & Service,00010214161002,"R.L. Kistler, Inc", 300 Mile Crossing Blvd.,,Rochester,NY ,14624,USA,rlkistler.com,585-436-1940,"Sales,"
11727,Industrial/Commercial Sales & Service,00010001611002,Huntington Power, 230 Long Hill Cross Rd,,Shelton,CT ,06484,USA,www.huntingtonpower.com,203-929-3203,"Sales,Service,Up To 2MW,Mobile/Diesel/Gas,Training,Rental,"
11727,Industrial/Commercial Sales & Service,00010214161002,"R.L. Kistler, Inc", 5615 Business Ave.,,N. Syracuse,NY ,13208,USA,,315-458-2875,"Sales,"
11727,Industrial/Commercial Sales & Service,00010214161002,"R.L. Kistler, Inc", 5615 Business Ave.,,N. Syracuse,NY ,13208,USA,,315-458-2875,"Sales,"
11727,Industrial/Commercial Sales & Service,00010001611002,Huntington Power, 68 Enter Ln,,Islandia,NY ,11749,USA,,631-563-4943,"Sales,Service,Up To 2MW,Mobile/Diesel/Gas,"
11727,Industrial/Commercial Sales & Service,00010001611002,Huntington Power, 34 E DUDLEY TOWN RD.,,BLOOMFIELD,CT ,06002,USA,,860-289-8790,"Sales,Service,Rental,"
11727,Industrial/Commercial Sales & Service,00010208021002,Modern Group Power Systems, 2501 Durham Road,,Bristol,PA ,19007,USA,www.moderngroup.com,800-404-7291,"Sales,Service,Up To 2MW,Mobile/Diesel/Gas,Training,Rental,"
11727,Industrial/Commercial Sales & Service,00010001731002,Authorized Services Of New England, 410 Forest Street,,Marlborough,MA ,01752,USA,www.asne.com,888-890-9886,"Financing,Sales,Service,Up To 2MW,Mobile/Diesel/Gas,Training,Rental,"
11727,Industrial/Commercial Sales & Service,00010008091002,MODERN HANDLING EQUIP, 75 NEW STREET,,EDISON,NJ ,08837,USA,www.moderngroup.com,800-779-5116,"Sales,Service,Up To 2MW,Mobile/Diesel/Gas,"
11727,Industrial/Commercial Sales & Service,00010000931002,"EMERGENCY POWER SYSTEMS, LLC", 35 HAMILTON LANE,,GLENMONT,NY ,12077,USA,,800-914-1465,"Service,Up To 2MW,Mobile/Diesel/Gas,"
11727,Industrial/Commercial Sales & Service,00010000931002,"EMERGENCY POWER SYSTEMS, LLC", 35 HAMILTON LANE,,GLENMONT,NY ,12077,USA,,800-914-1465,"Service,"
11727,Industrial/Commercial Sales & Service,00010001731002,AUTHORIZED SERVICES OF NEW ENGLAND, 410 FOREST STREET,,MARLBOROUGH,MA ,01752,USA,,888-890-9886,"Sales,"
11727,Industrial/Commercial Sales & Service,00010208021002,Modern Group Power Systems, 200 Allied Parkway,,West Berlin,NJ ,08091,USA,,800-404-7291,"Sales,Service,Up To 2MW,Mobile/Diesel/Gas,"
11727,Industrial/Commercial Sales & Service,00010208021002,Modern Group Power Systems, 6352 Chapmans Rd,,Allentown,PA ,18106,USA,,800-404-7291,"Sales,Service,Up To 2MW,Mobile/Diesel/Gas,"
11727,Industrial/Commercial Sales & Service,00010208021002,Modern Group Power Systems, 295 New Commerce Blvd.,,Wilkes Barre,PA ,18706,USA,,800-404-7291,"Sales,Service,Up To 2MW,Mobile/Diesel/Gas,"
11727,Industrial/Commercial Sales & Service,00010208021002,Modern Group Power Systems, 66A South Gate Blvd.,,New Castle,DE ,19720,USA,,800-404-7291,"Sales,Service,Up To 2MW,Mobile/Diesel/Gas,"
11727,Industrial/Commercial Sales & Service,00010139211002,POWERPRO SERVICE CO. INC., 608 JOHNSON AVE. UNIT 6,,BOHEMIA,NY ,11716,USA,,631-567-2700,"Sales,Service,Up To 600kW,Mobile/Diesel/Gas,"
11727,Industrial/Commercial Sales & Service,00111209521002,LONG ISLAND EMERGENCY POWER -QO, 2 Ocean Avenue,,DEER PARK,NY ,11729,USA,,631-586-7513,"Sales,"
11727,Industrial/Commercial Sales & Service,00010001761002,"GENSERVE, INC.", 100 NEWTOWN RD,,PLAINVIEW,NY ,11803,USA,www.genserveinc.com,631-435-0437,"Service,"
11727,Industrial/Commercial Sales & Service,00111209531002,HUNTINGTON POWER - LONG ISLAND, PO BOX 2040,,SHELTON,CT ,06484,USA,,631-586-7513,"Sales,"
11727,Industrial/Commercial Sales & Service,00010134071002,PEAK POWER SYSTEMS, 99 SPRAGUE AVENUE,,MIDDLETOWN,NY ,10940,USA,www.peakpowersystems.com,845-344-1975,"Sales,Service,Up To 600kW,Mobile/Diesel/Gas,Rental,"
11727,Industrial/Commercial Sales & Service,00010001761002,"GENSERVE, INC.", 115A TWINBRIDGE DR.,,PENNSAUKEN,NJ ,08110,USA,www.genserveinc.com,856-324-0459,"Service,"
11727,Industrial/Commercial Sales & Service,00010021101002,SOUTH SHORE GENERATOR INC-Quote, 2696A CRANBERRY HWY,,WAREHAM,MA ,02571,USA,,508-295-7336,"Sales,Service,Up To 600kW,Mobile/Diesel/Gas,"
11727,Industrial/Commercial Sales & Service,00010001701002,SOUTH SHORE GENERATOR INC, ,,EAST WAREHAM,MA ,02538,USA,,508-295-7336,"Financing,Sales,Service,Up To 600kW,Mobile/Diesel/Gas,"
11727,Industrial/Commercial Sales & Service,00010001621002,BROOKFIELD SERVICE, 708 GLEBE ROAD,,WESTMORELAND,NH ,03467,USA,www.brookfieldservice.com,802-485-6567,"Service,Up To 600kW,Mobile/Diesel/Gas,"
11727,Industrial/Commercial Sales & Service,00111207431002,WARSHAUER ELECTRIC SUPPLY CO INC, 800 SHREWSBURY AVE,,TINTON FALLS,NJ ,07724,USA,www.warshauer.com,732-741-6400,"Service,"
11727,Industrial/Commercial Sales & Service,00010157021002,Mechanical Service Co, 1145 Oak St.,,Pittston,PA ,18640,USA,,570-654-2445,"Service,"
11729,Industrial/Commercial Sales & Service,00010001611002,Huntington Power, 230 Long Hill Cross Rd,,Shelton,CT ,06484,USA,www.huntingtonpower.com,203-929-3203,"Sales,Service,Up To 2MW,Mobile/Diesel/Gas,Training,Rental,"
11729,Industrial/Commercial Sales & Service,00010214161002,"R.L. Kistler, Inc", 300 Mile Crossing Blvd.,,Rochester,NY ,14624,USA,rlkistler.com,585-436-1940,"Sales,"
11729,Industrial/Commercial Sales & Service,00010214161002,"R.L. KISTLER, INC.", 35 HAMILTON LANE,,GLENMONT,NY ,12077,USA,,585-436-1940,"Sales,Service,"
11729,Industrial/Commercial Sales & Service,00010001611002,Huntington Power, 68 Enter Ln,,Islandia,NY ,11749,USA,,631-563-4943,"Sales,Service,Up To 2MW,Mobile/Diesel/Gas,"
11729,Industrial/Commercial Sales & Service,00010001611002,Huntington Power, 34 E DUDLEY TOWN RD.,,BLOOMFIELD,CT ,06002,USA,,860-289-8790,"Sales,Service,Rental,"
11729,Industrial/Commercial Sales & Service,00010214161002,"R.L. Kistler, Inc", 5615 Business Ave.,,N. Syracuse,NY ,13208,USA,,315-458-2875,"Sales,"
11729,Industrial/Commercial Sales & Service,00010214161002,"R.L. Kistler, Inc", 5615 Business Ave.,,N. Syracuse,NY ,13208,USA,,315-458-2875,"Sales,"
11729,Industrial/Commercial Sales & Service,00010208021002,Modern Group Power Systems, 2501 Durham Road,,Bristol,PA ,19007,USA,www.moderngroup.com,800-404-7291,"Sales,Service,Up To 2MW,Mobile/Diesel/Gas,Training,Rental,"
11729,Industrial/Commercial Sales & Service,00010001731002,Authorized Services Of New England, 410 Forest Street,,Marlborough,MA ,01752,USA,www.asne.com,888-890-9886,"Financing,Sales,Service,Up To 2MW,Mobile/Diesel/Gas,Training,Rental,"
11729,Industrial/Commercial Sales & Service,00010008091002,MODERN HANDLING EQUIP, 75 NEW STREET,,EDISON,NJ ,08837,USA,www.moderngroup.com,800-779-5116,"Sales,Service,Up To 2MW,Mobile/Diesel/Gas,"
11729,Industrial/Commercial Sales & Service,00010208021002,Modern Group Power Systems, 200 Allied Parkway,,West Berlin,NJ ,08091,USA,,800-404-7291,"Sales,Service,Up To 2MW,Mobile/Diesel/Gas,"
11729,Industrial/Commercial Sales & Service,00010208021002,Modern Group Power Systems, 6352 Chapmans Rd,,Allentown,PA ,18106,USA,,800-404-7291,"Sales,Service,Up To 2MW,Mobile/Diesel/Gas,"
11729,Industrial/Commercial Sales & Service,00010000931002,"EMERGENCY POWER SYSTEMS, LLC", 35 HAMILTON LANE,,GLENMONT,NY ,12077,USA,,800-914-1465,"Service,Up To 2MW,Mobile/Diesel/Gas,"
11729,Industrial/Commercial Sales & Service,00010000931002,"EMERGENCY POWER SYSTEMS, LLC", 35 HAMILTON LANE,,GLENMONT,NY ,12077,USA,,800-914-1465,"Service,"
11729,Industrial/Commercial Sales & Service,00010208021002,Modern Group Power Systems, 295 New Commerce Blvd.,,Wilkes Barre,PA ,18706,USA,,800-404-7291,"Sales,Service,Up To 2MW,Mobile/Diesel/Gas,"
11729,Industrial/Commercial Sales & Service,00010208021002,Modern Group Power Systems, 66A South Gate Blvd.,,New Castle,DE ,19720,USA,,800-404-7291,"Sales,Service,Up To 2MW,Mobile/Diesel/Gas,"
11729,Industrial/Commercial Sales & Service,00010001731002,AUTHORIZED SERVICES OF NEW ENGLAND, 410 FOREST STREET,,MARLBOROUGH,MA ,01752,USA,,888-890-9886,"Sales,"
11729,Industrial/Commercial Sales & Service,00010208021002,Modern Group Power Systems, 3480 Board Road,,York,PA ,17402,USA,,800-404-7291,"Sales,Service,Up To 2MW,Mobile/Diesel/Gas,"
11729,Industrial/Commercial Sales & Service,00111209521002,LONG ISLAND EMERGENCY POWER -QO, 2 Ocean Avenue,,DEER PARK,NY ,11729,USA,,631-586-7513,"Sales,"
11729,Industrial/Commercial Sales & Service,00010001761002,"GENSERVE, INC.", 100 NEWTOWN RD,,PLAINVIEW,NY ,11803,USA,www.genserveinc.com,631-435-0437,"Service,"
11729,Industrial/Commercial Sales & Service,00010139211002,POWERPRO SERVICE CO. INC., 608 JOHNSON AVE. UNIT 6,,BOHEMIA,NY ,11716,USA,,631-567-2700,"Sales,Service,Up To 600kW,Mobile/Diesel/Gas,"
11729,Industrial/Commercial Sales & Service,00111209531002,HUNTINGTON POWER - LONG ISLAND, PO BOX 2040,,SHELTON,CT ,06484,USA,,631-586-7513,"Sales,"
11729,Industrial/Commercial Sales & Service,00010134071002,PEAK POWER SYSTEMS, 99 SPRAGUE AVENUE,,MIDDLETOWN,NY ,10940,USA,www.peakpowersystems.com,845-344-1975,"Sales,Service,Up To 600kW,Mobile/Diesel/Gas,Rental,"
11729,Industrial/Commercial Sales & Service,00010001761002,"GENSERVE, INC.", 115A TWINBRIDGE DR.,,PENNSAUKEN,NJ ,08110,USA,www.genserveinc.com,856-324-0459,"Service,"
11729,Industrial/Commercial Sales & Service,00010021101002,SOUTH SHORE GENERATOR INC-Quote, 2696A CRANBERRY HWY,,WAREHAM,MA ,02571,USA,,508-295-7336,"Sales,Service,Up To 600kW,Mobile/Diesel/Gas,"
11729,Industrial/Commercial Sales & Service,00010001701002,SOUTH SHORE GENERATOR INC, ,,EAST WAREHAM,MA ,02538,USA,,508-295-7336,"Financing,Sales,Service,Up To 600kW,Mobile/Diesel/Gas,"
11729,Industrial/Commercial Sales & Service,00010001621002,BROOKFIELD SERVICE, 708 GLEBE ROAD,,WESTMORELAND,NH ,03467,USA,www.brookfieldservice.com,802-485-6567,"Service,Up To 600kW,Mobile/Diesel/Gas,"
11729,Industrial/Commercial Sales & Service,00111184131002,HUNTER & LOMISON, 1956 W FOURTH ST,,WILLIAMSPORT,PA ,17701,USA,www.hunterlomison.com,570-326-1764,"Sales,Service,Up To 600kW,Mobile/Diesel/Gas,Rental,"
11729,Industrial/Commercial Sales & Service,00010000881002,HUNTER & LOMISON INC., 1956 W. 4TH STREET,,WILLIAMSPORT,PA ,17701,USA,www.hunterlomison.com,570-326-1764,"Service,Up To 600kW,Mobile/Diesel/Gas,"
11729,Industrial/Commercial Sales & Service,00111207431002,WARSHAUER ELECTRIC SUPPLY CO INC, 800 SHREWSBURY AVE,,TINTON FALLS,NJ ,07724,USA,www.warshauer.com,732-741-6400,"Service,"
11729,Industrial/Commercial Sales & Service,00010157021002,Mechanical Service Co, 1145 Oak St.,,Pittston,PA ,18640,USA,,570-654-2445,"Service,"
11730,Industrial/Commercial Sales & Service,00010214161002,"R.L. KISTLER, INC.", 35 HAMILTON LANE,,GLENMONT,NY ,12077,USA,,585-436-1940,"Sales,Service,"
11730,Industrial/Commercial Sales & Service,00010001611002,Huntington Power, 230 Long Hill Cross Rd,,Shelton,CT ,06484,USA,www.huntingtonpower.com,203-929-3203,"Sales,Service,Up To 2MW,Mobile/Diesel/Gas,Training,Rental,"
11730,Industrial/Commercial Sales & Service,00010214161002,"R.L. Kistler, Inc", 300 Mile Crossing Blvd.,,Rochester,NY ,14624,USA,rlkistler.com,585-436-1940,"Sales,"
11730,Industrial/Commercial Sales & Service,00010214161002,"R.L. Kistler, Inc", 5615 Business Ave.,,N. Syracuse,NY ,13208,USA,,315-458-2875,"Sales,"
11730,Industrial/Commercial Sales & Service,00010001611002,Huntington Power, 68 Enter Ln,,Islandia,NY ,11749,USA,,631-563-4943,"Sales,Service,Up To 2MW,Mobile/Diesel/Gas,"
11730,Industrial/Commercial Sales & Service,00010001611002,Huntington Power, 34 E DUDLEY TOWN RD.,,BLOOMFIELD,CT ,06002,USA,,860-289-8790,"Sales,Service,Rental,"
11730,Industrial/Commercial Sales & Service,00010214161002,"R.L. Kistler, Inc", 5615 Business Ave.,,N. Syracuse,NY ,13208,USA,,315-458-2875,"Sales,"
11730,Industrial/Commercial Sales & Service,00010208021002,Modern Group Power Systems, 2501 Durham Road,,Bristol,PA ,19007,USA,www.moderngroup.com,800-404-7291,"Sales,Service,Up To 2MW,Mobile/Diesel/Gas,Training,Rental,"
11730,Industrial/Commercial Sales & Service,00010001731002,Authorized Services Of New England, 410 Forest Street,,Marlborough,MA ,01752,USA,www.asne.com,888-890-9886,"Financing,Sales,Service,Up To 2MW,Mobile/Diesel/Gas,Training,Rental,"
11730,Industrial/Commercial Sales & Service,00010008091002,MODERN HANDLING EQUIP, 75 NEW STREET,,EDISON,NJ ,08837,USA,www.moderngroup.com,800-779-5116,"Sales,Service,Up To 2MW,Mobile/Diesel/Gas,"
11730,Industrial/Commercial Sales & Service,00010208021002,Modern Group Power Systems, 200 Allied Parkway,,West Berlin,NJ ,08091,USA,,800-404-7291,"Sales,Service,Up To 2MW,Mobile/Diesel/Gas,"
11730,Industrial/Commercial Sales & Service,00010208021002,Modern Group Power Systems, 6352 Chapmans Rd,,Allentown,PA ,18106,USA,,800-404-7291,"Sales,Service,Up To 2MW,Mobile/Diesel/Gas,"
11730,Industrial/Commercial Sales & Service,00010000931002,"EMERGENCY POWER SYSTEMS, LLC", 35 HAMILTON LANE,,GLENMONT,NY ,12077,USA,,800-914-1465,"Service,Up To 2MW,Mobile/Diesel/Gas,"
11730,Industrial/Commercial Sales & Service,00010000931002,"EMERGENCY POWER SYSTEMS, LLC", 35 HAMILTON LANE,,GLENMONT,NY ,12077,USA,,800-914-1465,"Service,"
11730,Industrial/Commercial Sales & Service,00010001731002,AUTHORIZED SERVICES OF NEW ENGLAND, 410 FOREST STREET,,MARLBOROUGH,MA ,01752,USA,,888-890-9886,"Sales,"
11730,Industrial/Commercial Sales & Service,00010208021002,Modern Group Power Systems, 295 New Commerce Blvd.,,Wilkes Barre,PA ,18706,USA,,800-404-7291,"Sales,Service,Up To 2MW,Mobile/Diesel/Gas,"
11730,Industrial/Commercial Sales & Service,00010208021002,Modern Group Power Systems, 66A South Gate Blvd.,,New Castle,DE ,19720,USA,,800-404-7291,"Sales,Service,Up To 2MW,Mobile/Diesel/Gas,"
11730,Industrial/Commercial Sales & Service,00010208021002,Modern Group Power Systems, 3480 Board Road,,York,PA ,17402,USA,,800-404-7291,"Sales,Service,Up To 2MW,Mobile/Diesel/Gas,"
11730,Industrial/Commercial Sales & Service,00010139211002,POWERPRO SERVICE CO. INC., 608 JOHNSON AVE. UNIT 6,,BOHEMIA,NY ,11716,USA,,631-567-2700,"Sales,Service,Up To 600kW,Mobile/Diesel/Gas,"
11730,Industrial/Commercial Sales & Service,00111209521002,LONG ISLAND EMERGENCY POWER -QO, 2 Ocean Avenue,,DEER PARK,NY ,11729,USA,,631-586-7513,"Sales,"
11730,Industrial/Commercial Sales & Service,00010001761002,"GENSERVE, INC.", 100 NEWTOWN RD,,PLAINVIEW,NY ,11803,USA,www.genserveinc.com,631-435-0437,"Service,"
11730,Industrial/Commercial Sales & Service,00111209531002,HUNTINGTON POWER - LONG ISLAND, PO BOX 2040,,SHELTON,CT ,06484,USA,,631-586-7513,"Sales,"
11730,Industrial/Commercial Sales & Service,00010134071002,PEAK POWER SYSTEMS, 99 SPRAGUE AVENUE,,MIDDLETOWN,NY ,10940,USA,www.peakpowersystems.com,845-344-1975,"Sales,Service,Up To 600kW,Mobile/Diesel/Gas,Rental,"
11730,Industrial/Commercial Sales & Service,00010001761002,"GENSERVE, INC.", 115A TWINBRIDGE DR.,,PENNSAUKEN,NJ ,08110,USA,www.genserveinc.com,856-324-0459,"Service,"
11730,Industrial/Commercial Sales & Service,00010021101002,SOUTH SHORE GENERATOR INC-Quote, 2696A CRANBERRY HWY,,WAREHAM,MA ,02571,USA,,508-295-7336,"Sales,Service,Up To 600kW,Mobile/Diesel/Gas,"
11730,Industrial/Commercial Sales & Service,00010001701002,SOUTH SHORE GENERATOR INC, ,,EAST WAREHAM,MA ,02538,USA,,508-295-7336,"Financing,Sales,Service,Up To 600kW,Mobile/Diesel/Gas,"
11730,Industrial/Commercial Sales & Service,00010001621002,BROOKFIELD SERVICE, 708 GLEBE ROAD,,WESTMORELAND,NH ,03467,USA,www.brookfieldservice.com,802-485-6567,"Service,Up To 600kW,Mobile/Diesel/Gas,"
11730,Industrial/Commercial Sales & Service,00111207431002,WARSHAUER ELECTRIC SUPPLY CO INC, 800 SHREWSBURY AVE,,TINTON FALLS,NJ ,07724,USA,www.warshauer.com,732-741-6400,"Service,"
11730,Industrial/Commercial Sales & Service,00010157021002,Mechanical Service Co, 1145 Oak St.,,Pittston,PA ,18640,USA,,570-654-2445,"Service,"
11731,Industrial/Commercial Sales & Service,00010214161002,"R.L. Kistler, Inc", 300 Mile Crossing Blvd.,,Rochester,NY ,14624,USA,rlkistler.com,585-436-1940,"Sales,"
11731,Industrial/Commercial Sales & Service,00010001611002,Huntington Power, 230 Long Hill Cross Rd,,Shelton,CT ,06484,USA,www.huntingtonpower.com,203-929-3203,"Sales,Service,Up To 2MW,Mobile/Diesel/Gas,Training,Rental,"
11731,Industrial/Commercial Sales & Service,00010214161002,"R.L. KISTLER, INC.", 35 HAMILTON LANE,,GLENMONT,NY ,12077,USA,,585-436-1940,"Sales,Service,"
11731,Industrial/Commercial Sales & Service,00010214161002,"R.L. Kistler, Inc", 5615 Business Ave.,,N. Syracuse,NY ,13208,USA,,315-458-2875,"Sales,"
11731,Industrial/Commercial Sales & Service,00010001611002,Huntington Power, 68 Enter Ln,,Islandia,NY ,11749,USA,,631-563-4943,"Sales,Service,Up To 2MW,Mobile/Diesel/Gas,"
11731,Industrial/Commercial Sales & Service,00010001611002,Huntington Power, 34 E DUDLEY TOWN RD.,,BLOOMFIELD,CT ,06002,USA,,860-289-8790,"Sales,Service,Rental,"
11731,Industrial/Commercial Sales & Service,00010214161002,"R.L. Kistler, Inc", 5615 Business Ave.,,N. Syracuse,NY ,13208,USA,,315-458-2875,"Sales,"
11731,Industrial/Commercial Sales & Service,00010208021002,Modern Group Power Systems, 2501 Durham Road,,Bristol,PA ,19007,USA,www.moderngroup.com,800-404-7291,"Sales,Service,Up To 2MW,Mobile/Diesel/Gas,Training,Rental,"
11731,Industrial/Commercial Sales & Service,00010001731002,Authorized Services Of New England, 410 Forest Street,,Marlborough,MA ,01752,USA,www.asne.com,888-890-9886,"Financing,Sales,Service,Up To 2MW,Mobile/Diesel/Gas,Training,Rental,"
11731,Industrial/Commercial Sales & Service,00010008091002,MODERN HANDLING EQUIP, 75 NEW STREET,,EDISON,NJ ,08837,USA,www.moderngroup.com,800-779-5116,"Sales,Service,Up To 2MW,Mobile/Diesel/Gas,"
11731,Industrial/Commercial Sales & Service,00010208021002,Modern Group Power Systems, 200 Allied Parkway,,West Berlin,NJ ,08091,USA,,800-404-7291,"Sales,Service,Up To 2MW,Mobile/Diesel/Gas,"
11731,Industrial/Commercial Sales & Service,00010208021002,Modern Group Power Systems, 6352 Chapmans Rd,,Allentown,PA ,18106,USA,,800-404-7291,"Sales,Service,Up To 2MW,Mobile/Diesel/Gas,"
11731,Industrial/Commercial Sales & Service,00010000931002,"EMERGENCY POWER SYSTEMS, LLC", 35 HAMILTON LANE,,GLENMONT,NY ,12077,USA,,800-914-1465,"Service,Up To 2MW,Mobile/Diesel/Gas,"
11731,Industrial/Commercial Sales & Service,00010000931002,"EMERGENCY POWER SYSTEMS, LLC", 35 HAMILTON LANE,,GLENMONT,NY ,12077,USA,,800-914-1465,"Service,"
11731,Industrial/Commercial Sales & Service,00010001731002,AUTHORIZED SERVICES OF NEW ENGLAND, 410 FOREST STREET,,MARLBOROUGH,MA ,01752,USA,,888-890-9886,"Sales,"
11731,Industrial/Commercial Sales & Service,00010208021002,Modern Group Power Systems, 295 New Commerce Blvd.,,Wilkes Barre,PA ,18706,USA,,800-404-7291,"Sales,Service,Up To 2MW,Mobile/Diesel/Gas,"
11731,Industrial/Commercial Sales & Service,00010208021002,Modern Group Power Systems, 66A South Gate Blvd.,,New Castle,DE ,19720,USA,,800-404-7291,"Sales,Service,Up To 2MW,Mobile/Diesel/Gas,"
11731,Industrial/Commercial Sales & Service,00010208021002,Modern Group Power Systems, 3480 Board Road,,York,PA ,17402,USA,,800-404-7291,"Sales,Service,Up To 2MW,Mobile/Diesel/Gas,"
11731,Industrial/Commercial Sales & Service,00111209521002,LONG ISLAND EMERGENCY POWER -QO, 2 Ocean Avenue,,DEER PARK,NY ,11729,USA,,631-586-7513,"Sales,"
11731,Industrial/Commercial Sales & Service,00010001761002,"GENSERVE, INC.", 100 NEWTOWN RD,,PLAINVIEW,NY ,11803,USA,www.genserveinc.com,631-435-0437,"Service,"
11731,Industrial/Commercial Sales & Service,00010139211002,POWERPRO SERVICE CO. INC., 608 JOHNSON AVE. UNIT 6,,BOHEMIA,NY ,11716,USA,,631-567-2700,"Sales,Service,Up To 600kW,Mobile/Diesel/Gas,"
11731,Industrial/Commercial Sales & Service,00111209531002,HUNTINGTON POWER - LONG ISLAND, PO BOX 2040,,SHELTON,CT ,06484,USA,,631-586-7513,"Sales,"
11731,Industrial/Commercial Sales & Service,00010134071002,PEAK POWER SYSTEMS, 99 SPRAGUE AVENUE,,MIDDLETOWN,NY ,10940,USA,www.peakpowersystems.com,845-344-1975,"Sales,Service,Up To 600kW,Mobile/Diesel/Gas,Rental,"
11731,Industrial/Commercial Sales & Service,00010001761002,"GENSERVE, INC.", 115A TWINBRIDGE DR.,,PENNSAUKEN,NJ ,08110,USA,www.genserveinc.com,856-324-0459,"Service,"
11731,Industrial/Commercial Sales & Service,00010021101002,SOUTH SHORE GENERATOR INC-Quote, 2696A CRANBERRY HWY,,WAREHAM,MA ,02571,USA,,508-295-7336,"Sales,Service,Up To 600kW,Mobile/Diesel/Gas,"
11731,Industrial/Commercial Sales & Service,00010001701002,SOUTH SHORE GENERATOR INC, ,,EAST WAREHAM,MA ,02538,USA,,508-295-7336,"Financing,Sales,Service,Up To 600kW,Mobile/Diesel/Gas,"
11731,Industrial/Commercial Sales & Service,00010001621002,BROOKFIELD SERVICE, 708 GLEBE ROAD,,WESTMORELAND,NH ,03467,USA,www.brookfieldservice.com,802-485-6567,"Service,Up To 600kW,Mobile/Diesel/Gas,"
11731,Industrial/Commercial Sales & Service,00111184131002,HUNTER & LOMISON, 1956 W FOURTH ST,,WILLIAMSPORT,PA ,17701,USA,www.hunterlomison.com,570-326-1764,"Sales,Service,Up To 600kW,Mobile/Diesel/Gas,Rental,"
11731,Industrial/Commercial Sales & Service,00010000881002,HUNTER & LOMISON INC., 1956 W. 4TH STREET,,WILLIAMSPORT,PA ,17701,USA,www.hunterlomison.com,570-326-1764,"Service,Up To 600kW,Mobile/Diesel/Gas,"
11731,Industrial/Commercial Sales & Service,00111207431002,WARSHAUER ELECTRIC SUPPLY CO INC, 800 SHREWSBURY AVE,,TINTON FALLS,NJ ,07724,USA,www.warshauer.com,732-741-6400,"Service,"
11731,Industrial/Commercial Sales & Service,00010157021002,Mechanical Service Co, 1145 Oak St.,,Pittston,PA ,18640,USA,,570-654-2445,"Service,"
11732,Industrial/Commercial Sales & Service,00010214161002,"R.L. KISTLER, INC.", 35 HAMILTON LANE,,GLENMONT,NY ,12077,USA,,585-436-1940,"Sales,Service,"
11732,Industrial/Commercial Sales & Service,00010001611002,Huntington Power, 230 Long Hill Cross Rd,,Shelton,CT ,06484,USA,www.huntingtonpower.com,203-929-3203,"Sales,Service,Up To 2MW,Mobile/Diesel/Gas,Training,Rental,"
11732,Industrial/Commercial Sales & Service,00010214161002,"R.L. Kistler, Inc", 300 Mile Crossing Blvd.,,Rochester,NY ,14624,USA,rlkistler.com,585-436-1940,"Sales,"
11732,Industrial/Commercial Sales & Service,00010214161002,"R.L. Kistler, Inc", 5615 Business Ave.,,N. Syracuse,NY ,13208,USA,,315-458-2875,"Sales,"
11732,Industrial/Commercial Sales & Service,00010001611002,Huntington Power, 68 Enter Ln,,Islandia,NY ,11749,USA,,631-563-4943,"Sales,Service,Up To 2MW,Mobile/Diesel/Gas,"
11732,Industrial/Commercial Sales & Service,00010001611002,Huntington Power, 34 E DUDLEY TOWN RD.,,BLOOMFIELD,CT ,06002,USA,,860-289-8790,"Sales,Service,Rental,"
11732,Industrial/Commercial Sales & Service,00010214161002,"R.L. Kistler, Inc", 5615 Business Ave.,,N. Syracuse,NY ,13208,USA,,315-458-2875,"Sales,"
11732,Industrial/Commercial Sales & Service,00010208021002,Modern Group Power Systems, 2501 Durham Road,,Bristol,PA ,19007,USA,www.moderngroup.com,800-404-7291,"Sales,Service,Up To 2MW,Mobile/Diesel/Gas,Training,Rental,"
11732,Industrial/Commercial Sales & Service,00010001731002,Authorized Services Of New England, 410 Forest Street,,Marlborough,MA ,01752,USA,www.asne.com,888-890-9886,"Financing,Sales,Service,Up To 2MW,Mobile/Diesel/Gas,Training,Rental,"
11732,Industrial/Commercial Sales & Service,00010008091002,MODERN HANDLING EQUIP, 75 NEW STREET,,EDISON,NJ ,08837,USA,www.moderngroup.com,800-779-5116,"Sales,Service,Up To 2MW,Mobile/Diesel/Gas,"
11732,Industrial/Commercial Sales & Service,00010208021002,Modern Group Power Systems, 200 Allied Parkway,,West Berlin,NJ ,08091,USA,,800-404-7291,"Sales,Service,Up To 2MW,Mobile/Diesel/Gas,"
11732,Industrial/Commercial Sales & Service,00010208021002,Modern Group Power Systems, 6352 Chapmans Rd,,Allentown,PA ,18106,USA,,800-404-7291,"Sales,Service,Up To 2MW,Mobile/Diesel/Gas,"
11732,Industrial/Commercial Sales & Service,00010000931002,"EMERGENCY POWER SYSTEMS, LLC", 35 HAMILTON LANE,,GLENMONT,NY ,12077,USA,,800-914-1465,"Service,Up To 2MW,Mobile/Diesel/Gas,"
11732,Industrial/Commercial Sales & Service,00010000931002,"EMERGENCY POWER SYSTEMS, LLC", 35 HAMILTON LANE,,GLENMONT,NY ,12077,USA,,800-914-1465,"Service,"
11732,Industrial/Commercial Sales & Service,00010208021002,Modern Group Power Systems, 295 New Commerce Blvd.,,Wilkes Barre,PA ,18706,USA,,800-404-7291,"Sales,Service,Up To 2MW,Mobile/Diesel/Gas,"
11732,Industrial/Commercial Sales & Service,00010208021002,Modern Group Power Systems, 66A South Gate Blvd.,,New Castle,DE ,19720,USA,,800-404-7291,"Sales,Service,Up To 2MW,Mobile/Diesel/Gas,"
11732,Industrial/Commercial Sales & Service,00010001731002,AUTHORIZED SERVICES OF NEW ENGLAND, 410 FOREST STREET,,MARLBOROUGH,MA ,01752,USA,,888-890-9886,"Sales,"
11732,Industrial/Commercial Sales & Service,00010208021002,Modern Group Power Systems, 3480 Board Road,,York,PA ,17402,USA,,800-404-7291,"Sales,Service,Up To 2MW,Mobile/Diesel/Gas,"
11732,Industrial/Commercial Sales & Service,00010001761002,"GENSERVE, INC.", 100 NEWTOWN RD,,PLAINVIEW,NY ,11803,USA,www.genserveinc.com,631-435-0437,"Service,"
11732,Industrial/Commercial Sales & Service,00111209521002,LONG ISLAND EMERGENCY POWER -QO, 2 Ocean Avenue,,DEER PARK,NY ,11729,USA,,631-586-7513,"Sales,"
11732,Industrial/Commercial Sales & Service,00010139211002,POWERPRO SERVICE CO. INC., 608 JOHNSON AVE. UNIT 6,,BOHEMIA,NY ,11716,USA,,631-567-2700,"Sales,Service,Up To 600kW,Mobile/Diesel/Gas,"
11732,Industrial/Commercial Sales & Service,00111209531002,HUNTINGTON POWER - LONG ISLAND, PO BOX 2040,,SHELTON,CT ,06484,USA,,631-586-7513,"Sales,"
11732,Industrial/Commercial Sales & Service,00010134071002,PEAK POWER SYSTEMS, 99 SPRAGUE AVENUE,,MIDDLETOWN,NY ,10940,USA,www.peakpowersystems.com,845-344-1975,"Sales,Service,Up To 600kW,Mobile/Diesel/Gas,Rental,"
11732,Industrial/Commercial Sales & Service,00010001761002,"GENSERVE, INC.", 115A TWINBRIDGE DR.,,PENNSAUKEN,NJ ,08110,USA,www.genserveinc.com,856-324-0459,"Service,"
11732,Industrial/Commercial Sales & Service,00010001621002,BROOKFIELD SERVICE, 708 GLEBE ROAD,,WESTMORELAND,NH ,03467,USA,www.brookfieldservice.com,802-485-6567,"Service,Up To 600kW,Mobile/Diesel/Gas,"
11732,Industrial/Commercial Sales & Service,00010021101002,SOUTH SHORE GENERATOR INC-Quote, 2696A CRANBERRY HWY,,WAREHAM,MA ,02571,USA,,508-295-7336,"Sales,Service,Up To 600kW,Mobile/Diesel/Gas,"
11732,Industrial/Commercial Sales & Service,00010001701002,SOUTH SHORE GENERATOR INC, ,,EAST WAREHAM,MA ,02538,USA,,508-295-7336,"Financing,Sales,Service,Up To 600kW,Mobile/Diesel/Gas,"
11732,Industrial/Commercial Sales & Service,00111184131002,HUNTER & LOMISON, 1956 W FOURTH ST,,WILLIAMSPORT,PA ,17701,USA,www.hunterlomison.com,570-326-1764,"Sales,Service,Up To 600kW,Mobile/Diesel/Gas,Rental,"
11732,Industrial/Commercial Sales & Service,00010000881002,HUNTER & LOMISON INC., 1956 W. 4TH STREET,,WILLIAMSPORT,PA ,17701,USA,www.hunterlomison.com,570-326-1764,"Service,Up To 600kW,Mobile/Diesel/Gas,"
11732,Industrial/Commercial Sales & Service,00111207431002,WARSHAUER ELECTRIC SUPPLY CO INC, 800 SHREWSBURY AVE,,TINTON FALLS,NJ ,07724,USA,www.warshauer.com,732-741-6400,"Service,"
11732,Industrial/Commercial Sales & Service,00010157021002,Mechanical Service Co, 1145 Oak St.,,Pittston,PA ,18640,USA,,570-654-2445,"Service,"
11733,Industrial/Commercial Sales & Service,00010214161002,"R.L. KISTLER, INC.", 35 HAMILTON LANE,,GLENMONT,NY ,12077,USA,,585-436-1940,"Sales,Service,"
11733,Industrial/Commercial Sales & Service,00010214161002,"R.L. Kistler, Inc", 300 Mile Crossing Blvd.,,Rochester,NY ,14624,USA,rlkistler.com,585-436-1940,"Sales,"
11733,Industrial/Commercial Sales & Service,00010001611002,Huntington Power, 230 Long Hill Cross Rd,,Shelton,CT ,06484,USA,www.huntingtonpower.com,203-929-3203,"Sales,Service,Up To 2MW,Mobile/Diesel/Gas,Training,Rental,"
11733,Industrial/Commercial Sales & Service,00010214161002,"R.L. Kistler, Inc", 5615 Business Ave.,,N. Syracuse,NY ,13208,USA,,315-458-2875,"Sales,"
11733,Industrial/Commercial Sales & Service,00010214161002,"R.L. Kistler, Inc", 5615 Business Ave.,,N. Syracuse,NY ,13208,USA,,315-458-2875,"Sales,"
11733,Industrial/Commercial Sales & Service,00010001611002,Huntington Power, 68 Enter Ln,,Islandia,NY ,11749,USA,,631-563-4943,"Sales,Service,Up To 2MW,Mobile/Diesel/Gas,"
11733,Industrial/Commercial Sales & Service,00010001611002,Huntington Power, 34 E DUDLEY TOWN RD.,,BLOOMFIELD,CT ,06002,USA,,860-289-8790,"Sales,Service,Rental,"
11733,Industrial/Commercial Sales & Service,00010208021002,Modern Group Power Systems, 2501 Durham Road,,Bristol,PA ,19007,USA,www.moderngroup.com,800-404-7291,"Sales,Service,Up To 2MW,Mobile/Diesel/Gas,Training,Rental,"
11733,Industrial/Commercial Sales & Service,00010001731002,Authorized Services Of New England, 410 Forest Street,,Marlborough,MA ,01752,USA,www.asne.com,888-890-9886,"Financing,Sales,Service,Up To 2MW,Mobile/Diesel/Gas,Training,Rental,"
11733,Industrial/Commercial Sales & Service,00010008091002,MODERN HANDLING EQUIP, 75 NEW STREET,,EDISON,NJ ,08837,USA,www.moderngroup.com,800-779-5116,"Sales,Service,Up To 2MW,Mobile/Diesel/Gas,"
11733,Industrial/Commercial Sales & Service,00010000931002,"EMERGENCY POWER SYSTEMS, LLC", 35 HAMILTON LANE,,GLENMONT,NY ,12077,USA,,800-914-1465,"Service,Up To 2MW,Mobile/Diesel/Gas,"
11733,Industrial/Commercial Sales & Service,00010000931002,"EMERGENCY POWER SYSTEMS, LLC", 35 HAMILTON LANE,,GLENMONT,NY ,12077,USA,,800-914-1465,"Service,"
11733,Industrial/Commercial Sales & Service,00010208021002,Modern Group Power Systems, 200 Allied Parkway,,West Berlin,NJ ,08091,USA,,800-404-7291,"Sales,Service,Up To 2MW,Mobile/Diesel/Gas,"
11733,Industrial/Commercial Sales & Service,00010001731002,AUTHORIZED SERVICES OF NEW ENGLAND, 410 FOREST STREET,,MARLBOROUGH,MA ,01752,USA,,888-890-9886,"Sales,"
11733,Industrial/Commercial Sales & Service,00010208021002,Modern Group Power Systems, 6352 Chapmans Rd,,Allentown,PA ,18106,USA,,800-404-7291,"Sales,Service,Up To 2MW,Mobile/Diesel/Gas,"
11733,Industrial/Commercial Sales & Service,00010208021002,Modern Group Power Systems, 295 New Commerce Blvd.,,Wilkes Barre,PA ,18706,USA,,800-404-7291,"Sales,Service,Up To 2MW,Mobile/Diesel/Gas,"
11733,Industrial/Commercial Sales & Service,00010208021002,Modern Group Power Systems, 66A South Gate Blvd.,,New Castle,DE ,19720,USA,,800-404-7291,"Sales,Service,Up To 2MW,Mobile/Diesel/Gas,"
11733,Industrial/Commercial Sales & Service,00010208021002,Modern Group Power Systems, 3480 Board Road,,York,PA ,17402,USA,,800-404-7291,"Sales,Service,Up To 2MW,Mobile/Diesel/Gas,"
11733,Industrial/Commercial Sales & Service,00010139211002,POWERPRO SERVICE CO. INC., 608 JOHNSON AVE. UNIT 6,,BOHEMIA,NY ,11716,USA,,631-567-2700,"Sales,Service,Up To 600kW,Mobile/Diesel/Gas,"
11733,Industrial/Commercial Sales & Service,00111209521002,LONG ISLAND EMERGENCY POWER -QO, 2 Ocean Avenue,,DEER PARK,NY ,11729,USA,,631-586-7513,"Sales,"
11733,Industrial/Commercial Sales & Service,00010001761002,"GENSERVE, INC.", 100 NEWTOWN RD,,PLAINVIEW,NY ,11803,USA,www.genserveinc.com,631-435-0437,"Service,"
11733,Industrial/Commercial Sales & Service,00111209531002,HUNTINGTON POWER - LONG ISLAND, PO BOX 2040,,SHELTON,CT ,06484,USA,,631-586-7513,"Sales,"
11733,Industrial/Commercial Sales & Service,00010134071002,PEAK POWER SYSTEMS, 99 SPRAGUE AVENUE,,MIDDLETOWN,NY ,10940,USA,www.peakpowersystems.com,845-344-1975,"Sales,Service,Up To 600kW,Mobile/Diesel/Gas,Rental,"
11733,Industrial/Commercial Sales & Service,00010001761002,"GENSERVE, INC.", 115A TWINBRIDGE DR.,,PENNSAUKEN,NJ ,08110,USA,www.genserveinc.com,856-324-0459,"Service,"
11733,Industrial/Commercial Sales & Service,00010021101002,SOUTH SHORE GENERATOR INC-Quote, 2696A CRANBERRY HWY,,WAREHAM,MA ,02571,USA,,508-295-7336,"Sales,Service,Up To 600kW,Mobile/Diesel/Gas,"
11733,Industrial/Commercial Sales & Service,00010001701002,SOUTH SHORE GENERATOR INC, ,,EAST WAREHAM,MA ,02538,USA,,508-295-7336,"Financing,Sales,Service,Up To 600kW,Mobile/Diesel/Gas,"
11733,Industrial/Commercial Sales & Service,00010001621002,BROOKFIELD SERVICE, 708 GLEBE ROAD,,WESTMORELAND,NH ,03467,USA,www.brookfieldservice.com,802-485-6567,"Service,Up To 600kW,Mobile/Diesel/Gas,"
11733,Industrial/Commercial Sales & Service,00111207431002,WARSHAUER ELECTRIC SUPPLY CO INC, 800 SHREWSBURY AVE,,TINTON FALLS,NJ ,07724,USA,www.warshauer.com,732-741-6400,"Service,"
11733,Industrial/Commercial Sales & Service,00010157021002,Mechanical Service Co, 1145 Oak St.,,Pittston,PA ,18640,USA,,570-654-2445,"Service,"
11735,Industrial/Commercial Sales & Service,00010001611002,Huntington Power, 230 Long Hill Cross Rd,,Shelton,CT ,06484,USA,www.huntingtonpower.com,203-929-3203,"Sales,Service,Up To 2MW,Mobile/Diesel/Gas,Training,Rental,"
11735,Industrial/Commercial Sales & Service,00010214161002,"R.L. Kistler, Inc", 300 Mile Crossing Blvd.,,Rochester,NY ,14624,USA,rlkistler.com,585-436-1940,"Sales,"
11735,Industrial/Commercial Sales & Service,00010214161002,"R.L. KISTLER, INC.", 35 HAMILTON LANE,,GLENMONT,NY ,12077,USA,,585-436-1940,"Sales,Service,"
11735,Industrial/Commercial Sales & Service,00010001611002,Huntington Power, 68 Enter Ln,,Islandia,NY ,11749,USA,,631-563-4943,"Sales,Service,Up To 2MW,Mobile/Diesel/Gas,"
11735,Industrial/Commercial Sales & Service,00010001611002,Huntington Power, 34 E DUDLEY TOWN RD.,,BLOOMFIELD,CT ,06002,USA,,860-289-8790,"Sales,Service,Rental,"
11735,Industrial/Commercial Sales & Service,00010214161002,"R.L. Kistler, Inc", 5615 Business Ave.,,N. Syracuse,NY ,13208,USA,,315-458-2875,"Sales,"
11735,Industrial/Commercial Sales & Service,00010214161002,"R.L. Kistler, Inc", 5615 Business Ave.,,N. Syracuse,NY ,13208,USA,,315-458-2875,"Sales,"
11735,Industrial/Commercial Sales & Service,00010208021002,Modern Group Power Systems, 2501 Durham Road,,Bristol,PA ,19007,USA,www.moderngroup.com,800-404-7291,"Sales,Service,Up To 2MW,Mobile/Diesel/Gas,Training,Rental,"
11735,Industrial/Commercial Sales & Service,00010001731002,Authorized Services Of New England, 410 Forest Street,,Marlborough,MA ,01752,USA,www.asne.com,888-890-9886,"Financing,Sales,Service,Up To 2MW,Mobile/Diesel/Gas,Training,Rental,"
11735,Industrial/Commercial Sales & Service,00010008091002,MODERN HANDLING EQUIP, 75 NEW STREET,,EDISON,NJ ,08837,USA,www.moderngroup.com,800-779-5116,"Sales,Service,Up To 2MW,Mobile/Diesel/Gas,"
11735,Industrial/Commercial Sales & Service,00010208021002,Modern Group Power Systems, 200 Allied Parkway,,West Berlin,NJ ,08091,USA,,800-404-7291,"Sales,Service,Up To 2MW,Mobile/Diesel/Gas,"
11735,Industrial/Commercial Sales & Service,00010208021002,Modern Group Power Systems, 6352 Chapmans Rd,,Allentown,PA ,18106,USA,,800-404-7291,"Sales,Service,Up To 2MW,Mobile/Diesel/Gas,"
11735,Industrial/Commercial Sales & Service,00010000931002,"EMERGENCY POWER SYSTEMS, LLC", 35 HAMILTON LANE,,GLENMONT,NY ,12077,USA,,800-914-1465,"Service,Up To 2MW,Mobile/Diesel/Gas,"
11735,Industrial/Commercial Sales & Service,00010000931002,"EMERGENCY POWER SYSTEMS, LLC", 35 HAMILTON LANE,,GLENMONT,NY ,12077,USA,,800-914-1465,"Service,"
11735,Industrial/Commercial Sales & Service,00010208021002,Modern Group Power Systems, 295 New Commerce Blvd.,,Wilkes Barre,PA ,18706,USA,,800-404-7291,"Sales,Service,Up To 2MW,Mobile/Diesel/Gas,"
11735,Industrial/Commercial Sales & Service,00010208021002,Modern Group Power Systems, 66A South Gate Blvd.,,New Castle,DE ,19720,USA,,800-404-7291,"Sales,Service,Up To 2MW,Mobile/Diesel/Gas,"
11735,Industrial/Commercial Sales & Service,00010001731002,AUTHORIZED SERVICES OF NEW ENGLAND, 410 FOREST STREET,,MARLBOROUGH,MA ,01752,USA,,888-890-9886,"Sales,"
11735,Industrial/Commercial Sales & Service,00010208021002,Modern Group Power Systems, 3480 Board Road,,York,PA ,17402,USA,,800-404-7291,"Sales,Service,Up To 2MW,Mobile/Diesel/Gas,"
11735,Industrial/Commercial Sales & Service,00010001761002,"GENSERVE, INC.", 100 NEWTOWN RD,,PLAINVIEW,NY ,11803,USA,www.genserveinc.com,631-435-0437,"Service,"
11735,Industrial/Commercial Sales & Service,00111209521002,LONG ISLAND EMERGENCY POWER -QO, 2 Ocean Avenue,,DEER PARK,NY ,11729,USA,,631-586-7513,"Sales,"
11735,Industrial/Commercial Sales & Service,00010139211002,POWERPRO SERVICE CO. INC., 608 JOHNSON AVE. UNIT 6,,BOHEMIA,NY ,11716,USA,,631-567-2700,"Sales,Service,Up To 600kW,Mobile/Diesel/Gas,"
11735,Industrial/Commercial Sales & Service,00111209531002,HUNTINGTON POWER - LONG ISLAND, PO BOX 2040,,SHELTON,CT ,06484,USA,,631-586-7513,"Sales,"
11735,Industrial/Commercial Sales & Service,00010134071002,PEAK POWER SYSTEMS, 99 SPRAGUE AVENUE,,MIDDLETOWN,NY ,10940,USA,www.peakpowersystems.com,845-344-1975,"Sales,Service,Up To 600kW,Mobile/Diesel/Gas,Rental,"
11735,Industrial/Commercial Sales & Service,00010001761002,"GENSERVE, INC.", 115A TWINBRIDGE DR.,,PENNSAUKEN,NJ ,08110,USA,www.genserveinc.com,856-324-0459,"Service,"
11735,Industrial/Commercial Sales & Service,00010021101002,SOUTH SHORE GENERATOR INC-Quote, 2696A CRANBERRY HWY,,WAREHAM,MA ,02571,USA,,508-295-7336,"Sales,Service,Up To 600kW,Mobile/Diesel/Gas,"
11735,Industrial/Commercial Sales & Service,00010001701002,SOUTH SHORE GENERATOR INC, ,,EAST WAREHAM,MA ,02538,USA,,508-295-7336,"Financing,Sales,Service,Up To 600kW,Mobile/Diesel/Gas,"
11735,Industrial/Commercial Sales & Service,00010001621002,BROOKFIELD SERVICE, 708 GLEBE ROAD,,WESTMORELAND,NH ,03467,USA,www.brookfieldservice.com,802-485-6567,"Service,Up To 600kW,Mobile/Diesel/Gas,"
11735,Industrial/Commercial Sales & Service,00111184131002,HUNTER & LOMISON, 1956 W FOURTH ST,,WILLIAMSPORT,PA ,17701,USA,www.hunterlomison.com,570-326-1764,"Sales,Service,Up To 600kW,Mobile/Diesel/Gas,Rental,"
11735,Industrial/Commercial Sales & Service,00010000881002,HUNTER & LOMISON INC., 1956 W. 4TH STREET,,WILLIAMSPORT,PA ,17701,USA,www.hunterlomison.com,570-326-1764,"Service,Up To 600kW,Mobile/Diesel/Gas,"
11735,Industrial/Commercial Sales & Service,00111207431002,WARSHAUER ELECTRIC SUPPLY CO INC, 800 SHREWSBURY AVE,,TINTON FALLS,NJ ,07724,USA,www.warshauer.com,732-741-6400,"Service,"
11735,Industrial/Commercial Sales & Service,00010157021002,Mechanical Service Co, 1145 Oak St.,,Pittston,PA ,18640,USA,,570-654-2445,"Service,"
11737,Industrial/Commercial Sales & Service,00010001611002,Huntington Power, 230 Long Hill Cross Rd,,Shelton,CT ,06484,USA,www.huntingtonpower.com,203-929-3203,"Sales,Service,Up To 2MW,Mobile/Diesel/Gas,Training,Rental,"
11737,Industrial/Commercial Sales & Service,00010214161002,"R.L. KISTLER, INC.", 35 HAMILTON LANE,,GLENMONT,NY ,12077,USA,,585-436-1940,"Sales,Service,"
11737,Industrial/Commercial Sales & Service,00010214161002,"R.L. Kistler, Inc", 300 Mile Crossing Blvd.,,Rochester,NY ,14624,USA,rlkistler.com,585-436-1940,"Sales,"
11737,Industrial/Commercial Sales & Service,00010001611002,Huntington Power, 68 Enter Ln,,Islandia,NY ,11749,USA,,631-563-4943,"Sales,Service,Up To 2MW,Mobile/Diesel/Gas,"
11737,Industrial/Commercial Sales & Service,00010001611002,Huntington Power, 34 E DUDLEY TOWN RD.,,BLOOMFIELD,CT ,06002,USA,,860-289-8790,"Sales,Service,Rental,"
11737,Industrial/Commercial Sales & Service,00010214161002,"R.L. Kistler, Inc", 5615 Business Ave.,,N. Syracuse,NY ,13208,USA,,315-458-2875,"Sales,"
11737,Industrial/Commercial Sales & Service,00010214161002,"R.L. Kistler, Inc", 5615 Business Ave.,,N. Syracuse,NY ,13208,USA,,315-458-2875,"Sales,"
11737,Industrial/Commercial Sales & Service,00010208021002,Modern Group Power Systems, 2501 Durham Road,,Bristol,PA ,19007,USA,www.moderngroup.com,800-404-7291,"Sales,Service,Up To 2MW,Mobile/Diesel/Gas,Training,Rental,"
11737,Industrial/Commercial Sales & Service,00010001731002,Authorized Services Of New England, 410 Forest Street,,Marlborough,MA ,01752,USA,www.asne.com,888-890-9886,"Financing,Sales,Service,Up To 2MW,Mobile/Diesel/Gas,Training,Rental,"
11737,Industrial/Commercial Sales & Service,00010008091002,MODERN HANDLING EQUIP, 75 NEW STREET,,EDISON,NJ ,08837,USA,www.moderngroup.com,800-779-5116,"Sales,Service,Up To 2MW,Mobile/Diesel/Gas,"
11737,Industrial/Commercial Sales & Service,00010208021002,Modern Group Power Systems, 200 Allied Parkway,,West Berlin,NJ ,08091,USA,,800-404-7291,"Sales,Service,Up To 2MW,Mobile/Diesel/Gas,"
11737,Industrial/Commercial Sales & Service,00010208021002,Modern Group Power Systems, 6352 Chapmans Rd,,Allentown,PA ,18106,USA,,800-404-7291,"Sales,Service,Up To 2MW,Mobile/Diesel/Gas,"
11737,Industrial/Commercial Sales & Service,00010000931002,"EMERGENCY POWER SYSTEMS, LLC", 35 HAMILTON LANE,,GLENMONT,NY ,12077,USA,,800-914-1465,"Service,Up To 2MW,Mobile/Diesel/Gas,"
11737,Industrial/Commercial Sales & Service,00010000931002,"EMERGENCY POWER SYSTEMS, LLC", 35 HAMILTON LANE,,GLENMONT,NY ,12077,USA,,800-914-1465,"Service,"
11737,Industrial/Commercial Sales & Service,00010208021002,Modern Group Power Systems, 295 New Commerce Blvd.,,Wilkes Barre,PA ,18706,USA,,800-404-7291,"Sales,Service,Up To 2MW,Mobile/Diesel/Gas,"
11737,Industrial/Commercial Sales & Service,00010208021002,Modern Group Power Systems, 66A South Gate Blvd.,,New Castle,DE ,19720,USA,,800-404-7291,"Sales,Service,Up To 2MW,Mobile/Diesel/Gas,"
11737,Industrial/Commercial Sales & Service,00010001731002,AUTHORIZED SERVICES OF NEW ENGLAND, 410 FOREST STREET,,MARLBOROUGH,MA ,01752,USA,,888-890-9886,"Sales,"
11737,Industrial/Commercial Sales & Service,00010208021002,Modern Group Power Systems, 3480 Board Road,,York,PA ,17402,USA,,800-404-7291,"Sales,Service,Up To 2MW,Mobile/Diesel/Gas,"
11737,Industrial/Commercial Sales & Service,00010001761002,"GENSERVE, INC.", 100 NEWTOWN RD,,PLAINVIEW,NY ,11803,USA,www.genserveinc.com,631-435-0437,"Service,"
11737,Industrial/Commercial Sales & Service,00111209521002,LONG ISLAND EMERGENCY POWER -QO, 2 Ocean Avenue,,DEER PARK,NY ,11729,USA,,631-586-7513,"Sales,"
11737,Industrial/Commercial Sales & Service,00010139211002,POWERPRO SERVICE CO. INC., 608 JOHNSON AVE. UNIT 6,,BOHEMIA,NY ,11716,USA,,631-567-2700,"Sales,Service,Up To 600kW,Mobile/Diesel/Gas,"
11737,Industrial/Commercial Sales & Service,00111209531002,HUNTINGTON POWER - LONG ISLAND, PO BOX 2040,,SHELTON,CT ,06484,USA,,631-586-7513,"Sales,"
11737,Industrial/Commercial Sales & Service,00010134071002,PEAK POWER SYSTEMS, 99 SPRAGUE AVENUE,,MIDDLETOWN,NY ,10940,USA,www.peakpowersystems.com,845-344-1975,"Sales,Service,Up To 600kW,Mobile/Diesel/Gas,Rental,"
11737,Industrial/Commercial Sales & Service,00010001761002,"GENSERVE, INC.", 115A TWINBRIDGE DR.,,PENNSAUKEN,NJ ,08110,USA,www.genserveinc.com,856-324-0459,"Service,"
11737,Industrial/Commercial Sales & Service,00010021101002,SOUTH SHORE GENERATOR INC-Quote, 2696A CRANBERRY HWY,,WAREHAM,MA ,02571,USA,,508-295-7336,"Sales,Service,Up To 600kW,Mobile/Diesel/Gas,"
11737,Industrial/Commercial Sales & Service,00010001701002,SOUTH SHORE GENERATOR INC, ,,EAST WAREHAM,MA ,02538,USA,,508-295-7336,"Financing,Sales,Service,Up To 600kW,Mobile/Diesel/Gas,"
11737,Industrial/Commercial Sales & Service,00010001621002,BROOKFIELD SERVICE, 708 GLEBE ROAD,,WESTMORELAND,NH ,03467,USA,www.brookfieldservice.com,802-485-6567,"Service,Up To 600kW,Mobile/Diesel/Gas,"
11737,Industrial/Commercial Sales & Service,00111184131002,HUNTER & LOMISON, 1956 W FOURTH ST,,WILLIAMSPORT,PA ,17701,USA,www.hunterlomison.com,570-326-1764,"Sales,Service,Up To 600kW,Mobile/Diesel/Gas,Rental,"
11737,Industrial/Commercial Sales & Service,00010000881002,HUNTER & LOMISON INC., 1956 W. 4TH STREET,,WILLIAMSPORT,PA ,17701,USA,www.hunterlomison.com,570-326-1764,"Service,Up To 600kW,Mobile/Diesel/Gas,"
11737,Industrial/Commercial Sales & Service,00111207431002,WARSHAUER ELECTRIC SUPPLY CO INC, 800 SHREWSBURY AVE,,TINTON FALLS,NJ ,07724,USA,www.warshauer.com,732-741-6400,"Service,"
11737,Industrial/Commercial Sales & Service,00010157021002,Mechanical Service Co, 1145 Oak St.,,Pittston,PA ,18640,USA,,570-654-2445,"Service,"
11738,Industrial/Commercial Sales & Service,00010001611002,Huntington Power, 230 Long Hill Cross Rd,,Shelton,CT ,06484,USA,www.huntingtonpower.com,203-929-3203,"Sales,Service,Up To 2MW,Mobile/Diesel/Gas,Training,Rental,"
11738,Industrial/Commercial Sales & Service,00010214161002,"R.L. KISTLER, INC.", 35 HAMILTON LANE,,GLENMONT,NY ,12077,USA,,585-436-1940,"Sales,Service,"
11738,Industrial/Commercial Sales & Service,00010214161002,"R.L. Kistler, Inc", 300 Mile Crossing Blvd.,,Rochester,NY ,14624,USA,rlkistler.com,585-436-1940,"Sales,"
11738,Industrial/Commercial Sales & Service,00010001611002,Huntington Power, 68 Enter Ln,,Islandia,NY ,11749,USA,,631-563-4943,"Sales,Service,Up To 2MW,Mobile/Diesel/Gas,"
11738,Industrial/Commercial Sales & Service,00010001611002,Huntington Power, 34 E DUDLEY TOWN RD.,,BLOOMFIELD,CT ,06002,USA,,860-289-8790,"Sales,Service,Rental,"
11738,Industrial/Commercial Sales & Service,00010214161002,"R.L. Kistler, Inc", 5615 Business Ave.,,N. Syracuse,NY ,13208,USA,,315-458-2875,"Sales,"
11738,Industrial/Commercial Sales & Service,00010214161002,"R.L. Kistler, Inc", 5615 Business Ave.,,N. Syracuse,NY ,13208,USA,,315-458-2875,"Sales,"
11738,Industrial/Commercial Sales & Service,00010208021002,Modern Group Power Systems, 2501 Durham Road,,Bristol,PA ,19007,USA,www.moderngroup.com,800-404-7291,"Sales,Service,Up To 2MW,Mobile/Diesel/Gas,Training,Rental,"
11738,Industrial/Commercial Sales & Service,00010001731002,Authorized Services Of New England, 410 Forest Street,,Marlborough,MA ,01752,USA,www.asne.com,888-890-9886,"Financing,Sales,Service,Up To 2MW,Mobile/Diesel/Gas,Training,Rental,"
11738,Industrial/Commercial Sales & Service,00010008091002,MODERN HANDLING EQUIP, 75 NEW STREET,,EDISON,NJ ,08837,USA,www.moderngroup.com,800-779-5116,"Sales,Service,Up To 2MW,Mobile/Diesel/Gas,"
11738,Industrial/Commercial Sales & Service,00010208021002,Modern Group Power Systems, 200 Allied Parkway,,West Berlin,NJ ,08091,USA,,800-404-7291,"Sales,Service,Up To 2MW,Mobile/Diesel/Gas,"
11738,Industrial/Commercial Sales & Service,00010000931002,"EMERGENCY POWER SYSTEMS, LLC", 35 HAMILTON LANE,,GLENMONT,NY ,12077,USA,,800-914-1465,"Service,Up To 2MW,Mobile/Diesel/Gas,"
11738,Industrial/Commercial Sales & Service,00010000931002,"EMERGENCY POWER SYSTEMS, LLC", 35 HAMILTON LANE,,GLENMONT,NY ,12077,USA,,800-914-1465,"Service,"
11738,Industrial/Commercial Sales & Service,00010001731002,AUTHORIZED SERVICES OF NEW ENGLAND, 410 FOREST STREET,,MARLBOROUGH,MA ,01752,USA,,888-890-9886,"Sales,"
11738,Industrial/Commercial Sales & Service,00010208021002,Modern Group Power Systems, 6352 Chapmans Rd,,Allentown,PA ,18106,USA,,800-404-7291,"Sales,Service,Up To 2MW,Mobile/Diesel/Gas,"
11738,Industrial/Commercial Sales & Service,00010208021002,Modern Group Power Systems, 295 New Commerce Blvd.,,Wilkes Barre,PA ,18706,USA,,800-404-7291,"Sales,Service,Up To 2MW,Mobile/Diesel/Gas,"
11738,Industrial/Commercial Sales & Service,00010208021002,Modern Group Power Systems, 66A South Gate Blvd.,,New Castle,DE ,19720,USA,,800-404-7291,"Sales,Service,Up To 2MW,Mobile/Diesel/Gas,"
11738,Industrial/Commercial Sales & Service,00010139211002,POWERPRO SERVICE CO. INC., 608 JOHNSON AVE. UNIT 6,,BOHEMIA,NY ,11716,USA,,631-567-2700,"Sales,Service,Up To 600kW,Mobile/Diesel/Gas,"
11738,Industrial/Commercial Sales & Service,00111209521002,LONG ISLAND EMERGENCY POWER -QO, 2 Ocean Avenue,,DEER PARK,NY ,11729,USA,,631-586-7513,"Sales,"
11738,Industrial/Commercial Sales & Service,00010001761002,"GENSERVE, INC.", 100 NEWTOWN RD,,PLAINVIEW,NY ,11803,USA,www.genserveinc.com,631-435-0437,"Service,"
11738,Industrial/Commercial Sales & Service,00111209531002,HUNTINGTON POWER - LONG ISLAND, PO BOX 2040,,SHELTON,CT ,06484,USA,,631-586-7513,"Sales,"
11738,Industrial/Commercial Sales & Service,00010134071002,PEAK POWER SYSTEMS, 99 SPRAGUE AVENUE,,MIDDLETOWN,NY ,10940,USA,www.peakpowersystems.com,845-344-1975,"Sales,Service,Up To 600kW,Mobile/Diesel/Gas,Rental,"
11738,Industrial/Commercial Sales & Service,00010001761002,"GENSERVE, INC.", 115A TWINBRIDGE DR.,,PENNSAUKEN,NJ ,08110,USA,www.genserveinc.com,856-324-0459,"Service,"
11738,Industrial/Commercial Sales & Service,00010021101002,SOUTH SHORE GENERATOR INC-Quote, 2696A CRANBERRY HWY,,WAREHAM,MA ,02571,USA,,508-295-7336,"Sales,Service,Up To 600kW,Mobile/Diesel/Gas,"
11738,Industrial/Commercial Sales & Service,00010001701002,SOUTH SHORE GENERATOR INC, ,,EAST WAREHAM,MA ,02538,USA,,508-295-7336,"Financing,Sales,Service,Up To 600kW,Mobile/Diesel/Gas,"
11738,Industrial/Commercial Sales & Service,00010001621002,BROOKFIELD SERVICE, 708 GLEBE ROAD,,WESTMORELAND,NH ,03467,USA,www.brookfieldservice.com,802-485-6567,"Service,Up To 600kW,Mobile/Diesel/Gas,"
11738,Industrial/Commercial Sales & Service,00111207431002,WARSHAUER ELECTRIC SUPPLY CO INC, 800 SHREWSBURY AVE,,TINTON FALLS,NJ ,07724,USA,www.warshauer.com,732-741-6400,"Service,"
11738,Industrial/Commercial Sales & Service,00010157021002,Mechanical Service Co, 1145 Oak St.,,Pittston,PA ,18640,USA,,570-654-2445,"Service,"
11739,Industrial/Commercial Sales & Service,00010214161002,"R.L. Kistler, Inc", 300 Mile Crossing Blvd.,,Rochester,NY ,14624,USA,rlkistler.com,585-436-1940,"Sales,"
11739,Industrial/Commercial Sales & Service,00010001611002,Huntington Power, 230 Long Hill Cross Rd,,Shelton,CT ,06484,USA,www.huntingtonpower.com,203-929-3203,"Sales,Service,Up To 2MW,Mobile/Diesel/Gas,Training,Rental,"
11739,Industrial/Commercial Sales & Service,00010214161002,"R.L. KISTLER, INC.", 35 HAMILTON LANE,,GLENMONT,NY ,12077,USA,,585-436-1940,"Sales,Service,"
11739,Industrial/Commercial Sales & Service,00010214161002,"R.L. Kistler, Inc", 5615 Business Ave.,,N. Syracuse,NY ,13208,USA,,315-458-2875,"Sales,"
11739,Industrial/Commercial Sales & Service,00010001611002,Huntington Power, 68 Enter Ln,,Islandia,NY ,11749,USA,,631-563-4943,"Sales,Service,Up To 2MW,Mobile/Diesel/Gas,"
11739,Industrial/Commercial Sales & Service,00010001611002,Huntington Power, 34 E DUDLEY TOWN RD.,,BLOOMFIELD,CT ,06002,USA,,860-289-8790,"Sales,Service,Rental,"
11739,Industrial/Commercial Sales & Service,00010214161002,"R.L. Kistler, Inc", 5615 Business Ave.,,N. Syracuse,NY ,13208,USA,,315-458-2875,"Sales,"
11739,Industrial/Commercial Sales & Service,00010208021002,Modern Group Power Systems, 2501 Durham Road,,Bristol,PA ,19007,USA,www.moderngroup.com,800-404-7291,"Sales,Service,Up To 2MW,Mobile/Diesel/Gas,Training,Rental,"
11739,Industrial/Commercial Sales & Service,00010001731002,Authorized Services Of New England, 410 Forest Street,,Marlborough,MA ,01752,USA,www.asne.com,888-890-9886,"Financing,Sales,Service,Up To 2MW,Mobile/Diesel/Gas,Training,Rental,"
11739,Industrial/Commercial Sales & Service,00010008091002,MODERN HANDLING EQUIP, 75 NEW STREET,,EDISON,NJ ,08837,USA,www.moderngroup.com,800-779-5116,"Sales,Service,Up To 2MW,Mobile/Diesel/Gas,"
11739,Industrial/Commercial Sales & Service,00010208021002,Modern Group Power Systems, 200 Allied Parkway,,West Berlin,NJ ,08091,USA,,800-404-7291,"Sales,Service,Up To 2MW,Mobile/Diesel/Gas,"
11739,Industrial/Commercial Sales & Service,00010208021002,Modern Group Power Systems, 6352 Chapmans Rd,,Allentown,PA ,18106,USA,,800-404-7291,"Sales,Service,Up To 2MW,Mobile/Diesel/Gas,"
11739,Industrial/Commercial Sales & Service,00010000931002,"EMERGENCY POWER SYSTEMS, LLC", 35 HAMILTON LANE,,GLENMONT,NY ,12077,USA,,800-914-1465,"Service,Up To 2MW,Mobile/Diesel/Gas,"
11739,Industrial/Commercial Sales & Service,00010000931002,"EMERGENCY POWER SYSTEMS, LLC", 35 HAMILTON LANE,,GLENMONT,NY ,12077,USA,,800-914-1465,"Service,"
11739,Industrial/Commercial Sales & Service,00010001731002,AUTHORIZED SERVICES OF NEW ENGLAND, 410 FOREST STREET,,MARLBOROUGH,MA ,01752,USA,,888-890-9886,"Sales,"
11739,Industrial/Commercial Sales & Service,00010208021002,Modern Group Power Systems, 295 New Commerce Blvd.,,Wilkes Barre,PA ,18706,USA,,800-404-7291,"Sales,Service,Up To 2MW,Mobile/Diesel/Gas,"
11739,Industrial/Commercial Sales & Service,00010208021002,Modern Group Power Systems, 66A South Gate Blvd.,,New Castle,DE ,19720,USA,,800-404-7291,"Sales,Service,Up To 2MW,Mobile/Diesel/Gas,"
11739,Industrial/Commercial Sales & Service,00010208021002,Modern Group Power Systems, 3480 Board Road,,York,PA ,17402,USA,,800-404-7291,"Sales,Service,Up To 2MW,Mobile/Diesel/Gas,"
11739,Industrial/Commercial Sales & Service,00010139211002,POWERPRO SERVICE CO. INC., 608 JOHNSON AVE. UNIT 6,,BOHEMIA,NY ,11716,USA,,631-567-2700,"Sales,Service,Up To 600kW,Mobile/Diesel/Gas,"
11739,Industrial/Commercial Sales & Service,00111209521002,LONG ISLAND EMERGENCY POWER -QO, 2 Ocean Avenue,,DEER PARK,NY ,11729,USA,,631-586-7513,"Sales,"
11739,Industrial/Commercial Sales & Service,00010001761002,"GENSERVE, INC.", 100 NEWTOWN RD,,PLAINVIEW,NY ,11803,USA,www.genserveinc.com,631-435-0437,"Service,"
11739,Industrial/Commercial Sales & Service,00111209531002,HUNTINGTON POWER - LONG ISLAND, PO BOX 2040,,SHELTON,CT ,06484,USA,,631-586-7513,"Sales,"
11739,Industrial/Commercial Sales & Service,00010134071002,PEAK POWER SYSTEMS, 99 SPRAGUE AVENUE,,MIDDLETOWN,NY ,10940,USA,www.peakpowersystems.com,845-344-1975,"Sales,Service,Up To 600kW,Mobile/Diesel/Gas,Rental,"
11739,Industrial/Commercial Sales & Service,00010001761002,"GENSERVE, INC.", 115A TWINBRIDGE DR.,,PENNSAUKEN,NJ ,08110,USA,www.genserveinc.com,856-324-0459,"Service,"
11739,Industrial/Commercial Sales & Service,00010021101002,SOUTH SHORE GENERATOR INC-Quote, 2696A CRANBERRY HWY,,WAREHAM,MA ,02571,USA,,508-295-7336,"Sales,Service,Up To 600kW,Mobile/Diesel/Gas,"
11739,Industrial/Commercial Sales & Service,00010001701002,SOUTH SHORE GENERATOR INC, ,,EAST WAREHAM,MA ,02538,USA,,508-295-7336,"Financing,Sales,Service,Up To 600kW,Mobile/Diesel/Gas,"
11739,Industrial/Commercial Sales & Service,00010001621002,BROOKFIELD SERVICE, 708 GLEBE ROAD,,WESTMORELAND,NH ,03467,USA,www.brookfieldservice.com,802-485-6567,"Service,Up To 600kW,Mobile/Diesel/Gas,"
11739,Industrial/Commercial Sales & Service,00111207431002,WARSHAUER ELECTRIC SUPPLY CO INC, 800 SHREWSBURY AVE,,TINTON FALLS,NJ ,07724,USA,www.warshauer.com,732-741-6400,"Service,"
11739,Industrial/Commercial Sales & Service,00010157021002,Mechanical Service Co, 1145 Oak St.,,Pittston,PA ,18640,USA,,570-654-2445,"Service,"
11740,Industrial/Commercial Sales & Service,00010214161002,"R.L. Kistler, Inc", 300 Mile Crossing Blvd.,,Rochester,NY ,14624,USA,rlkistler.com,585-436-1940,"Sales,"
11740,Industrial/Commercial Sales & Service,00010214161002,"R.L. KISTLER, INC.", 35 HAMILTON LANE,,GLENMONT,NY ,12077,USA,,585-436-1940,"Sales,Service,"
11740,Industrial/Commercial Sales & Service,00010001611002,Huntington Power, 230 Long Hill Cross Rd,,Shelton,CT ,06484,USA,www.huntingtonpower.com,203-929-3203,"Sales,Service,Up To 2MW,Mobile/Diesel/Gas,Training,Rental,"
11740,Industrial/Commercial Sales & Service,00010214161002,"R.L. Kistler, Inc", 5615 Business Ave.,,N. Syracuse,NY ,13208,USA,,315-458-2875,"Sales,"
11740,Industrial/Commercial Sales & Service,00010214161002,"R.L. Kistler, Inc", 5615 Business Ave.,,N. Syracuse,NY ,13208,USA,,315-458-2875,"Sales,"
11740,Industrial/Commercial Sales & Service,00010001611002,Huntington Power, 68 Enter Ln,,Islandia,NY ,11749,USA,,631-563-4943,"Sales,Service,Up To 2MW,Mobile/Diesel/Gas,"
11740,Industrial/Commercial Sales & Service,00010001611002,Huntington Power, 34 E DUDLEY TOWN RD.,,BLOOMFIELD,CT ,06002,USA,,860-289-8790,"Sales,Service,Rental,"
11740,Industrial/Commercial Sales & Service,00010208021002,Modern Group Power Systems, 2501 Durham Road,,Bristol,PA ,19007,USA,www.moderngroup.com,800-404-7291,"Sales,Service,Up To 2MW,Mobile/Diesel/Gas,Training,Rental,"
11740,Industrial/Commercial Sales & Service,00010001731002,Authorized Services Of New England, 410 Forest Street,,Marlborough,MA ,01752,USA,www.asne.com,888-890-9886,"Financing,Sales,Service,Up To 2MW,Mobile/Diesel/Gas,Training,Rental,"
11740,Industrial/Commercial Sales & Service,00010008091002,MODERN HANDLING EQUIP, 75 NEW STREET,,EDISON,NJ ,08837,USA,www.moderngroup.com,800-779-5116,"Sales,Service,Up To 2MW,Mobile/Diesel/Gas,"
11740,Industrial/Commercial Sales & Service,00010208021002,Modern Group Power Systems, 200 Allied Parkway,,West Berlin,NJ ,08091,USA,,800-404-7291,"Sales,Service,Up To 2MW,Mobile/Diesel/Gas,"
11740,Industrial/Commercial Sales & Service,00010208021002,Modern Group Power Systems, 6352 Chapmans Rd,,Allentown,PA ,18106,USA,,800-404-7291,"Sales,Service,Up To 2MW,Mobile/Diesel/Gas,"
11740,Industrial/Commercial Sales & Service,00010000931002,"EMERGENCY POWER SYSTEMS, LLC", 35 HAMILTON LANE,,GLENMONT,NY ,12077,USA,,800-914-1465,"Service,Up To 2MW,Mobile/Diesel/Gas,"
11740,Industrial/Commercial Sales & Service,00010000931002,"EMERGENCY POWER SYSTEMS, LLC", 35 HAMILTON LANE,,GLENMONT,NY ,12077,USA,,800-914-1465,"Service,"
11740,Industrial/Commercial Sales & Service,00010208021002,Modern Group Power Systems, 295 New Commerce Blvd.,,Wilkes Barre,PA ,18706,USA,,800-404-7291,"Sales,Service,Up To 2MW,Mobile/Diesel/Gas,"
11740,Industrial/Commercial Sales & Service,00010001731002,AUTHORIZED SERVICES OF NEW ENGLAND, 410 FOREST STREET,,MARLBOROUGH,MA ,01752,USA,,888-890-9886,"Sales,"
11740,Industrial/Commercial Sales & Service,00010208021002,Modern Group Power Systems, 66A South Gate Blvd.,,New Castle,DE ,19720,USA,,800-404-7291,"Sales,Service,Up To 2MW,Mobile/Diesel/Gas,"
11740,Industrial/Commercial Sales & Service,00010208021002,Modern Group Power Systems, 3480 Board Road,,York,PA ,17402,USA,,800-404-7291,"Sales,Service,Up To 2MW,Mobile/Diesel/Gas,"
11740,Industrial/Commercial Sales & Service,00111209521002,LONG ISLAND EMERGENCY POWER -QO, 2 Ocean Avenue,,DEER PARK,NY ,11729,USA,,631-586-7513,"Sales,"
11740,Industrial/Commercial Sales & Service,00010001761002,"GENSERVE, INC.", 100 NEWTOWN RD,,PLAINVIEW,NY ,11803,USA,www.genserveinc.com,631-435-0437,"Service,"
11740,Industrial/Commercial Sales & Service,00010139211002,POWERPRO SERVICE CO. INC., 608 JOHNSON AVE. UNIT 6,,BOHEMIA,NY ,11716,USA,,631-567-2700,"Sales,Service,Up To 600kW,Mobile/Diesel/Gas,"
11740,Industrial/Commercial Sales & Service,00111209531002,HUNTINGTON POWER - LONG ISLAND, PO BOX 2040,,SHELTON,CT ,06484,USA,,631-586-7513,"Sales,"
11740,Industrial/Commercial Sales & Service,00010134071002,PEAK POWER SYSTEMS, 99 SPRAGUE AVENUE,,MIDDLETOWN,NY ,10940,USA,www.peakpowersystems.com,845-344-1975,"Sales,Service,Up To 600kW,Mobile/Diesel/Gas,Rental,"
11740,Industrial/Commercial Sales & Service,00010001761002,"GENSERVE, INC.", 115A TWINBRIDGE DR.,,PENNSAUKEN,NJ ,08110,USA,www.genserveinc.com,856-324-0459,"Service,"
11740,Industrial/Commercial Sales & Service,00010021101002,SOUTH SHORE GENERATOR INC-Quote, 2696A CRANBERRY HWY,,WAREHAM,MA ,02571,USA,,508-295-7336,"Sales,Service,Up To 600kW,Mobile/Diesel/Gas,"
11740,Industrial/Commercial Sales & Service,00010001621002,BROOKFIELD SERVICE, 708 GLEBE ROAD,,WESTMORELAND,NH ,03467,USA,www.brookfieldservice.com,802-485-6567,"Service,Up To 600kW,Mobile/Diesel/Gas,"
11740,Industrial/Commercial Sales & Service,00010001701002,SOUTH SHORE GENERATOR INC, ,,EAST WAREHAM,MA ,02538,USA,,508-295-7336,"Financing,Sales,Service,Up To 600kW,Mobile/Diesel/Gas,"
11740,Industrial/Commercial Sales & Service,00111184131002,HUNTER & LOMISON, 1956 W FOURTH ST,,WILLIAMSPORT,PA ,17701,USA,www.hunterlomison.com,570-326-1764,"Sales,Service,Up To 600kW,Mobile/Diesel/Gas,Rental,"
11740,Industrial/Commercial Sales & Service,00010000881002,HUNTER & LOMISON INC., 1956 W. 4TH STREET,,WILLIAMSPORT,PA ,17701,USA,www.hunterlomison.com,570-326-1764,"Service,Up To 600kW,Mobile/Diesel/Gas,"
11740,Industrial/Commercial Sales & Service,00111207431002,WARSHAUER ELECTRIC SUPPLY CO INC, 800 SHREWSBURY AVE,,TINTON FALLS,NJ ,07724,USA,www.warshauer.com,732-741-6400,"Service,"
11740,Industrial/Commercial Sales & Service,00010157021002,Mechanical Service Co, 1145 Oak St.,,Pittston,PA ,18640,USA,,570-654-2445,"Service,"
11741,Industrial/Commercial Sales & Service,00010214161002,"R.L. KISTLER, INC.", 35 HAMILTON LANE,,GLENMONT,NY ,12077,USA,,585-436-1940,"Sales,Service,"
11741,Industrial/Commercial Sales & Service,00010214161002,"R.L. Kistler, Inc", 300 Mile Crossing Blvd.,,Rochester,NY ,14624,USA,rlkistler.com,585-436-1940,"Sales,"
11741,Industrial/Commercial Sales & Service,00010001611002,Huntington Power, 230 Long Hill Cross Rd,,Shelton,CT ,06484,USA,www.huntingtonpower.com,203-929-3203,"Sales,Service,Up To 2MW,Mobile/Diesel/Gas,Training,Rental,"
11741,Industrial/Commercial Sales & Service,00010214161002,"R.L. Kistler, Inc", 5615 Business Ave.,,N. Syracuse,NY ,13208,USA,,315-458-2875,"Sales,"
11741,Industrial/Commercial Sales & Service,00010214161002,"R.L. Kistler, Inc", 5615 Business Ave.,,N. Syracuse,NY ,13208,USA,,315-458-2875,"Sales,"
11741,Industrial/Commercial Sales & Service,00010001611002,Huntington Power, 68 Enter Ln,,Islandia,NY ,11749,USA,,631-563-4943,"Sales,Service,Up To 2MW,Mobile/Diesel/Gas,"
11741,Industrial/Commercial Sales & Service,00010001611002,Huntington Power, 34 E DUDLEY TOWN RD.,,BLOOMFIELD,CT ,06002,USA,,860-289-8790,"Sales,Service,Rental,"
11741,Industrial/Commercial Sales & Service,00010208021002,Modern Group Power Systems, 2501 Durham Road,,Bristol,PA ,19007,USA,www.moderngroup.com,800-404-7291,"Sales,Service,Up To 2MW,Mobile/Diesel/Gas,Training,Rental,"
11741,Industrial/Commercial Sales & Service,00010001731002,Authorized Services Of New England, 410 Forest Street,,Marlborough,MA ,01752,USA,www.asne.com,888-890-9886,"Financing,Sales,Service,Up To 2MW,Mobile/Diesel/Gas,Training,Rental,"
11741,Industrial/Commercial Sales & Service,00010008091002,MODERN HANDLING EQUIP, 75 NEW STREET,,EDISON,NJ ,08837,USA,www.moderngroup.com,800-779-5116,"Sales,Service,Up To 2MW,Mobile/Diesel/Gas,"
11741,Industrial/Commercial Sales & Service,00010208021002,Modern Group Power Systems, 200 Allied Parkway,,West Berlin,NJ ,08091,USA,,800-404-7291,"Sales,Service,Up To 2MW,Mobile/Diesel/Gas,"
11741,Industrial/Commercial Sales & Service,00010000931002,"EMERGENCY POWER SYSTEMS, LLC", 35 HAMILTON LANE,,GLENMONT,NY ,12077,USA,,800-914-1465,"Service,Up To 2MW,Mobile/Diesel/Gas,"
11741,Industrial/Commercial Sales & Service,00010000931002,"EMERGENCY POWER SYSTEMS, LLC", 35 HAMILTON LANE,,GLENMONT,NY ,12077,USA,,800-914-1465,"Service,"
11741,Industrial/Commercial Sales & Service,00010208021002,Modern Group Power Systems, 6352 Chapmans Rd,,Allentown,PA ,18106,USA,,800-404-7291,"Sales,Service,Up To 2MW,Mobile/Diesel/Gas,"
11741,Industrial/Commercial Sales & Service,00010001731002,AUTHORIZED SERVICES OF NEW ENGLAND, 410 FOREST STREET,,MARLBOROUGH,MA ,01752,USA,,888-890-9886,"Sales,"
11741,Industrial/Commercial Sales & Service,00010208021002,Modern Group Power Systems, 295 New Commerce Blvd.,,Wilkes Barre,PA ,18706,USA,,800-404-7291,"Sales,Service,Up To 2MW,Mobile/Diesel/Gas,"
11741,Industrial/Commercial Sales & Service,00010208021002,Modern Group Power Systems, 66A South Gate Blvd.,,New Castle,DE ,19720,USA,,800-404-7291,"Sales,Service,Up To 2MW,Mobile/Diesel/Gas,"
11741,Industrial/Commercial Sales & Service,00010208021002,Modern Group Power Systems, 3480 Board Road,,York,PA ,17402,USA,,800-404-7291,"Sales,Service,Up To 2MW,Mobile/Diesel/Gas,"
11741,Industrial/Commercial Sales & Service,00010139211002,POWERPRO SERVICE CO. INC., 608 JOHNSON AVE. UNIT 6,,BOHEMIA,NY ,11716,USA,,631-567-2700,"Sales,Service,Up To 600kW,Mobile/Diesel/Gas,"
11741,Industrial/Commercial Sales & Service,00111209521002,LONG ISLAND EMERGENCY POWER -QO, 2 Ocean Avenue,,DEER PARK,NY ,11729,USA,,631-586-7513,"Sales,"
11741,Industrial/Commercial Sales & Service,00010001761002,"GENSERVE, INC.", 100 NEWTOWN RD,,PLAINVIEW,NY ,11803,USA,www.genserveinc.com,631-435-0437,"Service,"
11741,Industrial/Commercial Sales & Service,00111209531002,HUNTINGTON POWER - LONG ISLAND, PO BOX 2040,,SHELTON,CT ,06484,USA,,631-586-7513,"Sales,"
11741,Industrial/Commercial Sales & Service,00010134071002,PEAK POWER SYSTEMS, 99 SPRAGUE AVENUE,,MIDDLETOWN,NY ,10940,USA,www.peakpowersystems.com,845-344-1975,"Sales,Service,Up To 600kW,Mobile/Diesel/Gas,Rental,"
11741,Industrial/Commercial Sales & Service,00010001761002,"GENSERVE, INC.", 115A TWINBRIDGE DR.,,PENNSAUKEN,NJ ,08110,USA,www.genserveinc.com,856-324-0459,"Service,"
11741,Industrial/Commercial Sales & Service,00010021101002,SOUTH SHORE GENERATOR INC-Quote, 2696A CRANBERRY HWY,,WAREHAM,MA ,02571,USA,,508-295-7336,"Sales,Service,Up To 600kW,Mobile/Diesel/Gas,"
11741,Industrial/Commercial Sales & Service,00010001701002,SOUTH SHORE GENERATOR INC, ,,EAST WAREHAM,MA ,02538,USA,,508-295-7336,"Financing,Sales,Service,Up To 600kW,Mobile/Diesel/Gas,"
11741,Industrial/Commercial Sales & Service,00010001621002,BROOKFIELD SERVICE, 708 GLEBE ROAD,,WESTMORELAND,NH ,03467,USA,www.brookfieldservice.com,802-485-6567,"Service,Up To 600kW,Mobile/Diesel/Gas,"
11741,Industrial/Commercial Sales & Service,00111207431002,WARSHAUER ELECTRIC SUPPLY CO INC, 800 SHREWSBURY AVE,,TINTON FALLS,NJ ,07724,USA,www.warshauer.com,732-741-6400,"Service,"
11741,Industrial/Commercial Sales & Service,00010157021002,Mechanical Service Co, 1145 Oak St.,,Pittston,PA ,18640,USA,,570-654-2445,"Service,"
11742,Industrial/Commercial Sales & Service,00010214161002,"R.L. KISTLER, INC.", 35 HAMILTON LANE,,GLENMONT,NY ,12077,USA,,585-436-1940,"Sales,Service,"
11742,Industrial/Commercial Sales & Service,00010001611002,Huntington Power, 230 Long Hill Cross Rd,,Shelton,CT ,06484,USA,www.huntingtonpower.com,203-929-3203,"Sales,Service,Up To 2MW,Mobile/Diesel/Gas,Training,Rental,"
11742,Industrial/Commercial Sales & Service,00010214161002,"R.L. Kistler, Inc", 300 Mile Crossing Blvd.,,Rochester,NY ,14624,USA,rlkistler.com,585-436-1940,"Sales,"
11742,Industrial/Commercial Sales & Service,00010214161002,"R.L. Kistler, Inc", 5615 Business Ave.,,N. Syracuse,NY ,13208,USA,,315-458-2875,"Sales,"
11742,Industrial/Commercial Sales & Service,00010001611002,Huntington Power, 68 Enter Ln,,Islandia,NY ,11749,USA,,631-563-4943,"Sales,Service,Up To 2MW,Mobile/Diesel/Gas,"
11742,Industrial/Commercial Sales & Service,00010001611002,Huntington Power, 34 E DUDLEY TOWN RD.,,BLOOMFIELD,CT ,06002,USA,,860-289-8790,"Sales,Service,Rental,"
11742,Industrial/Commercial Sales & Service,00010214161002,"R.L. Kistler, Inc", 5615 Business Ave.,,N. Syracuse,NY ,13208,USA,,315-458-2875,"Sales,"
11742,Industrial/Commercial Sales & Service,00010208021002,Modern Group Power Systems, 2501 Durham Road,,Bristol,PA ,19007,USA,www.moderngroup.com,800-404-7291,"Sales,Service,Up To 2MW,Mobile/Diesel/Gas,Training,Rental,"
11742,Industrial/Commercial Sales & Service,00010001731002,Authorized Services Of New England, 410 Forest Street,,Marlborough,MA ,01752,USA,www.asne.com,888-890-9886,"Financing,Sales,Service,Up To 2MW,Mobile/Diesel/Gas,Training,Rental,"
11742,Industrial/Commercial Sales & Service,00010008091002,MODERN HANDLING EQUIP, 75 NEW STREET,,EDISON,NJ ,08837,USA,www.moderngroup.com,800-779-5116,"Sales,Service,Up To 2MW,Mobile/Diesel/Gas,"
11742,Industrial/Commercial Sales & Service,00010208021002,Modern Group Power Systems, 200 Allied Parkway,,West Berlin,NJ ,08091,USA,,800-404-7291,"Sales,Service,Up To 2MW,Mobile/Diesel/Gas,"
11742,Industrial/Commercial Sales & Service,00010000931002,"EMERGENCY POWER SYSTEMS, LLC", 35 HAMILTON LANE,,GLENMONT,NY ,12077,USA,,800-914-1465,"Service,Up To 2MW,Mobile/Diesel/Gas,"
11742,Industrial/Commercial Sales & Service,00010000931002,"EMERGENCY POWER SYSTEMS, LLC", 35 HAMILTON LANE,,GLENMONT,NY ,12077,USA,,800-914-1465,"Service,"
11742,Industrial/Commercial Sales & Service,00010001731002,AUTHORIZED SERVICES OF NEW ENGLAND, 410 FOREST STREET,,MARLBOROUGH,MA ,01752,USA,,888-890-9886,"Sales,"
11742,Industrial/Commercial Sales & Service,00010208021002,Modern Group Power Systems, 6352 Chapmans Rd,,Allentown,PA ,18106,USA,,800-404-7291,"Sales,Service,Up To 2MW,Mobile/Diesel/Gas,"
11742,Industrial/Commercial Sales & Service,00010208021002,Modern Group Power Systems, 295 New Commerce Blvd.,,Wilkes Barre,PA ,18706,USA,,800-404-7291,"Sales,Service,Up To 2MW,Mobile/Diesel/Gas,"
11742,Industrial/Commercial Sales & Service,00010208021002,Modern Group Power Systems, 66A South Gate Blvd.,,New Castle,DE ,19720,USA,,800-404-7291,"Sales,Service,Up To 2MW,Mobile/Diesel/Gas,"
11742,Industrial/Commercial Sales & Service,00010139211002,POWERPRO SERVICE CO. INC., 608 JOHNSON AVE. UNIT 6,,BOHEMIA,NY ,11716,USA,,631-567-2700,"Sales,Service,Up To 600kW,Mobile/Diesel/Gas,"
11742,Industrial/Commercial Sales & Service,00111209521002,LONG ISLAND EMERGENCY POWER -QO, 2 Ocean Avenue,,DEER PARK,NY ,11729,USA,,631-586-7513,"Sales,"
11742,Industrial/Commercial Sales & Service,00010001761002,"GENSERVE, INC.", 100 NEWTOWN RD,,PLAINVIEW,NY ,11803,USA,www.genserveinc.com,631-435-0437,"Service,"
11742,Industrial/Commercial Sales & Service,00111209531002,HUNTINGTON POWER - LONG ISLAND, PO BOX 2040,,SHELTON,CT ,06484,USA,,631-586-7513,"Sales,"
11742,Industrial/Commercial Sales & Service,00010134071002,PEAK POWER SYSTEMS, 99 SPRAGUE AVENUE,,MIDDLETOWN,NY ,10940,USA,www.peakpowersystems.com,845-344-1975,"Sales,Service,Up To 600kW,Mobile/Diesel/Gas,Rental,"
11742,Industrial/Commercial Sales & Service,00010001761002,"GENSERVE, INC.", 115A TWINBRIDGE DR.,,PENNSAUKEN,NJ ,08110,USA,www.genserveinc.com,856-324-0459,"Service,"
11742,Industrial/Commercial Sales & Service,00010021101002,SOUTH SHORE GENERATOR INC-Quote, 2696A CRANBERRY HWY,,WAREHAM,MA ,02571,USA,,508-295-7336,"Sales,Service,Up To 600kW,Mobile/Diesel/Gas,"
11742,Industrial/Commercial Sales & Service,00010001701002,SOUTH SHORE GENERATOR INC, ,,EAST WAREHAM,MA ,02538,USA,,508-295-7336,"Financing,Sales,Service,Up To 600kW,Mobile/Diesel/Gas,"
11742,Industrial/Commercial Sales & Service,00010001621002,BROOKFIELD SERVICE, 708 GLEBE ROAD,,WESTMORELAND,NH ,03467,USA,www.brookfieldservice.com,802-485-6567,"Service,Up To 600kW,Mobile/Diesel/Gas,"
11742,Industrial/Commercial Sales & Service,00111207431002,WARSHAUER ELECTRIC SUPPLY CO INC, 800 SHREWSBURY AVE,,TINTON FALLS,NJ ,07724,USA,www.warshauer.com,732-741-6400,"Service,"
11742,Industrial/Commercial Sales & Service,00010157021002,Mechanical Service Co, 1145 Oak St.,,Pittston,PA ,18640,USA,,570-654-2445,"Service,"
11743,Industrial/Commercial Sales & Service,00010214161002,"R.L. Kistler, Inc", 300 Mile Crossing Blvd.,,Rochester,NY ,14624,USA,rlkistler.com,585-436-1940,"Sales,"
11743,Industrial/Commercial Sales & Service,00010001611002,Huntington Power, 230 Long Hill Cross Rd,,Shelton,CT ,06484,USA,www.huntingtonpower.com,203-929-3203,"Sales,Service,Up To 2MW,Mobile/Diesel/Gas,Training,Rental,"
11743,Industrial/Commercial Sales & Service,00010214161002,"R.L. KISTLER, INC.", 35 HAMILTON LANE,,GLENMONT,NY ,12077,USA,,585-436-1940,"Sales,Service,"
11743,Industrial/Commercial Sales & Service,00010214161002,"R.L. Kistler, Inc", 5615 Business Ave.,,N. Syracuse,NY ,13208,USA,,315-458-2875,"Sales,"
11743,Industrial/Commercial Sales & Service,00010001611002,Huntington Power, 68 Enter Ln,,Islandia,NY ,11749,USA,,631-563-4943,"Sales,Service,Up To 2MW,Mobile/Diesel/Gas,"
11743,Industrial/Commercial Sales & Service,00010001611002,Huntington Power, 34 E DUDLEY TOWN RD.,,BLOOMFIELD,CT ,06002,USA,,860-289-8790,"Sales,Service,Rental,"
11743,Industrial/Commercial Sales & Service,00010214161002,"R.L. Kistler, Inc", 5615 Business Ave.,,N. Syracuse,NY ,13208,USA,,315-458-2875,"Sales,"
11743,Industrial/Commercial Sales & Service,00010208021002,Modern Group Power Systems, 2501 Durham Road,,Bristol,PA ,19007,USA,www.moderngroup.com,800-404-7291,"Sales,Service,Up To 2MW,Mobile/Diesel/Gas,Training,Rental,"
11743,Industrial/Commercial Sales & Service,00010001731002,Authorized Services Of New England, 410 Forest Street,,Marlborough,MA ,01752,USA,www.asne.com,888-890-9886,"Financing,Sales,Service,Up To 2MW,Mobile/Diesel/Gas,Training,Rental,"
11743,Industrial/Commercial Sales & Service,00010008091002,MODERN HANDLING EQUIP, 75 NEW STREET,,EDISON,NJ ,08837,USA,www.moderngroup.com,800-779-5116,"Sales,Service,Up To 2MW,Mobile/Diesel/Gas,"
11743,Industrial/Commercial Sales & Service,00010208021002,Modern Group Power Systems, 200 Allied Parkway,,West Berlin,NJ ,08091,USA,,800-404-7291,"Sales,Service,Up To 2MW,Mobile/Diesel/Gas,"
11743,Industrial/Commercial Sales & Service,00010208021002,Modern Group Power Systems, 6352 Chapmans Rd,,Allentown,PA ,18106,USA,,800-404-7291,"Sales,Service,Up To 2MW,Mobile/Diesel/Gas,"
11743,Industrial/Commercial Sales & Service,00010000931002,"EMERGENCY POWER SYSTEMS, LLC", 35 HAMILTON LANE,,GLENMONT,NY ,12077,USA,,800-914-1465,"Service,Up To 2MW,Mobile/Diesel/Gas,"
11743,Industrial/Commercial Sales & Service,00010000931002,"EMERGENCY POWER SYSTEMS, LLC", 35 HAMILTON LANE,,GLENMONT,NY ,12077,USA,,800-914-1465,"Service,"
11743,Industrial/Commercial Sales & Service,00010208021002,Modern Group Power Systems, 295 New Commerce Blvd.,,Wilkes Barre,PA ,18706,USA,,800-404-7291,"Sales,Service,Up To 2MW,Mobile/Diesel/Gas,"
11743,Industrial/Commercial Sales & Service,00010001731002,AUTHORIZED SERVICES OF NEW ENGLAND, 410 FOREST STREET,,MARLBOROUGH,MA ,01752,USA,,888-890-9886,"Sales,"
11743,Industrial/Commercial Sales & Service,00010208021002,Modern Group Power Systems, 66A South Gate Blvd.,,New Castle,DE ,19720,USA,,800-404-7291,"Sales,Service,Up To 2MW,Mobile/Diesel/Gas,"
11743,Industrial/Commercial Sales & Service,00010208021002,Modern Group Power Systems, 3480 Board Road,,York,PA ,17402,USA,,800-404-7291,"Sales,Service,Up To 2MW,Mobile/Diesel/Gas,"
11743,Industrial/Commercial Sales & Service,00010001761002,"GENSERVE, INC.", 100 NEWTOWN RD,,PLAINVIEW,NY ,11803,USA,www.genserveinc.com,631-435-0437,"Service,"
11743,Industrial/Commercial Sales & Service,00111209521002,LONG ISLAND EMERGENCY POWER -QO, 2 Ocean Avenue,,DEER PARK,NY ,11729,USA,,631-586-7513,"Sales,"
11743,Industrial/Commercial Sales & Service,00010139211002,POWERPRO SERVICE CO. INC., 608 JOHNSON AVE. UNIT 6,,BOHEMIA,NY ,11716,USA,,631-567-2700,"Sales,Service,Up To 600kW,Mobile/Diesel/Gas,"
11743,Industrial/Commercial Sales & Service,00111209531002,HUNTINGTON POWER - LONG ISLAND, PO BOX 2040,,SHELTON,CT ,06484,USA,,631-586-7513,"Sales,"
11743,Industrial/Commercial Sales & Service,00010134071002,PEAK POWER SYSTEMS, 99 SPRAGUE AVENUE,,MIDDLETOWN,NY ,10940,USA,www.peakpowersystems.com,845-344-1975,"Sales,Service,Up To 600kW,Mobile/Diesel/Gas,Rental,"
11743,Industrial/Commercial Sales & Service,00010001761002,"GENSERVE, INC.", 115A TWINBRIDGE DR.,,PENNSAUKEN,NJ ,08110,USA,www.genserveinc.com,856-324-0459,"Service,"
11743,Industrial/Commercial Sales & Service,00010001621002,BROOKFIELD SERVICE, 708 GLEBE ROAD,,WESTMORELAND,NH ,03467,USA,www.brookfieldservice.com,802-485-6567,"Service,Up To 600kW,Mobile/Diesel/Gas,"
11743,Industrial/Commercial Sales & Service,00010021101002,SOUTH SHORE GENERATOR INC-Quote, 2696A CRANBERRY HWY,,WAREHAM,MA ,02571,USA,,508-295-7336,"Sales,Service,Up To 600kW,Mobile/Diesel/Gas,"
11743,Industrial/Commercial Sales & Service,00010001701002,SOUTH SHORE GENERATOR INC, ,,EAST WAREHAM,MA ,02538,USA,,508-295-7336,"Financing,Sales,Service,Up To 600kW,Mobile/Diesel/Gas,"
11743,Industrial/Commercial Sales & Service,00111184131002,HUNTER & LOMISON, 1956 W FOURTH ST,,WILLIAMSPORT,PA ,17701,USA,www.hunterlomison.com,570-326-1764,"Sales,Service,Up To 600kW,Mobile/Diesel/Gas,Rental,"
11743,Industrial/Commercial Sales & Service,00010000881002,HUNTER & LOMISON INC., 1956 W. 4TH STREET,,WILLIAMSPORT,PA ,17701,USA,www.hunterlomison.com,570-326-1764,"Service,Up To 600kW,Mobile/Diesel/Gas,"
11743,Industrial/Commercial Sales & Service,00111207431002,WARSHAUER ELECTRIC SUPPLY CO INC, 800 SHREWSBURY AVE,,TINTON FALLS,NJ ,07724,USA,www.warshauer.com,732-741-6400,"Service,"
11743,Industrial/Commercial Sales & Service,00010157021002,Mechanical Service Co, 1145 Oak St.,,Pittston,PA ,18640,USA,,570-654-2445,"Service,"
11746,Industrial/Commercial Sales & Service,00010214161002,"R.L. KISTLER, INC.", 35 HAMILTON LANE,,GLENMONT,NY ,12077,USA,,585-436-1940,"Sales,Service,"
11746,Industrial/Commercial Sales & Service,00010214161002,"R.L. Kistler, Inc", 300 Mile Crossing Blvd.,,Rochester,NY ,14624,USA,rlkistler.com,585-436-1940,"Sales,"
11746,Industrial/Commercial Sales & Service,00010001611002,Huntington Power, 230 Long Hill Cross Rd,,Shelton,CT ,06484,USA,www.huntingtonpower.com,203-929-3203,"Sales,Service,Up To 2MW,Mobile/Diesel/Gas,Training,Rental,"
11746,Industrial/Commercial Sales & Service,00010214161002,"R.L. Kistler, Inc", 5615 Business Ave.,,N. Syracuse,NY ,13208,USA,,315-458-2875,"Sales,"
11746,Industrial/Commercial Sales & Service,00010214161002,"R.L. Kistler, Inc", 5615 Business Ave.,,N. Syracuse,NY ,13208,USA,,315-458-2875,"Sales,"
11746,Industrial/Commercial Sales & Service,00010001611002,Huntington Power, 68 Enter Ln,,Islandia,NY ,11749,USA,,631-563-4943,"Sales,Service,Up To 2MW,Mobile/Diesel/Gas,"
11746,Industrial/Commercial Sales & Service,00010001611002,Huntington Power, 34 E DUDLEY TOWN RD.,,BLOOMFIELD,CT ,06002,USA,,860-289-8790,"Sales,Service,Rental,"
11746,Industrial/Commercial Sales & Service,00010208021002,Modern Group Power Systems, 2501 Durham Road,,Bristol,PA ,19007,USA,www.moderngroup.com,800-404-7291,"Sales,Service,Up To 2MW,Mobile/Diesel/Gas,Training,Rental,"
11746,Industrial/Commercial Sales & Service,00010001731002,Authorized Services Of New England, 410 Forest Street,,Marlborough,MA ,01752,USA,www.asne.com,888-890-9886,"Financing,Sales,Service,Up To 2MW,Mobile/Diesel/Gas,Training,Rental,"
11746,Industrial/Commercial Sales & Service,00010008091002,MODERN HANDLING EQUIP, 75 NEW STREET,,EDISON,NJ ,08837,USA,www.moderngroup.com,800-779-5116,"Sales,Service,Up To 2MW,Mobile/Diesel/Gas,"
11746,Industrial/Commercial Sales & Service,00010208021002,Modern Group Power Systems, 200 Allied Parkway,,West Berlin,NJ ,08091,USA,,800-404-7291,"Sales,Service,Up To 2MW,Mobile/Diesel/Gas,"
11746,Industrial/Commercial Sales & Service,00010208021002,Modern Group Power Systems, 6352 Chapmans Rd,,Allentown,PA ,18106,USA,,800-404-7291,"Sales,Service,Up To 2MW,Mobile/Diesel/Gas,"
11746,Industrial/Commercial Sales & Service,00010000931002,"EMERGENCY POWER SYSTEMS, LLC", 35 HAMILTON LANE,,GLENMONT,NY ,12077,USA,,800-914-1465,"Service,Up To 2MW,Mobile/Diesel/Gas,"
11746,Industrial/Commercial Sales & Service,00010000931002,"EMERGENCY POWER SYSTEMS, LLC", 35 HAMILTON LANE,,GLENMONT,NY ,12077,USA,,800-914-1465,"Service,"
11746,Industrial/Commercial Sales & Service,00010208021002,Modern Group Power Systems, 295 New Commerce Blvd.,,Wilkes Barre,PA ,18706,USA,,800-404-7291,"Sales,Service,Up To 2MW,Mobile/Diesel/Gas,"
11746,Industrial/Commercial Sales & Service,00010001731002,AUTHORIZED SERVICES OF NEW ENGLAND, 410 FOREST STREET,,MARLBOROUGH,MA ,01752,USA,,888-890-9886,"Sales,"
11746,Industrial/Commercial Sales & Service,00010208021002,Modern Group Power Systems, 66A South Gate Blvd.,,New Castle,DE ,19720,USA,,800-404-7291,"Sales,Service,Up To 2MW,Mobile/Diesel/Gas,"
11746,Industrial/Commercial Sales & Service,00010208021002,Modern Group Power Systems, 3480 Board Road,,York,PA ,17402,USA,,800-404-7291,"Sales,Service,Up To 2MW,Mobile/Diesel/Gas,"
11746,Industrial/Commercial Sales & Service,00111209521002,LONG ISLAND EMERGENCY POWER -QO, 2 Ocean Avenue,,DEER PARK,NY ,11729,USA,,631-586-7513,"Sales,"
11746,Industrial/Commercial Sales & Service,00010001761002,"GENSERVE, INC.", 100 NEWTOWN RD,,PLAINVIEW,NY ,11803,USA,www.genserveinc.com,631-435-0437,"Service,"
11746,Industrial/Commercial Sales & Service,00010139211002,POWERPRO SERVICE CO. INC., 608 JOHNSON AVE. UNIT 6,,BOHEMIA,NY ,11716,USA,,631-567-2700,"Sales,Service,Up To 600kW,Mobile/Diesel/Gas,"
11746,Industrial/Commercial Sales & Service,00111209531002,HUNTINGTON POWER - LONG ISLAND, PO BOX 2040,,SHELTON,CT ,06484,USA,,631-586-7513,"Sales,"
11746,Industrial/Commercial Sales & Service,00010134071002,PEAK POWER SYSTEMS, 99 SPRAGUE AVENUE,,MIDDLETOWN,NY ,10940,USA,www.peakpowersystems.com,845-344-1975,"Sales,Service,Up To 600kW,Mobile/Diesel/Gas,Rental,"
11746,Industrial/Commercial Sales & Service,00010001761002,"GENSERVE, INC.", 115A TWINBRIDGE DR.,,PENNSAUKEN,NJ ,08110,USA,www.genserveinc.com,856-324-0459,"Service,"
11746,Industrial/Commercial Sales & Service,00010021101002,SOUTH SHORE GENERATOR INC-Quote, 2696A CRANBERRY HWY,,WAREHAM,MA ,02571,USA,,508-295-7336,"Sales,Service,Up To 600kW,Mobile/Diesel/Gas,"
11746,Industrial/Commercial Sales & Service,00010001701002,SOUTH SHORE GENERATOR INC, ,,EAST WAREHAM,MA ,02538,USA,,508-295-7336,"Financing,Sales,Service,Up To 600kW,Mobile/Diesel/Gas,"
11746,Industrial/Commercial Sales & Service,00010001621002,BROOKFIELD SERVICE, 708 GLEBE ROAD,,WESTMORELAND,NH ,03467,USA,www.brookfieldservice.com,802-485-6567,"Service,Up To 600kW,Mobile/Diesel/Gas,"
11746,Industrial/Commercial Sales & Service,00111184131002,HUNTER & LOMISON, 1956 W FOURTH ST,,WILLIAMSPORT,PA ,17701,USA,www.hunterlomison.com,570-326-1764,"Sales,Service,Up To 600kW,Mobile/Diesel/Gas,Rental,"
11746,Industrial/Commercial Sales & Service,00010000881002,HUNTER & LOMISON INC., 1956 W. 4TH STREET,,WILLIAMSPORT,PA ,17701,USA,www.hunterlomison.com,570-326-1764,"Service,Up To 600kW,Mobile/Diesel/Gas,"
11746,Industrial/Commercial Sales & Service,00111207431002,WARSHAUER ELECTRIC SUPPLY CO INC, 800 SHREWSBURY AVE,,TINTON FALLS,NJ ,07724,USA,www.warshauer.com,732-741-6400,"Service,"
11746,Industrial/Commercial Sales & Service,00010157021002,Mechanical Service Co, 1145 Oak St.,,Pittston,PA ,18640,USA,,570-654-2445,"Service,"
11747,Industrial/Commercial Sales & Service,00010214161002,"R.L. Kistler, Inc", 300 Mile Crossing Blvd.,,Rochester,NY ,14624,USA,rlkistler.com,585-436-1940,"Sales,"
11747,Industrial/Commercial Sales & Service,00010001611002,Huntington Power, 230 Long Hill Cross Rd,,Shelton,CT ,06484,USA,www.huntingtonpower.com,203-929-3203,"Sales,Service,Up To 2MW,Mobile/Diesel/Gas,Training,Rental,"
11747,Industrial/Commercial Sales & Service,00010214161002,"R.L. KISTLER, INC.", 35 HAMILTON LANE,,GLENMONT,NY ,12077,USA,,585-436-1940,"Sales,Service,"
11747,Industrial/Commercial Sales & Service,00010214161002,"R.L. Kistler, Inc", 5615 Business Ave.,,N. Syracuse,NY ,13208,USA,,315-458-2875,"Sales,"
11747,Industrial/Commercial Sales & Service,00010001611002,Huntington Power, 68 Enter Ln,,Islandia,NY ,11749,USA,,631-563-4943,"Sales,Service,Up To 2MW,Mobile/Diesel/Gas,"
11747,Industrial/Commercial Sales & Service,00010001611002,Huntington Power, 34 E DUDLEY TOWN RD.,,BLOOMFIELD,CT ,06002,USA,,860-289-8790,"Sales,Service,Rental,"
11747,Industrial/Commercial Sales & Service,00010214161002,"R.L. Kistler, Inc", 5615 Business Ave.,,N. Syracuse,NY ,13208,USA,,315-458-2875,"Sales,"
11747,Industrial/Commercial Sales & Service,00010208021002,Modern Group Power Systems, 2501 Durham Road,,Bristol,PA ,19007,USA,www.moderngroup.com,800-404-7291,"Sales,Service,Up To 2MW,Mobile/Diesel/Gas,Training,Rental,"
11747,Industrial/Commercial Sales & Service,00010001731002,Authorized Services Of New England, 410 Forest Street,,Marlborough,MA ,01752,USA,www.asne.com,888-890-9886,"Financing,Sales,Service,Up To 2MW,Mobile/Diesel/Gas,Training,Rental,"
11747,Industrial/Commercial Sales & Service,00010008091002,MODERN HANDLING EQUIP, 75 NEW STREET,,EDISON,NJ ,08837,USA,www.moderngroup.com,800-779-5116,"Sales,Service,Up To 2MW,Mobile/Diesel/Gas,"
11747,Industrial/Commercial Sales & Service,00010208021002,Modern Group Power Systems, 200 Allied Parkway,,West Berlin,NJ ,08091,USA,,800-404-7291,"Sales,Service,Up To 2MW,Mobile/Diesel/Gas,"
11747,Industrial/Commercial Sales & Service,00010208021002,Modern Group Power Systems, 6352 Chapmans Rd,,Allentown,PA ,18106,USA,,800-404-7291,"Sales,Service,Up To 2MW,Mobile/Diesel/Gas,"
11747,Industrial/Commercial Sales & Service,00010000931002,"EMERGENCY POWER SYSTEMS, LLC", 35 HAMILTON LANE,,GLENMONT,NY ,12077,USA,,800-914-1465,"Service,Up To 2MW,Mobile/Diesel/Gas,"
11747,Industrial/Commercial Sales & Service,00010000931002,"EMERGENCY POWER SYSTEMS, LLC", 35 HAMILTON LANE,,GLENMONT,NY ,12077,USA,,800-914-1465,"Service,"
11747,Industrial/Commercial Sales & Service,00010208021002,Modern Group Power Systems, 295 New Commerce Blvd.,,Wilkes Barre,PA ,18706,USA,,800-404-7291,"Sales,Service,Up To 2MW,Mobile/Diesel/Gas,"
11747,Industrial/Commercial Sales & Service,00010208021002,Modern Group Power Systems, 66A South Gate Blvd.,,New Castle,DE ,19720,USA,,800-404-7291,"Sales,Service,Up To 2MW,Mobile/Diesel/Gas,"
11747,Industrial/Commercial Sales & Service,00010001731002,AUTHORIZED SERVICES OF NEW ENGLAND, 410 FOREST STREET,,MARLBOROUGH,MA ,01752,USA,,888-890-9886,"Sales,"
11747,Industrial/Commercial Sales & Service,00010208021002,Modern Group Power Systems, 3480 Board Road,,York,PA ,17402,USA,,800-404-7291,"Sales,Service,Up To 2MW,Mobile/Diesel/Gas,"
11747,Industrial/Commercial Sales & Service,00010001761002,"GENSERVE, INC.", 100 NEWTOWN RD,,PLAINVIEW,NY ,11803,USA,www.genserveinc.com,631-435-0437,"Service,"
11747,Industrial/Commercial Sales & Service,00111209521002,LONG ISLAND EMERGENCY POWER -QO, 2 Ocean Avenue,,DEER PARK,NY ,11729,USA,,631-586-7513,"Sales,"
11747,Industrial/Commercial Sales & Service,00010139211002,POWERPRO SERVICE CO. INC., 608 JOHNSON AVE. UNIT 6,,BOHEMIA,NY ,11716,USA,,631-567-2700,"Sales,Service,Up To 600kW,Mobile/Diesel/Gas,"
11747,Industrial/Commercial Sales & Service,00111209531002,HUNTINGTON POWER - LONG ISLAND, PO BOX 2040,,SHELTON,CT ,06484,USA,,631-586-7513,"Sales,"
11747,Industrial/Commercial Sales & Service,00010134071002,PEAK POWER SYSTEMS, 99 SPRAGUE AVENUE,,MIDDLETOWN,NY ,10940,USA,www.peakpowersystems.com,845-344-1975,"Sales,Service,Up To 600kW,Mobile/Diesel/Gas,Rental,"
11747,Industrial/Commercial Sales & Service,00010001761002,"GENSERVE, INC.", 115A TWINBRIDGE DR.,,PENNSAUKEN,NJ ,08110,USA,www.genserveinc.com,856-324-0459,"Service,"
11747,Industrial/Commercial Sales & Service,00010021101002,SOUTH SHORE GENERATOR INC-Quote, 2696A CRANBERRY HWY,,WAREHAM,MA ,02571,USA,,508-295-7336,"Sales,Service,Up To 600kW,Mobile/Diesel/Gas,"
11747,Industrial/Commercial Sales & Service,00010001621002,BROOKFIELD SERVICE, 708 GLEBE ROAD,,WESTMORELAND,NH ,03467,USA,www.brookfieldservice.com,802-485-6567,"Service,Up To 600kW,Mobile/Diesel/Gas,"
11747,Industrial/Commercial Sales & Service,00010001701002,SOUTH SHORE GENERATOR INC, ,,EAST WAREHAM,MA ,02538,USA,,508-295-7336,"Financing,Sales,Service,Up To 600kW,Mobile/Diesel/Gas,"
11747,Industrial/Commercial Sales & Service,00111184131002,HUNTER & LOMISON, 1956 W FOURTH ST,,WILLIAMSPORT,PA ,17701,USA,www.hunterlomison.com,570-326-1764,"Sales,Service,Up To 600kW,Mobile/Diesel/Gas,Rental,"
11747,Industrial/Commercial Sales & Service,00010000881002,HUNTER & LOMISON INC., 1956 W. 4TH STREET,,WILLIAMSPORT,PA ,17701,USA,www.hunterlomison.com,570-326-1764,"Service,Up To 600kW,Mobile/Diesel/Gas,"
11747,Industrial/Commercial Sales & Service,00111207431002,WARSHAUER ELECTRIC SUPPLY CO INC, 800 SHREWSBURY AVE,,TINTON FALLS,NJ ,07724,USA,www.warshauer.com,732-741-6400,"Service,"
11747,Industrial/Commercial Sales & Service,00010157021002,Mechanical Service Co, 1145 Oak St.,,Pittston,PA ,18640,USA,,570-654-2445,"Service,"
11749,Industrial/Commercial Sales & Service,00010214161002,"R.L. KISTLER, INC.", 35 HAMILTON LANE,,GLENMONT,NY ,12077,USA,,585-436-1940,"Sales,Service,"
11749,Industrial/Commercial Sales & Service,00010001611002,Huntington Power, 230 Long Hill Cross Rd,,Shelton,CT ,06484,USA,www.huntingtonpower.com,203-929-3203,"Sales,Service,Up To 2MW,Mobile/Diesel/Gas,Training,Rental,"
11749,Industrial/Commercial Sales & Service,00010214161002,"R.L. Kistler, Inc", 300 Mile Crossing Blvd.,,Rochester,NY ,14624,USA,rlkistler.com,585-436-1940,"Sales,"
11749,Industrial/Commercial Sales & Service,00010214161002,"R.L. Kistler, Inc", 5615 Business Ave.,,N. Syracuse,NY ,13208,USA,,315-458-2875,"Sales,"
11749,Industrial/Commercial Sales & Service,00010001611002,Huntington Power, 68 Enter Ln,,Islandia,NY ,11749,USA,,631-563-4943,"Sales,Service,Up To 2MW,Mobile/Diesel/Gas,"
11749,Industrial/Commercial Sales & Service,00010001611002,Huntington Power, 34 E DUDLEY TOWN RD.,,BLOOMFIELD,CT ,06002,USA,,860-289-8790,"Sales,Service,Rental,"
11749,Industrial/Commercial Sales & Service,00010214161002,"R.L. Kistler, Inc", 5615 Business Ave.,,N. Syracuse,NY ,13208,USA,,315-458-2875,"Sales,"
11749,Industrial/Commercial Sales & Service,00010208021002,Modern Group Power Systems, 2501 Durham Road,,Bristol,PA ,19007,USA,www.moderngroup.com,800-404-7291,"Sales,Service,Up To 2MW,Mobile/Diesel/Gas,Training,Rental,"
11749,Industrial/Commercial Sales & Service,00010001731002,Authorized Services Of New England, 410 Forest Street,,Marlborough,MA ,01752,USA,www.asne.com,888-890-9886,"Financing,Sales,Service,Up To 2MW,Mobile/Diesel/Gas,Training,Rental,"
11749,Industrial/Commercial Sales & Service,00010008091002,MODERN HANDLING EQUIP, 75 NEW STREET,,EDISON,NJ ,08837,USA,www.moderngroup.com,800-779-5116,"Sales,Service,Up To 2MW,Mobile/Diesel/Gas,"
11749,Industrial/Commercial Sales & Service,00010208021002,Modern Group Power Systems, 200 Allied Parkway,,West Berlin,NJ ,08091,USA,,800-404-7291,"Sales,Service,Up To 2MW,Mobile/Diesel/Gas,"
11749,Industrial/Commercial Sales & Service,00010000931002,"EMERGENCY POWER SYSTEMS, LLC", 35 HAMILTON LANE,,GLENMONT,NY ,12077,USA,,800-914-1465,"Service,Up To 2MW,Mobile/Diesel/Gas,"
11749,Industrial/Commercial Sales & Service,00010000931002,"EMERGENCY POWER SYSTEMS, LLC", 35 HAMILTON LANE,,GLENMONT,NY ,12077,USA,,800-914-1465,"Service,"
11749,Industrial/Commercial Sales & Service,00010001731002,AUTHORIZED SERVICES OF NEW ENGLAND, 410 FOREST STREET,,MARLBOROUGH,MA ,01752,USA,,888-890-9886,"Sales,"
11749,Industrial/Commercial Sales & Service,00010208021002,Modern Group Power Systems, 6352 Chapmans Rd,,Allentown,PA ,18106,USA,,800-404-7291,"Sales,Service,Up To 2MW,Mobile/Diesel/Gas,"
11749,Industrial/Commercial Sales & Service,00010208021002,Modern Group Power Systems, 295 New Commerce Blvd.,,Wilkes Barre,PA ,18706,USA,,800-404-7291,"Sales,Service,Up To 2MW,Mobile/Diesel/Gas,"
11749,Industrial/Commercial Sales & Service,00010208021002,Modern Group Power Systems, 66A South Gate Blvd.,,New Castle,DE ,19720,USA,,800-404-7291,"Sales,Service,Up To 2MW,Mobile/Diesel/Gas,"
11749,Industrial/Commercial Sales & Service,00010139211002,POWERPRO SERVICE CO. INC., 608 JOHNSON AVE. UNIT 6,,BOHEMIA,NY ,11716,USA,,631-567-2700,"Sales,Service,Up To 600kW,Mobile/Diesel/Gas,"
11749,Industrial/Commercial Sales & Service,00111209521002,LONG ISLAND EMERGENCY POWER -QO, 2 Ocean Avenue,,DEER PARK,NY ,11729,USA,,631-586-7513,"Sales,"
11749,Industrial/Commercial Sales & Service,00010001761002,"GENSERVE, INC.", 100 NEWTOWN RD,,PLAINVIEW,NY ,11803,USA,www.genserveinc.com,631-435-0437,"Service,"
11749,Industrial/Commercial Sales & Service,00111209531002,HUNTINGTON POWER - LONG ISLAND, PO BOX 2040,,SHELTON,CT ,06484,USA,,631-586-7513,"Sales,"
11749,Industrial/Commercial Sales & Service,00010134071002,PEAK POWER SYSTEMS, 99 SPRAGUE AVENUE,,MIDDLETOWN,NY ,10940,USA,www.peakpowersystems.com,845-344-1975,"Sales,Service,Up To 600kW,Mobile/Diesel/Gas,Rental,"
11749,Industrial/Commercial Sales & Service,00010001761002,"GENSERVE, INC.", 115A TWINBRIDGE DR.,,PENNSAUKEN,NJ ,08110,USA,www.genserveinc.com,856-324-0459,"Service,"
11749,Industrial/Commercial Sales & Service,00010021101002,SOUTH SHORE GENERATOR INC-Quote, 2696A CRANBERRY HWY,,WAREHAM,MA ,02571,USA,,508-295-7336,"Sales,Service,Up To 600kW,Mobile/Diesel/Gas,"
11749,Industrial/Commercial Sales & Service,00010001701002,SOUTH SHORE GENERATOR INC, ,,EAST WAREHAM,MA ,02538,USA,,508-295-7336,"Financing,Sales,Service,Up To 600kW,Mobile/Diesel/Gas,"
11749,Industrial/Commercial Sales & Service,00010001621002,BROOKFIELD SERVICE, 708 GLEBE ROAD,,WESTMORELAND,NH ,03467,USA,www.brookfieldservice.com,802-485-6567,"Service,Up To 600kW,Mobile/Diesel/Gas,"
11749,Industrial/Commercial Sales & Service,00111207431002,WARSHAUER ELECTRIC SUPPLY CO INC, 800 SHREWSBURY AVE,,TINTON FALLS,NJ ,07724,USA,www.warshauer.com,732-741-6400,"Service,"
11749,Industrial/Commercial Sales & Service,00010157021002,Mechanical Service Co, 1145 Oak St.,,Pittston,PA ,18640,USA,,570-654-2445,"Service,"
11751,Industrial/Commercial Sales & Service,00010001611002,Huntington Power, 230 Long Hill Cross Rd,,Shelton,CT ,06484,USA,www.huntingtonpower.com,203-929-3203,"Sales,Service,Up To 2MW,Mobile/Diesel/Gas,Training,Rental,"
11751,Industrial/Commercial Sales & Service,00010214161002,"R.L. KISTLER, INC.", 35 HAMILTON LANE,,GLENMONT,NY ,12077,USA,,585-436-1940,"Sales,Service,"
11751,Industrial/Commercial Sales & Service,00010214161002,"R.L. Kistler, Inc", 300 Mile Crossing Blvd.,,Rochester,NY ,14624,USA,rlkistler.com,585-436-1940,"Sales,"
11751,Industrial/Commercial Sales & Service,00010001611002,Huntington Power, 68 Enter Ln,,Islandia,NY ,11749,USA,,631-563-4943,"Sales,Service,Up To 2MW,Mobile/Diesel/Gas,"
11751,Industrial/Commercial Sales & Service,00010001611002,Huntington Power, 34 E DUDLEY TOWN RD.,,BLOOMFIELD,CT ,06002,USA,,860-289-8790,"Sales,Service,Rental,"
11751,Industrial/Commercial Sales & Service,00010214161002,"R.L. Kistler, Inc", 5615 Business Ave.,,N. Syracuse,NY ,13208,USA,,315-458-2875,"Sales,"
11751,Industrial/Commercial Sales & Service,00010214161002,"R.L. Kistler, Inc", 5615 Business Ave.,,N. Syracuse,NY ,13208,USA,,315-458-2875,"Sales,"
11751,Industrial/Commercial Sales & Service,00010208021002,Modern Group Power Systems, 2501 Durham Road,,Bristol,PA ,19007,USA,www.moderngroup.com,800-404-7291,"Sales,Service,Up To 2MW,Mobile/Diesel/Gas,Training,Rental,"
11751,Industrial/Commercial Sales & Service,00010001731002,Authorized Services Of New England, 410 Forest Street,,Marlborough,MA ,01752,USA,www.asne.com,888-890-9886,"Financing,Sales,Service,Up To 2MW,Mobile/Diesel/Gas,Training,Rental,"
11751,Industrial/Commercial Sales & Service,00010008091002,MODERN HANDLING EQUIP, 75 NEW STREET,,EDISON,NJ ,08837,USA,www.moderngroup.com,800-779-5116,"Sales,Service,Up To 2MW,Mobile/Diesel/Gas,"
11751,Industrial/Commercial Sales & Service,00010208021002,Modern Group Power Systems, 200 Allied Parkway,,West Berlin,NJ ,08091,USA,,800-404-7291,"Sales,Service,Up To 2MW,Mobile/Diesel/Gas,"
11751,Industrial/Commercial Sales & Service,00010208021002,Modern Group Power Systems, 6352 Chapmans Rd,,Allentown,PA ,18106,USA,,800-404-7291,"Sales,Service,Up To 2MW,Mobile/Diesel/Gas,"
11751,Industrial/Commercial Sales & Service,00010000931002,"EMERGENCY POWER SYSTEMS, LLC", 35 HAMILTON LANE,,GLENMONT,NY ,12077,USA,,800-914-1465,"Service,Up To 2MW,Mobile/Diesel/Gas,"
11751,Industrial/Commercial Sales & Service,00010000931002,"EMERGENCY POWER SYSTEMS, LLC", 35 HAMILTON LANE,,GLENMONT,NY ,12077,USA,,800-914-1465,"Service,"
11751,Industrial/Commercial Sales & Service,00010001731002,AUTHORIZED SERVICES OF NEW ENGLAND, 410 FOREST STREET,,MARLBOROUGH,MA ,01752,USA,,888-890-9886,"Sales,"
11751,Industrial/Commercial Sales & Service,00010208021002,Modern Group Power Systems, 295 New Commerce Blvd.,,Wilkes Barre,PA ,18706,USA,,800-404-7291,"Sales,Service,Up To 2MW,Mobile/Diesel/Gas,"
11751,Industrial/Commercial Sales & Service,00010208021002,Modern Group Power Systems, 66A South Gate Blvd.,,New Castle,DE ,19720,USA,,800-404-7291,"Sales,Service,Up To 2MW,Mobile/Diesel/Gas,"
11751,Industrial/Commercial Sales & Service,00010208021002,Modern Group Power Systems, 3480 Board Road,,York,PA ,17402,USA,,800-404-7291,"Sales,Service,Up To 2MW,Mobile/Diesel/Gas,"
11751,Industrial/Commercial Sales & Service,00010139211002,POWERPRO SERVICE CO. INC., 608 JOHNSON AVE. UNIT 6,,BOHEMIA,NY ,11716,USA,,631-567-2700,"Sales,Service,Up To 600kW,Mobile/Diesel/Gas,"
11751,Industrial/Commercial Sales & Service,00111209521002,LONG ISLAND EMERGENCY POWER -QO, 2 Ocean Avenue,,DEER PARK,NY ,11729,USA,,631-586-7513,"Sales,"
11751,Industrial/Commercial Sales & Service,00010001761002,"GENSERVE, INC.", 100 NEWTOWN RD,,PLAINVIEW,NY ,11803,USA,www.genserveinc.com,631-435-0437,"Service,"
11751,Industrial/Commercial Sales & Service,00111209531002,HUNTINGTON POWER - LONG ISLAND, PO BOX 2040,,SHELTON,CT ,06484,USA,,631-586-7513,"Sales,"
11751,Industrial/Commercial Sales & Service,00010134071002,PEAK POWER SYSTEMS, 99 SPRAGUE AVENUE,,MIDDLETOWN,NY ,10940,USA,www.peakpowersystems.com,845-344-1975,"Sales,Service,Up To 600kW,Mobile/Diesel/Gas,Rental,"
11751,Industrial/Commercial Sales & Service,00010001761002,"GENSERVE, INC.", 115A TWINBRIDGE DR.,,PENNSAUKEN,NJ ,08110,USA,www.genserveinc.com,856-324-0459,"Service,"
11751,Industrial/Commercial Sales & Service,00010021101002,SOUTH SHORE GENERATOR INC-Quote, 2696A CRANBERRY HWY,,WAREHAM,MA ,02571,USA,,508-295-7336,"Sales,Service,Up To 600kW,Mobile/Diesel/Gas,"
11751,Industrial/Commercial Sales & Service,00010001701002,SOUTH SHORE GENERATOR INC, ,,EAST WAREHAM,MA ,02538,USA,,508-295-7336,"Financing,Sales,Service,Up To 600kW,Mobile/Diesel/Gas,"
11751,Industrial/Commercial Sales & Service,00010001621002,BROOKFIELD SERVICE, 708 GLEBE ROAD,,WESTMORELAND,NH ,03467,USA,www.brookfieldservice.com,802-485-6567,"Service,Up To 600kW,Mobile/Diesel/Gas,"
11751,Industrial/Commercial Sales & Service,00111207431002,WARSHAUER ELECTRIC SUPPLY CO INC, 800 SHREWSBURY AVE,,TINTON FALLS,NJ ,07724,USA,www.warshauer.com,732-741-6400,"Service,"
11751,Industrial/Commercial Sales & Service,00010157021002,Mechanical Service Co, 1145 Oak St.,,Pittston,PA ,18640,USA,,570-654-2445,"Service,"
11752,Industrial/Commercial Sales & Service,00010214161002,"R.L. KISTLER, INC.", 35 HAMILTON LANE,,GLENMONT,NY ,12077,USA,,585-436-1940,"Sales,Service,"
11752,Industrial/Commercial Sales & Service,00010214161002,"R.L. Kistler, Inc", 300 Mile Crossing Blvd.,,Rochester,NY ,14624,USA,rlkistler.com,585-436-1940,"Sales,"
11752,Industrial/Commercial Sales & Service,00010001611002,Huntington Power, 230 Long Hill Cross Rd,,Shelton,CT ,06484,USA,www.huntingtonpower.com,203-929-3203,"Sales,Service,Up To 2MW,Mobile/Diesel/Gas,Training,Rental,"
11752,Industrial/Commercial Sales & Service,00010214161002,"R.L. Kistler, Inc", 5615 Business Ave.,,N. Syracuse,NY ,13208,USA,,315-458-2875,"Sales,"
11752,Industrial/Commercial Sales & Service,00010214161002,"R.L. Kistler, Inc", 5615 Business Ave.,,N. Syracuse,NY ,13208,USA,,315-458-2875,"Sales,"
11752,Industrial/Commercial Sales & Service,00010001611002,Huntington Power, 68 Enter Ln,,Islandia,NY ,11749,USA,,631-563-4943,"Sales,Service,Up To 2MW,Mobile/Diesel/Gas,"
11752,Industrial/Commercial Sales & Service,00010001611002,Huntington Power, 34 E DUDLEY TOWN RD.,,BLOOMFIELD,CT ,06002,USA,,860-289-8790,"Sales,Service,Rental,"
11752,Industrial/Commercial Sales & Service,00010208021002,Modern Group Power Systems, 2501 Durham Road,,Bristol,PA ,19007,USA,www.moderngroup.com,800-404-7291,"Sales,Service,Up To 2MW,Mobile/Diesel/Gas,Training,Rental,"
11752,Industrial/Commercial Sales & Service,00010001731002,Authorized Services Of New England, 410 Forest Street,,Marlborough,MA ,01752,USA,www.asne.com,888-890-9886,"Financing,Sales,Service,Up To 2MW,Mobile/Diesel/Gas,Training,Rental,"
11752,Industrial/Commercial Sales & Service,00010008091002,MODERN HANDLING EQUIP, 75 NEW STREET,,EDISON,NJ ,08837,USA,www.moderngroup.com,800-779-5116,"Sales,Service,Up To 2MW,Mobile/Diesel/Gas,"
11752,Industrial/Commercial Sales & Service,00010208021002,Modern Group Power Systems, 200 Allied Parkway,,West Berlin,NJ ,08091,USA,,800-404-7291,"Sales,Service,Up To 2MW,Mobile/Diesel/Gas,"
11752,Industrial/Commercial Sales & Service,00010208021002,Modern Group Power Systems, 6352 Chapmans Rd,,Allentown,PA ,18106,USA,,800-404-7291,"Sales,Service,Up To 2MW,Mobile/Diesel/Gas,"
11752,Industrial/Commercial Sales & Service,00010000931002,"EMERGENCY POWER SYSTEMS, LLC", 35 HAMILTON LANE,,GLENMONT,NY ,12077,USA,,800-914-1465,"Service,Up To 2MW,Mobile/Diesel/Gas,"
11752,Industrial/Commercial Sales & Service,00010000931002,"EMERGENCY POWER SYSTEMS, LLC", 35 HAMILTON LANE,,GLENMONT,NY ,12077,USA,,800-914-1465,"Service,"
11752,Industrial/Commercial Sales & Service,00010001731002,AUTHORIZED SERVICES OF NEW ENGLAND, 410 FOREST STREET,,MARLBOROUGH,MA ,01752,USA,,888-890-9886,"Sales,"
11752,Industrial/Commercial Sales & Service,00010208021002,Modern Group Power Systems, 295 New Commerce Blvd.,,Wilkes Barre,PA ,18706,USA,,800-404-7291,"Sales,Service,Up To 2MW,Mobile/Diesel/Gas,"
11752,Industrial/Commercial Sales & Service,00010208021002,Modern Group Power Systems, 66A South Gate Blvd.,,New Castle,DE ,19720,USA,,800-404-7291,"Sales,Service,Up To 2MW,Mobile/Diesel/Gas,"
11752,Industrial/Commercial Sales & Service,00010208021002,Modern Group Power Systems, 3480 Board Road,,York,PA ,17402,USA,,800-404-7291,"Sales,Service,Up To 2MW,Mobile/Diesel/Gas,"
11752,Industrial/Commercial Sales & Service,00010139211002,POWERPRO SERVICE CO. INC., 608 JOHNSON AVE. UNIT 6,,BOHEMIA,NY ,11716,USA,,631-567-2700,"Sales,Service,Up To 600kW,Mobile/Diesel/Gas,"
11752,Industrial/Commercial Sales & Service,00111209521002,LONG ISLAND EMERGENCY POWER -QO, 2 Ocean Avenue,,DEER PARK,NY ,11729,USA,,631-586-7513,"Sales,"
11752,Industrial/Commercial Sales & Service,00010001761002,"GENSERVE, INC.", 100 NEWTOWN RD,,PLAINVIEW,NY ,11803,USA,www.genserveinc.com,631-435-0437,"Service,"
11752,Industrial/Commercial Sales & Service,00111209531002,HUNTINGTON POWER - LONG ISLAND, PO BOX 2040,,SHELTON,CT ,06484,USA,,631-586-7513,"Sales,"
11752,Industrial/Commercial Sales & Service,00010134071002,PEAK POWER SYSTEMS, 99 SPRAGUE AVENUE,,MIDDLETOWN,NY ,10940,USA,www.peakpowersystems.com,845-344-1975,"Sales,Service,Up To 600kW,Mobile/Diesel/Gas,Rental,"
11752,Industrial/Commercial Sales & Service,00010001761002,"GENSERVE, INC.", 115A TWINBRIDGE DR.,,PENNSAUKEN,NJ ,08110,USA,www.genserveinc.com,856-324-0459,"Service,"
11752,Industrial/Commercial Sales & Service,00010021101002,SOUTH SHORE GENERATOR INC-Quote, 2696A CRANBERRY HWY,,WAREHAM,MA ,02571,USA,,508-295-7336,"Sales,Service,Up To 600kW,Mobile/Diesel/Gas,"
11752,Industrial/Commercial Sales & Service,00010001701002,SOUTH SHORE GENERATOR INC, ,,EAST WAREHAM,MA ,02538,USA,,508-295-7336,"Financing,Sales,Service,Up To 600kW,Mobile/Diesel/Gas,"
11752,Industrial/Commercial Sales & Service,00010001621002,BROOKFIELD SERVICE, 708 GLEBE ROAD,,WESTMORELAND,NH ,03467,USA,www.brookfieldservice.com,802-485-6567,"Service,Up To 600kW,Mobile/Diesel/Gas,"
11752,Industrial/Commercial Sales & Service,00111207431002,WARSHAUER ELECTRIC SUPPLY CO INC, 800 SHREWSBURY AVE,,TINTON FALLS,NJ ,07724,USA,www.warshauer.com,732-741-6400,"Service,"
11752,Industrial/Commercial Sales & Service,00010157021002,Mechanical Service Co, 1145 Oak St.,,Pittston,PA ,18640,USA,,570-654-2445,"Service,"
11753,Industrial/Commercial Sales & Service,00010001611002,Huntington Power, 230 Long Hill Cross Rd,,Shelton,CT ,06484,USA,www.huntingtonpower.com,203-929-3203,"Sales,Service,Up To 2MW,Mobile/Diesel/Gas,Training,Rental,"
11753,Industrial/Commercial Sales & Service,00010214161002,"R.L. Kistler, Inc", 300 Mile Crossing Blvd.,,Rochester,NY ,14624,USA,rlkistler.com,585-436-1940,"Sales,"
11753,Industrial/Commercial Sales & Service,00010214161002,"R.L. KISTLER, INC.", 35 HAMILTON LANE,,GLENMONT,NY ,12077,USA,,585-436-1940,"Sales,Service,"
11753,Industrial/Commercial Sales & Service,00010001611002,Huntington Power, 68 Enter Ln,,Islandia,NY ,11749,USA,,631-563-4943,"Sales,Service,Up To 2MW,Mobile/Diesel/Gas,"
11753,Industrial/Commercial Sales & Service,00010001611002,Huntington Power, 34 E DUDLEY TOWN RD.,,BLOOMFIELD,CT ,06002,USA,,860-289-8790,"Sales,Service,Rental,"
11753,Industrial/Commercial Sales & Service,00010214161002,"R.L. Kistler, Inc", 5615 Business Ave.,,N. Syracuse,NY ,13208,USA,,315-458-2875,"Sales,"
11753,Industrial/Commercial Sales & Service,00010214161002,"R.L. Kistler, Inc", 5615 Business Ave.,,N. Syracuse,NY ,13208,USA,,315-458-2875,"Sales,"
11753,Industrial/Commercial Sales & Service,00010208021002,Modern Group Power Systems, 2501 Durham Road,,Bristol,PA ,19007,USA,www.moderngroup.com,800-404-7291,"Sales,Service,Up To 2MW,Mobile/Diesel/Gas,Training,Rental,"
11753,Industrial/Commercial Sales & Service,00010001731002,Authorized Services Of New England, 410 Forest Street,,Marlborough,MA ,01752,USA,www.asne.com,888-890-9886,"Financing,Sales,Service,Up To 2MW,Mobile/Diesel/Gas,Training,Rental,"
11753,Industrial/Commercial Sales & Service,00010008091002,MODERN HANDLING EQUIP, 75 NEW STREET,,EDISON,NJ ,08837,USA,www.moderngroup.com,800-779-5116,"Sales,Service,Up To 2MW,Mobile/Diesel/Gas,"
11753,Industrial/Commercial Sales & Service,00010208021002,Modern Group Power Systems, 200 Allied Parkway,,West Berlin,NJ ,08091,USA,,800-404-7291,"Sales,Service,Up To 2MW,Mobile/Diesel/Gas,"
11753,Industrial/Commercial Sales & Service,00010208021002,Modern Group Power Systems, 6352 Chapmans Rd,,Allentown,PA ,18106,USA,,800-404-7291,"Sales,Service,Up To 2MW,Mobile/Diesel/Gas,"
11753,Industrial/Commercial Sales & Service,00010000931002,"EMERGENCY POWER SYSTEMS, LLC", 35 HAMILTON LANE,,GLENMONT,NY ,12077,USA,,800-914-1465,"Service,Up To 2MW,Mobile/Diesel/Gas,"
11753,Industrial/Commercial Sales & Service,00010000931002,"EMERGENCY POWER SYSTEMS, LLC", 35 HAMILTON LANE,,GLENMONT,NY ,12077,USA,,800-914-1465,"Service,"
11753,Industrial/Commercial Sales & Service,00010208021002,Modern Group Power Systems, 295 New Commerce Blvd.,,Wilkes Barre,PA ,18706,USA,,800-404-7291,"Sales,Service,Up To 2MW,Mobile/Diesel/Gas,"
11753,Industrial/Commercial Sales & Service,00010208021002,Modern Group Power Systems, 66A South Gate Blvd.,,New Castle,DE ,19720,USA,,800-404-7291,"Sales,Service,Up To 2MW,Mobile/Diesel/Gas,"
11753,Industrial/Commercial Sales & Service,00010001731002,AUTHORIZED SERVICES OF NEW ENGLAND, 410 FOREST STREET,,MARLBOROUGH,MA ,01752,USA,,888-890-9886,"Sales,"
11753,Industrial/Commercial Sales & Service,00010208021002,Modern Group Power Systems, 3480 Board Road,,York,PA ,17402,USA,,800-404-7291,"Sales,Service,Up To 2MW,Mobile/Diesel/Gas,"
11753,Industrial/Commercial Sales & Service,00010001761002,"GENSERVE, INC.", 100 NEWTOWN RD,,PLAINVIEW,NY ,11803,USA,www.genserveinc.com,631-435-0437,"Service,"
11753,Industrial/Commercial Sales & Service,00111209521002,LONG ISLAND EMERGENCY POWER -QO, 2 Ocean Avenue,,DEER PARK,NY ,11729,USA,,631-586-7513,"Sales,"
11753,Industrial/Commercial Sales & Service,00010139211002,POWERPRO SERVICE CO. INC., 608 JOHNSON AVE. UNIT 6,,BOHEMIA,NY ,11716,USA,,631-567-2700,"Sales,Service,Up To 600kW,Mobile/Diesel/Gas,"
11753,Industrial/Commercial Sales & Service,00111209531002,HUNTINGTON POWER - LONG ISLAND, PO BOX 2040,,SHELTON,CT ,06484,USA,,631-586-7513,"Sales,"
11753,Industrial/Commercial Sales & Service,00010134071002,PEAK POWER SYSTEMS, 99 SPRAGUE AVENUE,,MIDDLETOWN,NY ,10940,USA,www.peakpowersystems.com,845-344-1975,"Sales,Service,Up To 600kW,Mobile/Diesel/Gas,Rental,"
11753,Industrial/Commercial Sales & Service,00010001761002,"GENSERVE, INC.", 115A TWINBRIDGE DR.,,PENNSAUKEN,NJ ,08110,USA,www.genserveinc.com,856-324-0459,"Service,"
11753,Industrial/Commercial Sales & Service,00010001621002,BROOKFIELD SERVICE, 708 GLEBE ROAD,,WESTMORELAND,NH ,03467,USA,www.brookfieldservice.com,802-485-6567,"Service,Up To 600kW,Mobile/Diesel/Gas,"
11753,Industrial/Commercial Sales & Service,00010021101002,SOUTH SHORE GENERATOR INC-Quote, 2696A CRANBERRY HWY,,WAREHAM,MA ,02571,USA,,508-295-7336,"Sales,Service,Up To 600kW,Mobile/Diesel/Gas,"
11753,Industrial/Commercial Sales & Service,00010001701002,SOUTH SHORE GENERATOR INC, ,,EAST WAREHAM,MA ,02538,USA,,508-295-7336,"Financing,Sales,Service,Up To 600kW,Mobile/Diesel/Gas,"
11753,Industrial/Commercial Sales & Service,00111184131002,HUNTER & LOMISON, 1956 W FOURTH ST,,WILLIAMSPORT,PA ,17701,USA,www.hunterlomison.com,570-326-1764,"Sales,Service,Up To 600kW,Mobile/Diesel/Gas,Rental,"
11753,Industrial/Commercial Sales & Service,00010000881002,HUNTER & LOMISON INC., 1956 W. 4TH STREET,,WILLIAMSPORT,PA ,17701,USA,www.hunterlomison.com,570-326-1764,"Service,Up To 600kW,Mobile/Diesel/Gas,"
11753,Industrial/Commercial Sales & Service,00111207431002,WARSHAUER ELECTRIC SUPPLY CO INC, 800 SHREWSBURY AVE,,TINTON FALLS,NJ ,07724,USA,www.warshauer.com,732-741-6400,"Service,"
11753,Industrial/Commercial Sales & Service,00010157021002,Mechanical Service Co, 1145 Oak St.,,Pittston,PA ,18640,USA,,570-654-2445,"Service,"
11754,Industrial/Commercial Sales & Service,00010214161002,"R.L. KISTLER, INC.", 35 HAMILTON LANE,,GLENMONT,NY ,12077,USA,,585-436-1940,"Sales,Service,"
11754,Industrial/Commercial Sales & Service,00010001611002,Huntington Power, 230 Long Hill Cross Rd,,Shelton,CT ,06484,USA,www.huntingtonpower.com,203-929-3203,"Sales,Service,Up To 2MW,Mobile/Diesel/Gas,Training,Rental,"
11754,Industrial/Commercial Sales & Service,00010214161002,"R.L. Kistler, Inc", 300 Mile Crossing Blvd.,,Rochester,NY ,14624,USA,rlkistler.com,585-436-1940,"Sales,"
11754,Industrial/Commercial Sales & Service,00010214161002,"R.L. Kistler, Inc", 5615 Business Ave.,,N. Syracuse,NY ,13208,USA,,315-458-2875,"Sales,"
11754,Industrial/Commercial Sales & Service,00010001611002,Huntington Power, 68 Enter Ln,,Islandia,NY ,11749,USA,,631-563-4943,"Sales,Service,Up To 2MW,Mobile/Diesel/Gas,"
11754,Industrial/Commercial Sales & Service,00010001611002,Huntington Power, 34 E DUDLEY TOWN RD.,,BLOOMFIELD,CT ,06002,USA,,860-289-8790,"Sales,Service,Rental,"
11754,Industrial/Commercial Sales & Service,00010214161002,"R.L. Kistler, Inc", 5615 Business Ave.,,N. Syracuse,NY ,13208,USA,,315-458-2875,"Sales,"
11754,Industrial/Commercial Sales & Service,00010208021002,Modern Group Power Systems, 2501 Durham Road,,Bristol,PA ,19007,USA,www.moderngroup.com,800-404-7291,"Sales,Service,Up To 2MW,Mobile/Diesel/Gas,Training,Rental,"
11754,Industrial/Commercial Sales & Service,00010001731002,Authorized Services Of New England, 410 Forest Street,,Marlborough,MA ,01752,USA,www.asne.com,888-890-9886,"Financing,Sales,Service,Up To 2MW,Mobile/Diesel/Gas,Training,Rental,"
11754,Industrial/Commercial Sales & Service,00010008091002,MODERN HANDLING EQUIP, 75 NEW STREET,,EDISON,NJ ,08837,USA,www.moderngroup.com,800-779-5116,"Sales,Service,Up To 2MW,Mobile/Diesel/Gas,"
11754,Industrial/Commercial Sales & Service,00010208021002,Modern Group Power Systems, 200 Allied Parkway,,West Berlin,NJ ,08091,USA,,800-404-7291,"Sales,Service,Up To 2MW,Mobile/Diesel/Gas,"
11754,Industrial/Commercial Sales & Service,00010208021002,Modern Group Power Systems, 6352 Chapmans Rd,,Allentown,PA ,18106,USA,,800-404-7291,"Sales,Service,Up To 2MW,Mobile/Diesel/Gas,"
11754,Industrial/Commercial Sales & Service,00010000931002,"EMERGENCY POWER SYSTEMS, LLC", 35 HAMILTON LANE,,GLENMONT,NY ,12077,USA,,800-914-1465,"Service,Up To 2MW,Mobile/Diesel/Gas,"
11754,Industrial/Commercial Sales & Service,00010000931002,"EMERGENCY POWER SYSTEMS, LLC", 35 HAMILTON LANE,,GLENMONT,NY ,12077,USA,,800-914-1465,"Service,"
11754,Industrial/Commercial Sales & Service,00010001731002,AUTHORIZED SERVICES OF NEW ENGLAND, 410 FOREST STREET,,MARLBOROUGH,MA ,01752,USA,,888-890-9886,"Sales,"
11754,Industrial/Commercial Sales & Service,00010208021002,Modern Group Power Systems, 295 New Commerce Blvd.,,Wilkes Barre,PA ,18706,USA,,800-404-7291,"Sales,Service,Up To 2MW,Mobile/Diesel/Gas,"
11754,Industrial/Commercial Sales & Service,00010208021002,Modern Group Power Systems, 66A South Gate Blvd.,,New Castle,DE ,19720,USA,,800-404-7291,"Sales,Service,Up To 2MW,Mobile/Diesel/Gas,"
11754,Industrial/Commercial Sales & Service,00010208021002,Modern Group Power Systems, 3480 Board Road,,York,PA ,17402,USA,,800-404-7291,"Sales,Service,Up To 2MW,Mobile/Diesel/Gas,"
11754,Industrial/Commercial Sales & Service,00111209521002,LONG ISLAND EMERGENCY POWER -QO, 2 Ocean Avenue,,DEER PARK,NY ,11729,USA,,631-586-7513,"Sales,"
11754,Industrial/Commercial Sales & Service,00010139211002,POWERPRO SERVICE CO. INC., 608 JOHNSON AVE. UNIT 6,,BOHEMIA,NY ,11716,USA,,631-567-2700,"Sales,Service,Up To 600kW,Mobile/Diesel/Gas,"
11754,Industrial/Commercial Sales & Service,00010001761002,"GENSERVE, INC.", 100 NEWTOWN RD,,PLAINVIEW,NY ,11803,USA,www.genserveinc.com,631-435-0437,"Service,"
11754,Industrial/Commercial Sales & Service,00111209531002,HUNTINGTON POWER - LONG ISLAND, PO BOX 2040,,SHELTON,CT ,06484,USA,,631-586-7513,"Sales,"
11754,Industrial/Commercial Sales & Service,00010134071002,PEAK POWER SYSTEMS, 99 SPRAGUE AVENUE,,MIDDLETOWN,NY ,10940,USA,www.peakpowersystems.com,845-344-1975,"Sales,Service,Up To 600kW,Mobile/Diesel/Gas,Rental,"
11754,Industrial/Commercial Sales & Service,00010001761002,"GENSERVE, INC.", 115A TWINBRIDGE DR.,,PENNSAUKEN,NJ ,08110,USA,www.genserveinc.com,856-324-0459,"Service,"
11754,Industrial/Commercial Sales & Service,00010021101002,SOUTH SHORE GENERATOR INC-Quote, 2696A CRANBERRY HWY,,WAREHAM,MA ,02571,USA,,508-295-7336,"Sales,Service,Up To 600kW,Mobile/Diesel/Gas,"
11754,Industrial/Commercial Sales & Service,00010001701002,SOUTH SHORE GENERATOR INC, ,,EAST WAREHAM,MA ,02538,USA,,508-295-7336,"Financing,Sales,Service,Up To 600kW,Mobile/Diesel/Gas,"
11754,Industrial/Commercial Sales & Service,00010001621002,BROOKFIELD SERVICE, 708 GLEBE ROAD,,WESTMORELAND,NH ,03467,USA,www.brookfieldservice.com,802-485-6567,"Service,Up To 600kW,Mobile/Diesel/Gas,"
11754,Industrial/Commercial Sales & Service,00111184131002,HUNTER & LOMISON, 1956 W FOURTH ST,,WILLIAMSPORT,PA ,17701,USA,www.hunterlomison.com,570-326-1764,"Sales,Service,Up To 600kW,Mobile/Diesel/Gas,Rental,"
11754,Industrial/Commercial Sales & Service,00010000881002,HUNTER & LOMISON INC., 1956 W. 4TH STREET,,WILLIAMSPORT,PA ,17701,USA,www.hunterlomison.com,570-326-1764,"Service,Up To 600kW,Mobile/Diesel/Gas,"
11754,Industrial/Commercial Sales & Service,00111207431002,WARSHAUER ELECTRIC SUPPLY CO INC, 800 SHREWSBURY AVE,,TINTON FALLS,NJ ,07724,USA,www.warshauer.com,732-741-6400,"Service,"
11754,Industrial/Commercial Sales & Service,00010157021002,Mechanical Service Co, 1145 Oak St.,,Pittston,PA ,18640,USA,,570-654-2445,"Service,"
11755,Industrial/Commercial Sales & Service,00010214161002,"R.L. KISTLER, INC.", 35 HAMILTON LANE,,GLENMONT,NY ,12077,USA,,585-436-1940,"Sales,Service,"
11755,Industrial/Commercial Sales & Service,00010001611002,Huntington Power, 230 Long Hill Cross Rd,,Shelton,CT ,06484,USA,www.huntingtonpower.com,203-929-3203,"Sales,Service,Up To 2MW,Mobile/Diesel/Gas,Training,Rental,"
11755,Industrial/Commercial Sales & Service,00010214161002,"R.L. Kistler, Inc", 300 Mile Crossing Blvd.,,Rochester,NY ,14624,USA,rlkistler.com,585-436-1940,"Sales,"
11755,Industrial/Commercial Sales & Service,00010214161002,"R.L. Kistler, Inc", 5615 Business Ave.,,N. Syracuse,NY ,13208,USA,,315-458-2875,"Sales,"
11755,Industrial/Commercial Sales & Service,00010001611002,Huntington Power, 68 Enter Ln,,Islandia,NY ,11749,USA,,631-563-4943,"Sales,Service,Up To 2MW,Mobile/Diesel/Gas,"
11755,Industrial/Commercial Sales & Service,00010001611002,Huntington Power, 34 E DUDLEY TOWN RD.,,BLOOMFIELD,CT ,06002,USA,,860-289-8790,"Sales,Service,Rental,"
11755,Industrial/Commercial Sales & Service,00010214161002,"R.L. Kistler, Inc", 5615 Business Ave.,,N. Syracuse,NY ,13208,USA,,315-458-2875,"Sales,"
11755,Industrial/Commercial Sales & Service,00010208021002,Modern Group Power Systems, 2501 Durham Road,,Bristol,PA ,19007,USA,www.moderngroup.com,800-404-7291,"Sales,Service,Up To 2MW,Mobile/Diesel/Gas,Training,Rental,"
11755,Industrial/Commercial Sales & Service,00010001731002,Authorized Services Of New England, 410 Forest Street,,Marlborough,MA ,01752,USA,www.asne.com,888-890-9886,"Financing,Sales,Service,Up To 2MW,Mobile/Diesel/Gas,Training,Rental,"
11755,Industrial/Commercial Sales & Service,00010008091002,MODERN HANDLING EQUIP, 75 NEW STREET,,EDISON,NJ ,08837,USA,www.moderngroup.com,800-779-5116,"Sales,Service,Up To 2MW,Mobile/Diesel/Gas,"
11755,Industrial/Commercial Sales & Service,00010208021002,Modern Group Power Systems, 200 Allied Parkway,,West Berlin,NJ ,08091,USA,,800-404-7291,"Sales,Service,Up To 2MW,Mobile/Diesel/Gas,"
11755,Industrial/Commercial Sales & Service,00010000931002,"EMERGENCY POWER SYSTEMS, LLC", 35 HAMILTON LANE,,GLENMONT,NY ,12077,USA,,800-914-1465,"Service,Up To 2MW,Mobile/Diesel/Gas,"
11755,Industrial/Commercial Sales & Service,00010000931002,"EMERGENCY POWER SYSTEMS, LLC", 35 HAMILTON LANE,,GLENMONT,NY ,12077,USA,,800-914-1465,"Service,"
11755,Industrial/Commercial Sales & Service,00010208021002,Modern Group Power Systems, 6352 Chapmans Rd,,Allentown,PA ,18106,USA,,800-404-7291,"Sales,Service,Up To 2MW,Mobile/Diesel/Gas,"
11755,Industrial/Commercial Sales & Service,00010001731002,AUTHORIZED SERVICES OF NEW ENGLAND, 410 FOREST STREET,,MARLBOROUGH,MA ,01752,USA,,888-890-9886,"Sales,"
11755,Industrial/Commercial Sales & Service,00010208021002,Modern Group Power Systems, 295 New Commerce Blvd.,,Wilkes Barre,PA ,18706,USA,,800-404-7291,"Sales,Service,Up To 2MW,Mobile/Diesel/Gas,"
11755,Industrial/Commercial Sales & Service,00010208021002,Modern Group Power Systems, 66A South Gate Blvd.,,New Castle,DE ,19720,USA,,800-404-7291,"Sales,Service,Up To 2MW,Mobile/Diesel/Gas,"
11755,Industrial/Commercial Sales & Service,00010208021002,Modern Group Power Systems, 3480 Board Road,,York,PA ,17402,USA,,800-404-7291,"Sales,Service,Up To 2MW,Mobile/Diesel/Gas,"
11755,Industrial/Commercial Sales & Service,00010139211002,POWERPRO SERVICE CO. INC., 608 JOHNSON AVE. UNIT 6,,BOHEMIA,NY ,11716,USA,,631-567-2700,"Sales,Service,Up To 600kW,Mobile/Diesel/Gas,"
11755,Industrial/Commercial Sales & Service,00111209521002,LONG ISLAND EMERGENCY POWER -QO, 2 Ocean Avenue,,DEER PARK,NY ,11729,USA,,631-586-7513,"Sales,"
11755,Industrial/Commercial Sales & Service,00010001761002,"GENSERVE, INC.", 100 NEWTOWN RD,,PLAINVIEW,NY ,11803,USA,www.genserveinc.com,631-435-0437,"Service,"
11755,Industrial/Commercial Sales & Service,00111209531002,HUNTINGTON POWER - LONG ISLAND, PO BOX 2040,,SHELTON,CT ,06484,USA,,631-586-7513,"Sales,"
11755,Industrial/Commercial Sales & Service,00010134071002,PEAK POWER SYSTEMS, 99 SPRAGUE AVENUE,,MIDDLETOWN,NY ,10940,USA,www.peakpowersystems.com,845-344-1975,"Sales,Service,Up To 600kW,Mobile/Diesel/Gas,Rental,"
11755,Industrial/Commercial Sales & Service,00010001761002,"GENSERVE, INC.", 115A TWINBRIDGE DR.,,PENNSAUKEN,NJ ,08110,USA,www.genserveinc.com,856-324-0459,"Service,"
11755,Industrial/Commercial Sales & Service,00010021101002,SOUTH SHORE GENERATOR INC-Quote, 2696A CRANBERRY HWY,,WAREHAM,MA ,02571,USA,,508-295-7336,"Sales,Service,Up To 600kW,Mobile/Diesel/Gas,"
11755,Industrial/Commercial Sales & Service,00010001701002,SOUTH SHORE GENERATOR INC, ,,EAST WAREHAM,MA ,02538,USA,,508-295-7336,"Financing,Sales,Service,Up To 600kW,Mobile/Diesel/Gas,"
11755,Industrial/Commercial Sales & Service,00010001621002,BROOKFIELD SERVICE, 708 GLEBE ROAD,,WESTMORELAND,NH ,03467,USA,www.brookfieldservice.com,802-485-6567,"Service,Up To 600kW,Mobile/Diesel/Gas,"
11755,Industrial/Commercial Sales & Service,00111207431002,WARSHAUER ELECTRIC SUPPLY CO INC, 800 SHREWSBURY AVE,,TINTON FALLS,NJ ,07724,USA,www.warshauer.com,732-741-6400,"Service,"
11755,Industrial/Commercial Sales & Service,00010157021002,Mechanical Service Co, 1145 Oak St.,,Pittston,PA ,18640,USA,,570-654-2445,"Service,"
11756,Industrial/Commercial Sales & Service,00010214161002,"R.L. Kistler, Inc", 300 Mile Crossing Blvd.,,Rochester,NY ,14624,USA,rlkistler.com,585-436-1940,"Sales,"
11756,Industrial/Commercial Sales & Service,00010214161002,"R.L. KISTLER, INC.", 35 HAMILTON LANE,,GLENMONT,NY ,12077,USA,,585-436-1940,"Sales,Service,"
11756,Industrial/Commercial Sales & Service,00010001611002,Huntington Power, 230 Long Hill Cross Rd,,Shelton,CT ,06484,USA,www.huntingtonpower.com,203-929-3203,"Sales,Service,Up To 2MW,Mobile/Diesel/Gas,Training,Rental,"
11756,Industrial/Commercial Sales & Service,00010214161002,"R.L. Kistler, Inc", 5615 Business Ave.,,N. Syracuse,NY ,13208,USA,,315-458-2875,"Sales,"
11756,Industrial/Commercial Sales & Service,00010214161002,"R.L. Kistler, Inc", 5615 Business Ave.,,N. Syracuse,NY ,13208,USA,,315-458-2875,"Sales,"
11756,Industrial/Commercial Sales & Service,00010001611002,Huntington Power, 68 Enter Ln,,Islandia,NY ,11749,USA,,631-563-4943,"Sales,Service,Up To 2MW,Mobile/Diesel/Gas,"
11756,Industrial/Commercial Sales & Service,00010001611002,Huntington Power, 34 E DUDLEY TOWN RD.,,BLOOMFIELD,CT ,06002,USA,,860-289-8790,"Sales,Service,Rental,"
11756,Industrial/Commercial Sales & Service,00010208021002,Modern Group Power Systems, 2501 Durham Road,,Bristol,PA ,19007,USA,www.moderngroup.com,800-404-7291,"Sales,Service,Up To 2MW,Mobile/Diesel/Gas,Training,Rental,"
11756,Industrial/Commercial Sales & Service,00010001731002,Authorized Services Of New England, 410 Forest Street,,Marlborough,MA ,01752,USA,www.asne.com,888-890-9886,"Financing,Sales,Service,Up To 2MW,Mobile/Diesel/Gas,Training,Rental,"
11756,Industrial/Commercial Sales & Service,00010008091002,MODERN HANDLING EQUIP, 75 NEW STREET,,EDISON,NJ ,08837,USA,www.moderngroup.com,800-779-5116,"Sales,Service,Up To 2MW,Mobile/Diesel/Gas,"
11756,Industrial/Commercial Sales & Service,00010208021002,Modern Group Power Systems, 200 Allied Parkway,,West Berlin,NJ ,08091,USA,,800-404-7291,"Sales,Service,Up To 2MW,Mobile/Diesel/Gas,"
11756,Industrial/Commercial Sales & Service,00010208021002,Modern Group Power Systems, 6352 Chapmans Rd,,Allentown,PA ,18106,USA,,800-404-7291,"Sales,Service,Up To 2MW,Mobile/Diesel/Gas,"
11756,Industrial/Commercial Sales & Service,00010000931002,"EMERGENCY POWER SYSTEMS, LLC", 35 HAMILTON LANE,,GLENMONT,NY ,12077,USA,,800-914-1465,"Service,Up To 2MW,Mobile/Diesel/Gas,"
11756,Industrial/Commercial Sales & Service,00010000931002,"EMERGENCY POWER SYSTEMS, LLC", 35 HAMILTON LANE,,GLENMONT,NY ,12077,USA,,800-914-1465,"Service,"
11756,Industrial/Commercial Sales & Service,00010208021002,Modern Group Power Systems, 295 New Commerce Blvd.,,Wilkes Barre,PA ,18706,USA,,800-404-7291,"Sales,Service,Up To 2MW,Mobile/Diesel/Gas,"
11756,Industrial/Commercial Sales & Service,00010208021002,Modern Group Power Systems, 66A South Gate Blvd.,,New Castle,DE ,19720,USA,,800-404-7291,"Sales,Service,Up To 2MW,Mobile/Diesel/Gas,"
11756,Industrial/Commercial Sales & Service,00010001731002,AUTHORIZED SERVICES OF NEW ENGLAND, 410 FOREST STREET,,MARLBOROUGH,MA ,01752,USA,,888-890-9886,"Sales,"
11756,Industrial/Commercial Sales & Service,00010208021002,Modern Group Power Systems, 3480 Board Road,,York,PA ,17402,USA,,800-404-7291,"Sales,Service,Up To 2MW,Mobile/Diesel/Gas,"
11756,Industrial/Commercial Sales & Service,00010001761002,"GENSERVE, INC.", 100 NEWTOWN RD,,PLAINVIEW,NY ,11803,USA,www.genserveinc.com,631-435-0437,"Service,"
11756,Industrial/Commercial Sales & Service,00111209521002,LONG ISLAND EMERGENCY POWER -QO, 2 Ocean Avenue,,DEER PARK,NY ,11729,USA,,631-586-7513,"Sales,"
11756,Industrial/Commercial Sales & Service,00010139211002,POWERPRO SERVICE CO. INC., 608 JOHNSON AVE. UNIT 6,,BOHEMIA,NY ,11716,USA,,631-567-2700,"Sales,Service,Up To 600kW,Mobile/Diesel/Gas,"
11756,Industrial/Commercial Sales & Service,00111209531002,HUNTINGTON POWER - LONG ISLAND, PO BOX 2040,,SHELTON,CT ,06484,USA,,631-586-7513,"Sales,"
11756,Industrial/Commercial Sales & Service,00010134071002,PEAK POWER SYSTEMS, 99 SPRAGUE AVENUE,,MIDDLETOWN,NY ,10940,USA,www.peakpowersystems.com,845-344-1975,"Sales,Service,Up To 600kW,Mobile/Diesel/Gas,Rental,"
11756,Industrial/Commercial Sales & Service,00010001761002,"GENSERVE, INC.", 115A TWINBRIDGE DR.,,PENNSAUKEN,NJ ,08110,USA,www.genserveinc.com,856-324-0459,"Service,"
11756,Industrial/Commercial Sales & Service,00010021101002,SOUTH SHORE GENERATOR INC-Quote, 2696A CRANBERRY HWY,,WAREHAM,MA ,02571,USA,,508-295-7336,"Sales,Service,Up To 600kW,Mobile/Diesel/Gas,"
11756,Industrial/Commercial Sales & Service,00010001621002,BROOKFIELD SERVICE, 708 GLEBE ROAD,,WESTMORELAND,NH ,03467,USA,www.brookfieldservice.com,802-485-6567,"Service,Up To 600kW,Mobile/Diesel/Gas,"
11756,Industrial/Commercial Sales & Service,00010001701002,SOUTH SHORE GENERATOR INC, ,,EAST WAREHAM,MA ,02538,USA,,508-295-7336,"Financing,Sales,Service,Up To 600kW,Mobile/Diesel/Gas,"
11756,Industrial/Commercial Sales & Service,00111184131002,HUNTER & LOMISON, 1956 W FOURTH ST,,WILLIAMSPORT,PA ,17701,USA,www.hunterlomison.com,570-326-1764,"Sales,Service,Up To 600kW,Mobile/Diesel/Gas,Rental,"
11756,Industrial/Commercial Sales & Service,00010000881002,HUNTER & LOMISON INC., 1956 W. 4TH STREET,,WILLIAMSPORT,PA ,17701,USA,www.hunterlomison.com,570-326-1764,"Service,Up To 600kW,Mobile/Diesel/Gas,"
11756,Industrial/Commercial Sales & Service,00111207431002,WARSHAUER ELECTRIC SUPPLY CO INC, 800 SHREWSBURY AVE,,TINTON FALLS,NJ ,07724,USA,www.warshauer.com,732-741-6400,"Service,"
11756,Industrial/Commercial Sales & Service,00010157021002,Mechanical Service Co, 1145 Oak St.,,Pittston,PA ,18640,USA,,570-654-2445,"Service,"
11757,Industrial/Commercial Sales & Service,00010214161002,"R.L. Kistler, Inc", 300 Mile Crossing Blvd.,,Rochester,NY ,14624,USA,rlkistler.com,585-436-1940,"Sales,"
11757,Industrial/Commercial Sales & Service,00010214161002,"R.L. KISTLER, INC.", 35 HAMILTON LANE,,GLENMONT,NY ,12077,USA,,585-436-1940,"Sales,Service,"
11757,Industrial/Commercial Sales & Service,00010001611002,Huntington Power, 230 Long Hill Cross Rd,,Shelton,CT ,06484,USA,www.huntingtonpower.com,203-929-3203,"Sales,Service,Up To 2MW,Mobile/Diesel/Gas,Training,Rental,"
11757,Industrial/Commercial Sales & Service,00010214161002,"R.L. Kistler, Inc", 5615 Business Ave.,,N. Syracuse,NY ,13208,USA,,315-458-2875,"Sales,"
11757,Industrial/Commercial Sales & Service,00010214161002,"R.L. Kistler, Inc", 5615 Business Ave.,,N. Syracuse,NY ,13208,USA,,315-458-2875,"Sales,"
11757,Industrial/Commercial Sales & Service,00010001611002,Huntington Power, 68 Enter Ln,,Islandia,NY ,11749,USA,,631-563-4943,"Sales,Service,Up To 2MW,Mobile/Diesel/Gas,"
11757,Industrial/Commercial Sales & Service,00010001611002,Huntington Power, 34 E DUDLEY TOWN RD.,,BLOOMFIELD,CT ,06002,USA,,860-289-8790,"Sales,Service,Rental,"
11757,Industrial/Commercial Sales & Service,00010208021002,Modern Group Power Systems, 2501 Durham Road,,Bristol,PA ,19007,USA,www.moderngroup.com,800-404-7291,"Sales,Service,Up To 2MW,Mobile/Diesel/Gas,Training,Rental,"
11757,Industrial/Commercial Sales & Service,00010001731002,Authorized Services Of New England, 410 Forest Street,,Marlborough,MA ,01752,USA,www.asne.com,888-890-9886,"Financing,Sales,Service,Up To 2MW,Mobile/Diesel/Gas,Training,Rental,"
11757,Industrial/Commercial Sales & Service,00010008091002,MODERN HANDLING EQUIP, 75 NEW STREET,,EDISON,NJ ,08837,USA,www.moderngroup.com,800-779-5116,"Sales,Service,Up To 2MW,Mobile/Diesel/Gas,"
11757,Industrial/Commercial Sales & Service,00010208021002,Modern Group Power Systems, 200 Allied Parkway,,West Berlin,NJ ,08091,USA,,800-404-7291,"Sales,Service,Up To 2MW,Mobile/Diesel/Gas,"
11757,Industrial/Commercial Sales & Service,00010208021002,Modern Group Power Systems, 6352 Chapmans Rd,,Allentown,PA ,18106,USA,,800-404-7291,"Sales,Service,Up To 2MW,Mobile/Diesel/Gas,"
11757,Industrial/Commercial Sales & Service,00010000931002,"EMERGENCY POWER SYSTEMS, LLC", 35 HAMILTON LANE,,GLENMONT,NY ,12077,USA,,800-914-1465,"Service,Up To 2MW,Mobile/Diesel/Gas,"
11757,Industrial/Commercial Sales & Service,00010000931002,"EMERGENCY POWER SYSTEMS, LLC", 35 HAMILTON LANE,,GLENMONT,NY ,12077,USA,,800-914-1465,"Service,"
11757,Industrial/Commercial Sales & Service,00010208021002,Modern Group Power Systems, 66A South Gate Blvd.,,New Castle,DE ,19720,USA,,800-404-7291,"Sales,Service,Up To 2MW,Mobile/Diesel/Gas,"
11757,Industrial/Commercial Sales & Service,00010208021002,Modern Group Power Systems, 295 New Commerce Blvd.,,Wilkes Barre,PA ,18706,USA,,800-404-7291,"Sales,Service,Up To 2MW,Mobile/Diesel/Gas,"
11757,Industrial/Commercial Sales & Service,00010001731002,AUTHORIZED SERVICES OF NEW ENGLAND, 410 FOREST STREET,,MARLBOROUGH,MA ,01752,USA,,888-890-9886,"Sales,"
11757,Industrial/Commercial Sales & Service,00010208021002,Modern Group Power Systems, 3480 Board Road,,York,PA ,17402,USA,,800-404-7291,"Sales,Service,Up To 2MW,Mobile/Diesel/Gas,"
11757,Industrial/Commercial Sales & Service,00111209521002,LONG ISLAND EMERGENCY POWER -QO, 2 Ocean Avenue,,DEER PARK,NY ,11729,USA,,631-586-7513,"Sales,"
11757,Industrial/Commercial Sales & Service,00010001761002,"GENSERVE, INC.", 100 NEWTOWN RD,,PLAINVIEW,NY ,11803,USA,www.genserveinc.com,631-435-0437,"Service,"
11757,Industrial/Commercial Sales & Service,00010139211002,POWERPRO SERVICE CO. INC., 608 JOHNSON AVE. UNIT 6,,BOHEMIA,NY ,11716,USA,,631-567-2700,"Sales,Service,Up To 600kW,Mobile/Diesel/Gas,"
11757,Industrial/Commercial Sales & Service,00111209531002,HUNTINGTON POWER - LONG ISLAND, PO BOX 2040,,SHELTON,CT ,06484,USA,,631-586-7513,"Sales,"
11757,Industrial/Commercial Sales & Service,00010134071002,PEAK POWER SYSTEMS, 99 SPRAGUE AVENUE,,MIDDLETOWN,NY ,10940,USA,www.peakpowersystems.com,845-344-1975,"Sales,Service,Up To 600kW,Mobile/Diesel/Gas,Rental,"
11757,Industrial/Commercial Sales & Service,00010001761002,"GENSERVE, INC.", 115A TWINBRIDGE DR.,,PENNSAUKEN,NJ ,08110,USA,www.genserveinc.com,856-324-0459,"Service,"
11757,Industrial/Commercial Sales & Service,00010021101002,SOUTH SHORE GENERATOR INC-Quote, 2696A CRANBERRY HWY,,WAREHAM,MA ,02571,USA,,508-295-7336,"Sales,Service,Up To 600kW,Mobile/Diesel/Gas,"
11757,Industrial/Commercial Sales & Service,00010001701002,SOUTH SHORE GENERATOR INC, ,,EAST WAREHAM,MA ,02538,USA,,508-295-7336,"Financing,Sales,Service,Up To 600kW,Mobile/Diesel/Gas,"
11757,Industrial/Commercial Sales & Service,00010001621002,BROOKFIELD SERVICE, 708 GLEBE ROAD,,WESTMORELAND,NH ,03467,USA,www.brookfieldservice.com,802-485-6567,"Service,Up To 600kW,Mobile/Diesel/Gas,"
11757,Industrial/Commercial Sales & Service,00111184131002,HUNTER & LOMISON, 1956 W FOURTH ST,,WILLIAMSPORT,PA ,17701,USA,www.hunterlomison.com,570-326-1764,"Sales,Service,Up To 600kW,Mobile/Diesel/Gas,Rental,"
11757,Industrial/Commercial Sales & Service,00010000881002,HUNTER & LOMISON INC., 1956 W. 4TH STREET,,WILLIAMSPORT,PA ,17701,USA,www.hunterlomison.com,570-326-1764,"Service,Up To 600kW,Mobile/Diesel/Gas,"
11757,Industrial/Commercial Sales & Service,00111207431002,WARSHAUER ELECTRIC SUPPLY CO INC, 800 SHREWSBURY AVE,,TINTON FALLS,NJ ,07724,USA,www.warshauer.com,732-741-6400,"Service,"
11757,Industrial/Commercial Sales & Service,00010157021002,Mechanical Service Co, 1145 Oak St.,,Pittston,PA ,18640,USA,,570-654-2445,"Service,"
11758,Industrial/Commercial Sales & Service,00010214161002,"R.L. KISTLER, INC.", 35 HAMILTON LANE,,GLENMONT,NY ,12077,USA,,585-436-1940,"Sales,Service,"
11758,Industrial/Commercial Sales & Service,00010001611002,Huntington Power, 230 Long Hill Cross Rd,,Shelton,CT ,06484,USA,www.huntingtonpower.com,203-929-3203,"Sales,Service,Up To 2MW,Mobile/Diesel/Gas,Training,Rental,"
11758,Industrial/Commercial Sales & Service,00010214161002,"R.L. Kistler, Inc", 300 Mile Crossing Blvd.,,Rochester,NY ,14624,USA,rlkistler.com,585-436-1940,"Sales,"
11758,Industrial/Commercial Sales & Service,00010214161002,"R.L. Kistler, Inc", 5615 Business Ave.,,N. Syracuse,NY ,13208,USA,,315-458-2875,"Sales,"
11758,Industrial/Commercial Sales & Service,00010001611002,Huntington Power, 68 Enter Ln,,Islandia,NY ,11749,USA,,631-563-4943,"Sales,Service,Up To 2MW,Mobile/Diesel/Gas,"
11758,Industrial/Commercial Sales & Service,00010001611002,Huntington Power, 34 E DUDLEY TOWN RD.,,BLOOMFIELD,CT ,06002,USA,,860-289-8790,"Sales,Service,Rental,"
11758,Industrial/Commercial Sales & Service,00010214161002,"R.L. Kistler, Inc", 5615 Business Ave.,,N. Syracuse,NY ,13208,USA,,315-458-2875,"Sales,"
11758,Industrial/Commercial Sales & Service,00010208021002,Modern Group Power Systems, 2501 Durham Road,,Bristol,PA ,19007,USA,www.moderngroup.com,800-404-7291,"Sales,Service,Up To 2MW,Mobile/Diesel/Gas,Training,Rental,"
11758,Industrial/Commercial Sales & Service,00010001731002,Authorized Services Of New England, 410 Forest Street,,Marlborough,MA ,01752,USA,www.asne.com,888-890-9886,"Financing,Sales,Service,Up To 2MW,Mobile/Diesel/Gas,Training,Rental,"
11758,Industrial/Commercial Sales & Service,00010008091002,MODERN HANDLING EQUIP, 75 NEW STREET,,EDISON,NJ ,08837,USA,www.moderngroup.com,800-779-5116,"Sales,Service,Up To 2MW,Mobile/Diesel/Gas,"
11758,Industrial/Commercial Sales & Service,00010208021002,Modern Group Power Systems, 200 Allied Parkway,,West Berlin,NJ ,08091,USA,,800-404-7291,"Sales,Service,Up To 2MW,Mobile/Diesel/Gas,"
11758,Industrial/Commercial Sales & Service,00010208021002,Modern Group Power Systems, 6352 Chapmans Rd,,Allentown,PA ,18106,USA,,800-404-7291,"Sales,Service,Up To 2MW,Mobile/Diesel/Gas,"
11758,Industrial/Commercial Sales & Service,00010000931002,"EMERGENCY POWER SYSTEMS, LLC", 35 HAMILTON LANE,,GLENMONT,NY ,12077,USA,,800-914-1465,"Service,Up To 2MW,Mobile/Diesel/Gas,"
11758,Industrial/Commercial Sales & Service,00010000931002,"EMERGENCY POWER SYSTEMS, LLC", 35 HAMILTON LANE,,GLENMONT,NY ,12077,USA,,800-914-1465,"Service,"
11758,Industrial/Commercial Sales & Service,00010208021002,Modern Group Power Systems, 66A South Gate Blvd.,,New Castle,DE ,19720,USA,,800-404-7291,"Sales,Service,Up To 2MW,Mobile/Diesel/Gas,"
11758,Industrial/Commercial Sales & Service,00010208021002,Modern Group Power Systems, 295 New Commerce Blvd.,,Wilkes Barre,PA ,18706,USA,,800-404-7291,"Sales,Service,Up To 2MW,Mobile/Diesel/Gas,"
11758,Industrial/Commercial Sales & Service,00010001731002,AUTHORIZED SERVICES OF NEW ENGLAND, 410 FOREST STREET,,MARLBOROUGH,MA ,01752,USA,,888-890-9886,"Sales,"
11758,Industrial/Commercial Sales & Service,00010208021002,Modern Group Power Systems, 3480 Board Road,,York,PA ,17402,USA,,800-404-7291,"Sales,Service,Up To 2MW,Mobile/Diesel/Gas,"
11758,Industrial/Commercial Sales & Service,00010001761002,"GENSERVE, INC.", 100 NEWTOWN RD,,PLAINVIEW,NY ,11803,USA,www.genserveinc.com,631-435-0437,"Service,"
11758,Industrial/Commercial Sales & Service,00111209521002,LONG ISLAND EMERGENCY POWER -QO, 2 Ocean Avenue,,DEER PARK,NY ,11729,USA,,631-586-7513,"Sales,"
11758,Industrial/Commercial Sales & Service,00010139211002,POWERPRO SERVICE CO. INC., 608 JOHNSON AVE. UNIT 6,,BOHEMIA,NY ,11716,USA,,631-567-2700,"Sales,Service,Up To 600kW,Mobile/Diesel/Gas,"
11758,Industrial/Commercial Sales & Service,00111209531002,HUNTINGTON POWER - LONG ISLAND, PO BOX 2040,,SHELTON,CT ,06484,USA,,631-586-7513,"Sales,"
11758,Industrial/Commercial Sales & Service,00010134071002,PEAK POWER SYSTEMS, 99 SPRAGUE AVENUE,,MIDDLETOWN,NY ,10940,USA,www.peakpowersystems.com,845-344-1975,"Sales,Service,Up To 600kW,Mobile/Diesel/Gas,Rental,"
11758,Industrial/Commercial Sales & Service,00010001761002,"GENSERVE, INC.", 115A TWINBRIDGE DR.,,PENNSAUKEN,NJ ,08110,USA,www.genserveinc.com,856-324-0459,"Service,"
11758,Industrial/Commercial Sales & Service,00010021101002,SOUTH SHORE GENERATOR INC-Quote, 2696A CRANBERRY HWY,,WAREHAM,MA ,02571,USA,,508-295-7336,"Sales,Service,Up To 600kW,Mobile/Diesel/Gas,"
11758,Industrial/Commercial Sales & Service,00010001701002,SOUTH SHORE GENERATOR INC, ,,EAST WAREHAM,MA ,02538,USA,,508-295-7336,"Financing,Sales,Service,Up To 600kW,Mobile/Diesel/Gas,"
11758,Industrial/Commercial Sales & Service,00010001621002,BROOKFIELD SERVICE, 708 GLEBE ROAD,,WESTMORELAND,NH ,03467,USA,www.brookfieldservice.com,802-485-6567,"Service,Up To 600kW,Mobile/Diesel/Gas,"
11758,Industrial/Commercial Sales & Service,00111184131002,HUNTER & LOMISON, 1956 W FOURTH ST,,WILLIAMSPORT,PA ,17701,USA,www.hunterlomison.com,570-326-1764,"Sales,Service,Up To 600kW,Mobile/Diesel/Gas,Rental,"
11758,Industrial/Commercial Sales & Service,00010000881002,HUNTER & LOMISON INC., 1956 W. 4TH STREET,,WILLIAMSPORT,PA ,17701,USA,www.hunterlomison.com,570-326-1764,"Service,Up To 600kW,Mobile/Diesel/Gas,"
11758,Industrial/Commercial Sales & Service,00111207431002,WARSHAUER ELECTRIC SUPPLY CO INC, 800 SHREWSBURY AVE,,TINTON FALLS,NJ ,07724,USA,www.warshauer.com,732-741-6400,"Service,"
11758,Industrial/Commercial Sales & Service,00010157021002,Mechanical Service Co, 1145 Oak St.,,Pittston,PA ,18640,USA,,570-654-2445,"Service,"
11760,Industrial/Commercial Sales & Service,00010001611002,Huntington Power, 230 Long Hill Cross Rd,,Shelton,CT ,06484,USA,www.huntingtonpower.com,203-929-3203,"Sales,Service,Up To 2MW,Mobile/Diesel/Gas,Training,Rental,"
11760,Industrial/Commercial Sales & Service,00010214161002,"R.L. KISTLER, INC.", 35 HAMILTON LANE,,GLENMONT,NY ,12077,USA,,585-436-1940,"Sales,Service,"
11760,Industrial/Commercial Sales & Service,00010214161002,"R.L. Kistler, Inc", 300 Mile Crossing Blvd.,,Rochester,NY ,14624,USA,rlkistler.com,585-436-1940,"Sales,"
11760,Industrial/Commercial Sales & Service,00010001611002,Huntington Power, 68 Enter Ln,,Islandia,NY ,11749,USA,,631-563-4943,"Sales,Service,Up To 2MW,Mobile/Diesel/Gas,"
11760,Industrial/Commercial Sales & Service,00010001611002,Huntington Power, 34 E DUDLEY TOWN RD.,,BLOOMFIELD,CT ,06002,USA,,860-289-8790,"Sales,Service,Rental,"
11760,Industrial/Commercial Sales & Service,00010214161002,"R.L. Kistler, Inc", 5615 Business Ave.,,N. Syracuse,NY ,13208,USA,,315-458-2875,"Sales,"
11760,Industrial/Commercial Sales & Service,00010214161002,"R.L. Kistler, Inc", 5615 Business Ave.,,N. Syracuse,NY ,13208,USA,,315-458-2875,"Sales,"
11760,Industrial/Commercial Sales & Service,00010208021002,Modern Group Power Systems, 2501 Durham Road,,Bristol,PA ,19007,USA,www.moderngroup.com,800-404-7291,"Sales,Service,Up To 2MW,Mobile/Diesel/Gas,Training,Rental,"
11760,Industrial/Commercial Sales & Service,00010001731002,Authorized Services Of New England, 410 Forest Street,,Marlborough,MA ,01752,USA,www.asne.com,888-890-9886,"Financing,Sales,Service,Up To 2MW,Mobile/Diesel/Gas,Training,Rental,"
11760,Industrial/Commercial Sales & Service,00010008091002,MODERN HANDLING EQUIP, 75 NEW STREET,,EDISON,NJ ,08837,USA,www.moderngroup.com,800-779-5116,"Sales,Service,Up To 2MW,Mobile/Diesel/Gas,"
11760,Industrial/Commercial Sales & Service,00010208021002,Modern Group Power Systems, 200 Allied Parkway,,West Berlin,NJ ,08091,USA,,800-404-7291,"Sales,Service,Up To 2MW,Mobile/Diesel/Gas,"
11760,Industrial/Commercial Sales & Service,00010208021002,Modern Group Power Systems, 6352 Chapmans Rd,,Allentown,PA ,18106,USA,,800-404-7291,"Sales,Service,Up To 2MW,Mobile/Diesel/Gas,"
11760,Industrial/Commercial Sales & Service,00010000931002,"EMERGENCY POWER SYSTEMS, LLC", 35 HAMILTON LANE,,GLENMONT,NY ,12077,USA,,800-914-1465,"Service,Up To 2MW,Mobile/Diesel/Gas,"
11760,Industrial/Commercial Sales & Service,00010000931002,"EMERGENCY POWER SYSTEMS, LLC", 35 HAMILTON LANE,,GLENMONT,NY ,12077,USA,,800-914-1465,"Service,"
11760,Industrial/Commercial Sales & Service,00010001731002,AUTHORIZED SERVICES OF NEW ENGLAND, 410 FOREST STREET,,MARLBOROUGH,MA ,01752,USA,,888-890-9886,"Sales,"
11760,Industrial/Commercial Sales & Service,00010208021002,Modern Group Power Systems, 295 New Commerce Blvd.,,Wilkes Barre,PA ,18706,USA,,800-404-7291,"Sales,Service,Up To 2MW,Mobile/Diesel/Gas,"
11760,Industrial/Commercial Sales & Service,00010208021002,Modern Group Power Systems, 66A South Gate Blvd.,,New Castle,DE ,19720,USA,,800-404-7291,"Sales,Service,Up To 2MW,Mobile/Diesel/Gas,"
11760,Industrial/Commercial Sales & Service,00010208021002,Modern Group Power Systems, 3480 Board Road,,York,PA ,17402,USA,,800-404-7291,"Sales,Service,Up To 2MW,Mobile/Diesel/Gas,"
11760,Industrial/Commercial Sales & Service,00010139211002,POWERPRO SERVICE CO. INC., 608 JOHNSON AVE. UNIT 6,,BOHEMIA,NY ,11716,USA,,631-567-2700,"Sales,Service,Up To 600kW,Mobile/Diesel/Gas,"
11760,Industrial/Commercial Sales & Service,00111209521002,LONG ISLAND EMERGENCY POWER -QO, 2 Ocean Avenue,,DEER PARK,NY ,11729,USA,,631-586-7513,"Sales,"
11760,Industrial/Commercial Sales & Service,00010001761002,"GENSERVE, INC.", 100 NEWTOWN RD,,PLAINVIEW,NY ,11803,USA,www.genserveinc.com,631-435-0437,"Service,"
11760,Industrial/Commercial Sales & Service,00111209531002,HUNTINGTON POWER - LONG ISLAND, PO BOX 2040,,SHELTON,CT ,06484,USA,,631-586-7513,"Sales,"
11760,Industrial/Commercial Sales & Service,00010134071002,PEAK POWER SYSTEMS, 99 SPRAGUE AVENUE,,MIDDLETOWN,NY ,10940,USA,www.peakpowersystems.com,845-344-1975,"Sales,Service,Up To 600kW,Mobile/Diesel/Gas,Rental,"
11760,Industrial/Commercial Sales & Service,00010001761002,"GENSERVE, INC.", 115A TWINBRIDGE DR.,,PENNSAUKEN,NJ ,08110,USA,www.genserveinc.com,856-324-0459,"Service,"
11760,Industrial/Commercial Sales & Service,00010021101002,SOUTH SHORE GENERATOR INC-Quote, 2696A CRANBERRY HWY,,WAREHAM,MA ,02571,USA,,508-295-7336,"Sales,Service,Up To 600kW,Mobile/Diesel/Gas,"
11760,Industrial/Commercial Sales & Service,00010001701002,SOUTH SHORE GENERATOR INC, ,,EAST WAREHAM,MA ,02538,USA,,508-295-7336,"Financing,Sales,Service,Up To 600kW,Mobile/Diesel/Gas,"
11760,Industrial/Commercial Sales & Service,00010001621002,BROOKFIELD SERVICE, 708 GLEBE ROAD,,WESTMORELAND,NH ,03467,USA,www.brookfieldservice.com,802-485-6567,"Service,Up To 600kW,Mobile/Diesel/Gas,"
11760,Industrial/Commercial Sales & Service,00111207431002,WARSHAUER ELECTRIC SUPPLY CO INC, 800 SHREWSBURY AVE,,TINTON FALLS,NJ ,07724,USA,www.warshauer.com,732-741-6400,"Service,"
11760,Industrial/Commercial Sales & Service,00010157021002,Mechanical Service Co, 1145 Oak St.,,Pittston,PA ,18640,USA,,570-654-2445,"Service,"
11762,Industrial/Commercial Sales & Service,00010214161002,"R.L. KISTLER, INC.", 35 HAMILTON LANE,,GLENMONT,NY ,12077,USA,,585-436-1940,"Sales,Service,"
11762,Industrial/Commercial Sales & Service,00010214161002,"R.L. Kistler, Inc", 300 Mile Crossing Blvd.,,Rochester,NY ,14624,USA,rlkistler.com,585-436-1940,"Sales,"
11762,Industrial/Commercial Sales & Service,00010001611002,Huntington Power, 230 Long Hill Cross Rd,,Shelton,CT ,06484,USA,www.huntingtonpower.com,203-929-3203,"Sales,Service,Up To 2MW,Mobile/Diesel/Gas,Training,Rental,"
11762,Industrial/Commercial Sales & Service,00010214161002,"R.L. Kistler, Inc", 5615 Business Ave.,,N. Syracuse,NY ,13208,USA,,315-458-2875,"Sales,"
11762,Industrial/Commercial Sales & Service,00010214161002,"R.L. Kistler, Inc", 5615 Business Ave.,,N. Syracuse,NY ,13208,USA,,315-458-2875,"Sales,"
11762,Industrial/Commercial Sales & Service,00010001611002,Huntington Power, 68 Enter Ln,,Islandia,NY ,11749,USA,,631-563-4943,"Sales,Service,Up To 2MW,Mobile/Diesel/Gas,"
11762,Industrial/Commercial Sales & Service,00010001611002,Huntington Power, 34 E DUDLEY TOWN RD.,,BLOOMFIELD,CT ,06002,USA,,860-289-8790,"Sales,Service,Rental,"
11762,Industrial/Commercial Sales & Service,00010208021002,Modern Group Power Systems, 2501 Durham Road,,Bristol,PA ,19007,USA,www.moderngroup.com,800-404-7291,"Sales,Service,Up To 2MW,Mobile/Diesel/Gas,Training,Rental,"
11762,Industrial/Commercial Sales & Service,00010001731002,Authorized Services Of New England, 410 Forest Street,,Marlborough,MA ,01752,USA,www.asne.com,888-890-9886,"Financing,Sales,Service,Up To 2MW,Mobile/Diesel/Gas,Training,Rental,"
11762,Industrial/Commercial Sales & Service,00010008091002,MODERN HANDLING EQUIP, 75 NEW STREET,,EDISON,NJ ,08837,USA,www.moderngroup.com,800-779-5116,"Sales,Service,Up To 2MW,Mobile/Diesel/Gas,"
11762,Industrial/Commercial Sales & Service,00010208021002,Modern Group Power Systems, 200 Allied Parkway,,West Berlin,NJ ,08091,USA,,800-404-7291,"Sales,Service,Up To 2MW,Mobile/Diesel/Gas,"
11762,Industrial/Commercial Sales & Service,00010208021002,Modern Group Power Systems, 6352 Chapmans Rd,,Allentown,PA ,18106,USA,,800-404-7291,"Sales,Service,Up To 2MW,Mobile/Diesel/Gas,"
11762,Industrial/Commercial Sales & Service,00010000931002,"EMERGENCY POWER SYSTEMS, LLC", 35 HAMILTON LANE,,GLENMONT,NY ,12077,USA,,800-914-1465,"Service,Up To 2MW,Mobile/Diesel/Gas,"
11762,Industrial/Commercial Sales & Service,00010000931002,"EMERGENCY POWER SYSTEMS, LLC", 35 HAMILTON LANE,,GLENMONT,NY ,12077,USA,,800-914-1465,"Service,"
11762,Industrial/Commercial Sales & Service,00010208021002,Modern Group Power Systems, 66A South Gate Blvd.,,New Castle,DE ,19720,USA,,800-404-7291,"Sales,Service,Up To 2MW,Mobile/Diesel/Gas,"
11762,Industrial/Commercial Sales & Service,00010208021002,Modern Group Power Systems, 295 New Commerce Blvd.,,Wilkes Barre,PA ,18706,USA,,800-404-7291,"Sales,Service,Up To 2MW,Mobile/Diesel/Gas,"
11762,Industrial/Commercial Sales & Service,00010001731002,AUTHORIZED SERVICES OF NEW ENGLAND, 410 FOREST STREET,,MARLBOROUGH,MA ,01752,USA,,888-890-9886,"Sales,"
11762,Industrial/Commercial Sales & Service,00010208021002,Modern Group Power Systems, 3480 Board Road,,York,PA ,17402,USA,,800-404-7291,"Sales,Service,Up To 2MW,Mobile/Diesel/Gas,"
11762,Industrial/Commercial Sales & Service,00010001761002,"GENSERVE, INC.", 100 NEWTOWN RD,,PLAINVIEW,NY ,11803,USA,www.genserveinc.com,631-435-0437,"Service,"
11762,Industrial/Commercial Sales & Service,00111209521002,LONG ISLAND EMERGENCY POWER -QO, 2 Ocean Avenue,,DEER PARK,NY ,11729,USA,,631-586-7513,"Sales,"
11762,Industrial/Commercial Sales & Service,00010139211002,POWERPRO SERVICE CO. INC., 608 JOHNSON AVE. UNIT 6,,BOHEMIA,NY ,11716,USA,,631-567-2700,"Sales,Service,Up To 600kW,Mobile/Diesel/Gas,"
11762,Industrial/Commercial Sales & Service,00111209531002,HUNTINGTON POWER - LONG ISLAND, PO BOX 2040,,SHELTON,CT ,06484,USA,,631-586-7513,"Sales,"
11762,Industrial/Commercial Sales & Service,00010134071002,PEAK POWER SYSTEMS, 99 SPRAGUE AVENUE,,MIDDLETOWN,NY ,10940,USA,www.peakpowersystems.com,845-344-1975,"Sales,Service,Up To 600kW,Mobile/Diesel/Gas,Rental,"
11762,Industrial/Commercial Sales & Service,00010001761002,"GENSERVE, INC.", 115A TWINBRIDGE DR.,,PENNSAUKEN,NJ ,08110,USA,www.genserveinc.com,856-324-0459,"Service,"
11762,Industrial/Commercial Sales & Service,00010021101002,SOUTH SHORE GENERATOR INC-Quote, 2696A CRANBERRY HWY,,WAREHAM,MA ,02571,USA,,508-295-7336,"Sales,Service,Up To 600kW,Mobile/Diesel/Gas,"
11762,Industrial/Commercial Sales & Service,00010001701002,SOUTH SHORE GENERATOR INC, ,,EAST WAREHAM,MA ,02538,USA,,508-295-7336,"Financing,Sales,Service,Up To 600kW,Mobile/Diesel/Gas,"
11762,Industrial/Commercial Sales & Service,00010001621002,BROOKFIELD SERVICE, 708 GLEBE ROAD,,WESTMORELAND,NH ,03467,USA,www.brookfieldservice.com,802-485-6567,"Service,Up To 600kW,Mobile/Diesel/Gas,"
11762,Industrial/Commercial Sales & Service,00111184131002,HUNTER & LOMISON, 1956 W FOURTH ST,,WILLIAMSPORT,PA ,17701,USA,www.hunterlomison.com,570-326-1764,"Sales,Service,Up To 600kW,Mobile/Diesel/Gas,Rental,"
11762,Industrial/Commercial Sales & Service,00010000881002,HUNTER & LOMISON INC., 1956 W. 4TH STREET,,WILLIAMSPORT,PA ,17701,USA,www.hunterlomison.com,570-326-1764,"Service,Up To 600kW,Mobile/Diesel/Gas,"
11762,Industrial/Commercial Sales & Service,00111207431002,WARSHAUER ELECTRIC SUPPLY CO INC, 800 SHREWSBURY AVE,,TINTON FALLS,NJ ,07724,USA,www.warshauer.com,732-741-6400,"Service,"
11762,Industrial/Commercial Sales & Service,00010157021002,Mechanical Service Co, 1145 Oak St.,,Pittston,PA ,18640,USA,,570-654-2445,"Service,"
11763,Industrial/Commercial Sales & Service,00010214161002,"R.L. KISTLER, INC.", 35 HAMILTON LANE,,GLENMONT,NY ,12077,USA,,585-436-1940,"Sales,Service,"
11763,Industrial/Commercial Sales & Service,00010001611002,Huntington Power, 230 Long Hill Cross Rd,,Shelton,CT ,06484,USA,www.huntingtonpower.com,203-929-3203,"Sales,Service,Up To 2MW,Mobile/Diesel/Gas,Training,Rental,"
11763,Industrial/Commercial Sales & Service,00010214161002,"R.L. Kistler, Inc", 300 Mile Crossing Blvd.,,Rochester,NY ,14624,USA,rlkistler.com,585-436-1940,"Sales,"
11763,Industrial/Commercial Sales & Service,00010214161002,"R.L. Kistler, Inc", 5615 Business Ave.,,N. Syracuse,NY ,13208,USA,,315-458-2875,"Sales,"
11763,Industrial/Commercial Sales & Service,00010001611002,Huntington Power, 68 Enter Ln,,Islandia,NY ,11749,USA,,631-563-4943,"Sales,Service,Up To 2MW,Mobile/Diesel/Gas,"
11763,Industrial/Commercial Sales & Service,00010001611002,Huntington Power, 34 E DUDLEY TOWN RD.,,BLOOMFIELD,CT ,06002,USA,,860-289-8790,"Sales,Service,Rental,"
11763,Industrial/Commercial Sales & Service,00010214161002,"R.L. Kistler, Inc", 5615 Business Ave.,,N. Syracuse,NY ,13208,USA,,315-458-2875,"Sales,"
11763,Industrial/Commercial Sales & Service,00010208021002,Modern Group Power Systems, 2501 Durham Road,,Bristol,PA ,19007,USA,www.moderngroup.com,800-404-7291,"Sales,Service,Up To 2MW,Mobile/Diesel/Gas,Training,Rental,"
11763,Industrial/Commercial Sales & Service,00010001731002,Authorized Services Of New England, 410 Forest Street,,Marlborough,MA ,01752,USA,www.asne.com,888-890-9886,"Financing,Sales,Service,Up To 2MW,Mobile/Diesel/Gas,Training,Rental,"
11763,Industrial/Commercial Sales & Service,00010008091002,MODERN HANDLING EQUIP, 75 NEW STREET,,EDISON,NJ ,08837,USA,www.moderngroup.com,800-779-5116,"Sales,Service,Up To 2MW,Mobile/Diesel/Gas,"
11763,Industrial/Commercial Sales & Service,00010208021002,Modern Group Power Systems, 200 Allied Parkway,,West Berlin,NJ ,08091,USA,,800-404-7291,"Sales,Service,Up To 2MW,Mobile/Diesel/Gas,"
11763,Industrial/Commercial Sales & Service,00010001731002,AUTHORIZED SERVICES OF NEW ENGLAND, 410 FOREST STREET,,MARLBOROUGH,MA ,01752,USA,,888-890-9886,"Sales,"
11763,Industrial/Commercial Sales & Service,00010000931002,"EMERGENCY POWER SYSTEMS, LLC", 35 HAMILTON LANE,,GLENMONT,NY ,12077,USA,,800-914-1465,"Service,Up To 2MW,Mobile/Diesel/Gas,"
11763,Industrial/Commercial Sales & Service,00010000931002,"EMERGENCY POWER SYSTEMS, LLC", 35 HAMILTON LANE,,GLENMONT,NY ,12077,USA,,800-914-1465,"Service,"
11763,Industrial/Commercial Sales & Service,00010208021002,Modern Group Power Systems, 6352 Chapmans Rd,,Allentown,PA ,18106,USA,,800-404-7291,"Sales,Service,Up To 2MW,Mobile/Diesel/Gas,"
11763,Industrial/Commercial Sales & Service,00010208021002,Modern Group Power Systems, 295 New Commerce Blvd.,,Wilkes Barre,PA ,18706,USA,,800-404-7291,"Sales,Service,Up To 2MW,Mobile/Diesel/Gas,"
11763,Industrial/Commercial Sales & Service,00010208021002,Modern Group Power Systems, 66A South Gate Blvd.,,New Castle,DE ,19720,USA,,800-404-7291,"Sales,Service,Up To 2MW,Mobile/Diesel/Gas,"
11763,Industrial/Commercial Sales & Service,00010139211002,POWERPRO SERVICE CO. INC., 608 JOHNSON AVE. UNIT 6,,BOHEMIA,NY ,11716,USA,,631-567-2700,"Sales,Service,Up To 600kW,Mobile/Diesel/Gas,"
11763,Industrial/Commercial Sales & Service,00111209521002,LONG ISLAND EMERGENCY POWER -QO, 2 Ocean Avenue,,DEER PARK,NY ,11729,USA,,631-586-7513,"Sales,"
11763,Industrial/Commercial Sales & Service,00010001761002,"GENSERVE, INC.", 100 NEWTOWN RD,,PLAINVIEW,NY ,11803,USA,www.genserveinc.com,631-435-0437,"Service,"
11763,Industrial/Commercial Sales & Service,00111209531002,HUNTINGTON POWER - LONG ISLAND, PO BOX 2040,,SHELTON,CT ,06484,USA,,631-586-7513,"Sales,"
11763,Industrial/Commercial Sales & Service,00010134071002,PEAK POWER SYSTEMS, 99 SPRAGUE AVENUE,,MIDDLETOWN,NY ,10940,USA,www.peakpowersystems.com,845-344-1975,"Sales,Service,Up To 600kW,Mobile/Diesel/Gas,Rental,"
11763,Industrial/Commercial Sales & Service,00010001761002,"GENSERVE, INC.", 115A TWINBRIDGE DR.,,PENNSAUKEN,NJ ,08110,USA,www.genserveinc.com,856-324-0459,"Service,"
11763,Industrial/Commercial Sales & Service,00010021101002,SOUTH SHORE GENERATOR INC-Quote, 2696A CRANBERRY HWY,,WAREHAM,MA ,02571,USA,,508-295-7336,"Sales,Service,Up To 600kW,Mobile/Diesel/Gas,"
11763,Industrial/Commercial Sales & Service,00010001701002,SOUTH SHORE GENERATOR INC, ,,EAST WAREHAM,MA ,02538,USA,,508-295-7336,"Financing,Sales,Service,Up To 600kW,Mobile/Diesel/Gas,"
11763,Industrial/Commercial Sales & Service,00010001621002,BROOKFIELD SERVICE, 708 GLEBE ROAD,,WESTMORELAND,NH ,03467,USA,www.brookfieldservice.com,802-485-6567,"Service,Up To 600kW,Mobile/Diesel/Gas,"
11763,Industrial/Commercial Sales & Service,00111207431002,WARSHAUER ELECTRIC SUPPLY CO INC, 800 SHREWSBURY AVE,,TINTON FALLS,NJ ,07724,USA,www.warshauer.com,732-741-6400,"Service,"
11763,Industrial/Commercial Sales & Service,00010157021002,Mechanical Service Co, 1145 Oak St.,,Pittston,PA ,18640,USA,,570-654-2445,"Service,"
11764,Industrial/Commercial Sales & Service,00010001611002,Huntington Power, 230 Long Hill Cross Rd,,Shelton,CT ,06484,USA,www.huntingtonpower.com,203-929-3203,"Sales,Service,Up To 2MW,Mobile/Diesel/Gas,Training,Rental,"
11764,Industrial/Commercial Sales & Service,00010214161002,"R.L. KISTLER, INC.", 35 HAMILTON LANE,,GLENMONT,NY ,12077,USA,,585-436-1940,"Sales,Service,"
11764,Industrial/Commercial Sales & Service,00010214161002,"R.L. Kistler, Inc", 300 Mile Crossing Blvd.,,Rochester,NY ,14624,USA,rlkistler.com,585-436-1940,"Sales,"
11764,Industrial/Commercial Sales & Service,00010001611002,Huntington Power, 68 Enter Ln,,Islandia,NY ,11749,USA,,631-563-4943,"Sales,Service,Up To 2MW,Mobile/Diesel/Gas,"
11764,Industrial/Commercial Sales & Service,00010001611002,Huntington Power, 34 E DUDLEY TOWN RD.,,BLOOMFIELD,CT ,06002,USA,,860-289-8790,"Sales,Service,Rental,"
11764,Industrial/Commercial Sales & Service,00010214161002,"R.L. Kistler, Inc", 5615 Business Ave.,,N. Syracuse,NY ,13208,USA,,315-458-2875,"Sales,"
11764,Industrial/Commercial Sales & Service,00010214161002,"R.L. Kistler, Inc", 5615 Business Ave.,,N. Syracuse,NY ,13208,USA,,315-458-2875,"Sales,"
11764,Industrial/Commercial Sales & Service,00010208021002,Modern Group Power Systems, 2501 Durham Road,,Bristol,PA ,19007,USA,www.moderngroup.com,800-404-7291,"Sales,Service,Up To 2MW,Mobile/Diesel/Gas,Training,Rental,"
11764,Industrial/Commercial Sales & Service,00010001731002,Authorized Services Of New England, 410 Forest Street,,Marlborough,MA ,01752,USA,www.asne.com,888-890-9886,"Financing,Sales,Service,Up To 2MW,Mobile/Diesel/Gas,Training,Rental,"
11764,Industrial/Commercial Sales & Service,00010008091002,MODERN HANDLING EQUIP, 75 NEW STREET,,EDISON,NJ ,08837,USA,www.moderngroup.com,800-779-5116,"Sales,Service,Up To 2MW,Mobile/Diesel/Gas,"
11764,Industrial/Commercial Sales & Service,00010000931002,"EMERGENCY POWER SYSTEMS, LLC", 35 HAMILTON LANE,,GLENMONT,NY ,12077,USA,,800-914-1465,"Service,Up To 2MW,Mobile/Diesel/Gas,"
11764,Industrial/Commercial Sales & Service,00010000931002,"EMERGENCY POWER SYSTEMS, LLC", 35 HAMILTON LANE,,GLENMONT,NY ,12077,USA,,800-914-1465,"Service,"
11764,Industrial/Commercial Sales & Service,00010001731002,AUTHORIZED SERVICES OF NEW ENGLAND, 410 FOREST STREET,,MARLBOROUGH,MA ,01752,USA,,888-890-9886,"Sales,"
11764,Industrial/Commercial Sales & Service,00010208021002,Modern Group Power Systems, 200 Allied Parkway,,West Berlin,NJ ,08091,USA,,800-404-7291,"Sales,Service,Up To 2MW,Mobile/Diesel/Gas,"
11764,Industrial/Commercial Sales & Service,00010208021002,Modern Group Power Systems, 6352 Chapmans Rd,,Allentown,PA ,18106,USA,,800-404-7291,"Sales,Service,Up To 2MW,Mobile/Diesel/Gas,"
11764,Industrial/Commercial Sales & Service,00010208021002,Modern Group Power Systems, 295 New Commerce Blvd.,,Wilkes Barre,PA ,18706,USA,,800-404-7291,"Sales,Service,Up To 2MW,Mobile/Diesel/Gas,"
11764,Industrial/Commercial Sales & Service,00010208021002,Modern Group Power Systems, 66A South Gate Blvd.,,New Castle,DE ,19720,USA,,800-404-7291,"Sales,Service,Up To 2MW,Mobile/Diesel/Gas,"
11764,Industrial/Commercial Sales & Service,00010139211002,POWERPRO SERVICE CO. INC., 608 JOHNSON AVE. UNIT 6,,BOHEMIA,NY ,11716,USA,,631-567-2700,"Sales,Service,Up To 600kW,Mobile/Diesel/Gas,"
11764,Industrial/Commercial Sales & Service,00111209521002,LONG ISLAND EMERGENCY POWER -QO, 2 Ocean Avenue,,DEER PARK,NY ,11729,USA,,631-586-7513,"Sales,"
11764,Industrial/Commercial Sales & Service,00111209531002,HUNTINGTON POWER - LONG ISLAND, PO BOX 2040,,SHELTON,CT ,06484,USA,,631-586-7513,"Sales,"
11764,Industrial/Commercial Sales & Service,00010001761002,"GENSERVE, INC.", 100 NEWTOWN RD,,PLAINVIEW,NY ,11803,USA,www.genserveinc.com,631-435-0437,"Service,"
11764,Industrial/Commercial Sales & Service,00010134071002,PEAK POWER SYSTEMS, 99 SPRAGUE AVENUE,,MIDDLETOWN,NY ,10940,USA,www.peakpowersystems.com,845-344-1975,"Sales,Service,Up To 600kW,Mobile/Diesel/Gas,Rental,"
11764,Industrial/Commercial Sales & Service,00010001761002,"GENSERVE, INC.", 115A TWINBRIDGE DR.,,PENNSAUKEN,NJ ,08110,USA,www.genserveinc.com,856-324-0459,"Service,"
11764,Industrial/Commercial Sales & Service,00010021101002,SOUTH SHORE GENERATOR INC-Quote, 2696A CRANBERRY HWY,,WAREHAM,MA ,02571,USA,,508-295-7336,"Sales,Service,Up To 600kW,Mobile/Diesel/Gas,"
11764,Industrial/Commercial Sales & Service,00010001701002,SOUTH SHORE GENERATOR INC, ,,EAST WAREHAM,MA ,02538,USA,,508-295-7336,"Financing,Sales,Service,Up To 600kW,Mobile/Diesel/Gas,"
11764,Industrial/Commercial Sales & Service,00010001621002,BROOKFIELD SERVICE, 708 GLEBE ROAD,,WESTMORELAND,NH ,03467,USA,www.brookfieldservice.com,802-485-6567,"Service,Up To 600kW,Mobile/Diesel/Gas,"
11764,Industrial/Commercial Sales & Service,00111207431002,WARSHAUER ELECTRIC SUPPLY CO INC, 800 SHREWSBURY AVE,,TINTON FALLS,NJ ,07724,USA,www.warshauer.com,732-741-6400,"Service,"
11764,Industrial/Commercial Sales & Service,00010157021002,Mechanical Service Co, 1145 Oak St.,,Pittston,PA ,18640,USA,,570-654-2445,"Service,"
11765,Industrial/Commercial Sales & Service,00010001611002,Huntington Power, 230 Long Hill Cross Rd,,Shelton,CT ,06484,USA,www.huntingtonpower.com,203-929-3203,"Sales,Service,Up To 2MW,Mobile/Diesel/Gas,Training,Rental,"
11765,Industrial/Commercial Sales & Service,00010214161002,"R.L. KISTLER, INC.", 35 HAMILTON LANE,,GLENMONT,NY ,12077,USA,,585-436-1940,"Sales,Service,"
11765,Industrial/Commercial Sales & Service,00010214161002,"R.L. Kistler, Inc", 300 Mile Crossing Blvd.,,Rochester,NY ,14624,USA,rlkistler.com,585-436-1940,"Sales,"
11765,Industrial/Commercial Sales & Service,00010001611002,Huntington Power, 68 Enter Ln,,Islandia,NY ,11749,USA,,631-563-4943,"Sales,Service,Up To 2MW,Mobile/Diesel/Gas,"
11765,Industrial/Commercial Sales & Service,00010001611002,Huntington Power, 34 E DUDLEY TOWN RD.,,BLOOMFIELD,CT ,06002,USA,,860-289-8790,"Sales,Service,Rental,"
11765,Industrial/Commercial Sales & Service,00010214161002,"R.L. Kistler, Inc", 5615 Business Ave.,,N. Syracuse,NY ,13208,USA,,315-458-2875,"Sales,"
11765,Industrial/Commercial Sales & Service,00010214161002,"R.L. Kistler, Inc", 5615 Business Ave.,,N. Syracuse,NY ,13208,USA,,315-458-2875,"Sales,"
11765,Industrial/Commercial Sales & Service,00010208021002,Modern Group Power Systems, 2501 Durham Road,,Bristol,PA ,19007,USA,www.moderngroup.com,800-404-7291,"Sales,Service,Up To 2MW,Mobile/Diesel/Gas,Training,Rental,"
11765,Industrial/Commercial Sales & Service,00010001731002,Authorized Services Of New England, 410 Forest Street,,Marlborough,MA ,01752,USA,www.asne.com,888-890-9886,"Financing,Sales,Service,Up To 2MW,Mobile/Diesel/Gas,Training,Rental,"
11765,Industrial/Commercial Sales & Service,00010008091002,MODERN HANDLING EQUIP, 75 NEW STREET,,EDISON,NJ ,08837,USA,www.moderngroup.com,800-779-5116,"Sales,Service,Up To 2MW,Mobile/Diesel/Gas,"
11765,Industrial/Commercial Sales & Service,00010208021002,Modern Group Power Systems, 200 Allied Parkway,,West Berlin,NJ ,08091,USA,,800-404-7291,"Sales,Service,Up To 2MW,Mobile/Diesel/Gas,"
11765,Industrial/Commercial Sales & Service,00010208021002,Modern Group Power Systems, 6352 Chapmans Rd,,Allentown,PA ,18106,USA,,800-404-7291,"Sales,Service,Up To 2MW,Mobile/Diesel/Gas,"
11765,Industrial/Commercial Sales & Service,00010000931002,"EMERGENCY POWER SYSTEMS, LLC", 35 HAMILTON LANE,,GLENMONT,NY ,12077,USA,,800-914-1465,"Service,Up To 2MW,Mobile/Diesel/Gas,"
11765,Industrial/Commercial Sales & Service,00010000931002,"EMERGENCY POWER SYSTEMS, LLC", 35 HAMILTON LANE,,GLENMONT,NY ,12077,USA,,800-914-1465,"Service,"
11765,Industrial/Commercial Sales & Service,00010208021002,Modern Group Power Systems, 295 New Commerce Blvd.,,Wilkes Barre,PA ,18706,USA,,800-404-7291,"Sales,Service,Up To 2MW,Mobile/Diesel/Gas,"
11765,Industrial/Commercial Sales & Service,00010208021002,Modern Group Power Systems, 66A South Gate Blvd.,,New Castle,DE ,19720,USA,,800-404-7291,"Sales,Service,Up To 2MW,Mobile/Diesel/Gas,"
11765,Industrial/Commercial Sales & Service,00010001731002,AUTHORIZED SERVICES OF NEW ENGLAND, 410 FOREST STREET,,MARLBOROUGH,MA ,01752,USA,,888-890-9886,"Sales,"
11765,Industrial/Commercial Sales & Service,00010208021002,Modern Group Power Systems, 3480 Board Road,,York,PA ,17402,USA,,800-404-7291,"Sales,Service,Up To 2MW,Mobile/Diesel/Gas,"
11765,Industrial/Commercial Sales & Service,00010001761002,"GENSERVE, INC.", 100 NEWTOWN RD,,PLAINVIEW,NY ,11803,USA,www.genserveinc.com,631-435-0437,"Service,"
11765,Industrial/Commercial Sales & Service,00111209521002,LONG ISLAND EMERGENCY POWER -QO, 2 Ocean Avenue,,DEER PARK,NY ,11729,USA,,631-586-7513,"Sales,"
11765,Industrial/Commercial Sales & Service,00010139211002,POWERPRO SERVICE CO. INC., 608 JOHNSON AVE. UNIT 6,,BOHEMIA,NY ,11716,USA,,631-567-2700,"Sales,Service,Up To 600kW,Mobile/Diesel/Gas,"
11765,Industrial/Commercial Sales & Service,00111209531002,HUNTINGTON POWER - LONG ISLAND, PO BOX 2040,,SHELTON,CT ,06484,USA,,631-586-7513,"Sales,"
11765,Industrial/Commercial Sales & Service,00010134071002,PEAK POWER SYSTEMS, 99 SPRAGUE AVENUE,,MIDDLETOWN,NY ,10940,USA,www.peakpowersystems.com,845-344-1975,"Sales,Service,Up To 600kW,Mobile/Diesel/Gas,Rental,"
11765,Industrial/Commercial Sales & Service,00010001761002,"GENSERVE, INC.", 115A TWINBRIDGE DR.,,PENNSAUKEN,NJ ,08110,USA,www.genserveinc.com,856-324-0459,"Service,"
11765,Industrial/Commercial Sales & Service,00010001621002,BROOKFIELD SERVICE, 708 GLEBE ROAD,,WESTMORELAND,NH ,03467,USA,www.brookfieldservice.com,802-485-6567,"Service,Up To 600kW,Mobile/Diesel/Gas,"
11765,Industrial/Commercial Sales & Service,00010021101002,SOUTH SHORE GENERATOR INC-Quote, 2696A CRANBERRY HWY,,WAREHAM,MA ,02571,USA,,508-295-7336,"Sales,Service,Up To 600kW,Mobile/Diesel/Gas,"
11765,Industrial/Commercial Sales & Service,00010001701002,SOUTH SHORE GENERATOR INC, ,,EAST WAREHAM,MA ,02538,USA,,508-295-7336,"Financing,Sales,Service,Up To 600kW,Mobile/Diesel/Gas,"
11765,Industrial/Commercial Sales & Service,00111184131002,HUNTER & LOMISON, 1956 W FOURTH ST,,WILLIAMSPORT,PA ,17701,USA,www.hunterlomison.com,570-326-1764,"Sales,Service,Up To 600kW,Mobile/Diesel/Gas,Rental,"
11765,Industrial/Commercial Sales & Service,00010000881002,HUNTER & LOMISON INC., 1956 W. 4TH STREET,,WILLIAMSPORT,PA ,17701,USA,www.hunterlomison.com,570-326-1764,"Service,Up To 600kW,Mobile/Diesel/Gas,"
11765,Industrial/Commercial Sales & Service,00111207431002,WARSHAUER ELECTRIC SUPPLY CO INC, 800 SHREWSBURY AVE,,TINTON FALLS,NJ ,07724,USA,www.warshauer.com,732-741-6400,"Service,"
11765,Industrial/Commercial Sales & Service,00010157021002,Mechanical Service Co, 1145 Oak St.,,Pittston,PA ,18640,USA,,570-654-2445,"Service,"
11766,Industrial/Commercial Sales & Service,00010214161002,"R.L. Kistler, Inc", 300 Mile Crossing Blvd.,,Rochester,NY ,14624,USA,rlkistler.com,585-436-1940,"Sales,"
11766,Industrial/Commercial Sales & Service,00010001611002,Huntington Power, 230 Long Hill Cross Rd,,Shelton,CT ,06484,USA,www.huntingtonpower.com,203-929-3203,"Sales,Service,Up To 2MW,Mobile/Diesel/Gas,Training,Rental,"
11766,Industrial/Commercial Sales & Service,00010214161002,"R.L. KISTLER, INC.", 35 HAMILTON LANE,,GLENMONT,NY ,12077,USA,,585-436-1940,"Sales,Service,"
11766,Industrial/Commercial Sales & Service,00010214161002,"R.L. Kistler, Inc", 5615 Business Ave.,,N. Syracuse,NY ,13208,USA,,315-458-2875,"Sales,"
11766,Industrial/Commercial Sales & Service,00010001611002,Huntington Power, 68 Enter Ln,,Islandia,NY ,11749,USA,,631-563-4943,"Sales,Service,Up To 2MW,Mobile/Diesel/Gas,"
11766,Industrial/Commercial Sales & Service,00010001611002,Huntington Power, 34 E DUDLEY TOWN RD.,,BLOOMFIELD,CT ,06002,USA,,860-289-8790,"Sales,Service,Rental,"
11766,Industrial/Commercial Sales & Service,00010214161002,"R.L. Kistler, Inc", 5615 Business Ave.,,N. Syracuse,NY ,13208,USA,,315-458-2875,"Sales,"
11766,Industrial/Commercial Sales & Service,00010208021002,Modern Group Power Systems, 2501 Durham Road,,Bristol,PA ,19007,USA,www.moderngroup.com,800-404-7291,"Sales,Service,Up To 2MW,Mobile/Diesel/Gas,Training,Rental,"
11766,Industrial/Commercial Sales & Service,00010001731002,Authorized Services Of New England, 410 Forest Street,,Marlborough,MA ,01752,USA,www.asne.com,888-890-9886,"Financing,Sales,Service,Up To 2MW,Mobile/Diesel/Gas,Training,Rental,"
11766,Industrial/Commercial Sales & Service,00010008091002,MODERN HANDLING EQUIP, 75 NEW STREET,,EDISON,NJ ,08837,USA,www.moderngroup.com,800-779-5116,"Sales,Service,Up To 2MW,Mobile/Diesel/Gas,"
11766,Industrial/Commercial Sales & Service,00010000931002,"EMERGENCY POWER SYSTEMS, LLC", 35 HAMILTON LANE,,GLENMONT,NY ,12077,USA,,800-914-1465,"Service,Up To 2MW,Mobile/Diesel/Gas,"
11766,Industrial/Commercial Sales & Service,00010000931002,"EMERGENCY POWER SYSTEMS, LLC", 35 HAMILTON LANE,,GLENMONT,NY ,12077,USA,,800-914-1465,"Service,"
11766,Industrial/Commercial Sales & Service,00010001731002,AUTHORIZED SERVICES OF NEW ENGLAND, 410 FOREST STREET,,MARLBOROUGH,MA ,01752,USA,,888-890-9886,"Sales,"
11766,Industrial/Commercial Sales & Service,00010208021002,Modern Group Power Systems, 200 Allied Parkway,,West Berlin,NJ ,08091,USA,,800-404-7291,"Sales,Service,Up To 2MW,Mobile/Diesel/Gas,"
11766,Industrial/Commercial Sales & Service,00010208021002,Modern Group Power Systems, 6352 Chapmans Rd,,Allentown,PA ,18106,USA,,800-404-7291,"Sales,Service,Up To 2MW,Mobile/Diesel/Gas,"
11766,Industrial/Commercial Sales & Service,00010208021002,Modern Group Power Systems, 295 New Commerce Blvd.,,Wilkes Barre,PA ,18706,USA,,800-404-7291,"Sales,Service,Up To 2MW,Mobile/Diesel/Gas,"
11766,Industrial/Commercial Sales & Service,00010208021002,Modern Group Power Systems, 66A South Gate Blvd.,,New Castle,DE ,19720,USA,,800-404-7291,"Sales,Service,Up To 2MW,Mobile/Diesel/Gas,"
11766,Industrial/Commercial Sales & Service,00010139211002,POWERPRO SERVICE CO. INC., 608 JOHNSON AVE. UNIT 6,,BOHEMIA,NY ,11716,USA,,631-567-2700,"Sales,Service,Up To 600kW,Mobile/Diesel/Gas,"
11766,Industrial/Commercial Sales & Service,00111209521002,LONG ISLAND EMERGENCY POWER -QO, 2 Ocean Avenue,,DEER PARK,NY ,11729,USA,,631-586-7513,"Sales,"
11766,Industrial/Commercial Sales & Service,00010001761002,"GENSERVE, INC.", 100 NEWTOWN RD,,PLAINVIEW,NY ,11803,USA,www.genserveinc.com,631-435-0437,"Service,"
11766,Industrial/Commercial Sales & Service,00111209531002,HUNTINGTON POWER - LONG ISLAND, PO BOX 2040,,SHELTON,CT ,06484,USA,,631-586-7513,"Sales,"
11766,Industrial/Commercial Sales & Service,00010134071002,PEAK POWER SYSTEMS, 99 SPRAGUE AVENUE,,MIDDLETOWN,NY ,10940,USA,www.peakpowersystems.com,845-344-1975,"Sales,Service,Up To 600kW,Mobile/Diesel/Gas,Rental,"
11766,Industrial/Commercial Sales & Service,00010001761002,"GENSERVE, INC.", 115A TWINBRIDGE DR.,,PENNSAUKEN,NJ ,08110,USA,www.genserveinc.com,856-324-0459,"Service,"
11766,Industrial/Commercial Sales & Service,00010021101002,SOUTH SHORE GENERATOR INC-Quote, 2696A CRANBERRY HWY,,WAREHAM,MA ,02571,USA,,508-295-7336,"Sales,Service,Up To 600kW,Mobile/Diesel/Gas,"
11766,Industrial/Commercial Sales & Service,00010001701002,SOUTH SHORE GENERATOR INC, ,,EAST WAREHAM,MA ,02538,USA,,508-295-7336,"Financing,Sales,Service,Up To 600kW,Mobile/Diesel/Gas,"
11766,Industrial/Commercial Sales & Service,00010001621002,BROOKFIELD SERVICE, 708 GLEBE ROAD,,WESTMORELAND,NH ,03467,USA,www.brookfieldservice.com,802-485-6567,"Service,Up To 600kW,Mobile/Diesel/Gas,"
11766,Industrial/Commercial Sales & Service,00111207431002,WARSHAUER ELECTRIC SUPPLY CO INC, 800 SHREWSBURY AVE,,TINTON FALLS,NJ ,07724,USA,www.warshauer.com,732-741-6400,"Service,"
11766,Industrial/Commercial Sales & Service,00010157021002,Mechanical Service Co, 1145 Oak St.,,Pittston,PA ,18640,USA,,570-654-2445,"Service,"
11767,Industrial/Commercial Sales & Service,00010214161002,"R.L. Kistler, Inc", 300 Mile Crossing Blvd.,,Rochester,NY ,14624,USA,rlkistler.com,585-436-1940,"Sales,"
11767,Industrial/Commercial Sales & Service,00010214161002,"R.L. KISTLER, INC.", 35 HAMILTON LANE,,GLENMONT,NY ,12077,USA,,585-436-1940,"Sales,Service,"
11767,Industrial/Commercial Sales & Service,00010001611002,Huntington Power, 230 Long Hill Cross Rd,,Shelton,CT ,06484,USA,www.huntingtonpower.com,203-929-3203,"Sales,Service,Up To 2MW,Mobile/Diesel/Gas,Training,Rental,"
11767,Industrial/Commercial Sales & Service,00010214161002,"R.L. Kistler, Inc", 5615 Business Ave.,,N. Syracuse,NY ,13208,USA,,315-458-2875,"Sales,"
11767,Industrial/Commercial Sales & Service,00010214161002,"R.L. Kistler, Inc", 5615 Business Ave.,,N. Syracuse,NY ,13208,USA,,315-458-2875,"Sales,"
11767,Industrial/Commercial Sales & Service,00010001611002,Huntington Power, 68 Enter Ln,,Islandia,NY ,11749,USA,,631-563-4943,"Sales,Service,Up To 2MW,Mobile/Diesel/Gas,"
11767,Industrial/Commercial Sales & Service,00010001611002,Huntington Power, 34 E DUDLEY TOWN RD.,,BLOOMFIELD,CT ,06002,USA,,860-289-8790,"Sales,Service,Rental,"
11767,Industrial/Commercial Sales & Service,00010208021002,Modern Group Power Systems, 2501 Durham Road,,Bristol,PA ,19007,USA,www.moderngroup.com,800-404-7291,"Sales,Service,Up To 2MW,Mobile/Diesel/Gas,Training,Rental,"
11767,Industrial/Commercial Sales & Service,00010001731002,Authorized Services Of New England, 410 Forest Street,,Marlborough,MA ,01752,USA,www.asne.com,888-890-9886,"Financing,Sales,Service,Up To 2MW,Mobile/Diesel/Gas,Training,Rental,"
11767,Industrial/Commercial Sales & Service,00010008091002,MODERN HANDLING EQUIP, 75 NEW STREET,,EDISON,NJ ,08837,USA,www.moderngroup.com,800-779-5116,"Sales,Service,Up To 2MW,Mobile/Diesel/Gas,"
11767,Industrial/Commercial Sales & Service,00010208021002,Modern Group Power Systems, 200 Allied Parkway,,West Berlin,NJ ,08091,USA,,800-404-7291,"Sales,Service,Up To 2MW,Mobile/Diesel/Gas,"
11767,Industrial/Commercial Sales & Service,00010000931002,"EMERGENCY POWER SYSTEMS, LLC", 35 HAMILTON LANE,,GLENMONT,NY ,12077,USA,,800-914-1465,"Service,Up To 2MW,Mobile/Diesel/Gas,"
11767,Industrial/Commercial Sales & Service,00010000931002,"EMERGENCY POWER SYSTEMS, LLC", 35 HAMILTON LANE,,GLENMONT,NY ,12077,USA,,800-914-1465,"Service,"
11767,Industrial/Commercial Sales & Service,00010208021002,Modern Group Power Systems, 6352 Chapmans Rd,,Allentown,PA ,18106,USA,,800-404-7291,"Sales,Service,Up To 2MW,Mobile/Diesel/Gas,"
11767,Industrial/Commercial Sales & Service,00010001731002,AUTHORIZED SERVICES OF NEW ENGLAND, 410 FOREST STREET,,MARLBOROUGH,MA ,01752,USA,,888-890-9886,"Sales,"
11767,Industrial/Commercial Sales & Service,00010208021002,Modern Group Power Systems, 295 New Commerce Blvd.,,Wilkes Barre,PA ,18706,USA,,800-404-7291,"Sales,Service,Up To 2MW,Mobile/Diesel/Gas,"
11767,Industrial/Commercial Sales & Service,00010208021002,Modern Group Power Systems, 66A South Gate Blvd.,,New Castle,DE ,19720,USA,,800-404-7291,"Sales,Service,Up To 2MW,Mobile/Diesel/Gas,"
11767,Industrial/Commercial Sales & Service,00010208021002,Modern Group Power Systems, 3480 Board Road,,York,PA ,17402,USA,,800-404-7291,"Sales,Service,Up To 2MW,Mobile/Diesel/Gas,"
11767,Industrial/Commercial Sales & Service,00010139211002,POWERPRO SERVICE CO. INC., 608 JOHNSON AVE. UNIT 6,,BOHEMIA,NY ,11716,USA,,631-567-2700,"Sales,Service,Up To 600kW,Mobile/Diesel/Gas,"
11767,Industrial/Commercial Sales & Service,00111209521002,LONG ISLAND EMERGENCY POWER -QO, 2 Ocean Avenue,,DEER PARK,NY ,11729,USA,,631-586-7513,"Sales,"
11767,Industrial/Commercial Sales & Service,00010001761002,"GENSERVE, INC.", 100 NEWTOWN RD,,PLAINVIEW,NY ,11803,USA,www.genserveinc.com,631-435-0437,"Service,"
11767,Industrial/Commercial Sales & Service,00111209531002,HUNTINGTON POWER - LONG ISLAND, PO BOX 2040,,SHELTON,CT ,06484,USA,,631-586-7513,"Sales,"
11767,Industrial/Commercial Sales & Service,00010134071002,PEAK POWER SYSTEMS, 99 SPRAGUE AVENUE,,MIDDLETOWN,NY ,10940,USA,www.peakpowersystems.com,845-344-1975,"Sales,Service,Up To 600kW,Mobile/Diesel/Gas,Rental,"
11767,Industrial/Commercial Sales & Service,00010001761002,"GENSERVE, INC.", 115A TWINBRIDGE DR.,,PENNSAUKEN,NJ ,08110,USA,www.genserveinc.com,856-324-0459,"Service,"
11767,Industrial/Commercial Sales & Service,00010021101002,SOUTH SHORE GENERATOR INC-Quote, 2696A CRANBERRY HWY,,WAREHAM,MA ,02571,USA,,508-295-7336,"Sales,Service,Up To 600kW,Mobile/Diesel/Gas,"
11767,Industrial/Commercial Sales & Service,00010001701002,SOUTH SHORE GENERATOR INC, ,,EAST WAREHAM,MA ,02538,USA,,508-295-7336,"Financing,Sales,Service,Up To 600kW,Mobile/Diesel/Gas,"
11767,Industrial/Commercial Sales & Service,00010001621002,BROOKFIELD SERVICE, 708 GLEBE ROAD,,WESTMORELAND,NH ,03467,USA,www.brookfieldservice.com,802-485-6567,"Service,Up To 600kW,Mobile/Diesel/Gas,"
11767,Industrial/Commercial Sales & Service,00111207431002,WARSHAUER ELECTRIC SUPPLY CO INC, 800 SHREWSBURY AVE,,TINTON FALLS,NJ ,07724,USA,www.warshauer.com,732-741-6400,"Service,"
11767,Industrial/Commercial Sales & Service,00010157021002,Mechanical Service Co, 1145 Oak St.,,Pittston,PA ,18640,USA,,570-654-2445,"Service,"
11768,Industrial/Commercial Sales & Service,00010214161002,"R.L. KISTLER, INC.", 35 HAMILTON LANE,,GLENMONT,NY ,12077,USA,,585-436-1940,"Sales,Service,"
11768,Industrial/Commercial Sales & Service,00010001611002,Huntington Power, 230 Long Hill Cross Rd,,Shelton,CT ,06484,USA,www.huntingtonpower.com,203-929-3203,"Sales,Service,Up To 2MW,Mobile/Diesel/Gas,Training,Rental,"
11768,Industrial/Commercial Sales & Service,00010214161002,"R.L. Kistler, Inc", 300 Mile Crossing Blvd.,,Rochester,NY ,14624,USA,rlkistler.com,585-436-1940,"Sales,"
11768,Industrial/Commercial Sales & Service,00010214161002,"R.L. Kistler, Inc", 5615 Business Ave.,,N. Syracuse,NY ,13208,USA,,315-458-2875,"Sales,"
11768,Industrial/Commercial Sales & Service,00010001611002,Huntington Power, 68 Enter Ln,,Islandia,NY ,11749,USA,,631-563-4943,"Sales,Service,Up To 2MW,Mobile/Diesel/Gas,"
11768,Industrial/Commercial Sales & Service,00010001611002,Huntington Power, 34 E DUDLEY TOWN RD.,,BLOOMFIELD,CT ,06002,USA,,860-289-8790,"Sales,Service,Rental,"
11768,Industrial/Commercial Sales & Service,00010214161002,"R.L. Kistler, Inc", 5615 Business Ave.,,N. Syracuse,NY ,13208,USA,,315-458-2875,"Sales,"
11768,Industrial/Commercial Sales & Service,00010208021002,Modern Group Power Systems, 2501 Durham Road,,Bristol,PA ,19007,USA,www.moderngroup.com,800-404-7291,"Sales,Service,Up To 2MW,Mobile/Diesel/Gas,Training,Rental,"
11768,Industrial/Commercial Sales & Service,00010001731002,Authorized Services Of New England, 410 Forest Street,,Marlborough,MA ,01752,USA,www.asne.com,888-890-9886,"Financing,Sales,Service,Up To 2MW,Mobile/Diesel/Gas,Training,Rental,"
11768,Industrial/Commercial Sales & Service,00010008091002,MODERN HANDLING EQUIP, 75 NEW STREET,,EDISON,NJ ,08837,USA,www.moderngroup.com,800-779-5116,"Sales,Service,Up To 2MW,Mobile/Diesel/Gas,"
11768,Industrial/Commercial Sales & Service,00010208021002,Modern Group Power Systems, 200 Allied Parkway,,West Berlin,NJ ,08091,USA,,800-404-7291,"Sales,Service,Up To 2MW,Mobile/Diesel/Gas,"
11768,Industrial/Commercial Sales & Service,00010208021002,Modern Group Power Systems, 6352 Chapmans Rd,,Allentown,PA ,18106,USA,,800-404-7291,"Sales,Service,Up To 2MW,Mobile/Diesel/Gas,"
11768,Industrial/Commercial Sales & Service,00010000931002,"EMERGENCY POWER SYSTEMS, LLC", 35 HAMILTON LANE,,GLENMONT,NY ,12077,USA,,800-914-1465,"Service,Up To 2MW,Mobile/Diesel/Gas,"
11768,Industrial/Commercial Sales & Service,00010000931002,"EMERGENCY POWER SYSTEMS, LLC", 35 HAMILTON LANE,,GLENMONT,NY ,12077,USA,,800-914-1465,"Service,"
11768,Industrial/Commercial Sales & Service,00010001731002,AUTHORIZED SERVICES OF NEW ENGLAND, 410 FOREST STREET,,MARLBOROUGH,MA ,01752,USA,,888-890-9886,"Sales,"
11768,Industrial/Commercial Sales & Service,00010208021002,Modern Group Power Systems, 295 New Commerce Blvd.,,Wilkes Barre,PA ,18706,USA,,800-404-7291,"Sales,Service,Up To 2MW,Mobile/Diesel/Gas,"
11768,Industrial/Commercial Sales & Service,00010208021002,Modern Group Power Systems, 66A South Gate Blvd.,,New Castle,DE ,19720,USA,,800-404-7291,"Sales,Service,Up To 2MW,Mobile/Diesel/Gas,"
11768,Industrial/Commercial Sales & Service,00010208021002,Modern Group Power Systems, 3480 Board Road,,York,PA ,17402,USA,,800-404-7291,"Sales,Service,Up To 2MW,Mobile/Diesel/Gas,"
11768,Industrial/Commercial Sales & Service,00111209521002,LONG ISLAND EMERGENCY POWER -QO, 2 Ocean Avenue,,DEER PARK,NY ,11729,USA,,631-586-7513,"Sales,"
11768,Industrial/Commercial Sales & Service,00010001761002,"GENSERVE, INC.", 100 NEWTOWN RD,,PLAINVIEW,NY ,11803,USA,www.genserveinc.com,631-435-0437,"Service,"
11768,Industrial/Commercial Sales & Service,00010139211002,POWERPRO SERVICE CO. INC., 608 JOHNSON AVE. UNIT 6,,BOHEMIA,NY ,11716,USA,,631-567-2700,"Sales,Service,Up To 600kW,Mobile/Diesel/Gas,"
11768,Industrial/Commercial Sales & Service,00111209531002,HUNTINGTON POWER - LONG ISLAND, PO BOX 2040,,SHELTON,CT ,06484,USA,,631-586-7513,"Sales,"
11768,Industrial/Commercial Sales & Service,00010134071002,PEAK POWER SYSTEMS, 99 SPRAGUE AVENUE,,MIDDLETOWN,NY ,10940,USA,www.peakpowersystems.com,845-344-1975,"Sales,Service,Up To 600kW,Mobile/Diesel/Gas,Rental,"
11768,Industrial/Commercial Sales & Service,00010001761002,"GENSERVE, INC.", 115A TWINBRIDGE DR.,,PENNSAUKEN,NJ ,08110,USA,www.genserveinc.com,856-324-0459,"Service,"
11768,Industrial/Commercial Sales & Service,00010021101002,SOUTH SHORE GENERATOR INC-Quote, 2696A CRANBERRY HWY,,WAREHAM,MA ,02571,USA,,508-295-7336,"Sales,Service,Up To 600kW,Mobile/Diesel/Gas,"
11768,Industrial/Commercial Sales & Service,00010001621002,BROOKFIELD SERVICE, 708 GLEBE ROAD,,WESTMORELAND,NH ,03467,USA,www.brookfieldservice.com,802-485-6567,"Service,Up To 600kW,Mobile/Diesel/Gas,"
11768,Industrial/Commercial Sales & Service,00010001701002,SOUTH SHORE GENERATOR INC, ,,EAST WAREHAM,MA ,02538,USA,,508-295-7336,"Financing,Sales,Service,Up To 600kW,Mobile/Diesel/Gas,"
11768,Industrial/Commercial Sales & Service,00111184131002,HUNTER & LOMISON, 1956 W FOURTH ST,,WILLIAMSPORT,PA ,17701,USA,www.hunterlomison.com,570-326-1764,"Sales,Service,Up To 600kW,Mobile/Diesel/Gas,Rental,"
11768,Industrial/Commercial Sales & Service,00010000881002,HUNTER & LOMISON INC., 1956 W. 4TH STREET,,WILLIAMSPORT,PA ,17701,USA,www.hunterlomison.com,570-326-1764,"Service,Up To 600kW,Mobile/Diesel/Gas,"
11768,Industrial/Commercial Sales & Service,00111207431002,WARSHAUER ELECTRIC SUPPLY CO INC, 800 SHREWSBURY AVE,,TINTON FALLS,NJ ,07724,USA,www.warshauer.com,732-741-6400,"Service,"
11768,Industrial/Commercial Sales & Service,00010157021002,Mechanical Service Co, 1145 Oak St.,,Pittston,PA ,18640,USA,,570-654-2445,"Service,"
11769,Industrial/Commercial Sales & Service,00010001611002,Huntington Power, 230 Long Hill Cross Rd,,Shelton,CT ,06484,USA,www.huntingtonpower.com,203-929-3203,"Sales,Service,Up To 2MW,Mobile/Diesel/Gas,Training,Rental,"
11769,Industrial/Commercial Sales & Service,00010214161002,"R.L. KISTLER, INC.", 35 HAMILTON LANE,,GLENMONT,NY ,12077,USA,,585-436-1940,"Sales,Service,"
11769,Industrial/Commercial Sales & Service,00010214161002,"R.L. Kistler, Inc", 300 Mile Crossing Blvd.,,Rochester,NY ,14624,USA,rlkistler.com,585-436-1940,"Sales,"
11769,Industrial/Commercial Sales & Service,00010001611002,Huntington Power, 68 Enter Ln,,Islandia,NY ,11749,USA,,631-563-4943,"Sales,Service,Up To 2MW,Mobile/Diesel/Gas,"
11769,Industrial/Commercial Sales & Service,00010001611002,Huntington Power, 34 E DUDLEY TOWN RD.,,BLOOMFIELD,CT ,06002,USA,,860-289-8790,"Sales,Service,Rental,"
11769,Industrial/Commercial Sales & Service,00010214161002,"R.L. Kistler, Inc", 5615 Business Ave.,,N. Syracuse,NY ,13208,USA,,315-458-2875,"Sales,"
11769,Industrial/Commercial Sales & Service,00010214161002,"R.L. Kistler, Inc", 5615 Business Ave.,,N. Syracuse,NY ,13208,USA,,315-458-2875,"Sales,"
11769,Industrial/Commercial Sales & Service,00010208021002,Modern Group Power Systems, 2501 Durham Road,,Bristol,PA ,19007,USA,www.moderngroup.com,800-404-7291,"Sales,Service,Up To 2MW,Mobile/Diesel/Gas,Training,Rental,"
11769,Industrial/Commercial Sales & Service,00010001731002,Authorized Services Of New England, 410 Forest Street,,Marlborough,MA ,01752,USA,www.asne.com,888-890-9886,"Financing,Sales,Service,Up To 2MW,Mobile/Diesel/Gas,Training,Rental,"
11769,Industrial/Commercial Sales & Service,00010008091002,MODERN HANDLING EQUIP, 75 NEW STREET,,EDISON,NJ ,08837,USA,www.moderngroup.com,800-779-5116,"Sales,Service,Up To 2MW,Mobile/Diesel/Gas,"
11769,Industrial/Commercial Sales & Service,00010208021002,Modern Group Power Systems, 200 Allied Parkway,,West Berlin,NJ ,08091,USA,,800-404-7291,"Sales,Service,Up To 2MW,Mobile/Diesel/Gas,"
11769,Industrial/Commercial Sales & Service,00010208021002,Modern Group Power Systems, 6352 Chapmans Rd,,Allentown,PA ,18106,USA,,800-404-7291,"Sales,Service,Up To 2MW,Mobile/Diesel/Gas,"
11769,Industrial/Commercial Sales & Service,00010000931002,"EMERGENCY POWER SYSTEMS, LLC", 35 HAMILTON LANE,,GLENMONT,NY ,12077,USA,,800-914-1465,"Service,Up To 2MW,Mobile/Diesel/Gas,"
11769,Industrial/Commercial Sales & Service,00010000931002,"EMERGENCY POWER SYSTEMS, LLC", 35 HAMILTON LANE,,GLENMONT,NY ,12077,USA,,800-914-1465,"Service,"
11769,Industrial/Commercial Sales & Service,00010001731002,AUTHORIZED SERVICES OF NEW ENGLAND, 410 FOREST STREET,,MARLBOROUGH,MA ,01752,USA,,888-890-9886,"Sales,"
11769,Industrial/Commercial Sales & Service,00010208021002,Modern Group Power Systems, 295 New Commerce Blvd.,,Wilkes Barre,PA ,18706,USA,,800-404-7291,"Sales,Service,Up To 2MW,Mobile/Diesel/Gas,"
11769,Industrial/Commercial Sales & Service,00010208021002,Modern Group Power Systems, 66A South Gate Blvd.,,New Castle,DE ,19720,USA,,800-404-7291,"Sales,Service,Up To 2MW,Mobile/Diesel/Gas,"
11769,Industrial/Commercial Sales & Service,00010208021002,Modern Group Power Systems, 3480 Board Road,,York,PA ,17402,USA,,800-404-7291,"Sales,Service,Up To 2MW,Mobile/Diesel/Gas,"
11769,Industrial/Commercial Sales & Service,00010139211002,POWERPRO SERVICE CO. INC., 608 JOHNSON AVE. UNIT 6,,BOHEMIA,NY ,11716,USA,,631-567-2700,"Sales,Service,Up To 600kW,Mobile/Diesel/Gas,"
11769,Industrial/Commercial Sales & Service,00111209521002,LONG ISLAND EMERGENCY POWER -QO, 2 Ocean Avenue,,DEER PARK,NY ,11729,USA,,631-586-7513,"Sales,"
11769,Industrial/Commercial Sales & Service,00010001761002,"GENSERVE, INC.", 100 NEWTOWN RD,,PLAINVIEW,NY ,11803,USA,www.genserveinc.com,631-435-0437,"Service,"
11769,Industrial/Commercial Sales & Service,00111209531002,HUNTINGTON POWER - LONG ISLAND, PO BOX 2040,,SHELTON,CT ,06484,USA,,631-586-7513,"Sales,"
11769,Industrial/Commercial Sales & Service,00010134071002,PEAK POWER SYSTEMS, 99 SPRAGUE AVENUE,,MIDDLETOWN,NY ,10940,USA,www.peakpowersystems.com,845-344-1975,"Sales,Service,Up To 600kW,Mobile/Diesel/Gas,Rental,"
11769,Industrial/Commercial Sales & Service,00010001761002,"GENSERVE, INC.", 115A TWINBRIDGE DR.,,PENNSAUKEN,NJ ,08110,USA,www.genserveinc.com,856-324-0459,"Service,"
11769,Industrial/Commercial Sales & Service,00010021101002,SOUTH SHORE GENERATOR INC-Quote, 2696A CRANBERRY HWY,,WAREHAM,MA ,02571,USA,,508-295-7336,"Sales,Service,Up To 600kW,Mobile/Diesel/Gas,"
11769,Industrial/Commercial Sales & Service,00010001701002,SOUTH SHORE GENERATOR INC, ,,EAST WAREHAM,MA ,02538,USA,,508-295-7336,"Financing,Sales,Service,Up To 600kW,Mobile/Diesel/Gas,"
11769,Industrial/Commercial Sales & Service,00010001621002,BROOKFIELD SERVICE, 708 GLEBE ROAD,,WESTMORELAND,NH ,03467,USA,www.brookfieldservice.com,802-485-6567,"Service,Up To 600kW,Mobile/Diesel/Gas,"
11769,Industrial/Commercial Sales & Service,00111207431002,WARSHAUER ELECTRIC SUPPLY CO INC, 800 SHREWSBURY AVE,,TINTON FALLS,NJ ,07724,USA,www.warshauer.com,732-741-6400,"Service,"
11769,Industrial/Commercial Sales & Service,00010157021002,Mechanical Service Co, 1145 Oak St.,,Pittston,PA ,18640,USA,,570-654-2445,"Service,"
11770,Industrial/Commercial Sales & Service,00010214161002,"R.L. KISTLER, INC.", 35 HAMILTON LANE,,GLENMONT,NY ,12077,USA,,585-436-1940,"Sales,Service,"
11770,Industrial/Commercial Sales & Service,00010214161002,"R.L. Kistler, Inc", 300 Mile Crossing Blvd.,,Rochester,NY ,14624,USA,rlkistler.com,585-436-1940,"Sales,"
11770,Industrial/Commercial Sales & Service,00010001611002,Huntington Power, 230 Long Hill Cross Rd,,Shelton,CT ,06484,USA,www.huntingtonpower.com,203-929-3203,"Sales,Service,Up To 2MW,Mobile/Diesel/Gas,Training,Rental,"
11770,Industrial/Commercial Sales & Service,00010214161002,"R.L. Kistler, Inc", 5615 Business Ave.,,N. Syracuse,NY ,13208,USA,,315-458-2875,"Sales,"
11770,Industrial/Commercial Sales & Service,00010214161002,"R.L. Kistler, Inc", 5615 Business Ave.,,N. Syracuse,NY ,13208,USA,,315-458-2875,"Sales,"
11770,Industrial/Commercial Sales & Service,00010001611002,Huntington Power, 68 Enter Ln,,Islandia,NY ,11749,USA,,631-563-4943,"Sales,Service,Up To 2MW,Mobile/Diesel/Gas,"
11770,Industrial/Commercial Sales & Service,00010001611002,Huntington Power, 34 E DUDLEY TOWN RD.,,BLOOMFIELD,CT ,06002,USA,,860-289-8790,"Sales,Service,Rental,"
11770,Industrial/Commercial Sales & Service,00010208021002,Modern Group Power Systems, 2501 Durham Road,,Bristol,PA ,19007,USA,www.moderngroup.com,800-404-7291,"Sales,Service,Up To 2MW,Mobile/Diesel/Gas,Training,Rental,"
11770,Industrial/Commercial Sales & Service,00010001731002,Authorized Services Of New England, 410 Forest Street,,Marlborough,MA ,01752,USA,www.asne.com,888-890-9886,"Financing,Sales,Service,Up To 2MW,Mobile/Diesel/Gas,Training,Rental,"
11770,Industrial/Commercial Sales & Service,00010008091002,MODERN HANDLING EQUIP, 75 NEW STREET,,EDISON,NJ ,08837,USA,www.moderngroup.com,800-779-5116,"Sales,Service,Up To 2MW,Mobile/Diesel/Gas,"
11770,Industrial/Commercial Sales & Service,00010208021002,Modern Group Power Systems, 200 Allied Parkway,,West Berlin,NJ ,08091,USA,,800-404-7291,"Sales,Service,Up To 2MW,Mobile/Diesel/Gas,"
11770,Industrial/Commercial Sales & Service,00010208021002,Modern Group Power Systems, 6352 Chapmans Rd,,Allentown,PA ,18106,USA,,800-404-7291,"Sales,Service,Up To 2MW,Mobile/Diesel/Gas,"
11770,Industrial/Commercial Sales & Service,00010000931002,"EMERGENCY POWER SYSTEMS, LLC", 35 HAMILTON LANE,,GLENMONT,NY ,12077,USA,,800-914-1465,"Service,Up To 2MW,Mobile/Diesel/Gas,"
11770,Industrial/Commercial Sales & Service,00010000931002,"EMERGENCY POWER SYSTEMS, LLC", 35 HAMILTON LANE,,GLENMONT,NY ,12077,USA,,800-914-1465,"Service,"
11770,Industrial/Commercial Sales & Service,00010001731002,AUTHORIZED SERVICES OF NEW ENGLAND, 410 FOREST STREET,,MARLBOROUGH,MA ,01752,USA,,888-890-9886,"Sales,"
11770,Industrial/Commercial Sales & Service,00010208021002,Modern Group Power Systems, 66A South Gate Blvd.,,New Castle,DE ,19720,USA,,800-404-7291,"Sales,Service,Up To 2MW,Mobile/Diesel/Gas,"
11770,Industrial/Commercial Sales & Service,00010208021002,Modern Group Power Systems, 295 New Commerce Blvd.,,Wilkes Barre,PA ,18706,USA,,800-404-7291,"Sales,Service,Up To 2MW,Mobile/Diesel/Gas,"
11770,Industrial/Commercial Sales & Service,00010208021002,Modern Group Power Systems, 3480 Board Road,,York,PA ,17402,USA,,800-404-7291,"Sales,Service,Up To 2MW,Mobile/Diesel/Gas,"
11770,Industrial/Commercial Sales & Service,00010139211002,POWERPRO SERVICE CO. INC., 608 JOHNSON AVE. UNIT 6,,BOHEMIA,NY ,11716,USA,,631-567-2700,"Sales,Service,Up To 600kW,Mobile/Diesel/Gas,"
11770,Industrial/Commercial Sales & Service,00111209521002,LONG ISLAND EMERGENCY POWER -QO, 2 Ocean Avenue,,DEER PARK,NY ,11729,USA,,631-586-7513,"Sales,"
11770,Industrial/Commercial Sales & Service,00010001761002,"GENSERVE, INC.", 100 NEWTOWN RD,,PLAINVIEW,NY ,11803,USA,www.genserveinc.com,631-435-0437,"Service,"
11770,Industrial/Commercial Sales & Service,00111209531002,HUNTINGTON POWER - LONG ISLAND, PO BOX 2040,,SHELTON,CT ,06484,USA,,631-586-7513,"Sales,"
11770,Industrial/Commercial Sales & Service,00010134071002,PEAK POWER SYSTEMS, 99 SPRAGUE AVENUE,,MIDDLETOWN,NY ,10940,USA,www.peakpowersystems.com,845-344-1975,"Sales,Service,Up To 600kW,Mobile/Diesel/Gas,Rental,"
11770,Industrial/Commercial Sales & Service,00010001761002,"GENSERVE, INC.", 115A TWINBRIDGE DR.,,PENNSAUKEN,NJ ,08110,USA,www.genserveinc.com,856-324-0459,"Service,"
11770,Industrial/Commercial Sales & Service,00010021101002,SOUTH SHORE GENERATOR INC-Quote, 2696A CRANBERRY HWY,,WAREHAM,MA ,02571,USA,,508-295-7336,"Sales,Service,Up To 600kW,Mobile/Diesel/Gas,"
11770,Industrial/Commercial Sales & Service,00010001701002,SOUTH SHORE GENERATOR INC, ,,EAST WAREHAM,MA ,02538,USA,,508-295-7336,"Financing,Sales,Service,Up To 600kW,Mobile/Diesel/Gas,"
11770,Industrial/Commercial Sales & Service,00010001621002,BROOKFIELD SERVICE, 708 GLEBE ROAD,,WESTMORELAND,NH ,03467,USA,www.brookfieldservice.com,802-485-6567,"Service,Up To 600kW,Mobile/Diesel/Gas,"
11770,Industrial/Commercial Sales & Service,00111207431002,WARSHAUER ELECTRIC SUPPLY CO INC, 800 SHREWSBURY AVE,,TINTON FALLS,NJ ,07724,USA,www.warshauer.com,732-741-6400,"Service,"
11770,Industrial/Commercial Sales & Service,00010157021002,Mechanical Service Co, 1145 Oak St.,,Pittston,PA ,18640,USA,,570-654-2445,"Service,"
11771,Industrial/Commercial Sales & Service,00010001611002,Huntington Power, 230 Long Hill Cross Rd,,Shelton,CT ,06484,USA,www.huntingtonpower.com,203-929-3203,"Sales,Service,Up To 2MW,Mobile/Diesel/Gas,Training,Rental,"
11771,Industrial/Commercial Sales & Service,00010214161002,"R.L. KISTLER, INC.", 35 HAMILTON LANE,,GLENMONT,NY ,12077,USA,,585-436-1940,"Sales,Service,"
11771,Industrial/Commercial Sales & Service,00010214161002,"R.L. Kistler, Inc", 300 Mile Crossing Blvd.,,Rochester,NY ,14624,USA,rlkistler.com,585-436-1940,"Sales,"
11771,Industrial/Commercial Sales & Service,00010001611002,Huntington Power, 68 Enter Ln,,Islandia,NY ,11749,USA,,631-563-4943,"Sales,Service,Up To 2MW,Mobile/Diesel/Gas,"
11771,Industrial/Commercial Sales & Service,00010001611002,Huntington Power, 34 E DUDLEY TOWN RD.,,BLOOMFIELD,CT ,06002,USA,,860-289-8790,"Sales,Service,Rental,"
11771,Industrial/Commercial Sales & Service,00010214161002,"R.L. Kistler, Inc", 5615 Business Ave.,,N. Syracuse,NY ,13208,USA,,315-458-2875,"Sales,"
11771,Industrial/Commercial Sales & Service,00010214161002,"R.L. Kistler, Inc", 5615 Business Ave.,,N. Syracuse,NY ,13208,USA,,315-458-2875,"Sales,"
11771,Industrial/Commercial Sales & Service,00010208021002,Modern Group Power Systems, 2501 Durham Road,,Bristol,PA ,19007,USA,www.moderngroup.com,800-404-7291,"Sales,Service,Up To 2MW,Mobile/Diesel/Gas,Training,Rental,"
11771,Industrial/Commercial Sales & Service,00010001731002,Authorized Services Of New England, 410 Forest Street,,Marlborough,MA ,01752,USA,www.asne.com,888-890-9886,"Financing,Sales,Service,Up To 2MW,Mobile/Diesel/Gas,Training,Rental,"
11771,Industrial/Commercial Sales & Service,00010008091002,MODERN HANDLING EQUIP, 75 NEW STREET,,EDISON,NJ ,08837,USA,www.moderngroup.com,800-779-5116,"Sales,Service,Up To 2MW,Mobile/Diesel/Gas,"
11771,Industrial/Commercial Sales & Service,00010208021002,Modern Group Power Systems, 200 Allied Parkway,,West Berlin,NJ ,08091,USA,,800-404-7291,"Sales,Service,Up To 2MW,Mobile/Diesel/Gas,"
11771,Industrial/Commercial Sales & Service,00010208021002,Modern Group Power Systems, 6352 Chapmans Rd,,Allentown,PA ,18106,USA,,800-404-7291,"Sales,Service,Up To 2MW,Mobile/Diesel/Gas,"
11771,Industrial/Commercial Sales & Service,00010000931002,"EMERGENCY POWER SYSTEMS, LLC", 35 HAMILTON LANE,,GLENMONT,NY ,12077,USA,,800-914-1465,"Service,Up To 2MW,Mobile/Diesel/Gas,"
11771,Industrial/Commercial Sales & Service,00010000931002,"EMERGENCY POWER SYSTEMS, LLC", 35 HAMILTON LANE,,GLENMONT,NY ,12077,USA,,800-914-1465,"Service,"
11771,Industrial/Commercial Sales & Service,00010208021002,Modern Group Power Systems, 295 New Commerce Blvd.,,Wilkes Barre,PA ,18706,USA,,800-404-7291,"Sales,Service,Up To 2MW,Mobile/Diesel/Gas,"
11771,Industrial/Commercial Sales & Service,00010208021002,Modern Group Power Systems, 66A South Gate Blvd.,,New Castle,DE ,19720,USA,,800-404-7291,"Sales,Service,Up To 2MW,Mobile/Diesel/Gas,"
11771,Industrial/Commercial Sales & Service,00010001731002,AUTHORIZED SERVICES OF NEW ENGLAND, 410 FOREST STREET,,MARLBOROUGH,MA ,01752,USA,,888-890-9886,"Sales,"
11771,Industrial/Commercial Sales & Service,00010208021002,Modern Group Power Systems, 3480 Board Road,,York,PA ,17402,USA,,800-404-7291,"Sales,Service,Up To 2MW,Mobile/Diesel/Gas,"
11771,Industrial/Commercial Sales & Service,00010001761002,"GENSERVE, INC.", 100 NEWTOWN RD,,PLAINVIEW,NY ,11803,USA,www.genserveinc.com,631-435-0437,"Service,"
11771,Industrial/Commercial Sales & Service,00111209521002,LONG ISLAND EMERGENCY POWER -QO, 2 Ocean Avenue,,DEER PARK,NY ,11729,USA,,631-586-7513,"Sales,"
11771,Industrial/Commercial Sales & Service,00010139211002,POWERPRO SERVICE CO. INC., 608 JOHNSON AVE. UNIT 6,,BOHEMIA,NY ,11716,USA,,631-567-2700,"Sales,Service,Up To 600kW,Mobile/Diesel/Gas,"
11771,Industrial/Commercial Sales & Service,00111209531002,HUNTINGTON POWER - LONG ISLAND, PO BOX 2040,,SHELTON,CT ,06484,USA,,631-586-7513,"Sales,"
11771,Industrial/Commercial Sales & Service,00010134071002,PEAK POWER SYSTEMS, 99 SPRAGUE AVENUE,,MIDDLETOWN,NY ,10940,USA,www.peakpowersystems.com,845-344-1975,"Sales,Service,Up To 600kW,Mobile/Diesel/Gas,Rental,"
11771,Industrial/Commercial Sales & Service,00010001761002,"GENSERVE, INC.", 115A TWINBRIDGE DR.,,PENNSAUKEN,NJ ,08110,USA,www.genserveinc.com,856-324-0459,"Service,"
11771,Industrial/Commercial Sales & Service,00010001621002,BROOKFIELD SERVICE, 708 GLEBE ROAD,,WESTMORELAND,NH ,03467,USA,www.brookfieldservice.com,802-485-6567,"Service,Up To 600kW,Mobile/Diesel/Gas,"
11771,Industrial/Commercial Sales & Service,00010021101002,SOUTH SHORE GENERATOR INC-Quote, 2696A CRANBERRY HWY,,WAREHAM,MA ,02571,USA,,508-295-7336,"Sales,Service,Up To 600kW,Mobile/Diesel/Gas,"
11771,Industrial/Commercial Sales & Service,00010001701002,SOUTH SHORE GENERATOR INC, ,,EAST WAREHAM,MA ,02538,USA,,508-295-7336,"Financing,Sales,Service,Up To 600kW,Mobile/Diesel/Gas,"
11771,Industrial/Commercial Sales & Service,00111184131002,HUNTER & LOMISON, 1956 W FOURTH ST,,WILLIAMSPORT,PA ,17701,USA,www.hunterlomison.com,570-326-1764,"Sales,Service,Up To 600kW,Mobile/Diesel/Gas,Rental,"
11771,Industrial/Commercial Sales & Service,00010000881002,HUNTER & LOMISON INC., 1956 W. 4TH STREET,,WILLIAMSPORT,PA ,17701,USA,www.hunterlomison.com,570-326-1764,"Service,Up To 600kW,Mobile/Diesel/Gas,"
11771,Industrial/Commercial Sales & Service,00111207431002,WARSHAUER ELECTRIC SUPPLY CO INC, 800 SHREWSBURY AVE,,TINTON FALLS,NJ ,07724,USA,www.warshauer.com,732-741-6400,"Service,"
11771,Industrial/Commercial Sales & Service,00010157021002,Mechanical Service Co, 1145 Oak St.,,Pittston,PA ,18640,USA,,570-654-2445,"Service,"
11772,Industrial/Commercial Sales & Service,00010001611002,Huntington Power, 230 Long Hill Cross Rd,,Shelton,CT ,06484,USA,www.huntingtonpower.com,203-929-3203,"Sales,Service,Up To 2MW,Mobile/Diesel/Gas,Training,Rental,"
11772,Industrial/Commercial Sales & Service,00010214161002,"R.L. KISTLER, INC.", 35 HAMILTON LANE,,GLENMONT,NY ,12077,USA,,585-436-1940,"Sales,Service,"
11772,Industrial/Commercial Sales & Service,00010214161002,"R.L. Kistler, Inc", 300 Mile Crossing Blvd.,,Rochester,NY ,14624,USA,rlkistler.com,585-436-1940,"Sales,"
11772,Industrial/Commercial Sales & Service,00010001611002,Huntington Power, 68 Enter Ln,,Islandia,NY ,11749,USA,,631-563-4943,"Sales,Service,Up To 2MW,Mobile/Diesel/Gas,"
11772,Industrial/Commercial Sales & Service,00010001611002,Huntington Power, 34 E DUDLEY TOWN RD.,,BLOOMFIELD,CT ,06002,USA,,860-289-8790,"Sales,Service,Rental,"
11772,Industrial/Commercial Sales & Service,00010214161002,"R.L. Kistler, Inc", 5615 Business Ave.,,N. Syracuse,NY ,13208,USA,,315-458-2875,"Sales,"
11772,Industrial/Commercial Sales & Service,00010214161002,"R.L. Kistler, Inc", 5615 Business Ave.,,N. Syracuse,NY ,13208,USA,,315-458-2875,"Sales,"
11772,Industrial/Commercial Sales & Service,00010208021002,Modern Group Power Systems, 2501 Durham Road,,Bristol,PA ,19007,USA,www.moderngroup.com,800-404-7291,"Sales,Service,Up To 2MW,Mobile/Diesel/Gas,Training,Rental,"
11772,Industrial/Commercial Sales & Service,00010001731002,Authorized Services Of New England, 410 Forest Street,,Marlborough,MA ,01752,USA,www.asne.com,888-890-9886,"Financing,Sales,Service,Up To 2MW,Mobile/Diesel/Gas,Training,Rental,"
11772,Industrial/Commercial Sales & Service,00010008091002,MODERN HANDLING EQUIP, 75 NEW STREET,,EDISON,NJ ,08837,USA,www.moderngroup.com,800-779-5116,"Sales,Service,Up To 2MW,Mobile/Diesel/Gas,"
11772,Industrial/Commercial Sales & Service,00010208021002,Modern Group Power Systems, 200 Allied Parkway,,West Berlin,NJ ,08091,USA,,800-404-7291,"Sales,Service,Up To 2MW,Mobile/Diesel/Gas,"
11772,Industrial/Commercial Sales & Service,00010001731002,AUTHORIZED SERVICES OF NEW ENGLAND, 410 FOREST STREET,,MARLBOROUGH,MA ,01752,USA,,888-890-9886,"Sales,"
11772,Industrial/Commercial Sales & Service,00010000931002,"EMERGENCY POWER SYSTEMS, LLC", 35 HAMILTON LANE,,GLENMONT,NY ,12077,USA,,800-914-1465,"Service,Up To 2MW,Mobile/Diesel/Gas,"
11772,Industrial/Commercial Sales & Service,00010000931002,"EMERGENCY POWER SYSTEMS, LLC", 35 HAMILTON LANE,,GLENMONT,NY ,12077,USA,,800-914-1465,"Service,"
11772,Industrial/Commercial Sales & Service,00010208021002,Modern Group Power Systems, 6352 Chapmans Rd,,Allentown,PA ,18106,USA,,800-404-7291,"Sales,Service,Up To 2MW,Mobile/Diesel/Gas,"
11772,Industrial/Commercial Sales & Service,00010208021002,Modern Group Power Systems, 295 New Commerce Blvd.,,Wilkes Barre,PA ,18706,USA,,800-404-7291,"Sales,Service,Up To 2MW,Mobile/Diesel/Gas,"
11772,Industrial/Commercial Sales & Service,00010208021002,Modern Group Power Systems, 66A South Gate Blvd.,,New Castle,DE ,19720,USA,,800-404-7291,"Sales,Service,Up To 2MW,Mobile/Diesel/Gas,"
11772,Industrial/Commercial Sales & Service,00010139211002,POWERPRO SERVICE CO. INC., 608 JOHNSON AVE. UNIT 6,,BOHEMIA,NY ,11716,USA,,631-567-2700,"Sales,Service,Up To 600kW,Mobile/Diesel/Gas,"
11772,Industrial/Commercial Sales & Service,00111209521002,LONG ISLAND EMERGENCY POWER -QO, 2 Ocean Avenue,,DEER PARK,NY ,11729,USA,,631-586-7513,"Sales,"
11772,Industrial/Commercial Sales & Service,00010001761002,"GENSERVE, INC.", 100 NEWTOWN RD,,PLAINVIEW,NY ,11803,USA,www.genserveinc.com,631-435-0437,"Service,"
11772,Industrial/Commercial Sales & Service,00111209531002,HUNTINGTON POWER - LONG ISLAND, PO BOX 2040,,SHELTON,CT ,06484,USA,,631-586-7513,"Sales,"
11772,Industrial/Commercial Sales & Service,00010134071002,PEAK POWER SYSTEMS, 99 SPRAGUE AVENUE,,MIDDLETOWN,NY ,10940,USA,www.peakpowersystems.com,845-344-1975,"Sales,Service,Up To 600kW,Mobile/Diesel/Gas,Rental,"
11772,Industrial/Commercial Sales & Service,00010001761002,"GENSERVE, INC.", 115A TWINBRIDGE DR.,,PENNSAUKEN,NJ ,08110,USA,www.genserveinc.com,856-324-0459,"Service,"
11772,Industrial/Commercial Sales & Service,00010021101002,SOUTH SHORE GENERATOR INC-Quote, 2696A CRANBERRY HWY,,WAREHAM,MA ,02571,USA,,508-295-7336,"Sales,Service,Up To 600kW,Mobile/Diesel/Gas,"
11772,Industrial/Commercial Sales & Service,00010001701002,SOUTH SHORE GENERATOR INC, ,,EAST WAREHAM,MA ,02538,USA,,508-295-7336,"Financing,Sales,Service,Up To 600kW,Mobile/Diesel/Gas,"
11772,Industrial/Commercial Sales & Service,00010001621002,BROOKFIELD SERVICE, 708 GLEBE ROAD,,WESTMORELAND,NH ,03467,USA,www.brookfieldservice.com,802-485-6567,"Service,Up To 600kW,Mobile/Diesel/Gas,"
11772,Industrial/Commercial Sales & Service,00111207431002,WARSHAUER ELECTRIC SUPPLY CO INC, 800 SHREWSBURY AVE,,TINTON FALLS,NJ ,07724,USA,www.warshauer.com,732-741-6400,"Service,"
11772,Industrial/Commercial Sales & Service,00010157021002,Mechanical Service Co, 1145 Oak St.,,Pittston,PA ,18640,USA,,570-654-2445,"Service,"
11773,Industrial/Commercial Sales & Service,00010214161002,"R.L. Kistler, Inc", 300 Mile Crossing Blvd.,,Rochester,NY ,14624,USA,rlkistler.com,585-436-1940,"Sales,"
11773,Industrial/Commercial Sales & Service,00010214161002,"R.L. KISTLER, INC.", 35 HAMILTON LANE,,GLENMONT,NY ,12077,USA,,585-436-1940,"Sales,Service,"
11773,Industrial/Commercial Sales & Service,00010001611002,Huntington Power, 230 Long Hill Cross Rd,,Shelton,CT ,06484,USA,www.huntingtonpower.com,203-929-3203,"Sales,Service,Up To 2MW,Mobile/Diesel/Gas,Training,Rental,"
11773,Industrial/Commercial Sales & Service,00010214161002,"R.L. Kistler, Inc", 5615 Business Ave.,,N. Syracuse,NY ,13208,USA,,315-458-2875,"Sales,"
11773,Industrial/Commercial Sales & Service,00010214161002,"R.L. Kistler, Inc", 5615 Business Ave.,,N. Syracuse,NY ,13208,USA,,315-458-2875,"Sales,"
11773,Industrial/Commercial Sales & Service,00010001611002,Huntington Power, 68 Enter Ln,,Islandia,NY ,11749,USA,,631-563-4943,"Sales,Service,Up To 2MW,Mobile/Diesel/Gas,"
11773,Industrial/Commercial Sales & Service,00010001611002,Huntington Power, 34 E DUDLEY TOWN RD.,,BLOOMFIELD,CT ,06002,USA,,860-289-8790,"Sales,Service,Rental,"
11773,Industrial/Commercial Sales & Service,00010208021002,Modern Group Power Systems, 2501 Durham Road,,Bristol,PA ,19007,USA,www.moderngroup.com,800-404-7291,"Sales,Service,Up To 2MW,Mobile/Diesel/Gas,Training,Rental,"
11773,Industrial/Commercial Sales & Service,00010001731002,Authorized Services Of New England, 410 Forest Street,,Marlborough,MA ,01752,USA,www.asne.com,888-890-9886,"Financing,Sales,Service,Up To 2MW,Mobile/Diesel/Gas,Training,Rental,"
11773,Industrial/Commercial Sales & Service,00010008091002,MODERN HANDLING EQUIP, 75 NEW STREET,,EDISON,NJ ,08837,USA,www.moderngroup.com,800-779-5116,"Sales,Service,Up To 2MW,Mobile/Diesel/Gas,"
11773,Industrial/Commercial Sales & Service,00010208021002,Modern Group Power Systems, 200 Allied Parkway,,West Berlin,NJ ,08091,USA,,800-404-7291,"Sales,Service,Up To 2MW,Mobile/Diesel/Gas,"
11773,Industrial/Commercial Sales & Service,00010208021002,Modern Group Power Systems, 6352 Chapmans Rd,,Allentown,PA ,18106,USA,,800-404-7291,"Sales,Service,Up To 2MW,Mobile/Diesel/Gas,"
11773,Industrial/Commercial Sales & Service,00010000931002,"EMERGENCY POWER SYSTEMS, LLC", 35 HAMILTON LANE,,GLENMONT,NY ,12077,USA,,800-914-1465,"Service,Up To 2MW,Mobile/Diesel/Gas,"
11773,Industrial/Commercial Sales & Service,00010000931002,"EMERGENCY POWER SYSTEMS, LLC", 35 HAMILTON LANE,,GLENMONT,NY ,12077,USA,,800-914-1465,"Service,"
11773,Industrial/Commercial Sales & Service,00010208021002,Modern Group Power Systems, 295 New Commerce Blvd.,,Wilkes Barre,PA ,18706,USA,,800-404-7291,"Sales,Service,Up To 2MW,Mobile/Diesel/Gas,"
11773,Industrial/Commercial Sales & Service,00010208021002,Modern Group Power Systems, 66A South Gate Blvd.,,New Castle,DE ,19720,USA,,800-404-7291,"Sales,Service,Up To 2MW,Mobile/Diesel/Gas,"
11773,Industrial/Commercial Sales & Service,00010001731002,AUTHORIZED SERVICES OF NEW ENGLAND, 410 FOREST STREET,,MARLBOROUGH,MA ,01752,USA,,888-890-9886,"Sales,"
11773,Industrial/Commercial Sales & Service,00010208021002,Modern Group Power Systems, 3480 Board Road,,York,PA ,17402,USA,,800-404-7291,"Sales,Service,Up To 2MW,Mobile/Diesel/Gas,"
11773,Industrial/Commercial Sales & Service,00010001761002,"GENSERVE, INC.", 100 NEWTOWN RD,,PLAINVIEW,NY ,11803,USA,www.genserveinc.com,631-435-0437,"Service,"
11773,Industrial/Commercial Sales & Service,00111209521002,LONG ISLAND EMERGENCY POWER -QO, 2 Ocean Avenue,,DEER PARK,NY ,11729,USA,,631-586-7513,"Sales,"
11773,Industrial/Commercial Sales & Service,00010139211002,POWERPRO SERVICE CO. INC., 608 JOHNSON AVE. UNIT 6,,BOHEMIA,NY ,11716,USA,,631-567-2700,"Sales,Service,Up To 600kW,Mobile/Diesel/Gas,"
11773,Industrial/Commercial Sales & Service,00111209531002,HUNTINGTON POWER - LONG ISLAND, PO BOX 2040,,SHELTON,CT ,06484,USA,,631-586-7513,"Sales,"
11773,Industrial/Commercial Sales & Service,00010134071002,PEAK POWER SYSTEMS, 99 SPRAGUE AVENUE,,MIDDLETOWN,NY ,10940,USA,www.peakpowersystems.com,845-344-1975,"Sales,Service,Up To 600kW,Mobile/Diesel/Gas,Rental,"
11773,Industrial/Commercial Sales & Service,00010001761002,"GENSERVE, INC.", 115A TWINBRIDGE DR.,,PENNSAUKEN,NJ ,08110,USA,www.genserveinc.com,856-324-0459,"Service,"
11773,Industrial/Commercial Sales & Service,00010001621002,BROOKFIELD SERVICE, 708 GLEBE ROAD,,WESTMORELAND,NH ,03467,USA,www.brookfieldservice.com,802-485-6567,"Service,Up To 600kW,Mobile/Diesel/Gas,"
11773,Industrial/Commercial Sales & Service,00010021101002,SOUTH SHORE GENERATOR INC-Quote, 2696A CRANBERRY HWY,,WAREHAM,MA ,02571,USA,,508-295-7336,"Sales,Service,Up To 600kW,Mobile/Diesel/Gas,"
11773,Industrial/Commercial Sales & Service,00010001701002,SOUTH SHORE GENERATOR INC, ,,EAST WAREHAM,MA ,02538,USA,,508-295-7336,"Financing,Sales,Service,Up To 600kW,Mobile/Diesel/Gas,"
11773,Industrial/Commercial Sales & Service,00111184131002,HUNTER & LOMISON, 1956 W FOURTH ST,,WILLIAMSPORT,PA ,17701,USA,www.hunterlomison.com,570-326-1764,"Sales,Service,Up To 600kW,Mobile/Diesel/Gas,Rental,"
11773,Industrial/Commercial Sales & Service,00010000881002,HUNTER & LOMISON INC., 1956 W. 4TH STREET,,WILLIAMSPORT,PA ,17701,USA,www.hunterlomison.com,570-326-1764,"Service,Up To 600kW,Mobile/Diesel/Gas,"
11773,Industrial/Commercial Sales & Service,00111207431002,WARSHAUER ELECTRIC SUPPLY CO INC, 800 SHREWSBURY AVE,,TINTON FALLS,NJ ,07724,USA,www.warshauer.com,732-741-6400,"Service,"
11773,Industrial/Commercial Sales & Service,00010157021002,Mechanical Service Co, 1145 Oak St.,,Pittston,PA ,18640,USA,,570-654-2445,"Service,"
11775,Industrial/Commercial Sales & Service,00010214161002,"R.L. Kistler, Inc", 300 Mile Crossing Blvd.,,Rochester,NY ,14624,USA,rlkistler.com,585-436-1940,"Sales,"
11775,Industrial/Commercial Sales & Service,00010214161002,"R.L. KISTLER, INC.", 35 HAMILTON LANE,,GLENMONT,NY ,12077,USA,,585-436-1940,"Sales,Service,"
11775,Industrial/Commercial Sales & Service,00010001611002,Huntington Power, 230 Long Hill Cross Rd,,Shelton,CT ,06484,USA,www.huntingtonpower.com,203-929-3203,"Sales,Service,Up To 2MW,Mobile/Diesel/Gas,Training,Rental,"
11775,Industrial/Commercial Sales & Service,00010214161002,"R.L. Kistler, Inc", 5615 Business Ave.,,N. Syracuse,NY ,13208,USA,,315-458-2875,"Sales,"
11775,Industrial/Commercial Sales & Service,00010214161002,"R.L. Kistler, Inc", 5615 Business Ave.,,N. Syracuse,NY ,13208,USA,,315-458-2875,"Sales,"
11775,Industrial/Commercial Sales & Service,00010001611002,Huntington Power, 68 Enter Ln,,Islandia,NY ,11749,USA,,631-563-4943,"Sales,Service,Up To 2MW,Mobile/Diesel/Gas,"
11775,Industrial/Commercial Sales & Service,00010001611002,Huntington Power, 34 E DUDLEY TOWN RD.,,BLOOMFIELD,CT ,06002,USA,,860-289-8790,"Sales,Service,Rental,"
11775,Industrial/Commercial Sales & Service,00010208021002,Modern Group Power Systems, 2501 Durham Road,,Bristol,PA ,19007,USA,www.moderngroup.com,800-404-7291,"Sales,Service,Up To 2MW,Mobile/Diesel/Gas,Training,Rental,"
11775,Industrial/Commercial Sales & Service,00010001731002,Authorized Services Of New England, 410 Forest Street,,Marlborough,MA ,01752,USA,www.asne.com,888-890-9886,"Financing,Sales,Service,Up To 2MW,Mobile/Diesel/Gas,Training,Rental,"
11775,Industrial/Commercial Sales & Service,00010008091002,MODERN HANDLING EQUIP, 75 NEW STREET,,EDISON,NJ ,08837,USA,www.moderngroup.com,800-779-5116,"Sales,Service,Up To 2MW,Mobile/Diesel/Gas,"
11775,Industrial/Commercial Sales & Service,00010208021002,Modern Group Power Systems, 200 Allied Parkway,,West Berlin,NJ ,08091,USA,,800-404-7291,"Sales,Service,Up To 2MW,Mobile/Diesel/Gas,"
11775,Industrial/Commercial Sales & Service,00010208021002,Modern Group Power Systems, 6352 Chapmans Rd,,Allentown,PA ,18106,USA,,800-404-7291,"Sales,Service,Up To 2MW,Mobile/Diesel/Gas,"
11775,Industrial/Commercial Sales & Service,00010000931002,"EMERGENCY POWER SYSTEMS, LLC", 35 HAMILTON LANE,,GLENMONT,NY ,12077,USA,,800-914-1465,"Service,Up To 2MW,Mobile/Diesel/Gas,"
11775,Industrial/Commercial Sales & Service,00010000931002,"EMERGENCY POWER SYSTEMS, LLC", 35 HAMILTON LANE,,GLENMONT,NY ,12077,USA,,800-914-1465,"Service,"
11775,Industrial/Commercial Sales & Service,00010208021002,Modern Group Power Systems, 295 New Commerce Blvd.,,Wilkes Barre,PA ,18706,USA,,800-404-7291,"Sales,Service,Up To 2MW,Mobile/Diesel/Gas,"
11775,Industrial/Commercial Sales & Service,00010208021002,Modern Group Power Systems, 66A South Gate Blvd.,,New Castle,DE ,19720,USA,,800-404-7291,"Sales,Service,Up To 2MW,Mobile/Diesel/Gas,"
11775,Industrial/Commercial Sales & Service,00010001731002,AUTHORIZED SERVICES OF NEW ENGLAND, 410 FOREST STREET,,MARLBOROUGH,MA ,01752,USA,,888-890-9886,"Sales,"
11775,Industrial/Commercial Sales & Service,00010208021002,Modern Group Power Systems, 3480 Board Road,,York,PA ,17402,USA,,800-404-7291,"Sales,Service,Up To 2MW,Mobile/Diesel/Gas,"
11775,Industrial/Commercial Sales & Service,00010001761002,"GENSERVE, INC.", 100 NEWTOWN RD,,PLAINVIEW,NY ,11803,USA,www.genserveinc.com,631-435-0437,"Service,"
11775,Industrial/Commercial Sales & Service,00111209521002,LONG ISLAND EMERGENCY POWER -QO, 2 Ocean Avenue,,DEER PARK,NY ,11729,USA,,631-586-7513,"Sales,"
11775,Industrial/Commercial Sales & Service,00010139211002,POWERPRO SERVICE CO. INC., 608 JOHNSON AVE. UNIT 6,,BOHEMIA,NY ,11716,USA,,631-567-2700,"Sales,Service,Up To 600kW,Mobile/Diesel/Gas,"
11775,Industrial/Commercial Sales & Service,00111209531002,HUNTINGTON POWER - LONG ISLAND, PO BOX 2040,,SHELTON,CT ,06484,USA,,631-586-7513,"Sales,"
11775,Industrial/Commercial Sales & Service,00010134071002,PEAK POWER SYSTEMS, 99 SPRAGUE AVENUE,,MIDDLETOWN,NY ,10940,USA,www.peakpowersystems.com,845-344-1975,"Sales,Service,Up To 600kW,Mobile/Diesel/Gas,Rental,"
11775,Industrial/Commercial Sales & Service,00010001761002,"GENSERVE, INC.", 115A TWINBRIDGE DR.,,PENNSAUKEN,NJ ,08110,USA,www.genserveinc.com,856-324-0459,"Service,"
11775,Industrial/Commercial Sales & Service,00010021101002,SOUTH SHORE GENERATOR INC-Quote, 2696A CRANBERRY HWY,,WAREHAM,MA ,02571,USA,,508-295-7336,"Sales,Service,Up To 600kW,Mobile/Diesel/Gas,"
11775,Industrial/Commercial Sales & Service,00010001621002,BROOKFIELD SERVICE, 708 GLEBE ROAD,,WESTMORELAND,NH ,03467,USA,www.brookfieldservice.com,802-485-6567,"Service,Up To 600kW,Mobile/Diesel/Gas,"
11775,Industrial/Commercial Sales & Service,00010001701002,SOUTH SHORE GENERATOR INC, ,,EAST WAREHAM,MA ,02538,USA,,508-295-7336,"Financing,Sales,Service,Up To 600kW,Mobile/Diesel/Gas,"
11775,Industrial/Commercial Sales & Service,00111184131002,HUNTER & LOMISON, 1956 W FOURTH ST,,WILLIAMSPORT,PA ,17701,USA,www.hunterlomison.com,570-326-1764,"Sales,Service,Up To 600kW,Mobile/Diesel/Gas,Rental,"
11775,Industrial/Commercial Sales & Service,00010000881002,HUNTER & LOMISON INC., 1956 W. 4TH STREET,,WILLIAMSPORT,PA ,17701,USA,www.hunterlomison.com,570-326-1764,"Service,Up To 600kW,Mobile/Diesel/Gas,"
11775,Industrial/Commercial Sales & Service,00111207431002,WARSHAUER ELECTRIC SUPPLY CO INC, 800 SHREWSBURY AVE,,TINTON FALLS,NJ ,07724,USA,www.warshauer.com,732-741-6400,"Service,"
11775,Industrial/Commercial Sales & Service,00010157021002,Mechanical Service Co, 1145 Oak St.,,Pittston,PA ,18640,USA,,570-654-2445,"Service,"
11776,Industrial/Commercial Sales & Service,00010001611002,Huntington Power, 230 Long Hill Cross Rd,,Shelton,CT ,06484,USA,www.huntingtonpower.com,203-929-3203,"Sales,Service,Up To 2MW,Mobile/Diesel/Gas,Training,Rental,"
11776,Industrial/Commercial Sales & Service,00010214161002,"R.L. KISTLER, INC.", 35 HAMILTON LANE,,GLENMONT,NY ,12077,USA,,585-436-1940,"Sales,Service,"
11776,Industrial/Commercial Sales & Service,00010214161002,"R.L. Kistler, Inc", 300 Mile Crossing Blvd.,,Rochester,NY ,14624,USA,rlkistler.com,585-436-1940,"Sales,"
11776,Industrial/Commercial Sales & Service,00010001611002,Huntington Power, 68 Enter Ln,,Islandia,NY ,11749,USA,,631-563-4943,"Sales,Service,Up To 2MW,Mobile/Diesel/Gas,"
11776,Industrial/Commercial Sales & Service,00010001611002,Huntington Power, 34 E DUDLEY TOWN RD.,,BLOOMFIELD,CT ,06002,USA,,860-289-8790,"Sales,Service,Rental,"
11776,Industrial/Commercial Sales & Service,00010214161002,"R.L. Kistler, Inc", 5615 Business Ave.,,N. Syracuse,NY ,13208,USA,,315-458-2875,"Sales,"
11776,Industrial/Commercial Sales & Service,00010214161002,"R.L. Kistler, Inc", 5615 Business Ave.,,N. Syracuse,NY ,13208,USA,,315-458-2875,"Sales,"
11776,Industrial/Commercial Sales & Service,00010208021002,Modern Group Power Systems, 2501 Durham Road,,Bristol,PA ,19007,USA,www.moderngroup.com,800-404-7291,"Sales,Service,Up To 2MW,Mobile/Diesel/Gas,Training,Rental,"
11776,Industrial/Commercial Sales & Service,00010001731002,Authorized Services Of New England, 410 Forest Street,,Marlborough,MA ,01752,USA,www.asne.com,888-890-9886,"Financing,Sales,Service,Up To 2MW,Mobile/Diesel/Gas,Training,Rental,"
11776,Industrial/Commercial Sales & Service,00010008091002,MODERN HANDLING EQUIP, 75 NEW STREET,,EDISON,NJ ,08837,USA,www.moderngroup.com,800-779-5116,"Sales,Service,Up To 2MW,Mobile/Diesel/Gas,"
11776,Industrial/Commercial Sales & Service,00010000931002,"EMERGENCY POWER SYSTEMS, LLC", 35 HAMILTON LANE,,GLENMONT,NY ,12077,USA,,800-914-1465,"Service,Up To 2MW,Mobile/Diesel/Gas,"
11776,Industrial/Commercial Sales & Service,00010000931002,"EMERGENCY POWER SYSTEMS, LLC", 35 HAMILTON LANE,,GLENMONT,NY ,12077,USA,,800-914-1465,"Service,"
11776,Industrial/Commercial Sales & Service,00010208021002,Modern Group Power Systems, 200 Allied Parkway,,West Berlin,NJ ,08091,USA,,800-404-7291,"Sales,Service,Up To 2MW,Mobile/Diesel/Gas,"
11776,Industrial/Commercial Sales & Service,00010001731002,AUTHORIZED SERVICES OF NEW ENGLAND, 410 FOREST STREET,,MARLBOROUGH,MA ,01752,USA,,888-890-9886,"Sales,"
11776,Industrial/Commercial Sales & Service,00010208021002,Modern Group Power Systems, 6352 Chapmans Rd,,Allentown,PA ,18106,USA,,800-404-7291,"Sales,Service,Up To 2MW,Mobile/Diesel/Gas,"
11776,Industrial/Commercial Sales & Service,00010208021002,Modern Group Power Systems, 295 New Commerce Blvd.,,Wilkes Barre,PA ,18706,USA,,800-404-7291,"Sales,Service,Up To 2MW,Mobile/Diesel/Gas,"
11776,Industrial/Commercial Sales & Service,00010208021002,Modern Group Power Systems, 66A South Gate Blvd.,,New Castle,DE ,19720,USA,,800-404-7291,"Sales,Service,Up To 2MW,Mobile/Diesel/Gas,"
11776,Industrial/Commercial Sales & Service,00010139211002,POWERPRO SERVICE CO. INC., 608 JOHNSON AVE. UNIT 6,,BOHEMIA,NY ,11716,USA,,631-567-2700,"Sales,Service,Up To 600kW,Mobile/Diesel/Gas,"
11776,Industrial/Commercial Sales & Service,00111209521002,LONG ISLAND EMERGENCY POWER -QO, 2 Ocean Avenue,,DEER PARK,NY ,11729,USA,,631-586-7513,"Sales,"
11776,Industrial/Commercial Sales & Service,00010001761002,"GENSERVE, INC.", 100 NEWTOWN RD,,PLAINVIEW,NY ,11803,USA,www.genserveinc.com,631-435-0437,"Service,"
11776,Industrial/Commercial Sales & Service,00111209531002,HUNTINGTON POWER - LONG ISLAND, PO BOX 2040,,SHELTON,CT ,06484,USA,,631-586-7513,"Sales,"
11776,Industrial/Commercial Sales & Service,00010134071002,PEAK POWER SYSTEMS, 99 SPRAGUE AVENUE,,MIDDLETOWN,NY ,10940,USA,www.peakpowersystems.com,845-344-1975,"Sales,Service,Up To 600kW,Mobile/Diesel/Gas,Rental,"
11776,Industrial/Commercial Sales & Service,00010001761002,"GENSERVE, INC.", 115A TWINBRIDGE DR.,,PENNSAUKEN,NJ ,08110,USA,www.genserveinc.com,856-324-0459,"Service,"
11776,Industrial/Commercial Sales & Service,00010021101002,SOUTH SHORE GENERATOR INC-Quote, 2696A CRANBERRY HWY,,WAREHAM,MA ,02571,USA,,508-295-7336,"Sales,Service,Up To 600kW,Mobile/Diesel/Gas,"
11776,Industrial/Commercial Sales & Service,00010001701002,SOUTH SHORE GENERATOR INC, ,,EAST WAREHAM,MA ,02538,USA,,508-295-7336,"Financing,Sales,Service,Up To 600kW,Mobile/Diesel/Gas,"
11776,Industrial/Commercial Sales & Service,00010001621002,BROOKFIELD SERVICE, 708 GLEBE ROAD,,WESTMORELAND,NH ,03467,USA,www.brookfieldservice.com,802-485-6567,"Service,Up To 600kW,Mobile/Diesel/Gas,"
11776,Industrial/Commercial Sales & Service,00111207431002,WARSHAUER ELECTRIC SUPPLY CO INC, 800 SHREWSBURY AVE,,TINTON FALLS,NJ ,07724,USA,www.warshauer.com,732-741-6400,"Service,"
11776,Industrial/Commercial Sales & Service,00010157021002,Mechanical Service Co, 1145 Oak St.,,Pittston,PA ,18640,USA,,570-654-2445,"Service,"
11777,Industrial/Commercial Sales & Service,00010214161002,"R.L. KISTLER, INC.", 35 HAMILTON LANE,,GLENMONT,NY ,12077,USA,,585-436-1940,"Sales,Service,"
11777,Industrial/Commercial Sales & Service,00010001611002,Huntington Power, 230 Long Hill Cross Rd,,Shelton,CT ,06484,USA,www.huntingtonpower.com,203-929-3203,"Sales,Service,Up To 2MW,Mobile/Diesel/Gas,Training,Rental,"
11777,Industrial/Commercial Sales & Service,00010214161002,"R.L. Kistler, Inc", 300 Mile Crossing Blvd.,,Rochester,NY ,14624,USA,rlkistler.com,585-436-1940,"Sales,"
11777,Industrial/Commercial Sales & Service,00010214161002,"R.L. Kistler, Inc", 5615 Business Ave.,,N. Syracuse,NY ,13208,USA,,315-458-2875,"Sales,"
11777,Industrial/Commercial Sales & Service,00010001611002,Huntington Power, 68 Enter Ln,,Islandia,NY ,11749,USA,,631-563-4943,"Sales,Service,Up To 2MW,Mobile/Diesel/Gas,"
11777,Industrial/Commercial Sales & Service,00010001611002,Huntington Power, 34 E DUDLEY TOWN RD.,,BLOOMFIELD,CT ,06002,USA,,860-289-8790,"Sales,Service,Rental,"
11777,Industrial/Commercial Sales & Service,00010214161002,"R.L. Kistler, Inc", 5615 Business Ave.,,N. Syracuse,NY ,13208,USA,,315-458-2875,"Sales,"
11777,Industrial/Commercial Sales & Service,00010208021002,Modern Group Power Systems, 2501 Durham Road,,Bristol,PA ,19007,USA,www.moderngroup.com,800-404-7291,"Sales,Service,Up To 2MW,Mobile/Diesel/Gas,Training,Rental,"
11777,Industrial/Commercial Sales & Service,00010001731002,Authorized Services Of New England, 410 Forest Street,,Marlborough,MA ,01752,USA,www.asne.com,888-890-9886,"Financing,Sales,Service,Up To 2MW,Mobile/Diesel/Gas,Training,Rental,"
11777,Industrial/Commercial Sales & Service,00010008091002,MODERN HANDLING EQUIP, 75 NEW STREET,,EDISON,NJ ,08837,USA,www.moderngroup.com,800-779-5116,"Sales,Service,Up To 2MW,Mobile/Diesel/Gas,"
11777,Industrial/Commercial Sales & Service,00010000931002,"EMERGENCY POWER SYSTEMS, LLC", 35 HAMILTON LANE,,GLENMONT,NY ,12077,USA,,800-914-1465,"Service,Up To 2MW,Mobile/Diesel/Gas,"
11777,Industrial/Commercial Sales & Service,00010000931002,"EMERGENCY POWER SYSTEMS, LLC", 35 HAMILTON LANE,,GLENMONT,NY ,12077,USA,,800-914-1465,"Service,"
11777,Industrial/Commercial Sales & Service,00010001731002,AUTHORIZED SERVICES OF NEW ENGLAND, 410 FOREST STREET,,MARLBOROUGH,MA ,01752,USA,,888-890-9886,"Sales,"
11777,Industrial/Commercial Sales & Service,00010208021002,Modern Group Power Systems, 200 Allied Parkway,,West Berlin,NJ ,08091,USA,,800-404-7291,"Sales,Service,Up To 2MW,Mobile/Diesel/Gas,"
11777,Industrial/Commercial Sales & Service,00010208021002,Modern Group Power Systems, 6352 Chapmans Rd,,Allentown,PA ,18106,USA,,800-404-7291,"Sales,Service,Up To 2MW,Mobile/Diesel/Gas,"
11777,Industrial/Commercial Sales & Service,00010208021002,Modern Group Power Systems, 295 New Commerce Blvd.,,Wilkes Barre,PA ,18706,USA,,800-404-7291,"Sales,Service,Up To 2MW,Mobile/Diesel/Gas,"
11777,Industrial/Commercial Sales & Service,00010208021002,Modern Group Power Systems, 66A South Gate Blvd.,,New Castle,DE ,19720,USA,,800-404-7291,"Sales,Service,Up To 2MW,Mobile/Diesel/Gas,"
11777,Industrial/Commercial Sales & Service,00010139211002,POWERPRO SERVICE CO. INC., 608 JOHNSON AVE. UNIT 6,,BOHEMIA,NY ,11716,USA,,631-567-2700,"Sales,Service,Up To 600kW,Mobile/Diesel/Gas,"
11777,Industrial/Commercial Sales & Service,00111209521002,LONG ISLAND EMERGENCY POWER -QO, 2 Ocean Avenue,,DEER PARK,NY ,11729,USA,,631-586-7513,"Sales,"
11777,Industrial/Commercial Sales & Service,00010001761002,"GENSERVE, INC.", 100 NEWTOWN RD,,PLAINVIEW,NY ,11803,USA,www.genserveinc.com,631-435-0437,"Service,"
11777,Industrial/Commercial Sales & Service,00111209531002,HUNTINGTON POWER - LONG ISLAND, PO BOX 2040,,SHELTON,CT ,06484,USA,,631-586-7513,"Sales,"
11777,Industrial/Commercial Sales & Service,00010134071002,PEAK POWER SYSTEMS, 99 SPRAGUE AVENUE,,MIDDLETOWN,NY ,10940,USA,www.peakpowersystems.com,845-344-1975,"Sales,Service,Up To 600kW,Mobile/Diesel/Gas,Rental,"
11777,Industrial/Commercial Sales & Service,00010001761002,"GENSERVE, INC.", 115A TWINBRIDGE DR.,,PENNSAUKEN,NJ ,08110,USA,www.genserveinc.com,856-324-0459,"Service,"
11777,Industrial/Commercial Sales & Service,00010021101002,SOUTH SHORE GENERATOR INC-Quote, 2696A CRANBERRY HWY,,WAREHAM,MA ,02571,USA,,508-295-7336,"Sales,Service,Up To 600kW,Mobile/Diesel/Gas,"
11777,Industrial/Commercial Sales & Service,00010001701002,SOUTH SHORE GENERATOR INC, ,,EAST WAREHAM,MA ,02538,USA,,508-295-7336,"Financing,Sales,Service,Up To 600kW,Mobile/Diesel/Gas,"
11777,Industrial/Commercial Sales & Service,00010001621002,BROOKFIELD SERVICE, 708 GLEBE ROAD,,WESTMORELAND,NH ,03467,USA,www.brookfieldservice.com,802-485-6567,"Service,Up To 600kW,Mobile/Diesel/Gas,"
11777,Industrial/Commercial Sales & Service,00111207431002,WARSHAUER ELECTRIC SUPPLY CO INC, 800 SHREWSBURY AVE,,TINTON FALLS,NJ ,07724,USA,www.warshauer.com,732-741-6400,"Service,"
11777,Industrial/Commercial Sales & Service,00010157021002,Mechanical Service Co, 1145 Oak St.,,Pittston,PA ,18640,USA,,570-654-2445,"Service,"
11778,Industrial/Commercial Sales & Service,00010214161002,"R.L. Kistler, Inc", 300 Mile Crossing Blvd.,,Rochester,NY ,14624,USA,rlkistler.com,585-436-1940,"Sales,"
11778,Industrial/Commercial Sales & Service,00010214161002,"R.L. KISTLER, INC.", 35 HAMILTON LANE,,GLENMONT,NY ,12077,USA,,585-436-1940,"Sales,Service,"
11778,Industrial/Commercial Sales & Service,00010001611002,Huntington Power, 230 Long Hill Cross Rd,,Shelton,CT ,06484,USA,www.huntingtonpower.com,203-929-3203,"Sales,Service,Up To 2MW,Mobile/Diesel/Gas,Training,Rental,"
11778,Industrial/Commercial Sales & Service,00010214161002,"R.L. Kistler, Inc", 5615 Business Ave.,,N. Syracuse,NY ,13208,USA,,315-458-2875,"Sales,"
11778,Industrial/Commercial Sales & Service,00010214161002,"R.L. Kistler, Inc", 5615 Business Ave.,,N. Syracuse,NY ,13208,USA,,315-458-2875,"Sales,"
11778,Industrial/Commercial Sales & Service,00010001611002,Huntington Power, 68 Enter Ln,,Islandia,NY ,11749,USA,,631-563-4943,"Sales,Service,Up To 2MW,Mobile/Diesel/Gas,"
11778,Industrial/Commercial Sales & Service,00010001611002,Huntington Power, 34 E DUDLEY TOWN RD.,,BLOOMFIELD,CT ,06002,USA,,860-289-8790,"Sales,Service,Rental,"
11778,Industrial/Commercial Sales & Service,00010208021002,Modern Group Power Systems, 2501 Durham Road,,Bristol,PA ,19007,USA,www.moderngroup.com,800-404-7291,"Sales,Service,Up To 2MW,Mobile/Diesel/Gas,Training,Rental,"
11778,Industrial/Commercial Sales & Service,00010001731002,Authorized Services Of New England, 410 Forest Street,,Marlborough,MA ,01752,USA,www.asne.com,888-890-9886,"Financing,Sales,Service,Up To 2MW,Mobile/Diesel/Gas,Training,Rental,"
11778,Industrial/Commercial Sales & Service,00010008091002,MODERN HANDLING EQUIP, 75 NEW STREET,,EDISON,NJ ,08837,USA,www.moderngroup.com,800-779-5116,"Sales,Service,Up To 2MW,Mobile/Diesel/Gas,"
11778,Industrial/Commercial Sales & Service,00010001731002,AUTHORIZED SERVICES OF NEW ENGLAND, 410 FOREST STREET,,MARLBOROUGH,MA ,01752,USA,,888-890-9886,"Sales,"
11778,Industrial/Commercial Sales & Service,00010000931002,"EMERGENCY POWER SYSTEMS, LLC", 35 HAMILTON LANE,,GLENMONT,NY ,12077,USA,,800-914-1465,"Service,Up To 2MW,Mobile/Diesel/Gas,"
11778,Industrial/Commercial Sales & Service,00010000931002,"EMERGENCY POWER SYSTEMS, LLC", 35 HAMILTON LANE,,GLENMONT,NY ,12077,USA,,800-914-1465,"Service,"
11778,Industrial/Commercial Sales & Service,00010208021002,Modern Group Power Systems, 200 Allied Parkway,,West Berlin,NJ ,08091,USA,,800-404-7291,"Sales,Service,Up To 2MW,Mobile/Diesel/Gas,"
11778,Industrial/Commercial Sales & Service,00010208021002,Modern Group Power Systems, 6352 Chapmans Rd,,Allentown,PA ,18106,USA,,800-404-7291,"Sales,Service,Up To 2MW,Mobile/Diesel/Gas,"
11778,Industrial/Commercial Sales & Service,00010208021002,Modern Group Power Systems, 295 New Commerce Blvd.,,Wilkes Barre,PA ,18706,USA,,800-404-7291,"Sales,Service,Up To 2MW,Mobile/Diesel/Gas,"
11778,Industrial/Commercial Sales & Service,00010208021002,Modern Group Power Systems, 66A South Gate Blvd.,,New Castle,DE ,19720,USA,,800-404-7291,"Sales,Service,Up To 2MW,Mobile/Diesel/Gas,"
11778,Industrial/Commercial Sales & Service,00010139211002,POWERPRO SERVICE CO. INC., 608 JOHNSON AVE. UNIT 6,,BOHEMIA,NY ,11716,USA,,631-567-2700,"Sales,Service,Up To 600kW,Mobile/Diesel/Gas,"
11778,Industrial/Commercial Sales & Service,00111209521002,LONG ISLAND EMERGENCY POWER -QO, 2 Ocean Avenue,,DEER PARK,NY ,11729,USA,,631-586-7513,"Sales,"
11778,Industrial/Commercial Sales & Service,00111209531002,HUNTINGTON POWER - LONG ISLAND, PO BOX 2040,,SHELTON,CT ,06484,USA,,631-586-7513,"Sales,"
11778,Industrial/Commercial Sales & Service,00010001761002,"GENSERVE, INC.", 100 NEWTOWN RD,,PLAINVIEW,NY ,11803,USA,www.genserveinc.com,631-435-0437,"Service,"
11778,Industrial/Commercial Sales & Service,00010134071002,PEAK POWER SYSTEMS, 99 SPRAGUE AVENUE,,MIDDLETOWN,NY ,10940,USA,www.peakpowersystems.com,845-344-1975,"Sales,Service,Up To 600kW,Mobile/Diesel/Gas,Rental,"
11778,Industrial/Commercial Sales & Service,00010021101002,SOUTH SHORE GENERATOR INC-Quote, 2696A CRANBERRY HWY,,WAREHAM,MA ,02571,USA,,508-295-7336,"Sales,Service,Up To 600kW,Mobile/Diesel/Gas,"
11778,Industrial/Commercial Sales & Service,00010001761002,"GENSERVE, INC.", 115A TWINBRIDGE DR.,,PENNSAUKEN,NJ ,08110,USA,www.genserveinc.com,856-324-0459,"Service,"
11778,Industrial/Commercial Sales & Service,00010001701002,SOUTH SHORE GENERATOR INC, ,,EAST WAREHAM,MA ,02538,USA,,508-295-7336,"Financing,Sales,Service,Up To 600kW,Mobile/Diesel/Gas,"
11778,Industrial/Commercial Sales & Service,00010001621002,BROOKFIELD SERVICE, 708 GLEBE ROAD,,WESTMORELAND,NH ,03467,USA,www.brookfieldservice.com,802-485-6567,"Service,Up To 600kW,Mobile/Diesel/Gas,"
11778,Industrial/Commercial Sales & Service,00111207431002,WARSHAUER ELECTRIC SUPPLY CO INC, 800 SHREWSBURY AVE,,TINTON FALLS,NJ ,07724,USA,www.warshauer.com,732-741-6400,"Service,"
11778,Industrial/Commercial Sales & Service,00010157021002,Mechanical Service Co, 1145 Oak St.,,Pittston,PA ,18640,USA,,570-654-2445,"Service,"
11779,Industrial/Commercial Sales & Service,00010001611002,Huntington Power, 230 Long Hill Cross Rd,,Shelton,CT ,06484,USA,www.huntingtonpower.com,203-929-3203,"Sales,Service,Up To 2MW,Mobile/Diesel/Gas,Training,Rental,"
11779,Industrial/Commercial Sales & Service,00010214161002,"R.L. KISTLER, INC.", 35 HAMILTON LANE,,GLENMONT,NY ,12077,USA,,585-436-1940,"Sales,Service,"
11779,Industrial/Commercial Sales & Service,00010214161002,"R.L. Kistler, Inc", 300 Mile Crossing Blvd.,,Rochester,NY ,14624,USA,rlkistler.com,585-436-1940,"Sales,"
11779,Industrial/Commercial Sales & Service,00010001611002,Huntington Power, 68 Enter Ln,,Islandia,NY ,11749,USA,,631-563-4943,"Sales,Service,Up To 2MW,Mobile/Diesel/Gas,"
11779,Industrial/Commercial Sales & Service,00010001611002,Huntington Power, 34 E DUDLEY TOWN RD.,,BLOOMFIELD,CT ,06002,USA,,860-289-8790,"Sales,Service,Rental,"
11779,Industrial/Commercial Sales & Service,00010214161002,"R.L. Kistler, Inc", 5615 Business Ave.,,N. Syracuse,NY ,13208,USA,,315-458-2875,"Sales,"
11779,Industrial/Commercial Sales & Service,00010214161002,"R.L. Kistler, Inc", 5615 Business Ave.,,N. Syracuse,NY ,13208,USA,,315-458-2875,"Sales,"
11779,Industrial/Commercial Sales & Service,00010208021002,Modern Group Power Systems, 2501 Durham Road,,Bristol,PA ,19007,USA,www.moderngroup.com,800-404-7291,"Sales,Service,Up To 2MW,Mobile/Diesel/Gas,Training,Rental,"
11779,Industrial/Commercial Sales & Service,00010001731002,Authorized Services Of New England, 410 Forest Street,,Marlborough,MA ,01752,USA,www.asne.com,888-890-9886,"Financing,Sales,Service,Up To 2MW,Mobile/Diesel/Gas,Training,Rental,"
11779,Industrial/Commercial Sales & Service,00010008091002,MODERN HANDLING EQUIP, 75 NEW STREET,,EDISON,NJ ,08837,USA,www.moderngroup.com,800-779-5116,"Sales,Service,Up To 2MW,Mobile/Diesel/Gas,"
11779,Industrial/Commercial Sales & Service,00010208021002,Modern Group Power Systems, 200 Allied Parkway,,West Berlin,NJ ,08091,USA,,800-404-7291,"Sales,Service,Up To 2MW,Mobile/Diesel/Gas,"
11779,Industrial/Commercial Sales & Service,00010208021002,Modern Group Power Systems, 6352 Chapmans Rd,,Allentown,PA ,18106,USA,,800-404-7291,"Sales,Service,Up To 2MW,Mobile/Diesel/Gas,"
11779,Industrial/Commercial Sales & Service,00010000931002,"EMERGENCY POWER SYSTEMS, LLC", 35 HAMILTON LANE,,GLENMONT,NY ,12077,USA,,800-914-1465,"Service,Up To 2MW,Mobile/Diesel/Gas,"
11779,Industrial/Commercial Sales & Service,00010000931002,"EMERGENCY POWER SYSTEMS, LLC", 35 HAMILTON LANE,,GLENMONT,NY ,12077,USA,,800-914-1465,"Service,"
11779,Industrial/Commercial Sales & Service,00010001731002,AUTHORIZED SERVICES OF NEW ENGLAND, 410 FOREST STREET,,MARLBOROUGH,MA ,01752,USA,,888-890-9886,"Sales,"
11779,Industrial/Commercial Sales & Service,00010208021002,Modern Group Power Systems, 295 New Commerce Blvd.,,Wilkes Barre,PA ,18706,USA,,800-404-7291,"Sales,Service,Up To 2MW,Mobile/Diesel/Gas,"
11779,Industrial/Commercial Sales & Service,00010208021002,Modern Group Power Systems, 66A South Gate Blvd.,,New Castle,DE ,19720,USA,,800-404-7291,"Sales,Service,Up To 2MW,Mobile/Diesel/Gas,"
11779,Industrial/Commercial Sales & Service,00010208021002,Modern Group Power Systems, 3480 Board Road,,York,PA ,17402,USA,,800-404-7291,"Sales,Service,Up To 2MW,Mobile/Diesel/Gas,"
11779,Industrial/Commercial Sales & Service,00010139211002,POWERPRO SERVICE CO. INC., 608 JOHNSON AVE. UNIT 6,,BOHEMIA,NY ,11716,USA,,631-567-2700,"Sales,Service,Up To 600kW,Mobile/Diesel/Gas,"
11779,Industrial/Commercial Sales & Service,00111209521002,LONG ISLAND EMERGENCY POWER -QO, 2 Ocean Avenue,,DEER PARK,NY ,11729,USA,,631-586-7513,"Sales,"
11779,Industrial/Commercial Sales & Service,00010001761002,"GENSERVE, INC.", 100 NEWTOWN RD,,PLAINVIEW,NY ,11803,USA,www.genserveinc.com,631-435-0437,"Service,"
11779,Industrial/Commercial Sales & Service,00111209531002,HUNTINGTON POWER - LONG ISLAND, PO BOX 2040,,SHELTON,CT ,06484,USA,,631-586-7513,"Sales,"
11779,Industrial/Commercial Sales & Service,00010134071002,PEAK POWER SYSTEMS, 99 SPRAGUE AVENUE,,MIDDLETOWN,NY ,10940,USA,www.peakpowersystems.com,845-344-1975,"Sales,Service,Up To 600kW,Mobile/Diesel/Gas,Rental,"
11779,Industrial/Commercial Sales & Service,00010001761002,"GENSERVE, INC.", 115A TWINBRIDGE DR.,,PENNSAUKEN,NJ ,08110,USA,www.genserveinc.com,856-324-0459,"Service,"
11779,Industrial/Commercial Sales & Service,00010021101002,SOUTH SHORE GENERATOR INC-Quote, 2696A CRANBERRY HWY,,WAREHAM,MA ,02571,USA,,508-295-7336,"Sales,Service,Up To 600kW,Mobile/Diesel/Gas,"
11779,Industrial/Commercial Sales & Service,00010001701002,SOUTH SHORE GENERATOR INC, ,,EAST WAREHAM,MA ,02538,USA,,508-295-7336,"Financing,Sales,Service,Up To 600kW,Mobile/Diesel/Gas,"
11779,Industrial/Commercial Sales & Service,00010001621002,BROOKFIELD SERVICE, 708 GLEBE ROAD,,WESTMORELAND,NH ,03467,USA,www.brookfieldservice.com,802-485-6567,"Service,Up To 600kW,Mobile/Diesel/Gas,"
11779,Industrial/Commercial Sales & Service,00111207431002,WARSHAUER ELECTRIC SUPPLY CO INC, 800 SHREWSBURY AVE,,TINTON FALLS,NJ ,07724,USA,www.warshauer.com,732-741-6400,"Service,"
11779,Industrial/Commercial Sales & Service,00010157021002,Mechanical Service Co, 1145 Oak St.,,Pittston,PA ,18640,USA,,570-654-2445,"Service,"
11780,Industrial/Commercial Sales & Service,00010001611002,Huntington Power, 230 Long Hill Cross Rd,,Shelton,CT ,06484,USA,www.huntingtonpower.com,203-929-3203,"Sales,Service,Up To 2MW,Mobile/Diesel/Gas,Training,Rental,"
11780,Industrial/Commercial Sales & Service,00010214161002,"R.L. Kistler, Inc", 300 Mile Crossing Blvd.,,Rochester,NY ,14624,USA,rlkistler.com,585-436-1940,"Sales,"
11780,Industrial/Commercial Sales & Service,00010214161002,"R.L. KISTLER, INC.", 35 HAMILTON LANE,,GLENMONT,NY ,12077,USA,,585-436-1940,"Sales,Service,"
11780,Industrial/Commercial Sales & Service,00010001611002,Huntington Power, 68 Enter Ln,,Islandia,NY ,11749,USA,,631-563-4943,"Sales,Service,Up To 2MW,Mobile/Diesel/Gas,"
11780,Industrial/Commercial Sales & Service,00010001611002,Huntington Power, 34 E DUDLEY TOWN RD.,,BLOOMFIELD,CT ,06002,USA,,860-289-8790,"Sales,Service,Rental,"
11780,Industrial/Commercial Sales & Service,00010214161002,"R.L. Kistler, Inc", 5615 Business Ave.,,N. Syracuse,NY ,13208,USA,,315-458-2875,"Sales,"
11780,Industrial/Commercial Sales & Service,00010214161002,"R.L. Kistler, Inc", 5615 Business Ave.,,N. Syracuse,NY ,13208,USA,,315-458-2875,"Sales,"
11780,Industrial/Commercial Sales & Service,00010208021002,Modern Group Power Systems, 2501 Durham Road,,Bristol,PA ,19007,USA,www.moderngroup.com,800-404-7291,"Sales,Service,Up To 2MW,Mobile/Diesel/Gas,Training,Rental,"
11780,Industrial/Commercial Sales & Service,00010001731002,Authorized Services Of New England, 410 Forest Street,,Marlborough,MA ,01752,USA,www.asne.com,888-890-9886,"Financing,Sales,Service,Up To 2MW,Mobile/Diesel/Gas,Training,Rental,"
11780,Industrial/Commercial Sales & Service,00010008091002,MODERN HANDLING EQUIP, 75 NEW STREET,,EDISON,NJ ,08837,USA,www.moderngroup.com,800-779-5116,"Sales,Service,Up To 2MW,Mobile/Diesel/Gas,"
11780,Industrial/Commercial Sales & Service,00010208021002,Modern Group Power Systems, 200 Allied Parkway,,West Berlin,NJ ,08091,USA,,800-404-7291,"Sales,Service,Up To 2MW,Mobile/Diesel/Gas,"
11780,Industrial/Commercial Sales & Service,00010000931002,"EMERGENCY POWER SYSTEMS, LLC", 35 HAMILTON LANE,,GLENMONT,NY ,12077,USA,,800-914-1465,"Service,Up To 2MW,Mobile/Diesel/Gas,"
11780,Industrial/Commercial Sales & Service,00010000931002,"EMERGENCY POWER SYSTEMS, LLC", 35 HAMILTON LANE,,GLENMONT,NY ,12077,USA,,800-914-1465,"Service,"
11780,Industrial/Commercial Sales & Service,00010208021002,Modern Group Power Systems, 6352 Chapmans Rd,,Allentown,PA ,18106,USA,,800-404-7291,"Sales,Service,Up To 2MW,Mobile/Diesel/Gas,"
11780,Industrial/Commercial Sales & Service,00010001731002,AUTHORIZED SERVICES OF NEW ENGLAND, 410 FOREST STREET,,MARLBOROUGH,MA ,01752,USA,,888-890-9886,"Sales,"
11780,Industrial/Commercial Sales & Service,00010208021002,Modern Group Power Systems, 295 New Commerce Blvd.,,Wilkes Barre,PA ,18706,USA,,800-404-7291,"Sales,Service,Up To 2MW,Mobile/Diesel/Gas,"
11780,Industrial/Commercial Sales & Service,00010208021002,Modern Group Power Systems, 66A South Gate Blvd.,,New Castle,DE ,19720,USA,,800-404-7291,"Sales,Service,Up To 2MW,Mobile/Diesel/Gas,"
11780,Industrial/Commercial Sales & Service,00010208021002,Modern Group Power Systems, 3480 Board Road,,York,PA ,17402,USA,,800-404-7291,"Sales,Service,Up To 2MW,Mobile/Diesel/Gas,"
11780,Industrial/Commercial Sales & Service,00010139211002,POWERPRO SERVICE CO. INC., 608 JOHNSON AVE. UNIT 6,,BOHEMIA,NY ,11716,USA,,631-567-2700,"Sales,Service,Up To 600kW,Mobile/Diesel/Gas,"
11780,Industrial/Commercial Sales & Service,00111209521002,LONG ISLAND EMERGENCY POWER -QO, 2 Ocean Avenue,,DEER PARK,NY ,11729,USA,,631-586-7513,"Sales,"
11780,Industrial/Commercial Sales & Service,00010001761002,"GENSERVE, INC.", 100 NEWTOWN RD,,PLAINVIEW,NY ,11803,USA,www.genserveinc.com,631-435-0437,"Service,"
11780,Industrial/Commercial Sales & Service,00111209531002,HUNTINGTON POWER - LONG ISLAND, PO BOX 2040,,SHELTON,CT ,06484,USA,,631-586-7513,"Sales,"
11780,Industrial/Commercial Sales & Service,00010134071002,PEAK POWER SYSTEMS, 99 SPRAGUE AVENUE,,MIDDLETOWN,NY ,10940,USA,www.peakpowersystems.com,845-344-1975,"Sales,Service,Up To 600kW,Mobile/Diesel/Gas,Rental,"
11780,Industrial/Commercial Sales & Service,00010001761002,"GENSERVE, INC.", 115A TWINBRIDGE DR.,,PENNSAUKEN,NJ ,08110,USA,www.genserveinc.com,856-324-0459,"Service,"
11780,Industrial/Commercial Sales & Service,00010021101002,SOUTH SHORE GENERATOR INC-Quote, 2696A CRANBERRY HWY,,WAREHAM,MA ,02571,USA,,508-295-7336,"Sales,Service,Up To 600kW,Mobile/Diesel/Gas,"
11780,Industrial/Commercial Sales & Service,00010001701002,SOUTH SHORE GENERATOR INC, ,,EAST WAREHAM,MA ,02538,USA,,508-295-7336,"Financing,Sales,Service,Up To 600kW,Mobile/Diesel/Gas,"
11780,Industrial/Commercial Sales & Service,00010001621002,BROOKFIELD SERVICE, 708 GLEBE ROAD,,WESTMORELAND,NH ,03467,USA,www.brookfieldservice.com,802-485-6567,"Service,Up To 600kW,Mobile/Diesel/Gas,"
11780,Industrial/Commercial Sales & Service,00111207431002,WARSHAUER ELECTRIC SUPPLY CO INC, 800 SHREWSBURY AVE,,TINTON FALLS,NJ ,07724,USA,www.warshauer.com,732-741-6400,"Service,"
11780,Industrial/Commercial Sales & Service,00010157021002,Mechanical Service Co, 1145 Oak St.,,Pittston,PA ,18640,USA,,570-654-2445,"Service,"
11782,Industrial/Commercial Sales & Service,00010214161002,"R.L. KISTLER, INC.", 35 HAMILTON LANE,,GLENMONT,NY ,12077,USA,,585-436-1940,"Sales,Service,"
11782,Industrial/Commercial Sales & Service,00010214161002,"R.L. Kistler, Inc", 300 Mile Crossing Blvd.,,Rochester,NY ,14624,USA,rlkistler.com,585-436-1940,"Sales,"
11782,Industrial/Commercial Sales & Service,00010001611002,Huntington Power, 230 Long Hill Cross Rd,,Shelton,CT ,06484,USA,www.huntingtonpower.com,203-929-3203,"Sales,Service,Up To 2MW,Mobile/Diesel/Gas,Training,Rental,"
11782,Industrial/Commercial Sales & Service,00010214161002,"R.L. Kistler, Inc", 5615 Business Ave.,,N. Syracuse,NY ,13208,USA,,315-458-2875,"Sales,"
11782,Industrial/Commercial Sales & Service,00010214161002,"R.L. Kistler, Inc", 5615 Business Ave.,,N. Syracuse,NY ,13208,USA,,315-458-2875,"Sales,"
11782,Industrial/Commercial Sales & Service,00010001611002,Huntington Power, 68 Enter Ln,,Islandia,NY ,11749,USA,,631-563-4943,"Sales,Service,Up To 2MW,Mobile/Diesel/Gas,"
11782,Industrial/Commercial Sales & Service,00010001611002,Huntington Power, 34 E DUDLEY TOWN RD.,,BLOOMFIELD,CT ,06002,USA,,860-289-8790,"Sales,Service,Rental,"
11782,Industrial/Commercial Sales & Service,00010208021002,Modern Group Power Systems, 2501 Durham Road,,Bristol,PA ,19007,USA,www.moderngroup.com,800-404-7291,"Sales,Service,Up To 2MW,Mobile/Diesel/Gas,Training,Rental,"
11782,Industrial/Commercial Sales & Service,00010001731002,Authorized Services Of New England, 410 Forest Street,,Marlborough,MA ,01752,USA,www.asne.com,888-890-9886,"Financing,Sales,Service,Up To 2MW,Mobile/Diesel/Gas,Training,Rental,"
11782,Industrial/Commercial Sales & Service,00010008091002,MODERN HANDLING EQUIP, 75 NEW STREET,,EDISON,NJ ,08837,USA,www.moderngroup.com,800-779-5116,"Sales,Service,Up To 2MW,Mobile/Diesel/Gas,"
11782,Industrial/Commercial Sales & Service,00010208021002,Modern Group Power Systems, 200 Allied Parkway,,West Berlin,NJ ,08091,USA,,800-404-7291,"Sales,Service,Up To 2MW,Mobile/Diesel/Gas,"
11782,Industrial/Commercial Sales & Service,00010208021002,Modern Group Power Systems, 6352 Chapmans Rd,,Allentown,PA ,18106,USA,,800-404-7291,"Sales,Service,Up To 2MW,Mobile/Diesel/Gas,"
11782,Industrial/Commercial Sales & Service,00010000931002,"EMERGENCY POWER SYSTEMS, LLC", 35 HAMILTON LANE,,GLENMONT,NY ,12077,USA,,800-914-1465,"Service,Up To 2MW,Mobile/Diesel/Gas,"
11782,Industrial/Commercial Sales & Service,00010000931002,"EMERGENCY POWER SYSTEMS, LLC", 35 HAMILTON LANE,,GLENMONT,NY ,12077,USA,,800-914-1465,"Service,"
11782,Industrial/Commercial Sales & Service,00010001731002,AUTHORIZED SERVICES OF NEW ENGLAND, 410 FOREST STREET,,MARLBOROUGH,MA ,01752,USA,,888-890-9886,"Sales,"
11782,Industrial/Commercial Sales & Service,00010208021002,Modern Group Power Systems, 66A South Gate Blvd.,,New Castle,DE ,19720,USA,,800-404-7291,"Sales,Service,Up To 2MW,Mobile/Diesel/Gas,"
11782,Industrial/Commercial Sales & Service,00010208021002,Modern Group Power Systems, 295 New Commerce Blvd.,,Wilkes Barre,PA ,18706,USA,,800-404-7291,"Sales,Service,Up To 2MW,Mobile/Diesel/Gas,"
11782,Industrial/Commercial Sales & Service,00010208021002,Modern Group Power Systems, 3480 Board Road,,York,PA ,17402,USA,,800-404-7291,"Sales,Service,Up To 2MW,Mobile/Diesel/Gas,"
11782,Industrial/Commercial Sales & Service,00010139211002,POWERPRO SERVICE CO. INC., 608 JOHNSON AVE. UNIT 6,,BOHEMIA,NY ,11716,USA,,631-567-2700,"Sales,Service,Up To 600kW,Mobile/Diesel/Gas,"
11782,Industrial/Commercial Sales & Service,00111209521002,LONG ISLAND EMERGENCY POWER -QO, 2 Ocean Avenue,,DEER PARK,NY ,11729,USA,,631-586-7513,"Sales,"
11782,Industrial/Commercial Sales & Service,00010001761002,"GENSERVE, INC.", 100 NEWTOWN RD,,PLAINVIEW,NY ,11803,USA,www.genserveinc.com,631-435-0437,"Service,"
11782,Industrial/Commercial Sales & Service,00111209531002,HUNTINGTON POWER - LONG ISLAND, PO BOX 2040,,SHELTON,CT ,06484,USA,,631-586-7513,"Sales,"
11782,Industrial/Commercial Sales & Service,00010134071002,PEAK POWER SYSTEMS, 99 SPRAGUE AVENUE,,MIDDLETOWN,NY ,10940,USA,www.peakpowersystems.com,845-344-1975,"Sales,Service,Up To 600kW,Mobile/Diesel/Gas,Rental,"
11782,Industrial/Commercial Sales & Service,00010001761002,"GENSERVE, INC.", 115A TWINBRIDGE DR.,,PENNSAUKEN,NJ ,08110,USA,www.genserveinc.com,856-324-0459,"Service,"
11782,Industrial/Commercial Sales & Service,00010021101002,SOUTH SHORE GENERATOR INC-Quote, 2696A CRANBERRY HWY,,WAREHAM,MA ,02571,USA,,508-295-7336,"Sales,Service,Up To 600kW,Mobile/Diesel/Gas,"
11782,Industrial/Commercial Sales & Service,00010001701002,SOUTH SHORE GENERATOR INC, ,,EAST WAREHAM,MA ,02538,USA,,508-295-7336,"Financing,Sales,Service,Up To 600kW,Mobile/Diesel/Gas,"
11782,Industrial/Commercial Sales & Service,00010001621002,BROOKFIELD SERVICE, 708 GLEBE ROAD,,WESTMORELAND,NH ,03467,USA,www.brookfieldservice.com,802-485-6567,"Service,Up To 600kW,Mobile/Diesel/Gas,"
11782,Industrial/Commercial Sales & Service,00111207431002,WARSHAUER ELECTRIC SUPPLY CO INC, 800 SHREWSBURY AVE,,TINTON FALLS,NJ ,07724,USA,www.warshauer.com,732-741-6400,"Service,"
11782,Industrial/Commercial Sales & Service,00010157021002,Mechanical Service Co, 1145 Oak St.,,Pittston,PA ,18640,USA,,570-654-2445,"Service,"
11783,Industrial/Commercial Sales & Service,00010001611002,Huntington Power, 230 Long Hill Cross Rd,,Shelton,CT ,06484,USA,www.huntingtonpower.com,203-929-3203,"Sales,Service,Up To 2MW,Mobile/Diesel/Gas,Training,Rental,"
11783,Industrial/Commercial Sales & Service,00010214161002,"R.L. KISTLER, INC.", 35 HAMILTON LANE,,GLENMONT,NY ,12077,USA,,585-436-1940,"Sales,Service,"
11783,Industrial/Commercial Sales & Service,00010214161002,"R.L. Kistler, Inc", 300 Mile Crossing Blvd.,,Rochester,NY ,14624,USA,rlkistler.com,585-436-1940,"Sales,"
11783,Industrial/Commercial Sales & Service,00010001611002,Huntington Power, 68 Enter Ln,,Islandia,NY ,11749,USA,,631-563-4943,"Sales,Service,Up To 2MW,Mobile/Diesel/Gas,"
11783,Industrial/Commercial Sales & Service,00010001611002,Huntington Power, 34 E DUDLEY TOWN RD.,,BLOOMFIELD,CT ,06002,USA,,860-289-8790,"Sales,Service,Rental,"
11783,Industrial/Commercial Sales & Service,00010214161002,"R.L. Kistler, Inc", 5615 Business Ave.,,N. Syracuse,NY ,13208,USA,,315-458-2875,"Sales,"
11783,Industrial/Commercial Sales & Service,00010214161002,"R.L. Kistler, Inc", 5615 Business Ave.,,N. Syracuse,NY ,13208,USA,,315-458-2875,"Sales,"
11783,Industrial/Commercial Sales & Service,00010208021002,Modern Group Power Systems, 2501 Durham Road,,Bristol,PA ,19007,USA,www.moderngroup.com,800-404-7291,"Sales,Service,Up To 2MW,Mobile/Diesel/Gas,Training,Rental,"
11783,Industrial/Commercial Sales & Service,00010001731002,Authorized Services Of New England, 410 Forest Street,,Marlborough,MA ,01752,USA,www.asne.com,888-890-9886,"Financing,Sales,Service,Up To 2MW,Mobile/Diesel/Gas,Training,Rental,"
11783,Industrial/Commercial Sales & Service,00010008091002,MODERN HANDLING EQUIP, 75 NEW STREET,,EDISON,NJ ,08837,USA,www.moderngroup.com,800-779-5116,"Sales,Service,Up To 2MW,Mobile/Diesel/Gas,"
11783,Industrial/Commercial Sales & Service,00010208021002,Modern Group Power Systems, 200 Allied Parkway,,West Berlin,NJ ,08091,USA,,800-404-7291,"Sales,Service,Up To 2MW,Mobile/Diesel/Gas,"
11783,Industrial/Commercial Sales & Service,00010208021002,Modern Group Power Systems, 6352 Chapmans Rd,,Allentown,PA ,18106,USA,,800-404-7291,"Sales,Service,Up To 2MW,Mobile/Diesel/Gas,"
11783,Industrial/Commercial Sales & Service,00010208021002,Modern Group Power Systems, 66A South Gate Blvd.,,New Castle,DE ,19720,USA,,800-404-7291,"Sales,Service,Up To 2MW,Mobile/Diesel/Gas,"
11783,Industrial/Commercial Sales & Service,00010000931002,"EMERGENCY POWER SYSTEMS, LLC", 35 HAMILTON LANE,,GLENMONT,NY ,12077,USA,,800-914-1465,"Service,Up To 2MW,Mobile/Diesel/Gas,"
11783,Industrial/Commercial Sales & Service,00010000931002,"EMERGENCY POWER SYSTEMS, LLC", 35 HAMILTON LANE,,GLENMONT,NY ,12077,USA,,800-914-1465,"Service,"
11783,Industrial/Commercial Sales & Service,00010208021002,Modern Group Power Systems, 295 New Commerce Blvd.,,Wilkes Barre,PA ,18706,USA,,800-404-7291,"Sales,Service,Up To 2MW,Mobile/Diesel/Gas,"
11783,Industrial/Commercial Sales & Service,00010001731002,AUTHORIZED SERVICES OF NEW ENGLAND, 410 FOREST STREET,,MARLBOROUGH,MA ,01752,USA,,888-890-9886,"Sales,"
11783,Industrial/Commercial Sales & Service,00010208021002,Modern Group Power Systems, 3480 Board Road,,York,PA ,17402,USA,,800-404-7291,"Sales,Service,Up To 2MW,Mobile/Diesel/Gas,"
11783,Industrial/Commercial Sales & Service,00010001761002,"GENSERVE, INC.", 100 NEWTOWN RD,,PLAINVIEW,NY ,11803,USA,www.genserveinc.com,631-435-0437,"Service,"
11783,Industrial/Commercial Sales & Service,00111209521002,LONG ISLAND EMERGENCY POWER -QO, 2 Ocean Avenue,,DEER PARK,NY ,11729,USA,,631-586-7513,"Sales,"
11783,Industrial/Commercial Sales & Service,00010139211002,POWERPRO SERVICE CO. INC., 608 JOHNSON AVE. UNIT 6,,BOHEMIA,NY ,11716,USA,,631-567-2700,"Sales,Service,Up To 600kW,Mobile/Diesel/Gas,"
11783,Industrial/Commercial Sales & Service,00111209531002,HUNTINGTON POWER - LONG ISLAND, PO BOX 2040,,SHELTON,CT ,06484,USA,,631-586-7513,"Sales,"
11783,Industrial/Commercial Sales & Service,00010134071002,PEAK POWER SYSTEMS, 99 SPRAGUE AVENUE,,MIDDLETOWN,NY ,10940,USA,www.peakpowersystems.com,845-344-1975,"Sales,Service,Up To 600kW,Mobile/Diesel/Gas,Rental,"
11783,Industrial/Commercial Sales & Service,00010001761002,"GENSERVE, INC.", 115A TWINBRIDGE DR.,,PENNSAUKEN,NJ ,08110,USA,www.genserveinc.com,856-324-0459,"Service,"
11783,Industrial/Commercial Sales & Service,00010021101002,SOUTH SHORE GENERATOR INC-Quote, 2696A CRANBERRY HWY,,WAREHAM,MA ,02571,USA,,508-295-7336,"Sales,Service,Up To 600kW,Mobile/Diesel/Gas,"
11783,Industrial/Commercial Sales & Service,00010001701002,SOUTH SHORE GENERATOR INC, ,,EAST WAREHAM,MA ,02538,USA,,508-295-7336,"Financing,Sales,Service,Up To 600kW,Mobile/Diesel/Gas,"
11783,Industrial/Commercial Sales & Service,00010001621002,BROOKFIELD SERVICE, 708 GLEBE ROAD,,WESTMORELAND,NH ,03467,USA,www.brookfieldservice.com,802-485-6567,"Service,Up To 600kW,Mobile/Diesel/Gas,"
11783,Industrial/Commercial Sales & Service,00111184131002,HUNTER & LOMISON, 1956 W FOURTH ST,,WILLIAMSPORT,PA ,17701,USA,www.hunterlomison.com,570-326-1764,"Sales,Service,Up To 600kW,Mobile/Diesel/Gas,Rental,"
11783,Industrial/Commercial Sales & Service,00010000881002,HUNTER & LOMISON INC., 1956 W. 4TH STREET,,WILLIAMSPORT,PA ,17701,USA,www.hunterlomison.com,570-326-1764,"Service,Up To 600kW,Mobile/Diesel/Gas,"
11783,Industrial/Commercial Sales & Service,00111207431002,WARSHAUER ELECTRIC SUPPLY CO INC, 800 SHREWSBURY AVE,,TINTON FALLS,NJ ,07724,USA,www.warshauer.com,732-741-6400,"Service,"
11783,Industrial/Commercial Sales & Service,00010157021002,Mechanical Service Co, 1145 Oak St.,,Pittston,PA ,18640,USA,,570-654-2445,"Service,"
11784,Industrial/Commercial Sales & Service,00010001611002,Huntington Power, 230 Long Hill Cross Rd,,Shelton,CT ,06484,USA,www.huntingtonpower.com,203-929-3203,"Sales,Service,Up To 2MW,Mobile/Diesel/Gas,Training,Rental,"
11784,Industrial/Commercial Sales & Service,00010214161002,"R.L. Kistler, Inc", 300 Mile Crossing Blvd.,,Rochester,NY ,14624,USA,rlkistler.com,585-436-1940,"Sales,"
11784,Industrial/Commercial Sales & Service,00010214161002,"R.L. KISTLER, INC.", 35 HAMILTON LANE,,GLENMONT,NY ,12077,USA,,585-436-1940,"Sales,Service,"
11784,Industrial/Commercial Sales & Service,00010001611002,Huntington Power, 68 Enter Ln,,Islandia,NY ,11749,USA,,631-563-4943,"Sales,Service,Up To 2MW,Mobile/Diesel/Gas,"
11784,Industrial/Commercial Sales & Service,00010001611002,Huntington Power, 34 E DUDLEY TOWN RD.,,BLOOMFIELD,CT ,06002,USA,,860-289-8790,"Sales,Service,Rental,"
11784,Industrial/Commercial Sales & Service,00010214161002,"R.L. Kistler, Inc", 5615 Business Ave.,,N. Syracuse,NY ,13208,USA,,315-458-2875,"Sales,"
11784,Industrial/Commercial Sales & Service,00010214161002,"R.L. Kistler, Inc", 5615 Business Ave.,,N. Syracuse,NY ,13208,USA,,315-458-2875,"Sales,"
11784,Industrial/Commercial Sales & Service,00010208021002,Modern Group Power Systems, 2501 Durham Road,,Bristol,PA ,19007,USA,www.moderngroup.com,800-404-7291,"Sales,Service,Up To 2MW,Mobile/Diesel/Gas,Training,Rental,"
11784,Industrial/Commercial Sales & Service,00010001731002,Authorized Services Of New England, 410 Forest Street,,Marlborough,MA ,01752,USA,www.asne.com,888-890-9886,"Financing,Sales,Service,Up To 2MW,Mobile/Diesel/Gas,Training,Rental,"
11784,Industrial/Commercial Sales & Service,00010008091002,MODERN HANDLING EQUIP, 75 NEW STREET,,EDISON,NJ ,08837,USA,www.moderngroup.com,800-779-5116,"Sales,Service,Up To 2MW,Mobile/Diesel/Gas,"
11784,Industrial/Commercial Sales & Service,00010208021002,Modern Group Power Systems, 200 Allied Parkway,,West Berlin,NJ ,08091,USA,,800-404-7291,"Sales,Service,Up To 2MW,Mobile/Diesel/Gas,"
11784,Industrial/Commercial Sales & Service,00010000931002,"EMERGENCY POWER SYSTEMS, LLC", 35 HAMILTON LANE,,GLENMONT,NY ,12077,USA,,800-914-1465,"Service,Up To 2MW,Mobile/Diesel/Gas,"
11784,Industrial/Commercial Sales & Service,00010000931002,"EMERGENCY POWER SYSTEMS, LLC", 35 HAMILTON LANE,,GLENMONT,NY ,12077,USA,,800-914-1465,"Service,"
11784,Industrial/Commercial Sales & Service,00010001731002,AUTHORIZED SERVICES OF NEW ENGLAND, 410 FOREST STREET,,MARLBOROUGH,MA ,01752,USA,,888-890-9886,"Sales,"
11784,Industrial/Commercial Sales & Service,00010208021002,Modern Group Power Systems, 6352 Chapmans Rd,,Allentown,PA ,18106,USA,,800-404-7291,"Sales,Service,Up To 2MW,Mobile/Diesel/Gas,"
11784,Industrial/Commercial Sales & Service,00010208021002,Modern Group Power Systems, 295 New Commerce Blvd.,,Wilkes Barre,PA ,18706,USA,,800-404-7291,"Sales,Service,Up To 2MW,Mobile/Diesel/Gas,"
11784,Industrial/Commercial Sales & Service,00010208021002,Modern Group Power Systems, 66A South Gate Blvd.,,New Castle,DE ,19720,USA,,800-404-7291,"Sales,Service,Up To 2MW,Mobile/Diesel/Gas,"
11784,Industrial/Commercial Sales & Service,00010139211002,POWERPRO SERVICE CO. INC., 608 JOHNSON AVE. UNIT 6,,BOHEMIA,NY ,11716,USA,,631-567-2700,"Sales,Service,Up To 600kW,Mobile/Diesel/Gas,"
11784,Industrial/Commercial Sales & Service,00111209521002,LONG ISLAND EMERGENCY POWER -QO, 2 Ocean Avenue,,DEER PARK,NY ,11729,USA,,631-586-7513,"Sales,"
11784,Industrial/Commercial Sales & Service,00010001761002,"GENSERVE, INC.", 100 NEWTOWN RD,,PLAINVIEW,NY ,11803,USA,www.genserveinc.com,631-435-0437,"Service,"
11784,Industrial/Commercial Sales & Service,00111209531002,HUNTINGTON POWER - LONG ISLAND, PO BOX 2040,,SHELTON,CT ,06484,USA,,631-586-7513,"Sales,"
11784,Industrial/Commercial Sales & Service,00010134071002,PEAK POWER SYSTEMS, 99 SPRAGUE AVENUE,,MIDDLETOWN,NY ,10940,USA,www.peakpowersystems.com,845-344-1975,"Sales,Service,Up To 600kW,Mobile/Diesel/Gas,Rental,"
11784,Industrial/Commercial Sales & Service,00010001761002,"GENSERVE, INC.", 115A TWINBRIDGE DR.,,PENNSAUKEN,NJ ,08110,USA,www.genserveinc.com,856-324-0459,"Service,"
11784,Industrial/Commercial Sales & Service,00010021101002,SOUTH SHORE GENERATOR INC-Quote, 2696A CRANBERRY HWY,,WAREHAM,MA ,02571,USA,,508-295-7336,"Sales,Service,Up To 600kW,Mobile/Diesel/Gas,"
11784,Industrial/Commercial Sales & Service,00010001701002,SOUTH SHORE GENERATOR INC, ,,EAST WAREHAM,MA ,02538,USA,,508-295-7336,"Financing,Sales,Service,Up To 600kW,Mobile/Diesel/Gas,"
11784,Industrial/Commercial Sales & Service,00010001621002,BROOKFIELD SERVICE, 708 GLEBE ROAD,,WESTMORELAND,NH ,03467,USA,www.brookfieldservice.com,802-485-6567,"Service,Up To 600kW,Mobile/Diesel/Gas,"
11784,Industrial/Commercial Sales & Service,00111207431002,WARSHAUER ELECTRIC SUPPLY CO INC, 800 SHREWSBURY AVE,,TINTON FALLS,NJ ,07724,USA,www.warshauer.com,732-741-6400,"Service,"
11784,Industrial/Commercial Sales & Service,00010157021002,Mechanical Service Co, 1145 Oak St.,,Pittston,PA ,18640,USA,,570-654-2445,"Service,"
11786,Industrial/Commercial Sales & Service,00010001611002,Huntington Power, 230 Long Hill Cross Rd,,Shelton,CT ,06484,USA,www.huntingtonpower.com,203-929-3203,"Sales,Service,Up To 2MW,Mobile/Diesel/Gas,Training,Rental,"
11786,Industrial/Commercial Sales & Service,00010214161002,"R.L. Kistler, Inc", 300 Mile Crossing Blvd.,,Rochester,NY ,14624,USA,rlkistler.com,585-436-1940,"Sales,"
11786,Industrial/Commercial Sales & Service,00010214161002,"R.L. KISTLER, INC.", 35 HAMILTON LANE,,GLENMONT,NY ,12077,USA,,585-436-1940,"Sales,Service,"
11786,Industrial/Commercial Sales & Service,00010001611002,Huntington Power, 68 Enter Ln,,Islandia,NY ,11749,USA,,631-563-4943,"Sales,Service,Up To 2MW,Mobile/Diesel/Gas,"
11786,Industrial/Commercial Sales & Service,00010001611002,Huntington Power, 34 E DUDLEY TOWN RD.,,BLOOMFIELD,CT ,06002,USA,,860-289-8790,"Sales,Service,Rental,"
11786,Industrial/Commercial Sales & Service,00010214161002,"R.L. Kistler, Inc", 5615 Business Ave.,,N. Syracuse,NY ,13208,USA,,315-458-2875,"Sales,"
11786,Industrial/Commercial Sales & Service,00010214161002,"R.L. Kistler, Inc", 5615 Business Ave.,,N. Syracuse,NY ,13208,USA,,315-458-2875,"Sales,"
11786,Industrial/Commercial Sales & Service,00010208021002,Modern Group Power Systems, 2501 Durham Road,,Bristol,PA ,19007,USA,www.moderngroup.com,800-404-7291,"Sales,Service,Up To 2MW,Mobile/Diesel/Gas,Training,Rental,"
11786,Industrial/Commercial Sales & Service,00010001731002,Authorized Services Of New England, 410 Forest Street,,Marlborough,MA ,01752,USA,www.asne.com,888-890-9886,"Financing,Sales,Service,Up To 2MW,Mobile/Diesel/Gas,Training,Rental,"
11786,Industrial/Commercial Sales & Service,00010008091002,MODERN HANDLING EQUIP, 75 NEW STREET,,EDISON,NJ ,08837,USA,www.moderngroup.com,800-779-5116,"Sales,Service,Up To 2MW,Mobile/Diesel/Gas,"
11786,Industrial/Commercial Sales & Service,00010001731002,AUTHORIZED SERVICES OF NEW ENGLAND, 410 FOREST STREET,,MARLBOROUGH,MA ,01752,USA,,888-890-9886,"Sales,"
11786,Industrial/Commercial Sales & Service,00010000931002,"EMERGENCY POWER SYSTEMS, LLC", 35 HAMILTON LANE,,GLENMONT,NY ,12077,USA,,800-914-1465,"Service,Up To 2MW,Mobile/Diesel/Gas,"
11786,Industrial/Commercial Sales & Service,00010000931002,"EMERGENCY POWER SYSTEMS, LLC", 35 HAMILTON LANE,,GLENMONT,NY ,12077,USA,,800-914-1465,"Service,"
11786,Industrial/Commercial Sales & Service,00010208021002,Modern Group Power Systems, 200 Allied Parkway,,West Berlin,NJ ,08091,USA,,800-404-7291,"Sales,Service,Up To 2MW,Mobile/Diesel/Gas,"
11786,Industrial/Commercial Sales & Service,00010208021002,Modern Group Power Systems, 6352 Chapmans Rd,,Allentown,PA ,18106,USA,,800-404-7291,"Sales,Service,Up To 2MW,Mobile/Diesel/Gas,"
11786,Industrial/Commercial Sales & Service,00010208021002,Modern Group Power Systems, 295 New Commerce Blvd.,,Wilkes Barre,PA ,18706,USA,,800-404-7291,"Sales,Service,Up To 2MW,Mobile/Diesel/Gas,"
11786,Industrial/Commercial Sales & Service,00010208021002,Modern Group Power Systems, 66A South Gate Blvd.,,New Castle,DE ,19720,USA,,800-404-7291,"Sales,Service,Up To 2MW,Mobile/Diesel/Gas,"
11786,Industrial/Commercial Sales & Service,00010139211002,POWERPRO SERVICE CO. INC., 608 JOHNSON AVE. UNIT 6,,BOHEMIA,NY ,11716,USA,,631-567-2700,"Sales,Service,Up To 600kW,Mobile/Diesel/Gas,"
11786,Industrial/Commercial Sales & Service,00111209521002,LONG ISLAND EMERGENCY POWER -QO, 2 Ocean Avenue,,DEER PARK,NY ,11729,USA,,631-586-7513,"Sales,"
11786,Industrial/Commercial Sales & Service,00111209531002,HUNTINGTON POWER - LONG ISLAND, PO BOX 2040,,SHELTON,CT ,06484,USA,,631-586-7513,"Sales,"
11786,Industrial/Commercial Sales & Service,00010001761002,"GENSERVE, INC.", 100 NEWTOWN RD,,PLAINVIEW,NY ,11803,USA,www.genserveinc.com,631-435-0437,"Service,"
11786,Industrial/Commercial Sales & Service,00010134071002,PEAK POWER SYSTEMS, 99 SPRAGUE AVENUE,,MIDDLETOWN,NY ,10940,USA,www.peakpowersystems.com,845-344-1975,"Sales,Service,Up To 600kW,Mobile/Diesel/Gas,Rental,"
11786,Industrial/Commercial Sales & Service,00010021101002,SOUTH SHORE GENERATOR INC-Quote, 2696A CRANBERRY HWY,,WAREHAM,MA ,02571,USA,,508-295-7336,"Sales,Service,Up To 600kW,Mobile/Diesel/Gas,"
11786,Industrial/Commercial Sales & Service,00010001701002,SOUTH SHORE GENERATOR INC, ,,EAST WAREHAM,MA ,02538,USA,,508-295-7336,"Financing,Sales,Service,Up To 600kW,Mobile/Diesel/Gas,"
11786,Industrial/Commercial Sales & Service,00010001761002,"GENSERVE, INC.", 115A TWINBRIDGE DR.,,PENNSAUKEN,NJ ,08110,USA,www.genserveinc.com,856-324-0459,"Service,"
11786,Industrial/Commercial Sales & Service,00010001621002,BROOKFIELD SERVICE, 708 GLEBE ROAD,,WESTMORELAND,NH ,03467,USA,www.brookfieldservice.com,802-485-6567,"Service,Up To 600kW,Mobile/Diesel/Gas,"
11786,Industrial/Commercial Sales & Service,00111207431002,WARSHAUER ELECTRIC SUPPLY CO INC, 800 SHREWSBURY AVE,,TINTON FALLS,NJ ,07724,USA,www.warshauer.com,732-741-6400,"Service,"
11786,Industrial/Commercial Sales & Service,00010157021002,Mechanical Service Co, 1145 Oak St.,,Pittston,PA ,18640,USA,,570-654-2445,"Service,"
11787,Industrial/Commercial Sales & Service,00010214161002,"R.L. KISTLER, INC.", 35 HAMILTON LANE,,GLENMONT,NY ,12077,USA,,585-436-1940,"Sales,Service,"
11787,Industrial/Commercial Sales & Service,00010214161002,"R.L. Kistler, Inc", 300 Mile Crossing Blvd.,,Rochester,NY ,14624,USA,rlkistler.com,585-436-1940,"Sales,"
11787,Industrial/Commercial Sales & Service,00010001611002,Huntington Power, 230 Long Hill Cross Rd,,Shelton,CT ,06484,USA,www.huntingtonpower.com,203-929-3203,"Sales,Service,Up To 2MW,Mobile/Diesel/Gas,Training,Rental,"
11787,Industrial/Commercial Sales & Service,00010214161002,"R.L. Kistler, Inc", 5615 Business Ave.,,N. Syracuse,NY ,13208,USA,,315-458-2875,"Sales,"
11787,Industrial/Commercial Sales & Service,00010214161002,"R.L. Kistler, Inc", 5615 Business Ave.,,N. Syracuse,NY ,13208,USA,,315-458-2875,"Sales,"
11787,Industrial/Commercial Sales & Service,00010001611002,Huntington Power, 68 Enter Ln,,Islandia,NY ,11749,USA,,631-563-4943,"Sales,Service,Up To 2MW,Mobile/Diesel/Gas,"
11787,Industrial/Commercial Sales & Service,00010001611002,Huntington Power, 34 E DUDLEY TOWN RD.,,BLOOMFIELD,CT ,06002,USA,,860-289-8790,"Sales,Service,Rental,"
11787,Industrial/Commercial Sales & Service,00010208021002,Modern Group Power Systems, 2501 Durham Road,,Bristol,PA ,19007,USA,www.moderngroup.com,800-404-7291,"Sales,Service,Up To 2MW,Mobile/Diesel/Gas,Training,Rental,"
11787,Industrial/Commercial Sales & Service,00010001731002,Authorized Services Of New England, 410 Forest Street,,Marlborough,MA ,01752,USA,www.asne.com,888-890-9886,"Financing,Sales,Service,Up To 2MW,Mobile/Diesel/Gas,Training,Rental,"
11787,Industrial/Commercial Sales & Service,00010008091002,MODERN HANDLING EQUIP, 75 NEW STREET,,EDISON,NJ ,08837,USA,www.moderngroup.com,800-779-5116,"Sales,Service,Up To 2MW,Mobile/Diesel/Gas,"
11787,Industrial/Commercial Sales & Service,00010208021002,Modern Group Power Systems, 200 Allied Parkway,,West Berlin,NJ ,08091,USA,,800-404-7291,"Sales,Service,Up To 2MW,Mobile/Diesel/Gas,"
11787,Industrial/Commercial Sales & Service,00010208021002,Modern Group Power Systems, 6352 Chapmans Rd,,Allentown,PA ,18106,USA,,800-404-7291,"Sales,Service,Up To 2MW,Mobile/Diesel/Gas,"
11787,Industrial/Commercial Sales & Service,00010000931002,"EMERGENCY POWER SYSTEMS, LLC", 35 HAMILTON LANE,,GLENMONT,NY ,12077,USA,,800-914-1465,"Service,Up To 2MW,Mobile/Diesel/Gas,"
11787,Industrial/Commercial Sales & Service,00010000931002,"EMERGENCY POWER SYSTEMS, LLC", 35 HAMILTON LANE,,GLENMONT,NY ,12077,USA,,800-914-1465,"Service,"
11787,Industrial/Commercial Sales & Service,00010001731002,AUTHORIZED SERVICES OF NEW ENGLAND, 410 FOREST STREET,,MARLBOROUGH,MA ,01752,USA,,888-890-9886,"Sales,"
11787,Industrial/Commercial Sales & Service,00010208021002,Modern Group Power Systems, 295 New Commerce Blvd.,,Wilkes Barre,PA ,18706,USA,,800-404-7291,"Sales,Service,Up To 2MW,Mobile/Diesel/Gas,"
11787,Industrial/Commercial Sales & Service,00010208021002,Modern Group Power Systems, 66A South Gate Blvd.,,New Castle,DE ,19720,USA,,800-404-7291,"Sales,Service,Up To 2MW,Mobile/Diesel/Gas,"
11787,Industrial/Commercial Sales & Service,00010208021002,Modern Group Power Systems, 3480 Board Road,,York,PA ,17402,USA,,800-404-7291,"Sales,Service,Up To 2MW,Mobile/Diesel/Gas,"
11787,Industrial/Commercial Sales & Service,00010139211002,POWERPRO SERVICE CO. INC., 608 JOHNSON AVE. UNIT 6,,BOHEMIA,NY ,11716,USA,,631-567-2700,"Sales,Service,Up To 600kW,Mobile/Diesel/Gas,"
11787,Industrial/Commercial Sales & Service,00111209521002,LONG ISLAND EMERGENCY POWER -QO, 2 Ocean Avenue,,DEER PARK,NY ,11729,USA,,631-586-7513,"Sales,"
11787,Industrial/Commercial Sales & Service,00010001761002,"GENSERVE, INC.", 100 NEWTOWN RD,,PLAINVIEW,NY ,11803,USA,www.genserveinc.com,631-435-0437,"Service,"
11787,Industrial/Commercial Sales & Service,00111209531002,HUNTINGTON POWER - LONG ISLAND, PO BOX 2040,,SHELTON,CT ,06484,USA,,631-586-7513,"Sales,"
11787,Industrial/Commercial Sales & Service,00010134071002,PEAK POWER SYSTEMS, 99 SPRAGUE AVENUE,,MIDDLETOWN,NY ,10940,USA,www.peakpowersystems.com,845-344-1975,"Sales,Service,Up To 600kW,Mobile/Diesel/Gas,Rental,"
11787,Industrial/Commercial Sales & Service,00010001761002,"GENSERVE, INC.", 115A TWINBRIDGE DR.,,PENNSAUKEN,NJ ,08110,USA,www.genserveinc.com,856-324-0459,"Service,"
11787,Industrial/Commercial Sales & Service,00010021101002,SOUTH SHORE GENERATOR INC-Quote, 2696A CRANBERRY HWY,,WAREHAM,MA ,02571,USA,,508-295-7336,"Sales,Service,Up To 600kW,Mobile/Diesel/Gas,"
11787,Industrial/Commercial Sales & Service,00010001701002,SOUTH SHORE GENERATOR INC, ,,EAST WAREHAM,MA ,02538,USA,,508-295-7336,"Financing,Sales,Service,Up To 600kW,Mobile/Diesel/Gas,"
11787,Industrial/Commercial Sales & Service,00010001621002,BROOKFIELD SERVICE, 708 GLEBE ROAD,,WESTMORELAND,NH ,03467,USA,www.brookfieldservice.com,802-485-6567,"Service,Up To 600kW,Mobile/Diesel/Gas,"
11787,Industrial/Commercial Sales & Service,00111207431002,WARSHAUER ELECTRIC SUPPLY CO INC, 800 SHREWSBURY AVE,,TINTON FALLS,NJ ,07724,USA,www.warshauer.com,732-741-6400,"Service,"
11787,Industrial/Commercial Sales & Service,00010157021002,Mechanical Service Co, 1145 Oak St.,,Pittston,PA ,18640,USA,,570-654-2445,"Service,"
11788,Industrial/Commercial Sales & Service,00010214161002,"R.L. Kistler, Inc", 300 Mile Crossing Blvd.,,Rochester,NY ,14624,USA,rlkistler.com,585-436-1940,"Sales,"
11788,Industrial/Commercial Sales & Service,00010214161002,"R.L. KISTLER, INC.", 35 HAMILTON LANE,,GLENMONT,NY ,12077,USA,,585-436-1940,"Sales,Service,"
11788,Industrial/Commercial Sales & Service,00010001611002,Huntington Power, 230 Long Hill Cross Rd,,Shelton,CT ,06484,USA,www.huntingtonpower.com,203-929-3203,"Sales,Service,Up To 2MW,Mobile/Diesel/Gas,Training,Rental,"
11788,Industrial/Commercial Sales & Service,00010214161002,"R.L. Kistler, Inc", 5615 Business Ave.,,N. Syracuse,NY ,13208,USA,,315-458-2875,"Sales,"
11788,Industrial/Commercial Sales & Service,00010214161002,"R.L. Kistler, Inc", 5615 Business Ave.,,N. Syracuse,NY ,13208,USA,,315-458-2875,"Sales,"
11788,Industrial/Commercial Sales & Service,00010001611002,Huntington Power, 68 Enter Ln,,Islandia,NY ,11749,USA,,631-563-4943,"Sales,Service,Up To 2MW,Mobile/Diesel/Gas,"
11788,Industrial/Commercial Sales & Service,00010001611002,Huntington Power, 34 E DUDLEY TOWN RD.,,BLOOMFIELD,CT ,06002,USA,,860-289-8790,"Sales,Service,Rental,"
11788,Industrial/Commercial Sales & Service,00010208021002,Modern Group Power Systems, 2501 Durham Road,,Bristol,PA ,19007,USA,www.moderngroup.com,800-404-7291,"Sales,Service,Up To 2MW,Mobile/Diesel/Gas,Training,Rental,"
11788,Industrial/Commercial Sales & Service,00010001731002,Authorized Services Of New England, 410 Forest Street,,Marlborough,MA ,01752,USA,www.asne.com,888-890-9886,"Financing,Sales,Service,Up To 2MW,Mobile/Diesel/Gas,Training,Rental,"
11788,Industrial/Commercial Sales & Service,00010008091002,MODERN HANDLING EQUIP, 75 NEW STREET,,EDISON,NJ ,08837,USA,www.moderngroup.com,800-779-5116,"Sales,Service,Up To 2MW,Mobile/Diesel/Gas,"
11788,Industrial/Commercial Sales & Service,00010208021002,Modern Group Power Systems, 200 Allied Parkway,,West Berlin,NJ ,08091,USA,,800-404-7291,"Sales,Service,Up To 2MW,Mobile/Diesel/Gas,"
11788,Industrial/Commercial Sales & Service,00010208021002,Modern Group Power Systems, 6352 Chapmans Rd,,Allentown,PA ,18106,USA,,800-404-7291,"Sales,Service,Up To 2MW,Mobile/Diesel/Gas,"
11788,Industrial/Commercial Sales & Service,00010000931002,"EMERGENCY POWER SYSTEMS, LLC", 35 HAMILTON LANE,,GLENMONT,NY ,12077,USA,,800-914-1465,"Service,Up To 2MW,Mobile/Diesel/Gas,"
11788,Industrial/Commercial Sales & Service,00010000931002,"EMERGENCY POWER SYSTEMS, LLC", 35 HAMILTON LANE,,GLENMONT,NY ,12077,USA,,800-914-1465,"Service,"
11788,Industrial/Commercial Sales & Service,00010001731002,AUTHORIZED SERVICES OF NEW ENGLAND, 410 FOREST STREET,,MARLBOROUGH,MA ,01752,USA,,888-890-9886,"Sales,"
11788,Industrial/Commercial Sales & Service,00010208021002,Modern Group Power Systems, 295 New Commerce Blvd.,,Wilkes Barre,PA ,18706,USA,,800-404-7291,"Sales,Service,Up To 2MW,Mobile/Diesel/Gas,"
11788,Industrial/Commercial Sales & Service,00010208021002,Modern Group Power Systems, 66A South Gate Blvd.,,New Castle,DE ,19720,USA,,800-404-7291,"Sales,Service,Up To 2MW,Mobile/Diesel/Gas,"
11788,Industrial/Commercial Sales & Service,00010208021002,Modern Group Power Systems, 3480 Board Road,,York,PA ,17402,USA,,800-404-7291,"Sales,Service,Up To 2MW,Mobile/Diesel/Gas,"
11788,Industrial/Commercial Sales & Service,00010139211002,POWERPRO SERVICE CO. INC., 608 JOHNSON AVE. UNIT 6,,BOHEMIA,NY ,11716,USA,,631-567-2700,"Sales,Service,Up To 600kW,Mobile/Diesel/Gas,"
11788,Industrial/Commercial Sales & Service,00111209521002,LONG ISLAND EMERGENCY POWER -QO, 2 Ocean Avenue,,DEER PARK,NY ,11729,USA,,631-586-7513,"Sales,"
11788,Industrial/Commercial Sales & Service,00010001761002,"GENSERVE, INC.", 100 NEWTOWN RD,,PLAINVIEW,NY ,11803,USA,www.genserveinc.com,631-435-0437,"Service,"
11788,Industrial/Commercial Sales & Service,00111209531002,HUNTINGTON POWER - LONG ISLAND, PO BOX 2040,,SHELTON,CT ,06484,USA,,631-586-7513,"Sales,"
11788,Industrial/Commercial Sales & Service,00010134071002,PEAK POWER SYSTEMS, 99 SPRAGUE AVENUE,,MIDDLETOWN,NY ,10940,USA,www.peakpowersystems.com,845-344-1975,"Sales,Service,Up To 600kW,Mobile/Diesel/Gas,Rental,"
11788,Industrial/Commercial Sales & Service,00010001761002,"GENSERVE, INC.", 115A TWINBRIDGE DR.,,PENNSAUKEN,NJ ,08110,USA,www.genserveinc.com,856-324-0459,"Service,"
11788,Industrial/Commercial Sales & Service,00010021101002,SOUTH SHORE GENERATOR INC-Quote, 2696A CRANBERRY HWY,,WAREHAM,MA ,02571,USA,,508-295-7336,"Sales,Service,Up To 600kW,Mobile/Diesel/Gas,"
11788,Industrial/Commercial Sales & Service,00010001701002,SOUTH SHORE GENERATOR INC, ,,EAST WAREHAM,MA ,02538,USA,,508-295-7336,"Financing,Sales,Service,Up To 600kW,Mobile/Diesel/Gas,"
11788,Industrial/Commercial Sales & Service,00010001621002,BROOKFIELD SERVICE, 708 GLEBE ROAD,,WESTMORELAND,NH ,03467,USA,www.brookfieldservice.com,802-485-6567,"Service,Up To 600kW,Mobile/Diesel/Gas,"
11788,Industrial/Commercial Sales & Service,00111207431002,WARSHAUER ELECTRIC SUPPLY CO INC, 800 SHREWSBURY AVE,,TINTON FALLS,NJ ,07724,USA,www.warshauer.com,732-741-6400,"Service,"
11788,Industrial/Commercial Sales & Service,00010157021002,Mechanical Service Co, 1145 Oak St.,,Pittston,PA ,18640,USA,,570-654-2445,"Service,"
11789,Industrial/Commercial Sales & Service,00010001611002,Huntington Power, 230 Long Hill Cross Rd,,Shelton,CT ,06484,USA,www.huntingtonpower.com,203-929-3203,"Sales,Service,Up To 2MW,Mobile/Diesel/Gas,Training,Rental,"
11789,Industrial/Commercial Sales & Service,00010214161002,"R.L. KISTLER, INC.", 35 HAMILTON LANE,,GLENMONT,NY ,12077,USA,,585-436-1940,"Sales,Service,"
11789,Industrial/Commercial Sales & Service,00010214161002,"R.L. Kistler, Inc", 300 Mile Crossing Blvd.,,Rochester,NY ,14624,USA,rlkistler.com,585-436-1940,"Sales,"
11789,Industrial/Commercial Sales & Service,00010001611002,Huntington Power, 68 Enter Ln,,Islandia,NY ,11749,USA,,631-563-4943,"Sales,Service,Up To 2MW,Mobile/Diesel/Gas,"
11789,Industrial/Commercial Sales & Service,00010001611002,Huntington Power, 34 E DUDLEY TOWN RD.,,BLOOMFIELD,CT ,06002,USA,,860-289-8790,"Sales,Service,Rental,"
11789,Industrial/Commercial Sales & Service,00010214161002,"R.L. Kistler, Inc", 5615 Business Ave.,,N. Syracuse,NY ,13208,USA,,315-458-2875,"Sales,"
11789,Industrial/Commercial Sales & Service,00010214161002,"R.L. Kistler, Inc", 5615 Business Ave.,,N. Syracuse,NY ,13208,USA,,315-458-2875,"Sales,"
11789,Industrial/Commercial Sales & Service,00010208021002,Modern Group Power Systems, 2501 Durham Road,,Bristol,PA ,19007,USA,www.moderngroup.com,800-404-7291,"Sales,Service,Up To 2MW,Mobile/Diesel/Gas,Training,Rental,"
11789,Industrial/Commercial Sales & Service,00010001731002,Authorized Services Of New England, 410 Forest Street,,Marlborough,MA ,01752,USA,www.asne.com,888-890-9886,"Financing,Sales,Service,Up To 2MW,Mobile/Diesel/Gas,Training,Rental,"
11789,Industrial/Commercial Sales & Service,00010008091002,MODERN HANDLING EQUIP, 75 NEW STREET,,EDISON,NJ ,08837,USA,www.moderngroup.com,800-779-5116,"Sales,Service,Up To 2MW,Mobile/Diesel/Gas,"
11789,Industrial/Commercial Sales & Service,00010001731002,AUTHORIZED SERVICES OF NEW ENGLAND, 410 FOREST STREET,,MARLBOROUGH,MA ,01752,USA,,888-890-9886,"Sales,"
11789,Industrial/Commercial Sales & Service,00010000931002,"EMERGENCY POWER SYSTEMS, LLC", 35 HAMILTON LANE,,GLENMONT,NY ,12077,USA,,800-914-1465,"Service,Up To 2MW,Mobile/Diesel/Gas,"
11789,Industrial/Commercial Sales & Service,00010000931002,"EMERGENCY POWER SYSTEMS, LLC", 35 HAMILTON LANE,,GLENMONT,NY ,12077,USA,,800-914-1465,"Service,"
11789,Industrial/Commercial Sales & Service,00010208021002,Modern Group Power Systems, 200 Allied Parkway,,West Berlin,NJ ,08091,USA,,800-404-7291,"Sales,Service,Up To 2MW,Mobile/Diesel/Gas,"
11789,Industrial/Commercial Sales & Service,00010208021002,Modern Group Power Systems, 6352 Chapmans Rd,,Allentown,PA ,18106,USA,,800-404-7291,"Sales,Service,Up To 2MW,Mobile/Diesel/Gas,"
11789,Industrial/Commercial Sales & Service,00010208021002,Modern Group Power Systems, 295 New Commerce Blvd.,,Wilkes Barre,PA ,18706,USA,,800-404-7291,"Sales,Service,Up To 2MW,Mobile/Diesel/Gas,"
11789,Industrial/Commercial Sales & Service,00010208021002,Modern Group Power Systems, 66A South Gate Blvd.,,New Castle,DE ,19720,USA,,800-404-7291,"Sales,Service,Up To 2MW,Mobile/Diesel/Gas,"
11789,Industrial/Commercial Sales & Service,00010139211002,POWERPRO SERVICE CO. INC., 608 JOHNSON AVE. UNIT 6,,BOHEMIA,NY ,11716,USA,,631-567-2700,"Sales,Service,Up To 600kW,Mobile/Diesel/Gas,"
11789,Industrial/Commercial Sales & Service,00111209521002,LONG ISLAND EMERGENCY POWER -QO, 2 Ocean Avenue,,DEER PARK,NY ,11729,USA,,631-586-7513,"Sales,"
11789,Industrial/Commercial Sales & Service,00111209531002,HUNTINGTON POWER - LONG ISLAND, PO BOX 2040,,SHELTON,CT ,06484,USA,,631-586-7513,"Sales,"
11789,Industrial/Commercial Sales & Service,00010001761002,"GENSERVE, INC.", 100 NEWTOWN RD,,PLAINVIEW,NY ,11803,USA,www.genserveinc.com,631-435-0437,"Service,"
11789,Industrial/Commercial Sales & Service,00010134071002,PEAK POWER SYSTEMS, 99 SPRAGUE AVENUE,,MIDDLETOWN,NY ,10940,USA,www.peakpowersystems.com,845-344-1975,"Sales,Service,Up To 600kW,Mobile/Diesel/Gas,Rental,"
11789,Industrial/Commercial Sales & Service,00010001761002,"GENSERVE, INC.", 115A TWINBRIDGE DR.,,PENNSAUKEN,NJ ,08110,USA,www.genserveinc.com,856-324-0459,"Service,"
11789,Industrial/Commercial Sales & Service,00010021101002,SOUTH SHORE GENERATOR INC-Quote, 2696A CRANBERRY HWY,,WAREHAM,MA ,02571,USA,,508-295-7336,"Sales,Service,Up To 600kW,Mobile/Diesel/Gas,"
11789,Industrial/Commercial Sales & Service,00010001701002,SOUTH SHORE GENERATOR INC, ,,EAST WAREHAM,MA ,02538,USA,,508-295-7336,"Financing,Sales,Service,Up To 600kW,Mobile/Diesel/Gas,"
11789,Industrial/Commercial Sales & Service,00010001621002,BROOKFIELD SERVICE, 708 GLEBE ROAD,,WESTMORELAND,NH ,03467,USA,www.brookfieldservice.com,802-485-6567,"Service,Up To 600kW,Mobile/Diesel/Gas,"
11789,Industrial/Commercial Sales & Service,00111207431002,WARSHAUER ELECTRIC SUPPLY CO INC, 800 SHREWSBURY AVE,,TINTON FALLS,NJ ,07724,USA,www.warshauer.com,732-741-6400,"Service,"
11789,Industrial/Commercial Sales & Service,00010157021002,Mechanical Service Co, 1145 Oak St.,,Pittston,PA ,18640,USA,,570-654-2445,"Service,"
11790,Industrial/Commercial Sales & Service,00010001611002,Huntington Power, 230 Long Hill Cross Rd,,Shelton,CT ,06484,USA,www.huntingtonpower.com,203-929-3203,"Sales,Service,Up To 2MW,Mobile/Diesel/Gas,Training,Rental,"
11790,Industrial/Commercial Sales & Service,00010214161002,"R.L. Kistler, Inc", 300 Mile Crossing Blvd.,,Rochester,NY ,14624,USA,rlkistler.com,585-436-1940,"Sales,"
11790,Industrial/Commercial Sales & Service,00010214161002,"R.L. KISTLER, INC.", 35 HAMILTON LANE,,GLENMONT,NY ,12077,USA,,585-436-1940,"Sales,Service,"
11790,Industrial/Commercial Sales & Service,00010001611002,Huntington Power, 68 Enter Ln,,Islandia,NY ,11749,USA,,631-563-4943,"Sales,Service,Up To 2MW,Mobile/Diesel/Gas,"
11790,Industrial/Commercial Sales & Service,00010001611002,Huntington Power, 34 E DUDLEY TOWN RD.,,BLOOMFIELD,CT ,06002,USA,,860-289-8790,"Sales,Service,Rental,"
11790,Industrial/Commercial Sales & Service,00010214161002,"R.L. Kistler, Inc", 5615 Business Ave.,,N. Syracuse,NY ,13208,USA,,315-458-2875,"Sales,"
11790,Industrial/Commercial Sales & Service,00010214161002,"R.L. Kistler, Inc", 5615 Business Ave.,,N. Syracuse,NY ,13208,USA,,315-458-2875,"Sales,"
11790,Industrial/Commercial Sales & Service,00010208021002,Modern Group Power Systems, 2501 Durham Road,,Bristol,PA ,19007,USA,www.moderngroup.com,800-404-7291,"Sales,Service,Up To 2MW,Mobile/Diesel/Gas,Training,Rental,"
11790,Industrial/Commercial Sales & Service,00010001731002,Authorized Services Of New England, 410 Forest Street,,Marlborough,MA ,01752,USA,www.asne.com,888-890-9886,"Financing,Sales,Service,Up To 2MW,Mobile/Diesel/Gas,Training,Rental,"
11790,Industrial/Commercial Sales & Service,00010008091002,MODERN HANDLING EQUIP, 75 NEW STREET,,EDISON,NJ ,08837,USA,www.moderngroup.com,800-779-5116,"Sales,Service,Up To 2MW,Mobile/Diesel/Gas,"
11790,Industrial/Commercial Sales & Service,00010000931002,"EMERGENCY POWER SYSTEMS, LLC", 35 HAMILTON LANE,,GLENMONT,NY ,12077,USA,,800-914-1465,"Service,Up To 2MW,Mobile/Diesel/Gas,"
11790,Industrial/Commercial Sales & Service,00010000931002,"EMERGENCY POWER SYSTEMS, LLC", 35 HAMILTON LANE,,GLENMONT,NY ,12077,USA,,800-914-1465,"Service,"
11790,Industrial/Commercial Sales & Service,00010208021002,Modern Group Power Systems, 200 Allied Parkway,,West Berlin,NJ ,08091,USA,,800-404-7291,"Sales,Service,Up To 2MW,Mobile/Diesel/Gas,"
11790,Industrial/Commercial Sales & Service,00010208021002,Modern Group Power Systems, 6352 Chapmans Rd,,Allentown,PA ,18106,USA,,800-404-7291,"Sales,Service,Up To 2MW,Mobile/Diesel/Gas,"
11790,Industrial/Commercial Sales & Service,00010001731002,AUTHORIZED SERVICES OF NEW ENGLAND, 410 FOREST STREET,,MARLBOROUGH,MA ,01752,USA,,888-890-9886,"Sales,"
11790,Industrial/Commercial Sales & Service,00010208021002,Modern Group Power Systems, 295 New Commerce Blvd.,,Wilkes Barre,PA ,18706,USA,,800-404-7291,"Sales,Service,Up To 2MW,Mobile/Diesel/Gas,"
11790,Industrial/Commercial Sales & Service,00010208021002,Modern Group Power Systems, 66A South Gate Blvd.,,New Castle,DE ,19720,USA,,800-404-7291,"Sales,Service,Up To 2MW,Mobile/Diesel/Gas,"
11790,Industrial/Commercial Sales & Service,00010208021002,Modern Group Power Systems, 3480 Board Road,,York,PA ,17402,USA,,800-404-7291,"Sales,Service,Up To 2MW,Mobile/Diesel/Gas,"
11790,Industrial/Commercial Sales & Service,00010139211002,POWERPRO SERVICE CO. INC., 608 JOHNSON AVE. UNIT 6,,BOHEMIA,NY ,11716,USA,,631-567-2700,"Sales,Service,Up To 600kW,Mobile/Diesel/Gas,"
11790,Industrial/Commercial Sales & Service,00111209521002,LONG ISLAND EMERGENCY POWER -QO, 2 Ocean Avenue,,DEER PARK,NY ,11729,USA,,631-586-7513,"Sales,"
11790,Industrial/Commercial Sales & Service,00010001761002,"GENSERVE, INC.", 100 NEWTOWN RD,,PLAINVIEW,NY ,11803,USA,www.genserveinc.com,631-435-0437,"Service,"
11790,Industrial/Commercial Sales & Service,00111209531002,HUNTINGTON POWER - LONG ISLAND, PO BOX 2040,,SHELTON,CT ,06484,USA,,631-586-7513,"Sales,"
11790,Industrial/Commercial Sales & Service,00010134071002,PEAK POWER SYSTEMS, 99 SPRAGUE AVENUE,,MIDDLETOWN,NY ,10940,USA,www.peakpowersystems.com,845-344-1975,"Sales,Service,Up To 600kW,Mobile/Diesel/Gas,Rental,"
11790,Industrial/Commercial Sales & Service,00010001761002,"GENSERVE, INC.", 115A TWINBRIDGE DR.,,PENNSAUKEN,NJ ,08110,USA,www.genserveinc.com,856-324-0459,"Service,"
11790,Industrial/Commercial Sales & Service,00010021101002,SOUTH SHORE GENERATOR INC-Quote, 2696A CRANBERRY HWY,,WAREHAM,MA ,02571,USA,,508-295-7336,"Sales,Service,Up To 600kW,Mobile/Diesel/Gas,"
11790,Industrial/Commercial Sales & Service,00010001701002,SOUTH SHORE GENERATOR INC, ,,EAST WAREHAM,MA ,02538,USA,,508-295-7336,"Financing,Sales,Service,Up To 600kW,Mobile/Diesel/Gas,"
11790,Industrial/Commercial Sales & Service,00010001621002,BROOKFIELD SERVICE, 708 GLEBE ROAD,,WESTMORELAND,NH ,03467,USA,www.brookfieldservice.com,802-485-6567,"Service,Up To 600kW,Mobile/Diesel/Gas,"
11790,Industrial/Commercial Sales & Service,00111207431002,WARSHAUER ELECTRIC SUPPLY CO INC, 800 SHREWSBURY AVE,,TINTON FALLS,NJ ,07724,USA,www.warshauer.com,732-741-6400,"Service,"
11790,Industrial/Commercial Sales & Service,00010157021002,Mechanical Service Co, 1145 Oak St.,,Pittston,PA ,18640,USA,,570-654-2445,"Service,"
11791,Industrial/Commercial Sales & Service,00010214161002,"R.L. KISTLER, INC.", 35 HAMILTON LANE,,GLENMONT,NY ,12077,USA,,585-436-1940,"Sales,Service,"
11791,Industrial/Commercial Sales & Service,00010001611002,Huntington Power, 230 Long Hill Cross Rd,,Shelton,CT ,06484,USA,www.huntingtonpower.com,203-929-3203,"Sales,Service,Up To 2MW,Mobile/Diesel/Gas,Training,Rental,"
11791,Industrial/Commercial Sales & Service,00010214161002,"R.L. Kistler, Inc", 300 Mile Crossing Blvd.,,Rochester,NY ,14624,USA,rlkistler.com,585-436-1940,"Sales,"
11791,Industrial/Commercial Sales & Service,00010214161002,"R.L. Kistler, Inc", 5615 Business Ave.,,N. Syracuse,NY ,13208,USA,,315-458-2875,"Sales,"
11791,Industrial/Commercial Sales & Service,00010001611002,Huntington Power, 68 Enter Ln,,Islandia,NY ,11749,USA,,631-563-4943,"Sales,Service,Up To 2MW,Mobile/Diesel/Gas,"
11791,Industrial/Commercial Sales & Service,00010001611002,Huntington Power, 34 E DUDLEY TOWN RD.,,BLOOMFIELD,CT ,06002,USA,,860-289-8790,"Sales,Service,Rental,"
11791,Industrial/Commercial Sales & Service,00010214161002,"R.L. Kistler, Inc", 5615 Business Ave.,,N. Syracuse,NY ,13208,USA,,315-458-2875,"Sales,"
11791,Industrial/Commercial Sales & Service,00010208021002,Modern Group Power Systems, 2501 Durham Road,,Bristol,PA ,19007,USA,www.moderngroup.com,800-404-7291,"Sales,Service,Up To 2MW,Mobile/Diesel/Gas,Training,Rental,"
11791,Industrial/Commercial Sales & Service,00010001731002,Authorized Services Of New England, 410 Forest Street,,Marlborough,MA ,01752,USA,www.asne.com,888-890-9886,"Financing,Sales,Service,Up To 2MW,Mobile/Diesel/Gas,Training,Rental,"
11791,Industrial/Commercial Sales & Service,00010008091002,MODERN HANDLING EQUIP, 75 NEW STREET,,EDISON,NJ ,08837,USA,www.moderngroup.com,800-779-5116,"Sales,Service,Up To 2MW,Mobile/Diesel/Gas,"
11791,Industrial/Commercial Sales & Service,00010208021002,Modern Group Power Systems, 200 Allied Parkway,,West Berlin,NJ ,08091,USA,,800-404-7291,"Sales,Service,Up To 2MW,Mobile/Diesel/Gas,"
11791,Industrial/Commercial Sales & Service,00010208021002,Modern Group Power Systems, 6352 Chapmans Rd,,Allentown,PA ,18106,USA,,800-404-7291,"Sales,Service,Up To 2MW,Mobile/Diesel/Gas,"
11791,Industrial/Commercial Sales & Service,00010000931002,"EMERGENCY POWER SYSTEMS, LLC", 35 HAMILTON LANE,,GLENMONT,NY ,12077,USA,,800-914-1465,"Service,Up To 2MW,Mobile/Diesel/Gas,"
11791,Industrial/Commercial Sales & Service,00010000931002,"EMERGENCY POWER SYSTEMS, LLC", 35 HAMILTON LANE,,GLENMONT,NY ,12077,USA,,800-914-1465,"Service,"
11791,Industrial/Commercial Sales & Service,00010208021002,Modern Group Power Systems, 295 New Commerce Blvd.,,Wilkes Barre,PA ,18706,USA,,800-404-7291,"Sales,Service,Up To 2MW,Mobile/Diesel/Gas,"
11791,Industrial/Commercial Sales & Service,00010208021002,Modern Group Power Systems, 66A South Gate Blvd.,,New Castle,DE ,19720,USA,,800-404-7291,"Sales,Service,Up To 2MW,Mobile/Diesel/Gas,"
11791,Industrial/Commercial Sales & Service,00010001731002,AUTHORIZED SERVICES OF NEW ENGLAND, 410 FOREST STREET,,MARLBOROUGH,MA ,01752,USA,,888-890-9886,"Sales,"
11791,Industrial/Commercial Sales & Service,00010208021002,Modern Group Power Systems, 3480 Board Road,,York,PA ,17402,USA,,800-404-7291,"Sales,Service,Up To 2MW,Mobile/Diesel/Gas,"
11791,Industrial/Commercial Sales & Service,00010001761002,"GENSERVE, INC.", 100 NEWTOWN RD,,PLAINVIEW,NY ,11803,USA,www.genserveinc.com,631-435-0437,"Service,"
11791,Industrial/Commercial Sales & Service,00111209521002,LONG ISLAND EMERGENCY POWER -QO, 2 Ocean Avenue,,DEER PARK,NY ,11729,USA,,631-586-7513,"Sales,"
11791,Industrial/Commercial Sales & Service,00010139211002,POWERPRO SERVICE CO. INC., 608 JOHNSON AVE. UNIT 6,,BOHEMIA,NY ,11716,USA,,631-567-2700,"Sales,Service,Up To 600kW,Mobile/Diesel/Gas,"
11791,Industrial/Commercial Sales & Service,00111209531002,HUNTINGTON POWER - LONG ISLAND, PO BOX 2040,,SHELTON,CT ,06484,USA,,631-586-7513,"Sales,"
11791,Industrial/Commercial Sales & Service,00010134071002,PEAK POWER SYSTEMS, 99 SPRAGUE AVENUE,,MIDDLETOWN,NY ,10940,USA,www.peakpowersystems.com,845-344-1975,"Sales,Service,Up To 600kW,Mobile/Diesel/Gas,Rental,"
11791,Industrial/Commercial Sales & Service,00010001761002,"GENSERVE, INC.", 115A TWINBRIDGE DR.,,PENNSAUKEN,NJ ,08110,USA,www.genserveinc.com,856-324-0459,"Service,"
11791,Industrial/Commercial Sales & Service,00010001621002,BROOKFIELD SERVICE, 708 GLEBE ROAD,,WESTMORELAND,NH ,03467,USA,www.brookfieldservice.com,802-485-6567,"Service,Up To 600kW,Mobile/Diesel/Gas,"
11791,Industrial/Commercial Sales & Service,00010021101002,SOUTH SHORE GENERATOR INC-Quote, 2696A CRANBERRY HWY,,WAREHAM,MA ,02571,USA,,508-295-7336,"Sales,Service,Up To 600kW,Mobile/Diesel/Gas,"
11791,Industrial/Commercial Sales & Service,00010001701002,SOUTH SHORE GENERATOR INC, ,,EAST WAREHAM,MA ,02538,USA,,508-295-7336,"Financing,Sales,Service,Up To 600kW,Mobile/Diesel/Gas,"
11791,Industrial/Commercial Sales & Service,00111184131002,HUNTER & LOMISON, 1956 W FOURTH ST,,WILLIAMSPORT,PA ,17701,USA,www.hunterlomison.com,570-326-1764,"Sales,Service,Up To 600kW,Mobile/Diesel/Gas,Rental,"
11791,Industrial/Commercial Sales & Service,00010000881002,HUNTER & LOMISON INC., 1956 W. 4TH STREET,,WILLIAMSPORT,PA ,17701,USA,www.hunterlomison.com,570-326-1764,"Service,Up To 600kW,Mobile/Diesel/Gas,"
11791,Industrial/Commercial Sales & Service,00111207431002,WARSHAUER ELECTRIC SUPPLY CO INC, 800 SHREWSBURY AVE,,TINTON FALLS,NJ ,07724,USA,www.warshauer.com,732-741-6400,"Service,"
11791,Industrial/Commercial Sales & Service,00010157021002,Mechanical Service Co, 1145 Oak St.,,Pittston,PA ,18640,USA,,570-654-2445,"Service,"
11792,Industrial/Commercial Sales & Service,00010214161002,"R.L. KISTLER, INC.", 35 HAMILTON LANE,,GLENMONT,NY ,12077,USA,,585-436-1940,"Sales,Service,"
11792,Industrial/Commercial Sales & Service,00010001611002,Huntington Power, 230 Long Hill Cross Rd,,Shelton,CT ,06484,USA,www.huntingtonpower.com,203-929-3203,"Sales,Service,Up To 2MW,Mobile/Diesel/Gas,Training,Rental,"
11792,Industrial/Commercial Sales & Service,00010214161002,"R.L. Kistler, Inc", 300 Mile Crossing Blvd.,,Rochester,NY ,14624,USA,rlkistler.com,585-436-1940,"Sales,"
11792,Industrial/Commercial Sales & Service,00010214161002,"R.L. Kistler, Inc", 5615 Business Ave.,,N. Syracuse,NY ,13208,USA,,315-458-2875,"Sales,"
11792,Industrial/Commercial Sales & Service,00010001611002,Huntington Power, 68 Enter Ln,,Islandia,NY ,11749,USA,,631-563-4943,"Sales,Service,Up To 2MW,Mobile/Diesel/Gas,"
11792,Industrial/Commercial Sales & Service,00010001611002,Huntington Power, 34 E DUDLEY TOWN RD.,,BLOOMFIELD,CT ,06002,USA,,860-289-8790,"Sales,Service,Rental,"
11792,Industrial/Commercial Sales & Service,00010214161002,"R.L. Kistler, Inc", 5615 Business Ave.,,N. Syracuse,NY ,13208,USA,,315-458-2875,"Sales,"
11792,Industrial/Commercial Sales & Service,00010001731002,Authorized Services Of New England, 410 Forest Street,,Marlborough,MA ,01752,USA,www.asne.com,888-890-9886,"Financing,Sales,Service,Up To 2MW,Mobile/Diesel/Gas,Training,Rental,"
11792,Industrial/Commercial Sales & Service,00010208021002,Modern Group Power Systems, 2501 Durham Road,,Bristol,PA ,19007,USA,www.moderngroup.com,800-404-7291,"Sales,Service,Up To 2MW,Mobile/Diesel/Gas,Training,Rental,"
11792,Industrial/Commercial Sales & Service,00010008091002,MODERN HANDLING EQUIP, 75 NEW STREET,,EDISON,NJ ,08837,USA,www.moderngroup.com,800-779-5116,"Sales,Service,Up To 2MW,Mobile/Diesel/Gas,"
11792,Industrial/Commercial Sales & Service,00010001731002,AUTHORIZED SERVICES OF NEW ENGLAND, 410 FOREST STREET,,MARLBOROUGH,MA ,01752,USA,,888-890-9886,"Sales,"
11792,Industrial/Commercial Sales & Service,00010000931002,"EMERGENCY POWER SYSTEMS, LLC", 35 HAMILTON LANE,,GLENMONT,NY ,12077,USA,,800-914-1465,"Service,Up To 2MW,Mobile/Diesel/Gas,"
11792,Industrial/Commercial Sales & Service,00010000931002,"EMERGENCY POWER SYSTEMS, LLC", 35 HAMILTON LANE,,GLENMONT,NY ,12077,USA,,800-914-1465,"Service,"
11792,Industrial/Commercial Sales & Service,00010208021002,Modern Group Power Systems, 200 Allied Parkway,,West Berlin,NJ ,08091,USA,,800-404-7291,"Sales,Service,Up To 2MW,Mobile/Diesel/Gas,"
11792,Industrial/Commercial Sales & Service,00010208021002,Modern Group Power Systems, 6352 Chapmans Rd,,Allentown,PA ,18106,USA,,800-404-7291,"Sales,Service,Up To 2MW,Mobile/Diesel/Gas,"
11792,Industrial/Commercial Sales & Service,00010208021002,Modern Group Power Systems, 295 New Commerce Blvd.,,Wilkes Barre,PA ,18706,USA,,800-404-7291,"Sales,Service,Up To 2MW,Mobile/Diesel/Gas,"
11792,Industrial/Commercial Sales & Service,00010208021002,Modern Group Power Systems, 66A South Gate Blvd.,,New Castle,DE ,19720,USA,,800-404-7291,"Sales,Service,Up To 2MW,Mobile/Diesel/Gas,"
11792,Industrial/Commercial Sales & Service,00010139211002,POWERPRO SERVICE CO. INC., 608 JOHNSON AVE. UNIT 6,,BOHEMIA,NY ,11716,USA,,631-567-2700,"Sales,Service,Up To 600kW,Mobile/Diesel/Gas,"
11792,Industrial/Commercial Sales & Service,00111209521002,LONG ISLAND EMERGENCY POWER -QO, 2 Ocean Avenue,,DEER PARK,NY ,11729,USA,,631-586-7513,"Sales,"
11792,Industrial/Commercial Sales & Service,00111209531002,HUNTINGTON POWER - LONG ISLAND, PO BOX 2040,,SHELTON,CT ,06484,USA,,631-586-7513,"Sales,"
11792,Industrial/Commercial Sales & Service,00010001761002,"GENSERVE, INC.", 100 NEWTOWN RD,,PLAINVIEW,NY ,11803,USA,www.genserveinc.com,631-435-0437,"Service,"
11792,Industrial/Commercial Sales & Service,00010134071002,PEAK POWER SYSTEMS, 99 SPRAGUE AVENUE,,MIDDLETOWN,NY ,10940,USA,www.peakpowersystems.com,845-344-1975,"Sales,Service,Up To 600kW,Mobile/Diesel/Gas,Rental,"
11792,Industrial/Commercial Sales & Service,00010021101002,SOUTH SHORE GENERATOR INC-Quote, 2696A CRANBERRY HWY,,WAREHAM,MA ,02571,USA,,508-295-7336,"Sales,Service,Up To 600kW,Mobile/Diesel/Gas,"
11792,Industrial/Commercial Sales & Service,00010001701002,SOUTH SHORE GENERATOR INC, ,,EAST WAREHAM,MA ,02538,USA,,508-295-7336,"Financing,Sales,Service,Up To 600kW,Mobile/Diesel/Gas,"
11792,Industrial/Commercial Sales & Service,00010001761002,"GENSERVE, INC.", 115A TWINBRIDGE DR.,,PENNSAUKEN,NJ ,08110,USA,www.genserveinc.com,856-324-0459,"Service,"
11792,Industrial/Commercial Sales & Service,00010001621002,BROOKFIELD SERVICE, 708 GLEBE ROAD,,WESTMORELAND,NH ,03467,USA,www.brookfieldservice.com,802-485-6567,"Service,Up To 600kW,Mobile/Diesel/Gas,"
11792,Industrial/Commercial Sales & Service,00111207431002,WARSHAUER ELECTRIC SUPPLY CO INC, 800 SHREWSBURY AVE,,TINTON FALLS,NJ ,07724,USA,www.warshauer.com,732-741-6400,"Service,"
11792,Industrial/Commercial Sales & Service,00010157021002,Mechanical Service Co, 1145 Oak St.,,Pittston,PA ,18640,USA,,570-654-2445,"Service,"
11793,Industrial/Commercial Sales & Service,00010214161002,"R.L. Kistler, Inc", 300 Mile Crossing Blvd.,,Rochester,NY ,14624,USA,rlkistler.com,585-436-1940,"Sales,"
11793,Industrial/Commercial Sales & Service,00010001611002,Huntington Power, 230 Long Hill Cross Rd,,Shelton,CT ,06484,USA,www.huntingtonpower.com,203-929-3203,"Sales,Service,Up To 2MW,Mobile/Diesel/Gas,Training,Rental,"
11793,Industrial/Commercial Sales & Service,00010214161002,"R.L. KISTLER, INC.", 35 HAMILTON LANE,,GLENMONT,NY ,12077,USA,,585-436-1940,"Sales,Service,"
11793,Industrial/Commercial Sales & Service,00010214161002,"R.L. Kistler, Inc", 5615 Business Ave.,,N. Syracuse,NY ,13208,USA,,315-458-2875,"Sales,"
11793,Industrial/Commercial Sales & Service,00010001611002,Huntington Power, 68 Enter Ln,,Islandia,NY ,11749,USA,,631-563-4943,"Sales,Service,Up To 2MW,Mobile/Diesel/Gas,"
11793,Industrial/Commercial Sales & Service,00010001611002,Huntington Power, 34 E DUDLEY TOWN RD.,,BLOOMFIELD,CT ,06002,USA,,860-289-8790,"Sales,Service,Rental,"
11793,Industrial/Commercial Sales & Service,00010214161002,"R.L. Kistler, Inc", 5615 Business Ave.,,N. Syracuse,NY ,13208,USA,,315-458-2875,"Sales,"
11793,Industrial/Commercial Sales & Service,00010208021002,Modern Group Power Systems, 2501 Durham Road,,Bristol,PA ,19007,USA,www.moderngroup.com,800-404-7291,"Sales,Service,Up To 2MW,Mobile/Diesel/Gas,Training,Rental,"
11793,Industrial/Commercial Sales & Service,00010001731002,Authorized Services Of New England, 410 Forest Street,,Marlborough,MA ,01752,USA,www.asne.com,888-890-9886,"Financing,Sales,Service,Up To 2MW,Mobile/Diesel/Gas,Training,Rental,"
11793,Industrial/Commercial Sales & Service,00010008091002,MODERN HANDLING EQUIP, 75 NEW STREET,,EDISON,NJ ,08837,USA,www.moderngroup.com,800-779-5116,"Sales,Service,Up To 2MW,Mobile/Diesel/Gas,"
11793,Industrial/Commercial Sales & Service,00010208021002,Modern Group Power Systems, 200 Allied Parkway,,West Berlin,NJ ,08091,USA,,800-404-7291,"Sales,Service,Up To 2MW,Mobile/Diesel/Gas,"
11793,Industrial/Commercial Sales & Service,00010208021002,Modern Group Power Systems, 6352 Chapmans Rd,,Allentown,PA ,18106,USA,,800-404-7291,"Sales,Service,Up To 2MW,Mobile/Diesel/Gas,"
11793,Industrial/Commercial Sales & Service,00010208021002,Modern Group Power Systems, 66A South Gate Blvd.,,New Castle,DE ,19720,USA,,800-404-7291,"Sales,Service,Up To 2MW,Mobile/Diesel/Gas,"
11793,Industrial/Commercial Sales & Service,00010208021002,Modern Group Power Systems, 295 New Commerce Blvd.,,Wilkes Barre,PA ,18706,USA,,800-404-7291,"Sales,Service,Up To 2MW,Mobile/Diesel/Gas,"
11793,Industrial/Commercial Sales & Service,00010000931002,"EMERGENCY POWER SYSTEMS, LLC", 35 HAMILTON LANE,,GLENMONT,NY ,12077,USA,,800-914-1465,"Service,Up To 2MW,Mobile/Diesel/Gas,"
11793,Industrial/Commercial Sales & Service,00010000931002,"EMERGENCY POWER SYSTEMS, LLC", 35 HAMILTON LANE,,GLENMONT,NY ,12077,USA,,800-914-1465,"Service,"
11793,Industrial/Commercial Sales & Service,00010001731002,AUTHORIZED SERVICES OF NEW ENGLAND, 410 FOREST STREET,,MARLBOROUGH,MA ,01752,USA,,888-890-9886,"Sales,"
11793,Industrial/Commercial Sales & Service,00010208021002,Modern Group Power Systems, 3480 Board Road,,York,PA ,17402,USA,,800-404-7291,"Sales,Service,Up To 2MW,Mobile/Diesel/Gas,"
11793,Industrial/Commercial Sales & Service,00010001761002,"GENSERVE, INC.", 100 NEWTOWN RD,,PLAINVIEW,NY ,11803,USA,www.genserveinc.com,631-435-0437,"Service,"
11793,Industrial/Commercial Sales & Service,00111209521002,LONG ISLAND EMERGENCY POWER -QO, 2 Ocean Avenue,,DEER PARK,NY ,11729,USA,,631-586-7513,"Sales,"
11793,Industrial/Commercial Sales & Service,00010139211002,POWERPRO SERVICE CO. INC., 608 JOHNSON AVE. UNIT 6,,BOHEMIA,NY ,11716,USA,,631-567-2700,"Sales,Service,Up To 600kW,Mobile/Diesel/Gas,"
11793,Industrial/Commercial Sales & Service,00111209531002,HUNTINGTON POWER - LONG ISLAND, PO BOX 2040,,SHELTON,CT ,06484,USA,,631-586-7513,"Sales,"
11793,Industrial/Commercial Sales & Service,00010134071002,PEAK POWER SYSTEMS, 99 SPRAGUE AVENUE,,MIDDLETOWN,NY ,10940,USA,www.peakpowersystems.com,845-344-1975,"Sales,Service,Up To 600kW,Mobile/Diesel/Gas,Rental,"
11793,Industrial/Commercial Sales & Service,00010001761002,"GENSERVE, INC.", 115A TWINBRIDGE DR.,,PENNSAUKEN,NJ ,08110,USA,www.genserveinc.com,856-324-0459,"Service,"
11793,Industrial/Commercial Sales & Service,00010021101002,SOUTH SHORE GENERATOR INC-Quote, 2696A CRANBERRY HWY,,WAREHAM,MA ,02571,USA,,508-295-7336,"Sales,Service,Up To 600kW,Mobile/Diesel/Gas,"
11793,Industrial/Commercial Sales & Service,00010001621002,BROOKFIELD SERVICE, 708 GLEBE ROAD,,WESTMORELAND,NH ,03467,USA,www.brookfieldservice.com,802-485-6567,"Service,Up To 600kW,Mobile/Diesel/Gas,"
11793,Industrial/Commercial Sales & Service,00010001701002,SOUTH SHORE GENERATOR INC, ,,EAST WAREHAM,MA ,02538,USA,,508-295-7336,"Financing,Sales,Service,Up To 600kW,Mobile/Diesel/Gas,"
11793,Industrial/Commercial Sales & Service,00111184131002,HUNTER & LOMISON, 1956 W FOURTH ST,,WILLIAMSPORT,PA ,17701,USA,www.hunterlomison.com,570-326-1764,"Sales,Service,Up To 600kW,Mobile/Diesel/Gas,Rental,"
11793,Industrial/Commercial Sales & Service,00010000881002,HUNTER & LOMISON INC., 1956 W. 4TH STREET,,WILLIAMSPORT,PA ,17701,USA,www.hunterlomison.com,570-326-1764,"Service,Up To 600kW,Mobile/Diesel/Gas,"
11793,Industrial/Commercial Sales & Service,00111207431002,WARSHAUER ELECTRIC SUPPLY CO INC, 800 SHREWSBURY AVE,,TINTON FALLS,NJ ,07724,USA,www.warshauer.com,732-741-6400,"Service,"
11793,Industrial/Commercial Sales & Service,00010157021002,Mechanical Service Co, 1145 Oak St.,,Pittston,PA ,18640,USA,,570-654-2445,"Service,"
11794,Industrial/Commercial Sales & Service,00010214161002,"R.L. Kistler, Inc", 300 Mile Crossing Blvd.,,Rochester,NY ,14624,USA,rlkistler.com,585-436-1940,"Sales,"
11794,Industrial/Commercial Sales & Service,00010214161002,"R.L. KISTLER, INC.", 35 HAMILTON LANE,,GLENMONT,NY ,12077,USA,,585-436-1940,"Sales,Service,"
11794,Industrial/Commercial Sales & Service,00010001611002,Huntington Power, 230 Long Hill Cross Rd,,Shelton,CT ,06484,USA,www.huntingtonpower.com,203-929-3203,"Sales,Service,Up To 2MW,Mobile/Diesel/Gas,Training,Rental,"
11794,Industrial/Commercial Sales & Service,00010214161002,"R.L. Kistler, Inc", 5615 Business Ave.,,N. Syracuse,NY ,13208,USA,,315-458-2875,"Sales,"
11794,Industrial/Commercial Sales & Service,00010214161002,"R.L. Kistler, Inc", 5615 Business Ave.,,N. Syracuse,NY ,13208,USA,,315-458-2875,"Sales,"
11794,Industrial/Commercial Sales & Service,00010001611002,Huntington Power, 68 Enter Ln,,Islandia,NY ,11749,USA,,631-563-4943,"Sales,Service,Up To 2MW,Mobile/Diesel/Gas,"
11794,Industrial/Commercial Sales & Service,00010001611002,Huntington Power, 34 E DUDLEY TOWN RD.,,BLOOMFIELD,CT ,06002,USA,,860-289-8790,"Sales,Service,Rental,"
11794,Industrial/Commercial Sales & Service,00010208021002,Modern Group Power Systems, 2501 Durham Road,,Bristol,PA ,19007,USA,www.moderngroup.com,800-404-7291,"Sales,Service,Up To 2MW,Mobile/Diesel/Gas,Training,Rental,"
11794,Industrial/Commercial Sales & Service,00010001731002,Authorized Services Of New England, 410 Forest Street,,Marlborough,MA ,01752,USA,www.asne.com,888-890-9886,"Financing,Sales,Service,Up To 2MW,Mobile/Diesel/Gas,Training,Rental,"
11794,Industrial/Commercial Sales & Service,00010008091002,MODERN HANDLING EQUIP, 75 NEW STREET,,EDISON,NJ ,08837,USA,www.moderngroup.com,800-779-5116,"Sales,Service,Up To 2MW,Mobile/Diesel/Gas,"
11794,Industrial/Commercial Sales & Service,00010000931002,"EMERGENCY POWER SYSTEMS, LLC", 35 HAMILTON LANE,,GLENMONT,NY ,12077,USA,,800-914-1465,"Service,Up To 2MW,Mobile/Diesel/Gas,"
11794,Industrial/Commercial Sales & Service,00010000931002,"EMERGENCY POWER SYSTEMS, LLC", 35 HAMILTON LANE,,GLENMONT,NY ,12077,USA,,800-914-1465,"Service,"
11794,Industrial/Commercial Sales & Service,00010208021002,Modern Group Power Systems, 200 Allied Parkway,,West Berlin,NJ ,08091,USA,,800-404-7291,"Sales,Service,Up To 2MW,Mobile/Diesel/Gas,"
11794,Industrial/Commercial Sales & Service,00010208021002,Modern Group Power Systems, 6352 Chapmans Rd,,Allentown,PA ,18106,USA,,800-404-7291,"Sales,Service,Up To 2MW,Mobile/Diesel/Gas,"
11794,Industrial/Commercial Sales & Service,00010001731002,AUTHORIZED SERVICES OF NEW ENGLAND, 410 FOREST STREET,,MARLBOROUGH,MA ,01752,USA,,888-890-9886,"Sales,"
11794,Industrial/Commercial Sales & Service,00010208021002,Modern Group Power Systems, 295 New Commerce Blvd.,,Wilkes Barre,PA ,18706,USA,,800-404-7291,"Sales,Service,Up To 2MW,Mobile/Diesel/Gas,"
11794,Industrial/Commercial Sales & Service,00010208021002,Modern Group Power Systems, 66A South Gate Blvd.,,New Castle,DE ,19720,USA,,800-404-7291,"Sales,Service,Up To 2MW,Mobile/Diesel/Gas,"
11794,Industrial/Commercial Sales & Service,00010208021002,Modern Group Power Systems, 3480 Board Road,,York,PA ,17402,USA,,800-404-7291,"Sales,Service,Up To 2MW,Mobile/Diesel/Gas,"
11794,Industrial/Commercial Sales & Service,00010139211002,POWERPRO SERVICE CO. INC., 608 JOHNSON AVE. UNIT 6,,BOHEMIA,NY ,11716,USA,,631-567-2700,"Sales,Service,Up To 600kW,Mobile/Diesel/Gas,"
11794,Industrial/Commercial Sales & Service,00111209521002,LONG ISLAND EMERGENCY POWER -QO, 2 Ocean Avenue,,DEER PARK,NY ,11729,USA,,631-586-7513,"Sales,"
11794,Industrial/Commercial Sales & Service,00010001761002,"GENSERVE, INC.", 100 NEWTOWN RD,,PLAINVIEW,NY ,11803,USA,www.genserveinc.com,631-435-0437,"Service,"
11794,Industrial/Commercial Sales & Service,00111209531002,HUNTINGTON POWER - LONG ISLAND, PO BOX 2040,,SHELTON,CT ,06484,USA,,631-586-7513,"Sales,"
11794,Industrial/Commercial Sales & Service,00010134071002,PEAK POWER SYSTEMS, 99 SPRAGUE AVENUE,,MIDDLETOWN,NY ,10940,USA,www.peakpowersystems.com,845-344-1975,"Sales,Service,Up To 600kW,Mobile/Diesel/Gas,Rental,"
11794,Industrial/Commercial Sales & Service,00010001761002,"GENSERVE, INC.", 115A TWINBRIDGE DR.,,PENNSAUKEN,NJ ,08110,USA,www.genserveinc.com,856-324-0459,"Service,"
11794,Industrial/Commercial Sales & Service,00010021101002,SOUTH SHORE GENERATOR INC-Quote, 2696A CRANBERRY HWY,,WAREHAM,MA ,02571,USA,,508-295-7336,"Sales,Service,Up To 600kW,Mobile/Diesel/Gas,"
11794,Industrial/Commercial Sales & Service,00010001701002,SOUTH SHORE GENERATOR INC, ,,EAST WAREHAM,MA ,02538,USA,,508-295-7336,"Financing,Sales,Service,Up To 600kW,Mobile/Diesel/Gas,"
11794,Industrial/Commercial Sales & Service,00010001621002,BROOKFIELD SERVICE, 708 GLEBE ROAD,,WESTMORELAND,NH ,03467,USA,www.brookfieldservice.com,802-485-6567,"Service,Up To 600kW,Mobile/Diesel/Gas,"
11794,Industrial/Commercial Sales & Service,00111207431002,WARSHAUER ELECTRIC SUPPLY CO INC, 800 SHREWSBURY AVE,,TINTON FALLS,NJ ,07724,USA,www.warshauer.com,732-741-6400,"Service,"
11794,Industrial/Commercial Sales & Service,00010157021002,Mechanical Service Co, 1145 Oak St.,,Pittston,PA ,18640,USA,,570-654-2445,"Service,"
11795,Industrial/Commercial Sales & Service,00010214161002,"R.L. KISTLER, INC.", 35 HAMILTON LANE,,GLENMONT,NY ,12077,USA,,585-436-1940,"Sales,Service,"
11795,Industrial/Commercial Sales & Service,00010214161002,"R.L. Kistler, Inc", 300 Mile Crossing Blvd.,,Rochester,NY ,14624,USA,rlkistler.com,585-436-1940,"Sales,"
11795,Industrial/Commercial Sales & Service,00010001611002,Huntington Power, 230 Long Hill Cross Rd,,Shelton,CT ,06484,USA,www.huntingtonpower.com,203-929-3203,"Sales,Service,Up To 2MW,Mobile/Diesel/Gas,Training,Rental,"
11795,Industrial/Commercial Sales & Service,00010214161002,"R.L. Kistler, Inc", 5615 Business Ave.,,N. Syracuse,NY ,13208,USA,,315-458-2875,"Sales,"
11795,Industrial/Commercial Sales & Service,00010214161002,"R.L. Kistler, Inc", 5615 Business Ave.,,N. Syracuse,NY ,13208,USA,,315-458-2875,"Sales,"
11795,Industrial/Commercial Sales & Service,00010001611002,Huntington Power, 68 Enter Ln,,Islandia,NY ,11749,USA,,631-563-4943,"Sales,Service,Up To 2MW,Mobile/Diesel/Gas,"
11795,Industrial/Commercial Sales & Service,00010001611002,Huntington Power, 34 E DUDLEY TOWN RD.,,BLOOMFIELD,CT ,06002,USA,,860-289-8790,"Sales,Service,Rental,"
11795,Industrial/Commercial Sales & Service,00010208021002,Modern Group Power Systems, 2501 Durham Road,,Bristol,PA ,19007,USA,www.moderngroup.com,800-404-7291,"Sales,Service,Up To 2MW,Mobile/Diesel/Gas,Training,Rental,"
11795,Industrial/Commercial Sales & Service,00010001731002,Authorized Services Of New England, 410 Forest Street,,Marlborough,MA ,01752,USA,www.asne.com,888-890-9886,"Financing,Sales,Service,Up To 2MW,Mobile/Diesel/Gas,Training,Rental,"
11795,Industrial/Commercial Sales & Service,00010008091002,MODERN HANDLING EQUIP, 75 NEW STREET,,EDISON,NJ ,08837,USA,www.moderngroup.com,800-779-5116,"Sales,Service,Up To 2MW,Mobile/Diesel/Gas,"
11795,Industrial/Commercial Sales & Service,00010208021002,Modern Group Power Systems, 200 Allied Parkway,,West Berlin,NJ ,08091,USA,,800-404-7291,"Sales,Service,Up To 2MW,Mobile/Diesel/Gas,"
11795,Industrial/Commercial Sales & Service,00010208021002,Modern Group Power Systems, 6352 Chapmans Rd,,Allentown,PA ,18106,USA,,800-404-7291,"Sales,Service,Up To 2MW,Mobile/Diesel/Gas,"
11795,Industrial/Commercial Sales & Service,00010000931002,"EMERGENCY POWER SYSTEMS, LLC", 35 HAMILTON LANE,,GLENMONT,NY ,12077,USA,,800-914-1465,"Service,Up To 2MW,Mobile/Diesel/Gas,"
11795,Industrial/Commercial Sales & Service,00010000931002,"EMERGENCY POWER SYSTEMS, LLC", 35 HAMILTON LANE,,GLENMONT,NY ,12077,USA,,800-914-1465,"Service,"
11795,Industrial/Commercial Sales & Service,00010208021002,Modern Group Power Systems, 295 New Commerce Blvd.,,Wilkes Barre,PA ,18706,USA,,800-404-7291,"Sales,Service,Up To 2MW,Mobile/Diesel/Gas,"
11795,Industrial/Commercial Sales & Service,00010208021002,Modern Group Power Systems, 66A South Gate Blvd.,,New Castle,DE ,19720,USA,,800-404-7291,"Sales,Service,Up To 2MW,Mobile/Diesel/Gas,"
11795,Industrial/Commercial Sales & Service,00010001731002,AUTHORIZED SERVICES OF NEW ENGLAND, 410 FOREST STREET,,MARLBOROUGH,MA ,01752,USA,,888-890-9886,"Sales,"
11795,Industrial/Commercial Sales & Service,00010208021002,Modern Group Power Systems, 3480 Board Road,,York,PA ,17402,USA,,800-404-7291,"Sales,Service,Up To 2MW,Mobile/Diesel/Gas,"
11795,Industrial/Commercial Sales & Service,00111209521002,LONG ISLAND EMERGENCY POWER -QO, 2 Ocean Avenue,,DEER PARK,NY ,11729,USA,,631-586-7513,"Sales,"
11795,Industrial/Commercial Sales & Service,00010139211002,POWERPRO SERVICE CO. INC., 608 JOHNSON AVE. UNIT 6,,BOHEMIA,NY ,11716,USA,,631-567-2700,"Sales,Service,Up To 600kW,Mobile/Diesel/Gas,"
11795,Industrial/Commercial Sales & Service,00010001761002,"GENSERVE, INC.", 100 NEWTOWN RD,,PLAINVIEW,NY ,11803,USA,www.genserveinc.com,631-435-0437,"Service,"
11795,Industrial/Commercial Sales & Service,00111209531002,HUNTINGTON POWER - LONG ISLAND, PO BOX 2040,,SHELTON,CT ,06484,USA,,631-586-7513,"Sales,"
11795,Industrial/Commercial Sales & Service,00010134071002,PEAK POWER SYSTEMS, 99 SPRAGUE AVENUE,,MIDDLETOWN,NY ,10940,USA,www.peakpowersystems.com,845-344-1975,"Sales,Service,Up To 600kW,Mobile/Diesel/Gas,Rental,"
11795,Industrial/Commercial Sales & Service,00010001761002,"GENSERVE, INC.", 115A TWINBRIDGE DR.,,PENNSAUKEN,NJ ,08110,USA,www.genserveinc.com,856-324-0459,"Service,"
11795,Industrial/Commercial Sales & Service,00010021101002,SOUTH SHORE GENERATOR INC-Quote, 2696A CRANBERRY HWY,,WAREHAM,MA ,02571,USA,,508-295-7336,"Sales,Service,Up To 600kW,Mobile/Diesel/Gas,"
11795,Industrial/Commercial Sales & Service,00010001701002,SOUTH SHORE GENERATOR INC, ,,EAST WAREHAM,MA ,02538,USA,,508-295-7336,"Financing,Sales,Service,Up To 600kW,Mobile/Diesel/Gas,"
11795,Industrial/Commercial Sales & Service,00010001621002,BROOKFIELD SERVICE, 708 GLEBE ROAD,,WESTMORELAND,NH ,03467,USA,www.brookfieldservice.com,802-485-6567,"Service,Up To 600kW,Mobile/Diesel/Gas,"
11795,Industrial/Commercial Sales & Service,00111184131002,HUNTER & LOMISON, 1956 W FOURTH ST,,WILLIAMSPORT,PA ,17701,USA,www.hunterlomison.com,570-326-1764,"Sales,Service,Up To 600kW,Mobile/Diesel/Gas,Rental,"
11795,Industrial/Commercial Sales & Service,00010000881002,HUNTER & LOMISON INC., 1956 W. 4TH STREET,,WILLIAMSPORT,PA ,17701,USA,www.hunterlomison.com,570-326-1764,"Service,Up To 600kW,Mobile/Diesel/Gas,"
11795,Industrial/Commercial Sales & Service,00111207431002,WARSHAUER ELECTRIC SUPPLY CO INC, 800 SHREWSBURY AVE,,TINTON FALLS,NJ ,07724,USA,www.warshauer.com,732-741-6400,"Service,"
11795,Industrial/Commercial Sales & Service,00010157021002,Mechanical Service Co, 1145 Oak St.,,Pittston,PA ,18640,USA,,570-654-2445,"Service,"
11796,Industrial/Commercial Sales & Service,00010214161002,"R.L. KISTLER, INC.", 35 HAMILTON LANE,,GLENMONT,NY ,12077,USA,,585-436-1940,"Sales,Service,"
11796,Industrial/Commercial Sales & Service,00010001611002,Huntington Power, 230 Long Hill Cross Rd,,Shelton,CT ,06484,USA,www.huntingtonpower.com,203-929-3203,"Sales,Service,Up To 2MW,Mobile/Diesel/Gas,Training,Rental,"
11796,Industrial/Commercial Sales & Service,00010214161002,"R.L. Kistler, Inc", 300 Mile Crossing Blvd.,,Rochester,NY ,14624,USA,rlkistler.com,585-436-1940,"Sales,"
11796,Industrial/Commercial Sales & Service,00010214161002,"R.L. Kistler, Inc", 5615 Business Ave.,,N. Syracuse,NY ,13208,USA,,315-458-2875,"Sales,"
11796,Industrial/Commercial Sales & Service,00010001611002,Huntington Power, 68 Enter Ln,,Islandia,NY ,11749,USA,,631-563-4943,"Sales,Service,Up To 2MW,Mobile/Diesel/Gas,"
11796,Industrial/Commercial Sales & Service,00010001611002,Huntington Power, 34 E DUDLEY TOWN RD.,,BLOOMFIELD,CT ,06002,USA,,860-289-8790,"Sales,Service,Rental,"
11796,Industrial/Commercial Sales & Service,00010214161002,"R.L. Kistler, Inc", 5615 Business Ave.,,N. Syracuse,NY ,13208,USA,,315-458-2875,"Sales,"
11796,Industrial/Commercial Sales & Service,00010208021002,Modern Group Power Systems, 2501 Durham Road,,Bristol,PA ,19007,USA,www.moderngroup.com,800-404-7291,"Sales,Service,Up To 2MW,Mobile/Diesel/Gas,Training,Rental,"
11796,Industrial/Commercial Sales & Service,00010001731002,Authorized Services Of New England, 410 Forest Street,,Marlborough,MA ,01752,USA,www.asne.com,888-890-9886,"Financing,Sales,Service,Up To 2MW,Mobile/Diesel/Gas,Training,Rental,"
11796,Industrial/Commercial Sales & Service,00010008091002,MODERN HANDLING EQUIP, 75 NEW STREET,,EDISON,NJ ,08837,USA,www.moderngroup.com,800-779-5116,"Sales,Service,Up To 2MW,Mobile/Diesel/Gas,"
11796,Industrial/Commercial Sales & Service,00010208021002,Modern Group Power Systems, 200 Allied Parkway,,West Berlin,NJ ,08091,USA,,800-404-7291,"Sales,Service,Up To 2MW,Mobile/Diesel/Gas,"
11796,Industrial/Commercial Sales & Service,00010208021002,Modern Group Power Systems, 6352 Chapmans Rd,,Allentown,PA ,18106,USA,,800-404-7291,"Sales,Service,Up To 2MW,Mobile/Diesel/Gas,"
11796,Industrial/Commercial Sales & Service,00010000931002,"EMERGENCY POWER SYSTEMS, LLC", 35 HAMILTON LANE,,GLENMONT,NY ,12077,USA,,800-914-1465,"Service,Up To 2MW,Mobile/Diesel/Gas,"
11796,Industrial/Commercial Sales & Service,00010000931002,"EMERGENCY POWER SYSTEMS, LLC", 35 HAMILTON LANE,,GLENMONT,NY ,12077,USA,,800-914-1465,"Service,"
11796,Industrial/Commercial Sales & Service,00010001731002,AUTHORIZED SERVICES OF NEW ENGLAND, 410 FOREST STREET,,MARLBOROUGH,MA ,01752,USA,,888-890-9886,"Sales,"
11796,Industrial/Commercial Sales & Service,00010208021002,Modern Group Power Systems, 295 New Commerce Blvd.,,Wilkes Barre,PA ,18706,USA,,800-404-7291,"Sales,Service,Up To 2MW,Mobile/Diesel/Gas,"
11796,Industrial/Commercial Sales & Service,00010208021002,Modern Group Power Systems, 66A South Gate Blvd.,,New Castle,DE ,19720,USA,,800-404-7291,"Sales,Service,Up To 2MW,Mobile/Diesel/Gas,"
11796,Industrial/Commercial Sales & Service,00010208021002,Modern Group Power Systems, 3480 Board Road,,York,PA ,17402,USA,,800-404-7291,"Sales,Service,Up To 2MW,Mobile/Diesel/Gas,"
11796,Industrial/Commercial Sales & Service,00010139211002,POWERPRO SERVICE CO. INC., 608 JOHNSON AVE. UNIT 6,,BOHEMIA,NY ,11716,USA,,631-567-2700,"Sales,Service,Up To 600kW,Mobile/Diesel/Gas,"
11796,Industrial/Commercial Sales & Service,00111209521002,LONG ISLAND EMERGENCY POWER -QO, 2 Ocean Avenue,,DEER PARK,NY ,11729,USA,,631-586-7513,"Sales,"
11796,Industrial/Commercial Sales & Service,00010001761002,"GENSERVE, INC.", 100 NEWTOWN RD,,PLAINVIEW,NY ,11803,USA,www.genserveinc.com,631-435-0437,"Service,"
11796,Industrial/Commercial Sales & Service,00111209531002,HUNTINGTON POWER - LONG ISLAND, PO BOX 2040,,SHELTON,CT ,06484,USA,,631-586-7513,"Sales,"
11796,Industrial/Commercial Sales & Service,00010134071002,PEAK POWER SYSTEMS, 99 SPRAGUE AVENUE,,MIDDLETOWN,NY ,10940,USA,www.peakpowersystems.com,845-344-1975,"Sales,Service,Up To 600kW,Mobile/Diesel/Gas,Rental,"
11796,Industrial/Commercial Sales & Service,00010001761002,"GENSERVE, INC.", 115A TWINBRIDGE DR.,,PENNSAUKEN,NJ ,08110,USA,www.genserveinc.com,856-324-0459,"Service,"
11796,Industrial/Commercial Sales & Service,00010021101002,SOUTH SHORE GENERATOR INC-Quote, 2696A CRANBERRY HWY,,WAREHAM,MA ,02571,USA,,508-295-7336,"Sales,Service,Up To 600kW,Mobile/Diesel/Gas,"
11796,Industrial/Commercial Sales & Service,00010001701002,SOUTH SHORE GENERATOR INC, ,,EAST WAREHAM,MA ,02538,USA,,508-295-7336,"Financing,Sales,Service,Up To 600kW,Mobile/Diesel/Gas,"
11796,Industrial/Commercial Sales & Service,00010001621002,BROOKFIELD SERVICE, 708 GLEBE ROAD,,WESTMORELAND,NH ,03467,USA,www.brookfieldservice.com,802-485-6567,"Service,Up To 600kW,Mobile/Diesel/Gas,"
11796,Industrial/Commercial Sales & Service,00111207431002,WARSHAUER ELECTRIC SUPPLY CO INC, 800 SHREWSBURY AVE,,TINTON FALLS,NJ ,07724,USA,www.warshauer.com,732-741-6400,"Service,"
11796,Industrial/Commercial Sales & Service,00010157021002,Mechanical Service Co, 1145 Oak St.,,Pittston,PA ,18640,USA,,570-654-2445,"Service,"
11797,Industrial/Commercial Sales & Service,00010214161002,"R.L. KISTLER, INC.", 35 HAMILTON LANE,,GLENMONT,NY ,12077,USA,,585-436-1940,"Sales,Service,"
11797,Industrial/Commercial Sales & Service,00010001611002,Huntington Power, 230 Long Hill Cross Rd,,Shelton,CT ,06484,USA,www.huntingtonpower.com,203-929-3203,"Sales,Service,Up To 2MW,Mobile/Diesel/Gas,Training,Rental,"
11797,Industrial/Commercial Sales & Service,00010214161002,"R.L. Kistler, Inc", 300 Mile Crossing Blvd.,,Rochester,NY ,14624,USA,rlkistler.com,585-436-1940,"Sales,"
11797,Industrial/Commercial Sales & Service,00010214161002,"R.L. Kistler, Inc", 5615 Business Ave.,,N. Syracuse,NY ,13208,USA,,315-458-2875,"Sales,"
11797,Industrial/Commercial Sales & Service,00010001611002,Huntington Power, 68 Enter Ln,,Islandia,NY ,11749,USA,,631-563-4943,"Sales,Service,Up To 2MW,Mobile/Diesel/Gas,"
11797,Industrial/Commercial Sales & Service,00010001611002,Huntington Power, 34 E DUDLEY TOWN RD.,,BLOOMFIELD,CT ,06002,USA,,860-289-8790,"Sales,Service,Rental,"
11797,Industrial/Commercial Sales & Service,00010214161002,"R.L. Kistler, Inc", 5615 Business Ave.,,N. Syracuse,NY ,13208,USA,,315-458-2875,"Sales,"
11797,Industrial/Commercial Sales & Service,00010208021002,Modern Group Power Systems, 2501 Durham Road,,Bristol,PA ,19007,USA,www.moderngroup.com,800-404-7291,"Sales,Service,Up To 2MW,Mobile/Diesel/Gas,Training,Rental,"
11797,Industrial/Commercial Sales & Service,00010001731002,Authorized Services Of New England, 410 Forest Street,,Marlborough,MA ,01752,USA,www.asne.com,888-890-9886,"Financing,Sales,Service,Up To 2MW,Mobile/Diesel/Gas,Training,Rental,"
11797,Industrial/Commercial Sales & Service,00010008091002,MODERN HANDLING EQUIP, 75 NEW STREET,,EDISON,NJ ,08837,USA,www.moderngroup.com,800-779-5116,"Sales,Service,Up To 2MW,Mobile/Diesel/Gas,"
11797,Industrial/Commercial Sales & Service,00010208021002,Modern Group Power Systems, 200 Allied Parkway,,West Berlin,NJ ,08091,USA,,800-404-7291,"Sales,Service,Up To 2MW,Mobile/Diesel/Gas,"
11797,Industrial/Commercial Sales & Service,00010208021002,Modern Group Power Systems, 6352 Chapmans Rd,,Allentown,PA ,18106,USA,,800-404-7291,"Sales,Service,Up To 2MW,Mobile/Diesel/Gas,"
11797,Industrial/Commercial Sales & Service,00010000931002,"EMERGENCY POWER SYSTEMS, LLC", 35 HAMILTON LANE,,GLENMONT,NY ,12077,USA,,800-914-1465,"Service,Up To 2MW,Mobile/Diesel/Gas,"
11797,Industrial/Commercial Sales & Service,00010000931002,"EMERGENCY POWER SYSTEMS, LLC", 35 HAMILTON LANE,,GLENMONT,NY ,12077,USA,,800-914-1465,"Service,"
11797,Industrial/Commercial Sales & Service,00010208021002,Modern Group Power Systems, 295 New Commerce Blvd.,,Wilkes Barre,PA ,18706,USA,,800-404-7291,"Sales,Service,Up To 2MW,Mobile/Diesel/Gas,"
11797,Industrial/Commercial Sales & Service,00010208021002,Modern Group Power Systems, 66A South Gate Blvd.,,New Castle,DE ,19720,USA,,800-404-7291,"Sales,Service,Up To 2MW,Mobile/Diesel/Gas,"
11797,Industrial/Commercial Sales & Service,00010001731002,AUTHORIZED SERVICES OF NEW ENGLAND, 410 FOREST STREET,,MARLBOROUGH,MA ,01752,USA,,888-890-9886,"Sales,"
11797,Industrial/Commercial Sales & Service,00010208021002,Modern Group Power Systems, 3480 Board Road,,York,PA ,17402,USA,,800-404-7291,"Sales,Service,Up To 2MW,Mobile/Diesel/Gas,"
11797,Industrial/Commercial Sales & Service,00010001761002,"GENSERVE, INC.", 100 NEWTOWN RD,,PLAINVIEW,NY ,11803,USA,www.genserveinc.com,631-435-0437,"Service,"
11797,Industrial/Commercial Sales & Service,00111209521002,LONG ISLAND EMERGENCY POWER -QO, 2 Ocean Avenue,,DEER PARK,NY ,11729,USA,,631-586-7513,"Sales,"
11797,Industrial/Commercial Sales & Service,00010139211002,POWERPRO SERVICE CO. INC., 608 JOHNSON AVE. UNIT 6,,BOHEMIA,NY ,11716,USA,,631-567-2700,"Sales,Service,Up To 600kW,Mobile/Diesel/Gas,"
11797,Industrial/Commercial Sales & Service,00111209531002,HUNTINGTON POWER - LONG ISLAND, PO BOX 2040,,SHELTON,CT ,06484,USA,,631-586-7513,"Sales,"
11797,Industrial/Commercial Sales & Service,00010134071002,PEAK POWER SYSTEMS, 99 SPRAGUE AVENUE,,MIDDLETOWN,NY ,10940,USA,www.peakpowersystems.com,845-344-1975,"Sales,Service,Up To 600kW,Mobile/Diesel/Gas,Rental,"
11797,Industrial/Commercial Sales & Service,00010001761002,"GENSERVE, INC.", 115A TWINBRIDGE DR.,,PENNSAUKEN,NJ ,08110,USA,www.genserveinc.com,856-324-0459,"Service,"
11797,Industrial/Commercial Sales & Service,00010001621002,BROOKFIELD SERVICE, 708 GLEBE ROAD,,WESTMORELAND,NH ,03467,USA,www.brookfieldservice.com,802-485-6567,"Service,Up To 600kW,Mobile/Diesel/Gas,"
11797,Industrial/Commercial Sales & Service,00010021101002,SOUTH SHORE GENERATOR INC-Quote, 2696A CRANBERRY HWY,,WAREHAM,MA ,02571,USA,,508-295-7336,"Sales,Service,Up To 600kW,Mobile/Diesel/Gas,"
11797,Industrial/Commercial Sales & Service,00010001701002,SOUTH SHORE GENERATOR INC, ,,EAST WAREHAM,MA ,02538,USA,,508-295-7336,"Financing,Sales,Service,Up To 600kW,Mobile/Diesel/Gas,"
11797,Industrial/Commercial Sales & Service,00111184131002,HUNTER & LOMISON, 1956 W FOURTH ST,,WILLIAMSPORT,PA ,17701,USA,www.hunterlomison.com,570-326-1764,"Sales,Service,Up To 600kW,Mobile/Diesel/Gas,Rental,"
11797,Industrial/Commercial Sales & Service,00010000881002,HUNTER & LOMISON INC., 1956 W. 4TH STREET,,WILLIAMSPORT,PA ,17701,USA,www.hunterlomison.com,570-326-1764,"Service,Up To 600kW,Mobile/Diesel/Gas,"
11797,Industrial/Commercial Sales & Service,00111207431002,WARSHAUER ELECTRIC SUPPLY CO INC, 800 SHREWSBURY AVE,,TINTON FALLS,NJ ,07724,USA,www.warshauer.com,732-741-6400,"Service,"
11797,Industrial/Commercial Sales & Service,00010157021002,Mechanical Service Co, 1145 Oak St.,,Pittston,PA ,18640,USA,,570-654-2445,"Service,"
11798,Industrial/Commercial Sales & Service,00010001611002,Huntington Power, 230 Long Hill Cross Rd,,Shelton,CT ,06484,USA,www.huntingtonpower.com,203-929-3203,"Sales,Service,Up To 2MW,Mobile/Diesel/Gas,Training,Rental,"
11798,Industrial/Commercial Sales & Service,00010214161002,"R.L. Kistler, Inc", 300 Mile Crossing Blvd.,,Rochester,NY ,14624,USA,rlkistler.com,585-436-1940,"Sales,"
11798,Industrial/Commercial Sales & Service,00010214161002,"R.L. KISTLER, INC.", 35 HAMILTON LANE,,GLENMONT,NY ,12077,USA,,585-436-1940,"Sales,Service,"
11798,Industrial/Commercial Sales & Service,00010001611002,Huntington Power, 68 Enter Ln,,Islandia,NY ,11749,USA,,631-563-4943,"Sales,Service,Up To 2MW,Mobile/Diesel/Gas,"
11798,Industrial/Commercial Sales & Service,00010001611002,Huntington Power, 34 E DUDLEY TOWN RD.,,BLOOMFIELD,CT ,06002,USA,,860-289-8790,"Sales,Service,Rental,"
11798,Industrial/Commercial Sales & Service,00010214161002,"R.L. Kistler, Inc", 5615 Business Ave.,,N. Syracuse,NY ,13208,USA,,315-458-2875,"Sales,"
11798,Industrial/Commercial Sales & Service,00010214161002,"R.L. Kistler, Inc", 5615 Business Ave.,,N. Syracuse,NY ,13208,USA,,315-458-2875,"Sales,"
11798,Industrial/Commercial Sales & Service,00010208021002,Modern Group Power Systems, 2501 Durham Road,,Bristol,PA ,19007,USA,www.moderngroup.com,800-404-7291,"Sales,Service,Up To 2MW,Mobile/Diesel/Gas,Training,Rental,"
11798,Industrial/Commercial Sales & Service,00010001731002,Authorized Services Of New England, 410 Forest Street,,Marlborough,MA ,01752,USA,www.asne.com,888-890-9886,"Financing,Sales,Service,Up To 2MW,Mobile/Diesel/Gas,Training,Rental,"
11798,Industrial/Commercial Sales & Service,00010008091002,MODERN HANDLING EQUIP, 75 NEW STREET,,EDISON,NJ ,08837,USA,www.moderngroup.com,800-779-5116,"Sales,Service,Up To 2MW,Mobile/Diesel/Gas,"
11798,Industrial/Commercial Sales & Service,00010208021002,Modern Group Power Systems, 200 Allied Parkway,,West Berlin,NJ ,08091,USA,,800-404-7291,"Sales,Service,Up To 2MW,Mobile/Diesel/Gas,"
11798,Industrial/Commercial Sales & Service,00010208021002,Modern Group Power Systems, 6352 Chapmans Rd,,Allentown,PA ,18106,USA,,800-404-7291,"Sales,Service,Up To 2MW,Mobile/Diesel/Gas,"
11798,Industrial/Commercial Sales & Service,00010000931002,"EMERGENCY POWER SYSTEMS, LLC", 35 HAMILTON LANE,,GLENMONT,NY ,12077,USA,,800-914-1465,"Service,Up To 2MW,Mobile/Diesel/Gas,"
11798,Industrial/Commercial Sales & Service,00010000931002,"EMERGENCY POWER SYSTEMS, LLC", 35 HAMILTON LANE,,GLENMONT,NY ,12077,USA,,800-914-1465,"Service,"
11798,Industrial/Commercial Sales & Service,00010208021002,Modern Group Power Systems, 295 New Commerce Blvd.,,Wilkes Barre,PA ,18706,USA,,800-404-7291,"Sales,Service,Up To 2MW,Mobile/Diesel/Gas,"
11798,Industrial/Commercial Sales & Service,00010208021002,Modern Group Power Systems, 66A South Gate Blvd.,,New Castle,DE ,19720,USA,,800-404-7291,"Sales,Service,Up To 2MW,Mobile/Diesel/Gas,"
11798,Industrial/Commercial Sales & Service,00010001731002,AUTHORIZED SERVICES OF NEW ENGLAND, 410 FOREST STREET,,MARLBOROUGH,MA ,01752,USA,,888-890-9886,"Sales,"
11798,Industrial/Commercial Sales & Service,00010208021002,Modern Group Power Systems, 3480 Board Road,,York,PA ,17402,USA,,800-404-7291,"Sales,Service,Up To 2MW,Mobile/Diesel/Gas,"
11798,Industrial/Commercial Sales & Service,00111209521002,LONG ISLAND EMERGENCY POWER -QO, 2 Ocean Avenue,,DEER PARK,NY ,11729,USA,,631-586-7513,"Sales,"
11798,Industrial/Commercial Sales & Service,00010001761002,"GENSERVE, INC.", 100 NEWTOWN RD,,PLAINVIEW,NY ,11803,USA,www.genserveinc.com,631-435-0437,"Service,"
11798,Industrial/Commercial Sales & Service,00010139211002,POWERPRO SERVICE CO. INC., 608 JOHNSON AVE. UNIT 6,,BOHEMIA,NY ,11716,USA,,631-567-2700,"Sales,Service,Up To 600kW,Mobile/Diesel/Gas,"
11798,Industrial/Commercial Sales & Service,00111209531002,HUNTINGTON POWER - LONG ISLAND, PO BOX 2040,,SHELTON,CT ,06484,USA,,631-586-7513,"Sales,"
11798,Industrial/Commercial Sales & Service,00010134071002,PEAK POWER SYSTEMS, 99 SPRAGUE AVENUE,,MIDDLETOWN,NY ,10940,USA,www.peakpowersystems.com,845-344-1975,"Sales,Service,Up To 600kW,Mobile/Diesel/Gas,Rental,"
11798,Industrial/Commercial Sales & Service,00010001761002,"GENSERVE, INC.", 115A TWINBRIDGE DR.,,PENNSAUKEN,NJ ,08110,USA,www.genserveinc.com,856-324-0459,"Service,"
11798,Industrial/Commercial Sales & Service,00010021101002,SOUTH SHORE GENERATOR INC-Quote, 2696A CRANBERRY HWY,,WAREHAM,MA ,02571,USA,,508-295-7336,"Sales,Service,Up To 600kW,Mobile/Diesel/Gas,"
11798,Industrial/Commercial Sales & Service,00010001701002,SOUTH SHORE GENERATOR INC, ,,EAST WAREHAM,MA ,02538,USA,,508-295-7336,"Financing,Sales,Service,Up To 600kW,Mobile/Diesel/Gas,"
11798,Industrial/Commercial Sales & Service,00010001621002,BROOKFIELD SERVICE, 708 GLEBE ROAD,,WESTMORELAND,NH ,03467,USA,www.brookfieldservice.com,802-485-6567,"Service,Up To 600kW,Mobile/Diesel/Gas,"
11798,Industrial/Commercial Sales & Service,00111184131002,HUNTER & LOMISON, 1956 W FOURTH ST,,WILLIAMSPORT,PA ,17701,USA,www.hunterlomison.com,570-326-1764,"Sales,Service,Up To 600kW,Mobile/Diesel/Gas,Rental,"
11798,Industrial/Commercial Sales & Service,00010000881002,HUNTER & LOMISON INC., 1956 W. 4TH STREET,,WILLIAMSPORT,PA ,17701,USA,www.hunterlomison.com,570-326-1764,"Service,Up To 600kW,Mobile/Diesel/Gas,"
11798,Industrial/Commercial Sales & Service,00111207431002,WARSHAUER ELECTRIC SUPPLY CO INC, 800 SHREWSBURY AVE,,TINTON FALLS,NJ ,07724,USA,www.warshauer.com,732-741-6400,"Service,"
11798,Industrial/Commercial Sales & Service,00010157021002,Mechanical Service Co, 1145 Oak St.,,Pittston,PA ,18640,USA,,570-654-2445,"Service,"
11801,Industrial/Commercial Sales & Service,00010001611002,Huntington Power, 230 Long Hill Cross Rd,,Shelton,CT ,06484,USA,www.huntingtonpower.com,203-929-3203,"Sales,Service,Up To 2MW,Mobile/Diesel/Gas,Training,Rental,"
11801,Industrial/Commercial Sales & Service,00010214161002,"R.L. KISTLER, INC.", 35 HAMILTON LANE,,GLENMONT,NY ,12077,USA,,585-436-1940,"Sales,Service,"
11801,Industrial/Commercial Sales & Service,00010214161002,"R.L. Kistler, Inc", 300 Mile Crossing Blvd.,,Rochester,NY ,14624,USA,rlkistler.com,585-436-1940,"Sales,"
11801,Industrial/Commercial Sales & Service,00010001611002,Huntington Power, 68 Enter Ln,,Islandia,NY ,11749,USA,,631-563-4943,"Sales,Service,Up To 2MW,Mobile/Diesel/Gas,"
11801,Industrial/Commercial Sales & Service,00010001611002,Huntington Power, 34 E DUDLEY TOWN RD.,,BLOOMFIELD,CT ,06002,USA,,860-289-8790,"Sales,Service,Rental,"
11801,Industrial/Commercial Sales & Service,00010214161002,"R.L. Kistler, Inc", 5615 Business Ave.,,N. Syracuse,NY ,13208,USA,,315-458-2875,"Sales,"
11801,Industrial/Commercial Sales & Service,00010214161002,"R.L. Kistler, Inc", 5615 Business Ave.,,N. Syracuse,NY ,13208,USA,,315-458-2875,"Sales,"
11801,Industrial/Commercial Sales & Service,00010208021002,Modern Group Power Systems, 2501 Durham Road,,Bristol,PA ,19007,USA,www.moderngroup.com,800-404-7291,"Sales,Service,Up To 2MW,Mobile/Diesel/Gas,Training,Rental,"
11801,Industrial/Commercial Sales & Service,00010001731002,Authorized Services Of New England, 410 Forest Street,,Marlborough,MA ,01752,USA,www.asne.com,888-890-9886,"Financing,Sales,Service,Up To 2MW,Mobile/Diesel/Gas,Training,Rental,"
11801,Industrial/Commercial Sales & Service,00010008091002,MODERN HANDLING EQUIP, 75 NEW STREET,,EDISON,NJ ,08837,USA,www.moderngroup.com,800-779-5116,"Sales,Service,Up To 2MW,Mobile/Diesel/Gas,"
11801,Industrial/Commercial Sales & Service,00010208021002,Modern Group Power Systems, 200 Allied Parkway,,West Berlin,NJ ,08091,USA,,800-404-7291,"Sales,Service,Up To 2MW,Mobile/Diesel/Gas,"
11801,Industrial/Commercial Sales & Service,00010208021002,Modern Group Power Systems, 6352 Chapmans Rd,,Allentown,PA ,18106,USA,,800-404-7291,"Sales,Service,Up To 2MW,Mobile/Diesel/Gas,"
11801,Industrial/Commercial Sales & Service,00010000931002,"EMERGENCY POWER SYSTEMS, LLC", 35 HAMILTON LANE,,GLENMONT,NY ,12077,USA,,800-914-1465,"Service,Up To 2MW,Mobile/Diesel/Gas,"
11801,Industrial/Commercial Sales & Service,00010000931002,"EMERGENCY POWER SYSTEMS, LLC", 35 HAMILTON LANE,,GLENMONT,NY ,12077,USA,,800-914-1465,"Service,"
11801,Industrial/Commercial Sales & Service,00010208021002,Modern Group Power Systems, 295 New Commerce Blvd.,,Wilkes Barre,PA ,18706,USA,,800-404-7291,"Sales,Service,Up To 2MW,Mobile/Diesel/Gas,"
11801,Industrial/Commercial Sales & Service,00010208021002,Modern Group Power Systems, 66A South Gate Blvd.,,New Castle,DE ,19720,USA,,800-404-7291,"Sales,Service,Up To 2MW,Mobile/Diesel/Gas,"
11801,Industrial/Commercial Sales & Service,00010001731002,AUTHORIZED SERVICES OF NEW ENGLAND, 410 FOREST STREET,,MARLBOROUGH,MA ,01752,USA,,888-890-9886,"Sales,"
11801,Industrial/Commercial Sales & Service,00010208021002,Modern Group Power Systems, 3480 Board Road,,York,PA ,17402,USA,,800-404-7291,"Sales,Service,Up To 2MW,Mobile/Diesel/Gas,"
11801,Industrial/Commercial Sales & Service,00010001761002,"GENSERVE, INC.", 100 NEWTOWN RD,,PLAINVIEW,NY ,11803,USA,www.genserveinc.com,631-435-0437,"Service,"
11801,Industrial/Commercial Sales & Service,00111209521002,LONG ISLAND EMERGENCY POWER -QO, 2 Ocean Avenue,,DEER PARK,NY ,11729,USA,,631-586-7513,"Sales,"
11801,Industrial/Commercial Sales & Service,00010139211002,POWERPRO SERVICE CO. INC., 608 JOHNSON AVE. UNIT 6,,BOHEMIA,NY ,11716,USA,,631-567-2700,"Sales,Service,Up To 600kW,Mobile/Diesel/Gas,"
11801,Industrial/Commercial Sales & Service,00111209531002,HUNTINGTON POWER - LONG ISLAND, PO BOX 2040,,SHELTON,CT ,06484,USA,,631-586-7513,"Sales,"
11801,Industrial/Commercial Sales & Service,00010134071002,PEAK POWER SYSTEMS, 99 SPRAGUE AVENUE,,MIDDLETOWN,NY ,10940,USA,www.peakpowersystems.com,845-344-1975,"Sales,Service,Up To 600kW,Mobile/Diesel/Gas,Rental,"
11801,Industrial/Commercial Sales & Service,00010001761002,"GENSERVE, INC.", 115A TWINBRIDGE DR.,,PENNSAUKEN,NJ ,08110,USA,www.genserveinc.com,856-324-0459,"Service,"
11801,Industrial/Commercial Sales & Service,00010001621002,BROOKFIELD SERVICE, 708 GLEBE ROAD,,WESTMORELAND,NH ,03467,USA,www.brookfieldservice.com,802-485-6567,"Service,Up To 600kW,Mobile/Diesel/Gas,"
11801,Industrial/Commercial Sales & Service,00010021101002,SOUTH SHORE GENERATOR INC-Quote, 2696A CRANBERRY HWY,,WAREHAM,MA ,02571,USA,,508-295-7336,"Sales,Service,Up To 600kW,Mobile/Diesel/Gas,"
11801,Industrial/Commercial Sales & Service,00010001701002,SOUTH SHORE GENERATOR INC, ,,EAST WAREHAM,MA ,02538,USA,,508-295-7336,"Financing,Sales,Service,Up To 600kW,Mobile/Diesel/Gas,"
11801,Industrial/Commercial Sales & Service,00111184131002,HUNTER & LOMISON, 1956 W FOURTH ST,,WILLIAMSPORT,PA ,17701,USA,www.hunterlomison.com,570-326-1764,"Sales,Service,Up To 600kW,Mobile/Diesel/Gas,Rental,"
11801,Industrial/Commercial Sales & Service,00010000881002,HUNTER & LOMISON INC., 1956 W. 4TH STREET,,WILLIAMSPORT,PA ,17701,USA,www.hunterlomison.com,570-326-1764,"Service,Up To 600kW,Mobile/Diesel/Gas,"
11801,Industrial/Commercial Sales & Service,00111207431002,WARSHAUER ELECTRIC SUPPLY CO INC, 800 SHREWSBURY AVE,,TINTON FALLS,NJ ,07724,USA,www.warshauer.com,732-741-6400,"Service,"
11801,Industrial/Commercial Sales & Service,00010157021002,Mechanical Service Co, 1145 Oak St.,,Pittston,PA ,18640,USA,,570-654-2445,"Service,"
11802,Industrial/Commercial Sales & Service,00010214161002,"R.L. KISTLER, INC.", 35 HAMILTON LANE,,GLENMONT,NY ,12077,USA,,585-436-1940,"Sales,Service,"
11802,Industrial/Commercial Sales & Service,00010001611002,Huntington Power, 230 Long Hill Cross Rd,,Shelton,CT ,06484,USA,www.huntingtonpower.com,203-929-3203,"Sales,Service,Up To 2MW,Mobile/Diesel/Gas,Training,Rental,"
11802,Industrial/Commercial Sales & Service,00010214161002,"R.L. Kistler, Inc", 300 Mile Crossing Blvd.,,Rochester,NY ,14624,USA,rlkistler.com,585-436-1940,"Sales,"
11802,Industrial/Commercial Sales & Service,00010214161002,"R.L. Kistler, Inc", 5615 Business Ave.,,N. Syracuse,NY ,13208,USA,,315-458-2875,"Sales,"
11802,Industrial/Commercial Sales & Service,00010001611002,Huntington Power, 68 Enter Ln,,Islandia,NY ,11749,USA,,631-563-4943,"Sales,Service,Up To 2MW,Mobile/Diesel/Gas,"
11802,Industrial/Commercial Sales & Service,00010001611002,Huntington Power, 34 E DUDLEY TOWN RD.,,BLOOMFIELD,CT ,06002,USA,,860-289-8790,"Sales,Service,Rental,"
11802,Industrial/Commercial Sales & Service,00010214161002,"R.L. Kistler, Inc", 5615 Business Ave.,,N. Syracuse,NY ,13208,USA,,315-458-2875,"Sales,"
11802,Industrial/Commercial Sales & Service,00010208021002,Modern Group Power Systems, 2501 Durham Road,,Bristol,PA ,19007,USA,www.moderngroup.com,800-404-7291,"Sales,Service,Up To 2MW,Mobile/Diesel/Gas,Training,Rental,"
11802,Industrial/Commercial Sales & Service,00010001731002,Authorized Services Of New England, 410 Forest Street,,Marlborough,MA ,01752,USA,www.asne.com,888-890-9886,"Financing,Sales,Service,Up To 2MW,Mobile/Diesel/Gas,Training,Rental,"
11802,Industrial/Commercial Sales & Service,00010008091002,MODERN HANDLING EQUIP, 75 NEW STREET,,EDISON,NJ ,08837,USA,www.moderngroup.com,800-779-5116,"Sales,Service,Up To 2MW,Mobile/Diesel/Gas,"
11802,Industrial/Commercial Sales & Service,00010208021002,Modern Group Power Systems, 200 Allied Parkway,,West Berlin,NJ ,08091,USA,,800-404-7291,"Sales,Service,Up To 2MW,Mobile/Diesel/Gas,"
11802,Industrial/Commercial Sales & Service,00010208021002,Modern Group Power Systems, 6352 Chapmans Rd,,Allentown,PA ,18106,USA,,800-404-7291,"Sales,Service,Up To 2MW,Mobile/Diesel/Gas,"
11802,Industrial/Commercial Sales & Service,00010000931002,"EMERGENCY POWER SYSTEMS, LLC", 35 HAMILTON LANE,,GLENMONT,NY ,12077,USA,,800-914-1465,"Service,Up To 2MW,Mobile/Diesel/Gas,"
11802,Industrial/Commercial Sales & Service,00010000931002,"EMERGENCY POWER SYSTEMS, LLC", 35 HAMILTON LANE,,GLENMONT,NY ,12077,USA,,800-914-1465,"Service,"
11802,Industrial/Commercial Sales & Service,00010208021002,Modern Group Power Systems, 295 New Commerce Blvd.,,Wilkes Barre,PA ,18706,USA,,800-404-7291,"Sales,Service,Up To 2MW,Mobile/Diesel/Gas,"
11802,Industrial/Commercial Sales & Service,00010208021002,Modern Group Power Systems, 66A South Gate Blvd.,,New Castle,DE ,19720,USA,,800-404-7291,"Sales,Service,Up To 2MW,Mobile/Diesel/Gas,"
11802,Industrial/Commercial Sales & Service,00010001731002,AUTHORIZED SERVICES OF NEW ENGLAND, 410 FOREST STREET,,MARLBOROUGH,MA ,01752,USA,,888-890-9886,"Sales,"
11802,Industrial/Commercial Sales & Service,00010208021002,Modern Group Power Systems, 3480 Board Road,,York,PA ,17402,USA,,800-404-7291,"Sales,Service,Up To 2MW,Mobile/Diesel/Gas,"
11802,Industrial/Commercial Sales & Service,00010001761002,"GENSERVE, INC.", 100 NEWTOWN RD,,PLAINVIEW,NY ,11803,USA,www.genserveinc.com,631-435-0437,"Service,"
11802,Industrial/Commercial Sales & Service,00111209521002,LONG ISLAND EMERGENCY POWER -QO, 2 Ocean Avenue,,DEER PARK,NY ,11729,USA,,631-586-7513,"Sales,"
11802,Industrial/Commercial Sales & Service,00010139211002,POWERPRO SERVICE CO. INC., 608 JOHNSON AVE. UNIT 6,,BOHEMIA,NY ,11716,USA,,631-567-2700,"Sales,Service,Up To 600kW,Mobile/Diesel/Gas,"
11802,Industrial/Commercial Sales & Service,00111209531002,HUNTINGTON POWER - LONG ISLAND, PO BOX 2040,,SHELTON,CT ,06484,USA,,631-586-7513,"Sales,"
11802,Industrial/Commercial Sales & Service,00010134071002,PEAK POWER SYSTEMS, 99 SPRAGUE AVENUE,,MIDDLETOWN,NY ,10940,USA,www.peakpowersystems.com,845-344-1975,"Sales,Service,Up To 600kW,Mobile/Diesel/Gas,Rental,"
11802,Industrial/Commercial Sales & Service,00010001761002,"GENSERVE, INC.", 115A TWINBRIDGE DR.,,PENNSAUKEN,NJ ,08110,USA,www.genserveinc.com,856-324-0459,"Service,"
11802,Industrial/Commercial Sales & Service,00010001621002,BROOKFIELD SERVICE, 708 GLEBE ROAD,,WESTMORELAND,NH ,03467,USA,www.brookfieldservice.com,802-485-6567,"Service,Up To 600kW,Mobile/Diesel/Gas,"
11802,Industrial/Commercial Sales & Service,00010021101002,SOUTH SHORE GENERATOR INC-Quote, 2696A CRANBERRY HWY,,WAREHAM,MA ,02571,USA,,508-295-7336,"Sales,Service,Up To 600kW,Mobile/Diesel/Gas,"
11802,Industrial/Commercial Sales & Service,00010001701002,SOUTH SHORE GENERATOR INC, ,,EAST WAREHAM,MA ,02538,USA,,508-295-7336,"Financing,Sales,Service,Up To 600kW,Mobile/Diesel/Gas,"
11802,Industrial/Commercial Sales & Service,00111184131002,HUNTER & LOMISON, 1956 W FOURTH ST,,WILLIAMSPORT,PA ,17701,USA,www.hunterlomison.com,570-326-1764,"Sales,Service,Up To 600kW,Mobile/Diesel/Gas,Rental,"
11802,Industrial/Commercial Sales & Service,00010000881002,HUNTER & LOMISON INC., 1956 W. 4TH STREET,,WILLIAMSPORT,PA ,17701,USA,www.hunterlomison.com,570-326-1764,"Service,Up To 600kW,Mobile/Diesel/Gas,"
11802,Industrial/Commercial Sales & Service,00111207431002,WARSHAUER ELECTRIC SUPPLY CO INC, 800 SHREWSBURY AVE,,TINTON FALLS,NJ ,07724,USA,www.warshauer.com,732-741-6400,"Service,"
11802,Industrial/Commercial Sales & Service,00010157021002,Mechanical Service Co, 1145 Oak St.,,Pittston,PA ,18640,USA,,570-654-2445,"Service,"
11803,Industrial/Commercial Sales & Service,00010214161002,"R.L. KISTLER, INC.", 35 HAMILTON LANE,,GLENMONT,NY ,12077,USA,,585-436-1940,"Sales,Service,"
11803,Industrial/Commercial Sales & Service,00010001611002,Huntington Power, 230 Long Hill Cross Rd,,Shelton,CT ,06484,USA,www.huntingtonpower.com,203-929-3203,"Sales,Service,Up To 2MW,Mobile/Diesel/Gas,Training,Rental,"
11803,Industrial/Commercial Sales & Service,00010214161002,"R.L. Kistler, Inc", 300 Mile Crossing Blvd.,,Rochester,NY ,14624,USA,rlkistler.com,585-436-1940,"Sales,"
11803,Industrial/Commercial Sales & Service,00010214161002,"R.L. Kistler, Inc", 5615 Business Ave.,,N. Syracuse,NY ,13208,USA,,315-458-2875,"Sales,"
11803,Industrial/Commercial Sales & Service,00010001611002,Huntington Power, 68 Enter Ln,,Islandia,NY ,11749,USA,,631-563-4943,"Sales,Service,Up To 2MW,Mobile/Diesel/Gas,"
11803,Industrial/Commercial Sales & Service,00010001611002,Huntington Power, 34 E DUDLEY TOWN RD.,,BLOOMFIELD,CT ,06002,USA,,860-289-8790,"Sales,Service,Rental,"
11803,Industrial/Commercial Sales & Service,00010214161002,"R.L. Kistler, Inc", 5615 Business Ave.,,N. Syracuse,NY ,13208,USA,,315-458-2875,"Sales,"
11803,Industrial/Commercial Sales & Service,00010208021002,Modern Group Power Systems, 2501 Durham Road,,Bristol,PA ,19007,USA,www.moderngroup.com,800-404-7291,"Sales,Service,Up To 2MW,Mobile/Diesel/Gas,Training,Rental,"
11803,Industrial/Commercial Sales & Service,00010001731002,Authorized Services Of New England, 410 Forest Street,,Marlborough,MA ,01752,USA,www.asne.com,888-890-9886,"Financing,Sales,Service,Up To 2MW,Mobile/Diesel/Gas,Training,Rental,"
11803,Industrial/Commercial Sales & Service,00010008091002,MODERN HANDLING EQUIP, 75 NEW STREET,,EDISON,NJ ,08837,USA,www.moderngroup.com,800-779-5116,"Sales,Service,Up To 2MW,Mobile/Diesel/Gas,"
11803,Industrial/Commercial Sales & Service,00010208021002,Modern Group Power Systems, 200 Allied Parkway,,West Berlin,NJ ,08091,USA,,800-404-7291,"Sales,Service,Up To 2MW,Mobile/Diesel/Gas,"
11803,Industrial/Commercial Sales & Service,00010208021002,Modern Group Power Systems, 6352 Chapmans Rd,,Allentown,PA ,18106,USA,,800-404-7291,"Sales,Service,Up To 2MW,Mobile/Diesel/Gas,"
11803,Industrial/Commercial Sales & Service,00010000931002,"EMERGENCY POWER SYSTEMS, LLC", 35 HAMILTON LANE,,GLENMONT,NY ,12077,USA,,800-914-1465,"Service,Up To 2MW,Mobile/Diesel/Gas,"
11803,Industrial/Commercial Sales & Service,00010000931002,"EMERGENCY POWER SYSTEMS, LLC", 35 HAMILTON LANE,,GLENMONT,NY ,12077,USA,,800-914-1465,"Service,"
11803,Industrial/Commercial Sales & Service,00010208021002,Modern Group Power Systems, 295 New Commerce Blvd.,,Wilkes Barre,PA ,18706,USA,,800-404-7291,"Sales,Service,Up To 2MW,Mobile/Diesel/Gas,"
11803,Industrial/Commercial Sales & Service,00010208021002,Modern Group Power Systems, 66A South Gate Blvd.,,New Castle,DE ,19720,USA,,800-404-7291,"Sales,Service,Up To 2MW,Mobile/Diesel/Gas,"
11803,Industrial/Commercial Sales & Service,00010001731002,AUTHORIZED SERVICES OF NEW ENGLAND, 410 FOREST STREET,,MARLBOROUGH,MA ,01752,USA,,888-890-9886,"Sales,"
11803,Industrial/Commercial Sales & Service,00010208021002,Modern Group Power Systems, 3480 Board Road,,York,PA ,17402,USA,,800-404-7291,"Sales,Service,Up To 2MW,Mobile/Diesel/Gas,"
11803,Industrial/Commercial Sales & Service,00010001761002,"GENSERVE, INC.", 100 NEWTOWN RD,,PLAINVIEW,NY ,11803,USA,www.genserveinc.com,631-435-0437,"Service,"
11803,Industrial/Commercial Sales & Service,00111209521002,LONG ISLAND EMERGENCY POWER -QO, 2 Ocean Avenue,,DEER PARK,NY ,11729,USA,,631-586-7513,"Sales,"
11803,Industrial/Commercial Sales & Service,00010139211002,POWERPRO SERVICE CO. INC., 608 JOHNSON AVE. UNIT 6,,BOHEMIA,NY ,11716,USA,,631-567-2700,"Sales,Service,Up To 600kW,Mobile/Diesel/Gas,"
11803,Industrial/Commercial Sales & Service,00111209531002,HUNTINGTON POWER - LONG ISLAND, PO BOX 2040,,SHELTON,CT ,06484,USA,,631-586-7513,"Sales,"
11803,Industrial/Commercial Sales & Service,00010134071002,PEAK POWER SYSTEMS, 99 SPRAGUE AVENUE,,MIDDLETOWN,NY ,10940,USA,www.peakpowersystems.com,845-344-1975,"Sales,Service,Up To 600kW,Mobile/Diesel/Gas,Rental,"
11803,Industrial/Commercial Sales & Service,00010001761002,"GENSERVE, INC.", 115A TWINBRIDGE DR.,,PENNSAUKEN,NJ ,08110,USA,www.genserveinc.com,856-324-0459,"Service,"
11803,Industrial/Commercial Sales & Service,00010021101002,SOUTH SHORE GENERATOR INC-Quote, 2696A CRANBERRY HWY,,WAREHAM,MA ,02571,USA,,508-295-7336,"Sales,Service,Up To 600kW,Mobile/Diesel/Gas,"
11803,Industrial/Commercial Sales & Service,00010001621002,BROOKFIELD SERVICE, 708 GLEBE ROAD,,WESTMORELAND,NH ,03467,USA,www.brookfieldservice.com,802-485-6567,"Service,Up To 600kW,Mobile/Diesel/Gas,"
11803,Industrial/Commercial Sales & Service,00010001701002,SOUTH SHORE GENERATOR INC, ,,EAST WAREHAM,MA ,02538,USA,,508-295-7336,"Financing,Sales,Service,Up To 600kW,Mobile/Diesel/Gas,"
11803,Industrial/Commercial Sales & Service,00111184131002,HUNTER & LOMISON, 1956 W FOURTH ST,,WILLIAMSPORT,PA ,17701,USA,www.hunterlomison.com,570-326-1764,"Sales,Service,Up To 600kW,Mobile/Diesel/Gas,Rental,"
11803,Industrial/Commercial Sales & Service,00010000881002,HUNTER & LOMISON INC., 1956 W. 4TH STREET,,WILLIAMSPORT,PA ,17701,USA,www.hunterlomison.com,570-326-1764,"Service,Up To 600kW,Mobile/Diesel/Gas,"
11803,Industrial/Commercial Sales & Service,00111207431002,WARSHAUER ELECTRIC SUPPLY CO INC, 800 SHREWSBURY AVE,,TINTON FALLS,NJ ,07724,USA,www.warshauer.com,732-741-6400,"Service,"
11803,Industrial/Commercial Sales & Service,00010157021002,Mechanical Service Co, 1145 Oak St.,,Pittston,PA ,18640,USA,,570-654-2445,"Service,"
11804,Industrial/Commercial Sales & Service,00010214161002,"R.L. Kistler, Inc", 300 Mile Crossing Blvd.,,Rochester,NY ,14624,USA,rlkistler.com,585-436-1940,"Sales,"
11804,Industrial/Commercial Sales & Service,00010214161002,"R.L. KISTLER, INC.", 35 HAMILTON LANE,,GLENMONT,NY ,12077,USA,,585-436-1940,"Sales,Service,"
11804,Industrial/Commercial Sales & Service,00010001611002,Huntington Power, 230 Long Hill Cross Rd,,Shelton,CT ,06484,USA,www.huntingtonpower.com,203-929-3203,"Sales,Service,Up To 2MW,Mobile/Diesel/Gas,Training,Rental,"
11804,Industrial/Commercial Sales & Service,00010214161002,"R.L. Kistler, Inc", 5615 Business Ave.,,N. Syracuse,NY ,13208,USA,,315-458-2875,"Sales,"
11804,Industrial/Commercial Sales & Service,00010214161002,"R.L. Kistler, Inc", 5615 Business Ave.,,N. Syracuse,NY ,13208,USA,,315-458-2875,"Sales,"
11804,Industrial/Commercial Sales & Service,00010001611002,Huntington Power, 68 Enter Ln,,Islandia,NY ,11749,USA,,631-563-4943,"Sales,Service,Up To 2MW,Mobile/Diesel/Gas,"
11804,Industrial/Commercial Sales & Service,00010001611002,Huntington Power, 34 E DUDLEY TOWN RD.,,BLOOMFIELD,CT ,06002,USA,,860-289-8790,"Sales,Service,Rental,"
11804,Industrial/Commercial Sales & Service,00010208021002,Modern Group Power Systems, 2501 Durham Road,,Bristol,PA ,19007,USA,www.moderngroup.com,800-404-7291,"Sales,Service,Up To 2MW,Mobile/Diesel/Gas,Training,Rental,"
11804,Industrial/Commercial Sales & Service,00010001731002,Authorized Services Of New England, 410 Forest Street,,Marlborough,MA ,01752,USA,www.asne.com,888-890-9886,"Financing,Sales,Service,Up To 2MW,Mobile/Diesel/Gas,Training,Rental,"
11804,Industrial/Commercial Sales & Service,00010008091002,MODERN HANDLING EQUIP, 75 NEW STREET,,EDISON,NJ ,08837,USA,www.moderngroup.com,800-779-5116,"Sales,Service,Up To 2MW,Mobile/Diesel/Gas,"
11804,Industrial/Commercial Sales & Service,00010208021002,Modern Group Power Systems, 200 Allied Parkway,,West Berlin,NJ ,08091,USA,,800-404-7291,"Sales,Service,Up To 2MW,Mobile/Diesel/Gas,"
11804,Industrial/Commercial Sales & Service,00010208021002,Modern Group Power Systems, 6352 Chapmans Rd,,Allentown,PA ,18106,USA,,800-404-7291,"Sales,Service,Up To 2MW,Mobile/Diesel/Gas,"
11804,Industrial/Commercial Sales & Service,00010000931002,"EMERGENCY POWER SYSTEMS, LLC", 35 HAMILTON LANE,,GLENMONT,NY ,12077,USA,,800-914-1465,"Service,Up To 2MW,Mobile/Diesel/Gas,"
11804,Industrial/Commercial Sales & Service,00010000931002,"EMERGENCY POWER SYSTEMS, LLC", 35 HAMILTON LANE,,GLENMONT,NY ,12077,USA,,800-914-1465,"Service,"
11804,Industrial/Commercial Sales & Service,00010208021002,Modern Group Power Systems, 295 New Commerce Blvd.,,Wilkes Barre,PA ,18706,USA,,800-404-7291,"Sales,Service,Up To 2MW,Mobile/Diesel/Gas,"
11804,Industrial/Commercial Sales & Service,00010208021002,Modern Group Power Systems, 66A South Gate Blvd.,,New Castle,DE ,19720,USA,,800-404-7291,"Sales,Service,Up To 2MW,Mobile/Diesel/Gas,"
11804,Industrial/Commercial Sales & Service,00010001731002,AUTHORIZED SERVICES OF NEW ENGLAND, 410 FOREST STREET,,MARLBOROUGH,MA ,01752,USA,,888-890-9886,"Sales,"
11804,Industrial/Commercial Sales & Service,00010208021002,Modern Group Power Systems, 3480 Board Road,,York,PA ,17402,USA,,800-404-7291,"Sales,Service,Up To 2MW,Mobile/Diesel/Gas,"
11804,Industrial/Commercial Sales & Service,00010001761002,"GENSERVE, INC.", 100 NEWTOWN RD,,PLAINVIEW,NY ,11803,USA,www.genserveinc.com,631-435-0437,"Service,"
11804,Industrial/Commercial Sales & Service,00111209521002,LONG ISLAND EMERGENCY POWER -QO, 2 Ocean Avenue,,DEER PARK,NY ,11729,USA,,631-586-7513,"Sales,"
11804,Industrial/Commercial Sales & Service,00010139211002,POWERPRO SERVICE CO. INC., 608 JOHNSON AVE. UNIT 6,,BOHEMIA,NY ,11716,USA,,631-567-2700,"Sales,Service,Up To 600kW,Mobile/Diesel/Gas,"
11804,Industrial/Commercial Sales & Service,00111209531002,HUNTINGTON POWER - LONG ISLAND, PO BOX 2040,,SHELTON,CT ,06484,USA,,631-586-7513,"Sales,"
11804,Industrial/Commercial Sales & Service,00010134071002,PEAK POWER SYSTEMS, 99 SPRAGUE AVENUE,,MIDDLETOWN,NY ,10940,USA,www.peakpowersystems.com,845-344-1975,"Sales,Service,Up To 600kW,Mobile/Diesel/Gas,Rental,"
11804,Industrial/Commercial Sales & Service,00010001761002,"GENSERVE, INC.", 115A TWINBRIDGE DR.,,PENNSAUKEN,NJ ,08110,USA,www.genserveinc.com,856-324-0459,"Service,"
11804,Industrial/Commercial Sales & Service,00010021101002,SOUTH SHORE GENERATOR INC-Quote, 2696A CRANBERRY HWY,,WAREHAM,MA ,02571,USA,,508-295-7336,"Sales,Service,Up To 600kW,Mobile/Diesel/Gas,"
11804,Industrial/Commercial Sales & Service,00010001621002,BROOKFIELD SERVICE, 708 GLEBE ROAD,,WESTMORELAND,NH ,03467,USA,www.brookfieldservice.com,802-485-6567,"Service,Up To 600kW,Mobile/Diesel/Gas,"
11804,Industrial/Commercial Sales & Service,00010001701002,SOUTH SHORE GENERATOR INC, ,,EAST WAREHAM,MA ,02538,USA,,508-295-7336,"Financing,Sales,Service,Up To 600kW,Mobile/Diesel/Gas,"
11804,Industrial/Commercial Sales & Service,00111184131002,HUNTER & LOMISON, 1956 W FOURTH ST,,WILLIAMSPORT,PA ,17701,USA,www.hunterlomison.com,570-326-1764,"Sales,Service,Up To 600kW,Mobile/Diesel/Gas,Rental,"
11804,Industrial/Commercial Sales & Service,00010000881002,HUNTER & LOMISON INC., 1956 W. 4TH STREET,,WILLIAMSPORT,PA ,17701,USA,www.hunterlomison.com,570-326-1764,"Service,Up To 600kW,Mobile/Diesel/Gas,"
11804,Industrial/Commercial Sales & Service,00111207431002,WARSHAUER ELECTRIC SUPPLY CO INC, 800 SHREWSBURY AVE,,TINTON FALLS,NJ ,07724,USA,www.warshauer.com,732-741-6400,"Service,"
11804,Industrial/Commercial Sales & Service,00010157021002,Mechanical Service Co, 1145 Oak St.,,Pittston,PA ,18640,USA,,570-654-2445,"Service,"
11815,Industrial/Commercial Sales & Service,00010214161002,"R.L. Kistler, Inc", 300 Mile Crossing Blvd.,,Rochester,NY ,14624,USA,rlkistler.com,585-436-1940,"Sales,"
11815,Industrial/Commercial Sales & Service,00010001611002,Huntington Power, 230 Long Hill Cross Rd,,Shelton,CT ,06484,USA,www.huntingtonpower.com,203-929-3203,"Sales,Service,Up To 2MW,Mobile/Diesel/Gas,Training,Rental,"
11815,Industrial/Commercial Sales & Service,00010214161002,"R.L. KISTLER, INC.", 35 HAMILTON LANE,,GLENMONT,NY ,12077,USA,,585-436-1940,"Sales,Service,"
11815,Industrial/Commercial Sales & Service,00010214161002,"R.L. Kistler, Inc", 5615 Business Ave.,,N. Syracuse,NY ,13208,USA,,315-458-2875,"Sales,"
11815,Industrial/Commercial Sales & Service,00010001611002,Huntington Power, 68 Enter Ln,,Islandia,NY ,11749,USA,,631-563-4943,"Sales,Service,Up To 2MW,Mobile/Diesel/Gas,"
11815,Industrial/Commercial Sales & Service,00010001611002,Huntington Power, 34 E DUDLEY TOWN RD.,,BLOOMFIELD,CT ,06002,USA,,860-289-8790,"Sales,Service,Rental,"
11815,Industrial/Commercial Sales & Service,00010214161002,"R.L. Kistler, Inc", 5615 Business Ave.,,N. Syracuse,NY ,13208,USA,,315-458-2875,"Sales,"
11815,Industrial/Commercial Sales & Service,00010208021002,Modern Group Power Systems, 2501 Durham Road,,Bristol,PA ,19007,USA,www.moderngroup.com,800-404-7291,"Sales,Service,Up To 2MW,Mobile/Diesel/Gas,Training,Rental,"
11815,Industrial/Commercial Sales & Service,00010001731002,Authorized Services Of New England, 410 Forest Street,,Marlborough,MA ,01752,USA,www.asne.com,888-890-9886,"Financing,Sales,Service,Up To 2MW,Mobile/Diesel/Gas,Training,Rental,"
11815,Industrial/Commercial Sales & Service,00010008091002,MODERN HANDLING EQUIP, 75 NEW STREET,,EDISON,NJ ,08837,USA,www.moderngroup.com,800-779-5116,"Sales,Service,Up To 2MW,Mobile/Diesel/Gas,"
11815,Industrial/Commercial Sales & Service,00010208021002,Modern Group Power Systems, 200 Allied Parkway,,West Berlin,NJ ,08091,USA,,800-404-7291,"Sales,Service,Up To 2MW,Mobile/Diesel/Gas,"
11815,Industrial/Commercial Sales & Service,00010208021002,Modern Group Power Systems, 6352 Chapmans Rd,,Allentown,PA ,18106,USA,,800-404-7291,"Sales,Service,Up To 2MW,Mobile/Diesel/Gas,"
11815,Industrial/Commercial Sales & Service,00010000931002,"EMERGENCY POWER SYSTEMS, LLC", 35 HAMILTON LANE,,GLENMONT,NY ,12077,USA,,800-914-1465,"Service,Up To 2MW,Mobile/Diesel/Gas,"
11815,Industrial/Commercial Sales & Service,00010000931002,"EMERGENCY POWER SYSTEMS, LLC", 35 HAMILTON LANE,,GLENMONT,NY ,12077,USA,,800-914-1465,"Service,"
11815,Industrial/Commercial Sales & Service,00010208021002,Modern Group Power Systems, 295 New Commerce Blvd.,,Wilkes Barre,PA ,18706,USA,,800-404-7291,"Sales,Service,Up To 2MW,Mobile/Diesel/Gas,"
11815,Industrial/Commercial Sales & Service,00010208021002,Modern Group Power Systems, 66A South Gate Blvd.,,New Castle,DE ,19720,USA,,800-404-7291,"Sales,Service,Up To 2MW,Mobile/Diesel/Gas,"
11815,Industrial/Commercial Sales & Service,00010001731002,AUTHORIZED SERVICES OF NEW ENGLAND, 410 FOREST STREET,,MARLBOROUGH,MA ,01752,USA,,888-890-9886,"Sales,"
11815,Industrial/Commercial Sales & Service,00010208021002,Modern Group Power Systems, 3480 Board Road,,York,PA ,17402,USA,,800-404-7291,"Sales,Service,Up To 2MW,Mobile/Diesel/Gas,"
11815,Industrial/Commercial Sales & Service,00010001761002,"GENSERVE, INC.", 100 NEWTOWN RD,,PLAINVIEW,NY ,11803,USA,www.genserveinc.com,631-435-0437,"Service,"
11815,Industrial/Commercial Sales & Service,00111209521002,LONG ISLAND EMERGENCY POWER -QO, 2 Ocean Avenue,,DEER PARK,NY ,11729,USA,,631-586-7513,"Sales,"
11815,Industrial/Commercial Sales & Service,00010139211002,POWERPRO SERVICE CO. INC., 608 JOHNSON AVE. UNIT 6,,BOHEMIA,NY ,11716,USA,,631-567-2700,"Sales,Service,Up To 600kW,Mobile/Diesel/Gas,"
11815,Industrial/Commercial Sales & Service,00111209531002,HUNTINGTON POWER - LONG ISLAND, PO BOX 2040,,SHELTON,CT ,06484,USA,,631-586-7513,"Sales,"
11815,Industrial/Commercial Sales & Service,00010134071002,PEAK POWER SYSTEMS, 99 SPRAGUE AVENUE,,MIDDLETOWN,NY ,10940,USA,www.peakpowersystems.com,845-344-1975,"Sales,Service,Up To 600kW,Mobile/Diesel/Gas,Rental,"
11815,Industrial/Commercial Sales & Service,00010001761002,"GENSERVE, INC.", 115A TWINBRIDGE DR.,,PENNSAUKEN,NJ ,08110,USA,www.genserveinc.com,856-324-0459,"Service,"
11815,Industrial/Commercial Sales & Service,00010001621002,BROOKFIELD SERVICE, 708 GLEBE ROAD,,WESTMORELAND,NH ,03467,USA,www.brookfieldservice.com,802-485-6567,"Service,Up To 600kW,Mobile/Diesel/Gas,"
11815,Industrial/Commercial Sales & Service,00010021101002,SOUTH SHORE GENERATOR INC-Quote, 2696A CRANBERRY HWY,,WAREHAM,MA ,02571,USA,,508-295-7336,"Sales,Service,Up To 600kW,Mobile/Diesel/Gas,"
11815,Industrial/Commercial Sales & Service,00010001701002,SOUTH SHORE GENERATOR INC, ,,EAST WAREHAM,MA ,02538,USA,,508-295-7336,"Financing,Sales,Service,Up To 600kW,Mobile/Diesel/Gas,"
11815,Industrial/Commercial Sales & Service,00111184131002,HUNTER & LOMISON, 1956 W FOURTH ST,,WILLIAMSPORT,PA ,17701,USA,www.hunterlomison.com,570-326-1764,"Sales,Service,Up To 600kW,Mobile/Diesel/Gas,Rental,"
11815,Industrial/Commercial Sales & Service,00010000881002,HUNTER & LOMISON INC., 1956 W. 4TH STREET,,WILLIAMSPORT,PA ,17701,USA,www.hunterlomison.com,570-326-1764,"Service,Up To 600kW,Mobile/Diesel/Gas,"
11815,Industrial/Commercial Sales & Service,00111207431002,WARSHAUER ELECTRIC SUPPLY CO INC, 800 SHREWSBURY AVE,,TINTON FALLS,NJ ,07724,USA,www.warshauer.com,732-741-6400,"Service,"
11815,Industrial/Commercial Sales & Service,00010157021002,Mechanical Service Co, 1145 Oak St.,,Pittston,PA ,18640,USA,,570-654-2445,"Service,"
11819,Industrial/Commercial Sales & Service,00010001611002,Huntington Power, 230 Long Hill Cross Rd,,Shelton,CT ,06484,USA,www.huntingtonpower.com,203-929-3203,"Sales,Service,Up To 2MW,Mobile/Diesel/Gas,Training,Rental,"
11819,Industrial/Commercial Sales & Service,00010214161002,"R.L. Kistler, Inc", 300 Mile Crossing Blvd.,,Rochester,NY ,14624,USA,rlkistler.com,585-436-1940,"Sales,"
11819,Industrial/Commercial Sales & Service,00010214161002,"R.L. KISTLER, INC.", 35 HAMILTON LANE,,GLENMONT,NY ,12077,USA,,585-436-1940,"Sales,Service,"
11819,Industrial/Commercial Sales & Service,00010001611002,Huntington Power, 68 Enter Ln,,Islandia,NY ,11749,USA,,631-563-4943,"Sales,Service,Up To 2MW,Mobile/Diesel/Gas,"
11819,Industrial/Commercial Sales & Service,00010001611002,Huntington Power, 34 E DUDLEY TOWN RD.,,BLOOMFIELD,CT ,06002,USA,,860-289-8790,"Sales,Service,Rental,"
11819,Industrial/Commercial Sales & Service,00010214161002,"R.L. Kistler, Inc", 5615 Business Ave.,,N. Syracuse,NY ,13208,USA,,315-458-2875,"Sales,"
11819,Industrial/Commercial Sales & Service,00010214161002,"R.L. Kistler, Inc", 5615 Business Ave.,,N. Syracuse,NY ,13208,USA,,315-458-2875,"Sales,"
11819,Industrial/Commercial Sales & Service,00010208021002,Modern Group Power Systems, 2501 Durham Road,,Bristol,PA ,19007,USA,www.moderngroup.com,800-404-7291,"Sales,Service,Up To 2MW,Mobile/Diesel/Gas,Training,Rental,"
11819,Industrial/Commercial Sales & Service,00010001731002,Authorized Services Of New England, 410 Forest Street,,Marlborough,MA ,01752,USA,www.asne.com,888-890-9886,"Financing,Sales,Service,Up To 2MW,Mobile/Diesel/Gas,Training,Rental,"
11819,Industrial/Commercial Sales & Service,00010008091002,MODERN HANDLING EQUIP, 75 NEW STREET,,EDISON,NJ ,08837,USA,www.moderngroup.com,800-779-5116,"Sales,Service,Up To 2MW,Mobile/Diesel/Gas,"
11819,Industrial/Commercial Sales & Service,00010208021002,Modern Group Power Systems, 200 Allied Parkway,,West Berlin,NJ ,08091,USA,,800-404-7291,"Sales,Service,Up To 2MW,Mobile/Diesel/Gas,"
11819,Industrial/Commercial Sales & Service,00010208021002,Modern Group Power Systems, 6352 Chapmans Rd,,Allentown,PA ,18106,USA,,800-404-7291,"Sales,Service,Up To 2MW,Mobile/Diesel/Gas,"
11819,Industrial/Commercial Sales & Service,00010000931002,"EMERGENCY POWER SYSTEMS, LLC", 35 HAMILTON LANE,,GLENMONT,NY ,12077,USA,,800-914-1465,"Service,Up To 2MW,Mobile/Diesel/Gas,"
11819,Industrial/Commercial Sales & Service,00010000931002,"EMERGENCY POWER SYSTEMS, LLC", 35 HAMILTON LANE,,GLENMONT,NY ,12077,USA,,800-914-1465,"Service,"
11819,Industrial/Commercial Sales & Service,00010208021002,Modern Group Power Systems, 295 New Commerce Blvd.,,Wilkes Barre,PA ,18706,USA,,800-404-7291,"Sales,Service,Up To 2MW,Mobile/Diesel/Gas,"
11819,Industrial/Commercial Sales & Service,00010208021002,Modern Group Power Systems, 66A South Gate Blvd.,,New Castle,DE ,19720,USA,,800-404-7291,"Sales,Service,Up To 2MW,Mobile/Diesel/Gas,"
11819,Industrial/Commercial Sales & Service,00010001731002,AUTHORIZED SERVICES OF NEW ENGLAND, 410 FOREST STREET,,MARLBOROUGH,MA ,01752,USA,,888-890-9886,"Sales,"
11819,Industrial/Commercial Sales & Service,00010208021002,Modern Group Power Systems, 3480 Board Road,,York,PA ,17402,USA,,800-404-7291,"Sales,Service,Up To 2MW,Mobile/Diesel/Gas,"
11819,Industrial/Commercial Sales & Service,00010001761002,"GENSERVE, INC.", 100 NEWTOWN RD,,PLAINVIEW,NY ,11803,USA,www.genserveinc.com,631-435-0437,"Service,"
11819,Industrial/Commercial Sales & Service,00111209521002,LONG ISLAND EMERGENCY POWER -QO, 2 Ocean Avenue,,DEER PARK,NY ,11729,USA,,631-586-7513,"Sales,"
11819,Industrial/Commercial Sales & Service,00010139211002,POWERPRO SERVICE CO. INC., 608 JOHNSON AVE. UNIT 6,,BOHEMIA,NY ,11716,USA,,631-567-2700,"Sales,Service,Up To 600kW,Mobile/Diesel/Gas,"
11819,Industrial/Commercial Sales & Service,00111209531002,HUNTINGTON POWER - LONG ISLAND, PO BOX 2040,,SHELTON,CT ,06484,USA,,631-586-7513,"Sales,"
11819,Industrial/Commercial Sales & Service,00010134071002,PEAK POWER SYSTEMS, 99 SPRAGUE AVENUE,,MIDDLETOWN,NY ,10940,USA,www.peakpowersystems.com,845-344-1975,"Sales,Service,Up To 600kW,Mobile/Diesel/Gas,Rental,"
11819,Industrial/Commercial Sales & Service,00010001761002,"GENSERVE, INC.", 115A TWINBRIDGE DR.,,PENNSAUKEN,NJ ,08110,USA,www.genserveinc.com,856-324-0459,"Service,"
11819,Industrial/Commercial Sales & Service,00010021101002,SOUTH SHORE GENERATOR INC-Quote, 2696A CRANBERRY HWY,,WAREHAM,MA ,02571,USA,,508-295-7336,"Sales,Service,Up To 600kW,Mobile/Diesel/Gas,"
11819,Industrial/Commercial Sales & Service,00010001621002,BROOKFIELD SERVICE, 708 GLEBE ROAD,,WESTMORELAND,NH ,03467,USA,www.brookfieldservice.com,802-485-6567,"Service,Up To 600kW,Mobile/Diesel/Gas,"
11819,Industrial/Commercial Sales & Service,00010001701002,SOUTH SHORE GENERATOR INC, ,,EAST WAREHAM,MA ,02538,USA,,508-295-7336,"Financing,Sales,Service,Up To 600kW,Mobile/Diesel/Gas,"
11819,Industrial/Commercial Sales & Service,00111184131002,HUNTER & LOMISON, 1956 W FOURTH ST,,WILLIAMSPORT,PA ,17701,USA,www.hunterlomison.com,570-326-1764,"Sales,Service,Up To 600kW,Mobile/Diesel/Gas,Rental,"
11819,Industrial/Commercial Sales & Service,00010000881002,HUNTER & LOMISON INC., 1956 W. 4TH STREET,,WILLIAMSPORT,PA ,17701,USA,www.hunterlomison.com,570-326-1764,"Service,Up To 600kW,Mobile/Diesel/Gas,"
11819,Industrial/Commercial Sales & Service,00111207431002,WARSHAUER ELECTRIC SUPPLY CO INC, 800 SHREWSBURY AVE,,TINTON FALLS,NJ ,07724,USA,www.warshauer.com,732-741-6400,"Service,"
11819,Industrial/Commercial Sales & Service,00010157021002,Mechanical Service Co, 1145 Oak St.,,Pittston,PA ,18640,USA,,570-654-2445,"Service,"
11853,Industrial/Commercial Sales & Service,00010214161002,"R.L. KISTLER, INC.", 35 HAMILTON LANE,,GLENMONT,NY ,12077,USA,,585-436-1940,"Sales,Service,"
11853,Industrial/Commercial Sales & Service,00010214161002,"R.L. Kistler, Inc", 300 Mile Crossing Blvd.,,Rochester,NY ,14624,USA,rlkistler.com,585-436-1940,"Sales,"
11853,Industrial/Commercial Sales & Service,00010001611002,Huntington Power, 230 Long Hill Cross Rd,,Shelton,CT ,06484,USA,www.huntingtonpower.com,203-929-3203,"Sales,Service,Up To 2MW,Mobile/Diesel/Gas,Training,Rental,"
11853,Industrial/Commercial Sales & Service,00010214161002,"R.L. Kistler, Inc", 5615 Business Ave.,,N. Syracuse,NY ,13208,USA,,315-458-2875,"Sales,"
11853,Industrial/Commercial Sales & Service,00010214161002,"R.L. Kistler, Inc", 5615 Business Ave.,,N. Syracuse,NY ,13208,USA,,315-458-2875,"Sales,"
11853,Industrial/Commercial Sales & Service,00010001611002,Huntington Power, 68 Enter Ln,,Islandia,NY ,11749,USA,,631-563-4943,"Sales,Service,Up To 2MW,Mobile/Diesel/Gas,"
11853,Industrial/Commercial Sales & Service,00010001611002,Huntington Power, 34 E DUDLEY TOWN RD.,,BLOOMFIELD,CT ,06002,USA,,860-289-8790,"Sales,Service,Rental,"
11853,Industrial/Commercial Sales & Service,00010208021002,Modern Group Power Systems, 2501 Durham Road,,Bristol,PA ,19007,USA,www.moderngroup.com,800-404-7291,"Sales,Service,Up To 2MW,Mobile/Diesel/Gas,Training,Rental,"
11853,Industrial/Commercial Sales & Service,00010001731002,Authorized Services Of New England, 410 Forest Street,,Marlborough,MA ,01752,USA,www.asne.com,888-890-9886,"Financing,Sales,Service,Up To 2MW,Mobile/Diesel/Gas,Training,Rental,"
11853,Industrial/Commercial Sales & Service,00010008091002,MODERN HANDLING EQUIP, 75 NEW STREET,,EDISON,NJ ,08837,USA,www.moderngroup.com,800-779-5116,"Sales,Service,Up To 2MW,Mobile/Diesel/Gas,"
11853,Industrial/Commercial Sales & Service,00010208021002,Modern Group Power Systems, 200 Allied Parkway,,West Berlin,NJ ,08091,USA,,800-404-7291,"Sales,Service,Up To 2MW,Mobile/Diesel/Gas,"
11853,Industrial/Commercial Sales & Service,00010208021002,Modern Group Power Systems, 6352 Chapmans Rd,,Allentown,PA ,18106,USA,,800-404-7291,"Sales,Service,Up To 2MW,Mobile/Diesel/Gas,"
11853,Industrial/Commercial Sales & Service,00010000931002,"EMERGENCY POWER SYSTEMS, LLC", 35 HAMILTON LANE,,GLENMONT,NY ,12077,USA,,800-914-1465,"Service,Up To 2MW,Mobile/Diesel/Gas,"
11853,Industrial/Commercial Sales & Service,00010000931002,"EMERGENCY POWER SYSTEMS, LLC", 35 HAMILTON LANE,,GLENMONT,NY ,12077,USA,,800-914-1465,"Service,"
11853,Industrial/Commercial Sales & Service,00010208021002,Modern Group Power Systems, 295 New Commerce Blvd.,,Wilkes Barre,PA ,18706,USA,,800-404-7291,"Sales,Service,Up To 2MW,Mobile/Diesel/Gas,"
11853,Industrial/Commercial Sales & Service,00010208021002,Modern Group Power Systems, 66A South Gate Blvd.,,New Castle,DE ,19720,USA,,800-404-7291,"Sales,Service,Up To 2MW,Mobile/Diesel/Gas,"
11853,Industrial/Commercial Sales & Service,00010001731002,AUTHORIZED SERVICES OF NEW ENGLAND, 410 FOREST STREET,,MARLBOROUGH,MA ,01752,USA,,888-890-9886,"Sales,"
11853,Industrial/Commercial Sales & Service,00010208021002,Modern Group Power Systems, 3480 Board Road,,York,PA ,17402,USA,,800-404-7291,"Sales,Service,Up To 2MW,Mobile/Diesel/Gas,"
11853,Industrial/Commercial Sales & Service,00010001761002,"GENSERVE, INC.", 100 NEWTOWN RD,,PLAINVIEW,NY ,11803,USA,www.genserveinc.com,631-435-0437,"Service,"
11853,Industrial/Commercial Sales & Service,00111209521002,LONG ISLAND EMERGENCY POWER -QO, 2 Ocean Avenue,,DEER PARK,NY ,11729,USA,,631-586-7513,"Sales,"
11853,Industrial/Commercial Sales & Service,00010139211002,POWERPRO SERVICE CO. INC., 608 JOHNSON AVE. UNIT 6,,BOHEMIA,NY ,11716,USA,,631-567-2700,"Sales,Service,Up To 600kW,Mobile/Diesel/Gas,"
11853,Industrial/Commercial Sales & Service,00111209531002,HUNTINGTON POWER - LONG ISLAND, PO BOX 2040,,SHELTON,CT ,06484,USA,,631-586-7513,"Sales,"
11853,Industrial/Commercial Sales & Service,00010134071002,PEAK POWER SYSTEMS, 99 SPRAGUE AVENUE,,MIDDLETOWN,NY ,10940,USA,www.peakpowersystems.com,845-344-1975,"Sales,Service,Up To 600kW,Mobile/Diesel/Gas,Rental,"
11853,Industrial/Commercial Sales & Service,00010001761002,"GENSERVE, INC.", 115A TWINBRIDGE DR.,,PENNSAUKEN,NJ ,08110,USA,www.genserveinc.com,856-324-0459,"Service,"
11853,Industrial/Commercial Sales & Service,00010001621002,BROOKFIELD SERVICE, 708 GLEBE ROAD,,WESTMORELAND,NH ,03467,USA,www.brookfieldservice.com,802-485-6567,"Service,Up To 600kW,Mobile/Diesel/Gas,"
11853,Industrial/Commercial Sales & Service,00010021101002,SOUTH SHORE GENERATOR INC-Quote, 2696A CRANBERRY HWY,,WAREHAM,MA ,02571,USA,,508-295-7336,"Sales,Service,Up To 600kW,Mobile/Diesel/Gas,"
11853,Industrial/Commercial Sales & Service,00010001701002,SOUTH SHORE GENERATOR INC, ,,EAST WAREHAM,MA ,02538,USA,,508-295-7336,"Financing,Sales,Service,Up To 600kW,Mobile/Diesel/Gas,"
11853,Industrial/Commercial Sales & Service,00111184131002,HUNTER & LOMISON, 1956 W FOURTH ST,,WILLIAMSPORT,PA ,17701,USA,www.hunterlomison.com,570-326-1764,"Sales,Service,Up To 600kW,Mobile/Diesel/Gas,Rental,"
11853,Industrial/Commercial Sales & Service,00010000881002,HUNTER & LOMISON INC., 1956 W. 4TH STREET,,WILLIAMSPORT,PA ,17701,USA,www.hunterlomison.com,570-326-1764,"Service,Up To 600kW,Mobile/Diesel/Gas,"
11853,Industrial/Commercial Sales & Service,00111207431002,WARSHAUER ELECTRIC SUPPLY CO INC, 800 SHREWSBURY AVE,,TINTON FALLS,NJ ,07724,USA,www.warshauer.com,732-741-6400,"Service,"
11853,Industrial/Commercial Sales & Service,00010157021002,Mechanical Service Co, 1145 Oak St.,,Pittston,PA ,18640,USA,,570-654-2445,"Service,"
11854,Industrial/Commercial Sales & Service,00010001611002,Huntington Power, 230 Long Hill Cross Rd,,Shelton,CT ,06484,USA,www.huntingtonpower.com,203-929-3203,"Sales,Service,Up To 2MW,Mobile/Diesel/Gas,Training,Rental,"
11854,Industrial/Commercial Sales & Service,00010214161002,"R.L. Kistler, Inc", 300 Mile Crossing Blvd.,,Rochester,NY ,14624,USA,rlkistler.com,585-436-1940,"Sales,"
11854,Industrial/Commercial Sales & Service,00010214161002,"R.L. KISTLER, INC.", 35 HAMILTON LANE,,GLENMONT,NY ,12077,USA,,585-436-1940,"Sales,Service,"
11854,Industrial/Commercial Sales & Service,00010001611002,Huntington Power, 68 Enter Ln,,Islandia,NY ,11749,USA,,631-563-4943,"Sales,Service,Up To 2MW,Mobile/Diesel/Gas,"
11854,Industrial/Commercial Sales & Service,00010001611002,Huntington Power, 34 E DUDLEY TOWN RD.,,BLOOMFIELD,CT ,06002,USA,,860-289-8790,"Sales,Service,Rental,"
11854,Industrial/Commercial Sales & Service,00010214161002,"R.L. Kistler, Inc", 5615 Business Ave.,,N. Syracuse,NY ,13208,USA,,315-458-2875,"Sales,"
11854,Industrial/Commercial Sales & Service,00010214161002,"R.L. Kistler, Inc", 5615 Business Ave.,,N. Syracuse,NY ,13208,USA,,315-458-2875,"Sales,"
11854,Industrial/Commercial Sales & Service,00010208021002,Modern Group Power Systems, 2501 Durham Road,,Bristol,PA ,19007,USA,www.moderngroup.com,800-404-7291,"Sales,Service,Up To 2MW,Mobile/Diesel/Gas,Training,Rental,"
11854,Industrial/Commercial Sales & Service,00010001731002,Authorized Services Of New England, 410 Forest Street,,Marlborough,MA ,01752,USA,www.asne.com,888-890-9886,"Financing,Sales,Service,Up To 2MW,Mobile/Diesel/Gas,Training,Rental,"
11854,Industrial/Commercial Sales & Service,00010008091002,MODERN HANDLING EQUIP, 75 NEW STREET,,EDISON,NJ ,08837,USA,www.moderngroup.com,800-779-5116,"Sales,Service,Up To 2MW,Mobile/Diesel/Gas,"
11854,Industrial/Commercial Sales & Service,00010208021002,Modern Group Power Systems, 200 Allied Parkway,,West Berlin,NJ ,08091,USA,,800-404-7291,"Sales,Service,Up To 2MW,Mobile/Diesel/Gas,"
11854,Industrial/Commercial Sales & Service,00010208021002,Modern Group Power Systems, 6352 Chapmans Rd,,Allentown,PA ,18106,USA,,800-404-7291,"Sales,Service,Up To 2MW,Mobile/Diesel/Gas,"
11854,Industrial/Commercial Sales & Service,00010000931002,"EMERGENCY POWER SYSTEMS, LLC", 35 HAMILTON LANE,,GLENMONT,NY ,12077,USA,,800-914-1465,"Service,Up To 2MW,Mobile/Diesel/Gas,"
11854,Industrial/Commercial Sales & Service,00010000931002,"EMERGENCY POWER SYSTEMS, LLC", 35 HAMILTON LANE,,GLENMONT,NY ,12077,USA,,800-914-1465,"Service,"
11854,Industrial/Commercial Sales & Service,00010208021002,Modern Group Power Systems, 295 New Commerce Blvd.,,Wilkes Barre,PA ,18706,USA,,800-404-7291,"Sales,Service,Up To 2MW,Mobile/Diesel/Gas,"
11854,Industrial/Commercial Sales & Service,00010208021002,Modern Group Power Systems, 66A South Gate Blvd.,,New Castle,DE ,19720,USA,,800-404-7291,"Sales,Service,Up To 2MW,Mobile/Diesel/Gas,"
11854,Industrial/Commercial Sales & Service,00010001731002,AUTHORIZED SERVICES OF NEW ENGLAND, 410 FOREST STREET,,MARLBOROUGH,MA ,01752,USA,,888-890-9886,"Sales,"
11854,Industrial/Commercial Sales & Service,00010208021002,Modern Group Power Systems, 3480 Board Road,,York,PA ,17402,USA,,800-404-7291,"Sales,Service,Up To 2MW,Mobile/Diesel/Gas,"
11854,Industrial/Commercial Sales & Service,00010001761002,"GENSERVE, INC.", 100 NEWTOWN RD,,PLAINVIEW,NY ,11803,USA,www.genserveinc.com,631-435-0437,"Service,"
11854,Industrial/Commercial Sales & Service,00111209521002,LONG ISLAND EMERGENCY POWER -QO, 2 Ocean Avenue,,DEER PARK,NY ,11729,USA,,631-586-7513,"Sales,"
11854,Industrial/Commercial Sales & Service,00010139211002,POWERPRO SERVICE CO. INC., 608 JOHNSON AVE. UNIT 6,,BOHEMIA,NY ,11716,USA,,631-567-2700,"Sales,Service,Up To 600kW,Mobile/Diesel/Gas,"
11854,Industrial/Commercial Sales & Service,00111209531002,HUNTINGTON POWER - LONG ISLAND, PO BOX 2040,,SHELTON,CT ,06484,USA,,631-586-7513,"Sales,"
11854,Industrial/Commercial Sales & Service,00010134071002,PEAK POWER SYSTEMS, 99 SPRAGUE AVENUE,,MIDDLETOWN,NY ,10940,USA,www.peakpowersystems.com,845-344-1975,"Sales,Service,Up To 600kW,Mobile/Diesel/Gas,Rental,"
11854,Industrial/Commercial Sales & Service,00010001761002,"GENSERVE, INC.", 115A TWINBRIDGE DR.,,PENNSAUKEN,NJ ,08110,USA,www.genserveinc.com,856-324-0459,"Service,"
11854,Industrial/Commercial Sales & Service,00010021101002,SOUTH SHORE GENERATOR INC-Quote, 2696A CRANBERRY HWY,,WAREHAM,MA ,02571,USA,,508-295-7336,"Sales,Service,Up To 600kW,Mobile/Diesel/Gas,"
11854,Industrial/Commercial Sales & Service,00010001621002,BROOKFIELD SERVICE, 708 GLEBE ROAD,,WESTMORELAND,NH ,03467,USA,www.brookfieldservice.com,802-485-6567,"Service,Up To 600kW,Mobile/Diesel/Gas,"
11854,Industrial/Commercial Sales & Service,00010001701002,SOUTH SHORE GENERATOR INC, ,,EAST WAREHAM,MA ,02538,USA,,508-295-7336,"Financing,Sales,Service,Up To 600kW,Mobile/Diesel/Gas,"
11854,Industrial/Commercial Sales & Service,00111184131002,HUNTER & LOMISON, 1956 W FOURTH ST,,WILLIAMSPORT,PA ,17701,USA,www.hunterlomison.com,570-326-1764,"Sales,Service,Up To 600kW,Mobile/Diesel/Gas,Rental,"
11854,Industrial/Commercial Sales & Service,00010000881002,HUNTER & LOMISON INC., 1956 W. 4TH STREET,,WILLIAMSPORT,PA ,17701,USA,www.hunterlomison.com,570-326-1764,"Service,Up To 600kW,Mobile/Diesel/Gas,"
11854,Industrial/Commercial Sales & Service,00111207431002,WARSHAUER ELECTRIC SUPPLY CO INC, 800 SHREWSBURY AVE,,TINTON FALLS,NJ ,07724,USA,www.warshauer.com,732-741-6400,"Service,"
11854,Industrial/Commercial Sales & Service,00010157021002,Mechanical Service Co, 1145 Oak St.,,Pittston,PA ,18640,USA,,570-654-2445,"Service,"
11901,Industrial/Commercial Sales & Service,00010001611002,Huntington Power, 230 Long Hill Cross Rd,,Shelton,CT ,06484,USA,www.huntingtonpower.com,203-929-3203,"Sales,Service,Up To 2MW,Mobile/Diesel/Gas,Training,Rental,"
11901,Industrial/Commercial Sales & Service,00010214161002,"R.L. Kistler, Inc", 300 Mile Crossing Blvd.,,Rochester,NY ,14624,USA,rlkistler.com,585-436-1940,"Sales,"
11901,Industrial/Commercial Sales & Service,00010214161002,"R.L. KISTLER, INC.", 35 HAMILTON LANE,,GLENMONT,NY ,12077,USA,,585-436-1940,"Sales,Service,"
11901,Industrial/Commercial Sales & Service,00010001611002,Huntington Power, 68 Enter Ln,,Islandia,NY ,11749,USA,,631-563-4943,"Sales,Service,Up To 2MW,Mobile/Diesel/Gas,"
11901,Industrial/Commercial Sales & Service,00010001611002,Huntington Power, 34 E DUDLEY TOWN RD.,,BLOOMFIELD,CT ,06002,USA,,860-289-8790,"Sales,Service,Rental,"
11901,Industrial/Commercial Sales & Service,00010214161002,"R.L. Kistler, Inc", 5615 Business Ave.,,N. Syracuse,NY ,13208,USA,,315-458-2875,"Sales,"
11901,Industrial/Commercial Sales & Service,00010214161002,"R.L. Kistler, Inc", 5615 Business Ave.,,N. Syracuse,NY ,13208,USA,,315-458-2875,"Sales,"
11901,Industrial/Commercial Sales & Service,00010001731002,Authorized Services Of New England, 410 Forest Street,,Marlborough,MA ,01752,USA,www.asne.com,888-890-9886,"Financing,Sales,Service,Up To 2MW,Mobile/Diesel/Gas,Training,Rental,"
11901,Industrial/Commercial Sales & Service,00010208021002,Modern Group Power Systems, 2501 Durham Road,,Bristol,PA ,19007,USA,www.moderngroup.com,800-404-7291,"Sales,Service,Up To 2MW,Mobile/Diesel/Gas,Training,Rental,"
11901,Industrial/Commercial Sales & Service,00010008091002,MODERN HANDLING EQUIP, 75 NEW STREET,,EDISON,NJ ,08837,USA,www.moderngroup.com,800-779-5116,"Sales,Service,Up To 2MW,Mobile/Diesel/Gas,"
11901,Industrial/Commercial Sales & Service,00010001731002,AUTHORIZED SERVICES OF NEW ENGLAND, 410 FOREST STREET,,MARLBOROUGH,MA ,01752,USA,,888-890-9886,"Sales,"
11901,Industrial/Commercial Sales & Service,00010000931002,"EMERGENCY POWER SYSTEMS, LLC", 35 HAMILTON LANE,,GLENMONT,NY ,12077,USA,,800-914-1465,"Service,Up To 2MW,Mobile/Diesel/Gas,"
11901,Industrial/Commercial Sales & Service,00010000931002,"EMERGENCY POWER SYSTEMS, LLC", 35 HAMILTON LANE,,GLENMONT,NY ,12077,USA,,800-914-1465,"Service,"
11901,Industrial/Commercial Sales & Service,00010208021002,Modern Group Power Systems, 200 Allied Parkway,,West Berlin,NJ ,08091,USA,,800-404-7291,"Sales,Service,Up To 2MW,Mobile/Diesel/Gas,"
11901,Industrial/Commercial Sales & Service,00010208021002,Modern Group Power Systems, 6352 Chapmans Rd,,Allentown,PA ,18106,USA,,800-404-7291,"Sales,Service,Up To 2MW,Mobile/Diesel/Gas,"
11901,Industrial/Commercial Sales & Service,00010208021002,Modern Group Power Systems, 295 New Commerce Blvd.,,Wilkes Barre,PA ,18706,USA,,800-404-7291,"Sales,Service,Up To 2MW,Mobile/Diesel/Gas,"
11901,Industrial/Commercial Sales & Service,00010208021002,Modern Group Power Systems, 66A South Gate Blvd.,,New Castle,DE ,19720,USA,,800-404-7291,"Sales,Service,Up To 2MW,Mobile/Diesel/Gas,"
11901,Industrial/Commercial Sales & Service,00010139211002,POWERPRO SERVICE CO. INC., 608 JOHNSON AVE. UNIT 6,,BOHEMIA,NY ,11716,USA,,631-567-2700,"Sales,Service,Up To 600kW,Mobile/Diesel/Gas,"
11901,Industrial/Commercial Sales & Service,00111209521002,LONG ISLAND EMERGENCY POWER -QO, 2 Ocean Avenue,,DEER PARK,NY ,11729,USA,,631-586-7513,"Sales,"
11901,Industrial/Commercial Sales & Service,00111209531002,HUNTINGTON POWER - LONG ISLAND, PO BOX 2040,,SHELTON,CT ,06484,USA,,631-586-7513,"Sales,"
11901,Industrial/Commercial Sales & Service,00010001761002,"GENSERVE, INC.", 100 NEWTOWN RD,,PLAINVIEW,NY ,11803,USA,www.genserveinc.com,631-435-0437,"Service,"
11901,Industrial/Commercial Sales & Service,00010134071002,PEAK POWER SYSTEMS, 99 SPRAGUE AVENUE,,MIDDLETOWN,NY ,10940,USA,www.peakpowersystems.com,845-344-1975,"Sales,Service,Up To 600kW,Mobile/Diesel/Gas,Rental,"
11901,Industrial/Commercial Sales & Service,00010021101002,SOUTH SHORE GENERATOR INC-Quote, 2696A CRANBERRY HWY,,WAREHAM,MA ,02571,USA,,508-295-7336,"Sales,Service,Up To 600kW,Mobile/Diesel/Gas,"
11901,Industrial/Commercial Sales & Service,00010001701002,SOUTH SHORE GENERATOR INC, ,,EAST WAREHAM,MA ,02538,USA,,508-295-7336,"Financing,Sales,Service,Up To 600kW,Mobile/Diesel/Gas,"
11901,Industrial/Commercial Sales & Service,00010001621002,BROOKFIELD SERVICE, 708 GLEBE ROAD,,WESTMORELAND,NH ,03467,USA,www.brookfieldservice.com,802-485-6567,"Service,Up To 600kW,Mobile/Diesel/Gas,"
11901,Industrial/Commercial Sales & Service,00010001761002,"GENSERVE, INC.", 115A TWINBRIDGE DR.,,PENNSAUKEN,NJ ,08110,USA,www.genserveinc.com,856-324-0459,"Service,"
11901,Industrial/Commercial Sales & Service,00111207431002,WARSHAUER ELECTRIC SUPPLY CO INC, 800 SHREWSBURY AVE,,TINTON FALLS,NJ ,07724,USA,www.warshauer.com,732-741-6400,"Service,"
11901,Industrial/Commercial Sales & Service,00010157021002,Mechanical Service Co, 1145 Oak St.,,Pittston,PA ,18640,USA,,570-654-2445,"Service,"
11930,Industrial/Commercial Sales & Service,00010214161002,"R.L. KISTLER, INC.", 35 HAMILTON LANE,,GLENMONT,NY ,12077,USA,,585-436-1940,"Sales,Service,"
11930,Industrial/Commercial Sales & Service,00010214161002,"R.L. Kistler, Inc", 300 Mile Crossing Blvd.,,Rochester,NY ,14624,USA,rlkistler.com,585-436-1940,"Sales,"
11930,Industrial/Commercial Sales & Service,00010001611002,Huntington Power, 230 Long Hill Cross Rd,,Shelton,CT ,06484,USA,www.huntingtonpower.com,203-929-3203,"Sales,Service,Up To 2MW,Mobile/Diesel/Gas,Training,Rental,"
11930,Industrial/Commercial Sales & Service,00010214161002,"R.L. Kistler, Inc", 5615 Business Ave.,,N. Syracuse,NY ,13208,USA,,315-458-2875,"Sales,"
11930,Industrial/Commercial Sales & Service,00010214161002,"R.L. Kistler, Inc", 5615 Business Ave.,,N. Syracuse,NY ,13208,USA,,315-458-2875,"Sales,"
11930,Industrial/Commercial Sales & Service,00010001611002,Huntington Power, 68 Enter Ln,,Islandia,NY ,11749,USA,,631-563-4943,"Sales,Service,Up To 2MW,Mobile/Diesel/Gas,"
11930,Industrial/Commercial Sales & Service,00010001611002,Huntington Power, 34 E DUDLEY TOWN RD.,,BLOOMFIELD,CT ,06002,USA,,860-289-8790,"Sales,Service,Rental,"
11930,Industrial/Commercial Sales & Service,00010001731002,Authorized Services Of New England, 410 Forest Street,,Marlborough,MA ,01752,USA,www.asne.com,888-890-9886,"Financing,Sales,Service,Up To 2MW,Mobile/Diesel/Gas,Training,Rental,"
11930,Industrial/Commercial Sales & Service,00010208021002,Modern Group Power Systems, 2501 Durham Road,,Bristol,PA ,19007,USA,www.moderngroup.com,800-404-7291,"Sales,Service,Up To 2MW,Mobile/Diesel/Gas,Training,Rental,"
11930,Industrial/Commercial Sales & Service,00010001731002,AUTHORIZED SERVICES OF NEW ENGLAND, 410 FOREST STREET,,MARLBOROUGH,MA ,01752,USA,,888-890-9886,"Sales,"
11930,Industrial/Commercial Sales & Service,00010008091002,MODERN HANDLING EQUIP, 75 NEW STREET,,EDISON,NJ ,08837,USA,www.moderngroup.com,800-779-5116,"Sales,Service,Up To 2MW,Mobile/Diesel/Gas,"
11930,Industrial/Commercial Sales & Service,00010000931002,"EMERGENCY POWER SYSTEMS, LLC", 35 HAMILTON LANE,,GLENMONT,NY ,12077,USA,,800-914-1465,"Service,Up To 2MW,Mobile/Diesel/Gas,"
11930,Industrial/Commercial Sales & Service,00010000931002,"EMERGENCY POWER SYSTEMS, LLC", 35 HAMILTON LANE,,GLENMONT,NY ,12077,USA,,800-914-1465,"Service,"
11930,Industrial/Commercial Sales & Service,00010208021002,Modern Group Power Systems, 200 Allied Parkway,,West Berlin,NJ ,08091,USA,,800-404-7291,"Sales,Service,Up To 2MW,Mobile/Diesel/Gas,"
11930,Industrial/Commercial Sales & Service,00010208021002,Modern Group Power Systems, 6352 Chapmans Rd,,Allentown,PA ,18106,USA,,800-404-7291,"Sales,Service,Up To 2MW,Mobile/Diesel/Gas,"
11930,Industrial/Commercial Sales & Service,00010208021002,Modern Group Power Systems, 295 New Commerce Blvd.,,Wilkes Barre,PA ,18706,USA,,800-404-7291,"Sales,Service,Up To 2MW,Mobile/Diesel/Gas,"
11930,Industrial/Commercial Sales & Service,00010139211002,POWERPRO SERVICE CO. INC., 608 JOHNSON AVE. UNIT 6,,BOHEMIA,NY ,11716,USA,,631-567-2700,"Sales,Service,Up To 600kW,Mobile/Diesel/Gas,"
11930,Industrial/Commercial Sales & Service,00111209531002,HUNTINGTON POWER - LONG ISLAND, PO BOX 2040,,SHELTON,CT ,06484,USA,,631-586-7513,"Sales,"
11930,Industrial/Commercial Sales & Service,00111209521002,LONG ISLAND EMERGENCY POWER -QO, 2 Ocean Avenue,,DEER PARK,NY ,11729,USA,,631-586-7513,"Sales,"
11930,Industrial/Commercial Sales & Service,00010001761002,"GENSERVE, INC.", 100 NEWTOWN RD,,PLAINVIEW,NY ,11803,USA,www.genserveinc.com,631-435-0437,"Service,"
11930,Industrial/Commercial Sales & Service,00010021101002,SOUTH SHORE GENERATOR INC-Quote, 2696A CRANBERRY HWY,,WAREHAM,MA ,02571,USA,,508-295-7336,"Sales,Service,Up To 600kW,Mobile/Diesel/Gas,"
11930,Industrial/Commercial Sales & Service,00010001701002,SOUTH SHORE GENERATOR INC, ,,EAST WAREHAM,MA ,02538,USA,,508-295-7336,"Financing,Sales,Service,Up To 600kW,Mobile/Diesel/Gas,"
11930,Industrial/Commercial Sales & Service,00010134071002,PEAK POWER SYSTEMS, 99 SPRAGUE AVENUE,,MIDDLETOWN,NY ,10940,USA,www.peakpowersystems.com,845-344-1975,"Sales,Service,Up To 600kW,Mobile/Diesel/Gas,Rental,"
11930,Industrial/Commercial Sales & Service,00010001621002,BROOKFIELD SERVICE, 708 GLEBE ROAD,,WESTMORELAND,NH ,03467,USA,www.brookfieldservice.com,802-485-6567,"Service,Up To 600kW,Mobile/Diesel/Gas,"
11930,Industrial/Commercial Sales & Service,00010001761002,"GENSERVE, INC.", 115A TWINBRIDGE DR.,,PENNSAUKEN,NJ ,08110,USA,www.genserveinc.com,856-324-0459,"Service,"
11930,Industrial/Commercial Sales & Service,00111207431002,WARSHAUER ELECTRIC SUPPLY CO INC, 800 SHREWSBURY AVE,,TINTON FALLS,NJ ,07724,USA,www.warshauer.com,732-741-6400,"Service,"
11930,Industrial/Commercial Sales & Service,00010157021002,Mechanical Service Co, 1145 Oak St.,,Pittston,PA ,18640,USA,,570-654-2445,"Service,"
11931,Industrial/Commercial Sales & Service,00010001611002,Huntington Power, 230 Long Hill Cross Rd,,Shelton,CT ,06484,USA,www.huntingtonpower.com,203-929-3203,"Sales,Service,Up To 2MW,Mobile/Diesel/Gas,Training,Rental,"
11931,Industrial/Commercial Sales & Service,00010214161002,"R.L. KISTLER, INC.", 35 HAMILTON LANE,,GLENMONT,NY ,12077,USA,,585-436-1940,"Sales,Service,"
11931,Industrial/Commercial Sales & Service,00010214161002,"R.L. Kistler, Inc", 300 Mile Crossing Blvd.,,Rochester,NY ,14624,USA,rlkistler.com,585-436-1940,"Sales,"
11931,Industrial/Commercial Sales & Service,00010001611002,Huntington Power, 68 Enter Ln,,Islandia,NY ,11749,USA,,631-563-4943,"Sales,Service,Up To 2MW,Mobile/Diesel/Gas,"
11931,Industrial/Commercial Sales & Service,00010001611002,Huntington Power, 34 E DUDLEY TOWN RD.,,BLOOMFIELD,CT ,06002,USA,,860-289-8790,"Sales,Service,Rental,"
11931,Industrial/Commercial Sales & Service,00010214161002,"R.L. Kistler, Inc", 5615 Business Ave.,,N. Syracuse,NY ,13208,USA,,315-458-2875,"Sales,"
11931,Industrial/Commercial Sales & Service,00010214161002,"R.L. Kistler, Inc", 5615 Business Ave.,,N. Syracuse,NY ,13208,USA,,315-458-2875,"Sales,"
11931,Industrial/Commercial Sales & Service,00010001731002,Authorized Services Of New England, 410 Forest Street,,Marlborough,MA ,01752,USA,www.asne.com,888-890-9886,"Financing,Sales,Service,Up To 2MW,Mobile/Diesel/Gas,Training,Rental,"
11931,Industrial/Commercial Sales & Service,00010208021002,Modern Group Power Systems, 2501 Durham Road,,Bristol,PA ,19007,USA,www.moderngroup.com,800-404-7291,"Sales,Service,Up To 2MW,Mobile/Diesel/Gas,Training,Rental,"
11931,Industrial/Commercial Sales & Service,00010008091002,MODERN HANDLING EQUIP, 75 NEW STREET,,EDISON,NJ ,08837,USA,www.moderngroup.com,800-779-5116,"Sales,Service,Up To 2MW,Mobile/Diesel/Gas,"
11931,Industrial/Commercial Sales & Service,00010001731002,AUTHORIZED SERVICES OF NEW ENGLAND, 410 FOREST STREET,,MARLBOROUGH,MA ,01752,USA,,888-890-9886,"Sales,"
11931,Industrial/Commercial Sales & Service,00010000931002,"EMERGENCY POWER SYSTEMS, LLC", 35 HAMILTON LANE,,GLENMONT,NY ,12077,USA,,800-914-1465,"Service,Up To 2MW,Mobile/Diesel/Gas,"
11931,Industrial/Commercial Sales & Service,00010000931002,"EMERGENCY POWER SYSTEMS, LLC", 35 HAMILTON LANE,,GLENMONT,NY ,12077,USA,,800-914-1465,"Service,"
11931,Industrial/Commercial Sales & Service,00010208021002,Modern Group Power Systems, 200 Allied Parkway,,West Berlin,NJ ,08091,USA,,800-404-7291,"Sales,Service,Up To 2MW,Mobile/Diesel/Gas,"
11931,Industrial/Commercial Sales & Service,00010208021002,Modern Group Power Systems, 6352 Chapmans Rd,,Allentown,PA ,18106,USA,,800-404-7291,"Sales,Service,Up To 2MW,Mobile/Diesel/Gas,"
11931,Industrial/Commercial Sales & Service,00010208021002,Modern Group Power Systems, 295 New Commerce Blvd.,,Wilkes Barre,PA ,18706,USA,,800-404-7291,"Sales,Service,Up To 2MW,Mobile/Diesel/Gas,"
11931,Industrial/Commercial Sales & Service,00010208021002,Modern Group Power Systems, 66A South Gate Blvd.,,New Castle,DE ,19720,USA,,800-404-7291,"Sales,Service,Up To 2MW,Mobile/Diesel/Gas,"
11931,Industrial/Commercial Sales & Service,00010139211002,POWERPRO SERVICE CO. INC., 608 JOHNSON AVE. UNIT 6,,BOHEMIA,NY ,11716,USA,,631-567-2700,"Sales,Service,Up To 600kW,Mobile/Diesel/Gas,"
11931,Industrial/Commercial Sales & Service,00111209531002,HUNTINGTON POWER - LONG ISLAND, PO BOX 2040,,SHELTON,CT ,06484,USA,,631-586-7513,"Sales,"
11931,Industrial/Commercial Sales & Service,00111209521002,LONG ISLAND EMERGENCY POWER -QO, 2 Ocean Avenue,,DEER PARK,NY ,11729,USA,,631-586-7513,"Sales,"
11931,Industrial/Commercial Sales & Service,00010001761002,"GENSERVE, INC.", 100 NEWTOWN RD,,PLAINVIEW,NY ,11803,USA,www.genserveinc.com,631-435-0437,"Service,"
11931,Industrial/Commercial Sales & Service,00010134071002,PEAK POWER SYSTEMS, 99 SPRAGUE AVENUE,,MIDDLETOWN,NY ,10940,USA,www.peakpowersystems.com,845-344-1975,"Sales,Service,Up To 600kW,Mobile/Diesel/Gas,Rental,"
11931,Industrial/Commercial Sales & Service,00010021101002,SOUTH SHORE GENERATOR INC-Quote, 2696A CRANBERRY HWY,,WAREHAM,MA ,02571,USA,,508-295-7336,"Sales,Service,Up To 600kW,Mobile/Diesel/Gas,"
11931,Industrial/Commercial Sales & Service,00010001701002,SOUTH SHORE GENERATOR INC, ,,EAST WAREHAM,MA ,02538,USA,,508-295-7336,"Financing,Sales,Service,Up To 600kW,Mobile/Diesel/Gas,"
11931,Industrial/Commercial Sales & Service,00010001621002,BROOKFIELD SERVICE, 708 GLEBE ROAD,,WESTMORELAND,NH ,03467,USA,www.brookfieldservice.com,802-485-6567,"Service,Up To 600kW,Mobile/Diesel/Gas,"
11931,Industrial/Commercial Sales & Service,00010001761002,"GENSERVE, INC.", 115A TWINBRIDGE DR.,,PENNSAUKEN,NJ ,08110,USA,www.genserveinc.com,856-324-0459,"Service,"
11931,Industrial/Commercial Sales & Service,00111207431002,WARSHAUER ELECTRIC SUPPLY CO INC, 800 SHREWSBURY AVE,,TINTON FALLS,NJ ,07724,USA,www.warshauer.com,732-741-6400,"Service,"
11931,Industrial/Commercial Sales & Service,00010157021002,Mechanical Service Co, 1145 Oak St.,,Pittston,PA ,18640,USA,,570-654-2445,"Service,"
11932,Industrial/Commercial Sales & Service,00010001611002,Huntington Power, 230 Long Hill Cross Rd,,Shelton,CT ,06484,USA,www.huntingtonpower.com,203-929-3203,"Sales,Service,Up To 2MW,Mobile/Diesel/Gas,Training,Rental,"
11932,Industrial/Commercial Sales & Service,00010214161002,"R.L. Kistler, Inc", 300 Mile Crossing Blvd.,,Rochester,NY ,14624,USA,rlkistler.com,585-436-1940,"Sales,"
11932,Industrial/Commercial Sales & Service,00010214161002,"R.L. KISTLER, INC.", 35 HAMILTON LANE,,GLENMONT,NY ,12077,USA,,585-436-1940,"Sales,Service,"
11932,Industrial/Commercial Sales & Service,00010001611002,Huntington Power, 68 Enter Ln,,Islandia,NY ,11749,USA,,631-563-4943,"Sales,Service,Up To 2MW,Mobile/Diesel/Gas,"
11932,Industrial/Commercial Sales & Service,00010001611002,Huntington Power, 34 E DUDLEY TOWN RD.,,BLOOMFIELD,CT ,06002,USA,,860-289-8790,"Sales,Service,Rental,"
11932,Industrial/Commercial Sales & Service,00010214161002,"R.L. Kistler, Inc", 5615 Business Ave.,,N. Syracuse,NY ,13208,USA,,315-458-2875,"Sales,"
11932,Industrial/Commercial Sales & Service,00010214161002,"R.L. Kistler, Inc", 5615 Business Ave.,,N. Syracuse,NY ,13208,USA,,315-458-2875,"Sales,"
11932,Industrial/Commercial Sales & Service,00010001731002,Authorized Services Of New England, 410 Forest Street,,Marlborough,MA ,01752,USA,www.asne.com,888-890-9886,"Financing,Sales,Service,Up To 2MW,Mobile/Diesel/Gas,Training,Rental,"
11932,Industrial/Commercial Sales & Service,00010208021002,Modern Group Power Systems, 2501 Durham Road,,Bristol,PA ,19007,USA,www.moderngroup.com,800-404-7291,"Sales,Service,Up To 2MW,Mobile/Diesel/Gas,Training,Rental,"
11932,Industrial/Commercial Sales & Service,00010001731002,AUTHORIZED SERVICES OF NEW ENGLAND, 410 FOREST STREET,,MARLBOROUGH,MA ,01752,USA,,888-890-9886,"Sales,"
11932,Industrial/Commercial Sales & Service,00010008091002,MODERN HANDLING EQUIP, 75 NEW STREET,,EDISON,NJ ,08837,USA,www.moderngroup.com,800-779-5116,"Sales,Service,Up To 2MW,Mobile/Diesel/Gas,"
11932,Industrial/Commercial Sales & Service,00010000931002,"EMERGENCY POWER SYSTEMS, LLC", 35 HAMILTON LANE,,GLENMONT,NY ,12077,USA,,800-914-1465,"Service,Up To 2MW,Mobile/Diesel/Gas,"
11932,Industrial/Commercial Sales & Service,00010000931002,"EMERGENCY POWER SYSTEMS, LLC", 35 HAMILTON LANE,,GLENMONT,NY ,12077,USA,,800-914-1465,"Service,"
11932,Industrial/Commercial Sales & Service,00010208021002,Modern Group Power Systems, 200 Allied Parkway,,West Berlin,NJ ,08091,USA,,800-404-7291,"Sales,Service,Up To 2MW,Mobile/Diesel/Gas,"
11932,Industrial/Commercial Sales & Service,00010208021002,Modern Group Power Systems, 6352 Chapmans Rd,,Allentown,PA ,18106,USA,,800-404-7291,"Sales,Service,Up To 2MW,Mobile/Diesel/Gas,"
11932,Industrial/Commercial Sales & Service,00010208021002,Modern Group Power Systems, 295 New Commerce Blvd.,,Wilkes Barre,PA ,18706,USA,,800-404-7291,"Sales,Service,Up To 2MW,Mobile/Diesel/Gas,"
11932,Industrial/Commercial Sales & Service,00010208021002,Modern Group Power Systems, 66A South Gate Blvd.,,New Castle,DE ,19720,USA,,800-404-7291,"Sales,Service,Up To 2MW,Mobile/Diesel/Gas,"
11932,Industrial/Commercial Sales & Service,00010139211002,POWERPRO SERVICE CO. INC., 608 JOHNSON AVE. UNIT 6,,BOHEMIA,NY ,11716,USA,,631-567-2700,"Sales,Service,Up To 600kW,Mobile/Diesel/Gas,"
11932,Industrial/Commercial Sales & Service,00111209531002,HUNTINGTON POWER - LONG ISLAND, PO BOX 2040,,SHELTON,CT ,06484,USA,,631-586-7513,"Sales,"
11932,Industrial/Commercial Sales & Service,00111209521002,LONG ISLAND EMERGENCY POWER -QO, 2 Ocean Avenue,,DEER PARK,NY ,11729,USA,,631-586-7513,"Sales,"
11932,Industrial/Commercial Sales & Service,00010001761002,"GENSERVE, INC.", 100 NEWTOWN RD,,PLAINVIEW,NY ,11803,USA,www.genserveinc.com,631-435-0437,"Service,"
11932,Industrial/Commercial Sales & Service,00010021101002,SOUTH SHORE GENERATOR INC-Quote, 2696A CRANBERRY HWY,,WAREHAM,MA ,02571,USA,,508-295-7336,"Sales,Service,Up To 600kW,Mobile/Diesel/Gas,"
11932,Industrial/Commercial Sales & Service,00010001701002,SOUTH SHORE GENERATOR INC, ,,EAST WAREHAM,MA ,02538,USA,,508-295-7336,"Financing,Sales,Service,Up To 600kW,Mobile/Diesel/Gas,"
11932,Industrial/Commercial Sales & Service,00010134071002,PEAK POWER SYSTEMS, 99 SPRAGUE AVENUE,,MIDDLETOWN,NY ,10940,USA,www.peakpowersystems.com,845-344-1975,"Sales,Service,Up To 600kW,Mobile/Diesel/Gas,Rental,"
11932,Industrial/Commercial Sales & Service,00010001621002,BROOKFIELD SERVICE, 708 GLEBE ROAD,,WESTMORELAND,NH ,03467,USA,www.brookfieldservice.com,802-485-6567,"Service,Up To 600kW,Mobile/Diesel/Gas,"
11932,Industrial/Commercial Sales & Service,00010001761002,"GENSERVE, INC.", 115A TWINBRIDGE DR.,,PENNSAUKEN,NJ ,08110,USA,www.genserveinc.com,856-324-0459,"Service,"
11932,Industrial/Commercial Sales & Service,00111207431002,WARSHAUER ELECTRIC SUPPLY CO INC, 800 SHREWSBURY AVE,,TINTON FALLS,NJ ,07724,USA,www.warshauer.com,732-741-6400,"Service,"
11932,Industrial/Commercial Sales & Service,00010157021002,Mechanical Service Co, 1145 Oak St.,,Pittston,PA ,18640,USA,,570-654-2445,"Service,"
11933,Industrial/Commercial Sales & Service,00010214161002,"R.L. Kistler, Inc", 300 Mile Crossing Blvd.,,Rochester,NY ,14624,USA,rlkistler.com,585-436-1940,"Sales,"
11933,Industrial/Commercial Sales & Service,00010214161002,"R.L. KISTLER, INC.", 35 HAMILTON LANE,,GLENMONT,NY ,12077,USA,,585-436-1940,"Sales,Service,"
11933,Industrial/Commercial Sales & Service,00010001611002,Huntington Power, 230 Long Hill Cross Rd,,Shelton,CT ,06484,USA,www.huntingtonpower.com,203-929-3203,"Sales,Service,Up To 2MW,Mobile/Diesel/Gas,Training,Rental,"
11933,Industrial/Commercial Sales & Service,00010214161002,"R.L. Kistler, Inc", 5615 Business Ave.,,N. Syracuse,NY ,13208,USA,,315-458-2875,"Sales,"
11933,Industrial/Commercial Sales & Service,00010214161002,"R.L. Kistler, Inc", 5615 Business Ave.,,N. Syracuse,NY ,13208,USA,,315-458-2875,"Sales,"
11933,Industrial/Commercial Sales & Service,00010001611002,Huntington Power, 68 Enter Ln,,Islandia,NY ,11749,USA,,631-563-4943,"Sales,Service,Up To 2MW,Mobile/Diesel/Gas,"
11933,Industrial/Commercial Sales & Service,00010001611002,Huntington Power, 34 E DUDLEY TOWN RD.,,BLOOMFIELD,CT ,06002,USA,,860-289-8790,"Sales,Service,Rental,"
11933,Industrial/Commercial Sales & Service,00010001731002,Authorized Services Of New England, 410 Forest Street,,Marlborough,MA ,01752,USA,www.asne.com,888-890-9886,"Financing,Sales,Service,Up To 2MW,Mobile/Diesel/Gas,Training,Rental,"
11933,Industrial/Commercial Sales & Service,00010208021002,Modern Group Power Systems, 2501 Durham Road,,Bristol,PA ,19007,USA,www.moderngroup.com,800-404-7291,"Sales,Service,Up To 2MW,Mobile/Diesel/Gas,Training,Rental,"
11933,Industrial/Commercial Sales & Service,00010008091002,MODERN HANDLING EQUIP, 75 NEW STREET,,EDISON,NJ ,08837,USA,www.moderngroup.com,800-779-5116,"Sales,Service,Up To 2MW,Mobile/Diesel/Gas,"
11933,Industrial/Commercial Sales & Service,00010001731002,AUTHORIZED SERVICES OF NEW ENGLAND, 410 FOREST STREET,,MARLBOROUGH,MA ,01752,USA,,888-890-9886,"Sales,"
11933,Industrial/Commercial Sales & Service,00010000931002,"EMERGENCY POWER SYSTEMS, LLC", 35 HAMILTON LANE,,GLENMONT,NY ,12077,USA,,800-914-1465,"Service,Up To 2MW,Mobile/Diesel/Gas,"
11933,Industrial/Commercial Sales & Service,00010000931002,"EMERGENCY POWER SYSTEMS, LLC", 35 HAMILTON LANE,,GLENMONT,NY ,12077,USA,,800-914-1465,"Service,"
11933,Industrial/Commercial Sales & Service,00010208021002,Modern Group Power Systems, 200 Allied Parkway,,West Berlin,NJ ,08091,USA,,800-404-7291,"Sales,Service,Up To 2MW,Mobile/Diesel/Gas,"
11933,Industrial/Commercial Sales & Service,00010208021002,Modern Group Power Systems, 6352 Chapmans Rd,,Allentown,PA ,18106,USA,,800-404-7291,"Sales,Service,Up To 2MW,Mobile/Diesel/Gas,"
11933,Industrial/Commercial Sales & Service,00010208021002,Modern Group Power Systems, 295 New Commerce Blvd.,,Wilkes Barre,PA ,18706,USA,,800-404-7291,"Sales,Service,Up To 2MW,Mobile/Diesel/Gas,"
11933,Industrial/Commercial Sales & Service,00010208021002,Modern Group Power Systems, 66A South Gate Blvd.,,New Castle,DE ,19720,USA,,800-404-7291,"Sales,Service,Up To 2MW,Mobile/Diesel/Gas,"
11933,Industrial/Commercial Sales & Service,00010139211002,POWERPRO SERVICE CO. INC., 608 JOHNSON AVE. UNIT 6,,BOHEMIA,NY ,11716,USA,,631-567-2700,"Sales,Service,Up To 600kW,Mobile/Diesel/Gas,"
11933,Industrial/Commercial Sales & Service,00111209521002,LONG ISLAND EMERGENCY POWER -QO, 2 Ocean Avenue,,DEER PARK,NY ,11729,USA,,631-586-7513,"Sales,"
11933,Industrial/Commercial Sales & Service,00111209531002,HUNTINGTON POWER - LONG ISLAND, PO BOX 2040,,SHELTON,CT ,06484,USA,,631-586-7513,"Sales,"
11933,Industrial/Commercial Sales & Service,00010001761002,"GENSERVE, INC.", 100 NEWTOWN RD,,PLAINVIEW,NY ,11803,USA,www.genserveinc.com,631-435-0437,"Service,"
11933,Industrial/Commercial Sales & Service,00010134071002,PEAK POWER SYSTEMS, 99 SPRAGUE AVENUE,,MIDDLETOWN,NY ,10940,USA,www.peakpowersystems.com,845-344-1975,"Sales,Service,Up To 600kW,Mobile/Diesel/Gas,Rental,"
11933,Industrial/Commercial Sales & Service,00010021101002,SOUTH SHORE GENERATOR INC-Quote, 2696A CRANBERRY HWY,,WAREHAM,MA ,02571,USA,,508-295-7336,"Sales,Service,Up To 600kW,Mobile/Diesel/Gas,"
11933,Industrial/Commercial Sales & Service,00010001701002,SOUTH SHORE GENERATOR INC, ,,EAST WAREHAM,MA ,02538,USA,,508-295-7336,"Financing,Sales,Service,Up To 600kW,Mobile/Diesel/Gas,"
11933,Industrial/Commercial Sales & Service,00010001761002,"GENSERVE, INC.", 115A TWINBRIDGE DR.,,PENNSAUKEN,NJ ,08110,USA,www.genserveinc.com,856-324-0459,"Service,"
11933,Industrial/Commercial Sales & Service,00010001621002,BROOKFIELD SERVICE, 708 GLEBE ROAD,,WESTMORELAND,NH ,03467,USA,www.brookfieldservice.com,802-485-6567,"Service,Up To 600kW,Mobile/Diesel/Gas,"
11933,Industrial/Commercial Sales & Service,00111207431002,WARSHAUER ELECTRIC SUPPLY CO INC, 800 SHREWSBURY AVE,,TINTON FALLS,NJ ,07724,USA,www.warshauer.com,732-741-6400,"Service,"
11933,Industrial/Commercial Sales & Service,00010157021002,Mechanical Service Co, 1145 Oak St.,,Pittston,PA ,18640,USA,,570-654-2445,"Service,"
11934,Industrial/Commercial Sales & Service,00010214161002,"R.L. Kistler, Inc", 300 Mile Crossing Blvd.,,Rochester,NY ,14624,USA,rlkistler.com,585-436-1940,"Sales,"
11934,Industrial/Commercial Sales & Service,00010001611002,Huntington Power, 230 Long Hill Cross Rd,,Shelton,CT ,06484,USA,www.huntingtonpower.com,203-929-3203,"Sales,Service,Up To 2MW,Mobile/Diesel/Gas,Training,Rental,"
11934,Industrial/Commercial Sales & Service,00010214161002,"R.L. KISTLER, INC.", 35 HAMILTON LANE,,GLENMONT,NY ,12077,USA,,585-436-1940,"Sales,Service,"
11934,Industrial/Commercial Sales & Service,00010214161002,"R.L. Kistler, Inc", 5615 Business Ave.,,N. Syracuse,NY ,13208,USA,,315-458-2875,"Sales,"
11934,Industrial/Commercial Sales & Service,00010001611002,Huntington Power, 68 Enter Ln,,Islandia,NY ,11749,USA,,631-563-4943,"Sales,Service,Up To 2MW,Mobile/Diesel/Gas,"
11934,Industrial/Commercial Sales & Service,00010001611002,Huntington Power, 34 E DUDLEY TOWN RD.,,BLOOMFIELD,CT ,06002,USA,,860-289-8790,"Sales,Service,Rental,"
11934,Industrial/Commercial Sales & Service,00010214161002,"R.L. Kistler, Inc", 5615 Business Ave.,,N. Syracuse,NY ,13208,USA,,315-458-2875,"Sales,"
11934,Industrial/Commercial Sales & Service,00010208021002,Modern Group Power Systems, 2501 Durham Road,,Bristol,PA ,19007,USA,www.moderngroup.com,800-404-7291,"Sales,Service,Up To 2MW,Mobile/Diesel/Gas,Training,Rental,"
11934,Industrial/Commercial Sales & Service,00010001731002,Authorized Services Of New England, 410 Forest Street,,Marlborough,MA ,01752,USA,www.asne.com,888-890-9886,"Financing,Sales,Service,Up To 2MW,Mobile/Diesel/Gas,Training,Rental,"
11934,Industrial/Commercial Sales & Service,00010008091002,MODERN HANDLING EQUIP, 75 NEW STREET,,EDISON,NJ ,08837,USA,www.moderngroup.com,800-779-5116,"Sales,Service,Up To 2MW,Mobile/Diesel/Gas,"
11934,Industrial/Commercial Sales & Service,00010001731002,AUTHORIZED SERVICES OF NEW ENGLAND, 410 FOREST STREET,,MARLBOROUGH,MA ,01752,USA,,888-890-9886,"Sales,"
11934,Industrial/Commercial Sales & Service,00010208021002,Modern Group Power Systems, 200 Allied Parkway,,West Berlin,NJ ,08091,USA,,800-404-7291,"Sales,Service,Up To 2MW,Mobile/Diesel/Gas,"
11934,Industrial/Commercial Sales & Service,00010000931002,"EMERGENCY POWER SYSTEMS, LLC", 35 HAMILTON LANE,,GLENMONT,NY ,12077,USA,,800-914-1465,"Service,Up To 2MW,Mobile/Diesel/Gas,"
11934,Industrial/Commercial Sales & Service,00010000931002,"EMERGENCY POWER SYSTEMS, LLC", 35 HAMILTON LANE,,GLENMONT,NY ,12077,USA,,800-914-1465,"Service,"
11934,Industrial/Commercial Sales & Service,00010208021002,Modern Group Power Systems, 6352 Chapmans Rd,,Allentown,PA ,18106,USA,,800-404-7291,"Sales,Service,Up To 2MW,Mobile/Diesel/Gas,"
11934,Industrial/Commercial Sales & Service,00010208021002,Modern Group Power Systems, 295 New Commerce Blvd.,,Wilkes Barre,PA ,18706,USA,,800-404-7291,"Sales,Service,Up To 2MW,Mobile/Diesel/Gas,"
11934,Industrial/Commercial Sales & Service,00010208021002,Modern Group Power Systems, 66A South Gate Blvd.,,New Castle,DE ,19720,USA,,800-404-7291,"Sales,Service,Up To 2MW,Mobile/Diesel/Gas,"
11934,Industrial/Commercial Sales & Service,00010139211002,POWERPRO SERVICE CO. INC., 608 JOHNSON AVE. UNIT 6,,BOHEMIA,NY ,11716,USA,,631-567-2700,"Sales,Service,Up To 600kW,Mobile/Diesel/Gas,"
11934,Industrial/Commercial Sales & Service,00111209521002,LONG ISLAND EMERGENCY POWER -QO, 2 Ocean Avenue,,DEER PARK,NY ,11729,USA,,631-586-7513,"Sales,"
11934,Industrial/Commercial Sales & Service,00010001761002,"GENSERVE, INC.", 100 NEWTOWN RD,,PLAINVIEW,NY ,11803,USA,www.genserveinc.com,631-435-0437,"Service,"
11934,Industrial/Commercial Sales & Service,00111209531002,HUNTINGTON POWER - LONG ISLAND, PO BOX 2040,,SHELTON,CT ,06484,USA,,631-586-7513,"Sales,"
11934,Industrial/Commercial Sales & Service,00010134071002,PEAK POWER SYSTEMS, 99 SPRAGUE AVENUE,,MIDDLETOWN,NY ,10940,USA,www.peakpowersystems.com,845-344-1975,"Sales,Service,Up To 600kW,Mobile/Diesel/Gas,Rental,"
11934,Industrial/Commercial Sales & Service,00010021101002,SOUTH SHORE GENERATOR INC-Quote, 2696A CRANBERRY HWY,,WAREHAM,MA ,02571,USA,,508-295-7336,"Sales,Service,Up To 600kW,Mobile/Diesel/Gas,"
11934,Industrial/Commercial Sales & Service,00010001701002,SOUTH SHORE GENERATOR INC, ,,EAST WAREHAM,MA ,02538,USA,,508-295-7336,"Financing,Sales,Service,Up To 600kW,Mobile/Diesel/Gas,"
11934,Industrial/Commercial Sales & Service,00010001761002,"GENSERVE, INC.", 115A TWINBRIDGE DR.,,PENNSAUKEN,NJ ,08110,USA,www.genserveinc.com,856-324-0459,"Service,"
11934,Industrial/Commercial Sales & Service,00010001621002,BROOKFIELD SERVICE, 708 GLEBE ROAD,,WESTMORELAND,NH ,03467,USA,www.brookfieldservice.com,802-485-6567,"Service,Up To 600kW,Mobile/Diesel/Gas,"
11934,Industrial/Commercial Sales & Service,00111207431002,WARSHAUER ELECTRIC SUPPLY CO INC, 800 SHREWSBURY AVE,,TINTON FALLS,NJ ,07724,USA,www.warshauer.com,732-741-6400,"Service,"
11934,Industrial/Commercial Sales & Service,00010157021002,Mechanical Service Co, 1145 Oak St.,,Pittston,PA ,18640,USA,,570-654-2445,"Service,"
11935,Industrial/Commercial Sales & Service,00010214161002,"R.L. Kistler, Inc", 300 Mile Crossing Blvd.,,Rochester,NY ,14624,USA,rlkistler.com,585-436-1940,"Sales,"
11935,Industrial/Commercial Sales & Service,00010001611002,Huntington Power, 230 Long Hill Cross Rd,,Shelton,CT ,06484,USA,www.huntingtonpower.com,203-929-3203,"Sales,Service,Up To 2MW,Mobile/Diesel/Gas,Training,Rental,"
11935,Industrial/Commercial Sales & Service,00010214161002,"R.L. KISTLER, INC.", 35 HAMILTON LANE,,GLENMONT,NY ,12077,USA,,585-436-1940,"Sales,Service,"
11935,Industrial/Commercial Sales & Service,00010214161002,"R.L. Kistler, Inc", 5615 Business Ave.,,N. Syracuse,NY ,13208,USA,,315-458-2875,"Sales,"
11935,Industrial/Commercial Sales & Service,00010001611002,Huntington Power, 68 Enter Ln,,Islandia,NY ,11749,USA,,631-563-4943,"Sales,Service,Up To 2MW,Mobile/Diesel/Gas,"
11935,Industrial/Commercial Sales & Service,00010001611002,Huntington Power, 34 E DUDLEY TOWN RD.,,BLOOMFIELD,CT ,06002,USA,,860-289-8790,"Sales,Service,Rental,"
11935,Industrial/Commercial Sales & Service,00010214161002,"R.L. Kistler, Inc", 5615 Business Ave.,,N. Syracuse,NY ,13208,USA,,315-458-2875,"Sales,"
11935,Industrial/Commercial Sales & Service,00010001731002,Authorized Services Of New England, 410 Forest Street,,Marlborough,MA ,01752,USA,www.asne.com,888-890-9886,"Financing,Sales,Service,Up To 2MW,Mobile/Diesel/Gas,Training,Rental,"
11935,Industrial/Commercial Sales & Service,00010208021002,Modern Group Power Systems, 2501 Durham Road,,Bristol,PA ,19007,USA,www.moderngroup.com,800-404-7291,"Sales,Service,Up To 2MW,Mobile/Diesel/Gas,Training,Rental,"
11935,Industrial/Commercial Sales & Service,00010008091002,MODERN HANDLING EQUIP, 75 NEW STREET,,EDISON,NJ ,08837,USA,www.moderngroup.com,800-779-5116,"Sales,Service,Up To 2MW,Mobile/Diesel/Gas,"
11935,Industrial/Commercial Sales & Service,00010001731002,AUTHORIZED SERVICES OF NEW ENGLAND, 410 FOREST STREET,,MARLBOROUGH,MA ,01752,USA,,888-890-9886,"Sales,"
11935,Industrial/Commercial Sales & Service,00010000931002,"EMERGENCY POWER SYSTEMS, LLC", 35 HAMILTON LANE,,GLENMONT,NY ,12077,USA,,800-914-1465,"Service,Up To 2MW,Mobile/Diesel/Gas,"
11935,Industrial/Commercial Sales & Service,00010000931002,"EMERGENCY POWER SYSTEMS, LLC", 35 HAMILTON LANE,,GLENMONT,NY ,12077,USA,,800-914-1465,"Service,"
11935,Industrial/Commercial Sales & Service,00010208021002,Modern Group Power Systems, 200 Allied Parkway,,West Berlin,NJ ,08091,USA,,800-404-7291,"Sales,Service,Up To 2MW,Mobile/Diesel/Gas,"
11935,Industrial/Commercial Sales & Service,00010208021002,Modern Group Power Systems, 6352 Chapmans Rd,,Allentown,PA ,18106,USA,,800-404-7291,"Sales,Service,Up To 2MW,Mobile/Diesel/Gas,"
11935,Industrial/Commercial Sales & Service,00010208021002,Modern Group Power Systems, 295 New Commerce Blvd.,,Wilkes Barre,PA ,18706,USA,,800-404-7291,"Sales,Service,Up To 2MW,Mobile/Diesel/Gas,"
11935,Industrial/Commercial Sales & Service,00010208021002,Modern Group Power Systems, 66A South Gate Blvd.,,New Castle,DE ,19720,USA,,800-404-7291,"Sales,Service,Up To 2MW,Mobile/Diesel/Gas,"
11935,Industrial/Commercial Sales & Service,00010139211002,POWERPRO SERVICE CO. INC., 608 JOHNSON AVE. UNIT 6,,BOHEMIA,NY ,11716,USA,,631-567-2700,"Sales,Service,Up To 600kW,Mobile/Diesel/Gas,"
11935,Industrial/Commercial Sales & Service,00111209531002,HUNTINGTON POWER - LONG ISLAND, PO BOX 2040,,SHELTON,CT ,06484,USA,,631-586-7513,"Sales,"
11935,Industrial/Commercial Sales & Service,00111209521002,LONG ISLAND EMERGENCY POWER -QO, 2 Ocean Avenue,,DEER PARK,NY ,11729,USA,,631-586-7513,"Sales,"
11935,Industrial/Commercial Sales & Service,00010001761002,"GENSERVE, INC.", 100 NEWTOWN RD,,PLAINVIEW,NY ,11803,USA,www.genserveinc.com,631-435-0437,"Service,"
11935,Industrial/Commercial Sales & Service,00010134071002,PEAK POWER SYSTEMS, 99 SPRAGUE AVENUE,,MIDDLETOWN,NY ,10940,USA,www.peakpowersystems.com,845-344-1975,"Sales,Service,Up To 600kW,Mobile/Diesel/Gas,Rental,"
11935,Industrial/Commercial Sales & Service,00010021101002,SOUTH SHORE GENERATOR INC-Quote, 2696A CRANBERRY HWY,,WAREHAM,MA ,02571,USA,,508-295-7336,"Sales,Service,Up To 600kW,Mobile/Diesel/Gas,"
11935,Industrial/Commercial Sales & Service,00010001701002,SOUTH SHORE GENERATOR INC, ,,EAST WAREHAM,MA ,02538,USA,,508-295-7336,"Financing,Sales,Service,Up To 600kW,Mobile/Diesel/Gas,"
11935,Industrial/Commercial Sales & Service,00010001621002,BROOKFIELD SERVICE, 708 GLEBE ROAD,,WESTMORELAND,NH ,03467,USA,www.brookfieldservice.com,802-485-6567,"Service,Up To 600kW,Mobile/Diesel/Gas,"
11935,Industrial/Commercial Sales & Service,00010001761002,"GENSERVE, INC.", 115A TWINBRIDGE DR.,,PENNSAUKEN,NJ ,08110,USA,www.genserveinc.com,856-324-0459,"Service,"
11935,Industrial/Commercial Sales & Service,00111207431002,WARSHAUER ELECTRIC SUPPLY CO INC, 800 SHREWSBURY AVE,,TINTON FALLS,NJ ,07724,USA,www.warshauer.com,732-741-6400,"Service,"
11935,Industrial/Commercial Sales & Service,00010157021002,Mechanical Service Co, 1145 Oak St.,,Pittston,PA ,18640,USA,,570-654-2445,"Service,"
11937,Industrial/Commercial Sales & Service,00010214161002,"R.L. Kistler, Inc", 300 Mile Crossing Blvd.,,Rochester,NY ,14624,USA,rlkistler.com,585-436-1940,"Sales,"
11937,Industrial/Commercial Sales & Service,00010001611002,Huntington Power, 230 Long Hill Cross Rd,,Shelton,CT ,06484,USA,www.huntingtonpower.com,203-929-3203,"Sales,Service,Up To 2MW,Mobile/Diesel/Gas,Training,Rental,"
11937,Industrial/Commercial Sales & Service,00010214161002,"R.L. KISTLER, INC.", 35 HAMILTON LANE,,GLENMONT,NY ,12077,USA,,585-436-1940,"Sales,Service,"
11937,Industrial/Commercial Sales & Service,00010214161002,"R.L. Kistler, Inc", 5615 Business Ave.,,N. Syracuse,NY ,13208,USA,,315-458-2875,"Sales,"
11937,Industrial/Commercial Sales & Service,00010001611002,Huntington Power, 68 Enter Ln,,Islandia,NY ,11749,USA,,631-563-4943,"Sales,Service,Up To 2MW,Mobile/Diesel/Gas,"
11937,Industrial/Commercial Sales & Service,00010001611002,Huntington Power, 34 E DUDLEY TOWN RD.,,BLOOMFIELD,CT ,06002,USA,,860-289-8790,"Sales,Service,Rental,"
11937,Industrial/Commercial Sales & Service,00010214161002,"R.L. Kistler, Inc", 5615 Business Ave.,,N. Syracuse,NY ,13208,USA,,315-458-2875,"Sales,"
11937,Industrial/Commercial Sales & Service,00010001731002,Authorized Services Of New England, 410 Forest Street,,Marlborough,MA ,01752,USA,www.asne.com,888-890-9886,"Financing,Sales,Service,Up To 2MW,Mobile/Diesel/Gas,Training,Rental,"
11937,Industrial/Commercial Sales & Service,00010208021002,Modern Group Power Systems, 2501 Durham Road,,Bristol,PA ,19007,USA,www.moderngroup.com,800-404-7291,"Sales,Service,Up To 2MW,Mobile/Diesel/Gas,Training,Rental,"
11937,Industrial/Commercial Sales & Service,00010001731002,AUTHORIZED SERVICES OF NEW ENGLAND, 410 FOREST STREET,,MARLBOROUGH,MA ,01752,USA,,888-890-9886,"Sales,"
11937,Industrial/Commercial Sales & Service,00010008091002,MODERN HANDLING EQUIP, 75 NEW STREET,,EDISON,NJ ,08837,USA,www.moderngroup.com,800-779-5116,"Sales,Service,Up To 2MW,Mobile/Diesel/Gas,"
11937,Industrial/Commercial Sales & Service,00010000931002,"EMERGENCY POWER SYSTEMS, LLC", 35 HAMILTON LANE,,GLENMONT,NY ,12077,USA,,800-914-1465,"Service,Up To 2MW,Mobile/Diesel/Gas,"
11937,Industrial/Commercial Sales & Service,00010000931002,"EMERGENCY POWER SYSTEMS, LLC", 35 HAMILTON LANE,,GLENMONT,NY ,12077,USA,,800-914-1465,"Service,"
11937,Industrial/Commercial Sales & Service,00010208021002,Modern Group Power Systems, 200 Allied Parkway,,West Berlin,NJ ,08091,USA,,800-404-7291,"Sales,Service,Up To 2MW,Mobile/Diesel/Gas,"
11937,Industrial/Commercial Sales & Service,00010208021002,Modern Group Power Systems, 6352 Chapmans Rd,,Allentown,PA ,18106,USA,,800-404-7291,"Sales,Service,Up To 2MW,Mobile/Diesel/Gas,"
11937,Industrial/Commercial Sales & Service,00010208021002,Modern Group Power Systems, 295 New Commerce Blvd.,,Wilkes Barre,PA ,18706,USA,,800-404-7291,"Sales,Service,Up To 2MW,Mobile/Diesel/Gas,"
11937,Industrial/Commercial Sales & Service,00010139211002,POWERPRO SERVICE CO. INC., 608 JOHNSON AVE. UNIT 6,,BOHEMIA,NY ,11716,USA,,631-567-2700,"Sales,Service,Up To 600kW,Mobile/Diesel/Gas,"
11937,Industrial/Commercial Sales & Service,00111209531002,HUNTINGTON POWER - LONG ISLAND, PO BOX 2040,,SHELTON,CT ,06484,USA,,631-586-7513,"Sales,"
11937,Industrial/Commercial Sales & Service,00111209521002,LONG ISLAND EMERGENCY POWER -QO, 2 Ocean Avenue,,DEER PARK,NY ,11729,USA,,631-586-7513,"Sales,"
11937,Industrial/Commercial Sales & Service,00010001761002,"GENSERVE, INC.", 100 NEWTOWN RD,,PLAINVIEW,NY ,11803,USA,www.genserveinc.com,631-435-0437,"Service,"
11937,Industrial/Commercial Sales & Service,00010021101002,SOUTH SHORE GENERATOR INC-Quote, 2696A CRANBERRY HWY,,WAREHAM,MA ,02571,USA,,508-295-7336,"Sales,Service,Up To 600kW,Mobile/Diesel/Gas,"
11937,Industrial/Commercial Sales & Service,00010001701002,SOUTH SHORE GENERATOR INC, ,,EAST WAREHAM,MA ,02538,USA,,508-295-7336,"Financing,Sales,Service,Up To 600kW,Mobile/Diesel/Gas,"
11937,Industrial/Commercial Sales & Service,00010134071002,PEAK POWER SYSTEMS, 99 SPRAGUE AVENUE,,MIDDLETOWN,NY ,10940,USA,www.peakpowersystems.com,845-344-1975,"Sales,Service,Up To 600kW,Mobile/Diesel/Gas,Rental,"
11937,Industrial/Commercial Sales & Service,00010001621002,BROOKFIELD SERVICE, 708 GLEBE ROAD,,WESTMORELAND,NH ,03467,USA,www.brookfieldservice.com,802-485-6567,"Service,Up To 600kW,Mobile/Diesel/Gas,"
11937,Industrial/Commercial Sales & Service,00010001761002,"GENSERVE, INC.", 115A TWINBRIDGE DR.,,PENNSAUKEN,NJ ,08110,USA,www.genserveinc.com,856-324-0459,"Service,"
11937,Industrial/Commercial Sales & Service,00111207431002,WARSHAUER ELECTRIC SUPPLY CO INC, 800 SHREWSBURY AVE,,TINTON FALLS,NJ ,07724,USA,www.warshauer.com,732-741-6400,"Service,"
11937,Industrial/Commercial Sales & Service,00010157021002,Mechanical Service Co, 1145 Oak St.,,Pittston,PA ,18640,USA,,570-654-2445,"Service,"
11939,Industrial/Commercial Sales & Service,00010214161002,"R.L. Kistler, Inc", 300 Mile Crossing Blvd.,,Rochester,NY ,14624,USA,rlkistler.com,585-436-1940,"Sales,"
11939,Industrial/Commercial Sales & Service,00010001611002,Huntington Power, 230 Long Hill Cross Rd,,Shelton,CT ,06484,USA,www.huntingtonpower.com,203-929-3203,"Sales,Service,Up To 2MW,Mobile/Diesel/Gas,Training,Rental,"
11939,Industrial/Commercial Sales & Service,00010214161002,"R.L. KISTLER, INC.", 35 HAMILTON LANE,,GLENMONT,NY ,12077,USA,,585-436-1940,"Sales,Service,"
11939,Industrial/Commercial Sales & Service,00010214161002,"R.L. Kistler, Inc", 5615 Business Ave.,,N. Syracuse,NY ,13208,USA,,315-458-2875,"Sales,"
11939,Industrial/Commercial Sales & Service,00010001611002,Huntington Power, 68 Enter Ln,,Islandia,NY ,11749,USA,,631-563-4943,"Sales,Service,Up To 2MW,Mobile/Diesel/Gas,"
11939,Industrial/Commercial Sales & Service,00010001611002,Huntington Power, 34 E DUDLEY TOWN RD.,,BLOOMFIELD,CT ,06002,USA,,860-289-8790,"Sales,Service,Rental,"
11939,Industrial/Commercial Sales & Service,00010214161002,"R.L. Kistler, Inc", 5615 Business Ave.,,N. Syracuse,NY ,13208,USA,,315-458-2875,"Sales,"
11939,Industrial/Commercial Sales & Service,00010001731002,Authorized Services Of New England, 410 Forest Street,,Marlborough,MA ,01752,USA,www.asne.com,888-890-9886,"Financing,Sales,Service,Up To 2MW,Mobile/Diesel/Gas,Training,Rental,"
11939,Industrial/Commercial Sales & Service,00010208021002,Modern Group Power Systems, 2501 Durham Road,,Bristol,PA ,19007,USA,www.moderngroup.com,800-404-7291,"Sales,Service,Up To 2MW,Mobile/Diesel/Gas,Training,Rental,"
11939,Industrial/Commercial Sales & Service,00010001731002,AUTHORIZED SERVICES OF NEW ENGLAND, 410 FOREST STREET,,MARLBOROUGH,MA ,01752,USA,,888-890-9886,"Sales,"
11939,Industrial/Commercial Sales & Service,00010008091002,MODERN HANDLING EQUIP, 75 NEW STREET,,EDISON,NJ ,08837,USA,www.moderngroup.com,800-779-5116,"Sales,Service,Up To 2MW,Mobile/Diesel/Gas,"
11939,Industrial/Commercial Sales & Service,00010000931002,"EMERGENCY POWER SYSTEMS, LLC", 35 HAMILTON LANE,,GLENMONT,NY ,12077,USA,,800-914-1465,"Service,Up To 2MW,Mobile/Diesel/Gas,"
11939,Industrial/Commercial Sales & Service,00010000931002,"EMERGENCY POWER SYSTEMS, LLC", 35 HAMILTON LANE,,GLENMONT,NY ,12077,USA,,800-914-1465,"Service,"
11939,Industrial/Commercial Sales & Service,00010208021002,Modern Group Power Systems, 200 Allied Parkway,,West Berlin,NJ ,08091,USA,,800-404-7291,"Sales,Service,Up To 2MW,Mobile/Diesel/Gas,"
11939,Industrial/Commercial Sales & Service,00010208021002,Modern Group Power Systems, 6352 Chapmans Rd,,Allentown,PA ,18106,USA,,800-404-7291,"Sales,Service,Up To 2MW,Mobile/Diesel/Gas,"
11939,Industrial/Commercial Sales & Service,00010208021002,Modern Group Power Systems, 295 New Commerce Blvd.,,Wilkes Barre,PA ,18706,USA,,800-404-7291,"Sales,Service,Up To 2MW,Mobile/Diesel/Gas,"
11939,Industrial/Commercial Sales & Service,00010208021002,Modern Group Power Systems, 66A South Gate Blvd.,,New Castle,DE ,19720,USA,,800-404-7291,"Sales,Service,Up To 2MW,Mobile/Diesel/Gas,"
11939,Industrial/Commercial Sales & Service,00111209531002,HUNTINGTON POWER - LONG ISLAND, PO BOX 2040,,SHELTON,CT ,06484,USA,,631-586-7513,"Sales,"
11939,Industrial/Commercial Sales & Service,00010139211002,POWERPRO SERVICE CO. INC., 608 JOHNSON AVE. UNIT 6,,BOHEMIA,NY ,11716,USA,,631-567-2700,"Sales,Service,Up To 600kW,Mobile/Diesel/Gas,"
11939,Industrial/Commercial Sales & Service,00111209521002,LONG ISLAND EMERGENCY POWER -QO, 2 Ocean Avenue,,DEER PARK,NY ,11729,USA,,631-586-7513,"Sales,"
11939,Industrial/Commercial Sales & Service,00010001761002,"GENSERVE, INC.", 100 NEWTOWN RD,,PLAINVIEW,NY ,11803,USA,www.genserveinc.com,631-435-0437,"Service,"
11939,Industrial/Commercial Sales & Service,00010021101002,SOUTH SHORE GENERATOR INC-Quote, 2696A CRANBERRY HWY,,WAREHAM,MA ,02571,USA,,508-295-7336,"Sales,Service,Up To 600kW,Mobile/Diesel/Gas,"
11939,Industrial/Commercial Sales & Service,00010001701002,SOUTH SHORE GENERATOR INC, ,,EAST WAREHAM,MA ,02538,USA,,508-295-7336,"Financing,Sales,Service,Up To 600kW,Mobile/Diesel/Gas,"
11939,Industrial/Commercial Sales & Service,00010134071002,PEAK POWER SYSTEMS, 99 SPRAGUE AVENUE,,MIDDLETOWN,NY ,10940,USA,www.peakpowersystems.com,845-344-1975,"Sales,Service,Up To 600kW,Mobile/Diesel/Gas,Rental,"
11939,Industrial/Commercial Sales & Service,00010001621002,BROOKFIELD SERVICE, 708 GLEBE ROAD,,WESTMORELAND,NH ,03467,USA,www.brookfieldservice.com,802-485-6567,"Service,Up To 600kW,Mobile/Diesel/Gas,"
11939,Industrial/Commercial Sales & Service,00010001761002,"GENSERVE, INC.", 115A TWINBRIDGE DR.,,PENNSAUKEN,NJ ,08110,USA,www.genserveinc.com,856-324-0459,"Service,"
11939,Industrial/Commercial Sales & Service,00111207431002,WARSHAUER ELECTRIC SUPPLY CO INC, 800 SHREWSBURY AVE,,TINTON FALLS,NJ ,07724,USA,www.warshauer.com,732-741-6400,"Service,"
11939,Industrial/Commercial Sales & Service,00010157021002,Mechanical Service Co, 1145 Oak St.,,Pittston,PA ,18640,USA,,570-654-2445,"Service,"
11940,Industrial/Commercial Sales & Service,00010214161002,"R.L. KISTLER, INC.", 35 HAMILTON LANE,,GLENMONT,NY ,12077,USA,,585-436-1940,"Sales,Service,"
11940,Industrial/Commercial Sales & Service,00010214161002,"R.L. Kistler, Inc", 300 Mile Crossing Blvd.,,Rochester,NY ,14624,USA,rlkistler.com,585-436-1940,"Sales,"
11940,Industrial/Commercial Sales & Service,00010001611002,Huntington Power, 230 Long Hill Cross Rd,,Shelton,CT ,06484,USA,www.huntingtonpower.com,203-929-3203,"Sales,Service,Up To 2MW,Mobile/Diesel/Gas,Training,Rental,"
11940,Industrial/Commercial Sales & Service,00010214161002,"R.L. Kistler, Inc", 5615 Business Ave.,,N. Syracuse,NY ,13208,USA,,315-458-2875,"Sales,"
11940,Industrial/Commercial Sales & Service,00010214161002,"R.L. Kistler, Inc", 5615 Business Ave.,,N. Syracuse,NY ,13208,USA,,315-458-2875,"Sales,"
11940,Industrial/Commercial Sales & Service,00010001611002,Huntington Power, 68 Enter Ln,,Islandia,NY ,11749,USA,,631-563-4943,"Sales,Service,Up To 2MW,Mobile/Diesel/Gas,"
11940,Industrial/Commercial Sales & Service,00010001611002,Huntington Power, 34 E DUDLEY TOWN RD.,,BLOOMFIELD,CT ,06002,USA,,860-289-8790,"Sales,Service,Rental,"
11940,Industrial/Commercial Sales & Service,00010208021002,Modern Group Power Systems, 2501 Durham Road,,Bristol,PA ,19007,USA,www.moderngroup.com,800-404-7291,"Sales,Service,Up To 2MW,Mobile/Diesel/Gas,Training,Rental,"
11940,Industrial/Commercial Sales & Service,00010001731002,Authorized Services Of New England, 410 Forest Street,,Marlborough,MA ,01752,USA,www.asne.com,888-890-9886,"Financing,Sales,Service,Up To 2MW,Mobile/Diesel/Gas,Training,Rental,"
11940,Industrial/Commercial Sales & Service,00010008091002,MODERN HANDLING EQUIP, 75 NEW STREET,,EDISON,NJ ,08837,USA,www.moderngroup.com,800-779-5116,"Sales,Service,Up To 2MW,Mobile/Diesel/Gas,"
11940,Industrial/Commercial Sales & Service,00010001731002,AUTHORIZED SERVICES OF NEW ENGLAND, 410 FOREST STREET,,MARLBOROUGH,MA ,01752,USA,,888-890-9886,"Sales,"
11940,Industrial/Commercial Sales & Service,00010208021002,Modern Group Power Systems, 200 Allied Parkway,,West Berlin,NJ ,08091,USA,,800-404-7291,"Sales,Service,Up To 2MW,Mobile/Diesel/Gas,"
11940,Industrial/Commercial Sales & Service,00010000931002,"EMERGENCY POWER SYSTEMS, LLC", 35 HAMILTON LANE,,GLENMONT,NY ,12077,USA,,800-914-1465,"Service,Up To 2MW,Mobile/Diesel/Gas,"
11940,Industrial/Commercial Sales & Service,00010000931002,"EMERGENCY POWER SYSTEMS, LLC", 35 HAMILTON LANE,,GLENMONT,NY ,12077,USA,,800-914-1465,"Service,"
11940,Industrial/Commercial Sales & Service,00010208021002,Modern Group Power Systems, 6352 Chapmans Rd,,Allentown,PA ,18106,USA,,800-404-7291,"Sales,Service,Up To 2MW,Mobile/Diesel/Gas,"
11940,Industrial/Commercial Sales & Service,00010208021002,Modern Group Power Systems, 295 New Commerce Blvd.,,Wilkes Barre,PA ,18706,USA,,800-404-7291,"Sales,Service,Up To 2MW,Mobile/Diesel/Gas,"
11940,Industrial/Commercial Sales & Service,00010208021002,Modern Group Power Systems, 66A South Gate Blvd.,,New Castle,DE ,19720,USA,,800-404-7291,"Sales,Service,Up To 2MW,Mobile/Diesel/Gas,"
11940,Industrial/Commercial Sales & Service,00010139211002,POWERPRO SERVICE CO. INC., 608 JOHNSON AVE. UNIT 6,,BOHEMIA,NY ,11716,USA,,631-567-2700,"Sales,Service,Up To 600kW,Mobile/Diesel/Gas,"
11940,Industrial/Commercial Sales & Service,00111209521002,LONG ISLAND EMERGENCY POWER -QO, 2 Ocean Avenue,,DEER PARK,NY ,11729,USA,,631-586-7513,"Sales,"
11940,Industrial/Commercial Sales & Service,00010001761002,"GENSERVE, INC.", 100 NEWTOWN RD,,PLAINVIEW,NY ,11803,USA,www.genserveinc.com,631-435-0437,"Service,"
11940,Industrial/Commercial Sales & Service,00111209531002,HUNTINGTON POWER - LONG ISLAND, PO BOX 2040,,SHELTON,CT ,06484,USA,,631-586-7513,"Sales,"
11940,Industrial/Commercial Sales & Service,00010134071002,PEAK POWER SYSTEMS, 99 SPRAGUE AVENUE,,MIDDLETOWN,NY ,10940,USA,www.peakpowersystems.com,845-344-1975,"Sales,Service,Up To 600kW,Mobile/Diesel/Gas,Rental,"
11940,Industrial/Commercial Sales & Service,00010021101002,SOUTH SHORE GENERATOR INC-Quote, 2696A CRANBERRY HWY,,WAREHAM,MA ,02571,USA,,508-295-7336,"Sales,Service,Up To 600kW,Mobile/Diesel/Gas,"
11940,Industrial/Commercial Sales & Service,00010001701002,SOUTH SHORE GENERATOR INC, ,,EAST WAREHAM,MA ,02538,USA,,508-295-7336,"Financing,Sales,Service,Up To 600kW,Mobile/Diesel/Gas,"
11940,Industrial/Commercial Sales & Service,00010001761002,"GENSERVE, INC.", 115A TWINBRIDGE DR.,,PENNSAUKEN,NJ ,08110,USA,www.genserveinc.com,856-324-0459,"Service,"
11940,Industrial/Commercial Sales & Service,00010001621002,BROOKFIELD SERVICE, 708 GLEBE ROAD,,WESTMORELAND,NH ,03467,USA,www.brookfieldservice.com,802-485-6567,"Service,Up To 600kW,Mobile/Diesel/Gas,"
11940,Industrial/Commercial Sales & Service,00111207431002,WARSHAUER ELECTRIC SUPPLY CO INC, 800 SHREWSBURY AVE,,TINTON FALLS,NJ ,07724,USA,www.warshauer.com,732-741-6400,"Service,"
11940,Industrial/Commercial Sales & Service,00010157021002,Mechanical Service Co, 1145 Oak St.,,Pittston,PA ,18640,USA,,570-654-2445,"Service,"
11941,Industrial/Commercial Sales & Service,00010214161002,"R.L. Kistler, Inc", 300 Mile Crossing Blvd.,,Rochester,NY ,14624,USA,rlkistler.com,585-436-1940,"Sales,"
11941,Industrial/Commercial Sales & Service,00010001611002,Huntington Power, 230 Long Hill Cross Rd,,Shelton,CT ,06484,USA,www.huntingtonpower.com,203-929-3203,"Sales,Service,Up To 2MW,Mobile/Diesel/Gas,Training,Rental,"
11941,Industrial/Commercial Sales & Service,00010214161002,"R.L. KISTLER, INC.", 35 HAMILTON LANE,,GLENMONT,NY ,12077,USA,,585-436-1940,"Sales,Service,"
11941,Industrial/Commercial Sales & Service,00010214161002,"R.L. Kistler, Inc", 5615 Business Ave.,,N. Syracuse,NY ,13208,USA,,315-458-2875,"Sales,"
11941,Industrial/Commercial Sales & Service,00010001611002,Huntington Power, 68 Enter Ln,,Islandia,NY ,11749,USA,,631-563-4943,"Sales,Service,Up To 2MW,Mobile/Diesel/Gas,"
11941,Industrial/Commercial Sales & Service,00010001611002,Huntington Power, 34 E DUDLEY TOWN RD.,,BLOOMFIELD,CT ,06002,USA,,860-289-8790,"Sales,Service,Rental,"
11941,Industrial/Commercial Sales & Service,00010214161002,"R.L. Kistler, Inc", 5615 Business Ave.,,N. Syracuse,NY ,13208,USA,,315-458-2875,"Sales,"
11941,Industrial/Commercial Sales & Service,00010001731002,Authorized Services Of New England, 410 Forest Street,,Marlborough,MA ,01752,USA,www.asne.com,888-890-9886,"Financing,Sales,Service,Up To 2MW,Mobile/Diesel/Gas,Training,Rental,"
11941,Industrial/Commercial Sales & Service,00010208021002,Modern Group Power Systems, 2501 Durham Road,,Bristol,PA ,19007,USA,www.moderngroup.com,800-404-7291,"Sales,Service,Up To 2MW,Mobile/Diesel/Gas,Training,Rental,"
11941,Industrial/Commercial Sales & Service,00010008091002,MODERN HANDLING EQUIP, 75 NEW STREET,,EDISON,NJ ,08837,USA,www.moderngroup.com,800-779-5116,"Sales,Service,Up To 2MW,Mobile/Diesel/Gas,"
11941,Industrial/Commercial Sales & Service,00010001731002,AUTHORIZED SERVICES OF NEW ENGLAND, 410 FOREST STREET,,MARLBOROUGH,MA ,01752,USA,,888-890-9886,"Sales,"
11941,Industrial/Commercial Sales & Service,00010000931002,"EMERGENCY POWER SYSTEMS, LLC", 35 HAMILTON LANE,,GLENMONT,NY ,12077,USA,,800-914-1465,"Service,Up To 2MW,Mobile/Diesel/Gas,"
11941,Industrial/Commercial Sales & Service,00010000931002,"EMERGENCY POWER SYSTEMS, LLC", 35 HAMILTON LANE,,GLENMONT,NY ,12077,USA,,800-914-1465,"Service,"
11941,Industrial/Commercial Sales & Service,00010208021002,Modern Group Power Systems, 200 Allied Parkway,,West Berlin,NJ ,08091,USA,,800-404-7291,"Sales,Service,Up To 2MW,Mobile/Diesel/Gas,"
11941,Industrial/Commercial Sales & Service,00010208021002,Modern Group Power Systems, 6352 Chapmans Rd,,Allentown,PA ,18106,USA,,800-404-7291,"Sales,Service,Up To 2MW,Mobile/Diesel/Gas,"
11941,Industrial/Commercial Sales & Service,00010208021002,Modern Group Power Systems, 295 New Commerce Blvd.,,Wilkes Barre,PA ,18706,USA,,800-404-7291,"Sales,Service,Up To 2MW,Mobile/Diesel/Gas,"
11941,Industrial/Commercial Sales & Service,00010208021002,Modern Group Power Systems, 66A South Gate Blvd.,,New Castle,DE ,19720,USA,,800-404-7291,"Sales,Service,Up To 2MW,Mobile/Diesel/Gas,"
11941,Industrial/Commercial Sales & Service,00010139211002,POWERPRO SERVICE CO. INC., 608 JOHNSON AVE. UNIT 6,,BOHEMIA,NY ,11716,USA,,631-567-2700,"Sales,Service,Up To 600kW,Mobile/Diesel/Gas,"
11941,Industrial/Commercial Sales & Service,00111209521002,LONG ISLAND EMERGENCY POWER -QO, 2 Ocean Avenue,,DEER PARK,NY ,11729,USA,,631-586-7513,"Sales,"
11941,Industrial/Commercial Sales & Service,00010001761002,"GENSERVE, INC.", 100 NEWTOWN RD,,PLAINVIEW,NY ,11803,USA,www.genserveinc.com,631-435-0437,"Service,"
11941,Industrial/Commercial Sales & Service,00111209531002,HUNTINGTON POWER - LONG ISLAND, PO BOX 2040,,SHELTON,CT ,06484,USA,,631-586-7513,"Sales,"
11941,Industrial/Commercial Sales & Service,00010134071002,PEAK POWER SYSTEMS, 99 SPRAGUE AVENUE,,MIDDLETOWN,NY ,10940,USA,www.peakpowersystems.com,845-344-1975,"Sales,Service,Up To 600kW,Mobile/Diesel/Gas,Rental,"
11941,Industrial/Commercial Sales & Service,00010021101002,SOUTH SHORE GENERATOR INC-Quote, 2696A CRANBERRY HWY,,WAREHAM,MA ,02571,USA,,508-295-7336,"Sales,Service,Up To 600kW,Mobile/Diesel/Gas,"
11941,Industrial/Commercial Sales & Service,00010001701002,SOUTH SHORE GENERATOR INC, ,,EAST WAREHAM,MA ,02538,USA,,508-295-7336,"Financing,Sales,Service,Up To 600kW,Mobile/Diesel/Gas,"
11941,Industrial/Commercial Sales & Service,00010001761002,"GENSERVE, INC.", 115A TWINBRIDGE DR.,,PENNSAUKEN,NJ ,08110,USA,www.genserveinc.com,856-324-0459,"Service,"
11941,Industrial/Commercial Sales & Service,00010001621002,BROOKFIELD SERVICE, 708 GLEBE ROAD,,WESTMORELAND,NH ,03467,USA,www.brookfieldservice.com,802-485-6567,"Service,Up To 600kW,Mobile/Diesel/Gas,"
11941,Industrial/Commercial Sales & Service,00111207431002,WARSHAUER ELECTRIC SUPPLY CO INC, 800 SHREWSBURY AVE,,TINTON FALLS,NJ ,07724,USA,www.warshauer.com,732-741-6400,"Service,"
11941,Industrial/Commercial Sales & Service,00010157021002,Mechanical Service Co, 1145 Oak St.,,Pittston,PA ,18640,USA,,570-654-2445,"Service,"
11942,Industrial/Commercial Sales & Service,00010214161002,"R.L. Kistler, Inc", 300 Mile Crossing Blvd.,,Rochester,NY ,14624,USA,rlkistler.com,585-436-1940,"Sales,"
11942,Industrial/Commercial Sales & Service,00010001611002,Huntington Power, 230 Long Hill Cross Rd,,Shelton,CT ,06484,USA,www.huntingtonpower.com,203-929-3203,"Sales,Service,Up To 2MW,Mobile/Diesel/Gas,Training,Rental,"
11942,Industrial/Commercial Sales & Service,00010214161002,"R.L. KISTLER, INC.", 35 HAMILTON LANE,,GLENMONT,NY ,12077,USA,,585-436-1940,"Sales,Service,"
11942,Industrial/Commercial Sales & Service,00010214161002,"R.L. Kistler, Inc", 5615 Business Ave.,,N. Syracuse,NY ,13208,USA,,315-458-2875,"Sales,"
11942,Industrial/Commercial Sales & Service,00010001611002,Huntington Power, 68 Enter Ln,,Islandia,NY ,11749,USA,,631-563-4943,"Sales,Service,Up To 2MW,Mobile/Diesel/Gas,"
11942,Industrial/Commercial Sales & Service,00010001611002,Huntington Power, 34 E DUDLEY TOWN RD.,,BLOOMFIELD,CT ,06002,USA,,860-289-8790,"Sales,Service,Rental,"
11942,Industrial/Commercial Sales & Service,00010214161002,"R.L. Kistler, Inc", 5615 Business Ave.,,N. Syracuse,NY ,13208,USA,,315-458-2875,"Sales,"
11942,Industrial/Commercial Sales & Service,00010001731002,Authorized Services Of New England, 410 Forest Street,,Marlborough,MA ,01752,USA,www.asne.com,888-890-9886,"Financing,Sales,Service,Up To 2MW,Mobile/Diesel/Gas,Training,Rental,"
11942,Industrial/Commercial Sales & Service,00010208021002,Modern Group Power Systems, 2501 Durham Road,,Bristol,PA ,19007,USA,www.moderngroup.com,800-404-7291,"Sales,Service,Up To 2MW,Mobile/Diesel/Gas,Training,Rental,"
11942,Industrial/Commercial Sales & Service,00010008091002,MODERN HANDLING EQUIP, 75 NEW STREET,,EDISON,NJ ,08837,USA,www.moderngroup.com,800-779-5116,"Sales,Service,Up To 2MW,Mobile/Diesel/Gas,"
11942,Industrial/Commercial Sales & Service,00010001731002,AUTHORIZED SERVICES OF NEW ENGLAND, 410 FOREST STREET,,MARLBOROUGH,MA ,01752,USA,,888-890-9886,"Sales,"
11942,Industrial/Commercial Sales & Service,00010000931002,"EMERGENCY POWER SYSTEMS, LLC", 35 HAMILTON LANE,,GLENMONT,NY ,12077,USA,,800-914-1465,"Service,Up To 2MW,Mobile/Diesel/Gas,"
11942,Industrial/Commercial Sales & Service,00010000931002,"EMERGENCY POWER SYSTEMS, LLC", 35 HAMILTON LANE,,GLENMONT,NY ,12077,USA,,800-914-1465,"Service,"
11942,Industrial/Commercial Sales & Service,00010208021002,Modern Group Power Systems, 200 Allied Parkway,,West Berlin,NJ ,08091,USA,,800-404-7291,"Sales,Service,Up To 2MW,Mobile/Diesel/Gas,"
11942,Industrial/Commercial Sales & Service,00010208021002,Modern Group Power Systems, 6352 Chapmans Rd,,Allentown,PA ,18106,USA,,800-404-7291,"Sales,Service,Up To 2MW,Mobile/Diesel/Gas,"
11942,Industrial/Commercial Sales & Service,00010208021002,Modern Group Power Systems, 295 New Commerce Blvd.,,Wilkes Barre,PA ,18706,USA,,800-404-7291,"Sales,Service,Up To 2MW,Mobile/Diesel/Gas,"
11942,Industrial/Commercial Sales & Service,00010208021002,Modern Group Power Systems, 66A South Gate Blvd.,,New Castle,DE ,19720,USA,,800-404-7291,"Sales,Service,Up To 2MW,Mobile/Diesel/Gas,"
11942,Industrial/Commercial Sales & Service,00010139211002,POWERPRO SERVICE CO. INC., 608 JOHNSON AVE. UNIT 6,,BOHEMIA,NY ,11716,USA,,631-567-2700,"Sales,Service,Up To 600kW,Mobile/Diesel/Gas,"
11942,Industrial/Commercial Sales & Service,00111209521002,LONG ISLAND EMERGENCY POWER -QO, 2 Ocean Avenue,,DEER PARK,NY ,11729,USA,,631-586-7513,"Sales,"
11942,Industrial/Commercial Sales & Service,00111209531002,HUNTINGTON POWER - LONG ISLAND, PO BOX 2040,,SHELTON,CT ,06484,USA,,631-586-7513,"Sales,"
11942,Industrial/Commercial Sales & Service,00010001761002,"GENSERVE, INC.", 100 NEWTOWN RD,,PLAINVIEW,NY ,11803,USA,www.genserveinc.com,631-435-0437,"Service,"
11942,Industrial/Commercial Sales & Service,00010134071002,PEAK POWER SYSTEMS, 99 SPRAGUE AVENUE,,MIDDLETOWN,NY ,10940,USA,www.peakpowersystems.com,845-344-1975,"Sales,Service,Up To 600kW,Mobile/Diesel/Gas,Rental,"
11942,Industrial/Commercial Sales & Service,00010021101002,SOUTH SHORE GENERATOR INC-Quote, 2696A CRANBERRY HWY,,WAREHAM,MA ,02571,USA,,508-295-7336,"Sales,Service,Up To 600kW,Mobile/Diesel/Gas,"
11942,Industrial/Commercial Sales & Service,00010001701002,SOUTH SHORE GENERATOR INC, ,,EAST WAREHAM,MA ,02538,USA,,508-295-7336,"Financing,Sales,Service,Up To 600kW,Mobile/Diesel/Gas,"
11942,Industrial/Commercial Sales & Service,00010001761002,"GENSERVE, INC.", 115A TWINBRIDGE DR.,,PENNSAUKEN,NJ ,08110,USA,www.genserveinc.com,856-324-0459,"Service,"
11942,Industrial/Commercial Sales & Service,00010001621002,BROOKFIELD SERVICE, 708 GLEBE ROAD,,WESTMORELAND,NH ,03467,USA,www.brookfieldservice.com,802-485-6567,"Service,Up To 600kW,Mobile/Diesel/Gas,"
11942,Industrial/Commercial Sales & Service,00111207431002,WARSHAUER ELECTRIC SUPPLY CO INC, 800 SHREWSBURY AVE,,TINTON FALLS,NJ ,07724,USA,www.warshauer.com,732-741-6400,"Service,"
11942,Industrial/Commercial Sales & Service,00010157021002,Mechanical Service Co, 1145 Oak St.,,Pittston,PA ,18640,USA,,570-654-2445,"Service,"
11944,Industrial/Commercial Sales & Service,00010001611002,Huntington Power, 230 Long Hill Cross Rd,,Shelton,CT ,06484,USA,www.huntingtonpower.com,203-929-3203,"Sales,Service,Up To 2MW,Mobile/Diesel/Gas,Training,Rental,"
11944,Industrial/Commercial Sales & Service,00010214161002,"R.L. Kistler, Inc", 300 Mile Crossing Blvd.,,Rochester,NY ,14624,USA,rlkistler.com,585-436-1940,"Sales,"
11944,Industrial/Commercial Sales & Service,00010214161002,"R.L. KISTLER, INC.", 35 HAMILTON LANE,,GLENMONT,NY ,12077,USA,,585-436-1940,"Sales,Service,"
11944,Industrial/Commercial Sales & Service,00010001611002,Huntington Power, 68 Enter Ln,,Islandia,NY ,11749,USA,,631-563-4943,"Sales,Service,Up To 2MW,Mobile/Diesel/Gas,"
11944,Industrial/Commercial Sales & Service,00010001611002,Huntington Power, 34 E DUDLEY TOWN RD.,,BLOOMFIELD,CT ,06002,USA,,860-289-8790,"Sales,Service,Rental,"
11944,Industrial/Commercial Sales & Service,00010214161002,"R.L. Kistler, Inc", 5615 Business Ave.,,N. Syracuse,NY ,13208,USA,,315-458-2875,"Sales,"
11944,Industrial/Commercial Sales & Service,00010214161002,"R.L. Kistler, Inc", 5615 Business Ave.,,N. Syracuse,NY ,13208,USA,,315-458-2875,"Sales,"
11944,Industrial/Commercial Sales & Service,00010001731002,Authorized Services Of New England, 410 Forest Street,,Marlborough,MA ,01752,USA,www.asne.com,888-890-9886,"Financing,Sales,Service,Up To 2MW,Mobile/Diesel/Gas,Training,Rental,"
11944,Industrial/Commercial Sales & Service,00010208021002,Modern Group Power Systems, 2501 Durham Road,,Bristol,PA ,19007,USA,www.moderngroup.com,800-404-7291,"Sales,Service,Up To 2MW,Mobile/Diesel/Gas,Training,Rental,"
11944,Industrial/Commercial Sales & Service,00010001731002,AUTHORIZED SERVICES OF NEW ENGLAND, 410 FOREST STREET,,MARLBOROUGH,MA ,01752,USA,,888-890-9886,"Sales,"
11944,Industrial/Commercial Sales & Service,00010008091002,MODERN HANDLING EQUIP, 75 NEW STREET,,EDISON,NJ ,08837,USA,www.moderngroup.com,800-779-5116,"Sales,Service,Up To 2MW,Mobile/Diesel/Gas,"
11944,Industrial/Commercial Sales & Service,00010000931002,"EMERGENCY POWER SYSTEMS, LLC", 35 HAMILTON LANE,,GLENMONT,NY ,12077,USA,,800-914-1465,"Service,Up To 2MW,Mobile/Diesel/Gas,"
11944,Industrial/Commercial Sales & Service,00010000931002,"EMERGENCY POWER SYSTEMS, LLC", 35 HAMILTON LANE,,GLENMONT,NY ,12077,USA,,800-914-1465,"Service,"
11944,Industrial/Commercial Sales & Service,00010208021002,Modern Group Power Systems, 200 Allied Parkway,,West Berlin,NJ ,08091,USA,,800-404-7291,"Sales,Service,Up To 2MW,Mobile/Diesel/Gas,"
11944,Industrial/Commercial Sales & Service,00010208021002,Modern Group Power Systems, 6352 Chapmans Rd,,Allentown,PA ,18106,USA,,800-404-7291,"Sales,Service,Up To 2MW,Mobile/Diesel/Gas,"
11944,Industrial/Commercial Sales & Service,00010208021002,Modern Group Power Systems, 295 New Commerce Blvd.,,Wilkes Barre,PA ,18706,USA,,800-404-7291,"Sales,Service,Up To 2MW,Mobile/Diesel/Gas,"
11944,Industrial/Commercial Sales & Service,00010208021002,Modern Group Power Systems, 66A South Gate Blvd.,,New Castle,DE ,19720,USA,,800-404-7291,"Sales,Service,Up To 2MW,Mobile/Diesel/Gas,"
11944,Industrial/Commercial Sales & Service,00111209531002,HUNTINGTON POWER - LONG ISLAND, PO BOX 2040,,SHELTON,CT ,06484,USA,,631-586-7513,"Sales,"
11944,Industrial/Commercial Sales & Service,00010139211002,POWERPRO SERVICE CO. INC., 608 JOHNSON AVE. UNIT 6,,BOHEMIA,NY ,11716,USA,,631-567-2700,"Sales,Service,Up To 600kW,Mobile/Diesel/Gas,"
11944,Industrial/Commercial Sales & Service,00111209521002,LONG ISLAND EMERGENCY POWER -QO, 2 Ocean Avenue,,DEER PARK,NY ,11729,USA,,631-586-7513,"Sales,"
11944,Industrial/Commercial Sales & Service,00010001761002,"GENSERVE, INC.", 100 NEWTOWN RD,,PLAINVIEW,NY ,11803,USA,www.genserveinc.com,631-435-0437,"Service,"
11944,Industrial/Commercial Sales & Service,00010021101002,SOUTH SHORE GENERATOR INC-Quote, 2696A CRANBERRY HWY,,WAREHAM,MA ,02571,USA,,508-295-7336,"Sales,Service,Up To 600kW,Mobile/Diesel/Gas,"
11944,Industrial/Commercial Sales & Service,00010001701002,SOUTH SHORE GENERATOR INC, ,,EAST WAREHAM,MA ,02538,USA,,508-295-7336,"Financing,Sales,Service,Up To 600kW,Mobile/Diesel/Gas,"
11944,Industrial/Commercial Sales & Service,00010134071002,PEAK POWER SYSTEMS, 99 SPRAGUE AVENUE,,MIDDLETOWN,NY ,10940,USA,www.peakpowersystems.com,845-344-1975,"Sales,Service,Up To 600kW,Mobile/Diesel/Gas,Rental,"
11944,Industrial/Commercial Sales & Service,00010001621002,BROOKFIELD SERVICE, 708 GLEBE ROAD,,WESTMORELAND,NH ,03467,USA,www.brookfieldservice.com,802-485-6567,"Service,Up To 600kW,Mobile/Diesel/Gas,"
11944,Industrial/Commercial Sales & Service,00010001761002,"GENSERVE, INC.", 115A TWINBRIDGE DR.,,PENNSAUKEN,NJ ,08110,USA,www.genserveinc.com,856-324-0459,"Service,"
11944,Industrial/Commercial Sales & Service,00111207431002,WARSHAUER ELECTRIC SUPPLY CO INC, 800 SHREWSBURY AVE,,TINTON FALLS,NJ ,07724,USA,www.warshauer.com,732-741-6400,"Service,"
11944,Industrial/Commercial Sales & Service,00010157021002,Mechanical Service Co, 1145 Oak St.,,Pittston,PA ,18640,USA,,570-654-2445,"Service,"
11946,Industrial/Commercial Sales & Service,00010214161002,"R.L. KISTLER, INC.", 35 HAMILTON LANE,,GLENMONT,NY ,12077,USA,,585-436-1940,"Sales,Service,"
11946,Industrial/Commercial Sales & Service,00010001611002,Huntington Power, 230 Long Hill Cross Rd,,Shelton,CT ,06484,USA,www.huntingtonpower.com,203-929-3203,"Sales,Service,Up To 2MW,Mobile/Diesel/Gas,Training,Rental,"
11946,Industrial/Commercial Sales & Service,00010214161002,"R.L. Kistler, Inc", 300 Mile Crossing Blvd.,,Rochester,NY ,14624,USA,rlkistler.com,585-436-1940,"Sales,"
11946,Industrial/Commercial Sales & Service,00010214161002,"R.L. Kistler, Inc", 5615 Business Ave.,,N. Syracuse,NY ,13208,USA,,315-458-2875,"Sales,"
11946,Industrial/Commercial Sales & Service,00010001611002,Huntington Power, 68 Enter Ln,,Islandia,NY ,11749,USA,,631-563-4943,"Sales,Service,Up To 2MW,Mobile/Diesel/Gas,"
11946,Industrial/Commercial Sales & Service,00010001611002,Huntington Power, 34 E DUDLEY TOWN RD.,,BLOOMFIELD,CT ,06002,USA,,860-289-8790,"Sales,Service,Rental,"
11946,Industrial/Commercial Sales & Service,00010214161002,"R.L. Kistler, Inc", 5615 Business Ave.,,N. Syracuse,NY ,13208,USA,,315-458-2875,"Sales,"
11946,Industrial/Commercial Sales & Service,00010001731002,Authorized Services Of New England, 410 Forest Street,,Marlborough,MA ,01752,USA,www.asne.com,888-890-9886,"Financing,Sales,Service,Up To 2MW,Mobile/Diesel/Gas,Training,Rental,"
11946,Industrial/Commercial Sales & Service,00010208021002,Modern Group Power Systems, 2501 Durham Road,,Bristol,PA ,19007,USA,www.moderngroup.com,800-404-7291,"Sales,Service,Up To 2MW,Mobile/Diesel/Gas,Training,Rental,"
11946,Industrial/Commercial Sales & Service,00010008091002,MODERN HANDLING EQUIP, 75 NEW STREET,,EDISON,NJ ,08837,USA,www.moderngroup.com,800-779-5116,"Sales,Service,Up To 2MW,Mobile/Diesel/Gas,"
11946,Industrial/Commercial Sales & Service,00010001731002,AUTHORIZED SERVICES OF NEW ENGLAND, 410 FOREST STREET,,MARLBOROUGH,MA ,01752,USA,,888-890-9886,"Sales,"
11946,Industrial/Commercial Sales & Service,00010000931002,"EMERGENCY POWER SYSTEMS, LLC", 35 HAMILTON LANE,,GLENMONT,NY ,12077,USA,,800-914-1465,"Service,Up To 2MW,Mobile/Diesel/Gas,"
11946,Industrial/Commercial Sales & Service,00010000931002,"EMERGENCY POWER SYSTEMS, LLC", 35 HAMILTON LANE,,GLENMONT,NY ,12077,USA,,800-914-1465,"Service,"
11946,Industrial/Commercial Sales & Service,00010208021002,Modern Group Power Systems, 200 Allied Parkway,,West Berlin,NJ ,08091,USA,,800-404-7291,"Sales,Service,Up To 2MW,Mobile/Diesel/Gas,"
11946,Industrial/Commercial Sales & Service,00010208021002,Modern Group Power Systems, 6352 Chapmans Rd,,Allentown,PA ,18106,USA,,800-404-7291,"Sales,Service,Up To 2MW,Mobile/Diesel/Gas,"
11946,Industrial/Commercial Sales & Service,00010208021002,Modern Group Power Systems, 295 New Commerce Blvd.,,Wilkes Barre,PA ,18706,USA,,800-404-7291,"Sales,Service,Up To 2MW,Mobile/Diesel/Gas,"
11946,Industrial/Commercial Sales & Service,00010208021002,Modern Group Power Systems, 66A South Gate Blvd.,,New Castle,DE ,19720,USA,,800-404-7291,"Sales,Service,Up To 2MW,Mobile/Diesel/Gas,"
11946,Industrial/Commercial Sales & Service,00010139211002,POWERPRO SERVICE CO. INC., 608 JOHNSON AVE. UNIT 6,,BOHEMIA,NY ,11716,USA,,631-567-2700,"Sales,Service,Up To 600kW,Mobile/Diesel/Gas,"
11946,Industrial/Commercial Sales & Service,00111209521002,LONG ISLAND EMERGENCY POWER -QO, 2 Ocean Avenue,,DEER PARK,NY ,11729,USA,,631-586-7513,"Sales,"
11946,Industrial/Commercial Sales & Service,00111209531002,HUNTINGTON POWER - LONG ISLAND, PO BOX 2040,,SHELTON,CT ,06484,USA,,631-586-7513,"Sales,"
11946,Industrial/Commercial Sales & Service,00010001761002,"GENSERVE, INC.", 100 NEWTOWN RD,,PLAINVIEW,NY ,11803,USA,www.genserveinc.com,631-435-0437,"Service,"
11946,Industrial/Commercial Sales & Service,00010134071002,PEAK POWER SYSTEMS, 99 SPRAGUE AVENUE,,MIDDLETOWN,NY ,10940,USA,www.peakpowersystems.com,845-344-1975,"Sales,Service,Up To 600kW,Mobile/Diesel/Gas,Rental,"
11946,Industrial/Commercial Sales & Service,00010021101002,SOUTH SHORE GENERATOR INC-Quote, 2696A CRANBERRY HWY,,WAREHAM,MA ,02571,USA,,508-295-7336,"Sales,Service,Up To 600kW,Mobile/Diesel/Gas,"
11946,Industrial/Commercial Sales & Service,00010001701002,SOUTH SHORE GENERATOR INC, ,,EAST WAREHAM,MA ,02538,USA,,508-295-7336,"Financing,Sales,Service,Up To 600kW,Mobile/Diesel/Gas,"
11946,Industrial/Commercial Sales & Service,00010001761002,"GENSERVE, INC.", 115A TWINBRIDGE DR.,,PENNSAUKEN,NJ ,08110,USA,www.genserveinc.com,856-324-0459,"Service,"
11946,Industrial/Commercial Sales & Service,00010001621002,BROOKFIELD SERVICE, 708 GLEBE ROAD,,WESTMORELAND,NH ,03467,USA,www.brookfieldservice.com,802-485-6567,"Service,Up To 600kW,Mobile/Diesel/Gas,"
11946,Industrial/Commercial Sales & Service,00111207431002,WARSHAUER ELECTRIC SUPPLY CO INC, 800 SHREWSBURY AVE,,TINTON FALLS,NJ ,07724,USA,www.warshauer.com,732-741-6400,"Service,"
11946,Industrial/Commercial Sales & Service,00010157021002,Mechanical Service Co, 1145 Oak St.,,Pittston,PA ,18640,USA,,570-654-2445,"Service,"
11947,Industrial/Commercial Sales & Service,00010001611002,Huntington Power, 230 Long Hill Cross Rd,,Shelton,CT ,06484,USA,www.huntingtonpower.com,203-929-3203,"Sales,Service,Up To 2MW,Mobile/Diesel/Gas,Training,Rental,"
11947,Industrial/Commercial Sales & Service,00010214161002,"R.L. Kistler, Inc", 300 Mile Crossing Blvd.,,Rochester,NY ,14624,USA,rlkistler.com,585-436-1940,"Sales,"
11947,Industrial/Commercial Sales & Service,00010214161002,"R.L. KISTLER, INC.", 35 HAMILTON LANE,,GLENMONT,NY ,12077,USA,,585-436-1940,"Sales,Service,"
11947,Industrial/Commercial Sales & Service,00010001611002,Huntington Power, 68 Enter Ln,,Islandia,NY ,11749,USA,,631-563-4943,"Sales,Service,Up To 2MW,Mobile/Diesel/Gas,"
11947,Industrial/Commercial Sales & Service,00010001611002,Huntington Power, 34 E DUDLEY TOWN RD.,,BLOOMFIELD,CT ,06002,USA,,860-289-8790,"Sales,Service,Rental,"
11947,Industrial/Commercial Sales & Service,00010214161002,"R.L. Kistler, Inc", 5615 Business Ave.,,N. Syracuse,NY ,13208,USA,,315-458-2875,"Sales,"
11947,Industrial/Commercial Sales & Service,00010214161002,"R.L. Kistler, Inc", 5615 Business Ave.,,N. Syracuse,NY ,13208,USA,,315-458-2875,"Sales,"
11947,Industrial/Commercial Sales & Service,00010001731002,Authorized Services Of New England, 410 Forest Street,,Marlborough,MA ,01752,USA,www.asne.com,888-890-9886,"Financing,Sales,Service,Up To 2MW,Mobile/Diesel/Gas,Training,Rental,"
11947,Industrial/Commercial Sales & Service,00010208021002,Modern Group Power Systems, 2501 Durham Road,,Bristol,PA ,19007,USA,www.moderngroup.com,800-404-7291,"Sales,Service,Up To 2MW,Mobile/Diesel/Gas,Training,Rental,"
11947,Industrial/Commercial Sales & Service,00010008091002,MODERN HANDLING EQUIP, 75 NEW STREET,,EDISON,NJ ,08837,USA,www.moderngroup.com,800-779-5116,"Sales,Service,Up To 2MW,Mobile/Diesel/Gas,"
11947,Industrial/Commercial Sales & Service,00010001731002,AUTHORIZED SERVICES OF NEW ENGLAND, 410 FOREST STREET,,MARLBOROUGH,MA ,01752,USA,,888-890-9886,"Sales,"
11947,Industrial/Commercial Sales & Service,00010000931002,"EMERGENCY POWER SYSTEMS, LLC", 35 HAMILTON LANE,,GLENMONT,NY ,12077,USA,,800-914-1465,"Service,Up To 2MW,Mobile/Diesel/Gas,"
11947,Industrial/Commercial Sales & Service,00010000931002,"EMERGENCY POWER SYSTEMS, LLC", 35 HAMILTON LANE,,GLENMONT,NY ,12077,USA,,800-914-1465,"Service,"
11947,Industrial/Commercial Sales & Service,00010208021002,Modern Group Power Systems, 200 Allied Parkway,,West Berlin,NJ ,08091,USA,,800-404-7291,"Sales,Service,Up To 2MW,Mobile/Diesel/Gas,"
11947,Industrial/Commercial Sales & Service,00010208021002,Modern Group Power Systems, 6352 Chapmans Rd,,Allentown,PA ,18106,USA,,800-404-7291,"Sales,Service,Up To 2MW,Mobile/Diesel/Gas,"
11947,Industrial/Commercial Sales & Service,00010208021002,Modern Group Power Systems, 295 New Commerce Blvd.,,Wilkes Barre,PA ,18706,USA,,800-404-7291,"Sales,Service,Up To 2MW,Mobile/Diesel/Gas,"
11947,Industrial/Commercial Sales & Service,00010208021002,Modern Group Power Systems, 66A South Gate Blvd.,,New Castle,DE ,19720,USA,,800-404-7291,"Sales,Service,Up To 2MW,Mobile/Diesel/Gas,"
11947,Industrial/Commercial Sales & Service,00010139211002,POWERPRO SERVICE CO. INC., 608 JOHNSON AVE. UNIT 6,,BOHEMIA,NY ,11716,USA,,631-567-2700,"Sales,Service,Up To 600kW,Mobile/Diesel/Gas,"
11947,Industrial/Commercial Sales & Service,00111209531002,HUNTINGTON POWER - LONG ISLAND, PO BOX 2040,,SHELTON,CT ,06484,USA,,631-586-7513,"Sales,"
11947,Industrial/Commercial Sales & Service,00111209521002,LONG ISLAND EMERGENCY POWER -QO, 2 Ocean Avenue,,DEER PARK,NY ,11729,USA,,631-586-7513,"Sales,"
11947,Industrial/Commercial Sales & Service,00010001761002,"GENSERVE, INC.", 100 NEWTOWN RD,,PLAINVIEW,NY ,11803,USA,www.genserveinc.com,631-435-0437,"Service,"
11947,Industrial/Commercial Sales & Service,00010134071002,PEAK POWER SYSTEMS, 99 SPRAGUE AVENUE,,MIDDLETOWN,NY ,10940,USA,www.peakpowersystems.com,845-344-1975,"Sales,Service,Up To 600kW,Mobile/Diesel/Gas,Rental,"
11947,Industrial/Commercial Sales & Service,00010021101002,SOUTH SHORE GENERATOR INC-Quote, 2696A CRANBERRY HWY,,WAREHAM,MA ,02571,USA,,508-295-7336,"Sales,Service,Up To 600kW,Mobile/Diesel/Gas,"
11947,Industrial/Commercial Sales & Service,00010001701002,SOUTH SHORE GENERATOR INC, ,,EAST WAREHAM,MA ,02538,USA,,508-295-7336,"Financing,Sales,Service,Up To 600kW,Mobile/Diesel/Gas,"
11947,Industrial/Commercial Sales & Service,00010001621002,BROOKFIELD SERVICE, 708 GLEBE ROAD,,WESTMORELAND,NH ,03467,USA,www.brookfieldservice.com,802-485-6567,"Service,Up To 600kW,Mobile/Diesel/Gas,"
11947,Industrial/Commercial Sales & Service,00010001761002,"GENSERVE, INC.", 115A TWINBRIDGE DR.,,PENNSAUKEN,NJ ,08110,USA,www.genserveinc.com,856-324-0459,"Service,"
11947,Industrial/Commercial Sales & Service,00111207431002,WARSHAUER ELECTRIC SUPPLY CO INC, 800 SHREWSBURY AVE,,TINTON FALLS,NJ ,07724,USA,www.warshauer.com,732-741-6400,"Service,"
11947,Industrial/Commercial Sales & Service,00010157021002,Mechanical Service Co, 1145 Oak St.,,Pittston,PA ,18640,USA,,570-654-2445,"Service,"
11948,Industrial/Commercial Sales & Service,00010214161002,"R.L. Kistler, Inc", 300 Mile Crossing Blvd.,,Rochester,NY ,14624,USA,rlkistler.com,585-436-1940,"Sales,"
11948,Industrial/Commercial Sales & Service,00010001611002,Huntington Power, 230 Long Hill Cross Rd,,Shelton,CT ,06484,USA,www.huntingtonpower.com,203-929-3203,"Sales,Service,Up To 2MW,Mobile/Diesel/Gas,Training,Rental,"
11948,Industrial/Commercial Sales & Service,00010214161002,"R.L. KISTLER, INC.", 35 HAMILTON LANE,,GLENMONT,NY ,12077,USA,,585-436-1940,"Sales,Service,"
11948,Industrial/Commercial Sales & Service,00010214161002,"R.L. Kistler, Inc", 5615 Business Ave.,,N. Syracuse,NY ,13208,USA,,315-458-2875,"Sales,"
11948,Industrial/Commercial Sales & Service,00010001611002,Huntington Power, 68 Enter Ln,,Islandia,NY ,11749,USA,,631-563-4943,"Sales,Service,Up To 2MW,Mobile/Diesel/Gas,"
11948,Industrial/Commercial Sales & Service,00010001611002,Huntington Power, 34 E DUDLEY TOWN RD.,,BLOOMFIELD,CT ,06002,USA,,860-289-8790,"Sales,Service,Rental,"
11948,Industrial/Commercial Sales & Service,00010214161002,"R.L. Kistler, Inc", 5615 Business Ave.,,N. Syracuse,NY ,13208,USA,,315-458-2875,"Sales,"
11948,Industrial/Commercial Sales & Service,00010001731002,Authorized Services Of New England, 410 Forest Street,,Marlborough,MA ,01752,USA,www.asne.com,888-890-9886,"Financing,Sales,Service,Up To 2MW,Mobile/Diesel/Gas,Training,Rental,"
11948,Industrial/Commercial Sales & Service,00010208021002,Modern Group Power Systems, 2501 Durham Road,,Bristol,PA ,19007,USA,www.moderngroup.com,800-404-7291,"Sales,Service,Up To 2MW,Mobile/Diesel/Gas,Training,Rental,"
11948,Industrial/Commercial Sales & Service,00010008091002,MODERN HANDLING EQUIP, 75 NEW STREET,,EDISON,NJ ,08837,USA,www.moderngroup.com,800-779-5116,"Sales,Service,Up To 2MW,Mobile/Diesel/Gas,"
11948,Industrial/Commercial Sales & Service,00010001731002,AUTHORIZED SERVICES OF NEW ENGLAND, 410 FOREST STREET,,MARLBOROUGH,MA ,01752,USA,,888-890-9886,"Sales,"
11948,Industrial/Commercial Sales & Service,00010000931002,"EMERGENCY POWER SYSTEMS, LLC", 35 HAMILTON LANE,,GLENMONT,NY ,12077,USA,,800-914-1465,"Service,Up To 2MW,Mobile/Diesel/Gas,"
11948,Industrial/Commercial Sales & Service,00010000931002,"EMERGENCY POWER SYSTEMS, LLC", 35 HAMILTON LANE,,GLENMONT,NY ,12077,USA,,800-914-1465,"Service,"
11948,Industrial/Commercial Sales & Service,00010208021002,Modern Group Power Systems, 200 Allied Parkway,,West Berlin,NJ ,08091,USA,,800-404-7291,"Sales,Service,Up To 2MW,Mobile/Diesel/Gas,"
11948,Industrial/Commercial Sales & Service,00010208021002,Modern Group Power Systems, 6352 Chapmans Rd,,Allentown,PA ,18106,USA,,800-404-7291,"Sales,Service,Up To 2MW,Mobile/Diesel/Gas,"
11948,Industrial/Commercial Sales & Service,00010208021002,Modern Group Power Systems, 295 New Commerce Blvd.,,Wilkes Barre,PA ,18706,USA,,800-404-7291,"Sales,Service,Up To 2MW,Mobile/Diesel/Gas,"
11948,Industrial/Commercial Sales & Service,00010208021002,Modern Group Power Systems, 66A South Gate Blvd.,,New Castle,DE ,19720,USA,,800-404-7291,"Sales,Service,Up To 2MW,Mobile/Diesel/Gas,"
11948,Industrial/Commercial Sales & Service,00010139211002,POWERPRO SERVICE CO. INC., 608 JOHNSON AVE. UNIT 6,,BOHEMIA,NY ,11716,USA,,631-567-2700,"Sales,Service,Up To 600kW,Mobile/Diesel/Gas,"
11948,Industrial/Commercial Sales & Service,00111209531002,HUNTINGTON POWER - LONG ISLAND, PO BOX 2040,,SHELTON,CT ,06484,USA,,631-586-7513,"Sales,"
11948,Industrial/Commercial Sales & Service,00111209521002,LONG ISLAND EMERGENCY POWER -QO, 2 Ocean Avenue,,DEER PARK,NY ,11729,USA,,631-586-7513,"Sales,"
11948,Industrial/Commercial Sales & Service,00010001761002,"GENSERVE, INC.", 100 NEWTOWN RD,,PLAINVIEW,NY ,11803,USA,www.genserveinc.com,631-435-0437,"Service,"
11948,Industrial/Commercial Sales & Service,00010134071002,PEAK POWER SYSTEMS, 99 SPRAGUE AVENUE,,MIDDLETOWN,NY ,10940,USA,www.peakpowersystems.com,845-344-1975,"Sales,Service,Up To 600kW,Mobile/Diesel/Gas,Rental,"
11948,Industrial/Commercial Sales & Service,00010021101002,SOUTH SHORE GENERATOR INC-Quote, 2696A CRANBERRY HWY,,WAREHAM,MA ,02571,USA,,508-295-7336,"Sales,Service,Up To 600kW,Mobile/Diesel/Gas,"
11948,Industrial/Commercial Sales & Service,00010001701002,SOUTH SHORE GENERATOR INC, ,,EAST WAREHAM,MA ,02538,USA,,508-295-7336,"Financing,Sales,Service,Up To 600kW,Mobile/Diesel/Gas,"
11948,Industrial/Commercial Sales & Service,00010001621002,BROOKFIELD SERVICE, 708 GLEBE ROAD,,WESTMORELAND,NH ,03467,USA,www.brookfieldservice.com,802-485-6567,"Service,Up To 600kW,Mobile/Diesel/Gas,"
11948,Industrial/Commercial Sales & Service,00010001761002,"GENSERVE, INC.", 115A TWINBRIDGE DR.,,PENNSAUKEN,NJ ,08110,USA,www.genserveinc.com,856-324-0459,"Service,"
11948,Industrial/Commercial Sales & Service,00111207431002,WARSHAUER ELECTRIC SUPPLY CO INC, 800 SHREWSBURY AVE,,TINTON FALLS,NJ ,07724,USA,www.warshauer.com,732-741-6400,"Service,"
11948,Industrial/Commercial Sales & Service,00010157021002,Mechanical Service Co, 1145 Oak St.,,Pittston,PA ,18640,USA,,570-654-2445,"Service,"
11949,Industrial/Commercial Sales & Service,00010214161002,"R.L. Kistler, Inc", 300 Mile Crossing Blvd.,,Rochester,NY ,14624,USA,rlkistler.com,585-436-1940,"Sales,"
11949,Industrial/Commercial Sales & Service,00010214161002,"R.L. KISTLER, INC.", 35 HAMILTON LANE,,GLENMONT,NY ,12077,USA,,585-436-1940,"Sales,Service,"
11949,Industrial/Commercial Sales & Service,00010001611002,Huntington Power, 230 Long Hill Cross Rd,,Shelton,CT ,06484,USA,www.huntingtonpower.com,203-929-3203,"Sales,Service,Up To 2MW,Mobile/Diesel/Gas,Training,Rental,"
11949,Industrial/Commercial Sales & Service,00010214161002,"R.L. Kistler, Inc", 5615 Business Ave.,,N. Syracuse,NY ,13208,USA,,315-458-2875,"Sales,"
11949,Industrial/Commercial Sales & Service,00010214161002,"R.L. Kistler, Inc", 5615 Business Ave.,,N. Syracuse,NY ,13208,USA,,315-458-2875,"Sales,"
11949,Industrial/Commercial Sales & Service,00010001611002,Huntington Power, 68 Enter Ln,,Islandia,NY ,11749,USA,,631-563-4943,"Sales,Service,Up To 2MW,Mobile/Diesel/Gas,"
11949,Industrial/Commercial Sales & Service,00010001611002,Huntington Power, 34 E DUDLEY TOWN RD.,,BLOOMFIELD,CT ,06002,USA,,860-289-8790,"Sales,Service,Rental,"
11949,Industrial/Commercial Sales & Service,00010208021002,Modern Group Power Systems, 2501 Durham Road,,Bristol,PA ,19007,USA,www.moderngroup.com,800-404-7291,"Sales,Service,Up To 2MW,Mobile/Diesel/Gas,Training,Rental,"
11949,Industrial/Commercial Sales & Service,00010001731002,Authorized Services Of New England, 410 Forest Street,,Marlborough,MA ,01752,USA,www.asne.com,888-890-9886,"Financing,Sales,Service,Up To 2MW,Mobile/Diesel/Gas,Training,Rental,"
11949,Industrial/Commercial Sales & Service,00010008091002,MODERN HANDLING EQUIP, 75 NEW STREET,,EDISON,NJ ,08837,USA,www.moderngroup.com,800-779-5116,"Sales,Service,Up To 2MW,Mobile/Diesel/Gas,"
11949,Industrial/Commercial Sales & Service,00010001731002,AUTHORIZED SERVICES OF NEW ENGLAND, 410 FOREST STREET,,MARLBOROUGH,MA ,01752,USA,,888-890-9886,"Sales,"
11949,Industrial/Commercial Sales & Service,00010000931002,"EMERGENCY POWER SYSTEMS, LLC", 35 HAMILTON LANE,,GLENMONT,NY ,12077,USA,,800-914-1465,"Service,Up To 2MW,Mobile/Diesel/Gas,"
11949,Industrial/Commercial Sales & Service,00010000931002,"EMERGENCY POWER SYSTEMS, LLC", 35 HAMILTON LANE,,GLENMONT,NY ,12077,USA,,800-914-1465,"Service,"
11949,Industrial/Commercial Sales & Service,00010208021002,Modern Group Power Systems, 200 Allied Parkway,,West Berlin,NJ ,08091,USA,,800-404-7291,"Sales,Service,Up To 2MW,Mobile/Diesel/Gas,"
11949,Industrial/Commercial Sales & Service,00010208021002,Modern Group Power Systems, 6352 Chapmans Rd,,Allentown,PA ,18106,USA,,800-404-7291,"Sales,Service,Up To 2MW,Mobile/Diesel/Gas,"
11949,Industrial/Commercial Sales & Service,00010208021002,Modern Group Power Systems, 295 New Commerce Blvd.,,Wilkes Barre,PA ,18706,USA,,800-404-7291,"Sales,Service,Up To 2MW,Mobile/Diesel/Gas,"
11949,Industrial/Commercial Sales & Service,00010208021002,Modern Group Power Systems, 66A South Gate Blvd.,,New Castle,DE ,19720,USA,,800-404-7291,"Sales,Service,Up To 2MW,Mobile/Diesel/Gas,"
11949,Industrial/Commercial Sales & Service,00010139211002,POWERPRO SERVICE CO. INC., 608 JOHNSON AVE. UNIT 6,,BOHEMIA,NY ,11716,USA,,631-567-2700,"Sales,Service,Up To 600kW,Mobile/Diesel/Gas,"
11949,Industrial/Commercial Sales & Service,00111209521002,LONG ISLAND EMERGENCY POWER -QO, 2 Ocean Avenue,,DEER PARK,NY ,11729,USA,,631-586-7513,"Sales,"
11949,Industrial/Commercial Sales & Service,00010001761002,"GENSERVE, INC.", 100 NEWTOWN RD,,PLAINVIEW,NY ,11803,USA,www.genserveinc.com,631-435-0437,"Service,"
11949,Industrial/Commercial Sales & Service,00111209531002,HUNTINGTON POWER - LONG ISLAND, PO BOX 2040,,SHELTON,CT ,06484,USA,,631-586-7513,"Sales,"
11949,Industrial/Commercial Sales & Service,00010134071002,PEAK POWER SYSTEMS, 99 SPRAGUE AVENUE,,MIDDLETOWN,NY ,10940,USA,www.peakpowersystems.com,845-344-1975,"Sales,Service,Up To 600kW,Mobile/Diesel/Gas,Rental,"
11949,Industrial/Commercial Sales & Service,00010021101002,SOUTH SHORE GENERATOR INC-Quote, 2696A CRANBERRY HWY,,WAREHAM,MA ,02571,USA,,508-295-7336,"Sales,Service,Up To 600kW,Mobile/Diesel/Gas,"
11949,Industrial/Commercial Sales & Service,00010001701002,SOUTH SHORE GENERATOR INC, ,,EAST WAREHAM,MA ,02538,USA,,508-295-7336,"Financing,Sales,Service,Up To 600kW,Mobile/Diesel/Gas,"
11949,Industrial/Commercial Sales & Service,00010001761002,"GENSERVE, INC.", 115A TWINBRIDGE DR.,,PENNSAUKEN,NJ ,08110,USA,www.genserveinc.com,856-324-0459,"Service,"
11949,Industrial/Commercial Sales & Service,00010001621002,BROOKFIELD SERVICE, 708 GLEBE ROAD,,WESTMORELAND,NH ,03467,USA,www.brookfieldservice.com,802-485-6567,"Service,Up To 600kW,Mobile/Diesel/Gas,"
11949,Industrial/Commercial Sales & Service,00111207431002,WARSHAUER ELECTRIC SUPPLY CO INC, 800 SHREWSBURY AVE,,TINTON FALLS,NJ ,07724,USA,www.warshauer.com,732-741-6400,"Service,"
11949,Industrial/Commercial Sales & Service,00010157021002,Mechanical Service Co, 1145 Oak St.,,Pittston,PA ,18640,USA,,570-654-2445,"Service,"
11950,Industrial/Commercial Sales & Service,00010001611002,Huntington Power, 230 Long Hill Cross Rd,,Shelton,CT ,06484,USA,www.huntingtonpower.com,203-929-3203,"Sales,Service,Up To 2MW,Mobile/Diesel/Gas,Training,Rental,"
11950,Industrial/Commercial Sales & Service,00010214161002,"R.L. KISTLER, INC.", 35 HAMILTON LANE,,GLENMONT,NY ,12077,USA,,585-436-1940,"Sales,Service,"
11950,Industrial/Commercial Sales & Service,00010214161002,"R.L. Kistler, Inc", 300 Mile Crossing Blvd.,,Rochester,NY ,14624,USA,rlkistler.com,585-436-1940,"Sales,"
11950,Industrial/Commercial Sales & Service,00010001611002,Huntington Power, 68 Enter Ln,,Islandia,NY ,11749,USA,,631-563-4943,"Sales,Service,Up To 2MW,Mobile/Diesel/Gas,"
11950,Industrial/Commercial Sales & Service,00010001611002,Huntington Power, 34 E DUDLEY TOWN RD.,,BLOOMFIELD,CT ,06002,USA,,860-289-8790,"Sales,Service,Rental,"
11950,Industrial/Commercial Sales & Service,00010214161002,"R.L. Kistler, Inc", 5615 Business Ave.,,N. Syracuse,NY ,13208,USA,,315-458-2875,"Sales,"
11950,Industrial/Commercial Sales & Service,00010214161002,"R.L. Kistler, Inc", 5615 Business Ave.,,N. Syracuse,NY ,13208,USA,,315-458-2875,"Sales,"
11950,Industrial/Commercial Sales & Service,00010208021002,Modern Group Power Systems, 2501 Durham Road,,Bristol,PA ,19007,USA,www.moderngroup.com,800-404-7291,"Sales,Service,Up To 2MW,Mobile/Diesel/Gas,Training,Rental,"
11950,Industrial/Commercial Sales & Service,00010001731002,Authorized Services Of New England, 410 Forest Street,,Marlborough,MA ,01752,USA,www.asne.com,888-890-9886,"Financing,Sales,Service,Up To 2MW,Mobile/Diesel/Gas,Training,Rental,"
11950,Industrial/Commercial Sales & Service,00010008091002,MODERN HANDLING EQUIP, 75 NEW STREET,,EDISON,NJ ,08837,USA,www.moderngroup.com,800-779-5116,"Sales,Service,Up To 2MW,Mobile/Diesel/Gas,"
11950,Industrial/Commercial Sales & Service,00010001731002,AUTHORIZED SERVICES OF NEW ENGLAND, 410 FOREST STREET,,MARLBOROUGH,MA ,01752,USA,,888-890-9886,"Sales,"
11950,Industrial/Commercial Sales & Service,00010208021002,Modern Group Power Systems, 200 Allied Parkway,,West Berlin,NJ ,08091,USA,,800-404-7291,"Sales,Service,Up To 2MW,Mobile/Diesel/Gas,"
11950,Industrial/Commercial Sales & Service,00010000931002,"EMERGENCY POWER SYSTEMS, LLC", 35 HAMILTON LANE,,GLENMONT,NY ,12077,USA,,800-914-1465,"Service,Up To 2MW,Mobile/Diesel/Gas,"
11950,Industrial/Commercial Sales & Service,00010000931002,"EMERGENCY POWER SYSTEMS, LLC", 35 HAMILTON LANE,,GLENMONT,NY ,12077,USA,,800-914-1465,"Service,"
11950,Industrial/Commercial Sales & Service,00010208021002,Modern Group Power Systems, 6352 Chapmans Rd,,Allentown,PA ,18106,USA,,800-404-7291,"Sales,Service,Up To 2MW,Mobile/Diesel/Gas,"
11950,Industrial/Commercial Sales & Service,00010208021002,Modern Group Power Systems, 295 New Commerce Blvd.,,Wilkes Barre,PA ,18706,USA,,800-404-7291,"Sales,Service,Up To 2MW,Mobile/Diesel/Gas,"
11950,Industrial/Commercial Sales & Service,00010208021002,Modern Group Power Systems, 66A South Gate Blvd.,,New Castle,DE ,19720,USA,,800-404-7291,"Sales,Service,Up To 2MW,Mobile/Diesel/Gas,"
11950,Industrial/Commercial Sales & Service,00010139211002,POWERPRO SERVICE CO. INC., 608 JOHNSON AVE. UNIT 6,,BOHEMIA,NY ,11716,USA,,631-567-2700,"Sales,Service,Up To 600kW,Mobile/Diesel/Gas,"
11950,Industrial/Commercial Sales & Service,00111209521002,LONG ISLAND EMERGENCY POWER -QO, 2 Ocean Avenue,,DEER PARK,NY ,11729,USA,,631-586-7513,"Sales,"
11950,Industrial/Commercial Sales & Service,00010001761002,"GENSERVE, INC.", 100 NEWTOWN RD,,PLAINVIEW,NY ,11803,USA,www.genserveinc.com,631-435-0437,"Service,"
11950,Industrial/Commercial Sales & Service,00111209531002,HUNTINGTON POWER - LONG ISLAND, PO BOX 2040,,SHELTON,CT ,06484,USA,,631-586-7513,"Sales,"
11950,Industrial/Commercial Sales & Service,00010134071002,PEAK POWER SYSTEMS, 99 SPRAGUE AVENUE,,MIDDLETOWN,NY ,10940,USA,www.peakpowersystems.com,845-344-1975,"Sales,Service,Up To 600kW,Mobile/Diesel/Gas,Rental,"
11950,Industrial/Commercial Sales & Service,00010021101002,SOUTH SHORE GENERATOR INC-Quote, 2696A CRANBERRY HWY,,WAREHAM,MA ,02571,USA,,508-295-7336,"Sales,Service,Up To 600kW,Mobile/Diesel/Gas,"
11950,Industrial/Commercial Sales & Service,00010001761002,"GENSERVE, INC.", 115A TWINBRIDGE DR.,,PENNSAUKEN,NJ ,08110,USA,www.genserveinc.com,856-324-0459,"Service,"
11950,Industrial/Commercial Sales & Service,00010001701002,SOUTH SHORE GENERATOR INC, ,,EAST WAREHAM,MA ,02538,USA,,508-295-7336,"Financing,Sales,Service,Up To 600kW,Mobile/Diesel/Gas,"
11950,Industrial/Commercial Sales & Service,00010001621002,BROOKFIELD SERVICE, 708 GLEBE ROAD,,WESTMORELAND,NH ,03467,USA,www.brookfieldservice.com,802-485-6567,"Service,Up To 600kW,Mobile/Diesel/Gas,"
11950,Industrial/Commercial Sales & Service,00111207431002,WARSHAUER ELECTRIC SUPPLY CO INC, 800 SHREWSBURY AVE,,TINTON FALLS,NJ ,07724,USA,www.warshauer.com,732-741-6400,"Service,"
11950,Industrial/Commercial Sales & Service,00010157021002,Mechanical Service Co, 1145 Oak St.,,Pittston,PA ,18640,USA,,570-654-2445,"Service,"
11951,Industrial/Commercial Sales & Service,00010214161002,"R.L. Kistler, Inc", 300 Mile Crossing Blvd.,,Rochester,NY ,14624,USA,rlkistler.com,585-436-1940,"Sales,"
11951,Industrial/Commercial Sales & Service,00010001611002,Huntington Power, 230 Long Hill Cross Rd,,Shelton,CT ,06484,USA,www.huntingtonpower.com,203-929-3203,"Sales,Service,Up To 2MW,Mobile/Diesel/Gas,Training,Rental,"
11951,Industrial/Commercial Sales & Service,00010214161002,"R.L. KISTLER, INC.", 35 HAMILTON LANE,,GLENMONT,NY ,12077,USA,,585-436-1940,"Sales,Service,"
11951,Industrial/Commercial Sales & Service,00010214161002,"R.L. Kistler, Inc", 5615 Business Ave.,,N. Syracuse,NY ,13208,USA,,315-458-2875,"Sales,"
11951,Industrial/Commercial Sales & Service,00010001611002,Huntington Power, 68 Enter Ln,,Islandia,NY ,11749,USA,,631-563-4943,"Sales,Service,Up To 2MW,Mobile/Diesel/Gas,"
11951,Industrial/Commercial Sales & Service,00010001611002,Huntington Power, 34 E DUDLEY TOWN RD.,,BLOOMFIELD,CT ,06002,USA,,860-289-8790,"Sales,Service,Rental,"
11951,Industrial/Commercial Sales & Service,00010214161002,"R.L. Kistler, Inc", 5615 Business Ave.,,N. Syracuse,NY ,13208,USA,,315-458-2875,"Sales,"
11951,Industrial/Commercial Sales & Service,00010208021002,Modern Group Power Systems, 2501 Durham Road,,Bristol,PA ,19007,USA,www.moderngroup.com,800-404-7291,"Sales,Service,Up To 2MW,Mobile/Diesel/Gas,Training,Rental,"
11951,Industrial/Commercial Sales & Service,00010001731002,Authorized Services Of New England, 410 Forest Street,,Marlborough,MA ,01752,USA,www.asne.com,888-890-9886,"Financing,Sales,Service,Up To 2MW,Mobile/Diesel/Gas,Training,Rental,"
11951,Industrial/Commercial Sales & Service,00010008091002,MODERN HANDLING EQUIP, 75 NEW STREET,,EDISON,NJ ,08837,USA,www.moderngroup.com,800-779-5116,"Sales,Service,Up To 2MW,Mobile/Diesel/Gas,"
11951,Industrial/Commercial Sales & Service,00010001731002,AUTHORIZED SERVICES OF NEW ENGLAND, 410 FOREST STREET,,MARLBOROUGH,MA ,01752,USA,,888-890-9886,"Sales,"
11951,Industrial/Commercial Sales & Service,00010208021002,Modern Group Power Systems, 200 Allied Parkway,,West Berlin,NJ ,08091,USA,,800-404-7291,"Sales,Service,Up To 2MW,Mobile/Diesel/Gas,"
11951,Industrial/Commercial Sales & Service,00010000931002,"EMERGENCY POWER SYSTEMS, LLC", 35 HAMILTON LANE,,GLENMONT,NY ,12077,USA,,800-914-1465,"Service,Up To 2MW,Mobile/Diesel/Gas,"
11951,Industrial/Commercial Sales & Service,00010000931002,"EMERGENCY POWER SYSTEMS, LLC", 35 HAMILTON LANE,,GLENMONT,NY ,12077,USA,,800-914-1465,"Service,"
11951,Industrial/Commercial Sales & Service,00010208021002,Modern Group Power Systems, 6352 Chapmans Rd,,Allentown,PA ,18106,USA,,800-404-7291,"Sales,Service,Up To 2MW,Mobile/Diesel/Gas,"
11951,Industrial/Commercial Sales & Service,00010208021002,Modern Group Power Systems, 295 New Commerce Blvd.,,Wilkes Barre,PA ,18706,USA,,800-404-7291,"Sales,Service,Up To 2MW,Mobile/Diesel/Gas,"
11951,Industrial/Commercial Sales & Service,00010208021002,Modern Group Power Systems, 66A South Gate Blvd.,,New Castle,DE ,19720,USA,,800-404-7291,"Sales,Service,Up To 2MW,Mobile/Diesel/Gas,"
11951,Industrial/Commercial Sales & Service,00010139211002,POWERPRO SERVICE CO. INC., 608 JOHNSON AVE. UNIT 6,,BOHEMIA,NY ,11716,USA,,631-567-2700,"Sales,Service,Up To 600kW,Mobile/Diesel/Gas,"
11951,Industrial/Commercial Sales & Service,00111209521002,LONG ISLAND EMERGENCY POWER -QO, 2 Ocean Avenue,,DEER PARK,NY ,11729,USA,,631-586-7513,"Sales,"
11951,Industrial/Commercial Sales & Service,00010001761002,"GENSERVE, INC.", 100 NEWTOWN RD,,PLAINVIEW,NY ,11803,USA,www.genserveinc.com,631-435-0437,"Service,"
11951,Industrial/Commercial Sales & Service,00111209531002,HUNTINGTON POWER - LONG ISLAND, PO BOX 2040,,SHELTON,CT ,06484,USA,,631-586-7513,"Sales,"
11951,Industrial/Commercial Sales & Service,00010134071002,PEAK POWER SYSTEMS, 99 SPRAGUE AVENUE,,MIDDLETOWN,NY ,10940,USA,www.peakpowersystems.com,845-344-1975,"Sales,Service,Up To 600kW,Mobile/Diesel/Gas,Rental,"
11951,Industrial/Commercial Sales & Service,00010001761002,"GENSERVE, INC.", 115A TWINBRIDGE DR.,,PENNSAUKEN,NJ ,08110,USA,www.genserveinc.com,856-324-0459,"Service,"
11951,Industrial/Commercial Sales & Service,00010021101002,SOUTH SHORE GENERATOR INC-Quote, 2696A CRANBERRY HWY,,WAREHAM,MA ,02571,USA,,508-295-7336,"Sales,Service,Up To 600kW,Mobile/Diesel/Gas,"
11951,Industrial/Commercial Sales & Service,00010001701002,SOUTH SHORE GENERATOR INC, ,,EAST WAREHAM,MA ,02538,USA,,508-295-7336,"Financing,Sales,Service,Up To 600kW,Mobile/Diesel/Gas,"
11951,Industrial/Commercial Sales & Service,00010001621002,BROOKFIELD SERVICE, 708 GLEBE ROAD,,WESTMORELAND,NH ,03467,USA,www.brookfieldservice.com,802-485-6567,"Service,Up To 600kW,Mobile/Diesel/Gas,"
11951,Industrial/Commercial Sales & Service,00111207431002,WARSHAUER ELECTRIC SUPPLY CO INC, 800 SHREWSBURY AVE,,TINTON FALLS,NJ ,07724,USA,www.warshauer.com,732-741-6400,"Service,"
11951,Industrial/Commercial Sales & Service,00010157021002,Mechanical Service Co, 1145 Oak St.,,Pittston,PA ,18640,USA,,570-654-2445,"Service,"
11952,Industrial/Commercial Sales & Service,00010214161002,"R.L. KISTLER, INC.", 35 HAMILTON LANE,,GLENMONT,NY ,12077,USA,,585-436-1940,"Sales,Service,"
11952,Industrial/Commercial Sales & Service,00010001611002,Huntington Power, 230 Long Hill Cross Rd,,Shelton,CT ,06484,USA,www.huntingtonpower.com,203-929-3203,"Sales,Service,Up To 2MW,Mobile/Diesel/Gas,Training,Rental,"
11952,Industrial/Commercial Sales & Service,00010214161002,"R.L. Kistler, Inc", 300 Mile Crossing Blvd.,,Rochester,NY ,14624,USA,rlkistler.com,585-436-1940,"Sales,"
11952,Industrial/Commercial Sales & Service,00010214161002,"R.L. Kistler, Inc", 5615 Business Ave.,,N. Syracuse,NY ,13208,USA,,315-458-2875,"Sales,"
11952,Industrial/Commercial Sales & Service,00010001611002,Huntington Power, 68 Enter Ln,,Islandia,NY ,11749,USA,,631-563-4943,"Sales,Service,Up To 2MW,Mobile/Diesel/Gas,"
11952,Industrial/Commercial Sales & Service,00010001611002,Huntington Power, 34 E DUDLEY TOWN RD.,,BLOOMFIELD,CT ,06002,USA,,860-289-8790,"Sales,Service,Rental,"
11952,Industrial/Commercial Sales & Service,00010214161002,"R.L. Kistler, Inc", 5615 Business Ave.,,N. Syracuse,NY ,13208,USA,,315-458-2875,"Sales,"
11952,Industrial/Commercial Sales & Service,00010001731002,Authorized Services Of New England, 410 Forest Street,,Marlborough,MA ,01752,USA,www.asne.com,888-890-9886,"Financing,Sales,Service,Up To 2MW,Mobile/Diesel/Gas,Training,Rental,"
11952,Industrial/Commercial Sales & Service,00010208021002,Modern Group Power Systems, 2501 Durham Road,,Bristol,PA ,19007,USA,www.moderngroup.com,800-404-7291,"Sales,Service,Up To 2MW,Mobile/Diesel/Gas,Training,Rental,"
11952,Industrial/Commercial Sales & Service,00010008091002,MODERN HANDLING EQUIP, 75 NEW STREET,,EDISON,NJ ,08837,USA,www.moderngroup.com,800-779-5116,"Sales,Service,Up To 2MW,Mobile/Diesel/Gas,"
11952,Industrial/Commercial Sales & Service,00010001731002,AUTHORIZED SERVICES OF NEW ENGLAND, 410 FOREST STREET,,MARLBOROUGH,MA ,01752,USA,,888-890-9886,"Sales,"
11952,Industrial/Commercial Sales & Service,00010000931002,"EMERGENCY POWER SYSTEMS, LLC", 35 HAMILTON LANE,,GLENMONT,NY ,12077,USA,,800-914-1465,"Service,Up To 2MW,Mobile/Diesel/Gas,"
11952,Industrial/Commercial Sales & Service,00010000931002,"EMERGENCY POWER SYSTEMS, LLC", 35 HAMILTON LANE,,GLENMONT,NY ,12077,USA,,800-914-1465,"Service,"
11952,Industrial/Commercial Sales & Service,00010208021002,Modern Group Power Systems, 200 Allied Parkway,,West Berlin,NJ ,08091,USA,,800-404-7291,"Sales,Service,Up To 2MW,Mobile/Diesel/Gas,"
11952,Industrial/Commercial Sales & Service,00010208021002,Modern Group Power Systems, 6352 Chapmans Rd,,Allentown,PA ,18106,USA,,800-404-7291,"Sales,Service,Up To 2MW,Mobile/Diesel/Gas,"
11952,Industrial/Commercial Sales & Service,00010208021002,Modern Group Power Systems, 295 New Commerce Blvd.,,Wilkes Barre,PA ,18706,USA,,800-404-7291,"Sales,Service,Up To 2MW,Mobile/Diesel/Gas,"
11952,Industrial/Commercial Sales & Service,00010208021002,Modern Group Power Systems, 66A South Gate Blvd.,,New Castle,DE ,19720,USA,,800-404-7291,"Sales,Service,Up To 2MW,Mobile/Diesel/Gas,"
11952,Industrial/Commercial Sales & Service,00010139211002,POWERPRO SERVICE CO. INC., 608 JOHNSON AVE. UNIT 6,,BOHEMIA,NY ,11716,USA,,631-567-2700,"Sales,Service,Up To 600kW,Mobile/Diesel/Gas,"
11952,Industrial/Commercial Sales & Service,00111209531002,HUNTINGTON POWER - LONG ISLAND, PO BOX 2040,,SHELTON,CT ,06484,USA,,631-586-7513,"Sales,"
11952,Industrial/Commercial Sales & Service,00111209521002,LONG ISLAND EMERGENCY POWER -QO, 2 Ocean Avenue,,DEER PARK,NY ,11729,USA,,631-586-7513,"Sales,"
11952,Industrial/Commercial Sales & Service,00010001761002,"GENSERVE, INC.", 100 NEWTOWN RD,,PLAINVIEW,NY ,11803,USA,www.genserveinc.com,631-435-0437,"Service,"
11952,Industrial/Commercial Sales & Service,00010134071002,PEAK POWER SYSTEMS, 99 SPRAGUE AVENUE,,MIDDLETOWN,NY ,10940,USA,www.peakpowersystems.com,845-344-1975,"Sales,Service,Up To 600kW,Mobile/Diesel/Gas,Rental,"
11952,Industrial/Commercial Sales & Service,00010021101002,SOUTH SHORE GENERATOR INC-Quote, 2696A CRANBERRY HWY,,WAREHAM,MA ,02571,USA,,508-295-7336,"Sales,Service,Up To 600kW,Mobile/Diesel/Gas,"
11952,Industrial/Commercial Sales & Service,00010001701002,SOUTH SHORE GENERATOR INC, ,,EAST WAREHAM,MA ,02538,USA,,508-295-7336,"Financing,Sales,Service,Up To 600kW,Mobile/Diesel/Gas,"
11952,Industrial/Commercial Sales & Service,00010001621002,BROOKFIELD SERVICE, 708 GLEBE ROAD,,WESTMORELAND,NH ,03467,USA,www.brookfieldservice.com,802-485-6567,"Service,Up To 600kW,Mobile/Diesel/Gas,"
11952,Industrial/Commercial Sales & Service,00010001761002,"GENSERVE, INC.", 115A TWINBRIDGE DR.,,PENNSAUKEN,NJ ,08110,USA,www.genserveinc.com,856-324-0459,"Service,"
11952,Industrial/Commercial Sales & Service,00111207431002,WARSHAUER ELECTRIC SUPPLY CO INC, 800 SHREWSBURY AVE,,TINTON FALLS,NJ ,07724,USA,www.warshauer.com,732-741-6400,"Service,"
11952,Industrial/Commercial Sales & Service,00010157021002,Mechanical Service Co, 1145 Oak St.,,Pittston,PA ,18640,USA,,570-654-2445,"Service,"
11953,Industrial/Commercial Sales & Service,00010001611002,Huntington Power, 230 Long Hill Cross Rd,,Shelton,CT ,06484,USA,www.huntingtonpower.com,203-929-3203,"Sales,Service,Up To 2MW,Mobile/Diesel/Gas,Training,Rental,"
11953,Industrial/Commercial Sales & Service,00010214161002,"R.L. KISTLER, INC.", 35 HAMILTON LANE,,GLENMONT,NY ,12077,USA,,585-436-1940,"Sales,Service,"
11953,Industrial/Commercial Sales & Service,00010214161002,"R.L. Kistler, Inc", 300 Mile Crossing Blvd.,,Rochester,NY ,14624,USA,rlkistler.com,585-436-1940,"Sales,"
11953,Industrial/Commercial Sales & Service,00010001611002,Huntington Power, 68 Enter Ln,,Islandia,NY ,11749,USA,,631-563-4943,"Sales,Service,Up To 2MW,Mobile/Diesel/Gas,"
11953,Industrial/Commercial Sales & Service,00010001611002,Huntington Power, 34 E DUDLEY TOWN RD.,,BLOOMFIELD,CT ,06002,USA,,860-289-8790,"Sales,Service,Rental,"
11953,Industrial/Commercial Sales & Service,00010214161002,"R.L. Kistler, Inc", 5615 Business Ave.,,N. Syracuse,NY ,13208,USA,,315-458-2875,"Sales,"
11953,Industrial/Commercial Sales & Service,00010214161002,"R.L. Kistler, Inc", 5615 Business Ave.,,N. Syracuse,NY ,13208,USA,,315-458-2875,"Sales,"
11953,Industrial/Commercial Sales & Service,00010208021002,Modern Group Power Systems, 2501 Durham Road,,Bristol,PA ,19007,USA,www.moderngroup.com,800-404-7291,"Sales,Service,Up To 2MW,Mobile/Diesel/Gas,Training,Rental,"
11953,Industrial/Commercial Sales & Service,00010001731002,Authorized Services Of New England, 410 Forest Street,,Marlborough,MA ,01752,USA,www.asne.com,888-890-9886,"Financing,Sales,Service,Up To 2MW,Mobile/Diesel/Gas,Training,Rental,"
11953,Industrial/Commercial Sales & Service,00010008091002,MODERN HANDLING EQUIP, 75 NEW STREET,,EDISON,NJ ,08837,USA,www.moderngroup.com,800-779-5116,"Sales,Service,Up To 2MW,Mobile/Diesel/Gas,"
11953,Industrial/Commercial Sales & Service,00010001731002,AUTHORIZED SERVICES OF NEW ENGLAND, 410 FOREST STREET,,MARLBOROUGH,MA ,01752,USA,,888-890-9886,"Sales,"
11953,Industrial/Commercial Sales & Service,00010000931002,"EMERGENCY POWER SYSTEMS, LLC", 35 HAMILTON LANE,,GLENMONT,NY ,12077,USA,,800-914-1465,"Service,Up To 2MW,Mobile/Diesel/Gas,"
11953,Industrial/Commercial Sales & Service,00010000931002,"EMERGENCY POWER SYSTEMS, LLC", 35 HAMILTON LANE,,GLENMONT,NY ,12077,USA,,800-914-1465,"Service,"
11953,Industrial/Commercial Sales & Service,00010208021002,Modern Group Power Systems, 200 Allied Parkway,,West Berlin,NJ ,08091,USA,,800-404-7291,"Sales,Service,Up To 2MW,Mobile/Diesel/Gas,"
11953,Industrial/Commercial Sales & Service,00010208021002,Modern Group Power Systems, 6352 Chapmans Rd,,Allentown,PA ,18106,USA,,800-404-7291,"Sales,Service,Up To 2MW,Mobile/Diesel/Gas,"
11953,Industrial/Commercial Sales & Service,00010208021002,Modern Group Power Systems, 295 New Commerce Blvd.,,Wilkes Barre,PA ,18706,USA,,800-404-7291,"Sales,Service,Up To 2MW,Mobile/Diesel/Gas,"
11953,Industrial/Commercial Sales & Service,00010208021002,Modern Group Power Systems, 66A South Gate Blvd.,,New Castle,DE ,19720,USA,,800-404-7291,"Sales,Service,Up To 2MW,Mobile/Diesel/Gas,"
11953,Industrial/Commercial Sales & Service,00010139211002,POWERPRO SERVICE CO. INC., 608 JOHNSON AVE. UNIT 6,,BOHEMIA,NY ,11716,USA,,631-567-2700,"Sales,Service,Up To 600kW,Mobile/Diesel/Gas,"
11953,Industrial/Commercial Sales & Service,00111209521002,LONG ISLAND EMERGENCY POWER -QO, 2 Ocean Avenue,,DEER PARK,NY ,11729,USA,,631-586-7513,"Sales,"
11953,Industrial/Commercial Sales & Service,00010001761002,"GENSERVE, INC.", 100 NEWTOWN RD,,PLAINVIEW,NY ,11803,USA,www.genserveinc.com,631-435-0437,"Service,"
11953,Industrial/Commercial Sales & Service,00111209531002,HUNTINGTON POWER - LONG ISLAND, PO BOX 2040,,SHELTON,CT ,06484,USA,,631-586-7513,"Sales,"
11953,Industrial/Commercial Sales & Service,00010134071002,PEAK POWER SYSTEMS, 99 SPRAGUE AVENUE,,MIDDLETOWN,NY ,10940,USA,www.peakpowersystems.com,845-344-1975,"Sales,Service,Up To 600kW,Mobile/Diesel/Gas,Rental,"
11953,Industrial/Commercial Sales & Service,00010001761002,"GENSERVE, INC.", 115A TWINBRIDGE DR.,,PENNSAUKEN,NJ ,08110,USA,www.genserveinc.com,856-324-0459,"Service,"
11953,Industrial/Commercial Sales & Service,00010021101002,SOUTH SHORE GENERATOR INC-Quote, 2696A CRANBERRY HWY,,WAREHAM,MA ,02571,USA,,508-295-7336,"Sales,Service,Up To 600kW,Mobile/Diesel/Gas,"
11953,Industrial/Commercial Sales & Service,00010001701002,SOUTH SHORE GENERATOR INC, ,,EAST WAREHAM,MA ,02538,USA,,508-295-7336,"Financing,Sales,Service,Up To 600kW,Mobile/Diesel/Gas,"
11953,Industrial/Commercial Sales & Service,00010001621002,BROOKFIELD SERVICE, 708 GLEBE ROAD,,WESTMORELAND,NH ,03467,USA,www.brookfieldservice.com,802-485-6567,"Service,Up To 600kW,Mobile/Diesel/Gas,"
11953,Industrial/Commercial Sales & Service,00111207431002,WARSHAUER ELECTRIC SUPPLY CO INC, 800 SHREWSBURY AVE,,TINTON FALLS,NJ ,07724,USA,www.warshauer.com,732-741-6400,"Service,"
11953,Industrial/Commercial Sales & Service,00010157021002,Mechanical Service Co, 1145 Oak St.,,Pittston,PA ,18640,USA,,570-654-2445,"Service,"
11954,Industrial/Commercial Sales & Service,00010214161002,"R.L. KISTLER, INC.", 35 HAMILTON LANE,,GLENMONT,NY ,12077,USA,,585-436-1940,"Sales,Service,"
11954,Industrial/Commercial Sales & Service,00010001611002,Huntington Power, 230 Long Hill Cross Rd,,Shelton,CT ,06484,USA,www.huntingtonpower.com,203-929-3203,"Sales,Service,Up To 2MW,Mobile/Diesel/Gas,Training,Rental,"
11954,Industrial/Commercial Sales & Service,00010214161002,"R.L. Kistler, Inc", 300 Mile Crossing Blvd.,,Rochester,NY ,14624,USA,rlkistler.com,585-436-1940,"Sales,"
11954,Industrial/Commercial Sales & Service,00010214161002,"R.L. Kistler, Inc", 5615 Business Ave.,,N. Syracuse,NY ,13208,USA,,315-458-2875,"Sales,"
11954,Industrial/Commercial Sales & Service,00010001611002,Huntington Power, 68 Enter Ln,,Islandia,NY ,11749,USA,,631-563-4943,"Sales,Service,Up To 2MW,Mobile/Diesel/Gas,"
11954,Industrial/Commercial Sales & Service,00010001611002,Huntington Power, 34 E DUDLEY TOWN RD.,,BLOOMFIELD,CT ,06002,USA,,860-289-8790,"Sales,Service,Rental,"
11954,Industrial/Commercial Sales & Service,00010214161002,"R.L. Kistler, Inc", 5615 Business Ave.,,N. Syracuse,NY ,13208,USA,,315-458-2875,"Sales,"
11954,Industrial/Commercial Sales & Service,00010001731002,Authorized Services Of New England, 410 Forest Street,,Marlborough,MA ,01752,USA,www.asne.com,888-890-9886,"Financing,Sales,Service,Up To 2MW,Mobile/Diesel/Gas,Training,Rental,"
11954,Industrial/Commercial Sales & Service,00010208021002,Modern Group Power Systems, 2501 Durham Road,,Bristol,PA ,19007,USA,www.moderngroup.com,800-404-7291,"Sales,Service,Up To 2MW,Mobile/Diesel/Gas,Training,Rental,"
11954,Industrial/Commercial Sales & Service,00010001731002,AUTHORIZED SERVICES OF NEW ENGLAND, 410 FOREST STREET,,MARLBOROUGH,MA ,01752,USA,,888-890-9886,"Sales,"
11954,Industrial/Commercial Sales & Service,00010008091002,MODERN HANDLING EQUIP, 75 NEW STREET,,EDISON,NJ ,08837,USA,www.moderngroup.com,800-779-5116,"Sales,Service,Up To 2MW,Mobile/Diesel/Gas,"
11954,Industrial/Commercial Sales & Service,00010000931002,"EMERGENCY POWER SYSTEMS, LLC", 35 HAMILTON LANE,,GLENMONT,NY ,12077,USA,,800-914-1465,"Service,Up To 2MW,Mobile/Diesel/Gas,"
11954,Industrial/Commercial Sales & Service,00010000931002,"EMERGENCY POWER SYSTEMS, LLC", 35 HAMILTON LANE,,GLENMONT,NY ,12077,USA,,800-914-1465,"Service,"
11954,Industrial/Commercial Sales & Service,00010208021002,Modern Group Power Systems, 200 Allied Parkway,,West Berlin,NJ ,08091,USA,,800-404-7291,"Sales,Service,Up To 2MW,Mobile/Diesel/Gas,"
11954,Industrial/Commercial Sales & Service,00010208021002,Modern Group Power Systems, 6352 Chapmans Rd,,Allentown,PA ,18106,USA,,800-404-7291,"Sales,Service,Up To 2MW,Mobile/Diesel/Gas,"
11954,Industrial/Commercial Sales & Service,00010139211002,POWERPRO SERVICE CO. INC., 608 JOHNSON AVE. UNIT 6,,BOHEMIA,NY ,11716,USA,,631-567-2700,"Sales,Service,Up To 600kW,Mobile/Diesel/Gas,"
11954,Industrial/Commercial Sales & Service,00111209531002,HUNTINGTON POWER - LONG ISLAND, PO BOX 2040,,SHELTON,CT ,06484,USA,,631-586-7513,"Sales,"
11954,Industrial/Commercial Sales & Service,00111209521002,LONG ISLAND EMERGENCY POWER -QO, 2 Ocean Avenue,,DEER PARK,NY ,11729,USA,,631-586-7513,"Sales,"
11954,Industrial/Commercial Sales & Service,00010021101002,SOUTH SHORE GENERATOR INC-Quote, 2696A CRANBERRY HWY,,WAREHAM,MA ,02571,USA,,508-295-7336,"Sales,Service,Up To 600kW,Mobile/Diesel/Gas,"
11954,Industrial/Commercial Sales & Service,00010001761002,"GENSERVE, INC.", 100 NEWTOWN RD,,PLAINVIEW,NY ,11803,USA,www.genserveinc.com,631-435-0437,"Service,"
11954,Industrial/Commercial Sales & Service,00010001701002,SOUTH SHORE GENERATOR INC, ,,EAST WAREHAM,MA ,02538,USA,,508-295-7336,"Financing,Sales,Service,Up To 600kW,Mobile/Diesel/Gas,"
11954,Industrial/Commercial Sales & Service,00010134071002,PEAK POWER SYSTEMS, 99 SPRAGUE AVENUE,,MIDDLETOWN,NY ,10940,USA,www.peakpowersystems.com,845-344-1975,"Sales,Service,Up To 600kW,Mobile/Diesel/Gas,Rental,"
11954,Industrial/Commercial Sales & Service,00010001621002,BROOKFIELD SERVICE, 708 GLEBE ROAD,,WESTMORELAND,NH ,03467,USA,www.brookfieldservice.com,802-485-6567,"Service,Up To 600kW,Mobile/Diesel/Gas,"
11954,Industrial/Commercial Sales & Service,00010001761002,"GENSERVE, INC.", 115A TWINBRIDGE DR.,,PENNSAUKEN,NJ ,08110,USA,www.genserveinc.com,856-324-0459,"Service,"
11954,Industrial/Commercial Sales & Service,00111207431002,WARSHAUER ELECTRIC SUPPLY CO INC, 800 SHREWSBURY AVE,,TINTON FALLS,NJ ,07724,USA,www.warshauer.com,732-741-6400,"Service,"
11955,Industrial/Commercial Sales & Service,00010001611002,Huntington Power, 230 Long Hill Cross Rd,,Shelton,CT ,06484,USA,www.huntingtonpower.com,203-929-3203,"Sales,Service,Up To 2MW,Mobile/Diesel/Gas,Training,Rental,"
11955,Industrial/Commercial Sales & Service,00010214161002,"R.L. KISTLER, INC.", 35 HAMILTON LANE,,GLENMONT,NY ,12077,USA,,585-436-1940,"Sales,Service,"
11955,Industrial/Commercial Sales & Service,00010214161002,"R.L. Kistler, Inc", 300 Mile Crossing Blvd.,,Rochester,NY ,14624,USA,rlkistler.com,585-436-1940,"Sales,"
11955,Industrial/Commercial Sales & Service,00010001611002,Huntington Power, 68 Enter Ln,,Islandia,NY ,11749,USA,,631-563-4943,"Sales,Service,Up To 2MW,Mobile/Diesel/Gas,"
11955,Industrial/Commercial Sales & Service,00010001611002,Huntington Power, 34 E DUDLEY TOWN RD.,,BLOOMFIELD,CT ,06002,USA,,860-289-8790,"Sales,Service,Rental,"
11955,Industrial/Commercial Sales & Service,00010214161002,"R.L. Kistler, Inc", 5615 Business Ave.,,N. Syracuse,NY ,13208,USA,,315-458-2875,"Sales,"
11955,Industrial/Commercial Sales & Service,00010214161002,"R.L. Kistler, Inc", 5615 Business Ave.,,N. Syracuse,NY ,13208,USA,,315-458-2875,"Sales,"
11955,Industrial/Commercial Sales & Service,00010208021002,Modern Group Power Systems, 2501 Durham Road,,Bristol,PA ,19007,USA,www.moderngroup.com,800-404-7291,"Sales,Service,Up To 2MW,Mobile/Diesel/Gas,Training,Rental,"
11955,Industrial/Commercial Sales & Service,00010001731002,Authorized Services Of New England, 410 Forest Street,,Marlborough,MA ,01752,USA,www.asne.com,888-890-9886,"Financing,Sales,Service,Up To 2MW,Mobile/Diesel/Gas,Training,Rental,"
11955,Industrial/Commercial Sales & Service,00010008091002,MODERN HANDLING EQUIP, 75 NEW STREET,,EDISON,NJ ,08837,USA,www.moderngroup.com,800-779-5116,"Sales,Service,Up To 2MW,Mobile/Diesel/Gas,"
11955,Industrial/Commercial Sales & Service,00010001731002,AUTHORIZED SERVICES OF NEW ENGLAND, 410 FOREST STREET,,MARLBOROUGH,MA ,01752,USA,,888-890-9886,"Sales,"
11955,Industrial/Commercial Sales & Service,00010208021002,Modern Group Power Systems, 200 Allied Parkway,,West Berlin,NJ ,08091,USA,,800-404-7291,"Sales,Service,Up To 2MW,Mobile/Diesel/Gas,"
11955,Industrial/Commercial Sales & Service,00010000931002,"EMERGENCY POWER SYSTEMS, LLC", 35 HAMILTON LANE,,GLENMONT,NY ,12077,USA,,800-914-1465,"Service,Up To 2MW,Mobile/Diesel/Gas,"
11955,Industrial/Commercial Sales & Service,00010000931002,"EMERGENCY POWER SYSTEMS, LLC", 35 HAMILTON LANE,,GLENMONT,NY ,12077,USA,,800-914-1465,"Service,"
11955,Industrial/Commercial Sales & Service,00010208021002,Modern Group Power Systems, 6352 Chapmans Rd,,Allentown,PA ,18106,USA,,800-404-7291,"Sales,Service,Up To 2MW,Mobile/Diesel/Gas,"
11955,Industrial/Commercial Sales & Service,00010208021002,Modern Group Power Systems, 295 New Commerce Blvd.,,Wilkes Barre,PA ,18706,USA,,800-404-7291,"Sales,Service,Up To 2MW,Mobile/Diesel/Gas,"
11955,Industrial/Commercial Sales & Service,00010208021002,Modern Group Power Systems, 66A South Gate Blvd.,,New Castle,DE ,19720,USA,,800-404-7291,"Sales,Service,Up To 2MW,Mobile/Diesel/Gas,"
11955,Industrial/Commercial Sales & Service,00010139211002,POWERPRO SERVICE CO. INC., 608 JOHNSON AVE. UNIT 6,,BOHEMIA,NY ,11716,USA,,631-567-2700,"Sales,Service,Up To 600kW,Mobile/Diesel/Gas,"
11955,Industrial/Commercial Sales & Service,00111209521002,LONG ISLAND EMERGENCY POWER -QO, 2 Ocean Avenue,,DEER PARK,NY ,11729,USA,,631-586-7513,"Sales,"
11955,Industrial/Commercial Sales & Service,00010001761002,"GENSERVE, INC.", 100 NEWTOWN RD,,PLAINVIEW,NY ,11803,USA,www.genserveinc.com,631-435-0437,"Service,"
11955,Industrial/Commercial Sales & Service,00111209531002,HUNTINGTON POWER - LONG ISLAND, PO BOX 2040,,SHELTON,CT ,06484,USA,,631-586-7513,"Sales,"
11955,Industrial/Commercial Sales & Service,00010134071002,PEAK POWER SYSTEMS, 99 SPRAGUE AVENUE,,MIDDLETOWN,NY ,10940,USA,www.peakpowersystems.com,845-344-1975,"Sales,Service,Up To 600kW,Mobile/Diesel/Gas,Rental,"
11955,Industrial/Commercial Sales & Service,00010021101002,SOUTH SHORE GENERATOR INC-Quote, 2696A CRANBERRY HWY,,WAREHAM,MA ,02571,USA,,508-295-7336,"Sales,Service,Up To 600kW,Mobile/Diesel/Gas,"
11955,Industrial/Commercial Sales & Service,00010001701002,SOUTH SHORE GENERATOR INC, ,,EAST WAREHAM,MA ,02538,USA,,508-295-7336,"Financing,Sales,Service,Up To 600kW,Mobile/Diesel/Gas,"
11955,Industrial/Commercial Sales & Service,00010001761002,"GENSERVE, INC.", 115A TWINBRIDGE DR.,,PENNSAUKEN,NJ ,08110,USA,www.genserveinc.com,856-324-0459,"Service,"
11955,Industrial/Commercial Sales & Service,00010001621002,BROOKFIELD SERVICE, 708 GLEBE ROAD,,WESTMORELAND,NH ,03467,USA,www.brookfieldservice.com,802-485-6567,"Service,Up To 600kW,Mobile/Diesel/Gas,"
11955,Industrial/Commercial Sales & Service,00111207431002,WARSHAUER ELECTRIC SUPPLY CO INC, 800 SHREWSBURY AVE,,TINTON FALLS,NJ ,07724,USA,www.warshauer.com,732-741-6400,"Service,"
11955,Industrial/Commercial Sales & Service,00010157021002,Mechanical Service Co, 1145 Oak St.,,Pittston,PA ,18640,USA,,570-654-2445,"Service,"
11956,Industrial/Commercial Sales & Service,00010001611002,Huntington Power, 230 Long Hill Cross Rd,,Shelton,CT ,06484,USA,www.huntingtonpower.com,203-929-3203,"Sales,Service,Up To 2MW,Mobile/Diesel/Gas,Training,Rental,"
11956,Industrial/Commercial Sales & Service,00010214161002,"R.L. KISTLER, INC.", 35 HAMILTON LANE,,GLENMONT,NY ,12077,USA,,585-436-1940,"Sales,Service,"
11956,Industrial/Commercial Sales & Service,00010214161002,"R.L. Kistler, Inc", 300 Mile Crossing Blvd.,,Rochester,NY ,14624,USA,rlkistler.com,585-436-1940,"Sales,"
11956,Industrial/Commercial Sales & Service,00010001611002,Huntington Power, 68 Enter Ln,,Islandia,NY ,11749,USA,,631-563-4943,"Sales,Service,Up To 2MW,Mobile/Diesel/Gas,"
11956,Industrial/Commercial Sales & Service,00010001611002,Huntington Power, 34 E DUDLEY TOWN RD.,,BLOOMFIELD,CT ,06002,USA,,860-289-8790,"Sales,Service,Rental,"
11956,Industrial/Commercial Sales & Service,00010214161002,"R.L. Kistler, Inc", 5615 Business Ave.,,N. Syracuse,NY ,13208,USA,,315-458-2875,"Sales,"
11956,Industrial/Commercial Sales & Service,00010214161002,"R.L. Kistler, Inc", 5615 Business Ave.,,N. Syracuse,NY ,13208,USA,,315-458-2875,"Sales,"
11956,Industrial/Commercial Sales & Service,00010001731002,Authorized Services Of New England, 410 Forest Street,,Marlborough,MA ,01752,USA,www.asne.com,888-890-9886,"Financing,Sales,Service,Up To 2MW,Mobile/Diesel/Gas,Training,Rental,"
11956,Industrial/Commercial Sales & Service,00010208021002,Modern Group Power Systems, 2501 Durham Road,,Bristol,PA ,19007,USA,www.moderngroup.com,800-404-7291,"Sales,Service,Up To 2MW,Mobile/Diesel/Gas,Training,Rental,"
11956,Industrial/Commercial Sales & Service,00010008091002,MODERN HANDLING EQUIP, 75 NEW STREET,,EDISON,NJ ,08837,USA,www.moderngroup.com,800-779-5116,"Sales,Service,Up To 2MW,Mobile/Diesel/Gas,"
11956,Industrial/Commercial Sales & Service,00010001731002,AUTHORIZED SERVICES OF NEW ENGLAND, 410 FOREST STREET,,MARLBOROUGH,MA ,01752,USA,,888-890-9886,"Sales,"
11956,Industrial/Commercial Sales & Service,00010000931002,"EMERGENCY POWER SYSTEMS, LLC", 35 HAMILTON LANE,,GLENMONT,NY ,12077,USA,,800-914-1465,"Service,Up To 2MW,Mobile/Diesel/Gas,"
11956,Industrial/Commercial Sales & Service,00010000931002,"EMERGENCY POWER SYSTEMS, LLC", 35 HAMILTON LANE,,GLENMONT,NY ,12077,USA,,800-914-1465,"Service,"
11956,Industrial/Commercial Sales & Service,00010208021002,Modern Group Power Systems, 200 Allied Parkway,,West Berlin,NJ ,08091,USA,,800-404-7291,"Sales,Service,Up To 2MW,Mobile/Diesel/Gas,"
11956,Industrial/Commercial Sales & Service,00010208021002,Modern Group Power Systems, 6352 Chapmans Rd,,Allentown,PA ,18106,USA,,800-404-7291,"Sales,Service,Up To 2MW,Mobile/Diesel/Gas,"
11956,Industrial/Commercial Sales & Service,00010208021002,Modern Group Power Systems, 295 New Commerce Blvd.,,Wilkes Barre,PA ,18706,USA,,800-404-7291,"Sales,Service,Up To 2MW,Mobile/Diesel/Gas,"
11956,Industrial/Commercial Sales & Service,00010208021002,Modern Group Power Systems, 66A South Gate Blvd.,,New Castle,DE ,19720,USA,,800-404-7291,"Sales,Service,Up To 2MW,Mobile/Diesel/Gas,"
11956,Industrial/Commercial Sales & Service,00010139211002,POWERPRO SERVICE CO. INC., 608 JOHNSON AVE. UNIT 6,,BOHEMIA,NY ,11716,USA,,631-567-2700,"Sales,Service,Up To 600kW,Mobile/Diesel/Gas,"
11956,Industrial/Commercial Sales & Service,00111209531002,HUNTINGTON POWER - LONG ISLAND, PO BOX 2040,,SHELTON,CT ,06484,USA,,631-586-7513,"Sales,"
11956,Industrial/Commercial Sales & Service,00111209521002,LONG ISLAND EMERGENCY POWER -QO, 2 Ocean Avenue,,DEER PARK,NY ,11729,USA,,631-586-7513,"Sales,"
11956,Industrial/Commercial Sales & Service,00010001761002,"GENSERVE, INC.", 100 NEWTOWN RD,,PLAINVIEW,NY ,11803,USA,www.genserveinc.com,631-435-0437,"Service,"
11956,Industrial/Commercial Sales & Service,00010021101002,SOUTH SHORE GENERATOR INC-Quote, 2696A CRANBERRY HWY,,WAREHAM,MA ,02571,USA,,508-295-7336,"Sales,Service,Up To 600kW,Mobile/Diesel/Gas,"
11956,Industrial/Commercial Sales & Service,00010134071002,PEAK POWER SYSTEMS, 99 SPRAGUE AVENUE,,MIDDLETOWN,NY ,10940,USA,www.peakpowersystems.com,845-344-1975,"Sales,Service,Up To 600kW,Mobile/Diesel/Gas,Rental,"
11956,Industrial/Commercial Sales & Service,00010001701002,SOUTH SHORE GENERATOR INC, ,,EAST WAREHAM,MA ,02538,USA,,508-295-7336,"Financing,Sales,Service,Up To 600kW,Mobile/Diesel/Gas,"
11956,Industrial/Commercial Sales & Service,00010001621002,BROOKFIELD SERVICE, 708 GLEBE ROAD,,WESTMORELAND,NH ,03467,USA,www.brookfieldservice.com,802-485-6567,"Service,Up To 600kW,Mobile/Diesel/Gas,"
11956,Industrial/Commercial Sales & Service,00010001761002,"GENSERVE, INC.", 115A TWINBRIDGE DR.,,PENNSAUKEN,NJ ,08110,USA,www.genserveinc.com,856-324-0459,"Service,"
11956,Industrial/Commercial Sales & Service,00111207431002,WARSHAUER ELECTRIC SUPPLY CO INC, 800 SHREWSBURY AVE,,TINTON FALLS,NJ ,07724,USA,www.warshauer.com,732-741-6400,"Service,"
11956,Industrial/Commercial Sales & Service,00010157021002,Mechanical Service Co, 1145 Oak St.,,Pittston,PA ,18640,USA,,570-654-2445,"Service,"
11957,Industrial/Commercial Sales & Service,00010214161002,"R.L. KISTLER, INC.", 35 HAMILTON LANE,,GLENMONT,NY ,12077,USA,,585-436-1940,"Sales,Service,"
11957,Industrial/Commercial Sales & Service,00010214161002,"R.L. Kistler, Inc", 300 Mile Crossing Blvd.,,Rochester,NY ,14624,USA,rlkistler.com,585-436-1940,"Sales,"
11957,Industrial/Commercial Sales & Service,00010001611002,Huntington Power, 230 Long Hill Cross Rd,,Shelton,CT ,06484,USA,www.huntingtonpower.com,203-929-3203,"Sales,Service,Up To 2MW,Mobile/Diesel/Gas,Training,Rental,"
11957,Industrial/Commercial Sales & Service,00010214161002,"R.L. Kistler, Inc", 5615 Business Ave.,,N. Syracuse,NY ,13208,USA,,315-458-2875,"Sales,"
11957,Industrial/Commercial Sales & Service,00010214161002,"R.L. Kistler, Inc", 5615 Business Ave.,,N. Syracuse,NY ,13208,USA,,315-458-2875,"Sales,"
11957,Industrial/Commercial Sales & Service,00010001611002,Huntington Power, 68 Enter Ln,,Islandia,NY ,11749,USA,,631-563-4943,"Sales,Service,Up To 2MW,Mobile/Diesel/Gas,"
11957,Industrial/Commercial Sales & Service,00010001611002,Huntington Power, 34 E DUDLEY TOWN RD.,,BLOOMFIELD,CT ,06002,USA,,860-289-8790,"Sales,Service,Rental,"
11957,Industrial/Commercial Sales & Service,00010001731002,Authorized Services Of New England, 410 Forest Street,,Marlborough,MA ,01752,USA,www.asne.com,888-890-9886,"Financing,Sales,Service,Up To 2MW,Mobile/Diesel/Gas,Training,Rental,"
11957,Industrial/Commercial Sales & Service,00010208021002,Modern Group Power Systems, 2501 Durham Road,,Bristol,PA ,19007,USA,www.moderngroup.com,800-404-7291,"Sales,Service,Up To 2MW,Mobile/Diesel/Gas,Training,Rental,"
11957,Industrial/Commercial Sales & Service,00010008091002,MODERN HANDLING EQUIP, 75 NEW STREET,,EDISON,NJ ,08837,USA,www.moderngroup.com,800-779-5116,"Sales,Service,Up To 2MW,Mobile/Diesel/Gas,"
11957,Industrial/Commercial Sales & Service,00010001731002,AUTHORIZED SERVICES OF NEW ENGLAND, 410 FOREST STREET,,MARLBOROUGH,MA ,01752,USA,,888-890-9886,"Sales,"
11957,Industrial/Commercial Sales & Service,00010000931002,"EMERGENCY POWER SYSTEMS, LLC", 35 HAMILTON LANE,,GLENMONT,NY ,12077,USA,,800-914-1465,"Service,Up To 2MW,Mobile/Diesel/Gas,"
11957,Industrial/Commercial Sales & Service,00010000931002,"EMERGENCY POWER SYSTEMS, LLC", 35 HAMILTON LANE,,GLENMONT,NY ,12077,USA,,800-914-1465,"Service,"
11957,Industrial/Commercial Sales & Service,00010208021002,Modern Group Power Systems, 200 Allied Parkway,,West Berlin,NJ ,08091,USA,,800-404-7291,"Sales,Service,Up To 2MW,Mobile/Diesel/Gas,"
11957,Industrial/Commercial Sales & Service,00010208021002,Modern Group Power Systems, 6352 Chapmans Rd,,Allentown,PA ,18106,USA,,800-404-7291,"Sales,Service,Up To 2MW,Mobile/Diesel/Gas,"
11957,Industrial/Commercial Sales & Service,00010208021002,Modern Group Power Systems, 295 New Commerce Blvd.,,Wilkes Barre,PA ,18706,USA,,800-404-7291,"Sales,Service,Up To 2MW,Mobile/Diesel/Gas,"
11957,Industrial/Commercial Sales & Service,00010208021002,Modern Group Power Systems, 66A South Gate Blvd.,,New Castle,DE ,19720,USA,,800-404-7291,"Sales,Service,Up To 2MW,Mobile/Diesel/Gas,"
11957,Industrial/Commercial Sales & Service,00010139211002,POWERPRO SERVICE CO. INC., 608 JOHNSON AVE. UNIT 6,,BOHEMIA,NY ,11716,USA,,631-567-2700,"Sales,Service,Up To 600kW,Mobile/Diesel/Gas,"
11957,Industrial/Commercial Sales & Service,00111209531002,HUNTINGTON POWER - LONG ISLAND, PO BOX 2040,,SHELTON,CT ,06484,USA,,631-586-7513,"Sales,"
11957,Industrial/Commercial Sales & Service,00111209521002,LONG ISLAND EMERGENCY POWER -QO, 2 Ocean Avenue,,DEER PARK,NY ,11729,USA,,631-586-7513,"Sales,"
11957,Industrial/Commercial Sales & Service,00010001761002,"GENSERVE, INC.", 100 NEWTOWN RD,,PLAINVIEW,NY ,11803,USA,www.genserveinc.com,631-435-0437,"Service,"
11957,Industrial/Commercial Sales & Service,00010134071002,PEAK POWER SYSTEMS, 99 SPRAGUE AVENUE,,MIDDLETOWN,NY ,10940,USA,www.peakpowersystems.com,845-344-1975,"Sales,Service,Up To 600kW,Mobile/Diesel/Gas,Rental,"
11957,Industrial/Commercial Sales & Service,00010021101002,SOUTH SHORE GENERATOR INC-Quote, 2696A CRANBERRY HWY,,WAREHAM,MA ,02571,USA,,508-295-7336,"Sales,Service,Up To 600kW,Mobile/Diesel/Gas,"
11957,Industrial/Commercial Sales & Service,00010001701002,SOUTH SHORE GENERATOR INC, ,,EAST WAREHAM,MA ,02538,USA,,508-295-7336,"Financing,Sales,Service,Up To 600kW,Mobile/Diesel/Gas,"
11957,Industrial/Commercial Sales & Service,00010001621002,BROOKFIELD SERVICE, 708 GLEBE ROAD,,WESTMORELAND,NH ,03467,USA,www.brookfieldservice.com,802-485-6567,"Service,Up To 600kW,Mobile/Diesel/Gas,"
11957,Industrial/Commercial Sales & Service,00010001761002,"GENSERVE, INC.", 115A TWINBRIDGE DR.,,PENNSAUKEN,NJ ,08110,USA,www.genserveinc.com,856-324-0459,"Service,"
11957,Industrial/Commercial Sales & Service,00111207431002,WARSHAUER ELECTRIC SUPPLY CO INC, 800 SHREWSBURY AVE,,TINTON FALLS,NJ ,07724,USA,www.warshauer.com,732-741-6400,"Service,"
11957,Industrial/Commercial Sales & Service,00010157021002,Mechanical Service Co, 1145 Oak St.,,Pittston,PA ,18640,USA,,570-654-2445,"Service,"
11958,Industrial/Commercial Sales & Service,00010214161002,"R.L. KISTLER, INC.", 35 HAMILTON LANE,,GLENMONT,NY ,12077,USA,,585-436-1940,"Sales,Service,"
11958,Industrial/Commercial Sales & Service,00010214161002,"R.L. Kistler, Inc", 300 Mile Crossing Blvd.,,Rochester,NY ,14624,USA,rlkistler.com,585-436-1940,"Sales,"
11958,Industrial/Commercial Sales & Service,00010001611002,Huntington Power, 230 Long Hill Cross Rd,,Shelton,CT ,06484,USA,www.huntingtonpower.com,203-929-3203,"Sales,Service,Up To 2MW,Mobile/Diesel/Gas,Training,Rental,"
11958,Industrial/Commercial Sales & Service,00010214161002,"R.L. Kistler, Inc", 5615 Business Ave.,,N. Syracuse,NY ,13208,USA,,315-458-2875,"Sales,"
11958,Industrial/Commercial Sales & Service,00010214161002,"R.L. Kistler, Inc", 5615 Business Ave.,,N. Syracuse,NY ,13208,USA,,315-458-2875,"Sales,"
11958,Industrial/Commercial Sales & Service,00010001611002,Huntington Power, 68 Enter Ln,,Islandia,NY ,11749,USA,,631-563-4943,"Sales,Service,Up To 2MW,Mobile/Diesel/Gas,"
11958,Industrial/Commercial Sales & Service,00010001611002,Huntington Power, 34 E DUDLEY TOWN RD.,,BLOOMFIELD,CT ,06002,USA,,860-289-8790,"Sales,Service,Rental,"
11958,Industrial/Commercial Sales & Service,00010001731002,Authorized Services Of New England, 410 Forest Street,,Marlborough,MA ,01752,USA,www.asne.com,888-890-9886,"Financing,Sales,Service,Up To 2MW,Mobile/Diesel/Gas,Training,Rental,"
11958,Industrial/Commercial Sales & Service,00010208021002,Modern Group Power Systems, 2501 Durham Road,,Bristol,PA ,19007,USA,www.moderngroup.com,800-404-7291,"Sales,Service,Up To 2MW,Mobile/Diesel/Gas,Training,Rental,"
11958,Industrial/Commercial Sales & Service,00010001731002,AUTHORIZED SERVICES OF NEW ENGLAND, 410 FOREST STREET,,MARLBOROUGH,MA ,01752,USA,,888-890-9886,"Sales,"
11958,Industrial/Commercial Sales & Service,00010008091002,MODERN HANDLING EQUIP, 75 NEW STREET,,EDISON,NJ ,08837,USA,www.moderngroup.com,800-779-5116,"Sales,Service,Up To 2MW,Mobile/Diesel/Gas,"
11958,Industrial/Commercial Sales & Service,00010000931002,"EMERGENCY POWER SYSTEMS, LLC", 35 HAMILTON LANE,,GLENMONT,NY ,12077,USA,,800-914-1465,"Service,Up To 2MW,Mobile/Diesel/Gas,"
11958,Industrial/Commercial Sales & Service,00010000931002,"EMERGENCY POWER SYSTEMS, LLC", 35 HAMILTON LANE,,GLENMONT,NY ,12077,USA,,800-914-1465,"Service,"
11958,Industrial/Commercial Sales & Service,00010208021002,Modern Group Power Systems, 200 Allied Parkway,,West Berlin,NJ ,08091,USA,,800-404-7291,"Sales,Service,Up To 2MW,Mobile/Diesel/Gas,"
11958,Industrial/Commercial Sales & Service,00010208021002,Modern Group Power Systems, 6352 Chapmans Rd,,Allentown,PA ,18106,USA,,800-404-7291,"Sales,Service,Up To 2MW,Mobile/Diesel/Gas,"
11958,Industrial/Commercial Sales & Service,00010208021002,Modern Group Power Systems, 295 New Commerce Blvd.,,Wilkes Barre,PA ,18706,USA,,800-404-7291,"Sales,Service,Up To 2MW,Mobile/Diesel/Gas,"
11958,Industrial/Commercial Sales & Service,00010208021002,Modern Group Power Systems, 66A South Gate Blvd.,,New Castle,DE ,19720,USA,,800-404-7291,"Sales,Service,Up To 2MW,Mobile/Diesel/Gas,"
11958,Industrial/Commercial Sales & Service,00010139211002,POWERPRO SERVICE CO. INC., 608 JOHNSON AVE. UNIT 6,,BOHEMIA,NY ,11716,USA,,631-567-2700,"Sales,Service,Up To 600kW,Mobile/Diesel/Gas,"
11958,Industrial/Commercial Sales & Service,00111209531002,HUNTINGTON POWER - LONG ISLAND, PO BOX 2040,,SHELTON,CT ,06484,USA,,631-586-7513,"Sales,"
11958,Industrial/Commercial Sales & Service,00111209521002,LONG ISLAND EMERGENCY POWER -QO, 2 Ocean Avenue,,DEER PARK,NY ,11729,USA,,631-586-7513,"Sales,"
11958,Industrial/Commercial Sales & Service,00010001761002,"GENSERVE, INC.", 100 NEWTOWN RD,,PLAINVIEW,NY ,11803,USA,www.genserveinc.com,631-435-0437,"Service,"
11958,Industrial/Commercial Sales & Service,00010021101002,SOUTH SHORE GENERATOR INC-Quote, 2696A CRANBERRY HWY,,WAREHAM,MA ,02571,USA,,508-295-7336,"Sales,Service,Up To 600kW,Mobile/Diesel/Gas,"
11958,Industrial/Commercial Sales & Service,00010134071002,PEAK POWER SYSTEMS, 99 SPRAGUE AVENUE,,MIDDLETOWN,NY ,10940,USA,www.peakpowersystems.com,845-344-1975,"Sales,Service,Up To 600kW,Mobile/Diesel/Gas,Rental,"
11958,Industrial/Commercial Sales & Service,00010001701002,SOUTH SHORE GENERATOR INC, ,,EAST WAREHAM,MA ,02538,USA,,508-295-7336,"Financing,Sales,Service,Up To 600kW,Mobile/Diesel/Gas,"
11958,Industrial/Commercial Sales & Service,00010001621002,BROOKFIELD SERVICE, 708 GLEBE ROAD,,WESTMORELAND,NH ,03467,USA,www.brookfieldservice.com,802-485-6567,"Service,Up To 600kW,Mobile/Diesel/Gas,"
11958,Industrial/Commercial Sales & Service,00010001761002,"GENSERVE, INC.", 115A TWINBRIDGE DR.,,PENNSAUKEN,NJ ,08110,USA,www.genserveinc.com,856-324-0459,"Service,"
11958,Industrial/Commercial Sales & Service,00111207431002,WARSHAUER ELECTRIC SUPPLY CO INC, 800 SHREWSBURY AVE,,TINTON FALLS,NJ ,07724,USA,www.warshauer.com,732-741-6400,"Service,"
11958,Industrial/Commercial Sales & Service,00010157021002,Mechanical Service Co, 1145 Oak St.,,Pittston,PA ,18640,USA,,570-654-2445,"Service,"
11959,Industrial/Commercial Sales & Service,00010214161002,"R.L. KISTLER, INC.", 35 HAMILTON LANE,,GLENMONT,NY ,12077,USA,,585-436-1940,"Sales,Service,"
11959,Industrial/Commercial Sales & Service,00010214161002,"R.L. Kistler, Inc", 300 Mile Crossing Blvd.,,Rochester,NY ,14624,USA,rlkistler.com,585-436-1940,"Sales,"
11959,Industrial/Commercial Sales & Service,00010001611002,Huntington Power, 230 Long Hill Cross Rd,,Shelton,CT ,06484,USA,www.huntingtonpower.com,203-929-3203,"Sales,Service,Up To 2MW,Mobile/Diesel/Gas,Training,Rental,"
11959,Industrial/Commercial Sales & Service,00010214161002,"R.L. Kistler, Inc", 5615 Business Ave.,,N. Syracuse,NY ,13208,USA,,315-458-2875,"Sales,"
11959,Industrial/Commercial Sales & Service,00010214161002,"R.L. Kistler, Inc", 5615 Business Ave.,,N. Syracuse,NY ,13208,USA,,315-458-2875,"Sales,"
11959,Industrial/Commercial Sales & Service,00010001611002,Huntington Power, 68 Enter Ln,,Islandia,NY ,11749,USA,,631-563-4943,"Sales,Service,Up To 2MW,Mobile/Diesel/Gas,"
11959,Industrial/Commercial Sales & Service,00010001611002,Huntington Power, 34 E DUDLEY TOWN RD.,,BLOOMFIELD,CT ,06002,USA,,860-289-8790,"Sales,Service,Rental,"
11959,Industrial/Commercial Sales & Service,00010001731002,Authorized Services Of New England, 410 Forest Street,,Marlborough,MA ,01752,USA,www.asne.com,888-890-9886,"Financing,Sales,Service,Up To 2MW,Mobile/Diesel/Gas,Training,Rental,"
11959,Industrial/Commercial Sales & Service,00010208021002,Modern Group Power Systems, 2501 Durham Road,,Bristol,PA ,19007,USA,www.moderngroup.com,800-404-7291,"Sales,Service,Up To 2MW,Mobile/Diesel/Gas,Training,Rental,"
11959,Industrial/Commercial Sales & Service,00010008091002,MODERN HANDLING EQUIP, 75 NEW STREET,,EDISON,NJ ,08837,USA,www.moderngroup.com,800-779-5116,"Sales,Service,Up To 2MW,Mobile/Diesel/Gas,"
11959,Industrial/Commercial Sales & Service,00010001731002,AUTHORIZED SERVICES OF NEW ENGLAND, 410 FOREST STREET,,MARLBOROUGH,MA ,01752,USA,,888-890-9886,"Sales,"
11959,Industrial/Commercial Sales & Service,00010000931002,"EMERGENCY POWER SYSTEMS, LLC", 35 HAMILTON LANE,,GLENMONT,NY ,12077,USA,,800-914-1465,"Service,Up To 2MW,Mobile/Diesel/Gas,"
11959,Industrial/Commercial Sales & Service,00010000931002,"EMERGENCY POWER SYSTEMS, LLC", 35 HAMILTON LANE,,GLENMONT,NY ,12077,USA,,800-914-1465,"Service,"
11959,Industrial/Commercial Sales & Service,00010208021002,Modern Group Power Systems, 200 Allied Parkway,,West Berlin,NJ ,08091,USA,,800-404-7291,"Sales,Service,Up To 2MW,Mobile/Diesel/Gas,"
11959,Industrial/Commercial Sales & Service,00010208021002,Modern Group Power Systems, 6352 Chapmans Rd,,Allentown,PA ,18106,USA,,800-404-7291,"Sales,Service,Up To 2MW,Mobile/Diesel/Gas,"
11959,Industrial/Commercial Sales & Service,00010208021002,Modern Group Power Systems, 295 New Commerce Blvd.,,Wilkes Barre,PA ,18706,USA,,800-404-7291,"Sales,Service,Up To 2MW,Mobile/Diesel/Gas,"
11959,Industrial/Commercial Sales & Service,00010208021002,Modern Group Power Systems, 66A South Gate Blvd.,,New Castle,DE ,19720,USA,,800-404-7291,"Sales,Service,Up To 2MW,Mobile/Diesel/Gas,"
11959,Industrial/Commercial Sales & Service,00010139211002,POWERPRO SERVICE CO. INC., 608 JOHNSON AVE. UNIT 6,,BOHEMIA,NY ,11716,USA,,631-567-2700,"Sales,Service,Up To 600kW,Mobile/Diesel/Gas,"
11959,Industrial/Commercial Sales & Service,00111209521002,LONG ISLAND EMERGENCY POWER -QO, 2 Ocean Avenue,,DEER PARK,NY ,11729,USA,,631-586-7513,"Sales,"
11959,Industrial/Commercial Sales & Service,00111209531002,HUNTINGTON POWER - LONG ISLAND, PO BOX 2040,,SHELTON,CT ,06484,USA,,631-586-7513,"Sales,"
11959,Industrial/Commercial Sales & Service,00010001761002,"GENSERVE, INC.", 100 NEWTOWN RD,,PLAINVIEW,NY ,11803,USA,www.genserveinc.com,631-435-0437,"Service,"
11959,Industrial/Commercial Sales & Service,00010134071002,PEAK POWER SYSTEMS, 99 SPRAGUE AVENUE,,MIDDLETOWN,NY ,10940,USA,www.peakpowersystems.com,845-344-1975,"Sales,Service,Up To 600kW,Mobile/Diesel/Gas,Rental,"
11959,Industrial/Commercial Sales & Service,00010021101002,SOUTH SHORE GENERATOR INC-Quote, 2696A CRANBERRY HWY,,WAREHAM,MA ,02571,USA,,508-295-7336,"Sales,Service,Up To 600kW,Mobile/Diesel/Gas,"
11959,Industrial/Commercial Sales & Service,00010001701002,SOUTH SHORE GENERATOR INC, ,,EAST WAREHAM,MA ,02538,USA,,508-295-7336,"Financing,Sales,Service,Up To 600kW,Mobile/Diesel/Gas,"
11959,Industrial/Commercial Sales & Service,00010001761002,"GENSERVE, INC.", 115A TWINBRIDGE DR.,,PENNSAUKEN,NJ ,08110,USA,www.genserveinc.com,856-324-0459,"Service,"
11959,Industrial/Commercial Sales & Service,00010001621002,BROOKFIELD SERVICE, 708 GLEBE ROAD,,WESTMORELAND,NH ,03467,USA,www.brookfieldservice.com,802-485-6567,"Service,Up To 600kW,Mobile/Diesel/Gas,"
11959,Industrial/Commercial Sales & Service,00111207431002,WARSHAUER ELECTRIC SUPPLY CO INC, 800 SHREWSBURY AVE,,TINTON FALLS,NJ ,07724,USA,www.warshauer.com,732-741-6400,"Service,"
11959,Industrial/Commercial Sales & Service,00010157021002,Mechanical Service Co, 1145 Oak St.,,Pittston,PA ,18640,USA,,570-654-2445,"Service,"
11960,Industrial/Commercial Sales & Service,00010214161002,"R.L. KISTLER, INC.", 35 HAMILTON LANE,,GLENMONT,NY ,12077,USA,,585-436-1940,"Sales,Service,"
11960,Industrial/Commercial Sales & Service,00010214161002,"R.L. Kistler, Inc", 300 Mile Crossing Blvd.,,Rochester,NY ,14624,USA,rlkistler.com,585-436-1940,"Sales,"
11960,Industrial/Commercial Sales & Service,00010001611002,Huntington Power, 230 Long Hill Cross Rd,,Shelton,CT ,06484,USA,www.huntingtonpower.com,203-929-3203,"Sales,Service,Up To 2MW,Mobile/Diesel/Gas,Training,Rental,"
11960,Industrial/Commercial Sales & Service,00010214161002,"R.L. Kistler, Inc", 5615 Business Ave.,,N. Syracuse,NY ,13208,USA,,315-458-2875,"Sales,"
11960,Industrial/Commercial Sales & Service,00010214161002,"R.L. Kistler, Inc", 5615 Business Ave.,,N. Syracuse,NY ,13208,USA,,315-458-2875,"Sales,"
11960,Industrial/Commercial Sales & Service,00010001611002,Huntington Power, 68 Enter Ln,,Islandia,NY ,11749,USA,,631-563-4943,"Sales,Service,Up To 2MW,Mobile/Diesel/Gas,"
11960,Industrial/Commercial Sales & Service,00010001611002,Huntington Power, 34 E DUDLEY TOWN RD.,,BLOOMFIELD,CT ,06002,USA,,860-289-8790,"Sales,Service,Rental,"
11960,Industrial/Commercial Sales & Service,00010001731002,Authorized Services Of New England, 410 Forest Street,,Marlborough,MA ,01752,USA,www.asne.com,888-890-9886,"Financing,Sales,Service,Up To 2MW,Mobile/Diesel/Gas,Training,Rental,"
11960,Industrial/Commercial Sales & Service,00010208021002,Modern Group Power Systems, 2501 Durham Road,,Bristol,PA ,19007,USA,www.moderngroup.com,800-404-7291,"Sales,Service,Up To 2MW,Mobile/Diesel/Gas,Training,Rental,"
11960,Industrial/Commercial Sales & Service,00010008091002,MODERN HANDLING EQUIP, 75 NEW STREET,,EDISON,NJ ,08837,USA,www.moderngroup.com,800-779-5116,"Sales,Service,Up To 2MW,Mobile/Diesel/Gas,"
11960,Industrial/Commercial Sales & Service,00010001731002,AUTHORIZED SERVICES OF NEW ENGLAND, 410 FOREST STREET,,MARLBOROUGH,MA ,01752,USA,,888-890-9886,"Sales,"
11960,Industrial/Commercial Sales & Service,00010000931002,"EMERGENCY POWER SYSTEMS, LLC", 35 HAMILTON LANE,,GLENMONT,NY ,12077,USA,,800-914-1465,"Service,Up To 2MW,Mobile/Diesel/Gas,"
11960,Industrial/Commercial Sales & Service,00010000931002,"EMERGENCY POWER SYSTEMS, LLC", 35 HAMILTON LANE,,GLENMONT,NY ,12077,USA,,800-914-1465,"Service,"
11960,Industrial/Commercial Sales & Service,00010208021002,Modern Group Power Systems, 200 Allied Parkway,,West Berlin,NJ ,08091,USA,,800-404-7291,"Sales,Service,Up To 2MW,Mobile/Diesel/Gas,"
11960,Industrial/Commercial Sales & Service,00010208021002,Modern Group Power Systems, 6352 Chapmans Rd,,Allentown,PA ,18106,USA,,800-404-7291,"Sales,Service,Up To 2MW,Mobile/Diesel/Gas,"
11960,Industrial/Commercial Sales & Service,00010208021002,Modern Group Power Systems, 295 New Commerce Blvd.,,Wilkes Barre,PA ,18706,USA,,800-404-7291,"Sales,Service,Up To 2MW,Mobile/Diesel/Gas,"
11960,Industrial/Commercial Sales & Service,00010208021002,Modern Group Power Systems, 66A South Gate Blvd.,,New Castle,DE ,19720,USA,,800-404-7291,"Sales,Service,Up To 2MW,Mobile/Diesel/Gas,"
11960,Industrial/Commercial Sales & Service,00010139211002,POWERPRO SERVICE CO. INC., 608 JOHNSON AVE. UNIT 6,,BOHEMIA,NY ,11716,USA,,631-567-2700,"Sales,Service,Up To 600kW,Mobile/Diesel/Gas,"
11960,Industrial/Commercial Sales & Service,00111209521002,LONG ISLAND EMERGENCY POWER -QO, 2 Ocean Avenue,,DEER PARK,NY ,11729,USA,,631-586-7513,"Sales,"
11960,Industrial/Commercial Sales & Service,00010001761002,"GENSERVE, INC.", 100 NEWTOWN RD,,PLAINVIEW,NY ,11803,USA,www.genserveinc.com,631-435-0437,"Service,"
11960,Industrial/Commercial Sales & Service,00111209531002,HUNTINGTON POWER - LONG ISLAND, PO BOX 2040,,SHELTON,CT ,06484,USA,,631-586-7513,"Sales,"
11960,Industrial/Commercial Sales & Service,00010134071002,PEAK POWER SYSTEMS, 99 SPRAGUE AVENUE,,MIDDLETOWN,NY ,10940,USA,www.peakpowersystems.com,845-344-1975,"Sales,Service,Up To 600kW,Mobile/Diesel/Gas,Rental,"
11960,Industrial/Commercial Sales & Service,00010021101002,SOUTH SHORE GENERATOR INC-Quote, 2696A CRANBERRY HWY,,WAREHAM,MA ,02571,USA,,508-295-7336,"Sales,Service,Up To 600kW,Mobile/Diesel/Gas,"
11960,Industrial/Commercial Sales & Service,00010001701002,SOUTH SHORE GENERATOR INC, ,,EAST WAREHAM,MA ,02538,USA,,508-295-7336,"Financing,Sales,Service,Up To 600kW,Mobile/Diesel/Gas,"
11960,Industrial/Commercial Sales & Service,00010001761002,"GENSERVE, INC.", 115A TWINBRIDGE DR.,,PENNSAUKEN,NJ ,08110,USA,www.genserveinc.com,856-324-0459,"Service,"
11960,Industrial/Commercial Sales & Service,00010001621002,BROOKFIELD SERVICE, 708 GLEBE ROAD,,WESTMORELAND,NH ,03467,USA,www.brookfieldservice.com,802-485-6567,"Service,Up To 600kW,Mobile/Diesel/Gas,"
11960,Industrial/Commercial Sales & Service,00111207431002,WARSHAUER ELECTRIC SUPPLY CO INC, 800 SHREWSBURY AVE,,TINTON FALLS,NJ ,07724,USA,www.warshauer.com,732-741-6400,"Service,"
11960,Industrial/Commercial Sales & Service,00010157021002,Mechanical Service Co, 1145 Oak St.,,Pittston,PA ,18640,USA,,570-654-2445,"Service,"
11961,Industrial/Commercial Sales & Service,00010001611002,Huntington Power, 230 Long Hill Cross Rd,,Shelton,CT ,06484,USA,www.huntingtonpower.com,203-929-3203,"Sales,Service,Up To 2MW,Mobile/Diesel/Gas,Training,Rental,"
11961,Industrial/Commercial Sales & Service,00010214161002,"R.L. Kistler, Inc", 300 Mile Crossing Blvd.,,Rochester,NY ,14624,USA,rlkistler.com,585-436-1940,"Sales,"
11961,Industrial/Commercial Sales & Service,00010214161002,"R.L. KISTLER, INC.", 35 HAMILTON LANE,,GLENMONT,NY ,12077,USA,,585-436-1940,"Sales,Service,"
11961,Industrial/Commercial Sales & Service,00010001611002,Huntington Power, 68 Enter Ln,,Islandia,NY ,11749,USA,,631-563-4943,"Sales,Service,Up To 2MW,Mobile/Diesel/Gas,"
11961,Industrial/Commercial Sales & Service,00010001611002,Huntington Power, 34 E DUDLEY TOWN RD.,,BLOOMFIELD,CT ,06002,USA,,860-289-8790,"Sales,Service,Rental,"
11961,Industrial/Commercial Sales & Service,00010214161002,"R.L. Kistler, Inc", 5615 Business Ave.,,N. Syracuse,NY ,13208,USA,,315-458-2875,"Sales,"
11961,Industrial/Commercial Sales & Service,00010214161002,"R.L. Kistler, Inc", 5615 Business Ave.,,N. Syracuse,NY ,13208,USA,,315-458-2875,"Sales,"
11961,Industrial/Commercial Sales & Service,00010208021002,Modern Group Power Systems, 2501 Durham Road,,Bristol,PA ,19007,USA,www.moderngroup.com,800-404-7291,"Sales,Service,Up To 2MW,Mobile/Diesel/Gas,Training,Rental,"
11961,Industrial/Commercial Sales & Service,00010001731002,Authorized Services Of New England, 410 Forest Street,,Marlborough,MA ,01752,USA,www.asne.com,888-890-9886,"Financing,Sales,Service,Up To 2MW,Mobile/Diesel/Gas,Training,Rental,"
11961,Industrial/Commercial Sales & Service,00010008091002,MODERN HANDLING EQUIP, 75 NEW STREET,,EDISON,NJ ,08837,USA,www.moderngroup.com,800-779-5116,"Sales,Service,Up To 2MW,Mobile/Diesel/Gas,"
11961,Industrial/Commercial Sales & Service,00010001731002,AUTHORIZED SERVICES OF NEW ENGLAND, 410 FOREST STREET,,MARLBOROUGH,MA ,01752,USA,,888-890-9886,"Sales,"
11961,Industrial/Commercial Sales & Service,00010000931002,"EMERGENCY POWER SYSTEMS, LLC", 35 HAMILTON LANE,,GLENMONT,NY ,12077,USA,,800-914-1465,"Service,Up To 2MW,Mobile/Diesel/Gas,"
11961,Industrial/Commercial Sales & Service,00010000931002,"EMERGENCY POWER SYSTEMS, LLC", 35 HAMILTON LANE,,GLENMONT,NY ,12077,USA,,800-914-1465,"Service,"
11961,Industrial/Commercial Sales & Service,00010208021002,Modern Group Power Systems, 200 Allied Parkway,,West Berlin,NJ ,08091,USA,,800-404-7291,"Sales,Service,Up To 2MW,Mobile/Diesel/Gas,"
11961,Industrial/Commercial Sales & Service,00010208021002,Modern Group Power Systems, 6352 Chapmans Rd,,Allentown,PA ,18106,USA,,800-404-7291,"Sales,Service,Up To 2MW,Mobile/Diesel/Gas,"
11961,Industrial/Commercial Sales & Service,00010208021002,Modern Group Power Systems, 295 New Commerce Blvd.,,Wilkes Barre,PA ,18706,USA,,800-404-7291,"Sales,Service,Up To 2MW,Mobile/Diesel/Gas,"
11961,Industrial/Commercial Sales & Service,00010208021002,Modern Group Power Systems, 66A South Gate Blvd.,,New Castle,DE ,19720,USA,,800-404-7291,"Sales,Service,Up To 2MW,Mobile/Diesel/Gas,"
11961,Industrial/Commercial Sales & Service,00010139211002,POWERPRO SERVICE CO. INC., 608 JOHNSON AVE. UNIT 6,,BOHEMIA,NY ,11716,USA,,631-567-2700,"Sales,Service,Up To 600kW,Mobile/Diesel/Gas,"
11961,Industrial/Commercial Sales & Service,00111209521002,LONG ISLAND EMERGENCY POWER -QO, 2 Ocean Avenue,,DEER PARK,NY ,11729,USA,,631-586-7513,"Sales,"
11961,Industrial/Commercial Sales & Service,00010001761002,"GENSERVE, INC.", 100 NEWTOWN RD,,PLAINVIEW,NY ,11803,USA,www.genserveinc.com,631-435-0437,"Service,"
11961,Industrial/Commercial Sales & Service,00111209531002,HUNTINGTON POWER - LONG ISLAND, PO BOX 2040,,SHELTON,CT ,06484,USA,,631-586-7513,"Sales,"
11961,Industrial/Commercial Sales & Service,00010134071002,PEAK POWER SYSTEMS, 99 SPRAGUE AVENUE,,MIDDLETOWN,NY ,10940,USA,www.peakpowersystems.com,845-344-1975,"Sales,Service,Up To 600kW,Mobile/Diesel/Gas,Rental,"
11961,Industrial/Commercial Sales & Service,00010021101002,SOUTH SHORE GENERATOR INC-Quote, 2696A CRANBERRY HWY,,WAREHAM,MA ,02571,USA,,508-295-7336,"Sales,Service,Up To 600kW,Mobile/Diesel/Gas,"
11961,Industrial/Commercial Sales & Service,00010001701002,SOUTH SHORE GENERATOR INC, ,,EAST WAREHAM,MA ,02538,USA,,508-295-7336,"Financing,Sales,Service,Up To 600kW,Mobile/Diesel/Gas,"
11961,Industrial/Commercial Sales & Service,00010001761002,"GENSERVE, INC.", 115A TWINBRIDGE DR.,,PENNSAUKEN,NJ ,08110,USA,www.genserveinc.com,856-324-0459,"Service,"
11961,Industrial/Commercial Sales & Service,00010001621002,BROOKFIELD SERVICE, 708 GLEBE ROAD,,WESTMORELAND,NH ,03467,USA,www.brookfieldservice.com,802-485-6567,"Service,Up To 600kW,Mobile/Diesel/Gas,"
11961,Industrial/Commercial Sales & Service,00111207431002,WARSHAUER ELECTRIC SUPPLY CO INC, 800 SHREWSBURY AVE,,TINTON FALLS,NJ ,07724,USA,www.warshauer.com,732-741-6400,"Service,"
11961,Industrial/Commercial Sales & Service,00010157021002,Mechanical Service Co, 1145 Oak St.,,Pittston,PA ,18640,USA,,570-654-2445,"Service,"
11962,Industrial/Commercial Sales & Service,00010001611002,Huntington Power, 230 Long Hill Cross Rd,,Shelton,CT ,06484,USA,www.huntingtonpower.com,203-929-3203,"Sales,Service,Up To 2MW,Mobile/Diesel/Gas,Training,Rental,"
11962,Industrial/Commercial Sales & Service,00010214161002,"R.L. Kistler, Inc", 300 Mile Crossing Blvd.,,Rochester,NY ,14624,USA,rlkistler.com,585-436-1940,"Sales,"
11962,Industrial/Commercial Sales & Service,00010214161002,"R.L. KISTLER, INC.", 35 HAMILTON LANE,,GLENMONT,NY ,12077,USA,,585-436-1940,"Sales,Service,"
11962,Industrial/Commercial Sales & Service,00010001611002,Huntington Power, 68 Enter Ln,,Islandia,NY ,11749,USA,,631-563-4943,"Sales,Service,Up To 2MW,Mobile/Diesel/Gas,"
11962,Industrial/Commercial Sales & Service,00010001611002,Huntington Power, 34 E DUDLEY TOWN RD.,,BLOOMFIELD,CT ,06002,USA,,860-289-8790,"Sales,Service,Rental,"
11962,Industrial/Commercial Sales & Service,00010214161002,"R.L. Kistler, Inc", 5615 Business Ave.,,N. Syracuse,NY ,13208,USA,,315-458-2875,"Sales,"
11962,Industrial/Commercial Sales & Service,00010214161002,"R.L. Kistler, Inc", 5615 Business Ave.,,N. Syracuse,NY ,13208,USA,,315-458-2875,"Sales,"
11962,Industrial/Commercial Sales & Service,00010001731002,Authorized Services Of New England, 410 Forest Street,,Marlborough,MA ,01752,USA,www.asne.com,888-890-9886,"Financing,Sales,Service,Up To 2MW,Mobile/Diesel/Gas,Training,Rental,"
11962,Industrial/Commercial Sales & Service,00010208021002,Modern Group Power Systems, 2501 Durham Road,,Bristol,PA ,19007,USA,www.moderngroup.com,800-404-7291,"Sales,Service,Up To 2MW,Mobile/Diesel/Gas,Training,Rental,"
11962,Industrial/Commercial Sales & Service,00010001731002,AUTHORIZED SERVICES OF NEW ENGLAND, 410 FOREST STREET,,MARLBOROUGH,MA ,01752,USA,,888-890-9886,"Sales,"
11962,Industrial/Commercial Sales & Service,00010008091002,MODERN HANDLING EQUIP, 75 NEW STREET,,EDISON,NJ ,08837,USA,www.moderngroup.com,800-779-5116,"Sales,Service,Up To 2MW,Mobile/Diesel/Gas,"
11962,Industrial/Commercial Sales & Service,00010000931002,"EMERGENCY POWER SYSTEMS, LLC", 35 HAMILTON LANE,,GLENMONT,NY ,12077,USA,,800-914-1465,"Service,Up To 2MW,Mobile/Diesel/Gas,"
11962,Industrial/Commercial Sales & Service,00010000931002,"EMERGENCY POWER SYSTEMS, LLC", 35 HAMILTON LANE,,GLENMONT,NY ,12077,USA,,800-914-1465,"Service,"
11962,Industrial/Commercial Sales & Service,00010208021002,Modern Group Power Systems, 200 Allied Parkway,,West Berlin,NJ ,08091,USA,,800-404-7291,"Sales,Service,Up To 2MW,Mobile/Diesel/Gas,"
11962,Industrial/Commercial Sales & Service,00010208021002,Modern Group Power Systems, 6352 Chapmans Rd,,Allentown,PA ,18106,USA,,800-404-7291,"Sales,Service,Up To 2MW,Mobile/Diesel/Gas,"
11962,Industrial/Commercial Sales & Service,00010208021002,Modern Group Power Systems, 295 New Commerce Blvd.,,Wilkes Barre,PA ,18706,USA,,800-404-7291,"Sales,Service,Up To 2MW,Mobile/Diesel/Gas,"
11962,Industrial/Commercial Sales & Service,00010208021002,Modern Group Power Systems, 66A South Gate Blvd.,,New Castle,DE ,19720,USA,,800-404-7291,"Sales,Service,Up To 2MW,Mobile/Diesel/Gas,"
11962,Industrial/Commercial Sales & Service,00010139211002,POWERPRO SERVICE CO. INC., 608 JOHNSON AVE. UNIT 6,,BOHEMIA,NY ,11716,USA,,631-567-2700,"Sales,Service,Up To 600kW,Mobile/Diesel/Gas,"
11962,Industrial/Commercial Sales & Service,00111209531002,HUNTINGTON POWER - LONG ISLAND, PO BOX 2040,,SHELTON,CT ,06484,USA,,631-586-7513,"Sales,"
11962,Industrial/Commercial Sales & Service,00111209521002,LONG ISLAND EMERGENCY POWER -QO, 2 Ocean Avenue,,DEER PARK,NY ,11729,USA,,631-586-7513,"Sales,"
11962,Industrial/Commercial Sales & Service,00010001761002,"GENSERVE, INC.", 100 NEWTOWN RD,,PLAINVIEW,NY ,11803,USA,www.genserveinc.com,631-435-0437,"Service,"
11962,Industrial/Commercial Sales & Service,00010021101002,SOUTH SHORE GENERATOR INC-Quote, 2696A CRANBERRY HWY,,WAREHAM,MA ,02571,USA,,508-295-7336,"Sales,Service,Up To 600kW,Mobile/Diesel/Gas,"
11962,Industrial/Commercial Sales & Service,00010001701002,SOUTH SHORE GENERATOR INC, ,,EAST WAREHAM,MA ,02538,USA,,508-295-7336,"Financing,Sales,Service,Up To 600kW,Mobile/Diesel/Gas,"
11962,Industrial/Commercial Sales & Service,00010134071002,PEAK POWER SYSTEMS, 99 SPRAGUE AVENUE,,MIDDLETOWN,NY ,10940,USA,www.peakpowersystems.com,845-344-1975,"Sales,Service,Up To 600kW,Mobile/Diesel/Gas,Rental,"
11962,Industrial/Commercial Sales & Service,00010001621002,BROOKFIELD SERVICE, 708 GLEBE ROAD,,WESTMORELAND,NH ,03467,USA,www.brookfieldservice.com,802-485-6567,"Service,Up To 600kW,Mobile/Diesel/Gas,"
11962,Industrial/Commercial Sales & Service,00010001761002,"GENSERVE, INC.", 115A TWINBRIDGE DR.,,PENNSAUKEN,NJ ,08110,USA,www.genserveinc.com,856-324-0459,"Service,"
11962,Industrial/Commercial Sales & Service,00111207431002,WARSHAUER ELECTRIC SUPPLY CO INC, 800 SHREWSBURY AVE,,TINTON FALLS,NJ ,07724,USA,www.warshauer.com,732-741-6400,"Service,"
11962,Industrial/Commercial Sales & Service,00010157021002,Mechanical Service Co, 1145 Oak St.,,Pittston,PA ,18640,USA,,570-654-2445,"Service,"
11963,Industrial/Commercial Sales & Service,00010214161002,"R.L. KISTLER, INC.", 35 HAMILTON LANE,,GLENMONT,NY ,12077,USA,,585-436-1940,"Sales,Service,"
11963,Industrial/Commercial Sales & Service,00010214161002,"R.L. Kistler, Inc", 300 Mile Crossing Blvd.,,Rochester,NY ,14624,USA,rlkistler.com,585-436-1940,"Sales,"
11963,Industrial/Commercial Sales & Service,00010001611002,Huntington Power, 230 Long Hill Cross Rd,,Shelton,CT ,06484,USA,www.huntingtonpower.com,203-929-3203,"Sales,Service,Up To 2MW,Mobile/Diesel/Gas,Training,Rental,"
11963,Industrial/Commercial Sales & Service,00010214161002,"R.L. Kistler, Inc", 5615 Business Ave.,,N. Syracuse,NY ,13208,USA,,315-458-2875,"Sales,"
11963,Industrial/Commercial Sales & Service,00010214161002,"R.L. Kistler, Inc", 5615 Business Ave.,,N. Syracuse,NY ,13208,USA,,315-458-2875,"Sales,"
11963,Industrial/Commercial Sales & Service,00010001611002,Huntington Power, 68 Enter Ln,,Islandia,NY ,11749,USA,,631-563-4943,"Sales,Service,Up To 2MW,Mobile/Diesel/Gas,"
11963,Industrial/Commercial Sales & Service,00010001611002,Huntington Power, 34 E DUDLEY TOWN RD.,,BLOOMFIELD,CT ,06002,USA,,860-289-8790,"Sales,Service,Rental,"
11963,Industrial/Commercial Sales & Service,00010001731002,Authorized Services Of New England, 410 Forest Street,,Marlborough,MA ,01752,USA,www.asne.com,888-890-9886,"Financing,Sales,Service,Up To 2MW,Mobile/Diesel/Gas,Training,Rental,"
11963,Industrial/Commercial Sales & Service,00010208021002,Modern Group Power Systems, 2501 Durham Road,,Bristol,PA ,19007,USA,www.moderngroup.com,800-404-7291,"Sales,Service,Up To 2MW,Mobile/Diesel/Gas,Training,Rental,"
11963,Industrial/Commercial Sales & Service,00010001731002,AUTHORIZED SERVICES OF NEW ENGLAND, 410 FOREST STREET,,MARLBOROUGH,MA ,01752,USA,,888-890-9886,"Sales,"
11963,Industrial/Commercial Sales & Service,00010008091002,MODERN HANDLING EQUIP, 75 NEW STREET,,EDISON,NJ ,08837,USA,www.moderngroup.com,800-779-5116,"Sales,Service,Up To 2MW,Mobile/Diesel/Gas,"
11963,Industrial/Commercial Sales & Service,00010000931002,"EMERGENCY POWER SYSTEMS, LLC", 35 HAMILTON LANE,,GLENMONT,NY ,12077,USA,,800-914-1465,"Service,Up To 2MW,Mobile/Diesel/Gas,"
11963,Industrial/Commercial Sales & Service,00010000931002,"EMERGENCY POWER SYSTEMS, LLC", 35 HAMILTON LANE,,GLENMONT,NY ,12077,USA,,800-914-1465,"Service,"
11963,Industrial/Commercial Sales & Service,00010208021002,Modern Group Power Systems, 200 Allied Parkway,,West Berlin,NJ ,08091,USA,,800-404-7291,"Sales,Service,Up To 2MW,Mobile/Diesel/Gas,"
11963,Industrial/Commercial Sales & Service,00010208021002,Modern Group Power Systems, 6352 Chapmans Rd,,Allentown,PA ,18106,USA,,800-404-7291,"Sales,Service,Up To 2MW,Mobile/Diesel/Gas,"
11963,Industrial/Commercial Sales & Service,00010208021002,Modern Group Power Systems, 295 New Commerce Blvd.,,Wilkes Barre,PA ,18706,USA,,800-404-7291,"Sales,Service,Up To 2MW,Mobile/Diesel/Gas,"
11963,Industrial/Commercial Sales & Service,00010208021002,Modern Group Power Systems, 66A South Gate Blvd.,,New Castle,DE ,19720,USA,,800-404-7291,"Sales,Service,Up To 2MW,Mobile/Diesel/Gas,"
11963,Industrial/Commercial Sales & Service,00010139211002,POWERPRO SERVICE CO. INC., 608 JOHNSON AVE. UNIT 6,,BOHEMIA,NY ,11716,USA,,631-567-2700,"Sales,Service,Up To 600kW,Mobile/Diesel/Gas,"
11963,Industrial/Commercial Sales & Service,00111209531002,HUNTINGTON POWER - LONG ISLAND, PO BOX 2040,,SHELTON,CT ,06484,USA,,631-586-7513,"Sales,"
11963,Industrial/Commercial Sales & Service,00111209521002,LONG ISLAND EMERGENCY POWER -QO, 2 Ocean Avenue,,DEER PARK,NY ,11729,USA,,631-586-7513,"Sales,"
11963,Industrial/Commercial Sales & Service,00010001761002,"GENSERVE, INC.", 100 NEWTOWN RD,,PLAINVIEW,NY ,11803,USA,www.genserveinc.com,631-435-0437,"Service,"
11963,Industrial/Commercial Sales & Service,00010021101002,SOUTH SHORE GENERATOR INC-Quote, 2696A CRANBERRY HWY,,WAREHAM,MA ,02571,USA,,508-295-7336,"Sales,Service,Up To 600kW,Mobile/Diesel/Gas,"
11963,Industrial/Commercial Sales & Service,00010001701002,SOUTH SHORE GENERATOR INC, ,,EAST WAREHAM,MA ,02538,USA,,508-295-7336,"Financing,Sales,Service,Up To 600kW,Mobile/Diesel/Gas,"
11963,Industrial/Commercial Sales & Service,00010134071002,PEAK POWER SYSTEMS, 99 SPRAGUE AVENUE,,MIDDLETOWN,NY ,10940,USA,www.peakpowersystems.com,845-344-1975,"Sales,Service,Up To 600kW,Mobile/Diesel/Gas,Rental,"
11963,Industrial/Commercial Sales & Service,00010001621002,BROOKFIELD SERVICE, 708 GLEBE ROAD,,WESTMORELAND,NH ,03467,USA,www.brookfieldservice.com,802-485-6567,"Service,Up To 600kW,Mobile/Diesel/Gas,"
11963,Industrial/Commercial Sales & Service,00010001761002,"GENSERVE, INC.", 115A TWINBRIDGE DR.,,PENNSAUKEN,NJ ,08110,USA,www.genserveinc.com,856-324-0459,"Service,"
11963,Industrial/Commercial Sales & Service,00111207431002,WARSHAUER ELECTRIC SUPPLY CO INC, 800 SHREWSBURY AVE,,TINTON FALLS,NJ ,07724,USA,www.warshauer.com,732-741-6400,"Service,"
11963,Industrial/Commercial Sales & Service,00010157021002,Mechanical Service Co, 1145 Oak St.,,Pittston,PA ,18640,USA,,570-654-2445,"Service,"
11964,Industrial/Commercial Sales & Service,00010214161002,"R.L. KISTLER, INC.", 35 HAMILTON LANE,,GLENMONT,NY ,12077,USA,,585-436-1940,"Sales,Service,"
11964,Industrial/Commercial Sales & Service,00010214161002,"R.L. Kistler, Inc", 300 Mile Crossing Blvd.,,Rochester,NY ,14624,USA,rlkistler.com,585-436-1940,"Sales,"
11964,Industrial/Commercial Sales & Service,00010001611002,Huntington Power, 230 Long Hill Cross Rd,,Shelton,CT ,06484,USA,www.huntingtonpower.com,203-929-3203,"Sales,Service,Up To 2MW,Mobile/Diesel/Gas,Training,Rental,"
11964,Industrial/Commercial Sales & Service,00010214161002,"R.L. Kistler, Inc", 5615 Business Ave.,,N. Syracuse,NY ,13208,USA,,315-458-2875,"Sales,"
11964,Industrial/Commercial Sales & Service,00010214161002,"R.L. Kistler, Inc", 5615 Business Ave.,,N. Syracuse,NY ,13208,USA,,315-458-2875,"Sales,"
11964,Industrial/Commercial Sales & Service,00010001611002,Huntington Power, 68 Enter Ln,,Islandia,NY ,11749,USA,,631-563-4943,"Sales,Service,Up To 2MW,Mobile/Diesel/Gas,"
11964,Industrial/Commercial Sales & Service,00010001611002,Huntington Power, 34 E DUDLEY TOWN RD.,,BLOOMFIELD,CT ,06002,USA,,860-289-8790,"Sales,Service,Rental,"
11964,Industrial/Commercial Sales & Service,00010001731002,Authorized Services Of New England, 410 Forest Street,,Marlborough,MA ,01752,USA,www.asne.com,888-890-9886,"Financing,Sales,Service,Up To 2MW,Mobile/Diesel/Gas,Training,Rental,"
11964,Industrial/Commercial Sales & Service,00010208021002,Modern Group Power Systems, 2501 Durham Road,,Bristol,PA ,19007,USA,www.moderngroup.com,800-404-7291,"Sales,Service,Up To 2MW,Mobile/Diesel/Gas,Training,Rental,"
11964,Industrial/Commercial Sales & Service,00010001731002,AUTHORIZED SERVICES OF NEW ENGLAND, 410 FOREST STREET,,MARLBOROUGH,MA ,01752,USA,,888-890-9886,"Sales,"
11964,Industrial/Commercial Sales & Service,00010008091002,MODERN HANDLING EQUIP, 75 NEW STREET,,EDISON,NJ ,08837,USA,www.moderngroup.com,800-779-5116,"Sales,Service,Up To 2MW,Mobile/Diesel/Gas,"
11964,Industrial/Commercial Sales & Service,00010000931002,"EMERGENCY POWER SYSTEMS, LLC", 35 HAMILTON LANE,,GLENMONT,NY ,12077,USA,,800-914-1465,"Service,Up To 2MW,Mobile/Diesel/Gas,"
11964,Industrial/Commercial Sales & Service,00010000931002,"EMERGENCY POWER SYSTEMS, LLC", 35 HAMILTON LANE,,GLENMONT,NY ,12077,USA,,800-914-1465,"Service,"
11964,Industrial/Commercial Sales & Service,00010208021002,Modern Group Power Systems, 200 Allied Parkway,,West Berlin,NJ ,08091,USA,,800-404-7291,"Sales,Service,Up To 2MW,Mobile/Diesel/Gas,"
11964,Industrial/Commercial Sales & Service,00010208021002,Modern Group Power Systems, 6352 Chapmans Rd,,Allentown,PA ,18106,USA,,800-404-7291,"Sales,Service,Up To 2MW,Mobile/Diesel/Gas,"
11964,Industrial/Commercial Sales & Service,00010208021002,Modern Group Power Systems, 295 New Commerce Blvd.,,Wilkes Barre,PA ,18706,USA,,800-404-7291,"Sales,Service,Up To 2MW,Mobile/Diesel/Gas,"
11964,Industrial/Commercial Sales & Service,00010208021002,Modern Group Power Systems, 66A South Gate Blvd.,,New Castle,DE ,19720,USA,,800-404-7291,"Sales,Service,Up To 2MW,Mobile/Diesel/Gas,"
11964,Industrial/Commercial Sales & Service,00010139211002,POWERPRO SERVICE CO. INC., 608 JOHNSON AVE. UNIT 6,,BOHEMIA,NY ,11716,USA,,631-567-2700,"Sales,Service,Up To 600kW,Mobile/Diesel/Gas,"
11964,Industrial/Commercial Sales & Service,00111209531002,HUNTINGTON POWER - LONG ISLAND, PO BOX 2040,,SHELTON,CT ,06484,USA,,631-586-7513,"Sales,"
11964,Industrial/Commercial Sales & Service,00111209521002,LONG ISLAND EMERGENCY POWER -QO, 2 Ocean Avenue,,DEER PARK,NY ,11729,USA,,631-586-7513,"Sales,"
11964,Industrial/Commercial Sales & Service,00010001761002,"GENSERVE, INC.", 100 NEWTOWN RD,,PLAINVIEW,NY ,11803,USA,www.genserveinc.com,631-435-0437,"Service,"
11964,Industrial/Commercial Sales & Service,00010021101002,SOUTH SHORE GENERATOR INC-Quote, 2696A CRANBERRY HWY,,WAREHAM,MA ,02571,USA,,508-295-7336,"Sales,Service,Up To 600kW,Mobile/Diesel/Gas,"
11964,Industrial/Commercial Sales & Service,00010001701002,SOUTH SHORE GENERATOR INC, ,,EAST WAREHAM,MA ,02538,USA,,508-295-7336,"Financing,Sales,Service,Up To 600kW,Mobile/Diesel/Gas,"
11964,Industrial/Commercial Sales & Service,00010134071002,PEAK POWER SYSTEMS, 99 SPRAGUE AVENUE,,MIDDLETOWN,NY ,10940,USA,www.peakpowersystems.com,845-344-1975,"Sales,Service,Up To 600kW,Mobile/Diesel/Gas,Rental,"
11964,Industrial/Commercial Sales & Service,00010001621002,BROOKFIELD SERVICE, 708 GLEBE ROAD,,WESTMORELAND,NH ,03467,USA,www.brookfieldservice.com,802-485-6567,"Service,Up To 600kW,Mobile/Diesel/Gas,"
11964,Industrial/Commercial Sales & Service,00010001761002,"GENSERVE, INC.", 115A TWINBRIDGE DR.,,PENNSAUKEN,NJ ,08110,USA,www.genserveinc.com,856-324-0459,"Service,"
11964,Industrial/Commercial Sales & Service,00111207431002,WARSHAUER ELECTRIC SUPPLY CO INC, 800 SHREWSBURY AVE,,TINTON FALLS,NJ ,07724,USA,www.warshauer.com,732-741-6400,"Service,"
11964,Industrial/Commercial Sales & Service,00010157021002,Mechanical Service Co, 1145 Oak St.,,Pittston,PA ,18640,USA,,570-654-2445,"Service,"
11965,Industrial/Commercial Sales & Service,00010214161002,"R.L. KISTLER, INC.", 35 HAMILTON LANE,,GLENMONT,NY ,12077,USA,,585-436-1940,"Sales,Service,"
11965,Industrial/Commercial Sales & Service,00010214161002,"R.L. Kistler, Inc", 300 Mile Crossing Blvd.,,Rochester,NY ,14624,USA,rlkistler.com,585-436-1940,"Sales,"
11965,Industrial/Commercial Sales & Service,00010001611002,Huntington Power, 230 Long Hill Cross Rd,,Shelton,CT ,06484,USA,www.huntingtonpower.com,203-929-3203,"Sales,Service,Up To 2MW,Mobile/Diesel/Gas,Training,Rental,"
11965,Industrial/Commercial Sales & Service,00010214161002,"R.L. Kistler, Inc", 5615 Business Ave.,,N. Syracuse,NY ,13208,USA,,315-458-2875,"Sales,"
11965,Industrial/Commercial Sales & Service,00010214161002,"R.L. Kistler, Inc", 5615 Business Ave.,,N. Syracuse,NY ,13208,USA,,315-458-2875,"Sales,"
11965,Industrial/Commercial Sales & Service,00010001611002,Huntington Power, 68 Enter Ln,,Islandia,NY ,11749,USA,,631-563-4943,"Sales,Service,Up To 2MW,Mobile/Diesel/Gas,"
11965,Industrial/Commercial Sales & Service,00010001611002,Huntington Power, 34 E DUDLEY TOWN RD.,,BLOOMFIELD,CT ,06002,USA,,860-289-8790,"Sales,Service,Rental,"
11965,Industrial/Commercial Sales & Service,00010001731002,Authorized Services Of New England, 410 Forest Street,,Marlborough,MA ,01752,USA,www.asne.com,888-890-9886,"Financing,Sales,Service,Up To 2MW,Mobile/Diesel/Gas,Training,Rental,"
11965,Industrial/Commercial Sales & Service,00010208021002,Modern Group Power Systems, 2501 Durham Road,,Bristol,PA ,19007,USA,www.moderngroup.com,800-404-7291,"Sales,Service,Up To 2MW,Mobile/Diesel/Gas,Training,Rental,"
11965,Industrial/Commercial Sales & Service,00010001731002,AUTHORIZED SERVICES OF NEW ENGLAND, 410 FOREST STREET,,MARLBOROUGH,MA ,01752,USA,,888-890-9886,"Sales,"
11965,Industrial/Commercial Sales & Service,00010008091002,MODERN HANDLING EQUIP, 75 NEW STREET,,EDISON,NJ ,08837,USA,www.moderngroup.com,800-779-5116,"Sales,Service,Up To 2MW,Mobile/Diesel/Gas,"
11965,Industrial/Commercial Sales & Service,00010000931002,"EMERGENCY POWER SYSTEMS, LLC", 35 HAMILTON LANE,,GLENMONT,NY ,12077,USA,,800-914-1465,"Service,Up To 2MW,Mobile/Diesel/Gas,"
11965,Industrial/Commercial Sales & Service,00010000931002,"EMERGENCY POWER SYSTEMS, LLC", 35 HAMILTON LANE,,GLENMONT,NY ,12077,USA,,800-914-1465,"Service,"
11965,Industrial/Commercial Sales & Service,00010208021002,Modern Group Power Systems, 200 Allied Parkway,,West Berlin,NJ ,08091,USA,,800-404-7291,"Sales,Service,Up To 2MW,Mobile/Diesel/Gas,"
11965,Industrial/Commercial Sales & Service,00010208021002,Modern Group Power Systems, 6352 Chapmans Rd,,Allentown,PA ,18106,USA,,800-404-7291,"Sales,Service,Up To 2MW,Mobile/Diesel/Gas,"
11965,Industrial/Commercial Sales & Service,00010208021002,Modern Group Power Systems, 295 New Commerce Blvd.,,Wilkes Barre,PA ,18706,USA,,800-404-7291,"Sales,Service,Up To 2MW,Mobile/Diesel/Gas,"
11965,Industrial/Commercial Sales & Service,00010208021002,Modern Group Power Systems, 66A South Gate Blvd.,,New Castle,DE ,19720,USA,,800-404-7291,"Sales,Service,Up To 2MW,Mobile/Diesel/Gas,"
11965,Industrial/Commercial Sales & Service,00111209531002,HUNTINGTON POWER - LONG ISLAND, PO BOX 2040,,SHELTON,CT ,06484,USA,,631-586-7513,"Sales,"
11965,Industrial/Commercial Sales & Service,00010139211002,POWERPRO SERVICE CO. INC., 608 JOHNSON AVE. UNIT 6,,BOHEMIA,NY ,11716,USA,,631-567-2700,"Sales,Service,Up To 600kW,Mobile/Diesel/Gas,"
11965,Industrial/Commercial Sales & Service,00111209521002,LONG ISLAND EMERGENCY POWER -QO, 2 Ocean Avenue,,DEER PARK,NY ,11729,USA,,631-586-7513,"Sales,"
11965,Industrial/Commercial Sales & Service,00010001761002,"GENSERVE, INC.", 100 NEWTOWN RD,,PLAINVIEW,NY ,11803,USA,www.genserveinc.com,631-435-0437,"Service,"
11965,Industrial/Commercial Sales & Service,00010021101002,SOUTH SHORE GENERATOR INC-Quote, 2696A CRANBERRY HWY,,WAREHAM,MA ,02571,USA,,508-295-7336,"Sales,Service,Up To 600kW,Mobile/Diesel/Gas,"
11965,Industrial/Commercial Sales & Service,00010001701002,SOUTH SHORE GENERATOR INC, ,,EAST WAREHAM,MA ,02538,USA,,508-295-7336,"Financing,Sales,Service,Up To 600kW,Mobile/Diesel/Gas,"
11965,Industrial/Commercial Sales & Service,00010134071002,PEAK POWER SYSTEMS, 99 SPRAGUE AVENUE,,MIDDLETOWN,NY ,10940,USA,www.peakpowersystems.com,845-344-1975,"Sales,Service,Up To 600kW,Mobile/Diesel/Gas,Rental,"
11965,Industrial/Commercial Sales & Service,00010001621002,BROOKFIELD SERVICE, 708 GLEBE ROAD,,WESTMORELAND,NH ,03467,USA,www.brookfieldservice.com,802-485-6567,"Service,Up To 600kW,Mobile/Diesel/Gas,"
11965,Industrial/Commercial Sales & Service,00010001761002,"GENSERVE, INC.", 115A TWINBRIDGE DR.,,PENNSAUKEN,NJ ,08110,USA,www.genserveinc.com,856-324-0459,"Service,"
11965,Industrial/Commercial Sales & Service,00111207431002,WARSHAUER ELECTRIC SUPPLY CO INC, 800 SHREWSBURY AVE,,TINTON FALLS,NJ ,07724,USA,www.warshauer.com,732-741-6400,"Service,"
11965,Industrial/Commercial Sales & Service,00010157021002,Mechanical Service Co, 1145 Oak St.,,Pittston,PA ,18640,USA,,570-654-2445,"Service,"
11967,Industrial/Commercial Sales & Service,00010001611002,Huntington Power, 230 Long Hill Cross Rd,,Shelton,CT ,06484,USA,www.huntingtonpower.com,203-929-3203,"Sales,Service,Up To 2MW,Mobile/Diesel/Gas,Training,Rental,"
11967,Industrial/Commercial Sales & Service,00010214161002,"R.L. KISTLER, INC.", 35 HAMILTON LANE,,GLENMONT,NY ,12077,USA,,585-436-1940,"Sales,Service,"
11967,Industrial/Commercial Sales & Service,00010214161002,"R.L. Kistler, Inc", 300 Mile Crossing Blvd.,,Rochester,NY ,14624,USA,rlkistler.com,585-436-1940,"Sales,"
11967,Industrial/Commercial Sales & Service,00010001611002,Huntington Power, 68 Enter Ln,,Islandia,NY ,11749,USA,,631-563-4943,"Sales,Service,Up To 2MW,Mobile/Diesel/Gas,"
11967,Industrial/Commercial Sales & Service,00010001611002,Huntington Power, 34 E DUDLEY TOWN RD.,,BLOOMFIELD,CT ,06002,USA,,860-289-8790,"Sales,Service,Rental,"
11967,Industrial/Commercial Sales & Service,00010214161002,"R.L. Kistler, Inc", 5615 Business Ave.,,N. Syracuse,NY ,13208,USA,,315-458-2875,"Sales,"
11967,Industrial/Commercial Sales & Service,00010214161002,"R.L. Kistler, Inc", 5615 Business Ave.,,N. Syracuse,NY ,13208,USA,,315-458-2875,"Sales,"
11967,Industrial/Commercial Sales & Service,00010208021002,Modern Group Power Systems, 2501 Durham Road,,Bristol,PA ,19007,USA,www.moderngroup.com,800-404-7291,"Sales,Service,Up To 2MW,Mobile/Diesel/Gas,Training,Rental,"
11967,Industrial/Commercial Sales & Service,00010001731002,Authorized Services Of New England, 410 Forest Street,,Marlborough,MA ,01752,USA,www.asne.com,888-890-9886,"Financing,Sales,Service,Up To 2MW,Mobile/Diesel/Gas,Training,Rental,"
11967,Industrial/Commercial Sales & Service,00010008091002,MODERN HANDLING EQUIP, 75 NEW STREET,,EDISON,NJ ,08837,USA,www.moderngroup.com,800-779-5116,"Sales,Service,Up To 2MW,Mobile/Diesel/Gas,"
11967,Industrial/Commercial Sales & Service,00010001731002,AUTHORIZED SERVICES OF NEW ENGLAND, 410 FOREST STREET,,MARLBOROUGH,MA ,01752,USA,,888-890-9886,"Sales,"
11967,Industrial/Commercial Sales & Service,00010208021002,Modern Group Power Systems, 200 Allied Parkway,,West Berlin,NJ ,08091,USA,,800-404-7291,"Sales,Service,Up To 2MW,Mobile/Diesel/Gas,"
11967,Industrial/Commercial Sales & Service,00010000931002,"EMERGENCY POWER SYSTEMS, LLC", 35 HAMILTON LANE,,GLENMONT,NY ,12077,USA,,800-914-1465,"Service,Up To 2MW,Mobile/Diesel/Gas,"
11967,Industrial/Commercial Sales & Service,00010000931002,"EMERGENCY POWER SYSTEMS, LLC", 35 HAMILTON LANE,,GLENMONT,NY ,12077,USA,,800-914-1465,"Service,"
11967,Industrial/Commercial Sales & Service,00010208021002,Modern Group Power Systems, 6352 Chapmans Rd,,Allentown,PA ,18106,USA,,800-404-7291,"Sales,Service,Up To 2MW,Mobile/Diesel/Gas,"
11967,Industrial/Commercial Sales & Service,00010208021002,Modern Group Power Systems, 295 New Commerce Blvd.,,Wilkes Barre,PA ,18706,USA,,800-404-7291,"Sales,Service,Up To 2MW,Mobile/Diesel/Gas,"
11967,Industrial/Commercial Sales & Service,00010208021002,Modern Group Power Systems, 66A South Gate Blvd.,,New Castle,DE ,19720,USA,,800-404-7291,"Sales,Service,Up To 2MW,Mobile/Diesel/Gas,"
11967,Industrial/Commercial Sales & Service,00010139211002,POWERPRO SERVICE CO. INC., 608 JOHNSON AVE. UNIT 6,,BOHEMIA,NY ,11716,USA,,631-567-2700,"Sales,Service,Up To 600kW,Mobile/Diesel/Gas,"
11967,Industrial/Commercial Sales & Service,00111209521002,LONG ISLAND EMERGENCY POWER -QO, 2 Ocean Avenue,,DEER PARK,NY ,11729,USA,,631-586-7513,"Sales,"
11967,Industrial/Commercial Sales & Service,00010001761002,"GENSERVE, INC.", 100 NEWTOWN RD,,PLAINVIEW,NY ,11803,USA,www.genserveinc.com,631-435-0437,"Service,"
11967,Industrial/Commercial Sales & Service,00111209531002,HUNTINGTON POWER - LONG ISLAND, PO BOX 2040,,SHELTON,CT ,06484,USA,,631-586-7513,"Sales,"
11967,Industrial/Commercial Sales & Service,00010134071002,PEAK POWER SYSTEMS, 99 SPRAGUE AVENUE,,MIDDLETOWN,NY ,10940,USA,www.peakpowersystems.com,845-344-1975,"Sales,Service,Up To 600kW,Mobile/Diesel/Gas,Rental,"
11967,Industrial/Commercial Sales & Service,00010001761002,"GENSERVE, INC.", 115A TWINBRIDGE DR.,,PENNSAUKEN,NJ ,08110,USA,www.genserveinc.com,856-324-0459,"Service,"
11967,Industrial/Commercial Sales & Service,00010021101002,SOUTH SHORE GENERATOR INC-Quote, 2696A CRANBERRY HWY,,WAREHAM,MA ,02571,USA,,508-295-7336,"Sales,Service,Up To 600kW,Mobile/Diesel/Gas,"
11967,Industrial/Commercial Sales & Service,00010001701002,SOUTH SHORE GENERATOR INC, ,,EAST WAREHAM,MA ,02538,USA,,508-295-7336,"Financing,Sales,Service,Up To 600kW,Mobile/Diesel/Gas,"
11967,Industrial/Commercial Sales & Service,00010001621002,BROOKFIELD SERVICE, 708 GLEBE ROAD,,WESTMORELAND,NH ,03467,USA,www.brookfieldservice.com,802-485-6567,"Service,Up To 600kW,Mobile/Diesel/Gas,"
11967,Industrial/Commercial Sales & Service,00111207431002,WARSHAUER ELECTRIC SUPPLY CO INC, 800 SHREWSBURY AVE,,TINTON FALLS,NJ ,07724,USA,www.warshauer.com,732-741-6400,"Service,"
11967,Industrial/Commercial Sales & Service,00010157021002,Mechanical Service Co, 1145 Oak St.,,Pittston,PA ,18640,USA,,570-654-2445,"Service,"
11968,Industrial/Commercial Sales & Service,00010214161002,"R.L. KISTLER, INC.", 35 HAMILTON LANE,,GLENMONT,NY ,12077,USA,,585-436-1940,"Sales,Service,"
11968,Industrial/Commercial Sales & Service,00010214161002,"R.L. Kistler, Inc", 300 Mile Crossing Blvd.,,Rochester,NY ,14624,USA,rlkistler.com,585-436-1940,"Sales,"
11968,Industrial/Commercial Sales & Service,00010001611002,Huntington Power, 230 Long Hill Cross Rd,,Shelton,CT ,06484,USA,www.huntingtonpower.com,203-929-3203,"Sales,Service,Up To 2MW,Mobile/Diesel/Gas,Training,Rental,"
11968,Industrial/Commercial Sales & Service,00010214161002,"R.L. Kistler, Inc", 5615 Business Ave.,,N. Syracuse,NY ,13208,USA,,315-458-2875,"Sales,"
11968,Industrial/Commercial Sales & Service,00010214161002,"R.L. Kistler, Inc", 5615 Business Ave.,,N. Syracuse,NY ,13208,USA,,315-458-2875,"Sales,"
11968,Industrial/Commercial Sales & Service,00010001611002,Huntington Power, 68 Enter Ln,,Islandia,NY ,11749,USA,,631-563-4943,"Sales,Service,Up To 2MW,Mobile/Diesel/Gas,"
11968,Industrial/Commercial Sales & Service,00010001611002,Huntington Power, 34 E DUDLEY TOWN RD.,,BLOOMFIELD,CT ,06002,USA,,860-289-8790,"Sales,Service,Rental,"
11968,Industrial/Commercial Sales & Service,00010001731002,Authorized Services Of New England, 410 Forest Street,,Marlborough,MA ,01752,USA,www.asne.com,888-890-9886,"Financing,Sales,Service,Up To 2MW,Mobile/Diesel/Gas,Training,Rental,"
11968,Industrial/Commercial Sales & Service,00010208021002,Modern Group Power Systems, 2501 Durham Road,,Bristol,PA ,19007,USA,www.moderngroup.com,800-404-7291,"Sales,Service,Up To 2MW,Mobile/Diesel/Gas,Training,Rental,"
11968,Industrial/Commercial Sales & Service,00010008091002,MODERN HANDLING EQUIP, 75 NEW STREET,,EDISON,NJ ,08837,USA,www.moderngroup.com,800-779-5116,"Sales,Service,Up To 2MW,Mobile/Diesel/Gas,"
11968,Industrial/Commercial Sales & Service,00010001731002,AUTHORIZED SERVICES OF NEW ENGLAND, 410 FOREST STREET,,MARLBOROUGH,MA ,01752,USA,,888-890-9886,"Sales,"
11968,Industrial/Commercial Sales & Service,00010000931002,"EMERGENCY POWER SYSTEMS, LLC", 35 HAMILTON LANE,,GLENMONT,NY ,12077,USA,,800-914-1465,"Service,Up To 2MW,Mobile/Diesel/Gas,"
11968,Industrial/Commercial Sales & Service,00010000931002,"EMERGENCY POWER SYSTEMS, LLC", 35 HAMILTON LANE,,GLENMONT,NY ,12077,USA,,800-914-1465,"Service,"
11968,Industrial/Commercial Sales & Service,00010208021002,Modern Group Power Systems, 200 Allied Parkway,,West Berlin,NJ ,08091,USA,,800-404-7291,"Sales,Service,Up To 2MW,Mobile/Diesel/Gas,"
11968,Industrial/Commercial Sales & Service,00010208021002,Modern Group Power Systems, 6352 Chapmans Rd,,Allentown,PA ,18106,USA,,800-404-7291,"Sales,Service,Up To 2MW,Mobile/Diesel/Gas,"
11968,Industrial/Commercial Sales & Service,00010208021002,Modern Group Power Systems, 295 New Commerce Blvd.,,Wilkes Barre,PA ,18706,USA,,800-404-7291,"Sales,Service,Up To 2MW,Mobile/Diesel/Gas,"
11968,Industrial/Commercial Sales & Service,00010208021002,Modern Group Power Systems, 66A South Gate Blvd.,,New Castle,DE ,19720,USA,,800-404-7291,"Sales,Service,Up To 2MW,Mobile/Diesel/Gas,"
11968,Industrial/Commercial Sales & Service,00010139211002,POWERPRO SERVICE CO. INC., 608 JOHNSON AVE. UNIT 6,,BOHEMIA,NY ,11716,USA,,631-567-2700,"Sales,Service,Up To 600kW,Mobile/Diesel/Gas,"
11968,Industrial/Commercial Sales & Service,00111209531002,HUNTINGTON POWER - LONG ISLAND, PO BOX 2040,,SHELTON,CT ,06484,USA,,631-586-7513,"Sales,"
11968,Industrial/Commercial Sales & Service,00111209521002,LONG ISLAND EMERGENCY POWER -QO, 2 Ocean Avenue,,DEER PARK,NY ,11729,USA,,631-586-7513,"Sales,"
11968,Industrial/Commercial Sales & Service,00010001761002,"GENSERVE, INC.", 100 NEWTOWN RD,,PLAINVIEW,NY ,11803,USA,www.genserveinc.com,631-435-0437,"Service,"
11968,Industrial/Commercial Sales & Service,00010021101002,SOUTH SHORE GENERATOR INC-Quote, 2696A CRANBERRY HWY,,WAREHAM,MA ,02571,USA,,508-295-7336,"Sales,Service,Up To 600kW,Mobile/Diesel/Gas,"
11968,Industrial/Commercial Sales & Service,00010001701002,SOUTH SHORE GENERATOR INC, ,,EAST WAREHAM,MA ,02538,USA,,508-295-7336,"Financing,Sales,Service,Up To 600kW,Mobile/Diesel/Gas,"
11968,Industrial/Commercial Sales & Service,00010134071002,PEAK POWER SYSTEMS, 99 SPRAGUE AVENUE,,MIDDLETOWN,NY ,10940,USA,www.peakpowersystems.com,845-344-1975,"Sales,Service,Up To 600kW,Mobile/Diesel/Gas,Rental,"
11968,Industrial/Commercial Sales & Service,00010001621002,BROOKFIELD SERVICE, 708 GLEBE ROAD,,WESTMORELAND,NH ,03467,USA,www.brookfieldservice.com,802-485-6567,"Service,Up To 600kW,Mobile/Diesel/Gas,"
11968,Industrial/Commercial Sales & Service,00010001761002,"GENSERVE, INC.", 115A TWINBRIDGE DR.,,PENNSAUKEN,NJ ,08110,USA,www.genserveinc.com,856-324-0459,"Service,"
11968,Industrial/Commercial Sales & Service,00111207431002,WARSHAUER ELECTRIC SUPPLY CO INC, 800 SHREWSBURY AVE,,TINTON FALLS,NJ ,07724,USA,www.warshauer.com,732-741-6400,"Service,"
11968,Industrial/Commercial Sales & Service,00010157021002,Mechanical Service Co, 1145 Oak St.,,Pittston,PA ,18640,USA,,570-654-2445,"Service,"
11969,Industrial/Commercial Sales & Service,00010214161002,"R.L. Kistler, Inc", 300 Mile Crossing Blvd.,,Rochester,NY ,14624,USA,rlkistler.com,585-436-1940,"Sales,"
11969,Industrial/Commercial Sales & Service,00010214161002,"R.L. KISTLER, INC.", 35 HAMILTON LANE,,GLENMONT,NY ,12077,USA,,585-436-1940,"Sales,Service,"
11969,Industrial/Commercial Sales & Service,00010001611002,Huntington Power, 230 Long Hill Cross Rd,,Shelton,CT ,06484,USA,www.huntingtonpower.com,203-929-3203,"Sales,Service,Up To 2MW,Mobile/Diesel/Gas,Training,Rental,"
11969,Industrial/Commercial Sales & Service,00010214161002,"R.L. Kistler, Inc", 5615 Business Ave.,,N. Syracuse,NY ,13208,USA,,315-458-2875,"Sales,"
11969,Industrial/Commercial Sales & Service,00010214161002,"R.L. Kistler, Inc", 5615 Business Ave.,,N. Syracuse,NY ,13208,USA,,315-458-2875,"Sales,"
11969,Industrial/Commercial Sales & Service,00010001611002,Huntington Power, 68 Enter Ln,,Islandia,NY ,11749,USA,,631-563-4943,"Sales,Service,Up To 2MW,Mobile/Diesel/Gas,"
11969,Industrial/Commercial Sales & Service,00010001611002,Huntington Power, 34 E DUDLEY TOWN RD.,,BLOOMFIELD,CT ,06002,USA,,860-289-8790,"Sales,Service,Rental,"
11969,Industrial/Commercial Sales & Service,00010001731002,Authorized Services Of New England, 410 Forest Street,,Marlborough,MA ,01752,USA,www.asne.com,888-890-9886,"Financing,Sales,Service,Up To 2MW,Mobile/Diesel/Gas,Training,Rental,"
11969,Industrial/Commercial Sales & Service,00010208021002,Modern Group Power Systems, 2501 Durham Road,,Bristol,PA ,19007,USA,www.moderngroup.com,800-404-7291,"Sales,Service,Up To 2MW,Mobile/Diesel/Gas,Training,Rental,"
11969,Industrial/Commercial Sales & Service,00010001731002,AUTHORIZED SERVICES OF NEW ENGLAND, 410 FOREST STREET,,MARLBOROUGH,MA ,01752,USA,,888-890-9886,"Sales,"
11969,Industrial/Commercial Sales & Service,00010008091002,MODERN HANDLING EQUIP, 75 NEW STREET,,EDISON,NJ ,08837,USA,www.moderngroup.com,800-779-5116,"Sales,Service,Up To 2MW,Mobile/Diesel/Gas,"
11969,Industrial/Commercial Sales & Service,00010000931002,"EMERGENCY POWER SYSTEMS, LLC", 35 HAMILTON LANE,,GLENMONT,NY ,12077,USA,,800-914-1465,"Service,Up To 2MW,Mobile/Diesel/Gas,"
11969,Industrial/Commercial Sales & Service,00010000931002,"EMERGENCY POWER SYSTEMS, LLC", 35 HAMILTON LANE,,GLENMONT,NY ,12077,USA,,800-914-1465,"Service,"
11969,Industrial/Commercial Sales & Service,00010208021002,Modern Group Power Systems, 200 Allied Parkway,,West Berlin,NJ ,08091,USA,,800-404-7291,"Sales,Service,Up To 2MW,Mobile/Diesel/Gas,"
11969,Industrial/Commercial Sales & Service,00010208021002,Modern Group Power Systems, 6352 Chapmans Rd,,Allentown,PA ,18106,USA,,800-404-7291,"Sales,Service,Up To 2MW,Mobile/Diesel/Gas,"
11969,Industrial/Commercial Sales & Service,00010208021002,Modern Group Power Systems, 295 New Commerce Blvd.,,Wilkes Barre,PA ,18706,USA,,800-404-7291,"Sales,Service,Up To 2MW,Mobile/Diesel/Gas,"
11969,Industrial/Commercial Sales & Service,00010208021002,Modern Group Power Systems, 66A South Gate Blvd.,,New Castle,DE ,19720,USA,,800-404-7291,"Sales,Service,Up To 2MW,Mobile/Diesel/Gas,"
11969,Industrial/Commercial Sales & Service,00010139211002,POWERPRO SERVICE CO. INC., 608 JOHNSON AVE. UNIT 6,,BOHEMIA,NY ,11716,USA,,631-567-2700,"Sales,Service,Up To 600kW,Mobile/Diesel/Gas,"
11969,Industrial/Commercial Sales & Service,00111209531002,HUNTINGTON POWER - LONG ISLAND, PO BOX 2040,,SHELTON,CT ,06484,USA,,631-586-7513,"Sales,"
11969,Industrial/Commercial Sales & Service,00111209521002,LONG ISLAND EMERGENCY POWER -QO, 2 Ocean Avenue,,DEER PARK,NY ,11729,USA,,631-586-7513,"Sales,"
11969,Industrial/Commercial Sales & Service,00010001761002,"GENSERVE, INC.", 100 NEWTOWN RD,,PLAINVIEW,NY ,11803,USA,www.genserveinc.com,631-435-0437,"Service,"
11969,Industrial/Commercial Sales & Service,00010021101002,SOUTH SHORE GENERATOR INC-Quote, 2696A CRANBERRY HWY,,WAREHAM,MA ,02571,USA,,508-295-7336,"Sales,Service,Up To 600kW,Mobile/Diesel/Gas,"
11969,Industrial/Commercial Sales & Service,00010001701002,SOUTH SHORE GENERATOR INC, ,,EAST WAREHAM,MA ,02538,USA,,508-295-7336,"Financing,Sales,Service,Up To 600kW,Mobile/Diesel/Gas,"
11969,Industrial/Commercial Sales & Service,00010134071002,PEAK POWER SYSTEMS, 99 SPRAGUE AVENUE,,MIDDLETOWN,NY ,10940,USA,www.peakpowersystems.com,845-344-1975,"Sales,Service,Up To 600kW,Mobile/Diesel/Gas,Rental,"
11969,Industrial/Commercial Sales & Service,00010001621002,BROOKFIELD SERVICE, 708 GLEBE ROAD,,WESTMORELAND,NH ,03467,USA,www.brookfieldservice.com,802-485-6567,"Service,Up To 600kW,Mobile/Diesel/Gas,"
11969,Industrial/Commercial Sales & Service,00010001761002,"GENSERVE, INC.", 115A TWINBRIDGE DR.,,PENNSAUKEN,NJ ,08110,USA,www.genserveinc.com,856-324-0459,"Service,"
11969,Industrial/Commercial Sales & Service,00111207431002,WARSHAUER ELECTRIC SUPPLY CO INC, 800 SHREWSBURY AVE,,TINTON FALLS,NJ ,07724,USA,www.warshauer.com,732-741-6400,"Service,"
11969,Industrial/Commercial Sales & Service,00010157021002,Mechanical Service Co, 1145 Oak St.,,Pittston,PA ,18640,USA,,570-654-2445,"Service,"
11970,Industrial/Commercial Sales & Service,00010214161002,"R.L. Kistler, Inc", 300 Mile Crossing Blvd.,,Rochester,NY ,14624,USA,rlkistler.com,585-436-1940,"Sales,"
11970,Industrial/Commercial Sales & Service,00010214161002,"R.L. KISTLER, INC.", 35 HAMILTON LANE,,GLENMONT,NY ,12077,USA,,585-436-1940,"Sales,Service,"
11970,Industrial/Commercial Sales & Service,00010001611002,Huntington Power, 230 Long Hill Cross Rd,,Shelton,CT ,06484,USA,www.huntingtonpower.com,203-929-3203,"Sales,Service,Up To 2MW,Mobile/Diesel/Gas,Training,Rental,"
11970,Industrial/Commercial Sales & Service,00010214161002,"R.L. Kistler, Inc", 5615 Business Ave.,,N. Syracuse,NY ,13208,USA,,315-458-2875,"Sales,"
11970,Industrial/Commercial Sales & Service,00010214161002,"R.L. Kistler, Inc", 5615 Business Ave.,,N. Syracuse,NY ,13208,USA,,315-458-2875,"Sales,"
11970,Industrial/Commercial Sales & Service,00010001611002,Huntington Power, 68 Enter Ln,,Islandia,NY ,11749,USA,,631-563-4943,"Sales,Service,Up To 2MW,Mobile/Diesel/Gas,"
11970,Industrial/Commercial Sales & Service,00010001611002,Huntington Power, 34 E DUDLEY TOWN RD.,,BLOOMFIELD,CT ,06002,USA,,860-289-8790,"Sales,Service,Rental,"
11970,Industrial/Commercial Sales & Service,00010001731002,Authorized Services Of New England, 410 Forest Street,,Marlborough,MA ,01752,USA,www.asne.com,888-890-9886,"Financing,Sales,Service,Up To 2MW,Mobile/Diesel/Gas,Training,Rental,"
11970,Industrial/Commercial Sales & Service,00010208021002,Modern Group Power Systems, 2501 Durham Road,,Bristol,PA ,19007,USA,www.moderngroup.com,800-404-7291,"Sales,Service,Up To 2MW,Mobile/Diesel/Gas,Training,Rental,"
11970,Industrial/Commercial Sales & Service,00010008091002,MODERN HANDLING EQUIP, 75 NEW STREET,,EDISON,NJ ,08837,USA,www.moderngroup.com,800-779-5116,"Sales,Service,Up To 2MW,Mobile/Diesel/Gas,"
11970,Industrial/Commercial Sales & Service,00010001731002,AUTHORIZED SERVICES OF NEW ENGLAND, 410 FOREST STREET,,MARLBOROUGH,MA ,01752,USA,,888-890-9886,"Sales,"
11970,Industrial/Commercial Sales & Service,00010000931002,"EMERGENCY POWER SYSTEMS, LLC", 35 HAMILTON LANE,,GLENMONT,NY ,12077,USA,,800-914-1465,"Service,Up To 2MW,Mobile/Diesel/Gas,"
11970,Industrial/Commercial Sales & Service,00010000931002,"EMERGENCY POWER SYSTEMS, LLC", 35 HAMILTON LANE,,GLENMONT,NY ,12077,USA,,800-914-1465,"Service,"
11970,Industrial/Commercial Sales & Service,00010208021002,Modern Group Power Systems, 200 Allied Parkway,,West Berlin,NJ ,08091,USA,,800-404-7291,"Sales,Service,Up To 2MW,Mobile/Diesel/Gas,"
11970,Industrial/Commercial Sales & Service,00010208021002,Modern Group Power Systems, 6352 Chapmans Rd,,Allentown,PA ,18106,USA,,800-404-7291,"Sales,Service,Up To 2MW,Mobile/Diesel/Gas,"
11970,Industrial/Commercial Sales & Service,00010208021002,Modern Group Power Systems, 295 New Commerce Blvd.,,Wilkes Barre,PA ,18706,USA,,800-404-7291,"Sales,Service,Up To 2MW,Mobile/Diesel/Gas,"
11970,Industrial/Commercial Sales & Service,00010208021002,Modern Group Power Systems, 66A South Gate Blvd.,,New Castle,DE ,19720,USA,,800-404-7291,"Sales,Service,Up To 2MW,Mobile/Diesel/Gas,"
11970,Industrial/Commercial Sales & Service,00010139211002,POWERPRO SERVICE CO. INC., 608 JOHNSON AVE. UNIT 6,,BOHEMIA,NY ,11716,USA,,631-567-2700,"Sales,Service,Up To 600kW,Mobile/Diesel/Gas,"
11970,Industrial/Commercial Sales & Service,00111209531002,HUNTINGTON POWER - LONG ISLAND, PO BOX 2040,,SHELTON,CT ,06484,USA,,631-586-7513,"Sales,"
11970,Industrial/Commercial Sales & Service,00111209521002,LONG ISLAND EMERGENCY POWER -QO, 2 Ocean Avenue,,DEER PARK,NY ,11729,USA,,631-586-7513,"Sales,"
11970,Industrial/Commercial Sales & Service,00010001761002,"GENSERVE, INC.", 100 NEWTOWN RD,,PLAINVIEW,NY ,11803,USA,www.genserveinc.com,631-435-0437,"Service,"
11970,Industrial/Commercial Sales & Service,00010134071002,PEAK POWER SYSTEMS, 99 SPRAGUE AVENUE,,MIDDLETOWN,NY ,10940,USA,www.peakpowersystems.com,845-344-1975,"Sales,Service,Up To 600kW,Mobile/Diesel/Gas,Rental,"
11970,Industrial/Commercial Sales & Service,00010021101002,SOUTH SHORE GENERATOR INC-Quote, 2696A CRANBERRY HWY,,WAREHAM,MA ,02571,USA,,508-295-7336,"Sales,Service,Up To 600kW,Mobile/Diesel/Gas,"
11970,Industrial/Commercial Sales & Service,00010001701002,SOUTH SHORE GENERATOR INC, ,,EAST WAREHAM,MA ,02538,USA,,508-295-7336,"Financing,Sales,Service,Up To 600kW,Mobile/Diesel/Gas,"
11970,Industrial/Commercial Sales & Service,00010001621002,BROOKFIELD SERVICE, 708 GLEBE ROAD,,WESTMORELAND,NH ,03467,USA,www.brookfieldservice.com,802-485-6567,"Service,Up To 600kW,Mobile/Diesel/Gas,"
11970,Industrial/Commercial Sales & Service,00010001761002,"GENSERVE, INC.", 115A TWINBRIDGE DR.,,PENNSAUKEN,NJ ,08110,USA,www.genserveinc.com,856-324-0459,"Service,"
11970,Industrial/Commercial Sales & Service,00111207431002,WARSHAUER ELECTRIC SUPPLY CO INC, 800 SHREWSBURY AVE,,TINTON FALLS,NJ ,07724,USA,www.warshauer.com,732-741-6400,"Service,"
11970,Industrial/Commercial Sales & Service,00010157021002,Mechanical Service Co, 1145 Oak St.,,Pittston,PA ,18640,USA,,570-654-2445,"Service,"
11971,Industrial/Commercial Sales & Service,00010214161002,"R.L. Kistler, Inc", 300 Mile Crossing Blvd.,,Rochester,NY ,14624,USA,rlkistler.com,585-436-1940,"Sales,"
11971,Industrial/Commercial Sales & Service,00010001611002,Huntington Power, 230 Long Hill Cross Rd,,Shelton,CT ,06484,USA,www.huntingtonpower.com,203-929-3203,"Sales,Service,Up To 2MW,Mobile/Diesel/Gas,Training,Rental,"
11971,Industrial/Commercial Sales & Service,00010214161002,"R.L. KISTLER, INC.", 35 HAMILTON LANE,,GLENMONT,NY ,12077,USA,,585-436-1940,"Sales,Service,"
11971,Industrial/Commercial Sales & Service,00010214161002,"R.L. Kistler, Inc", 5615 Business Ave.,,N. Syracuse,NY ,13208,USA,,315-458-2875,"Sales,"
11971,Industrial/Commercial Sales & Service,00010001611002,Huntington Power, 68 Enter Ln,,Islandia,NY ,11749,USA,,631-563-4943,"Sales,Service,Up To 2MW,Mobile/Diesel/Gas,"
11971,Industrial/Commercial Sales & Service,00010001611002,Huntington Power, 34 E DUDLEY TOWN RD.,,BLOOMFIELD,CT ,06002,USA,,860-289-8790,"Sales,Service,Rental,"
11971,Industrial/Commercial Sales & Service,00010214161002,"R.L. Kistler, Inc", 5615 Business Ave.,,N. Syracuse,NY ,13208,USA,,315-458-2875,"Sales,"
11971,Industrial/Commercial Sales & Service,00010001731002,Authorized Services Of New England, 410 Forest Street,,Marlborough,MA ,01752,USA,www.asne.com,888-890-9886,"Financing,Sales,Service,Up To 2MW,Mobile/Diesel/Gas,Training,Rental,"
11971,Industrial/Commercial Sales & Service,00010208021002,Modern Group Power Systems, 2501 Durham Road,,Bristol,PA ,19007,USA,www.moderngroup.com,800-404-7291,"Sales,Service,Up To 2MW,Mobile/Diesel/Gas,Training,Rental,"
11971,Industrial/Commercial Sales & Service,00010001731002,AUTHORIZED SERVICES OF NEW ENGLAND, 410 FOREST STREET,,MARLBOROUGH,MA ,01752,USA,,888-890-9886,"Sales,"
11971,Industrial/Commercial Sales & Service,00010008091002,MODERN HANDLING EQUIP, 75 NEW STREET,,EDISON,NJ ,08837,USA,www.moderngroup.com,800-779-5116,"Sales,Service,Up To 2MW,Mobile/Diesel/Gas,"
11971,Industrial/Commercial Sales & Service,00010000931002,"EMERGENCY POWER SYSTEMS, LLC", 35 HAMILTON LANE,,GLENMONT,NY ,12077,USA,,800-914-1465,"Service,Up To 2MW,Mobile/Diesel/Gas,"
11971,Industrial/Commercial Sales & Service,00010000931002,"EMERGENCY POWER SYSTEMS, LLC", 35 HAMILTON LANE,,GLENMONT,NY ,12077,USA,,800-914-1465,"Service,"
11971,Industrial/Commercial Sales & Service,00010208021002,Modern Group Power Systems, 200 Allied Parkway,,West Berlin,NJ ,08091,USA,,800-404-7291,"Sales,Service,Up To 2MW,Mobile/Diesel/Gas,"
11971,Industrial/Commercial Sales & Service,00010208021002,Modern Group Power Systems, 6352 Chapmans Rd,,Allentown,PA ,18106,USA,,800-404-7291,"Sales,Service,Up To 2MW,Mobile/Diesel/Gas,"
11971,Industrial/Commercial Sales & Service,00010208021002,Modern Group Power Systems, 295 New Commerce Blvd.,,Wilkes Barre,PA ,18706,USA,,800-404-7291,"Sales,Service,Up To 2MW,Mobile/Diesel/Gas,"
11971,Industrial/Commercial Sales & Service,00010208021002,Modern Group Power Systems, 66A South Gate Blvd.,,New Castle,DE ,19720,USA,,800-404-7291,"Sales,Service,Up To 2MW,Mobile/Diesel/Gas,"
11971,Industrial/Commercial Sales & Service,00010139211002,POWERPRO SERVICE CO. INC., 608 JOHNSON AVE. UNIT 6,,BOHEMIA,NY ,11716,USA,,631-567-2700,"Sales,Service,Up To 600kW,Mobile/Diesel/Gas,"
11971,Industrial/Commercial Sales & Service,00111209531002,HUNTINGTON POWER - LONG ISLAND, PO BOX 2040,,SHELTON,CT ,06484,USA,,631-586-7513,"Sales,"
11971,Industrial/Commercial Sales & Service,00111209521002,LONG ISLAND EMERGENCY POWER -QO, 2 Ocean Avenue,,DEER PARK,NY ,11729,USA,,631-586-7513,"Sales,"
11971,Industrial/Commercial Sales & Service,00010001761002,"GENSERVE, INC.", 100 NEWTOWN RD,,PLAINVIEW,NY ,11803,USA,www.genserveinc.com,631-435-0437,"Service,"
11971,Industrial/Commercial Sales & Service,00010021101002,SOUTH SHORE GENERATOR INC-Quote, 2696A CRANBERRY HWY,,WAREHAM,MA ,02571,USA,,508-295-7336,"Sales,Service,Up To 600kW,Mobile/Diesel/Gas,"
11971,Industrial/Commercial Sales & Service,00010001701002,SOUTH SHORE GENERATOR INC, ,,EAST WAREHAM,MA ,02538,USA,,508-295-7336,"Financing,Sales,Service,Up To 600kW,Mobile/Diesel/Gas,"
11971,Industrial/Commercial Sales & Service,00010134071002,PEAK POWER SYSTEMS, 99 SPRAGUE AVENUE,,MIDDLETOWN,NY ,10940,USA,www.peakpowersystems.com,845-344-1975,"Sales,Service,Up To 600kW,Mobile/Diesel/Gas,Rental,"
11971,Industrial/Commercial Sales & Service,00010001621002,BROOKFIELD SERVICE, 708 GLEBE ROAD,,WESTMORELAND,NH ,03467,USA,www.brookfieldservice.com,802-485-6567,"Service,Up To 600kW,Mobile/Diesel/Gas,"
11971,Industrial/Commercial Sales & Service,00010001761002,"GENSERVE, INC.", 115A TWINBRIDGE DR.,,PENNSAUKEN,NJ ,08110,USA,www.genserveinc.com,856-324-0459,"Service,"
11971,Industrial/Commercial Sales & Service,00111207431002,WARSHAUER ELECTRIC SUPPLY CO INC, 800 SHREWSBURY AVE,,TINTON FALLS,NJ ,07724,USA,www.warshauer.com,732-741-6400,"Service,"
11971,Industrial/Commercial Sales & Service,00010157021002,Mechanical Service Co, 1145 Oak St.,,Pittston,PA ,18640,USA,,570-654-2445,"Service,"
11972,Industrial/Commercial Sales & Service,00010214161002,"R.L. Kistler, Inc", 300 Mile Crossing Blvd.,,Rochester,NY ,14624,USA,rlkistler.com,585-436-1940,"Sales,"
11972,Industrial/Commercial Sales & Service,00010001611002,Huntington Power, 230 Long Hill Cross Rd,,Shelton,CT ,06484,USA,www.huntingtonpower.com,203-929-3203,"Sales,Service,Up To 2MW,Mobile/Diesel/Gas,Training,Rental,"
11972,Industrial/Commercial Sales & Service,00010214161002,"R.L. KISTLER, INC.", 35 HAMILTON LANE,,GLENMONT,NY ,12077,USA,,585-436-1940,"Sales,Service,"
11972,Industrial/Commercial Sales & Service,00010214161002,"R.L. Kistler, Inc", 5615 Business Ave.,,N. Syracuse,NY ,13208,USA,,315-458-2875,"Sales,"
11972,Industrial/Commercial Sales & Service,00010001611002,Huntington Power, 68 Enter Ln,,Islandia,NY ,11749,USA,,631-563-4943,"Sales,Service,Up To 2MW,Mobile/Diesel/Gas,"
11972,Industrial/Commercial Sales & Service,00010001611002,Huntington Power, 34 E DUDLEY TOWN RD.,,BLOOMFIELD,CT ,06002,USA,,860-289-8790,"Sales,Service,Rental,"
11972,Industrial/Commercial Sales & Service,00010214161002,"R.L. Kistler, Inc", 5615 Business Ave.,,N. Syracuse,NY ,13208,USA,,315-458-2875,"Sales,"
11972,Industrial/Commercial Sales & Service,00010001731002,Authorized Services Of New England, 410 Forest Street,,Marlborough,MA ,01752,USA,www.asne.com,888-890-9886,"Financing,Sales,Service,Up To 2MW,Mobile/Diesel/Gas,Training,Rental,"
11972,Industrial/Commercial Sales & Service,00010208021002,Modern Group Power Systems, 2501 Durham Road,,Bristol,PA ,19007,USA,www.moderngroup.com,800-404-7291,"Sales,Service,Up To 2MW,Mobile/Diesel/Gas,Training,Rental,"
11972,Industrial/Commercial Sales & Service,00010008091002,MODERN HANDLING EQUIP, 75 NEW STREET,,EDISON,NJ ,08837,USA,www.moderngroup.com,800-779-5116,"Sales,Service,Up To 2MW,Mobile/Diesel/Gas,"
11972,Industrial/Commercial Sales & Service,00010001731002,AUTHORIZED SERVICES OF NEW ENGLAND, 410 FOREST STREET,,MARLBOROUGH,MA ,01752,USA,,888-890-9886,"Sales,"
11972,Industrial/Commercial Sales & Service,00010000931002,"EMERGENCY POWER SYSTEMS, LLC", 35 HAMILTON LANE,,GLENMONT,NY ,12077,USA,,800-914-1465,"Service,Up To 2MW,Mobile/Diesel/Gas,"
11972,Industrial/Commercial Sales & Service,00010000931002,"EMERGENCY POWER SYSTEMS, LLC", 35 HAMILTON LANE,,GLENMONT,NY ,12077,USA,,800-914-1465,"Service,"
11972,Industrial/Commercial Sales & Service,00010208021002,Modern Group Power Systems, 200 Allied Parkway,,West Berlin,NJ ,08091,USA,,800-404-7291,"Sales,Service,Up To 2MW,Mobile/Diesel/Gas,"
11972,Industrial/Commercial Sales & Service,00010208021002,Modern Group Power Systems, 6352 Chapmans Rd,,Allentown,PA ,18106,USA,,800-404-7291,"Sales,Service,Up To 2MW,Mobile/Diesel/Gas,"
11972,Industrial/Commercial Sales & Service,00010208021002,Modern Group Power Systems, 295 New Commerce Blvd.,,Wilkes Barre,PA ,18706,USA,,800-404-7291,"Sales,Service,Up To 2MW,Mobile/Diesel/Gas,"
11972,Industrial/Commercial Sales & Service,00010208021002,Modern Group Power Systems, 66A South Gate Blvd.,,New Castle,DE ,19720,USA,,800-404-7291,"Sales,Service,Up To 2MW,Mobile/Diesel/Gas,"
11972,Industrial/Commercial Sales & Service,00010139211002,POWERPRO SERVICE CO. INC., 608 JOHNSON AVE. UNIT 6,,BOHEMIA,NY ,11716,USA,,631-567-2700,"Sales,Service,Up To 600kW,Mobile/Diesel/Gas,"
11972,Industrial/Commercial Sales & Service,00111209521002,LONG ISLAND EMERGENCY POWER -QO, 2 Ocean Avenue,,DEER PARK,NY ,11729,USA,,631-586-7513,"Sales,"
11972,Industrial/Commercial Sales & Service,00010001761002,"GENSERVE, INC.", 100 NEWTOWN RD,,PLAINVIEW,NY ,11803,USA,www.genserveinc.com,631-435-0437,"Service,"
11972,Industrial/Commercial Sales & Service,00111209531002,HUNTINGTON POWER - LONG ISLAND, PO BOX 2040,,SHELTON,CT ,06484,USA,,631-586-7513,"Sales,"
11972,Industrial/Commercial Sales & Service,00010134071002,PEAK POWER SYSTEMS, 99 SPRAGUE AVENUE,,MIDDLETOWN,NY ,10940,USA,www.peakpowersystems.com,845-344-1975,"Sales,Service,Up To 600kW,Mobile/Diesel/Gas,Rental,"
11972,Industrial/Commercial Sales & Service,00010021101002,SOUTH SHORE GENERATOR INC-Quote, 2696A CRANBERRY HWY,,WAREHAM,MA ,02571,USA,,508-295-7336,"Sales,Service,Up To 600kW,Mobile/Diesel/Gas,"
11972,Industrial/Commercial Sales & Service,00010001701002,SOUTH SHORE GENERATOR INC, ,,EAST WAREHAM,MA ,02538,USA,,508-295-7336,"Financing,Sales,Service,Up To 600kW,Mobile/Diesel/Gas,"
11972,Industrial/Commercial Sales & Service,00010001761002,"GENSERVE, INC.", 115A TWINBRIDGE DR.,,PENNSAUKEN,NJ ,08110,USA,www.genserveinc.com,856-324-0459,"Service,"
11972,Industrial/Commercial Sales & Service,00010001621002,BROOKFIELD SERVICE, 708 GLEBE ROAD,,WESTMORELAND,NH ,03467,USA,www.brookfieldservice.com,802-485-6567,"Service,Up To 600kW,Mobile/Diesel/Gas,"
11972,Industrial/Commercial Sales & Service,00111207431002,WARSHAUER ELECTRIC SUPPLY CO INC, 800 SHREWSBURY AVE,,TINTON FALLS,NJ ,07724,USA,www.warshauer.com,732-741-6400,"Service,"
11972,Industrial/Commercial Sales & Service,00010157021002,Mechanical Service Co, 1145 Oak St.,,Pittston,PA ,18640,USA,,570-654-2445,"Service,"
11973,Industrial/Commercial Sales & Service,00010214161002,"R.L. Kistler, Inc", 300 Mile Crossing Blvd.,,Rochester,NY ,14624,USA,rlkistler.com,585-436-1940,"Sales,"
11973,Industrial/Commercial Sales & Service,00010214161002,"R.L. KISTLER, INC.", 35 HAMILTON LANE,,GLENMONT,NY ,12077,USA,,585-436-1940,"Sales,Service,"
11973,Industrial/Commercial Sales & Service,00010001611002,Huntington Power, 230 Long Hill Cross Rd,,Shelton,CT ,06484,USA,www.huntingtonpower.com,203-929-3203,"Sales,Service,Up To 2MW,Mobile/Diesel/Gas,Training,Rental,"
11973,Industrial/Commercial Sales & Service,00010214161002,"R.L. Kistler, Inc", 5615 Business Ave.,,N. Syracuse,NY ,13208,USA,,315-458-2875,"Sales,"
11973,Industrial/Commercial Sales & Service,00010214161002,"R.L. Kistler, Inc", 5615 Business Ave.,,N. Syracuse,NY ,13208,USA,,315-458-2875,"Sales,"
11973,Industrial/Commercial Sales & Service,00010001611002,Huntington Power, 68 Enter Ln,,Islandia,NY ,11749,USA,,631-563-4943,"Sales,Service,Up To 2MW,Mobile/Diesel/Gas,"
11973,Industrial/Commercial Sales & Service,00010001611002,Huntington Power, 34 E DUDLEY TOWN RD.,,BLOOMFIELD,CT ,06002,USA,,860-289-8790,"Sales,Service,Rental,"
11973,Industrial/Commercial Sales & Service,00010208021002,Modern Group Power Systems, 2501 Durham Road,,Bristol,PA ,19007,USA,www.moderngroup.com,800-404-7291,"Sales,Service,Up To 2MW,Mobile/Diesel/Gas,Training,Rental,"
11973,Industrial/Commercial Sales & Service,00010001731002,Authorized Services Of New England, 410 Forest Street,,Marlborough,MA ,01752,USA,www.asne.com,888-890-9886,"Financing,Sales,Service,Up To 2MW,Mobile/Diesel/Gas,Training,Rental,"
11973,Industrial/Commercial Sales & Service,00010008091002,MODERN HANDLING EQUIP, 75 NEW STREET,,EDISON,NJ ,08837,USA,www.moderngroup.com,800-779-5116,"Sales,Service,Up To 2MW,Mobile/Diesel/Gas,"
11973,Industrial/Commercial Sales & Service,00010001731002,AUTHORIZED SERVICES OF NEW ENGLAND, 410 FOREST STREET,,MARLBOROUGH,MA ,01752,USA,,888-890-9886,"Sales,"
11973,Industrial/Commercial Sales & Service,00010000931002,"EMERGENCY POWER SYSTEMS, LLC", 35 HAMILTON LANE,,GLENMONT,NY ,12077,USA,,800-914-1465,"Service,Up To 2MW,Mobile/Diesel/Gas,"
11973,Industrial/Commercial Sales & Service,00010000931002,"EMERGENCY POWER SYSTEMS, LLC", 35 HAMILTON LANE,,GLENMONT,NY ,12077,USA,,800-914-1465,"Service,"
11973,Industrial/Commercial Sales & Service,00010208021002,Modern Group Power Systems, 200 Allied Parkway,,West Berlin,NJ ,08091,USA,,800-404-7291,"Sales,Service,Up To 2MW,Mobile/Diesel/Gas,"
11973,Industrial/Commercial Sales & Service,00010208021002,Modern Group Power Systems, 6352 Chapmans Rd,,Allentown,PA ,18106,USA,,800-404-7291,"Sales,Service,Up To 2MW,Mobile/Diesel/Gas,"
11973,Industrial/Commercial Sales & Service,00010208021002,Modern Group Power Systems, 295 New Commerce Blvd.,,Wilkes Barre,PA ,18706,USA,,800-404-7291,"Sales,Service,Up To 2MW,Mobile/Diesel/Gas,"
11973,Industrial/Commercial Sales & Service,00010208021002,Modern Group Power Systems, 66A South Gate Blvd.,,New Castle,DE ,19720,USA,,800-404-7291,"Sales,Service,Up To 2MW,Mobile/Diesel/Gas,"
11973,Industrial/Commercial Sales & Service,00010139211002,POWERPRO SERVICE CO. INC., 608 JOHNSON AVE. UNIT 6,,BOHEMIA,NY ,11716,USA,,631-567-2700,"Sales,Service,Up To 600kW,Mobile/Diesel/Gas,"
11973,Industrial/Commercial Sales & Service,00111209521002,LONG ISLAND EMERGENCY POWER -QO, 2 Ocean Avenue,,DEER PARK,NY ,11729,USA,,631-586-7513,"Sales,"
11973,Industrial/Commercial Sales & Service,00010001761002,"GENSERVE, INC.", 100 NEWTOWN RD,,PLAINVIEW,NY ,11803,USA,www.genserveinc.com,631-435-0437,"Service,"
11973,Industrial/Commercial Sales & Service,00111209531002,HUNTINGTON POWER - LONG ISLAND, PO BOX 2040,,SHELTON,CT ,06484,USA,,631-586-7513,"Sales,"
11973,Industrial/Commercial Sales & Service,00010134071002,PEAK POWER SYSTEMS, 99 SPRAGUE AVENUE,,MIDDLETOWN,NY ,10940,USA,www.peakpowersystems.com,845-344-1975,"Sales,Service,Up To 600kW,Mobile/Diesel/Gas,Rental,"
11973,Industrial/Commercial Sales & Service,00010001761002,"GENSERVE, INC.", 115A TWINBRIDGE DR.,,PENNSAUKEN,NJ ,08110,USA,www.genserveinc.com,856-324-0459,"Service,"
11973,Industrial/Commercial Sales & Service,00010021101002,SOUTH SHORE GENERATOR INC-Quote, 2696A CRANBERRY HWY,,WAREHAM,MA ,02571,USA,,508-295-7336,"Sales,Service,Up To 600kW,Mobile/Diesel/Gas,"
11973,Industrial/Commercial Sales & Service,00010001701002,SOUTH SHORE GENERATOR INC, ,,EAST WAREHAM,MA ,02538,USA,,508-295-7336,"Financing,Sales,Service,Up To 600kW,Mobile/Diesel/Gas,"
11973,Industrial/Commercial Sales & Service,00010001621002,BROOKFIELD SERVICE, 708 GLEBE ROAD,,WESTMORELAND,NH ,03467,USA,www.brookfieldservice.com,802-485-6567,"Service,Up To 600kW,Mobile/Diesel/Gas,"
11973,Industrial/Commercial Sales & Service,00111207431002,WARSHAUER ELECTRIC SUPPLY CO INC, 800 SHREWSBURY AVE,,TINTON FALLS,NJ ,07724,USA,www.warshauer.com,732-741-6400,"Service,"
11973,Industrial/Commercial Sales & Service,00010157021002,Mechanical Service Co, 1145 Oak St.,,Pittston,PA ,18640,USA,,570-654-2445,"Service,"
11975,Industrial/Commercial Sales & Service,00010214161002,"R.L. Kistler, Inc", 300 Mile Crossing Blvd.,,Rochester,NY ,14624,USA,rlkistler.com,585-436-1940,"Sales,"
11975,Industrial/Commercial Sales & Service,00010214161002,"R.L. KISTLER, INC.", 35 HAMILTON LANE,,GLENMONT,NY ,12077,USA,,585-436-1940,"Sales,Service,"
11975,Industrial/Commercial Sales & Service,00010001611002,Huntington Power, 230 Long Hill Cross Rd,,Shelton,CT ,06484,USA,www.huntingtonpower.com,203-929-3203,"Sales,Service,Up To 2MW,Mobile/Diesel/Gas,Training,Rental,"
11975,Industrial/Commercial Sales & Service,00010214161002,"R.L. Kistler, Inc", 5615 Business Ave.,,N. Syracuse,NY ,13208,USA,,315-458-2875,"Sales,"
11975,Industrial/Commercial Sales & Service,00010214161002,"R.L. Kistler, Inc", 5615 Business Ave.,,N. Syracuse,NY ,13208,USA,,315-458-2875,"Sales,"
11975,Industrial/Commercial Sales & Service,00010001611002,Huntington Power, 68 Enter Ln,,Islandia,NY ,11749,USA,,631-563-4943,"Sales,Service,Up To 2MW,Mobile/Diesel/Gas,"
11975,Industrial/Commercial Sales & Service,00010001611002,Huntington Power, 34 E DUDLEY TOWN RD.,,BLOOMFIELD,CT ,06002,USA,,860-289-8790,"Sales,Service,Rental,"
11975,Industrial/Commercial Sales & Service,00010001731002,Authorized Services Of New England, 410 Forest Street,,Marlborough,MA ,01752,USA,www.asne.com,888-890-9886,"Financing,Sales,Service,Up To 2MW,Mobile/Diesel/Gas,Training,Rental,"
11975,Industrial/Commercial Sales & Service,00010208021002,Modern Group Power Systems, 2501 Durham Road,,Bristol,PA ,19007,USA,www.moderngroup.com,800-404-7291,"Sales,Service,Up To 2MW,Mobile/Diesel/Gas,Training,Rental,"
11975,Industrial/Commercial Sales & Service,00010001731002,AUTHORIZED SERVICES OF NEW ENGLAND, 410 FOREST STREET,,MARLBOROUGH,MA ,01752,USA,,888-890-9886,"Sales,"
11975,Industrial/Commercial Sales & Service,00010008091002,MODERN HANDLING EQUIP, 75 NEW STREET,,EDISON,NJ ,08837,USA,www.moderngroup.com,800-779-5116,"Sales,Service,Up To 2MW,Mobile/Diesel/Gas,"
11975,Industrial/Commercial Sales & Service,00010000931002,"EMERGENCY POWER SYSTEMS, LLC", 35 HAMILTON LANE,,GLENMONT,NY ,12077,USA,,800-914-1465,"Service,Up To 2MW,Mobile/Diesel/Gas,"
11975,Industrial/Commercial Sales & Service,00010000931002,"EMERGENCY POWER SYSTEMS, LLC", 35 HAMILTON LANE,,GLENMONT,NY ,12077,USA,,800-914-1465,"Service,"
11975,Industrial/Commercial Sales & Service,00010208021002,Modern Group Power Systems, 200 Allied Parkway,,West Berlin,NJ ,08091,USA,,800-404-7291,"Sales,Service,Up To 2MW,Mobile/Diesel/Gas,"
11975,Industrial/Commercial Sales & Service,00010208021002,Modern Group Power Systems, 6352 Chapmans Rd,,Allentown,PA ,18106,USA,,800-404-7291,"Sales,Service,Up To 2MW,Mobile/Diesel/Gas,"
11975,Industrial/Commercial Sales & Service,00010208021002,Modern Group Power Systems, 295 New Commerce Blvd.,,Wilkes Barre,PA ,18706,USA,,800-404-7291,"Sales,Service,Up To 2MW,Mobile/Diesel/Gas,"
11975,Industrial/Commercial Sales & Service,00010208021002,Modern Group Power Systems, 66A South Gate Blvd.,,New Castle,DE ,19720,USA,,800-404-7291,"Sales,Service,Up To 2MW,Mobile/Diesel/Gas,"
11975,Industrial/Commercial Sales & Service,00010139211002,POWERPRO SERVICE CO. INC., 608 JOHNSON AVE. UNIT 6,,BOHEMIA,NY ,11716,USA,,631-567-2700,"Sales,Service,Up To 600kW,Mobile/Diesel/Gas,"
11975,Industrial/Commercial Sales & Service,00111209531002,HUNTINGTON POWER - LONG ISLAND, PO BOX 2040,,SHELTON,CT ,06484,USA,,631-586-7513,"Sales,"
11975,Industrial/Commercial Sales & Service,00111209521002,LONG ISLAND EMERGENCY POWER -QO, 2 Ocean Avenue,,DEER PARK,NY ,11729,USA,,631-586-7513,"Sales,"
11975,Industrial/Commercial Sales & Service,00010001761002,"GENSERVE, INC.", 100 NEWTOWN RD,,PLAINVIEW,NY ,11803,USA,www.genserveinc.com,631-435-0437,"Service,"
11975,Industrial/Commercial Sales & Service,00010021101002,SOUTH SHORE GENERATOR INC-Quote, 2696A CRANBERRY HWY,,WAREHAM,MA ,02571,USA,,508-295-7336,"Sales,Service,Up To 600kW,Mobile/Diesel/Gas,"
11975,Industrial/Commercial Sales & Service,00010001701002,SOUTH SHORE GENERATOR INC, ,,EAST WAREHAM,MA ,02538,USA,,508-295-7336,"Financing,Sales,Service,Up To 600kW,Mobile/Diesel/Gas,"
11975,Industrial/Commercial Sales & Service,00010134071002,PEAK POWER SYSTEMS, 99 SPRAGUE AVENUE,,MIDDLETOWN,NY ,10940,USA,www.peakpowersystems.com,845-344-1975,"Sales,Service,Up To 600kW,Mobile/Diesel/Gas,Rental,"
11975,Industrial/Commercial Sales & Service,00010001621002,BROOKFIELD SERVICE, 708 GLEBE ROAD,,WESTMORELAND,NH ,03467,USA,www.brookfieldservice.com,802-485-6567,"Service,Up To 600kW,Mobile/Diesel/Gas,"
11975,Industrial/Commercial Sales & Service,00010001761002,"GENSERVE, INC.", 115A TWINBRIDGE DR.,,PENNSAUKEN,NJ ,08110,USA,www.genserveinc.com,856-324-0459,"Service,"
11975,Industrial/Commercial Sales & Service,00111207431002,WARSHAUER ELECTRIC SUPPLY CO INC, 800 SHREWSBURY AVE,,TINTON FALLS,NJ ,07724,USA,www.warshauer.com,732-741-6400,"Service,"
11975,Industrial/Commercial Sales & Service,00010157021002,Mechanical Service Co, 1145 Oak St.,,Pittston,PA ,18640,USA,,570-654-2445,"Service,"
11976,Industrial/Commercial Sales & Service,00010214161002,"R.L. Kistler, Inc", 300 Mile Crossing Blvd.,,Rochester,NY ,14624,USA,rlkistler.com,585-436-1940,"Sales,"
11976,Industrial/Commercial Sales & Service,00010214161002,"R.L. KISTLER, INC.", 35 HAMILTON LANE,,GLENMONT,NY ,12077,USA,,585-436-1940,"Sales,Service,"
11976,Industrial/Commercial Sales & Service,00010001611002,Huntington Power, 230 Long Hill Cross Rd,,Shelton,CT ,06484,USA,www.huntingtonpower.com,203-929-3203,"Sales,Service,Up To 2MW,Mobile/Diesel/Gas,Training,Rental,"
11976,Industrial/Commercial Sales & Service,00010214161002,"R.L. Kistler, Inc", 5615 Business Ave.,,N. Syracuse,NY ,13208,USA,,315-458-2875,"Sales,"
11976,Industrial/Commercial Sales & Service,00010214161002,"R.L. Kistler, Inc", 5615 Business Ave.,,N. Syracuse,NY ,13208,USA,,315-458-2875,"Sales,"
11976,Industrial/Commercial Sales & Service,00010001611002,Huntington Power, 68 Enter Ln,,Islandia,NY ,11749,USA,,631-563-4943,"Sales,Service,Up To 2MW,Mobile/Diesel/Gas,"
11976,Industrial/Commercial Sales & Service,00010001611002,Huntington Power, 34 E DUDLEY TOWN RD.,,BLOOMFIELD,CT ,06002,USA,,860-289-8790,"Sales,Service,Rental,"
11976,Industrial/Commercial Sales & Service,00010001731002,Authorized Services Of New England, 410 Forest Street,,Marlborough,MA ,01752,USA,www.asne.com,888-890-9886,"Financing,Sales,Service,Up To 2MW,Mobile/Diesel/Gas,Training,Rental,"
11976,Industrial/Commercial Sales & Service,00010208021002,Modern Group Power Systems, 2501 Durham Road,,Bristol,PA ,19007,USA,www.moderngroup.com,800-404-7291,"Sales,Service,Up To 2MW,Mobile/Diesel/Gas,Training,Rental,"
11976,Industrial/Commercial Sales & Service,00010001731002,AUTHORIZED SERVICES OF NEW ENGLAND, 410 FOREST STREET,,MARLBOROUGH,MA ,01752,USA,,888-890-9886,"Sales,"
11976,Industrial/Commercial Sales & Service,00010008091002,MODERN HANDLING EQUIP, 75 NEW STREET,,EDISON,NJ ,08837,USA,www.moderngroup.com,800-779-5116,"Sales,Service,Up To 2MW,Mobile/Diesel/Gas,"
11976,Industrial/Commercial Sales & Service,00010000931002,"EMERGENCY POWER SYSTEMS, LLC", 35 HAMILTON LANE,,GLENMONT,NY ,12077,USA,,800-914-1465,"Service,Up To 2MW,Mobile/Diesel/Gas,"
11976,Industrial/Commercial Sales & Service,00010000931002,"EMERGENCY POWER SYSTEMS, LLC", 35 HAMILTON LANE,,GLENMONT,NY ,12077,USA,,800-914-1465,"Service,"
11976,Industrial/Commercial Sales & Service,00010208021002,Modern Group Power Systems, 200 Allied Parkway,,West Berlin,NJ ,08091,USA,,800-404-7291,"Sales,Service,Up To 2MW,Mobile/Diesel/Gas,"
11976,Industrial/Commercial Sales & Service,00010208021002,Modern Group Power Systems, 6352 Chapmans Rd,,Allentown,PA ,18106,USA,,800-404-7291,"Sales,Service,Up To 2MW,Mobile/Diesel/Gas,"
11976,Industrial/Commercial Sales & Service,00010208021002,Modern Group Power Systems, 295 New Commerce Blvd.,,Wilkes Barre,PA ,18706,USA,,800-404-7291,"Sales,Service,Up To 2MW,Mobile/Diesel/Gas,"
11976,Industrial/Commercial Sales & Service,00010208021002,Modern Group Power Systems, 66A South Gate Blvd.,,New Castle,DE ,19720,USA,,800-404-7291,"Sales,Service,Up To 2MW,Mobile/Diesel/Gas,"
11976,Industrial/Commercial Sales & Service,00010139211002,POWERPRO SERVICE CO. INC., 608 JOHNSON AVE. UNIT 6,,BOHEMIA,NY ,11716,USA,,631-567-2700,"Sales,Service,Up To 600kW,Mobile/Diesel/Gas,"
11976,Industrial/Commercial Sales & Service,00111209531002,HUNTINGTON POWER - LONG ISLAND, PO BOX 2040,,SHELTON,CT ,06484,USA,,631-586-7513,"Sales,"
11976,Industrial/Commercial Sales & Service,00111209521002,LONG ISLAND EMERGENCY POWER -QO, 2 Ocean Avenue,,DEER PARK,NY ,11729,USA,,631-586-7513,"Sales,"
11976,Industrial/Commercial Sales & Service,00010001761002,"GENSERVE, INC.", 100 NEWTOWN RD,,PLAINVIEW,NY ,11803,USA,www.genserveinc.com,631-435-0437,"Service,"
11976,Industrial/Commercial Sales & Service,00010021101002,SOUTH SHORE GENERATOR INC-Quote, 2696A CRANBERRY HWY,,WAREHAM,MA ,02571,USA,,508-295-7336,"Sales,Service,Up To 600kW,Mobile/Diesel/Gas,"
11976,Industrial/Commercial Sales & Service,00010001701002,SOUTH SHORE GENERATOR INC, ,,EAST WAREHAM,MA ,02538,USA,,508-295-7336,"Financing,Sales,Service,Up To 600kW,Mobile/Diesel/Gas,"
11976,Industrial/Commercial Sales & Service,00010134071002,PEAK POWER SYSTEMS, 99 SPRAGUE AVENUE,,MIDDLETOWN,NY ,10940,USA,www.peakpowersystems.com,845-344-1975,"Sales,Service,Up To 600kW,Mobile/Diesel/Gas,Rental,"
11976,Industrial/Commercial Sales & Service,00010001621002,BROOKFIELD SERVICE, 708 GLEBE ROAD,,WESTMORELAND,NH ,03467,USA,www.brookfieldservice.com,802-485-6567,"Service,Up To 600kW,Mobile/Diesel/Gas,"
11976,Industrial/Commercial Sales & Service,00010001761002,"GENSERVE, INC.", 115A TWINBRIDGE DR.,,PENNSAUKEN,NJ ,08110,USA,www.genserveinc.com,856-324-0459,"Service,"
11976,Industrial/Commercial Sales & Service,00111207431002,WARSHAUER ELECTRIC SUPPLY CO INC, 800 SHREWSBURY AVE,,TINTON FALLS,NJ ,07724,USA,www.warshauer.com,732-741-6400,"Service,"
11976,Industrial/Commercial Sales & Service,00010157021002,Mechanical Service Co, 1145 Oak St.,,Pittston,PA ,18640,USA,,570-654-2445,"Service,"
11977,Industrial/Commercial Sales & Service,00010001611002,Huntington Power, 230 Long Hill Cross Rd,,Shelton,CT ,06484,USA,www.huntingtonpower.com,203-929-3203,"Sales,Service,Up To 2MW,Mobile/Diesel/Gas,Training,Rental,"
11977,Industrial/Commercial Sales & Service,00010214161002,"R.L. KISTLER, INC.", 35 HAMILTON LANE,,GLENMONT,NY ,12077,USA,,585-436-1940,"Sales,Service,"
11977,Industrial/Commercial Sales & Service,00010214161002,"R.L. Kistler, Inc", 300 Mile Crossing Blvd.,,Rochester,NY ,14624,USA,rlkistler.com,585-436-1940,"Sales,"
11977,Industrial/Commercial Sales & Service,00010001611002,Huntington Power, 68 Enter Ln,,Islandia,NY ,11749,USA,,631-563-4943,"Sales,Service,Up To 2MW,Mobile/Diesel/Gas,"
11977,Industrial/Commercial Sales & Service,00010001611002,Huntington Power, 34 E DUDLEY TOWN RD.,,BLOOMFIELD,CT ,06002,USA,,860-289-8790,"Sales,Service,Rental,"
11977,Industrial/Commercial Sales & Service,00010214161002,"R.L. Kistler, Inc", 5615 Business Ave.,,N. Syracuse,NY ,13208,USA,,315-458-2875,"Sales,"
11977,Industrial/Commercial Sales & Service,00010214161002,"R.L. Kistler, Inc", 5615 Business Ave.,,N. Syracuse,NY ,13208,USA,,315-458-2875,"Sales,"
11977,Industrial/Commercial Sales & Service,00010001731002,Authorized Services Of New England, 410 Forest Street,,Marlborough,MA ,01752,USA,www.asne.com,888-890-9886,"Financing,Sales,Service,Up To 2MW,Mobile/Diesel/Gas,Training,Rental,"
11977,Industrial/Commercial Sales & Service,00010208021002,Modern Group Power Systems, 2501 Durham Road,,Bristol,PA ,19007,USA,www.moderngroup.com,800-404-7291,"Sales,Service,Up To 2MW,Mobile/Diesel/Gas,Training,Rental,"
11977,Industrial/Commercial Sales & Service,00010008091002,MODERN HANDLING EQUIP, 75 NEW STREET,,EDISON,NJ ,08837,USA,www.moderngroup.com,800-779-5116,"Sales,Service,Up To 2MW,Mobile/Diesel/Gas,"
11977,Industrial/Commercial Sales & Service,00010001731002,AUTHORIZED SERVICES OF NEW ENGLAND, 410 FOREST STREET,,MARLBOROUGH,MA ,01752,USA,,888-890-9886,"Sales,"
11977,Industrial/Commercial Sales & Service,00010000931002,"EMERGENCY POWER SYSTEMS, LLC", 35 HAMILTON LANE,,GLENMONT,NY ,12077,USA,,800-914-1465,"Service,Up To 2MW,Mobile/Diesel/Gas,"
11977,Industrial/Commercial Sales & Service,00010000931002,"EMERGENCY POWER SYSTEMS, LLC", 35 HAMILTON LANE,,GLENMONT,NY ,12077,USA,,800-914-1465,"Service,"
11977,Industrial/Commercial Sales & Service,00010208021002,Modern Group Power Systems, 200 Allied Parkway,,West Berlin,NJ ,08091,USA,,800-404-7291,"Sales,Service,Up To 2MW,Mobile/Diesel/Gas,"
11977,Industrial/Commercial Sales & Service,00010208021002,Modern Group Power Systems, 6352 Chapmans Rd,,Allentown,PA ,18106,USA,,800-404-7291,"Sales,Service,Up To 2MW,Mobile/Diesel/Gas,"
11977,Industrial/Commercial Sales & Service,00010208021002,Modern Group Power Systems, 295 New Commerce Blvd.,,Wilkes Barre,PA ,18706,USA,,800-404-7291,"Sales,Service,Up To 2MW,Mobile/Diesel/Gas,"
11977,Industrial/Commercial Sales & Service,00010208021002,Modern Group Power Systems, 66A South Gate Blvd.,,New Castle,DE ,19720,USA,,800-404-7291,"Sales,Service,Up To 2MW,Mobile/Diesel/Gas,"
11977,Industrial/Commercial Sales & Service,00010139211002,POWERPRO SERVICE CO. INC., 608 JOHNSON AVE. UNIT 6,,BOHEMIA,NY ,11716,USA,,631-567-2700,"Sales,Service,Up To 600kW,Mobile/Diesel/Gas,"
11977,Industrial/Commercial Sales & Service,00111209521002,LONG ISLAND EMERGENCY POWER -QO, 2 Ocean Avenue,,DEER PARK,NY ,11729,USA,,631-586-7513,"Sales,"
11977,Industrial/Commercial Sales & Service,00111209531002,HUNTINGTON POWER - LONG ISLAND, PO BOX 2040,,SHELTON,CT ,06484,USA,,631-586-7513,"Sales,"
11977,Industrial/Commercial Sales & Service,00010001761002,"GENSERVE, INC.", 100 NEWTOWN RD,,PLAINVIEW,NY ,11803,USA,www.genserveinc.com,631-435-0437,"Service,"
11977,Industrial/Commercial Sales & Service,00010134071002,PEAK POWER SYSTEMS, 99 SPRAGUE AVENUE,,MIDDLETOWN,NY ,10940,USA,www.peakpowersystems.com,845-344-1975,"Sales,Service,Up To 600kW,Mobile/Diesel/Gas,Rental,"
11977,Industrial/Commercial Sales & Service,00010021101002,SOUTH SHORE GENERATOR INC-Quote, 2696A CRANBERRY HWY,,WAREHAM,MA ,02571,USA,,508-295-7336,"Sales,Service,Up To 600kW,Mobile/Diesel/Gas,"
11977,Industrial/Commercial Sales & Service,00010001701002,SOUTH SHORE GENERATOR INC, ,,EAST WAREHAM,MA ,02538,USA,,508-295-7336,"Financing,Sales,Service,Up To 600kW,Mobile/Diesel/Gas,"
11977,Industrial/Commercial Sales & Service,00010001761002,"GENSERVE, INC.", 115A TWINBRIDGE DR.,,PENNSAUKEN,NJ ,08110,USA,www.genserveinc.com,856-324-0459,"Service,"
11977,Industrial/Commercial Sales & Service,00010001621002,BROOKFIELD SERVICE, 708 GLEBE ROAD,,WESTMORELAND,NH ,03467,USA,www.brookfieldservice.com,802-485-6567,"Service,Up To 600kW,Mobile/Diesel/Gas,"
11977,Industrial/Commercial Sales & Service,00111207431002,WARSHAUER ELECTRIC SUPPLY CO INC, 800 SHREWSBURY AVE,,TINTON FALLS,NJ ,07724,USA,www.warshauer.com,732-741-6400,"Service,"
11977,Industrial/Commercial Sales & Service,00010157021002,Mechanical Service Co, 1145 Oak St.,,Pittston,PA ,18640,USA,,570-654-2445,"Service,"
11978,Industrial/Commercial Sales & Service,00010214161002,"R.L. Kistler, Inc", 300 Mile Crossing Blvd.,,Rochester,NY ,14624,USA,rlkistler.com,585-436-1940,"Sales,"
11978,Industrial/Commercial Sales & Service,00010001611002,Huntington Power, 230 Long Hill Cross Rd,,Shelton,CT ,06484,USA,www.huntingtonpower.com,203-929-3203,"Sales,Service,Up To 2MW,Mobile/Diesel/Gas,Training,Rental,"
11978,Industrial/Commercial Sales & Service,00010214161002,"R.L. KISTLER, INC.", 35 HAMILTON LANE,,GLENMONT,NY ,12077,USA,,585-436-1940,"Sales,Service,"
11978,Industrial/Commercial Sales & Service,00010214161002,"R.L. Kistler, Inc", 5615 Business Ave.,,N. Syracuse,NY ,13208,USA,,315-458-2875,"Sales,"
11978,Industrial/Commercial Sales & Service,00010001611002,Huntington Power, 68 Enter Ln,,Islandia,NY ,11749,USA,,631-563-4943,"Sales,Service,Up To 2MW,Mobile/Diesel/Gas,"
11978,Industrial/Commercial Sales & Service,00010001611002,Huntington Power, 34 E DUDLEY TOWN RD.,,BLOOMFIELD,CT ,06002,USA,,860-289-8790,"Sales,Service,Rental,"
11978,Industrial/Commercial Sales & Service,00010214161002,"R.L. Kistler, Inc", 5615 Business Ave.,,N. Syracuse,NY ,13208,USA,,315-458-2875,"Sales,"
11978,Industrial/Commercial Sales & Service,00010001731002,Authorized Services Of New England, 410 Forest Street,,Marlborough,MA ,01752,USA,www.asne.com,888-890-9886,"Financing,Sales,Service,Up To 2MW,Mobile/Diesel/Gas,Training,Rental,"
11978,Industrial/Commercial Sales & Service,00010208021002,Modern Group Power Systems, 2501 Durham Road,,Bristol,PA ,19007,USA,www.moderngroup.com,800-404-7291,"Sales,Service,Up To 2MW,Mobile/Diesel/Gas,Training,Rental,"
11978,Industrial/Commercial Sales & Service,00010008091002,MODERN HANDLING EQUIP, 75 NEW STREET,,EDISON,NJ ,08837,USA,www.moderngroup.com,800-779-5116,"Sales,Service,Up To 2MW,Mobile/Diesel/Gas,"
11978,Industrial/Commercial Sales & Service,00010001731002,AUTHORIZED SERVICES OF NEW ENGLAND, 410 FOREST STREET,,MARLBOROUGH,MA ,01752,USA,,888-890-9886,"Sales,"
11978,Industrial/Commercial Sales & Service,00010000931002,"EMERGENCY POWER SYSTEMS, LLC", 35 HAMILTON LANE,,GLENMONT,NY ,12077,USA,,800-914-1465,"Service,Up To 2MW,Mobile/Diesel/Gas,"
11978,Industrial/Commercial Sales & Service,00010000931002,"EMERGENCY POWER SYSTEMS, LLC", 35 HAMILTON LANE,,GLENMONT,NY ,12077,USA,,800-914-1465,"Service,"
11978,Industrial/Commercial Sales & Service,00010208021002,Modern Group Power Systems, 200 Allied Parkway,,West Berlin,NJ ,08091,USA,,800-404-7291,"Sales,Service,Up To 2MW,Mobile/Diesel/Gas,"
11978,Industrial/Commercial Sales & Service,00010208021002,Modern Group Power Systems, 6352 Chapmans Rd,,Allentown,PA ,18106,USA,,800-404-7291,"Sales,Service,Up To 2MW,Mobile/Diesel/Gas,"
11978,Industrial/Commercial Sales & Service,00010208021002,Modern Group Power Systems, 295 New Commerce Blvd.,,Wilkes Barre,PA ,18706,USA,,800-404-7291,"Sales,Service,Up To 2MW,Mobile/Diesel/Gas,"
11978,Industrial/Commercial Sales & Service,00010208021002,Modern Group Power Systems, 66A South Gate Blvd.,,New Castle,DE ,19720,USA,,800-404-7291,"Sales,Service,Up To 2MW,Mobile/Diesel/Gas,"
11978,Industrial/Commercial Sales & Service,00010139211002,POWERPRO SERVICE CO. INC., 608 JOHNSON AVE. UNIT 6,,BOHEMIA,NY ,11716,USA,,631-567-2700,"Sales,Service,Up To 600kW,Mobile/Diesel/Gas,"
11978,Industrial/Commercial Sales & Service,00111209521002,LONG ISLAND EMERGENCY POWER -QO, 2 Ocean Avenue,,DEER PARK,NY ,11729,USA,,631-586-7513,"Sales,"
11978,Industrial/Commercial Sales & Service,00111209531002,HUNTINGTON POWER - LONG ISLAND, PO BOX 2040,,SHELTON,CT ,06484,USA,,631-586-7513,"Sales,"
11978,Industrial/Commercial Sales & Service,00010001761002,"GENSERVE, INC.", 100 NEWTOWN RD,,PLAINVIEW,NY ,11803,USA,www.genserveinc.com,631-435-0437,"Service,"
11978,Industrial/Commercial Sales & Service,00010134071002,PEAK POWER SYSTEMS, 99 SPRAGUE AVENUE,,MIDDLETOWN,NY ,10940,USA,www.peakpowersystems.com,845-344-1975,"Sales,Service,Up To 600kW,Mobile/Diesel/Gas,Rental,"
11978,Industrial/Commercial Sales & Service,00010021101002,SOUTH SHORE GENERATOR INC-Quote, 2696A CRANBERRY HWY,,WAREHAM,MA ,02571,USA,,508-295-7336,"Sales,Service,Up To 600kW,Mobile/Diesel/Gas,"
11978,Industrial/Commercial Sales & Service,00010001701002,SOUTH SHORE GENERATOR INC, ,,EAST WAREHAM,MA ,02538,USA,,508-295-7336,"Financing,Sales,Service,Up To 600kW,Mobile/Diesel/Gas,"
11978,Industrial/Commercial Sales & Service,00010001761002,"GENSERVE, INC.", 115A TWINBRIDGE DR.,,PENNSAUKEN,NJ ,08110,USA,www.genserveinc.com,856-324-0459,"Service,"
11978,Industrial/Commercial Sales & Service,00010001621002,BROOKFIELD SERVICE, 708 GLEBE ROAD,,WESTMORELAND,NH ,03467,USA,www.brookfieldservice.com,802-485-6567,"Service,Up To 600kW,Mobile/Diesel/Gas,"
11978,Industrial/Commercial Sales & Service,00111207431002,WARSHAUER ELECTRIC SUPPLY CO INC, 800 SHREWSBURY AVE,,TINTON FALLS,NJ ,07724,USA,www.warshauer.com,732-741-6400,"Service,"
11978,Industrial/Commercial Sales & Service,00010157021002,Mechanical Service Co, 1145 Oak St.,,Pittston,PA ,18640,USA,,570-654-2445,"Service,"
11980,Industrial/Commercial Sales & Service,00010214161002,"R.L. KISTLER, INC.", 35 HAMILTON LANE,,GLENMONT,NY ,12077,USA,,585-436-1940,"Sales,Service,"
11980,Industrial/Commercial Sales & Service,00010214161002,"R.L. Kistler, Inc", 300 Mile Crossing Blvd.,,Rochester,NY ,14624,USA,rlkistler.com,585-436-1940,"Sales,"
11980,Industrial/Commercial Sales & Service,00010001611002,Huntington Power, 230 Long Hill Cross Rd,,Shelton,CT ,06484,USA,www.huntingtonpower.com,203-929-3203,"Sales,Service,Up To 2MW,Mobile/Diesel/Gas,Training,Rental,"
11980,Industrial/Commercial Sales & Service,00010214161002,"R.L. Kistler, Inc", 5615 Business Ave.,,N. Syracuse,NY ,13208,USA,,315-458-2875,"Sales,"
11980,Industrial/Commercial Sales & Service,00010214161002,"R.L. Kistler, Inc", 5615 Business Ave.,,N. Syracuse,NY ,13208,USA,,315-458-2875,"Sales,"
11980,Industrial/Commercial Sales & Service,00010001611002,Huntington Power, 68 Enter Ln,,Islandia,NY ,11749,USA,,631-563-4943,"Sales,Service,Up To 2MW,Mobile/Diesel/Gas,"
11980,Industrial/Commercial Sales & Service,00010001611002,Huntington Power, 34 E DUDLEY TOWN RD.,,BLOOMFIELD,CT ,06002,USA,,860-289-8790,"Sales,Service,Rental,"
11980,Industrial/Commercial Sales & Service,00010208021002,Modern Group Power Systems, 2501 Durham Road,,Bristol,PA ,19007,USA,www.moderngroup.com,800-404-7291,"Sales,Service,Up To 2MW,Mobile/Diesel/Gas,Training,Rental,"
11980,Industrial/Commercial Sales & Service,00010001731002,Authorized Services Of New England, 410 Forest Street,,Marlborough,MA ,01752,USA,www.asne.com,888-890-9886,"Financing,Sales,Service,Up To 2MW,Mobile/Diesel/Gas,Training,Rental,"
11980,Industrial/Commercial Sales & Service,00010008091002,MODERN HANDLING EQUIP, 75 NEW STREET,,EDISON,NJ ,08837,USA,www.moderngroup.com,800-779-5116,"Sales,Service,Up To 2MW,Mobile/Diesel/Gas,"
11980,Industrial/Commercial Sales & Service,00010001731002,AUTHORIZED SERVICES OF NEW ENGLAND, 410 FOREST STREET,,MARLBOROUGH,MA ,01752,USA,,888-890-9886,"Sales,"
11980,Industrial/Commercial Sales & Service,00010208021002,Modern Group Power Systems, 200 Allied Parkway,,West Berlin,NJ ,08091,USA,,800-404-7291,"Sales,Service,Up To 2MW,Mobile/Diesel/Gas,"
11980,Industrial/Commercial Sales & Service,00010000931002,"EMERGENCY POWER SYSTEMS, LLC", 35 HAMILTON LANE,,GLENMONT,NY ,12077,USA,,800-914-1465,"Service,Up To 2MW,Mobile/Diesel/Gas,"
11980,Industrial/Commercial Sales & Service,00010000931002,"EMERGENCY POWER SYSTEMS, LLC", 35 HAMILTON LANE,,GLENMONT,NY ,12077,USA,,800-914-1465,"Service,"
11980,Industrial/Commercial Sales & Service,00010208021002,Modern Group Power Systems, 6352 Chapmans Rd,,Allentown,PA ,18106,USA,,800-404-7291,"Sales,Service,Up To 2MW,Mobile/Diesel/Gas,"
11980,Industrial/Commercial Sales & Service,00010208021002,Modern Group Power Systems, 295 New Commerce Blvd.,,Wilkes Barre,PA ,18706,USA,,800-404-7291,"Sales,Service,Up To 2MW,Mobile/Diesel/Gas,"
11980,Industrial/Commercial Sales & Service,00010208021002,Modern Group Power Systems, 66A South Gate Blvd.,,New Castle,DE ,19720,USA,,800-404-7291,"Sales,Service,Up To 2MW,Mobile/Diesel/Gas,"
11980,Industrial/Commercial Sales & Service,00010139211002,POWERPRO SERVICE CO. INC., 608 JOHNSON AVE. UNIT 6,,BOHEMIA,NY ,11716,USA,,631-567-2700,"Sales,Service,Up To 600kW,Mobile/Diesel/Gas,"
11980,Industrial/Commercial Sales & Service,00111209521002,LONG ISLAND EMERGENCY POWER -QO, 2 Ocean Avenue,,DEER PARK,NY ,11729,USA,,631-586-7513,"Sales,"
11980,Industrial/Commercial Sales & Service,00010001761002,"GENSERVE, INC.", 100 NEWTOWN RD,,PLAINVIEW,NY ,11803,USA,www.genserveinc.com,631-435-0437,"Service,"
11980,Industrial/Commercial Sales & Service,00111209531002,HUNTINGTON POWER - LONG ISLAND, PO BOX 2040,,SHELTON,CT ,06484,USA,,631-586-7513,"Sales,"
11980,Industrial/Commercial Sales & Service,00010134071002,PEAK POWER SYSTEMS, 99 SPRAGUE AVENUE,,MIDDLETOWN,NY ,10940,USA,www.peakpowersystems.com,845-344-1975,"Sales,Service,Up To 600kW,Mobile/Diesel/Gas,Rental,"
11980,Industrial/Commercial Sales & Service,00010001761002,"GENSERVE, INC.", 115A TWINBRIDGE DR.,,PENNSAUKEN,NJ ,08110,USA,www.genserveinc.com,856-324-0459,"Service,"
11980,Industrial/Commercial Sales & Service,00010021101002,SOUTH SHORE GENERATOR INC-Quote, 2696A CRANBERRY HWY,,WAREHAM,MA ,02571,USA,,508-295-7336,"Sales,Service,Up To 600kW,Mobile/Diesel/Gas,"
11980,Industrial/Commercial Sales & Service,00010001701002,SOUTH SHORE GENERATOR INC, ,,EAST WAREHAM,MA ,02538,USA,,508-295-7336,"Financing,Sales,Service,Up To 600kW,Mobile/Diesel/Gas,"
11980,Industrial/Commercial Sales & Service,00010001621002,BROOKFIELD SERVICE, 708 GLEBE ROAD,,WESTMORELAND,NH ,03467,USA,www.brookfieldservice.com,802-485-6567,"Service,Up To 600kW,Mobile/Diesel/Gas,"
11980,Industrial/Commercial Sales & Service,00111207431002,WARSHAUER ELECTRIC SUPPLY CO INC, 800 SHREWSBURY AVE,,TINTON FALLS,NJ ,07724,USA,www.warshauer.com,732-741-6400,"Service,"
11980,Industrial/Commercial Sales & Service,00010157021002,Mechanical Service Co, 1145 Oak St.,,Pittston,PA ,18640,USA,,570-654-2445,"Service,"
12007,Industrial/Commercial Sales & Service,00010214161002,"R.L. KISTLER, INC.", 35 HAMILTON LANE,,GLENMONT,NY ,12077,USA,,585-436-1940,"Sales,Service,"
12007,Industrial/Commercial Sales & Service,00010214161002,"R.L. Kistler, Inc", 300 Mile Crossing Blvd.,,Rochester,NY ,14624,USA,rlkistler.com,585-436-1940,"Sales,"
12007,Industrial/Commercial Sales & Service,00010214161002,"R.L. Kistler, Inc", 5615 Business Ave.,,N. Syracuse,NY ,13208,USA,,315-458-2875,"Sales,"
12007,Industrial/Commercial Sales & Service,00010214161002,"R.L. Kistler, Inc", 5615 Business Ave.,,N. Syracuse,NY ,13208,USA,,315-458-2875,"Sales,"
12007,Industrial/Commercial Sales & Service,00010001611002,Huntington Power, 230 Long Hill Cross Rd,,Shelton,CT ,06484,USA,www.huntingtonpower.com,203-929-3203,"Sales,Service,Up To 2MW,Mobile/Diesel/Gas,Training,Rental,"
12007,Industrial/Commercial Sales & Service,00010001731002,Authorized Services Of New England, 410 Forest Street,,Marlborough,MA ,01752,USA,www.asne.com,888-890-9886,"Financing,Sales,Service,Up To 2MW,Mobile/Diesel/Gas,Training,Rental,"
12007,Industrial/Commercial Sales & Service,00010208021002,Modern Group Power Systems, 2501 Durham Road,,Bristol,PA ,19007,USA,www.moderngroup.com,800-404-7291,"Sales,Service,Up To 2MW,Mobile/Diesel/Gas,Training,Rental,"
12007,Industrial/Commercial Sales & Service,00010000931002,"EMERGENCY POWER SYSTEMS, LLC", 35 HAMILTON LANE,,GLENMONT,NY ,12077,USA,,800-914-1465,"Service,Up To 2MW,Mobile/Diesel/Gas,"
12007,Industrial/Commercial Sales & Service,00010000931002,"EMERGENCY POWER SYSTEMS, LLC", 35 HAMILTON LANE,,GLENMONT,NY ,12077,USA,,800-914-1465,"Service,"
12007,Industrial/Commercial Sales & Service,00010001611002,Huntington Power, 34 E DUDLEY TOWN RD.,,BLOOMFIELD,CT ,06002,USA,,860-289-8790,"Sales,Service,Rental,"
12007,Industrial/Commercial Sales & Service,00010001731002,AUTHORIZED SERVICES OF NEW ENGLAND, 410 FOREST STREET,,MARLBOROUGH,MA ,01752,USA,,888-890-9886,"Sales,"
12007,Industrial/Commercial Sales & Service,00010001611002,Huntington Power, 68 Enter Ln,,Islandia,NY ,11749,USA,,631-563-4943,"Sales,Service,Up To 2MW,Mobile/Diesel/Gas,"
12007,Industrial/Commercial Sales & Service,00010208021002,Modern Group Power Systems, 295 New Commerce Blvd.,,Wilkes Barre,PA ,18706,USA,,800-404-7291,"Sales,Service,Up To 2MW,Mobile/Diesel/Gas,"
12007,Industrial/Commercial Sales & Service,00010008091002,MODERN HANDLING EQUIP, 75 NEW STREET,,EDISON,NJ ,08837,USA,www.moderngroup.com,800-779-5116,"Sales,Service,Up To 2MW,Mobile/Diesel/Gas,"
12007,Industrial/Commercial Sales & Service,00010208021002,Modern Group Power Systems, 6352 Chapmans Rd,,Allentown,PA ,18106,USA,,800-404-7291,"Sales,Service,Up To 2MW,Mobile/Diesel/Gas,"
12007,Industrial/Commercial Sales & Service,00010208021002,Modern Group Power Systems, 200 Allied Parkway,,West Berlin,NJ ,08091,USA,,800-404-7291,"Sales,Service,Up To 2MW,Mobile/Diesel/Gas,"
12007,Industrial/Commercial Sales & Service,00010000931002,"EMERGENCY POWER SYSTEMS, LLC", 300 MILE CROSSING BLVD.,,ROCHESTER,NY ,14624,USA,,585-464-6333,"Service,Up To 2MW,Mobile/Diesel/Gas,Rental,"
12007,Industrial/Commercial Sales & Service,00010000931002,"EMERGENCY POWER SYSTEMS, LLC", 300 MILE CROSSING BLVD.,,ROCHESTER,NY ,14624,USA,,585-464-6333,"Service,"
12007,Industrial/Commercial Sales & Service,00010134071002,PEAK POWER SYSTEMS, 99 SPRAGUE AVENUE,,MIDDLETOWN,NY ,10940,USA,www.peakpowersystems.com,845-344-1975,"Sales,Service,Up To 600kW,Mobile/Diesel/Gas,Rental,"
12007,Industrial/Commercial Sales & Service,00010001621002,BROOKFIELD SERVICE, 708 GLEBE ROAD,,WESTMORELAND,NH ,03467,USA,www.brookfieldservice.com,802-485-6567,"Service,Up To 600kW,Mobile/Diesel/Gas,"
12007,Industrial/Commercial Sales & Service,00111209531002,HUNTINGTON POWER - LONG ISLAND, PO BOX 2040,,SHELTON,CT ,06484,USA,,631-586-7513,"Sales,"
12007,Industrial/Commercial Sales & Service,00010001761002,"GENSERVE, INC.", 100 NEWTOWN RD,,PLAINVIEW,NY ,11803,USA,www.genserveinc.com,631-435-0437,"Service,"
12007,Industrial/Commercial Sales & Service,00111209521002,LONG ISLAND EMERGENCY POWER -QO, 2 Ocean Avenue,,DEER PARK,NY ,11729,USA,,631-586-7513,"Sales,"
12007,Industrial/Commercial Sales & Service,00010139211002,POWERPRO SERVICE CO. INC., 608 JOHNSON AVE. UNIT 6,,BOHEMIA,NY ,11716,USA,,631-567-2700,"Sales,Service,Up To 600kW,Mobile/Diesel/Gas,"
12007,Industrial/Commercial Sales & Service,00010001621002,BROOKFIELD SERVICE, 829 VT ROUTE 12 SOUTH,,NORTHFIELD,VT ,05663,USA,www.brookfieldservice.com,802-485-6567,"Sales,Service,Up To 600kW,Mobile/Diesel/Gas,"
12007,Industrial/Commercial Sales & Service,00010021101002,SOUTH SHORE GENERATOR INC-Quote, 2696A CRANBERRY HWY,,WAREHAM,MA ,02571,USA,,508-295-7336,"Sales,Service,Up To 600kW,Mobile/Diesel/Gas,"
12007,Industrial/Commercial Sales & Service,00010001701002,SOUTH SHORE GENERATOR INC, ,,EAST WAREHAM,MA ,02538,USA,,508-295-7336,"Financing,Sales,Service,Up To 600kW,Mobile/Diesel/Gas,"
12007,Industrial/Commercial Sales & Service,00111184131002,HUNTER & LOMISON, 1956 W FOURTH ST,,WILLIAMSPORT,PA ,17701,USA,www.hunterlomison.com,570-326-1764,"Sales,Service,Up To 600kW,Mobile/Diesel/Gas,Rental,"
12007,Industrial/Commercial Sales & Service,00010000881002,HUNTER & LOMISON INC., 1956 W. 4TH STREET,,WILLIAMSPORT,PA ,17701,USA,www.hunterlomison.com,570-326-1764,"Service,Up To 600kW,Mobile/Diesel/Gas,"
12007,Industrial/Commercial Sales & Service,00010001761002,"GENSERVE, INC.", 115A TWINBRIDGE DR.,,PENNSAUKEN,NJ ,08110,USA,www.genserveinc.com,856-324-0459,"Service,"
12007,Industrial/Commercial Sales & Service,00010157021002,Mechanical Service Co, 1145 Oak St.,,Pittston,PA ,18640,USA,,570-654-2445,"Service,"
12007,Industrial/Commercial Sales & Service,00111207431002,WARSHAUER ELECTRIC SUPPLY CO INC, 800 SHREWSBURY AVE,,TINTON FALLS,NJ ,07724,USA,www.warshauer.com,732-741-6400,"Service,"
12007,Industrial/Commercial Sales & Service,00010218321002,CARL F. SMITH, 25 BROOKSIDE AVE,,MORRISONVILLE,NY ,12962,USA,,518-563-2316,"Service,"
12007,Industrial/Commercial Sales & Service,00111252361002,YANKEE GENERATOR INC- IND SRV, 441 POND HILL ROAD,,LUNENBURG,VT ,05906,USA,,802-892-1348,"Service,"
12008,Industrial/Commercial Sales & Service,00010214161002,"R.L. Kistler, Inc", 300 Mile Crossing Blvd.,,Rochester,NY ,14624,USA,rlkistler.com,585-436-1940,"Sales,"
12008,Industrial/Commercial Sales & Service,00010214161002,"R.L. KISTLER, INC.", 35 HAMILTON LANE,,GLENMONT,NY ,12077,USA,,585-436-1940,"Sales,Service,"
12008,Industrial/Commercial Sales & Service,00010214161002,"R.L. Kistler, Inc", 5615 Business Ave.,,N. Syracuse,NY ,13208,USA,,315-458-2875,"Sales,"
12008,Industrial/Commercial Sales & Service,00010214161002,"R.L. Kistler, Inc", 5615 Business Ave.,,N. Syracuse,NY ,13208,USA,,315-458-2875,"Sales,"
12008,Industrial/Commercial Sales & Service,00010001611002,Huntington Power, 230 Long Hill Cross Rd,,Shelton,CT ,06484,USA,www.huntingtonpower.com,203-929-3203,"Sales,Service,Up To 2MW,Mobile/Diesel/Gas,Training,Rental,"
12008,Industrial/Commercial Sales & Service,00010001731002,Authorized Services Of New England, 410 Forest Street,,Marlborough,MA ,01752,USA,www.asne.com,888-890-9886,"Financing,Sales,Service,Up To 2MW,Mobile/Diesel/Gas,Training,Rental,"
12008,Industrial/Commercial Sales & Service,00010208021002,Modern Group Power Systems, 2501 Durham Road,,Bristol,PA ,19007,USA,www.moderngroup.com,800-404-7291,"Sales,Service,Up To 2MW,Mobile/Diesel/Gas,Training,Rental,"
12008,Industrial/Commercial Sales & Service,00010000491002,LE GROUPE ROGER FAGUY INC., 1044 DU VIGER,,TERREBONNE,QC ,J6W 6B9,CAN,www.faguy.com,450-964-5134,"Sales,Service,Up To 2MW,Mobile/Diesel/Gas,Training,Rental,"
12008,Industrial/Commercial Sales & Service,00010000931002,"EMERGENCY POWER SYSTEMS, LLC", 35 HAMILTON LANE,,GLENMONT,NY ,12077,USA,,800-914-1465,"Service,Up To 2MW,Mobile/Diesel/Gas,"
12008,Industrial/Commercial Sales & Service,00010000931002,"EMERGENCY POWER SYSTEMS, LLC", 35 HAMILTON LANE,,GLENMONT,NY ,12077,USA,,800-914-1465,"Service,"
12008,Industrial/Commercial Sales & Service,00010001611002,Huntington Power, 34 E DUDLEY TOWN RD.,,BLOOMFIELD,CT ,06002,USA,,860-289-8790,"Sales,Service,Rental,"
12008,Industrial/Commercial Sales & Service,00010001731002,AUTHORIZED SERVICES OF NEW ENGLAND, 410 FOREST STREET,,MARLBOROUGH,MA ,01752,USA,,888-890-9886,"Sales,"
12008,Industrial/Commercial Sales & Service,00010001611002,Huntington Power, 68 Enter Ln,,Islandia,NY ,11749,USA,,631-563-4943,"Sales,Service,Up To 2MW,Mobile/Diesel/Gas,"
12008,Industrial/Commercial Sales & Service,00010208021002,Modern Group Power Systems, 295 New Commerce Blvd.,,Wilkes Barre,PA ,18706,USA,,800-404-7291,"Sales,Service,Up To 2MW,Mobile/Diesel/Gas,"
12008,Industrial/Commercial Sales & Service,00010008091002,MODERN HANDLING EQUIP, 75 NEW STREET,,EDISON,NJ ,08837,USA,www.moderngroup.com,800-779-5116,"Sales,Service,Up To 2MW,Mobile/Diesel/Gas,"
12008,Industrial/Commercial Sales & Service,00010208021002,Modern Group Power Systems, 6352 Chapmans Rd,,Allentown,PA ,18106,USA,,800-404-7291,"Sales,Service,Up To 2MW,Mobile/Diesel/Gas,"
12008,Industrial/Commercial Sales & Service,00010000931002,"EMERGENCY POWER SYSTEMS, LLC", 300 MILE CROSSING BLVD.,,ROCHESTER,NY ,14624,USA,,585-464-6333,"Service,Up To 2MW,Mobile/Diesel/Gas,Rental,"
12008,Industrial/Commercial Sales & Service,00010000931002,"EMERGENCY POWER SYSTEMS, LLC", 300 MILE CROSSING BLVD.,,ROCHESTER,NY ,14624,USA,,585-464-6333,"Service,"
12008,Industrial/Commercial Sales & Service,00010000491002,LE GROUPE ROGER FAGUY INC., 1044 LE VIGER,,LACHENAIE,QC ,J6W 6B9,CAN,,450-964-5134,"Service,"
12008,Industrial/Commercial Sales & Service,00010001621002,BROOKFIELD SERVICE, 708 GLEBE ROAD,,WESTMORELAND,NH ,03467,USA,www.brookfieldservice.com,802-485-6567,"Service,Up To 600kW,Mobile/Diesel/Gas,"
12008,Industrial/Commercial Sales & Service,00010134071002,PEAK POWER SYSTEMS, 99 SPRAGUE AVENUE,,MIDDLETOWN,NY ,10940,USA,www.peakpowersystems.com,845-344-1975,"Sales,Service,Up To 600kW,Mobile/Diesel/Gas,Rental,"
12008,Industrial/Commercial Sales & Service,00010001621002,BROOKFIELD SERVICE, 829 VT ROUTE 12 SOUTH,,NORTHFIELD,VT ,05663,USA,www.brookfieldservice.com,802-485-6567,"Sales,Service,Up To 600kW,Mobile/Diesel/Gas,"
12008,Industrial/Commercial Sales & Service,00111209531002,HUNTINGTON POWER - LONG ISLAND, PO BOX 2040,,SHELTON,CT ,06484,USA,,631-586-7513,"Sales,"
12008,Industrial/Commercial Sales & Service,00010001761002,"GENSERVE, INC.", 100 NEWTOWN RD,,PLAINVIEW,NY ,11803,USA,www.genserveinc.com,631-435-0437,"Service,"
12008,Industrial/Commercial Sales & Service,00111209521002,LONG ISLAND EMERGENCY POWER -QO, 2 Ocean Avenue,,DEER PARK,NY ,11729,USA,,631-586-7513,"Sales,"
12008,Industrial/Commercial Sales & Service,00010139211002,POWERPRO SERVICE CO. INC., 608 JOHNSON AVE. UNIT 6,,BOHEMIA,NY ,11716,USA,,631-567-2700,"Sales,Service,Up To 600kW,Mobile/Diesel/Gas,"
12008,Industrial/Commercial Sales & Service,00010021101002,SOUTH SHORE GENERATOR INC-Quote, 2696A CRANBERRY HWY,,WAREHAM,MA ,02571,USA,,508-295-7336,"Sales,Service,Up To 600kW,Mobile/Diesel/Gas,"
12008,Industrial/Commercial Sales & Service,00010001701002,SOUTH SHORE GENERATOR INC, ,,EAST WAREHAM,MA ,02538,USA,,508-295-7336,"Financing,Sales,Service,Up To 600kW,Mobile/Diesel/Gas,"
12008,Industrial/Commercial Sales & Service,00111184131002,HUNTER & LOMISON, 1956 W FOURTH ST,,WILLIAMSPORT,PA ,17701,USA,www.hunterlomison.com,570-326-1764,"Sales,Service,Up To 600kW,Mobile/Diesel/Gas,Rental,"
12008,Industrial/Commercial Sales & Service,00010000881002,HUNTER & LOMISON INC., 1956 W. 4TH STREET,,WILLIAMSPORT,PA ,17701,USA,www.hunterlomison.com,570-326-1764,"Service,Up To 600kW,Mobile/Diesel/Gas,"
12008,Industrial/Commercial Sales & Service,00010218321002,CARL F. SMITH, 25 BROOKSIDE AVE,,MORRISONVILLE,NY ,12962,USA,,518-563-2316,"Service,"
12008,Industrial/Commercial Sales & Service,00010157021002,Mechanical Service Co, 1145 Oak St.,,Pittston,PA ,18640,USA,,570-654-2445,"Service,"
12008,Industrial/Commercial Sales & Service,00111252361002,YANKEE GENERATOR INC- IND SRV, 441 POND HILL ROAD,,LUNENBURG,VT ,05906,USA,,802-892-1348,"Service,"
12008,Industrial/Commercial Sales & Service,00111207431002,WARSHAUER ELECTRIC SUPPLY CO INC, 800 SHREWSBURY AVE,,TINTON FALLS,NJ ,07724,USA,www.warshauer.com,732-741-6400,"Service,"
12008,Industrial/Commercial Sales & Service,00010152891002,"Group Maska, Inc.", 550 Ave. de Vaudreuil,,Hyacinthe,QC ,J2S 4H2,CAN,www.groupemaska.com,450-773-7471,"Sales,Service,"
12009,Industrial/Commercial Sales & Service,00010214161002,"R.L. Kistler, Inc", 300 Mile Crossing Blvd.,,Rochester,NY ,14624,USA,rlkistler.com,585-436-1940,"Sales,"
12009,Industrial/Commercial Sales & Service,00010214161002,"R.L. KISTLER, INC.", 35 HAMILTON LANE,,GLENMONT,NY ,12077,USA,,585-436-1940,"Sales,Service,"
12009,Industrial/Commercial Sales & Service,00010214161002,"R.L. Kistler, Inc", 5615 Business Ave.,,N. Syracuse,NY ,13208,USA,,315-458-2875,"Sales,"
12009,Industrial/Commercial Sales & Service,00010214161002,"R.L. Kistler, Inc", 5615 Business Ave.,,N. Syracuse,NY ,13208,USA,,315-458-2875,"Sales,"
12009,Industrial/Commercial Sales & Service,00010001611002,Huntington Power, 230 Long Hill Cross Rd,,Shelton,CT ,06484,USA,www.huntingtonpower.com,203-929-3203,"Sales,Service,Up To 2MW,Mobile/Diesel/Gas,Training,Rental,"
12009,Industrial/Commercial Sales & Service,00010001731002,Authorized Services Of New England, 410 Forest Street,,Marlborough,MA ,01752,USA,www.asne.com,888-890-9886,"Financing,Sales,Service,Up To 2MW,Mobile/Diesel/Gas,Training,Rental,"
12009,Industrial/Commercial Sales & Service,00010208021002,Modern Group Power Systems, 2501 Durham Road,,Bristol,PA ,19007,USA,www.moderngroup.com,800-404-7291,"Sales,Service,Up To 2MW,Mobile/Diesel/Gas,Training,Rental,"
12009,Industrial/Commercial Sales & Service,00010000931002,"EMERGENCY POWER SYSTEMS, LLC", 35 HAMILTON LANE,,GLENMONT,NY ,12077,USA,,800-914-1465,"Service,Up To 2MW,Mobile/Diesel/Gas,"
12009,Industrial/Commercial Sales & Service,00010000931002,"EMERGENCY POWER SYSTEMS, LLC", 35 HAMILTON LANE,,GLENMONT,NY ,12077,USA,,800-914-1465,"Service,"
12009,Industrial/Commercial Sales & Service,00010001611002,Huntington Power, 34 E DUDLEY TOWN RD.,,BLOOMFIELD,CT ,06002,USA,,860-289-8790,"Sales,Service,Rental,"
12009,Industrial/Commercial Sales & Service,00010001731002,AUTHORIZED SERVICES OF NEW ENGLAND, 410 FOREST STREET,,MARLBOROUGH,MA ,01752,USA,,888-890-9886,"Sales,"
12009,Industrial/Commercial Sales & Service,00010001611002,Huntington Power, 68 Enter Ln,,Islandia,NY ,11749,USA,,631-563-4943,"Sales,Service,Up To 2MW,Mobile/Diesel/Gas,"
12009,Industrial/Commercial Sales & Service,00010208021002,Modern Group Power Systems, 295 New Commerce Blvd.,,Wilkes Barre,PA ,18706,USA,,800-404-7291,"Sales,Service,Up To 2MW,Mobile/Diesel/Gas,"
12009,Industrial/Commercial Sales & Service,00010008091002,MODERN HANDLING EQUIP, 75 NEW STREET,,EDISON,NJ ,08837,USA,www.moderngroup.com,800-779-5116,"Sales,Service,Up To 2MW,Mobile/Diesel/Gas,"
12009,Industrial/Commercial Sales & Service,00010208021002,Modern Group Power Systems, 6352 Chapmans Rd,,Allentown,PA ,18106,USA,,800-404-7291,"Sales,Service,Up To 2MW,Mobile/Diesel/Gas,"
12009,Industrial/Commercial Sales & Service,00010000931002,"EMERGENCY POWER SYSTEMS, LLC", 300 MILE CROSSING BLVD.,,ROCHESTER,NY ,14624,USA,,585-464-6333,"Service,Up To 2MW,Mobile/Diesel/Gas,Rental,"
12009,Industrial/Commercial Sales & Service,00010000931002,"EMERGENCY POWER SYSTEMS, LLC", 300 MILE CROSSING BLVD.,,ROCHESTER,NY ,14624,USA,,585-464-6333,"Service,"
12009,Industrial/Commercial Sales & Service,00010001621002,BROOKFIELD SERVICE, 708 GLEBE ROAD,,WESTMORELAND,NH ,03467,USA,www.brookfieldservice.com,802-485-6567,"Service,Up To 600kW,Mobile/Diesel/Gas,"
12009,Industrial/Commercial Sales & Service,00010134071002,PEAK POWER SYSTEMS, 99 SPRAGUE AVENUE,,MIDDLETOWN,NY ,10940,USA,www.peakpowersystems.com,845-344-1975,"Sales,Service,Up To 600kW,Mobile/Diesel/Gas,Rental,"
12009,Industrial/Commercial Sales & Service,00111209531002,HUNTINGTON POWER - LONG ISLAND, PO BOX 2040,,SHELTON,CT ,06484,USA,,631-586-7513,"Sales,"
12009,Industrial/Commercial Sales & Service,00010001621002,BROOKFIELD SERVICE, 829 VT ROUTE 12 SOUTH,,NORTHFIELD,VT ,05663,USA,www.brookfieldservice.com,802-485-6567,"Sales,Service,Up To 600kW,Mobile/Diesel/Gas,"
12009,Industrial/Commercial Sales & Service,00010001761002,"GENSERVE, INC.", 100 NEWTOWN RD,,PLAINVIEW,NY ,11803,USA,www.genserveinc.com,631-435-0437,"Service,"
12009,Industrial/Commercial Sales & Service,00111209521002,LONG ISLAND EMERGENCY POWER -QO, 2 Ocean Avenue,,DEER PARK,NY ,11729,USA,,631-586-7513,"Sales,"
12009,Industrial/Commercial Sales & Service,00010139211002,POWERPRO SERVICE CO. INC., 608 JOHNSON AVE. UNIT 6,,BOHEMIA,NY ,11716,USA,,631-567-2700,"Sales,Service,Up To 600kW,Mobile/Diesel/Gas,"
12009,Industrial/Commercial Sales & Service,00010021101002,SOUTH SHORE GENERATOR INC-Quote, 2696A CRANBERRY HWY,,WAREHAM,MA ,02571,USA,,508-295-7336,"Sales,Service,Up To 600kW,Mobile/Diesel/Gas,"
12009,Industrial/Commercial Sales & Service,00010001701002,SOUTH SHORE GENERATOR INC, ,,EAST WAREHAM,MA ,02538,USA,,508-295-7336,"Financing,Sales,Service,Up To 600kW,Mobile/Diesel/Gas,"
12009,Industrial/Commercial Sales & Service,00111184131002,HUNTER & LOMISON, 1956 W FOURTH ST,,WILLIAMSPORT,PA ,17701,USA,www.hunterlomison.com,570-326-1764,"Sales,Service,Up To 600kW,Mobile/Diesel/Gas,Rental,"
12009,Industrial/Commercial Sales & Service,00010000881002,HUNTER & LOMISON INC., 1956 W. 4TH STREET,,WILLIAMSPORT,PA ,17701,USA,www.hunterlomison.com,570-326-1764,"Service,Up To 600kW,Mobile/Diesel/Gas,"
12009,Industrial/Commercial Sales & Service,00010001761002,"GENSERVE, INC.", 115A TWINBRIDGE DR.,,PENNSAUKEN,NJ ,08110,USA,www.genserveinc.com,856-324-0459,"Service,"
12009,Industrial/Commercial Sales & Service,00010157021002,Mechanical Service Co, 1145 Oak St.,,Pittston,PA ,18640,USA,,570-654-2445,"Service,"
12009,Industrial/Commercial Sales & Service,00010218321002,CARL F. SMITH, 25 BROOKSIDE AVE,,MORRISONVILLE,NY ,12962,USA,,518-563-2316,"Service,"
12009,Industrial/Commercial Sales & Service,00111207431002,WARSHAUER ELECTRIC SUPPLY CO INC, 800 SHREWSBURY AVE,,TINTON FALLS,NJ ,07724,USA,www.warshauer.com,732-741-6400,"Service,"
12009,Industrial/Commercial Sales & Service,00111252361002,YANKEE GENERATOR INC- IND SRV, 441 POND HILL ROAD,,LUNENBURG,VT ,05906,USA,,802-892-1348,"Service,"
12010,Industrial/Commercial Sales & Service,00010214161002,"R.L. KISTLER, INC.", 35 HAMILTON LANE,,GLENMONT,NY ,12077,USA,,585-436-1940,"Sales,Service,"
12010,Industrial/Commercial Sales & Service,00010214161002,"R.L. Kistler, Inc", 300 Mile Crossing Blvd.,,Rochester,NY ,14624,USA,rlkistler.com,585-436-1940,"Sales,"
12010,Industrial/Commercial Sales & Service,00010214161002,"R.L. Kistler, Inc", 5615 Business Ave.,,N. Syracuse,NY ,13208,USA,,315-458-2875,"Sales,"
12010,Industrial/Commercial Sales & Service,00010214161002,"R.L. Kistler, Inc", 5615 Business Ave.,,N. Syracuse,NY ,13208,USA,,315-458-2875,"Sales,"
12010,Industrial/Commercial Sales & Service,00010001611002,Huntington Power, 230 Long Hill Cross Rd,,Shelton,CT ,06484,USA,www.huntingtonpower.com,203-929-3203,"Sales,Service,Up To 2MW,Mobile/Diesel/Gas,Training,Rental,"
12010,Industrial/Commercial Sales & Service,00010001731002,Authorized Services Of New England, 410 Forest Street,,Marlborough,MA ,01752,USA,www.asne.com,888-890-9886,"Financing,Sales,Service,Up To 2MW,Mobile/Diesel/Gas,Training,Rental,"
12010,Industrial/Commercial Sales & Service,00010000491002,LE GROUPE ROGER FAGUY INC., 1044 DU VIGER,,TERREBONNE,QC ,J6W 6B9,CAN,www.faguy.com,450-964-5134,"Sales,Service,Up To 2MW,Mobile/Diesel/Gas,Training,Rental,"
12010,Industrial/Commercial Sales & Service,00010208021002,Modern Group Power Systems, 2501 Durham Road,,Bristol,PA ,19007,USA,www.moderngroup.com,800-404-7291,"Sales,Service,Up To 2MW,Mobile/Diesel/Gas,Training,Rental,"
12010,Industrial/Commercial Sales & Service,00010000931002,"EMERGENCY POWER SYSTEMS, LLC", 35 HAMILTON LANE,,GLENMONT,NY ,12077,USA,,800-914-1465,"Service,Up To 2MW,Mobile/Diesel/Gas,"
12010,Industrial/Commercial Sales & Service,00010000931002,"EMERGENCY POWER SYSTEMS, LLC", 35 HAMILTON LANE,,GLENMONT,NY ,12077,USA,,800-914-1465,"Service,"
12010,Industrial/Commercial Sales & Service,00010001611002,Huntington Power, 34 E DUDLEY TOWN RD.,,BLOOMFIELD,CT ,06002,USA,,860-289-8790,"Sales,Service,Rental,"
12010,Industrial/Commercial Sales & Service,00010001731002,AUTHORIZED SERVICES OF NEW ENGLAND, 410 FOREST STREET,,MARLBOROUGH,MA ,01752,USA,,888-890-9886,"Sales,"
12010,Industrial/Commercial Sales & Service,00010208021002,Modern Group Power Systems, 295 New Commerce Blvd.,,Wilkes Barre,PA ,18706,USA,,800-404-7291,"Sales,Service,Up To 2MW,Mobile/Diesel/Gas,"
12010,Industrial/Commercial Sales & Service,00010001611002,Huntington Power, 68 Enter Ln,,Islandia,NY ,11749,USA,,631-563-4943,"Sales,Service,Up To 2MW,Mobile/Diesel/Gas,"
12010,Industrial/Commercial Sales & Service,00010008091002,MODERN HANDLING EQUIP, 75 NEW STREET,,EDISON,NJ ,08837,USA,www.moderngroup.com,800-779-5116,"Sales,Service,Up To 2MW,Mobile/Diesel/Gas,"
12010,Industrial/Commercial Sales & Service,00010208021002,Modern Group Power Systems, 6352 Chapmans Rd,,Allentown,PA ,18106,USA,,800-404-7291,"Sales,Service,Up To 2MW,Mobile/Diesel/Gas,"
12010,Industrial/Commercial Sales & Service,00010000931002,"EMERGENCY POWER SYSTEMS, LLC", 300 MILE CROSSING BLVD.,,ROCHESTER,NY ,14624,USA,,585-464-6333,"Service,Up To 2MW,Mobile/Diesel/Gas,Rental,"
12010,Industrial/Commercial Sales & Service,00010000931002,"EMERGENCY POWER SYSTEMS, LLC", 300 MILE CROSSING BLVD.,,ROCHESTER,NY ,14624,USA,,585-464-6333,"Service,"
12010,Industrial/Commercial Sales & Service,00010000491002,LE GROUPE ROGER FAGUY INC., 1044 LE VIGER,,LACHENAIE,QC ,J6W 6B9,CAN,,450-964-5134,"Service,"
12010,Industrial/Commercial Sales & Service,00010001621002,BROOKFIELD SERVICE, 708 GLEBE ROAD,,WESTMORELAND,NH ,03467,USA,www.brookfieldservice.com,802-485-6567,"Service,Up To 600kW,Mobile/Diesel/Gas,"
12010,Industrial/Commercial Sales & Service,00010134071002,PEAK POWER SYSTEMS, 99 SPRAGUE AVENUE,,MIDDLETOWN,NY ,10940,USA,www.peakpowersystems.com,845-344-1975,"Sales,Service,Up To 600kW,Mobile/Diesel/Gas,Rental,"
12010,Industrial/Commercial Sales & Service,00010001621002,BROOKFIELD SERVICE, 829 VT ROUTE 12 SOUTH,,NORTHFIELD,VT ,05663,USA,www.brookfieldservice.com,802-485-6567,"Sales,Service,Up To 600kW,Mobile/Diesel/Gas,"
12010,Industrial/Commercial Sales & Service,00111209531002,HUNTINGTON POWER - LONG ISLAND, PO BOX 2040,,SHELTON,CT ,06484,USA,,631-586-7513,"Sales,"
12010,Industrial/Commercial Sales & Service,00010001761002,"GENSERVE, INC.", 100 NEWTOWN RD,,PLAINVIEW,NY ,11803,USA,www.genserveinc.com,631-435-0437,"Service,"
12010,Industrial/Commercial Sales & Service,00111209521002,LONG ISLAND EMERGENCY POWER -QO, 2 Ocean Avenue,,DEER PARK,NY ,11729,USA,,631-586-7513,"Sales,"
12010,Industrial/Commercial Sales & Service,00010139211002,POWERPRO SERVICE CO. INC., 608 JOHNSON AVE. UNIT 6,,BOHEMIA,NY ,11716,USA,,631-567-2700,"Sales,Service,Up To 600kW,Mobile/Diesel/Gas,"
12010,Industrial/Commercial Sales & Service,00111184131002,HUNTER & LOMISON, 1956 W FOURTH ST,,WILLIAMSPORT,PA ,17701,USA,www.hunterlomison.com,570-326-1764,"Sales,Service,Up To 600kW,Mobile/Diesel/Gas,Rental,"
12010,Industrial/Commercial Sales & Service,00010000881002,HUNTER & LOMISON INC., 1956 W. 4TH STREET,,WILLIAMSPORT,PA ,17701,USA,www.hunterlomison.com,570-326-1764,"Service,Up To 600kW,Mobile/Diesel/Gas,"
12010,Industrial/Commercial Sales & Service,00010021101002,SOUTH SHORE GENERATOR INC-Quote, 2696A CRANBERRY HWY,,WAREHAM,MA ,02571,USA,,508-295-7336,"Sales,Service,Up To 600kW,Mobile/Diesel/Gas,"
12010,Industrial/Commercial Sales & Service,00010001701002,SOUTH SHORE GENERATOR INC, ,,EAST WAREHAM,MA ,02538,USA,,508-295-7336,"Financing,Sales,Service,Up To 600kW,Mobile/Diesel/Gas,"
12010,Industrial/Commercial Sales & Service,00010218321002,CARL F. SMITH, 25 BROOKSIDE AVE,,MORRISONVILLE,NY ,12962,USA,,518-563-2316,"Service,"
12010,Industrial/Commercial Sales & Service,00010157021002,Mechanical Service Co, 1145 Oak St.,,Pittston,PA ,18640,USA,,570-654-2445,"Service,"
12010,Industrial/Commercial Sales & Service,00111252361002,YANKEE GENERATOR INC- IND SRV, 441 POND HILL ROAD,,LUNENBURG,VT ,05906,USA,,802-892-1348,"Service,"
12010,Industrial/Commercial Sales & Service,00111207431002,WARSHAUER ELECTRIC SUPPLY CO INC, 800 SHREWSBURY AVE,,TINTON FALLS,NJ ,07724,USA,www.warshauer.com,732-741-6400,"Service,"
12010,Industrial/Commercial Sales & Service,00010152891002,"Group Maska, Inc.", 550 Ave. de Vaudreuil,,Hyacinthe,QC ,J2S 4H2,CAN,www.groupemaska.com,450-773-7471,"Sales,Service,"
12015,Industrial/Commercial Sales & Service,00010214161002,"R.L. Kistler, Inc", 300 Mile Crossing Blvd.,,Rochester,NY ,14624,USA,rlkistler.com,585-436-1940,"Sales,"
12015,Industrial/Commercial Sales & Service,00010214161002,"R.L. KISTLER, INC.", 35 HAMILTON LANE,,GLENMONT,NY ,12077,USA,,585-436-1940,"Sales,Service,"
12015,Industrial/Commercial Sales & Service,00010214161002,"R.L. Kistler, Inc", 5615 Business Ave.,,N. Syracuse,NY ,13208,USA,,315-458-2875,"Sales,"
12015,Industrial/Commercial Sales & Service,00010214161002,"R.L. Kistler, Inc", 5615 Business Ave.,,N. Syracuse,NY ,13208,USA,,315-458-2875,"Sales,"
12015,Industrial/Commercial Sales & Service,00010001611002,Huntington Power, 230 Long Hill Cross Rd,,Shelton,CT ,06484,USA,www.huntingtonpower.com,203-929-3203,"Sales,Service,Up To 2MW,Mobile/Diesel/Gas,Training,Rental,"
12015,Industrial/Commercial Sales & Service,00010001731002,Authorized Services Of New England, 410 Forest Street,,Marlborough,MA ,01752,USA,www.asne.com,888-890-9886,"Financing,Sales,Service,Up To 2MW,Mobile/Diesel/Gas,Training,Rental,"
12015,Industrial/Commercial Sales & Service,00010208021002,Modern Group Power Systems, 2501 Durham Road,,Bristol,PA ,19007,USA,www.moderngroup.com,800-404-7291,"Sales,Service,Up To 2MW,Mobile/Diesel/Gas,Training,Rental,"
12015,Industrial/Commercial Sales & Service,00010000931002,"EMERGENCY POWER SYSTEMS, LLC", 35 HAMILTON LANE,,GLENMONT,NY ,12077,USA,,800-914-1465,"Service,Up To 2MW,Mobile/Diesel/Gas,"
12015,Industrial/Commercial Sales & Service,00010000931002,"EMERGENCY POWER SYSTEMS, LLC", 35 HAMILTON LANE,,GLENMONT,NY ,12077,USA,,800-914-1465,"Service,"
12015,Industrial/Commercial Sales & Service,00010001611002,Huntington Power, 34 E DUDLEY TOWN RD.,,BLOOMFIELD,CT ,06002,USA,,860-289-8790,"Sales,Service,Rental,"
12015,Industrial/Commercial Sales & Service,00010001611002,Huntington Power, 68 Enter Ln,,Islandia,NY ,11749,USA,,631-563-4943,"Sales,Service,Up To 2MW,Mobile/Diesel/Gas,"
12015,Industrial/Commercial Sales & Service,00010001731002,AUTHORIZED SERVICES OF NEW ENGLAND, 410 FOREST STREET,,MARLBOROUGH,MA ,01752,USA,,888-890-9886,"Sales,"
12015,Industrial/Commercial Sales & Service,00010008091002,MODERN HANDLING EQUIP, 75 NEW STREET,,EDISON,NJ ,08837,USA,www.moderngroup.com,800-779-5116,"Sales,Service,Up To 2MW,Mobile/Diesel/Gas,"
12015,Industrial/Commercial Sales & Service,00010208021002,Modern Group Power Systems, 295 New Commerce Blvd.,,Wilkes Barre,PA ,18706,USA,,800-404-7291,"Sales,Service,Up To 2MW,Mobile/Diesel/Gas,"
12015,Industrial/Commercial Sales & Service,00010208021002,Modern Group Power Systems, 6352 Chapmans Rd,,Allentown,PA ,18106,USA,,800-404-7291,"Sales,Service,Up To 2MW,Mobile/Diesel/Gas,"
12015,Industrial/Commercial Sales & Service,00010208021002,Modern Group Power Systems, 200 Allied Parkway,,West Berlin,NJ ,08091,USA,,800-404-7291,"Sales,Service,Up To 2MW,Mobile/Diesel/Gas,"
12015,Industrial/Commercial Sales & Service,00010134071002,PEAK POWER SYSTEMS, 99 SPRAGUE AVENUE,,MIDDLETOWN,NY ,10940,USA,www.peakpowersystems.com,845-344-1975,"Sales,Service,Up To 600kW,Mobile/Diesel/Gas,Rental,"
12015,Industrial/Commercial Sales & Service,00111209531002,HUNTINGTON POWER - LONG ISLAND, PO BOX 2040,,SHELTON,CT ,06484,USA,,631-586-7513,"Sales,"
12015,Industrial/Commercial Sales & Service,00010001621002,BROOKFIELD SERVICE, 708 GLEBE ROAD,,WESTMORELAND,NH ,03467,USA,www.brookfieldservice.com,802-485-6567,"Service,Up To 600kW,Mobile/Diesel/Gas,"
12015,Industrial/Commercial Sales & Service,00010001761002,"GENSERVE, INC.", 100 NEWTOWN RD,,PLAINVIEW,NY ,11803,USA,www.genserveinc.com,631-435-0437,"Service,"
12015,Industrial/Commercial Sales & Service,00111209521002,LONG ISLAND EMERGENCY POWER -QO, 2 Ocean Avenue,,DEER PARK,NY ,11729,USA,,631-586-7513,"Sales,"
12015,Industrial/Commercial Sales & Service,00010139211002,POWERPRO SERVICE CO. INC., 608 JOHNSON AVE. UNIT 6,,BOHEMIA,NY ,11716,USA,,631-567-2700,"Sales,Service,Up To 600kW,Mobile/Diesel/Gas,"
12015,Industrial/Commercial Sales & Service,00010001621002,BROOKFIELD SERVICE, 829 VT ROUTE 12 SOUTH,,NORTHFIELD,VT ,05663,USA,www.brookfieldservice.com,802-485-6567,"Sales,Service,Up To 600kW,Mobile/Diesel/Gas,"
12015,Industrial/Commercial Sales & Service,00010021101002,SOUTH SHORE GENERATOR INC-Quote, 2696A CRANBERRY HWY,,WAREHAM,MA ,02571,USA,,508-295-7336,"Sales,Service,Up To 600kW,Mobile/Diesel/Gas,"
12015,Industrial/Commercial Sales & Service,00010001701002,SOUTH SHORE GENERATOR INC, ,,EAST WAREHAM,MA ,02538,USA,,508-295-7336,"Financing,Sales,Service,Up To 600kW,Mobile/Diesel/Gas,"
12015,Industrial/Commercial Sales & Service,00010001761002,"GENSERVE, INC.", 115A TWINBRIDGE DR.,,PENNSAUKEN,NJ ,08110,USA,www.genserveinc.com,856-324-0459,"Service,"
12015,Industrial/Commercial Sales & Service,00111184131002,HUNTER & LOMISON, 1956 W FOURTH ST,,WILLIAMSPORT,PA ,17701,USA,www.hunterlomison.com,570-326-1764,"Sales,Service,Up To 600kW,Mobile/Diesel/Gas,Rental,"
12015,Industrial/Commercial Sales & Service,00010000881002,HUNTER & LOMISON INC., 1956 W. 4TH STREET,,WILLIAMSPORT,PA ,17701,USA,www.hunterlomison.com,570-326-1764,"Service,Up To 600kW,Mobile/Diesel/Gas,"
12015,Industrial/Commercial Sales & Service,00010157021002,Mechanical Service Co, 1145 Oak St.,,Pittston,PA ,18640,USA,,570-654-2445,"Service,"
12015,Industrial/Commercial Sales & Service,00111207431002,WARSHAUER ELECTRIC SUPPLY CO INC, 800 SHREWSBURY AVE,,TINTON FALLS,NJ ,07724,USA,www.warshauer.com,732-741-6400,"Service,"
12015,Industrial/Commercial Sales & Service,00010218321002,CARL F. SMITH, 25 BROOKSIDE AVE,,MORRISONVILLE,NY ,12962,USA,,518-563-2316,"Service,"
12015,Industrial/Commercial Sales & Service,00111252361002,YANKEE GENERATOR INC- IND SRV, 441 POND HILL ROAD,,LUNENBURG,VT ,05906,USA,,802-892-1348,"Service,"
12016,Industrial/Commercial Sales & Service,00010214161002,"R.L. KISTLER, INC.", 35 HAMILTON LANE,,GLENMONT,NY ,12077,USA,,585-436-1940,"Sales,Service,"
12016,Industrial/Commercial Sales & Service,00010214161002,"R.L. Kistler, Inc", 300 Mile Crossing Blvd.,,Rochester,NY ,14624,USA,rlkistler.com,585-436-1940,"Sales,"
12016,Industrial/Commercial Sales & Service,00010214161002,"R.L. Kistler, Inc", 5615 Business Ave.,,N. Syracuse,NY ,13208,USA,,315-458-2875,"Sales,"
12016,Industrial/Commercial Sales & Service,00010214161002,"R.L. Kistler, Inc", 5615 Business Ave.,,N. Syracuse,NY ,13208,USA,,315-458-2875,"Sales,"
12016,Industrial/Commercial Sales & Service,00010001611002,Huntington Power, 230 Long Hill Cross Rd,,Shelton,CT ,06484,USA,www.huntingtonpower.com,203-929-3203,"Sales,Service,Up To 2MW,Mobile/Diesel/Gas,Training,Rental,"
12016,Industrial/Commercial Sales & Service,00010001731002,Authorized Services Of New England, 410 Forest Street,,Marlborough,MA ,01752,USA,www.asne.com,888-890-9886,"Financing,Sales,Service,Up To 2MW,Mobile/Diesel/Gas,Training,Rental,"
12016,Industrial/Commercial Sales & Service,00010000491002,LE GROUPE ROGER FAGUY INC., 1044 DU VIGER,,TERREBONNE,QC ,J6W 6B9,CAN,www.faguy.com,450-964-5134,"Sales,Service,Up To 2MW,Mobile/Diesel/Gas,Training,Rental,"
12016,Industrial/Commercial Sales & Service,00010208021002,Modern Group Power Systems, 2501 Durham Road,,Bristol,PA ,19007,USA,www.moderngroup.com,800-404-7291,"Sales,Service,Up To 2MW,Mobile/Diesel/Gas,Training,Rental,"
12016,Industrial/Commercial Sales & Service,00010000931002,"EMERGENCY POWER SYSTEMS, LLC", 35 HAMILTON LANE,,GLENMONT,NY ,12077,USA,,800-914-1465,"Service,Up To 2MW,Mobile/Diesel/Gas,"
12016,Industrial/Commercial Sales & Service,00010000931002,"EMERGENCY POWER SYSTEMS, LLC", 35 HAMILTON LANE,,GLENMONT,NY ,12077,USA,,800-914-1465,"Service,"
12016,Industrial/Commercial Sales & Service,00010001611002,Huntington Power, 34 E DUDLEY TOWN RD.,,BLOOMFIELD,CT ,06002,USA,,860-289-8790,"Sales,Service,Rental,"
12016,Industrial/Commercial Sales & Service,00010208021002,Modern Group Power Systems, 295 New Commerce Blvd.,,Wilkes Barre,PA ,18706,USA,,800-404-7291,"Sales,Service,Up To 2MW,Mobile/Diesel/Gas,"
12016,Industrial/Commercial Sales & Service,00010001731002,AUTHORIZED SERVICES OF NEW ENGLAND, 410 FOREST STREET,,MARLBOROUGH,MA ,01752,USA,,888-890-9886,"Sales,"
12016,Industrial/Commercial Sales & Service,00010001611002,Huntington Power, 68 Enter Ln,,Islandia,NY ,11749,USA,,631-563-4943,"Sales,Service,Up To 2MW,Mobile/Diesel/Gas,"
12016,Industrial/Commercial Sales & Service,00010008091002,MODERN HANDLING EQUIP, 75 NEW STREET,,EDISON,NJ ,08837,USA,www.moderngroup.com,800-779-5116,"Sales,Service,Up To 2MW,Mobile/Diesel/Gas,"
12016,Industrial/Commercial Sales & Service,00010000931002,"EMERGENCY POWER SYSTEMS, LLC", 300 MILE CROSSING BLVD.,,ROCHESTER,NY ,14624,USA,,585-464-6333,"Service,Up To 2MW,Mobile/Diesel/Gas,Rental,"
12016,Industrial/Commercial Sales & Service,00010000931002,"EMERGENCY POWER SYSTEMS, LLC", 300 MILE CROSSING BLVD.,,ROCHESTER,NY ,14624,USA,,585-464-6333,"Service,"
12016,Industrial/Commercial Sales & Service,00010208021002,Modern Group Power Systems, 6352 Chapmans Rd,,Allentown,PA ,18106,USA,,800-404-7291,"Sales,Service,Up To 2MW,Mobile/Diesel/Gas,"
12016,Industrial/Commercial Sales & Service,00010000491002,LE GROUPE ROGER FAGUY INC., 1044 LE VIGER,,LACHENAIE,QC ,J6W 6B9,CAN,,450-964-5134,"Service,"
12016,Industrial/Commercial Sales & Service,00010001621002,BROOKFIELD SERVICE, 708 GLEBE ROAD,,WESTMORELAND,NH ,03467,USA,www.brookfieldservice.com,802-485-6567,"Service,Up To 600kW,Mobile/Diesel/Gas,"
12016,Industrial/Commercial Sales & Service,00010134071002,PEAK POWER SYSTEMS, 99 SPRAGUE AVENUE,,MIDDLETOWN,NY ,10940,USA,www.peakpowersystems.com,845-344-1975,"Sales,Service,Up To 600kW,Mobile/Diesel/Gas,Rental,"
12016,Industrial/Commercial Sales & Service,00010001621002,BROOKFIELD SERVICE, 829 VT ROUTE 12 SOUTH,,NORTHFIELD,VT ,05663,USA,www.brookfieldservice.com,802-485-6567,"Sales,Service,Up To 600kW,Mobile/Diesel/Gas,"
12016,Industrial/Commercial Sales & Service,00111209531002,HUNTINGTON POWER - LONG ISLAND, PO BOX 2040,,SHELTON,CT ,06484,USA,,631-586-7513,"Sales,"
12016,Industrial/Commercial Sales & Service,00010001761002,"GENSERVE, INC.", 100 NEWTOWN RD,,PLAINVIEW,NY ,11803,USA,www.genserveinc.com,631-435-0437,"Service,"
12016,Industrial/Commercial Sales & Service,00111209521002,LONG ISLAND EMERGENCY POWER -QO, 2 Ocean Avenue,,DEER PARK,NY ,11729,USA,,631-586-7513,"Sales,"
12016,Industrial/Commercial Sales & Service,00010139211002,POWERPRO SERVICE CO. INC., 608 JOHNSON AVE. UNIT 6,,BOHEMIA,NY ,11716,USA,,631-567-2700,"Sales,Service,Up To 600kW,Mobile/Diesel/Gas,"
12016,Industrial/Commercial Sales & Service,00111184131002,HUNTER & LOMISON, 1956 W FOURTH ST,,WILLIAMSPORT,PA ,17701,USA,www.hunterlomison.com,570-326-1764,"Sales,Service,Up To 600kW,Mobile/Diesel/Gas,Rental,"
12016,Industrial/Commercial Sales & Service,00010000881002,HUNTER & LOMISON INC., 1956 W. 4TH STREET,,WILLIAMSPORT,PA ,17701,USA,www.hunterlomison.com,570-326-1764,"Service,Up To 600kW,Mobile/Diesel/Gas,"
12016,Industrial/Commercial Sales & Service,00010218321002,CARL F. SMITH, 25 BROOKSIDE AVE,,MORRISONVILLE,NY ,12962,USA,,518-563-2316,"Service,"
12016,Industrial/Commercial Sales & Service,00010157021002,Mechanical Service Co, 1145 Oak St.,,Pittston,PA ,18640,USA,,570-654-2445,"Service,"
12016,Industrial/Commercial Sales & Service,00111252361002,YANKEE GENERATOR INC- IND SRV, 441 POND HILL ROAD,,LUNENBURG,VT ,05906,USA,,802-892-1348,"Service,"
12016,Industrial/Commercial Sales & Service,00111207431002,WARSHAUER ELECTRIC SUPPLY CO INC, 800 SHREWSBURY AVE,,TINTON FALLS,NJ ,07724,USA,www.warshauer.com,732-741-6400,"Service,"
12016,Industrial/Commercial Sales & Service,00010152891002,"Group Maska, Inc.", 550 Ave. de Vaudreuil,,Hyacinthe,QC ,J2S 4H2,CAN,www.groupemaska.com,450-773-7471,"Sales,Service,"
12017,Industrial/Commercial Sales & Service,00010214161002,"R.L. KISTLER, INC.", 35 HAMILTON LANE,,GLENMONT,NY ,12077,USA,,585-436-1940,"Sales,Service,"
12017,Industrial/Commercial Sales & Service,00010214161002,"R.L. Kistler, Inc", 300 Mile Crossing Blvd.,,Rochester,NY ,14624,USA,rlkistler.com,585-436-1940,"Sales,"
12017,Industrial/Commercial Sales & Service,00010214161002,"R.L. Kistler, Inc", 5615 Business Ave.,,N. Syracuse,NY ,13208,USA,,315-458-2875,"Sales,"
12017,Industrial/Commercial Sales & Service,00010214161002,"R.L. Kistler, Inc", 5615 Business Ave.,,N. Syracuse,NY ,13208,USA,,315-458-2875,"Sales,"
12017,Industrial/Commercial Sales & Service,00010001611002,Huntington Power, 230 Long Hill Cross Rd,,Shelton,CT ,06484,USA,www.huntingtonpower.com,203-929-3203,"Sales,Service,Up To 2MW,Mobile/Diesel/Gas,Training,Rental,"
12017,Industrial/Commercial Sales & Service,00010001731002,Authorized Services Of New England, 410 Forest Street,,Marlborough,MA ,01752,USA,www.asne.com,888-890-9886,"Financing,Sales,Service,Up To 2MW,Mobile/Diesel/Gas,Training,Rental,"
12017,Industrial/Commercial Sales & Service,00010208021002,Modern Group Power Systems, 2501 Durham Road,,Bristol,PA ,19007,USA,www.moderngroup.com,800-404-7291,"Sales,Service,Up To 2MW,Mobile/Diesel/Gas,Training,Rental,"
12017,Industrial/Commercial Sales & Service,00010000931002,"EMERGENCY POWER SYSTEMS, LLC", 35 HAMILTON LANE,,GLENMONT,NY ,12077,USA,,800-914-1465,"Service,Up To 2MW,Mobile/Diesel/Gas,"
12017,Industrial/Commercial Sales & Service,00010000931002,"EMERGENCY POWER SYSTEMS, LLC", 35 HAMILTON LANE,,GLENMONT,NY ,12077,USA,,800-914-1465,"Service,"
12017,Industrial/Commercial Sales & Service,00010001611002,Huntington Power, 34 E DUDLEY TOWN RD.,,BLOOMFIELD,CT ,06002,USA,,860-289-8790,"Sales,Service,Rental,"
12017,Industrial/Commercial Sales & Service,00010001731002,AUTHORIZED SERVICES OF NEW ENGLAND, 410 FOREST STREET,,MARLBOROUGH,MA ,01752,USA,,888-890-9886,"Sales,"
12017,Industrial/Commercial Sales & Service,00010001611002,Huntington Power, 68 Enter Ln,,Islandia,NY ,11749,USA,,631-563-4943,"Sales,Service,Up To 2MW,Mobile/Diesel/Gas,"
12017,Industrial/Commercial Sales & Service,00010008091002,MODERN HANDLING EQUIP, 75 NEW STREET,,EDISON,NJ ,08837,USA,www.moderngroup.com,800-779-5116,"Sales,Service,Up To 2MW,Mobile/Diesel/Gas,"
12017,Industrial/Commercial Sales & Service,00010208021002,Modern Group Power Systems, 295 New Commerce Blvd.,,Wilkes Barre,PA ,18706,USA,,800-404-7291,"Sales,Service,Up To 2MW,Mobile/Diesel/Gas,"
12017,Industrial/Commercial Sales & Service,00010208021002,Modern Group Power Systems, 6352 Chapmans Rd,,Allentown,PA ,18106,USA,,800-404-7291,"Sales,Service,Up To 2MW,Mobile/Diesel/Gas,"
12017,Industrial/Commercial Sales & Service,00010208021002,Modern Group Power Systems, 200 Allied Parkway,,West Berlin,NJ ,08091,USA,,800-404-7291,"Sales,Service,Up To 2MW,Mobile/Diesel/Gas,"
12017,Industrial/Commercial Sales & Service,00010001621002,BROOKFIELD SERVICE, 708 GLEBE ROAD,,WESTMORELAND,NH ,03467,USA,www.brookfieldservice.com,802-485-6567,"Service,Up To 600kW,Mobile/Diesel/Gas,"
12017,Industrial/Commercial Sales & Service,00111209531002,HUNTINGTON POWER - LONG ISLAND, PO BOX 2040,,SHELTON,CT ,06484,USA,,631-586-7513,"Sales,"
12017,Industrial/Commercial Sales & Service,00010134071002,PEAK POWER SYSTEMS, 99 SPRAGUE AVENUE,,MIDDLETOWN,NY ,10940,USA,www.peakpowersystems.com,845-344-1975,"Sales,Service,Up To 600kW,Mobile/Diesel/Gas,Rental,"
12017,Industrial/Commercial Sales & Service,00010001761002,"GENSERVE, INC.", 100 NEWTOWN RD,,PLAINVIEW,NY ,11803,USA,www.genserveinc.com,631-435-0437,"Service,"
12017,Industrial/Commercial Sales & Service,00010139211002,POWERPRO SERVICE CO. INC., 608 JOHNSON AVE. UNIT 6,,BOHEMIA,NY ,11716,USA,,631-567-2700,"Sales,Service,Up To 600kW,Mobile/Diesel/Gas,"
12017,Industrial/Commercial Sales & Service,00111209521002,LONG ISLAND EMERGENCY POWER -QO, 2 Ocean Avenue,,DEER PARK,NY ,11729,USA,,631-586-7513,"Sales,"
12017,Industrial/Commercial Sales & Service,00010001621002,BROOKFIELD SERVICE, 829 VT ROUTE 12 SOUTH,,NORTHFIELD,VT ,05663,USA,www.brookfieldservice.com,802-485-6567,"Sales,Service,Up To 600kW,Mobile/Diesel/Gas,"
12017,Industrial/Commercial Sales & Service,00010021101002,SOUTH SHORE GENERATOR INC-Quote, 2696A CRANBERRY HWY,,WAREHAM,MA ,02571,USA,,508-295-7336,"Sales,Service,Up To 600kW,Mobile/Diesel/Gas,"
12017,Industrial/Commercial Sales & Service,00010001701002,SOUTH SHORE GENERATOR INC, ,,EAST WAREHAM,MA ,02538,USA,,508-295-7336,"Financing,Sales,Service,Up To 600kW,Mobile/Diesel/Gas,"
12017,Industrial/Commercial Sales & Service,00010001761002,"GENSERVE, INC.", 115A TWINBRIDGE DR.,,PENNSAUKEN,NJ ,08110,USA,www.genserveinc.com,856-324-0459,"Service,"
12017,Industrial/Commercial Sales & Service,00111184131002,HUNTER & LOMISON, 1956 W FOURTH ST,,WILLIAMSPORT,PA ,17701,USA,www.hunterlomison.com,570-326-1764,"Sales,Service,Up To 600kW,Mobile/Diesel/Gas,Rental,"
12017,Industrial/Commercial Sales & Service,00010000881002,HUNTER & LOMISON INC., 1956 W. 4TH STREET,,WILLIAMSPORT,PA ,17701,USA,www.hunterlomison.com,570-326-1764,"Service,Up To 600kW,Mobile/Diesel/Gas,"
12017,Industrial/Commercial Sales & Service,00010157021002,Mechanical Service Co, 1145 Oak St.,,Pittston,PA ,18640,USA,,570-654-2445,"Service,"
12017,Industrial/Commercial Sales & Service,00111207431002,WARSHAUER ELECTRIC SUPPLY CO INC, 800 SHREWSBURY AVE,,TINTON FALLS,NJ ,07724,USA,www.warshauer.com,732-741-6400,"Service,"
12017,Industrial/Commercial Sales & Service,00010218321002,CARL F. SMITH, 25 BROOKSIDE AVE,,MORRISONVILLE,NY ,12962,USA,,518-563-2316,"Service,"
12017,Industrial/Commercial Sales & Service,00111252361002,YANKEE GENERATOR INC- IND SRV, 441 POND HILL ROAD,,LUNENBURG,VT ,05906,USA,,802-892-1348,"Service,"
12018,Industrial/Commercial Sales & Service,00010214161002,"R.L. Kistler, Inc", 300 Mile Crossing Blvd.,,Rochester,NY ,14624,USA,rlkistler.com,585-436-1940,"Sales,"
12018,Industrial/Commercial Sales & Service,00010214161002,"R.L. KISTLER, INC.", 35 HAMILTON LANE,,GLENMONT,NY ,12077,USA,,585-436-1940,"Sales,Service,"
12018,Industrial/Commercial Sales & Service,00010214161002,"R.L. Kistler, Inc", 5615 Business Ave.,,N. Syracuse,NY ,13208,USA,,315-458-2875,"Sales,"
12018,Industrial/Commercial Sales & Service,00010214161002,"R.L. Kistler, Inc", 5615 Business Ave.,,N. Syracuse,NY ,13208,USA,,315-458-2875,"Sales,"
12018,Industrial/Commercial Sales & Service,00010001611002,Huntington Power, 230 Long Hill Cross Rd,,Shelton,CT ,06484,USA,www.huntingtonpower.com,203-929-3203,"Sales,Service,Up To 2MW,Mobile/Diesel/Gas,Training,Rental,"
12018,Industrial/Commercial Sales & Service,00010001731002,Authorized Services Of New England, 410 Forest Street,,Marlborough,MA ,01752,USA,www.asne.com,888-890-9886,"Financing,Sales,Service,Up To 2MW,Mobile/Diesel/Gas,Training,Rental,"
12018,Industrial/Commercial Sales & Service,00010208021002,Modern Group Power Systems, 2501 Durham Road,,Bristol,PA ,19007,USA,www.moderngroup.com,800-404-7291,"Sales,Service,Up To 2MW,Mobile/Diesel/Gas,Training,Rental,"
12018,Industrial/Commercial Sales & Service,00010000931002,"EMERGENCY POWER SYSTEMS, LLC", 35 HAMILTON LANE,,GLENMONT,NY ,12077,USA,,800-914-1465,"Service,Up To 2MW,Mobile/Diesel/Gas,"
12018,Industrial/Commercial Sales & Service,00010000931002,"EMERGENCY POWER SYSTEMS, LLC", 35 HAMILTON LANE,,GLENMONT,NY ,12077,USA,,800-914-1465,"Service,"
12018,Industrial/Commercial Sales & Service,00010001611002,Huntington Power, 34 E DUDLEY TOWN RD.,,BLOOMFIELD,CT ,06002,USA,,860-289-8790,"Sales,Service,Rental,"
12018,Industrial/Commercial Sales & Service,00010001731002,AUTHORIZED SERVICES OF NEW ENGLAND, 410 FOREST STREET,,MARLBOROUGH,MA ,01752,USA,,888-890-9886,"Sales,"
12018,Industrial/Commercial Sales & Service,00010001611002,Huntington Power, 68 Enter Ln,,Islandia,NY ,11749,USA,,631-563-4943,"Sales,Service,Up To 2MW,Mobile/Diesel/Gas,"
12018,Industrial/Commercial Sales & Service,00010008091002,MODERN HANDLING EQUIP, 75 NEW STREET,,EDISON,NJ ,08837,USA,www.moderngroup.com,800-779-5116,"Sales,Service,Up To 2MW,Mobile/Diesel/Gas,"
12018,Industrial/Commercial Sales & Service,00010208021002,Modern Group Power Systems, 295 New Commerce Blvd.,,Wilkes Barre,PA ,18706,USA,,800-404-7291,"Sales,Service,Up To 2MW,Mobile/Diesel/Gas,"
12018,Industrial/Commercial Sales & Service,00010208021002,Modern Group Power Systems, 6352 Chapmans Rd,,Allentown,PA ,18106,USA,,800-404-7291,"Sales,Service,Up To 2MW,Mobile/Diesel/Gas,"
12018,Industrial/Commercial Sales & Service,00010001621002,BROOKFIELD SERVICE, 708 GLEBE ROAD,,WESTMORELAND,NH ,03467,USA,www.brookfieldservice.com,802-485-6567,"Service,Up To 600kW,Mobile/Diesel/Gas,"
12018,Industrial/Commercial Sales & Service,00010134071002,PEAK POWER SYSTEMS, 99 SPRAGUE AVENUE,,MIDDLETOWN,NY ,10940,USA,www.peakpowersystems.com,845-344-1975,"Sales,Service,Up To 600kW,Mobile/Diesel/Gas,Rental,"
12018,Industrial/Commercial Sales & Service,00111209531002,HUNTINGTON POWER - LONG ISLAND, PO BOX 2040,,SHELTON,CT ,06484,USA,,631-586-7513,"Sales,"
12018,Industrial/Commercial Sales & Service,00010001621002,BROOKFIELD SERVICE, 829 VT ROUTE 12 SOUTH,,NORTHFIELD,VT ,05663,USA,www.brookfieldservice.com,802-485-6567,"Sales,Service,Up To 600kW,Mobile/Diesel/Gas,"
12018,Industrial/Commercial Sales & Service,00010001761002,"GENSERVE, INC.", 100 NEWTOWN RD,,PLAINVIEW,NY ,11803,USA,www.genserveinc.com,631-435-0437,"Service,"
12018,Industrial/Commercial Sales & Service,00111209521002,LONG ISLAND EMERGENCY POWER -QO, 2 Ocean Avenue,,DEER PARK,NY ,11729,USA,,631-586-7513,"Sales,"
12018,Industrial/Commercial Sales & Service,00010139211002,POWERPRO SERVICE CO. INC., 608 JOHNSON AVE. UNIT 6,,BOHEMIA,NY ,11716,USA,,631-567-2700,"Sales,Service,Up To 600kW,Mobile/Diesel/Gas,"
12018,Industrial/Commercial Sales & Service,00010021101002,SOUTH SHORE GENERATOR INC-Quote, 2696A CRANBERRY HWY,,WAREHAM,MA ,02571,USA,,508-295-7336,"Sales,Service,Up To 600kW,Mobile/Diesel/Gas,"
12018,Industrial/Commercial Sales & Service,00010001701002,SOUTH SHORE GENERATOR INC, ,,EAST WAREHAM,MA ,02538,USA,,508-295-7336,"Financing,Sales,Service,Up To 600kW,Mobile/Diesel/Gas,"
12018,Industrial/Commercial Sales & Service,00010141631002,ELECTRICAL SYSTEMS OF MAINE, 1200 MINOT AVE,,AUBURN,ME ,04210,USA,,207-783-7126,"Sales,Service,Up To 600kW,Mobile/Diesel/Gas,"
12018,Industrial/Commercial Sales & Service,00010218321002,CARL F. SMITH, 25 BROOKSIDE AVE,,MORRISONVILLE,NY ,12962,USA,,518-563-2316,"Service,"
12018,Industrial/Commercial Sales & Service,00010157021002,Mechanical Service Co, 1145 Oak St.,,Pittston,PA ,18640,USA,,570-654-2445,"Service,"
12018,Industrial/Commercial Sales & Service,00111252361002,YANKEE GENERATOR INC- IND SRV, 441 POND HILL ROAD,,LUNENBURG,VT ,05906,USA,,802-892-1348,"Service,"
12018,Industrial/Commercial Sales & Service,00111207431002,WARSHAUER ELECTRIC SUPPLY CO INC, 800 SHREWSBURY AVE,,TINTON FALLS,NJ ,07724,USA,www.warshauer.com,732-741-6400,"Service,"
12019,Industrial/Commercial Sales & Service,00010214161002,"R.L. Kistler, Inc", 300 Mile Crossing Blvd.,,Rochester,NY ,14624,USA,rlkistler.com,585-436-1940,"Sales,"
12019,Industrial/Commercial Sales & Service,00010214161002,"R.L. KISTLER, INC.", 35 HAMILTON LANE,,GLENMONT,NY ,12077,USA,,585-436-1940,"Sales,Service,"
12019,Industrial/Commercial Sales & Service,00010214161002,"R.L. Kistler, Inc", 5615 Business Ave.,,N. Syracuse,NY ,13208,USA,,315-458-2875,"Sales,"
12019,Industrial/Commercial Sales & Service,00010214161002,"R.L. Kistler, Inc", 5615 Business Ave.,,N. Syracuse,NY ,13208,USA,,315-458-2875,"Sales,"
12019,Industrial/Commercial Sales & Service,00010001611002,Huntington Power, 230 Long Hill Cross Rd,,Shelton,CT ,06484,USA,www.huntingtonpower.com,203-929-3203,"Sales,Service,Up To 2MW,Mobile/Diesel/Gas,Training,Rental,"
12019,Industrial/Commercial Sales & Service,00010001731002,Authorized Services Of New England, 410 Forest Street,,Marlborough,MA ,01752,USA,www.asne.com,888-890-9886,"Financing,Sales,Service,Up To 2MW,Mobile/Diesel/Gas,Training,Rental,"
12019,Industrial/Commercial Sales & Service,00010000491002,LE GROUPE ROGER FAGUY INC., 1044 DU VIGER,,TERREBONNE,QC ,J6W 6B9,CAN,www.faguy.com,450-964-5134,"Sales,Service,Up To 2MW,Mobile/Diesel/Gas,Training,Rental,"
12019,Industrial/Commercial Sales & Service,00010208021002,Modern Group Power Systems, 2501 Durham Road,,Bristol,PA ,19007,USA,www.moderngroup.com,800-404-7291,"Sales,Service,Up To 2MW,Mobile/Diesel/Gas,Training,Rental,"
12019,Industrial/Commercial Sales & Service,00010000931002,"EMERGENCY POWER SYSTEMS, LLC", 35 HAMILTON LANE,,GLENMONT,NY ,12077,USA,,800-914-1465,"Service,Up To 2MW,Mobile/Diesel/Gas,"
12019,Industrial/Commercial Sales & Service,00010000931002,"EMERGENCY POWER SYSTEMS, LLC", 35 HAMILTON LANE,,GLENMONT,NY ,12077,USA,,800-914-1465,"Service,"
12019,Industrial/Commercial Sales & Service,00010001611002,Huntington Power, 34 E DUDLEY TOWN RD.,,BLOOMFIELD,CT ,06002,USA,,860-289-8790,"Sales,Service,Rental,"
12019,Industrial/Commercial Sales & Service,00010001731002,AUTHORIZED SERVICES OF NEW ENGLAND, 410 FOREST STREET,,MARLBOROUGH,MA ,01752,USA,,888-890-9886,"Sales,"
12019,Industrial/Commercial Sales & Service,00010001611002,Huntington Power, 68 Enter Ln,,Islandia,NY ,11749,USA,,631-563-4943,"Sales,Service,Up To 2MW,Mobile/Diesel/Gas,"
12019,Industrial/Commercial Sales & Service,00010208021002,Modern Group Power Systems, 295 New Commerce Blvd.,,Wilkes Barre,PA ,18706,USA,,800-404-7291,"Sales,Service,Up To 2MW,Mobile/Diesel/Gas,"
12019,Industrial/Commercial Sales & Service,00010008091002,MODERN HANDLING EQUIP, 75 NEW STREET,,EDISON,NJ ,08837,USA,www.moderngroup.com,800-779-5116,"Sales,Service,Up To 2MW,Mobile/Diesel/Gas,"
12019,Industrial/Commercial Sales & Service,00010208021002,Modern Group Power Systems, 6352 Chapmans Rd,,Allentown,PA ,18106,USA,,800-404-7291,"Sales,Service,Up To 2MW,Mobile/Diesel/Gas,"
12019,Industrial/Commercial Sales & Service,00010000491002,LE GROUPE ROGER FAGUY INC., 1044 LE VIGER,,LACHENAIE,QC ,J6W 6B9,CAN,,450-964-5134,"Service,"
12019,Industrial/Commercial Sales & Service,00010000931002,"EMERGENCY POWER SYSTEMS, LLC", 300 MILE CROSSING BLVD.,,ROCHESTER,NY ,14624,USA,,585-464-6333,"Service,Up To 2MW,Mobile/Diesel/Gas,Rental,"
12019,Industrial/Commercial Sales & Service,00010000931002,"EMERGENCY POWER SYSTEMS, LLC", 300 MILE CROSSING BLVD.,,ROCHESTER,NY ,14624,USA,,585-464-6333,"Service,"
12019,Industrial/Commercial Sales & Service,00010001621002,BROOKFIELD SERVICE, 708 GLEBE ROAD,,WESTMORELAND,NH ,03467,USA,www.brookfieldservice.com,802-485-6567,"Service,Up To 600kW,Mobile/Diesel/Gas,"
12019,Industrial/Commercial Sales & Service,00010134071002,PEAK POWER SYSTEMS, 99 SPRAGUE AVENUE,,MIDDLETOWN,NY ,10940,USA,www.peakpowersystems.com,845-344-1975,"Sales,Service,Up To 600kW,Mobile/Diesel/Gas,Rental,"
12019,Industrial/Commercial Sales & Service,00010001621002,BROOKFIELD SERVICE, 829 VT ROUTE 12 SOUTH,,NORTHFIELD,VT ,05663,USA,www.brookfieldservice.com,802-485-6567,"Sales,Service,Up To 600kW,Mobile/Diesel/Gas,"
12019,Industrial/Commercial Sales & Service,00111209531002,HUNTINGTON POWER - LONG ISLAND, PO BOX 2040,,SHELTON,CT ,06484,USA,,631-586-7513,"Sales,"
12019,Industrial/Commercial Sales & Service,00010001761002,"GENSERVE, INC.", 100 NEWTOWN RD,,PLAINVIEW,NY ,11803,USA,www.genserveinc.com,631-435-0437,"Service,"
12019,Industrial/Commercial Sales & Service,00111209521002,LONG ISLAND EMERGENCY POWER -QO, 2 Ocean Avenue,,DEER PARK,NY ,11729,USA,,631-586-7513,"Sales,"
12019,Industrial/Commercial Sales & Service,00010139211002,POWERPRO SERVICE CO. INC., 608 JOHNSON AVE. UNIT 6,,BOHEMIA,NY ,11716,USA,,631-567-2700,"Sales,Service,Up To 600kW,Mobile/Diesel/Gas,"
12019,Industrial/Commercial Sales & Service,00010021101002,SOUTH SHORE GENERATOR INC-Quote, 2696A CRANBERRY HWY,,WAREHAM,MA ,02571,USA,,508-295-7336,"Sales,Service,Up To 600kW,Mobile/Diesel/Gas,"
12019,Industrial/Commercial Sales & Service,00010001701002,SOUTH SHORE GENERATOR INC, ,,EAST WAREHAM,MA ,02538,USA,,508-295-7336,"Financing,Sales,Service,Up To 600kW,Mobile/Diesel/Gas,"
12019,Industrial/Commercial Sales & Service,00111184131002,HUNTER & LOMISON, 1956 W FOURTH ST,,WILLIAMSPORT,PA ,17701,USA,www.hunterlomison.com,570-326-1764,"Sales,Service,Up To 600kW,Mobile/Diesel/Gas,Rental,"
12019,Industrial/Commercial Sales & Service,00010000881002,HUNTER & LOMISON INC., 1956 W. 4TH STREET,,WILLIAMSPORT,PA ,17701,USA,www.hunterlomison.com,570-326-1764,"Service,Up To 600kW,Mobile/Diesel/Gas,"
12019,Industrial/Commercial Sales & Service,00010141631002,ELECTRICAL SYSTEMS OF MAINE, 1200 MINOT AVE,,AUBURN,ME ,04210,USA,,207-783-7126,"Sales,Service,Up To 600kW,Mobile/Diesel/Gas,"
12019,Industrial/Commercial Sales & Service,00010218321002,CARL F. SMITH, 25 BROOKSIDE AVE,,MORRISONVILLE,NY ,12962,USA,,518-563-2316,"Service,"
12019,Industrial/Commercial Sales & Service,00010157021002,Mechanical Service Co, 1145 Oak St.,,Pittston,PA ,18640,USA,,570-654-2445,"Service,"
12019,Industrial/Commercial Sales & Service,00111252361002,YANKEE GENERATOR INC- IND SRV, 441 POND HILL ROAD,,LUNENBURG,VT ,05906,USA,,802-892-1348,"Service,"
12019,Industrial/Commercial Sales & Service,00111207431002,WARSHAUER ELECTRIC SUPPLY CO INC, 800 SHREWSBURY AVE,,TINTON FALLS,NJ ,07724,USA,www.warshauer.com,732-741-6400,"Service,"
12019,Industrial/Commercial Sales & Service,00010152891002,"Group Maska, Inc.", 550 Ave. de Vaudreuil,,Hyacinthe,QC ,J2S 4H2,CAN,www.groupemaska.com,450-773-7471,"Sales,Service,"
12020,Industrial/Commercial Sales & Service,00010214161002,"R.L. KISTLER, INC.", 35 HAMILTON LANE,,GLENMONT,NY ,12077,USA,,585-436-1940,"Sales,Service,"
12020,Industrial/Commercial Sales & Service,00010214161002,"R.L. Kistler, Inc", 300 Mile Crossing Blvd.,,Rochester,NY ,14624,USA,rlkistler.com,585-436-1940,"Sales,"
12020,Industrial/Commercial Sales & Service,00010214161002,"R.L. Kistler, Inc", 5615 Business Ave.,,N. Syracuse,NY ,13208,USA,,315-458-2875,"Sales,"
12020,Industrial/Commercial Sales & Service,00010214161002,"R.L. Kistler, Inc", 5615 Business Ave.,,N. Syracuse,NY ,13208,USA,,315-458-2875,"Sales,"
12020,Industrial/Commercial Sales & Service,00010001611002,Huntington Power, 230 Long Hill Cross Rd,,Shelton,CT ,06484,USA,www.huntingtonpower.com,203-929-3203,"Sales,Service,Up To 2MW,Mobile/Diesel/Gas,Training,Rental,"
12020,Industrial/Commercial Sales & Service,00010001731002,Authorized Services Of New England, 410 Forest Street,,Marlborough,MA ,01752,USA,www.asne.com,888-890-9886,"Financing,Sales,Service,Up To 2MW,Mobile/Diesel/Gas,Training,Rental,"
12020,Industrial/Commercial Sales & Service,00010000491002,LE GROUPE ROGER FAGUY INC., 1044 DU VIGER,,TERREBONNE,QC ,J6W 6B9,CAN,www.faguy.com,450-964-5134,"Sales,Service,Up To 2MW,Mobile/Diesel/Gas,Training,Rental,"
12020,Industrial/Commercial Sales & Service,00010000931002,"EMERGENCY POWER SYSTEMS, LLC", 35 HAMILTON LANE,,GLENMONT,NY ,12077,USA,,800-914-1465,"Service,Up To 2MW,Mobile/Diesel/Gas,"
12020,Industrial/Commercial Sales & Service,00010000931002,"EMERGENCY POWER SYSTEMS, LLC", 35 HAMILTON LANE,,GLENMONT,NY ,12077,USA,,800-914-1465,"Service,"
12020,Industrial/Commercial Sales & Service,00010001611002,Huntington Power, 34 E DUDLEY TOWN RD.,,BLOOMFIELD,CT ,06002,USA,,860-289-8790,"Sales,Service,Rental,"
12020,Industrial/Commercial Sales & Service,00010001731002,AUTHORIZED SERVICES OF NEW ENGLAND, 410 FOREST STREET,,MARLBOROUGH,MA ,01752,USA,,888-890-9886,"Sales,"
12020,Industrial/Commercial Sales & Service,00010001611002,Huntington Power, 68 Enter Ln,,Islandia,NY ,11749,USA,,631-563-4943,"Sales,Service,Up To 2MW,Mobile/Diesel/Gas,"
12020,Industrial/Commercial Sales & Service,00010208021002,Modern Group Power Systems, 295 New Commerce Blvd.,,Wilkes Barre,PA ,18706,USA,,800-404-7291,"Sales,Service,Up To 2MW,Mobile/Diesel/Gas,"
12020,Industrial/Commercial Sales & Service,00010008091002,MODERN HANDLING EQUIP, 75 NEW STREET,,EDISON,NJ ,08837,USA,www.moderngroup.com,800-779-5116,"Sales,Service,Up To 2MW,Mobile/Diesel/Gas,"
12020,Industrial/Commercial Sales & Service,00010000491002,LE GROUPE ROGER FAGUY INC., 1044 LE VIGER,,LACHENAIE,QC ,J6W 6B9,CAN,,450-964-5134,"Service,"
12020,Industrial/Commercial Sales & Service,00010208021002,Modern Group Power Systems, 6352 Chapmans Rd,,Allentown,PA ,18106,USA,,800-404-7291,"Sales,Service,Up To 2MW,Mobile/Diesel/Gas,"
12020,Industrial/Commercial Sales & Service,00010000931002,"EMERGENCY POWER SYSTEMS, LLC", 300 MILE CROSSING BLVD.,,ROCHESTER,NY ,14624,USA,,585-464-6333,"Service,Up To 2MW,Mobile/Diesel/Gas,Rental,"
12020,Industrial/Commercial Sales & Service,00010000931002,"EMERGENCY POWER SYSTEMS, LLC", 300 MILE CROSSING BLVD.,,ROCHESTER,NY ,14624,USA,,585-464-6333,"Service,"
12020,Industrial/Commercial Sales & Service,00010001621002,BROOKFIELD SERVICE, 708 GLEBE ROAD,,WESTMORELAND,NH ,03467,USA,www.brookfieldservice.com,802-485-6567,"Service,Up To 600kW,Mobile/Diesel/Gas,"
12020,Industrial/Commercial Sales & Service,00010001621002,BROOKFIELD SERVICE, 829 VT ROUTE 12 SOUTH,,NORTHFIELD,VT ,05663,USA,www.brookfieldservice.com,802-485-6567,"Sales,Service,Up To 600kW,Mobile/Diesel/Gas,"
12020,Industrial/Commercial Sales & Service,00010134071002,PEAK POWER SYSTEMS, 99 SPRAGUE AVENUE,,MIDDLETOWN,NY ,10940,USA,www.peakpowersystems.com,845-344-1975,"Sales,Service,Up To 600kW,Mobile/Diesel/Gas,Rental,"
12020,Industrial/Commercial Sales & Service,00111209531002,HUNTINGTON POWER - LONG ISLAND, PO BOX 2040,,SHELTON,CT ,06484,USA,,631-586-7513,"Sales,"
12020,Industrial/Commercial Sales & Service,00010001761002,"GENSERVE, INC.", 100 NEWTOWN RD,,PLAINVIEW,NY ,11803,USA,www.genserveinc.com,631-435-0437,"Service,"
12020,Industrial/Commercial Sales & Service,00111209521002,LONG ISLAND EMERGENCY POWER -QO, 2 Ocean Avenue,,DEER PARK,NY ,11729,USA,,631-586-7513,"Sales,"
12020,Industrial/Commercial Sales & Service,00010139211002,POWERPRO SERVICE CO. INC., 608 JOHNSON AVE. UNIT 6,,BOHEMIA,NY ,11716,USA,,631-567-2700,"Sales,Service,Up To 600kW,Mobile/Diesel/Gas,"
12020,Industrial/Commercial Sales & Service,00010021101002,SOUTH SHORE GENERATOR INC-Quote, 2696A CRANBERRY HWY,,WAREHAM,MA ,02571,USA,,508-295-7336,"Sales,Service,Up To 600kW,Mobile/Diesel/Gas,"
12020,Industrial/Commercial Sales & Service,00010001701002,SOUTH SHORE GENERATOR INC, ,,EAST WAREHAM,MA ,02538,USA,,508-295-7336,"Financing,Sales,Service,Up To 600kW,Mobile/Diesel/Gas,"
12020,Industrial/Commercial Sales & Service,00010141631002,ELECTRICAL SYSTEMS OF MAINE, 1200 MINOT AVE,,AUBURN,ME ,04210,USA,,207-783-7126,"Sales,Service,Up To 600kW,Mobile/Diesel/Gas,"
12020,Industrial/Commercial Sales & Service,00010218321002,CARL F. SMITH, 25 BROOKSIDE AVE,,MORRISONVILLE,NY ,12962,USA,,518-563-2316,"Service,"
12020,Industrial/Commercial Sales & Service,00111252361002,YANKEE GENERATOR INC- IND SRV, 441 POND HILL ROAD,,LUNENBURG,VT ,05906,USA,,802-892-1348,"Service,"
12020,Industrial/Commercial Sales & Service,00010157021002,Mechanical Service Co, 1145 Oak St.,,Pittston,PA ,18640,USA,,570-654-2445,"Service,"
12020,Industrial/Commercial Sales & Service,00010152891002,"Group Maska, Inc.", 550 Ave. de Vaudreuil,,Hyacinthe,QC ,J2S 4H2,CAN,www.groupemaska.com,450-773-7471,"Sales,Service,"
12020,Industrial/Commercial Sales & Service,00111207431002,WARSHAUER ELECTRIC SUPPLY CO INC, 800 SHREWSBURY AVE,,TINTON FALLS,NJ ,07724,USA,www.warshauer.com,732-741-6400,"Service,"
12022,Industrial/Commercial Sales & Service,00010214161002,"R.L. KISTLER, INC.", 35 HAMILTON LANE,,GLENMONT,NY ,12077,USA,,585-436-1940,"Sales,Service,"
12022,Industrial/Commercial Sales & Service,00010214161002,"R.L. Kistler, Inc", 300 Mile Crossing Blvd.,,Rochester,NY ,14624,USA,rlkistler.com,585-436-1940,"Sales,"
12022,Industrial/Commercial Sales & Service,00010214161002,"R.L. Kistler, Inc", 5615 Business Ave.,,N. Syracuse,NY ,13208,USA,,315-458-2875,"Sales,"
12022,Industrial/Commercial Sales & Service,00010214161002,"R.L. Kistler, Inc", 5615 Business Ave.,,N. Syracuse,NY ,13208,USA,,315-458-2875,"Sales,"
12022,Industrial/Commercial Sales & Service,00010001731002,Authorized Services Of New England, 410 Forest Street,,Marlborough,MA ,01752,USA,www.asne.com,888-890-9886,"Financing,Sales,Service,Up To 2MW,Mobile/Diesel/Gas,Training,Rental,"
12022,Industrial/Commercial Sales & Service,00010001611002,Huntington Power, 230 Long Hill Cross Rd,,Shelton,CT ,06484,USA,www.huntingtonpower.com,203-929-3203,"Sales,Service,Up To 2MW,Mobile/Diesel/Gas,Training,Rental,"
12022,Industrial/Commercial Sales & Service,00010208021002,Modern Group Power Systems, 2501 Durham Road,,Bristol,PA ,19007,USA,www.moderngroup.com,800-404-7291,"Sales,Service,Up To 2MW,Mobile/Diesel/Gas,Training,Rental,"
12022,Industrial/Commercial Sales & Service,00010000931002,"EMERGENCY POWER SYSTEMS, LLC", 35 HAMILTON LANE,,GLENMONT,NY ,12077,USA,,800-914-1465,"Service,Up To 2MW,Mobile/Diesel/Gas,"
12022,Industrial/Commercial Sales & Service,00010000931002,"EMERGENCY POWER SYSTEMS, LLC", 35 HAMILTON LANE,,GLENMONT,NY ,12077,USA,,800-914-1465,"Service,"
12022,Industrial/Commercial Sales & Service,00010001611002,Huntington Power, 34 E DUDLEY TOWN RD.,,BLOOMFIELD,CT ,06002,USA,,860-289-8790,"Sales,Service,Rental,"
12022,Industrial/Commercial Sales & Service,00010001731002,AUTHORIZED SERVICES OF NEW ENGLAND, 410 FOREST STREET,,MARLBOROUGH,MA ,01752,USA,,888-890-9886,"Sales,"
12022,Industrial/Commercial Sales & Service,00010001611002,Huntington Power, 68 Enter Ln,,Islandia,NY ,11749,USA,,631-563-4943,"Sales,Service,Up To 2MW,Mobile/Diesel/Gas,"
12022,Industrial/Commercial Sales & Service,00010008091002,MODERN HANDLING EQUIP, 75 NEW STREET,,EDISON,NJ ,08837,USA,www.moderngroup.com,800-779-5116,"Sales,Service,Up To 2MW,Mobile/Diesel/Gas,"
12022,Industrial/Commercial Sales & Service,00010208021002,Modern Group Power Systems, 295 New Commerce Blvd.,,Wilkes Barre,PA ,18706,USA,,800-404-7291,"Sales,Service,Up To 2MW,Mobile/Diesel/Gas,"
12022,Industrial/Commercial Sales & Service,00010208021002,Modern Group Power Systems, 6352 Chapmans Rd,,Allentown,PA ,18106,USA,,800-404-7291,"Sales,Service,Up To 2MW,Mobile/Diesel/Gas,"
12022,Industrial/Commercial Sales & Service,00010001621002,BROOKFIELD SERVICE, 708 GLEBE ROAD,,WESTMORELAND,NH ,03467,USA,www.brookfieldservice.com,802-485-6567,"Service,Up To 600kW,Mobile/Diesel/Gas,"
12022,Industrial/Commercial Sales & Service,00111209531002,HUNTINGTON POWER - LONG ISLAND, PO BOX 2040,,SHELTON,CT ,06484,USA,,631-586-7513,"Sales,"
12022,Industrial/Commercial Sales & Service,00010134071002,PEAK POWER SYSTEMS, 99 SPRAGUE AVENUE,,MIDDLETOWN,NY ,10940,USA,www.peakpowersystems.com,845-344-1975,"Sales,Service,Up To 600kW,Mobile/Diesel/Gas,Rental,"
12022,Industrial/Commercial Sales & Service,00010001621002,BROOKFIELD SERVICE, 829 VT ROUTE 12 SOUTH,,NORTHFIELD,VT ,05663,USA,www.brookfieldservice.com,802-485-6567,"Sales,Service,Up To 600kW,Mobile/Diesel/Gas,"
12022,Industrial/Commercial Sales & Service,00010001761002,"GENSERVE, INC.", 100 NEWTOWN RD,,PLAINVIEW,NY ,11803,USA,www.genserveinc.com,631-435-0437,"Service,"
12022,Industrial/Commercial Sales & Service,00010139211002,POWERPRO SERVICE CO. INC., 608 JOHNSON AVE. UNIT 6,,BOHEMIA,NY ,11716,USA,,631-567-2700,"Sales,Service,Up To 600kW,Mobile/Diesel/Gas,"
12022,Industrial/Commercial Sales & Service,00111209521002,LONG ISLAND EMERGENCY POWER -QO, 2 Ocean Avenue,,DEER PARK,NY ,11729,USA,,631-586-7513,"Sales,"
12022,Industrial/Commercial Sales & Service,00010021101002,SOUTH SHORE GENERATOR INC-Quote, 2696A CRANBERRY HWY,,WAREHAM,MA ,02571,USA,,508-295-7336,"Sales,Service,Up To 600kW,Mobile/Diesel/Gas,"
12022,Industrial/Commercial Sales & Service,00010001701002,SOUTH SHORE GENERATOR INC, ,,EAST WAREHAM,MA ,02538,USA,,508-295-7336,"Financing,Sales,Service,Up To 600kW,Mobile/Diesel/Gas,"
12022,Industrial/Commercial Sales & Service,00010141631002,ELECTRICAL SYSTEMS OF MAINE, 1200 MINOT AVE,,AUBURN,ME ,04210,USA,,207-783-7126,"Sales,Service,Up To 600kW,Mobile/Diesel/Gas,"
12022,Industrial/Commercial Sales & Service,00010218321002,CARL F. SMITH, 25 BROOKSIDE AVE,,MORRISONVILLE,NY ,12962,USA,,518-563-2316,"Service,"
12022,Industrial/Commercial Sales & Service,00111252361002,YANKEE GENERATOR INC- IND SRV, 441 POND HILL ROAD,,LUNENBURG,VT ,05906,USA,,802-892-1348,"Service,"
12022,Industrial/Commercial Sales & Service,00010157021002,Mechanical Service Co, 1145 Oak St.,,Pittston,PA ,18640,USA,,570-654-2445,"Service,"
12022,Industrial/Commercial Sales & Service,00111207431002,WARSHAUER ELECTRIC SUPPLY CO INC, 800 SHREWSBURY AVE,,TINTON FALLS,NJ ,07724,USA,www.warshauer.com,732-741-6400,"Service,"
12023,Industrial/Commercial Sales & Service,00010214161002,"R.L. Kistler, Inc", 300 Mile Crossing Blvd.,,Rochester,NY ,14624,USA,rlkistler.com,585-436-1940,"Sales,"
12023,Industrial/Commercial Sales & Service,00010214161002,"R.L. KISTLER, INC.", 35 HAMILTON LANE,,GLENMONT,NY ,12077,USA,,585-436-1940,"Sales,Service,"
12023,Industrial/Commercial Sales & Service,00010214161002,"R.L. Kistler, Inc", 5615 Business Ave.,,N. Syracuse,NY ,13208,USA,,315-458-2875,"Sales,"
12023,Industrial/Commercial Sales & Service,00010214161002,"R.L. Kistler, Inc", 5615 Business Ave.,,N. Syracuse,NY ,13208,USA,,315-458-2875,"Sales,"
12023,Industrial/Commercial Sales & Service,00010001611002,Huntington Power, 230 Long Hill Cross Rd,,Shelton,CT ,06484,USA,www.huntingtonpower.com,203-929-3203,"Sales,Service,Up To 2MW,Mobile/Diesel/Gas,Training,Rental,"
12023,Industrial/Commercial Sales & Service,00010001731002,Authorized Services Of New England, 410 Forest Street,,Marlborough,MA ,01752,USA,www.asne.com,888-890-9886,"Financing,Sales,Service,Up To 2MW,Mobile/Diesel/Gas,Training,Rental,"
12023,Industrial/Commercial Sales & Service,00010208021002,Modern Group Power Systems, 2501 Durham Road,,Bristol,PA ,19007,USA,www.moderngroup.com,800-404-7291,"Sales,Service,Up To 2MW,Mobile/Diesel/Gas,Training,Rental,"
12023,Industrial/Commercial Sales & Service,00010000931002,"EMERGENCY POWER SYSTEMS, LLC", 35 HAMILTON LANE,,GLENMONT,NY ,12077,USA,,800-914-1465,"Service,Up To 2MW,Mobile/Diesel/Gas,"
12023,Industrial/Commercial Sales & Service,00010000931002,"EMERGENCY POWER SYSTEMS, LLC", 35 HAMILTON LANE,,GLENMONT,NY ,12077,USA,,800-914-1465,"Service,"
12023,Industrial/Commercial Sales & Service,00010001611002,Huntington Power, 34 E DUDLEY TOWN RD.,,BLOOMFIELD,CT ,06002,USA,,860-289-8790,"Sales,Service,Rental,"
12023,Industrial/Commercial Sales & Service,00010001731002,AUTHORIZED SERVICES OF NEW ENGLAND, 410 FOREST STREET,,MARLBOROUGH,MA ,01752,USA,,888-890-9886,"Sales,"
12023,Industrial/Commercial Sales & Service,00010208021002,Modern Group Power Systems, 295 New Commerce Blvd.,,Wilkes Barre,PA ,18706,USA,,800-404-7291,"Sales,Service,Up To 2MW,Mobile/Diesel/Gas,"
12023,Industrial/Commercial Sales & Service,00010001611002,Huntington Power, 68 Enter Ln,,Islandia,NY ,11749,USA,,631-563-4943,"Sales,Service,Up To 2MW,Mobile/Diesel/Gas,"
12023,Industrial/Commercial Sales & Service,00010008091002,MODERN HANDLING EQUIP, 75 NEW STREET,,EDISON,NJ ,08837,USA,www.moderngroup.com,800-779-5116,"Sales,Service,Up To 2MW,Mobile/Diesel/Gas,"
12023,Industrial/Commercial Sales & Service,00010208021002,Modern Group Power Systems, 6352 Chapmans Rd,,Allentown,PA ,18106,USA,,800-404-7291,"Sales,Service,Up To 2MW,Mobile/Diesel/Gas,"
12023,Industrial/Commercial Sales & Service,00010000931002,"EMERGENCY POWER SYSTEMS, LLC", 300 MILE CROSSING BLVD.,,ROCHESTER,NY ,14624,USA,,585-464-6333,"Service,Up To 2MW,Mobile/Diesel/Gas,Rental,"
12023,Industrial/Commercial Sales & Service,00010000931002,"EMERGENCY POWER SYSTEMS, LLC", 300 MILE CROSSING BLVD.,,ROCHESTER,NY ,14624,USA,,585-464-6333,"Service,"
12023,Industrial/Commercial Sales & Service,00010208021002,Modern Group Power Systems, 200 Allied Parkway,,West Berlin,NJ ,08091,USA,,800-404-7291,"Sales,Service,Up To 2MW,Mobile/Diesel/Gas,"
12023,Industrial/Commercial Sales & Service,00010134071002,PEAK POWER SYSTEMS, 99 SPRAGUE AVENUE,,MIDDLETOWN,NY ,10940,USA,www.peakpowersystems.com,845-344-1975,"Sales,Service,Up To 600kW,Mobile/Diesel/Gas,Rental,"
12023,Industrial/Commercial Sales & Service,00010001621002,BROOKFIELD SERVICE, 708 GLEBE ROAD,,WESTMORELAND,NH ,03467,USA,www.brookfieldservice.com,802-485-6567,"Service,Up To 600kW,Mobile/Diesel/Gas,"
12023,Industrial/Commercial Sales & Service,00111209531002,HUNTINGTON POWER - LONG ISLAND, PO BOX 2040,,SHELTON,CT ,06484,USA,,631-586-7513,"Sales,"
12023,Industrial/Commercial Sales & Service,00010001621002,BROOKFIELD SERVICE, 829 VT ROUTE 12 SOUTH,,NORTHFIELD,VT ,05663,USA,www.brookfieldservice.com,802-485-6567,"Sales,Service,Up To 600kW,Mobile/Diesel/Gas,"
12023,Industrial/Commercial Sales & Service,00010001761002,"GENSERVE, INC.", 100 NEWTOWN RD,,PLAINVIEW,NY ,11803,USA,www.genserveinc.com,631-435-0437,"Service,"
12023,Industrial/Commercial Sales & Service,00111209521002,LONG ISLAND EMERGENCY POWER -QO, 2 Ocean Avenue,,DEER PARK,NY ,11729,USA,,631-586-7513,"Sales,"
12023,Industrial/Commercial Sales & Service,00010139211002,POWERPRO SERVICE CO. INC., 608 JOHNSON AVE. UNIT 6,,BOHEMIA,NY ,11716,USA,,631-567-2700,"Sales,Service,Up To 600kW,Mobile/Diesel/Gas,"
12023,Industrial/Commercial Sales & Service,00111184131002,HUNTER & LOMISON, 1956 W FOURTH ST,,WILLIAMSPORT,PA ,17701,USA,www.hunterlomison.com,570-326-1764,"Sales,Service,Up To 600kW,Mobile/Diesel/Gas,Rental,"
12023,Industrial/Commercial Sales & Service,00010000881002,HUNTER & LOMISON INC., 1956 W. 4TH STREET,,WILLIAMSPORT,PA ,17701,USA,www.hunterlomison.com,570-326-1764,"Service,Up To 600kW,Mobile/Diesel/Gas,"
12023,Industrial/Commercial Sales & Service,00010021101002,SOUTH SHORE GENERATOR INC-Quote, 2696A CRANBERRY HWY,,WAREHAM,MA ,02571,USA,,508-295-7336,"Sales,Service,Up To 600kW,Mobile/Diesel/Gas,"
12023,Industrial/Commercial Sales & Service,00010001701002,SOUTH SHORE GENERATOR INC, ,,EAST WAREHAM,MA ,02538,USA,,508-295-7336,"Financing,Sales,Service,Up To 600kW,Mobile/Diesel/Gas,"
12023,Industrial/Commercial Sales & Service,00010001761002,"GENSERVE, INC.", 115A TWINBRIDGE DR.,,PENNSAUKEN,NJ ,08110,USA,www.genserveinc.com,856-324-0459,"Service,"
12023,Industrial/Commercial Sales & Service,00010157021002,Mechanical Service Co, 1145 Oak St.,,Pittston,PA ,18640,USA,,570-654-2445,"Service,"
12023,Industrial/Commercial Sales & Service,00010218321002,CARL F. SMITH, 25 BROOKSIDE AVE,,MORRISONVILLE,NY ,12962,USA,,518-563-2316,"Service,"
12023,Industrial/Commercial Sales & Service,00111207431002,WARSHAUER ELECTRIC SUPPLY CO INC, 800 SHREWSBURY AVE,,TINTON FALLS,NJ ,07724,USA,www.warshauer.com,732-741-6400,"Service,"
12023,Industrial/Commercial Sales & Service,00111252361002,YANKEE GENERATOR INC- IND SRV, 441 POND HILL ROAD,,LUNENBURG,VT ,05906,USA,,802-892-1348,"Service,"
12024,Industrial/Commercial Sales & Service,00010214161002,"R.L. Kistler, Inc", 300 Mile Crossing Blvd.,,Rochester,NY ,14624,USA,rlkistler.com,585-436-1940,"Sales,"
12024,Industrial/Commercial Sales & Service,00010214161002,"R.L. KISTLER, INC.", 35 HAMILTON LANE,,GLENMONT,NY ,12077,USA,,585-436-1940,"Sales,Service,"
12024,Industrial/Commercial Sales & Service,00010214161002,"R.L. Kistler, Inc", 5615 Business Ave.,,N. Syracuse,NY ,13208,USA,,315-458-2875,"Sales,"
12024,Industrial/Commercial Sales & Service,00010214161002,"R.L. Kistler, Inc", 5615 Business Ave.,,N. Syracuse,NY ,13208,USA,,315-458-2875,"Sales,"
12024,Industrial/Commercial Sales & Service,00010001611002,Huntington Power, 230 Long Hill Cross Rd,,Shelton,CT ,06484,USA,www.huntingtonpower.com,203-929-3203,"Sales,Service,Up To 2MW,Mobile/Diesel/Gas,Training,Rental,"
12024,Industrial/Commercial Sales & Service,00010001731002,Authorized Services Of New England, 410 Forest Street,,Marlborough,MA ,01752,USA,www.asne.com,888-890-9886,"Financing,Sales,Service,Up To 2MW,Mobile/Diesel/Gas,Training,Rental,"
12024,Industrial/Commercial Sales & Service,00010208021002,Modern Group Power Systems, 2501 Durham Road,,Bristol,PA ,19007,USA,www.moderngroup.com,800-404-7291,"Sales,Service,Up To 2MW,Mobile/Diesel/Gas,Training,Rental,"
12024,Industrial/Commercial Sales & Service,00010000931002,"EMERGENCY POWER SYSTEMS, LLC", 35 HAMILTON LANE,,GLENMONT,NY ,12077,USA,,800-914-1465,"Service,Up To 2MW,Mobile/Diesel/Gas,"
12024,Industrial/Commercial Sales & Service,00010000931002,"EMERGENCY POWER SYSTEMS, LLC", 35 HAMILTON LANE,,GLENMONT,NY ,12077,USA,,800-914-1465,"Service,"
12024,Industrial/Commercial Sales & Service,00010001611002,Huntington Power, 34 E DUDLEY TOWN RD.,,BLOOMFIELD,CT ,06002,USA,,860-289-8790,"Sales,Service,Rental,"
12024,Industrial/Commercial Sales & Service,00010001731002,AUTHORIZED SERVICES OF NEW ENGLAND, 410 FOREST STREET,,MARLBOROUGH,MA ,01752,USA,,888-890-9886,"Sales,"
12024,Industrial/Commercial Sales & Service,00010001611002,Huntington Power, 68 Enter Ln,,Islandia,NY ,11749,USA,,631-563-4943,"Sales,Service,Up To 2MW,Mobile/Diesel/Gas,"
12024,Industrial/Commercial Sales & Service,00010008091002,MODERN HANDLING EQUIP, 75 NEW STREET,,EDISON,NJ ,08837,USA,www.moderngroup.com,800-779-5116,"Sales,Service,Up To 2MW,Mobile/Diesel/Gas,"
12024,Industrial/Commercial Sales & Service,00010208021002,Modern Group Power Systems, 295 New Commerce Blvd.,,Wilkes Barre,PA ,18706,USA,,800-404-7291,"Sales,Service,Up To 2MW,Mobile/Diesel/Gas,"
12024,Industrial/Commercial Sales & Service,00010208021002,Modern Group Power Systems, 6352 Chapmans Rd,,Allentown,PA ,18106,USA,,800-404-7291,"Sales,Service,Up To 2MW,Mobile/Diesel/Gas,"
12024,Industrial/Commercial Sales & Service,00010208021002,Modern Group Power Systems, 200 Allied Parkway,,West Berlin,NJ ,08091,USA,,800-404-7291,"Sales,Service,Up To 2MW,Mobile/Diesel/Gas,"
12024,Industrial/Commercial Sales & Service,00010001621002,BROOKFIELD SERVICE, 708 GLEBE ROAD,,WESTMORELAND,NH ,03467,USA,www.brookfieldservice.com,802-485-6567,"Service,Up To 600kW,Mobile/Diesel/Gas,"
12024,Industrial/Commercial Sales & Service,00010134071002,PEAK POWER SYSTEMS, 99 SPRAGUE AVENUE,,MIDDLETOWN,NY ,10940,USA,www.peakpowersystems.com,845-344-1975,"Sales,Service,Up To 600kW,Mobile/Diesel/Gas,Rental,"
12024,Industrial/Commercial Sales & Service,00111209531002,HUNTINGTON POWER - LONG ISLAND, PO BOX 2040,,SHELTON,CT ,06484,USA,,631-586-7513,"Sales,"
12024,Industrial/Commercial Sales & Service,00010001761002,"GENSERVE, INC.", 100 NEWTOWN RD,,PLAINVIEW,NY ,11803,USA,www.genserveinc.com,631-435-0437,"Service,"
12024,Industrial/Commercial Sales & Service,00111209521002,LONG ISLAND EMERGENCY POWER -QO, 2 Ocean Avenue,,DEER PARK,NY ,11729,USA,,631-586-7513,"Sales,"
12024,Industrial/Commercial Sales & Service,00010139211002,POWERPRO SERVICE CO. INC., 608 JOHNSON AVE. UNIT 6,,BOHEMIA,NY ,11716,USA,,631-567-2700,"Sales,Service,Up To 600kW,Mobile/Diesel/Gas,"
12024,Industrial/Commercial Sales & Service,00010001621002,BROOKFIELD SERVICE, 829 VT ROUTE 12 SOUTH,,NORTHFIELD,VT ,05663,USA,www.brookfieldservice.com,802-485-6567,"Sales,Service,Up To 600kW,Mobile/Diesel/Gas,"
12024,Industrial/Commercial Sales & Service,00010021101002,SOUTH SHORE GENERATOR INC-Quote, 2696A CRANBERRY HWY,,WAREHAM,MA ,02571,USA,,508-295-7336,"Sales,Service,Up To 600kW,Mobile/Diesel/Gas,"
12024,Industrial/Commercial Sales & Service,00010001701002,SOUTH SHORE GENERATOR INC, ,,EAST WAREHAM,MA ,02538,USA,,508-295-7336,"Financing,Sales,Service,Up To 600kW,Mobile/Diesel/Gas,"
12024,Industrial/Commercial Sales & Service,00010001761002,"GENSERVE, INC.", 115A TWINBRIDGE DR.,,PENNSAUKEN,NJ ,08110,USA,www.genserveinc.com,856-324-0459,"Service,"
12024,Industrial/Commercial Sales & Service,00111184131002,HUNTER & LOMISON, 1956 W FOURTH ST,,WILLIAMSPORT,PA ,17701,USA,www.hunterlomison.com,570-326-1764,"Sales,Service,Up To 600kW,Mobile/Diesel/Gas,Rental,"
12024,Industrial/Commercial Sales & Service,00010000881002,HUNTER & LOMISON INC., 1956 W. 4TH STREET,,WILLIAMSPORT,PA ,17701,USA,www.hunterlomison.com,570-326-1764,"Service,Up To 600kW,Mobile/Diesel/Gas,"
12024,Industrial/Commercial Sales & Service,00010141631002,ELECTRICAL SYSTEMS OF MAINE, 1200 MINOT AVE,,AUBURN,ME ,04210,USA,,207-783-7126,"Sales,Service,Up To 600kW,Mobile/Diesel/Gas,"
12024,Industrial/Commercial Sales & Service,00010157021002,Mechanical Service Co, 1145 Oak St.,,Pittston,PA ,18640,USA,,570-654-2445,"Service,"
12024,Industrial/Commercial Sales & Service,00111207431002,WARSHAUER ELECTRIC SUPPLY CO INC, 800 SHREWSBURY AVE,,TINTON FALLS,NJ ,07724,USA,www.warshauer.com,732-741-6400,"Service,"
12024,Industrial/Commercial Sales & Service,00010218321002,CARL F. SMITH, 25 BROOKSIDE AVE,,MORRISONVILLE,NY ,12962,USA,,518-563-2316,"Service,"
12024,Industrial/Commercial Sales & Service,00111252361002,YANKEE GENERATOR INC- IND SRV, 441 POND HILL ROAD,,LUNENBURG,VT ,05906,USA,,802-892-1348,"Service,"
12025,Industrial/Commercial Sales & Service,00010214161002,"R.L. KISTLER, INC.", 35 HAMILTON LANE,,GLENMONT,NY ,12077,USA,,585-436-1940,"Sales,Service,"
12025,Industrial/Commercial Sales & Service,00010214161002,"R.L. Kistler, Inc", 300 Mile Crossing Blvd.,,Rochester,NY ,14624,USA,rlkistler.com,585-436-1940,"Sales,"
12025,Industrial/Commercial Sales & Service,00010214161002,"R.L. Kistler, Inc", 5615 Business Ave.,,N. Syracuse,NY ,13208,USA,,315-458-2875,"Sales,"
12025,Industrial/Commercial Sales & Service,00010214161002,"R.L. Kistler, Inc", 5615 Business Ave.,,N. Syracuse,NY ,13208,USA,,315-458-2875,"Sales,"
12025,Industrial/Commercial Sales & Service,00010001611002,Huntington Power, 230 Long Hill Cross Rd,,Shelton,CT ,06484,USA,www.huntingtonpower.com,203-929-3203,"Sales,Service,Up To 2MW,Mobile/Diesel/Gas,Training,Rental,"
12025,Industrial/Commercial Sales & Service,00010001731002,Authorized Services Of New England, 410 Forest Street,,Marlborough,MA ,01752,USA,www.asne.com,888-890-9886,"Financing,Sales,Service,Up To 2MW,Mobile/Diesel/Gas,Training,Rental,"
12025,Industrial/Commercial Sales & Service,00010000491002,LE GROUPE ROGER FAGUY INC., 1044 DU VIGER,,TERREBONNE,QC ,J6W 6B9,CAN,www.faguy.com,450-964-5134,"Sales,Service,Up To 2MW,Mobile/Diesel/Gas,Training,Rental,"
12025,Industrial/Commercial Sales & Service,00010000931002,"EMERGENCY POWER SYSTEMS, LLC", 35 HAMILTON LANE,,GLENMONT,NY ,12077,USA,,800-914-1465,"Service,Up To 2MW,Mobile/Diesel/Gas,"
12025,Industrial/Commercial Sales & Service,00010000931002,"EMERGENCY POWER SYSTEMS, LLC", 35 HAMILTON LANE,,GLENMONT,NY ,12077,USA,,800-914-1465,"Service,"
12025,Industrial/Commercial Sales & Service,00010001611002,Huntington Power, 34 E DUDLEY TOWN RD.,,BLOOMFIELD,CT ,06002,USA,,860-289-8790,"Sales,Service,Rental,"
12025,Industrial/Commercial Sales & Service,00010001731002,AUTHORIZED SERVICES OF NEW ENGLAND, 410 FOREST STREET,,MARLBOROUGH,MA ,01752,USA,,888-890-9886,"Sales,"
12025,Industrial/Commercial Sales & Service,00010208021002,Modern Group Power Systems, 295 New Commerce Blvd.,,Wilkes Barre,PA ,18706,USA,,800-404-7291,"Sales,Service,Up To 2MW,Mobile/Diesel/Gas,"
12025,Industrial/Commercial Sales & Service,00010001611002,Huntington Power, 68 Enter Ln,,Islandia,NY ,11749,USA,,631-563-4943,"Sales,Service,Up To 2MW,Mobile/Diesel/Gas,"
12025,Industrial/Commercial Sales & Service,00010008091002,MODERN HANDLING EQUIP, 75 NEW STREET,,EDISON,NJ ,08837,USA,www.moderngroup.com,800-779-5116,"Sales,Service,Up To 2MW,Mobile/Diesel/Gas,"
12025,Industrial/Commercial Sales & Service,00010000931002,"EMERGENCY POWER SYSTEMS, LLC", 300 MILE CROSSING BLVD.,,ROCHESTER,NY ,14624,USA,,585-464-6333,"Service,Up To 2MW,Mobile/Diesel/Gas,Rental,"
12025,Industrial/Commercial Sales & Service,00010000931002,"EMERGENCY POWER SYSTEMS, LLC", 300 MILE CROSSING BLVD.,,ROCHESTER,NY ,14624,USA,,585-464-6333,"Service,"
12025,Industrial/Commercial Sales & Service,00010000491002,LE GROUPE ROGER FAGUY INC., 1044 LE VIGER,,LACHENAIE,QC ,J6W 6B9,CAN,,450-964-5134,"Service,"
12025,Industrial/Commercial Sales & Service,00010208021002,Modern Group Power Systems, 6352 Chapmans Rd,,Allentown,PA ,18106,USA,,800-404-7291,"Sales,Service,Up To 2MW,Mobile/Diesel/Gas,"
12025,Industrial/Commercial Sales & Service,00010001621002,BROOKFIELD SERVICE, 708 GLEBE ROAD,,WESTMORELAND,NH ,03467,USA,www.brookfieldservice.com,802-485-6567,"Service,Up To 600kW,Mobile/Diesel/Gas,"
12025,Industrial/Commercial Sales & Service,00010001621002,BROOKFIELD SERVICE, 829 VT ROUTE 12 SOUTH,,NORTHFIELD,VT ,05663,USA,www.brookfieldservice.com,802-485-6567,"Sales,Service,Up To 600kW,Mobile/Diesel/Gas,"
12025,Industrial/Commercial Sales & Service,00010134071002,PEAK POWER SYSTEMS, 99 SPRAGUE AVENUE,,MIDDLETOWN,NY ,10940,USA,www.peakpowersystems.com,845-344-1975,"Sales,Service,Up To 600kW,Mobile/Diesel/Gas,Rental,"
12025,Industrial/Commercial Sales & Service,00111209531002,HUNTINGTON POWER - LONG ISLAND, PO BOX 2040,,SHELTON,CT ,06484,USA,,631-586-7513,"Sales,"
12025,Industrial/Commercial Sales & Service,00010001761002,"GENSERVE, INC.", 100 NEWTOWN RD,,PLAINVIEW,NY ,11803,USA,www.genserveinc.com,631-435-0437,"Service,"
12025,Industrial/Commercial Sales & Service,00111209521002,LONG ISLAND EMERGENCY POWER -QO, 2 Ocean Avenue,,DEER PARK,NY ,11729,USA,,631-586-7513,"Sales,"
12025,Industrial/Commercial Sales & Service,00010139211002,POWERPRO SERVICE CO. INC., 608 JOHNSON AVE. UNIT 6,,BOHEMIA,NY ,11716,USA,,631-567-2700,"Sales,Service,Up To 600kW,Mobile/Diesel/Gas,"
12025,Industrial/Commercial Sales & Service,00111184131002,HUNTER & LOMISON, 1956 W FOURTH ST,,WILLIAMSPORT,PA ,17701,USA,www.hunterlomison.com,570-326-1764,"Sales,Service,Up To 600kW,Mobile/Diesel/Gas,Rental,"
12025,Industrial/Commercial Sales & Service,00010000881002,HUNTER & LOMISON INC., 1956 W. 4TH STREET,,WILLIAMSPORT,PA ,17701,USA,www.hunterlomison.com,570-326-1764,"Service,Up To 600kW,Mobile/Diesel/Gas,"
12025,Industrial/Commercial Sales & Service,00010021101002,SOUTH SHORE GENERATOR INC-Quote, 2696A CRANBERRY HWY,,WAREHAM,MA ,02571,USA,,508-295-7336,"Sales,Service,Up To 600kW,Mobile/Diesel/Gas,"
12025,Industrial/Commercial Sales & Service,00010218321002,CARL F. SMITH, 25 BROOKSIDE AVE,,MORRISONVILLE,NY ,12962,USA,,518-563-2316,"Service,"
12025,Industrial/Commercial Sales & Service,00010157021002,Mechanical Service Co, 1145 Oak St.,,Pittston,PA ,18640,USA,,570-654-2445,"Service,"
12025,Industrial/Commercial Sales & Service,00111252361002,YANKEE GENERATOR INC- IND SRV, 441 POND HILL ROAD,,LUNENBURG,VT ,05906,USA,,802-892-1348,"Service,"
12025,Industrial/Commercial Sales & Service,00010152891002,"Group Maska, Inc.", 550 Ave. de Vaudreuil,,Hyacinthe,QC ,J2S 4H2,CAN,www.groupemaska.com,450-773-7471,"Sales,Service,"
12025,Industrial/Commercial Sales & Service,00111207431002,WARSHAUER ELECTRIC SUPPLY CO INC, 800 SHREWSBURY AVE,,TINTON FALLS,NJ ,07724,USA,www.warshauer.com,732-741-6400,"Service,"
12027,Industrial/Commercial Sales & Service,00010214161002,"R.L. Kistler, Inc", 300 Mile Crossing Blvd.,,Rochester,NY ,14624,USA,rlkistler.com,585-436-1940,"Sales,"
12027,Industrial/Commercial Sales & Service,00010214161002,"R.L. KISTLER, INC.", 35 HAMILTON LANE,,GLENMONT,NY ,12077,USA,,585-436-1940,"Sales,Service,"
12027,Industrial/Commercial Sales & Service,00010214161002,"R.L. Kistler, Inc", 5615 Business Ave.,,N. Syracuse,NY ,13208,USA,,315-458-2875,"Sales,"
12027,Industrial/Commercial Sales & Service,00010214161002,"R.L. Kistler, Inc", 5615 Business Ave.,,N. Syracuse,NY ,13208,USA,,315-458-2875,"Sales,"
12027,Industrial/Commercial Sales & Service,00010001611002,Huntington Power, 230 Long Hill Cross Rd,,Shelton,CT ,06484,USA,www.huntingtonpower.com,203-929-3203,"Sales,Service,Up To 2MW,Mobile/Diesel/Gas,Training,Rental,"
12027,Industrial/Commercial Sales & Service,00010001731002,Authorized Services Of New England, 410 Forest Street,,Marlborough,MA ,01752,USA,www.asne.com,888-890-9886,"Financing,Sales,Service,Up To 2MW,Mobile/Diesel/Gas,Training,Rental,"
12027,Industrial/Commercial Sales & Service,00010000491002,LE GROUPE ROGER FAGUY INC., 1044 DU VIGER,,TERREBONNE,QC ,J6W 6B9,CAN,www.faguy.com,450-964-5134,"Sales,Service,Up To 2MW,Mobile/Diesel/Gas,Training,Rental,"
12027,Industrial/Commercial Sales & Service,00010208021002,Modern Group Power Systems, 2501 Durham Road,,Bristol,PA ,19007,USA,www.moderngroup.com,800-404-7291,"Sales,Service,Up To 2MW,Mobile/Diesel/Gas,Training,Rental,"
12027,Industrial/Commercial Sales & Service,00010000931002,"EMERGENCY POWER SYSTEMS, LLC", 35 HAMILTON LANE,,GLENMONT,NY ,12077,USA,,800-914-1465,"Service,Up To 2MW,Mobile/Diesel/Gas,"
12027,Industrial/Commercial Sales & Service,00010000931002,"EMERGENCY POWER SYSTEMS, LLC", 35 HAMILTON LANE,,GLENMONT,NY ,12077,USA,,800-914-1465,"Service,"
12027,Industrial/Commercial Sales & Service,00010001611002,Huntington Power, 34 E DUDLEY TOWN RD.,,BLOOMFIELD,CT ,06002,USA,,860-289-8790,"Sales,Service,Rental,"
12027,Industrial/Commercial Sales & Service,00010001731002,AUTHORIZED SERVICES OF NEW ENGLAND, 410 FOREST STREET,,MARLBOROUGH,MA ,01752,USA,,888-890-9886,"Sales,"
12027,Industrial/Commercial Sales & Service,00010001611002,Huntington Power, 68 Enter Ln,,Islandia,NY ,11749,USA,,631-563-4943,"Sales,Service,Up To 2MW,Mobile/Diesel/Gas,"
12027,Industrial/Commercial Sales & Service,00010208021002,Modern Group Power Systems, 295 New Commerce Blvd.,,Wilkes Barre,PA ,18706,USA,,800-404-7291,"Sales,Service,Up To 2MW,Mobile/Diesel/Gas,"
12027,Industrial/Commercial Sales & Service,00010008091002,MODERN HANDLING EQUIP, 75 NEW STREET,,EDISON,NJ ,08837,USA,www.moderngroup.com,800-779-5116,"Sales,Service,Up To 2MW,Mobile/Diesel/Gas,"
12027,Industrial/Commercial Sales & Service,00010208021002,Modern Group Power Systems, 6352 Chapmans Rd,,Allentown,PA ,18106,USA,,800-404-7291,"Sales,Service,Up To 2MW,Mobile/Diesel/Gas,"
12027,Industrial/Commercial Sales & Service,00010000491002,LE GROUPE ROGER FAGUY INC., 1044 LE VIGER,,LACHENAIE,QC ,J6W 6B9,CAN,,450-964-5134,"Service,"
12027,Industrial/Commercial Sales & Service,00010000931002,"EMERGENCY POWER SYSTEMS, LLC", 300 MILE CROSSING BLVD.,,ROCHESTER,NY ,14624,USA,,585-464-6333,"Service,Up To 2MW,Mobile/Diesel/Gas,Rental,"
12027,Industrial/Commercial Sales & Service,00010000931002,"EMERGENCY POWER SYSTEMS, LLC", 300 MILE CROSSING BLVD.,,ROCHESTER,NY ,14624,USA,,585-464-6333,"Service,"
12027,Industrial/Commercial Sales & Service,00010001621002,BROOKFIELD SERVICE, 708 GLEBE ROAD,,WESTMORELAND,NH ,03467,USA,www.brookfieldservice.com,802-485-6567,"Service,Up To 600kW,Mobile/Diesel/Gas,"
12027,Industrial/Commercial Sales & Service,00010134071002,PEAK POWER SYSTEMS, 99 SPRAGUE AVENUE,,MIDDLETOWN,NY ,10940,USA,www.peakpowersystems.com,845-344-1975,"Sales,Service,Up To 600kW,Mobile/Diesel/Gas,Rental,"
12027,Industrial/Commercial Sales & Service,00010001621002,BROOKFIELD SERVICE, 829 VT ROUTE 12 SOUTH,,NORTHFIELD,VT ,05663,USA,www.brookfieldservice.com,802-485-6567,"Sales,Service,Up To 600kW,Mobile/Diesel/Gas,"
12027,Industrial/Commercial Sales & Service,00111209531002,HUNTINGTON POWER - LONG ISLAND, PO BOX 2040,,SHELTON,CT ,06484,USA,,631-586-7513,"Sales,"
12027,Industrial/Commercial Sales & Service,00010001761002,"GENSERVE, INC.", 100 NEWTOWN RD,,PLAINVIEW,NY ,11803,USA,www.genserveinc.com,631-435-0437,"Service,"
12027,Industrial/Commercial Sales & Service,00111209521002,LONG ISLAND EMERGENCY POWER -QO, 2 Ocean Avenue,,DEER PARK,NY ,11729,USA,,631-586-7513,"Sales,"
12027,Industrial/Commercial Sales & Service,00010139211002,POWERPRO SERVICE CO. INC., 608 JOHNSON AVE. UNIT 6,,BOHEMIA,NY ,11716,USA,,631-567-2700,"Sales,Service,Up To 600kW,Mobile/Diesel/Gas,"
12027,Industrial/Commercial Sales & Service,00010021101002,SOUTH SHORE GENERATOR INC-Quote, 2696A CRANBERRY HWY,,WAREHAM,MA ,02571,USA,,508-295-7336,"Sales,Service,Up To 600kW,Mobile/Diesel/Gas,"
12027,Industrial/Commercial Sales & Service,00010001701002,SOUTH SHORE GENERATOR INC, ,,EAST WAREHAM,MA ,02538,USA,,508-295-7336,"Financing,Sales,Service,Up To 600kW,Mobile/Diesel/Gas,"
12027,Industrial/Commercial Sales & Service,00111184131002,HUNTER & LOMISON, 1956 W FOURTH ST,,WILLIAMSPORT,PA ,17701,USA,www.hunterlomison.com,570-326-1764,"Sales,Service,Up To 600kW,Mobile/Diesel/Gas,Rental,"
12027,Industrial/Commercial Sales & Service,00010000881002,HUNTER & LOMISON INC., 1956 W. 4TH STREET,,WILLIAMSPORT,PA ,17701,USA,www.hunterlomison.com,570-326-1764,"Service,Up To 600kW,Mobile/Diesel/Gas,"
12027,Industrial/Commercial Sales & Service,00010218321002,CARL F. SMITH, 25 BROOKSIDE AVE,,MORRISONVILLE,NY ,12962,USA,,518-563-2316,"Service,"
12027,Industrial/Commercial Sales & Service,00010157021002,Mechanical Service Co, 1145 Oak St.,,Pittston,PA ,18640,USA,,570-654-2445,"Service,"
12027,Industrial/Commercial Sales & Service,00111252361002,YANKEE GENERATOR INC- IND SRV, 441 POND HILL ROAD,,LUNENBURG,VT ,05906,USA,,802-892-1348,"Service,"
12027,Industrial/Commercial Sales & Service,00111207431002,WARSHAUER ELECTRIC SUPPLY CO INC, 800 SHREWSBURY AVE,,TINTON FALLS,NJ ,07724,USA,www.warshauer.com,732-741-6400,"Service,"
12027,Industrial/Commercial Sales & Service,00010152891002,"Group Maska, Inc.", 550 Ave. de Vaudreuil,,Hyacinthe,QC ,J2S 4H2,CAN,www.groupemaska.com,450-773-7471,"Sales,Service,"
12028,Industrial/Commercial Sales & Service,00010214161002,"R.L. KISTLER, INC.", 35 HAMILTON LANE,,GLENMONT,NY ,12077,USA,,585-436-1940,"Sales,Service,"
12028,Industrial/Commercial Sales & Service,00010214161002,"R.L. Kistler, Inc", 300 Mile Crossing Blvd.,,Rochester,NY ,14624,USA,rlkistler.com,585-436-1940,"Sales,"
12028,Industrial/Commercial Sales & Service,00010214161002,"R.L. Kistler, Inc", 5615 Business Ave.,,N. Syracuse,NY ,13208,USA,,315-458-2875,"Sales,"
12028,Industrial/Commercial Sales & Service,00010214161002,"R.L. Kistler, Inc", 5615 Business Ave.,,N. Syracuse,NY ,13208,USA,,315-458-2875,"Sales,"
12028,Industrial/Commercial Sales & Service,00010001731002,Authorized Services Of New England, 410 Forest Street,,Marlborough,MA ,01752,USA,www.asne.com,888-890-9886,"Financing,Sales,Service,Up To 2MW,Mobile/Diesel/Gas,Training,Rental,"
12028,Industrial/Commercial Sales & Service,00010001611002,Huntington Power, 230 Long Hill Cross Rd,,Shelton,CT ,06484,USA,www.huntingtonpower.com,203-929-3203,"Sales,Service,Up To 2MW,Mobile/Diesel/Gas,Training,Rental,"
12028,Industrial/Commercial Sales & Service,00010000491002,LE GROUPE ROGER FAGUY INC., 1044 DU VIGER,,TERREBONNE,QC ,J6W 6B9,CAN,www.faguy.com,450-964-5134,"Sales,Service,Up To 2MW,Mobile/Diesel/Gas,Training,Rental,"
12028,Industrial/Commercial Sales & Service,00010000931002,"EMERGENCY POWER SYSTEMS, LLC", 35 HAMILTON LANE,,GLENMONT,NY ,12077,USA,,800-914-1465,"Service,Up To 2MW,Mobile/Diesel/Gas,"
12028,Industrial/Commercial Sales & Service,00010000931002,"EMERGENCY POWER SYSTEMS, LLC", 35 HAMILTON LANE,,GLENMONT,NY ,12077,USA,,800-914-1465,"Service,"
12028,Industrial/Commercial Sales & Service,00010001611002,Huntington Power, 34 E DUDLEY TOWN RD.,,BLOOMFIELD,CT ,06002,USA,,860-289-8790,"Sales,Service,Rental,"
12028,Industrial/Commercial Sales & Service,00010001731002,AUTHORIZED SERVICES OF NEW ENGLAND, 410 FOREST STREET,,MARLBOROUGH,MA ,01752,USA,,888-890-9886,"Sales,"
12028,Industrial/Commercial Sales & Service,00010001611002,Huntington Power, 68 Enter Ln,,Islandia,NY ,11749,USA,,631-563-4943,"Sales,Service,Up To 2MW,Mobile/Diesel/Gas,"
12028,Industrial/Commercial Sales & Service,00010208021002,Modern Group Power Systems, 295 New Commerce Blvd.,,Wilkes Barre,PA ,18706,USA,,800-404-7291,"Sales,Service,Up To 2MW,Mobile/Diesel/Gas,"
12028,Industrial/Commercial Sales & Service,00010008091002,MODERN HANDLING EQUIP, 75 NEW STREET,,EDISON,NJ ,08837,USA,www.moderngroup.com,800-779-5116,"Sales,Service,Up To 2MW,Mobile/Diesel/Gas,"
12028,Industrial/Commercial Sales & Service,00010000491002,LE GROUPE ROGER FAGUY INC., 1044 LE VIGER,,LACHENAIE,QC ,J6W 6B9,CAN,,450-964-5134,"Service,"
12028,Industrial/Commercial Sales & Service,00010208021002,Modern Group Power Systems, 6352 Chapmans Rd,,Allentown,PA ,18106,USA,,800-404-7291,"Sales,Service,Up To 2MW,Mobile/Diesel/Gas,"
12028,Industrial/Commercial Sales & Service,00010001621002,BROOKFIELD SERVICE, 708 GLEBE ROAD,,WESTMORELAND,NH ,03467,USA,www.brookfieldservice.com,802-485-6567,"Service,Up To 600kW,Mobile/Diesel/Gas,"
12028,Industrial/Commercial Sales & Service,00010001621002,BROOKFIELD SERVICE, 829 VT ROUTE 12 SOUTH,,NORTHFIELD,VT ,05663,USA,www.brookfieldservice.com,802-485-6567,"Sales,Service,Up To 600kW,Mobile/Diesel/Gas,"
12028,Industrial/Commercial Sales & Service,00010134071002,PEAK POWER SYSTEMS, 99 SPRAGUE AVENUE,,MIDDLETOWN,NY ,10940,USA,www.peakpowersystems.com,845-344-1975,"Sales,Service,Up To 600kW,Mobile/Diesel/Gas,Rental,"
12028,Industrial/Commercial Sales & Service,00111209531002,HUNTINGTON POWER - LONG ISLAND, PO BOX 2040,,SHELTON,CT ,06484,USA,,631-586-7513,"Sales,"
12028,Industrial/Commercial Sales & Service,00010001761002,"GENSERVE, INC.", 100 NEWTOWN RD,,PLAINVIEW,NY ,11803,USA,www.genserveinc.com,631-435-0437,"Service,"
12028,Industrial/Commercial Sales & Service,00010139211002,POWERPRO SERVICE CO. INC., 608 JOHNSON AVE. UNIT 6,,BOHEMIA,NY ,11716,USA,,631-567-2700,"Sales,Service,Up To 600kW,Mobile/Diesel/Gas,"
12028,Industrial/Commercial Sales & Service,00111209521002,LONG ISLAND EMERGENCY POWER -QO, 2 Ocean Avenue,,DEER PARK,NY ,11729,USA,,631-586-7513,"Sales,"
12028,Industrial/Commercial Sales & Service,00010021101002,SOUTH SHORE GENERATOR INC-Quote, 2696A CRANBERRY HWY,,WAREHAM,MA ,02571,USA,,508-295-7336,"Sales,Service,Up To 600kW,Mobile/Diesel/Gas,"
12028,Industrial/Commercial Sales & Service,00010001701002,SOUTH SHORE GENERATOR INC, ,,EAST WAREHAM,MA ,02538,USA,,508-295-7336,"Financing,Sales,Service,Up To 600kW,Mobile/Diesel/Gas,"
12028,Industrial/Commercial Sales & Service,00010141631002,ELECTRICAL SYSTEMS OF MAINE, 1200 MINOT AVE,,AUBURN,ME ,04210,USA,,207-783-7126,"Sales,Service,Up To 600kW,Mobile/Diesel/Gas,"
12028,Industrial/Commercial Sales & Service,00010218321002,CARL F. SMITH, 25 BROOKSIDE AVE,,MORRISONVILLE,NY ,12962,USA,,518-563-2316,"Service,"
12028,Industrial/Commercial Sales & Service,00111252361002,YANKEE GENERATOR INC- IND SRV, 441 POND HILL ROAD,,LUNENBURG,VT ,05906,USA,,802-892-1348,"Service,"
12028,Industrial/Commercial Sales & Service,00010157021002,Mechanical Service Co, 1145 Oak St.,,Pittston,PA ,18640,USA,,570-654-2445,"Service,"
12028,Industrial/Commercial Sales & Service,00010152891002,"Group Maska, Inc.", 550 Ave. de Vaudreuil,,Hyacinthe,QC ,J2S 4H2,CAN,www.groupemaska.com,450-773-7471,"Sales,Service,"
12028,Industrial/Commercial Sales & Service,00111207431002,WARSHAUER ELECTRIC SUPPLY CO INC, 800 SHREWSBURY AVE,,TINTON FALLS,NJ ,07724,USA,www.warshauer.com,732-741-6400,"Service,"
12029,Industrial/Commercial Sales & Service,00010214161002,"R.L. KISTLER, INC.", 35 HAMILTON LANE,,GLENMONT,NY ,12077,USA,,585-436-1940,"Sales,Service,"
12029,Industrial/Commercial Sales & Service,00010214161002,"R.L. Kistler, Inc", 300 Mile Crossing Blvd.,,Rochester,NY ,14624,USA,rlkistler.com,585-436-1940,"Sales,"
12029,Industrial/Commercial Sales & Service,00010214161002,"R.L. Kistler, Inc", 5615 Business Ave.,,N. Syracuse,NY ,13208,USA,,315-458-2875,"Sales,"
12029,Industrial/Commercial Sales & Service,00010214161002,"R.L. Kistler, Inc", 5615 Business Ave.,,N. Syracuse,NY ,13208,USA,,315-458-2875,"Sales,"
12029,Industrial/Commercial Sales & Service,00010001611002,Huntington Power, 230 Long Hill Cross Rd,,Shelton,CT ,06484,USA,www.huntingtonpower.com,203-929-3203,"Sales,Service,Up To 2MW,Mobile/Diesel/Gas,Training,Rental,"
12029,Industrial/Commercial Sales & Service,00010001731002,Authorized Services Of New England, 410 Forest Street,,Marlborough,MA ,01752,USA,www.asne.com,888-890-9886,"Financing,Sales,Service,Up To 2MW,Mobile/Diesel/Gas,Training,Rental,"
12029,Industrial/Commercial Sales & Service,00010208021002,Modern Group Power Systems, 2501 Durham Road,,Bristol,PA ,19007,USA,www.moderngroup.com,800-404-7291,"Sales,Service,Up To 2MW,Mobile/Diesel/Gas,Training,Rental,"
12029,Industrial/Commercial Sales & Service,00010000931002,"EMERGENCY POWER SYSTEMS, LLC", 35 HAMILTON LANE,,GLENMONT,NY ,12077,USA,,800-914-1465,"Service,Up To 2MW,Mobile/Diesel/Gas,"
12029,Industrial/Commercial Sales & Service,00010000931002,"EMERGENCY POWER SYSTEMS, LLC", 35 HAMILTON LANE,,GLENMONT,NY ,12077,USA,,800-914-1465,"Service,"
12029,Industrial/Commercial Sales & Service,00010001611002,Huntington Power, 34 E DUDLEY TOWN RD.,,BLOOMFIELD,CT ,06002,USA,,860-289-8790,"Sales,Service,Rental,"
12029,Industrial/Commercial Sales & Service,00010001731002,AUTHORIZED SERVICES OF NEW ENGLAND, 410 FOREST STREET,,MARLBOROUGH,MA ,01752,USA,,888-890-9886,"Sales,"
12029,Industrial/Commercial Sales & Service,00010001611002,Huntington Power, 68 Enter Ln,,Islandia,NY ,11749,USA,,631-563-4943,"Sales,Service,Up To 2MW,Mobile/Diesel/Gas,"
12029,Industrial/Commercial Sales & Service,00010008091002,MODERN HANDLING EQUIP, 75 NEW STREET,,EDISON,NJ ,08837,USA,www.moderngroup.com,800-779-5116,"Sales,Service,Up To 2MW,Mobile/Diesel/Gas,"
12029,Industrial/Commercial Sales & Service,00010208021002,Modern Group Power Systems, 295 New Commerce Blvd.,,Wilkes Barre,PA ,18706,USA,,800-404-7291,"Sales,Service,Up To 2MW,Mobile/Diesel/Gas,"
12029,Industrial/Commercial Sales & Service,00010208021002,Modern Group Power Systems, 6352 Chapmans Rd,,Allentown,PA ,18106,USA,,800-404-7291,"Sales,Service,Up To 2MW,Mobile/Diesel/Gas,"
12029,Industrial/Commercial Sales & Service,00010208021002,Modern Group Power Systems, 200 Allied Parkway,,West Berlin,NJ ,08091,USA,,800-404-7291,"Sales,Service,Up To 2MW,Mobile/Diesel/Gas,"
12029,Industrial/Commercial Sales & Service,00010001621002,BROOKFIELD SERVICE, 708 GLEBE ROAD,,WESTMORELAND,NH ,03467,USA,www.brookfieldservice.com,802-485-6567,"Service,Up To 600kW,Mobile/Diesel/Gas,"
12029,Industrial/Commercial Sales & Service,00111209531002,HUNTINGTON POWER - LONG ISLAND, PO BOX 2040,,SHELTON,CT ,06484,USA,,631-586-7513,"Sales,"
12029,Industrial/Commercial Sales & Service,00010134071002,PEAK POWER SYSTEMS, 99 SPRAGUE AVENUE,,MIDDLETOWN,NY ,10940,USA,www.peakpowersystems.com,845-344-1975,"Sales,Service,Up To 600kW,Mobile/Diesel/Gas,Rental,"
12029,Industrial/Commercial Sales & Service,00010001761002,"GENSERVE, INC.", 100 NEWTOWN RD,,PLAINVIEW,NY ,11803,USA,www.genserveinc.com,631-435-0437,"Service,"
12029,Industrial/Commercial Sales & Service,00010139211002,POWERPRO SERVICE CO. INC., 608 JOHNSON AVE. UNIT 6,,BOHEMIA,NY ,11716,USA,,631-567-2700,"Sales,Service,Up To 600kW,Mobile/Diesel/Gas,"
12029,Industrial/Commercial Sales & Service,00111209521002,LONG ISLAND EMERGENCY POWER -QO, 2 Ocean Avenue,,DEER PARK,NY ,11729,USA,,631-586-7513,"Sales,"
12029,Industrial/Commercial Sales & Service,00010001621002,BROOKFIELD SERVICE, 829 VT ROUTE 12 SOUTH,,NORTHFIELD,VT ,05663,USA,www.brookfieldservice.com,802-485-6567,"Sales,Service,Up To 600kW,Mobile/Diesel/Gas,"
12029,Industrial/Commercial Sales & Service,00010021101002,SOUTH SHORE GENERATOR INC-Quote, 2696A CRANBERRY HWY,,WAREHAM,MA ,02571,USA,,508-295-7336,"Sales,Service,Up To 600kW,Mobile/Diesel/Gas,"
12029,Industrial/Commercial Sales & Service,00010001701002,SOUTH SHORE GENERATOR INC, ,,EAST WAREHAM,MA ,02538,USA,,508-295-7336,"Financing,Sales,Service,Up To 600kW,Mobile/Diesel/Gas,"
12029,Industrial/Commercial Sales & Service,00010001761002,"GENSERVE, INC.", 115A TWINBRIDGE DR.,,PENNSAUKEN,NJ ,08110,USA,www.genserveinc.com,856-324-0459,"Service,"
12029,Industrial/Commercial Sales & Service,00010141631002,ELECTRICAL SYSTEMS OF MAINE, 1200 MINOT AVE,,AUBURN,ME ,04210,USA,,207-783-7126,"Sales,Service,Up To 600kW,Mobile/Diesel/Gas,"
12029,Industrial/Commercial Sales & Service,00010157021002,Mechanical Service Co, 1145 Oak St.,,Pittston,PA ,18640,USA,,570-654-2445,"Service,"
12029,Industrial/Commercial Sales & Service,00111207431002,WARSHAUER ELECTRIC SUPPLY CO INC, 800 SHREWSBURY AVE,,TINTON FALLS,NJ ,07724,USA,www.warshauer.com,732-741-6400,"Service,"
12029,Industrial/Commercial Sales & Service,00010218321002,CARL F. SMITH, 25 BROOKSIDE AVE,,MORRISONVILLE,NY ,12962,USA,,518-563-2316,"Service,"
12029,Industrial/Commercial Sales & Service,00111252361002,YANKEE GENERATOR INC- IND SRV, 441 POND HILL ROAD,,LUNENBURG,VT ,05906,USA,,802-892-1348,"Service,"
12031,Industrial/Commercial Sales & Service,00010214161002,"R.L. KISTLER, INC.", 35 HAMILTON LANE,,GLENMONT,NY ,12077,USA,,585-436-1940,"Sales,Service,"
12031,Industrial/Commercial Sales & Service,00010214161002,"R.L. Kistler, Inc", 300 Mile Crossing Blvd.,,Rochester,NY ,14624,USA,rlkistler.com,585-436-1940,"Sales,"
12031,Industrial/Commercial Sales & Service,00010214161002,"R.L. Kistler, Inc", 5615 Business Ave.,,N. Syracuse,NY ,13208,USA,,315-458-2875,"Sales,"
12031,Industrial/Commercial Sales & Service,00010214161002,"R.L. Kistler, Inc", 5615 Business Ave.,,N. Syracuse,NY ,13208,USA,,315-458-2875,"Sales,"
12031,Industrial/Commercial Sales & Service,00010001611002,Huntington Power, 230 Long Hill Cross Rd,,Shelton,CT ,06484,USA,www.huntingtonpower.com,203-929-3203,"Sales,Service,Up To 2MW,Mobile/Diesel/Gas,Training,Rental,"
12031,Industrial/Commercial Sales & Service,00010001731002,Authorized Services Of New England, 410 Forest Street,,Marlborough,MA ,01752,USA,www.asne.com,888-890-9886,"Financing,Sales,Service,Up To 2MW,Mobile/Diesel/Gas,Training,Rental,"
12031,Industrial/Commercial Sales & Service,00010208021002,Modern Group Power Systems, 2501 Durham Road,,Bristol,PA ,19007,USA,www.moderngroup.com,800-404-7291,"Sales,Service,Up To 2MW,Mobile/Diesel/Gas,Training,Rental,"
12031,Industrial/Commercial Sales & Service,00010000931002,"EMERGENCY POWER SYSTEMS, LLC", 35 HAMILTON LANE,,GLENMONT,NY ,12077,USA,,800-914-1465,"Service,Up To 2MW,Mobile/Diesel/Gas,"
12031,Industrial/Commercial Sales & Service,00010000931002,"EMERGENCY POWER SYSTEMS, LLC", 35 HAMILTON LANE,,GLENMONT,NY ,12077,USA,,800-914-1465,"Service,"
12031,Industrial/Commercial Sales & Service,00010001611002,Huntington Power, 34 E DUDLEY TOWN RD.,,BLOOMFIELD,CT ,06002,USA,,860-289-8790,"Sales,Service,Rental,"
12031,Industrial/Commercial Sales & Service,00010208021002,Modern Group Power Systems, 295 New Commerce Blvd.,,Wilkes Barre,PA ,18706,USA,,800-404-7291,"Sales,Service,Up To 2MW,Mobile/Diesel/Gas,"
12031,Industrial/Commercial Sales & Service,00010001731002,AUTHORIZED SERVICES OF NEW ENGLAND, 410 FOREST STREET,,MARLBOROUGH,MA ,01752,USA,,888-890-9886,"Sales,"
12031,Industrial/Commercial Sales & Service,00010001611002,Huntington Power, 68 Enter Ln,,Islandia,NY ,11749,USA,,631-563-4943,"Sales,Service,Up To 2MW,Mobile/Diesel/Gas,"
12031,Industrial/Commercial Sales & Service,00010008091002,MODERN HANDLING EQUIP, 75 NEW STREET,,EDISON,NJ ,08837,USA,www.moderngroup.com,800-779-5116,"Sales,Service,Up To 2MW,Mobile/Diesel/Gas,"
12031,Industrial/Commercial Sales & Service,00010208021002,Modern Group Power Systems, 6352 Chapmans Rd,,Allentown,PA ,18106,USA,,800-404-7291,"Sales,Service,Up To 2MW,Mobile/Diesel/Gas,"
12031,Industrial/Commercial Sales & Service,00010000931002,"EMERGENCY POWER SYSTEMS, LLC", 300 MILE CROSSING BLVD.,,ROCHESTER,NY ,14624,USA,,585-464-6333,"Service,Up To 2MW,Mobile/Diesel/Gas,Rental,"
12031,Industrial/Commercial Sales & Service,00010000931002,"EMERGENCY POWER SYSTEMS, LLC", 300 MILE CROSSING BLVD.,,ROCHESTER,NY ,14624,USA,,585-464-6333,"Service,"
12031,Industrial/Commercial Sales & Service,00010134071002,PEAK POWER SYSTEMS, 99 SPRAGUE AVENUE,,MIDDLETOWN,NY ,10940,USA,www.peakpowersystems.com,845-344-1975,"Sales,Service,Up To 600kW,Mobile/Diesel/Gas,Rental,"
12031,Industrial/Commercial Sales & Service,00010001621002,BROOKFIELD SERVICE, 708 GLEBE ROAD,,WESTMORELAND,NH ,03467,USA,www.brookfieldservice.com,802-485-6567,"Service,Up To 600kW,Mobile/Diesel/Gas,"
12031,Industrial/Commercial Sales & Service,00111209531002,HUNTINGTON POWER - LONG ISLAND, PO BOX 2040,,SHELTON,CT ,06484,USA,,631-586-7513,"Sales,"
12031,Industrial/Commercial Sales & Service,00010001621002,BROOKFIELD SERVICE, 829 VT ROUTE 12 SOUTH,,NORTHFIELD,VT ,05663,USA,www.brookfieldservice.com,802-485-6567,"Sales,Service,Up To 600kW,Mobile/Diesel/Gas,"
12031,Industrial/Commercial Sales & Service,00010001761002,"GENSERVE, INC.", 100 NEWTOWN RD,,PLAINVIEW,NY ,11803,USA,www.genserveinc.com,631-435-0437,"Service,"
12031,Industrial/Commercial Sales & Service,00111209521002,LONG ISLAND EMERGENCY POWER -QO, 2 Ocean Avenue,,DEER PARK,NY ,11729,USA,,631-586-7513,"Sales,"
12031,Industrial/Commercial Sales & Service,00010139211002,POWERPRO SERVICE CO. INC., 608 JOHNSON AVE. UNIT 6,,BOHEMIA,NY ,11716,USA,,631-567-2700,"Sales,Service,Up To 600kW,Mobile/Diesel/Gas,"
12031,Industrial/Commercial Sales & Service,00111184131002,HUNTER & LOMISON, 1956 W FOURTH ST,,WILLIAMSPORT,PA ,17701,USA,www.hunterlomison.com,570-326-1764,"Sales,Service,Up To 600kW,Mobile/Diesel/Gas,Rental,"
12031,Industrial/Commercial Sales & Service,00010000881002,HUNTER & LOMISON INC., 1956 W. 4TH STREET,,WILLIAMSPORT,PA ,17701,USA,www.hunterlomison.com,570-326-1764,"Service,Up To 600kW,Mobile/Diesel/Gas,"
12031,Industrial/Commercial Sales & Service,00010001761002,"GENSERVE, INC.", 115A TWINBRIDGE DR.,,PENNSAUKEN,NJ ,08110,USA,www.genserveinc.com,856-324-0459,"Service,"
12031,Industrial/Commercial Sales & Service,00010157021002,Mechanical Service Co, 1145 Oak St.,,Pittston,PA ,18640,USA,,570-654-2445,"Service,"
12031,Industrial/Commercial Sales & Service,00010218321002,CARL F. SMITH, 25 BROOKSIDE AVE,,MORRISONVILLE,NY ,12962,USA,,518-563-2316,"Service,"
12031,Industrial/Commercial Sales & Service,00111207431002,WARSHAUER ELECTRIC SUPPLY CO INC, 800 SHREWSBURY AVE,,TINTON FALLS,NJ ,07724,USA,www.warshauer.com,732-741-6400,"Service,"
12031,Industrial/Commercial Sales & Service,00111252361002,YANKEE GENERATOR INC- IND SRV, 441 POND HILL ROAD,,LUNENBURG,VT ,05906,USA,,802-892-1348,"Service,"
12032,Industrial/Commercial Sales & Service,00010214161002,"R.L. Kistler, Inc", 300 Mile Crossing Blvd.,,Rochester,NY ,14624,USA,rlkistler.com,585-436-1940,"Sales,"
12032,Industrial/Commercial Sales & Service,00010214161002,"R.L. KISTLER, INC.", 35 HAMILTON LANE,,GLENMONT,NY ,12077,USA,,585-436-1940,"Sales,Service,"
12032,Industrial/Commercial Sales & Service,00010214161002,"R.L. Kistler, Inc", 5615 Business Ave.,,N. Syracuse,NY ,13208,USA,,315-458-2875,"Sales,"
12032,Industrial/Commercial Sales & Service,00010214161002,"R.L. Kistler, Inc", 5615 Business Ave.,,N. Syracuse,NY ,13208,USA,,315-458-2875,"Sales,"
12032,Industrial/Commercial Sales & Service,00010001611002,Huntington Power, 230 Long Hill Cross Rd,,Shelton,CT ,06484,USA,www.huntingtonpower.com,203-929-3203,"Sales,Service,Up To 2MW,Mobile/Diesel/Gas,Training,Rental,"
12032,Industrial/Commercial Sales & Service,00010001731002,Authorized Services Of New England, 410 Forest Street,,Marlborough,MA ,01752,USA,www.asne.com,888-890-9886,"Financing,Sales,Service,Up To 2MW,Mobile/Diesel/Gas,Training,Rental,"
12032,Industrial/Commercial Sales & Service,00010000491002,LE GROUPE ROGER FAGUY INC., 1044 DU VIGER,,TERREBONNE,QC ,J6W 6B9,CAN,www.faguy.com,450-964-5134,"Sales,Service,Up To 2MW,Mobile/Diesel/Gas,Training,Rental,"
12032,Industrial/Commercial Sales & Service,00010000931002,"EMERGENCY POWER SYSTEMS, LLC", 35 HAMILTON LANE,,GLENMONT,NY ,12077,USA,,800-914-1465,"Service,Up To 2MW,Mobile/Diesel/Gas,"
12032,Industrial/Commercial Sales & Service,00010000931002,"EMERGENCY POWER SYSTEMS, LLC", 35 HAMILTON LANE,,GLENMONT,NY ,12077,USA,,800-914-1465,"Service,"
12032,Industrial/Commercial Sales & Service,00010001611002,Huntington Power, 34 E DUDLEY TOWN RD.,,BLOOMFIELD,CT ,06002,USA,,860-289-8790,"Sales,Service,Rental,"
12032,Industrial/Commercial Sales & Service,00010208021002,Modern Group Power Systems, 295 New Commerce Blvd.,,Wilkes Barre,PA ,18706,USA,,800-404-7291,"Sales,Service,Up To 2MW,Mobile/Diesel/Gas,"
12032,Industrial/Commercial Sales & Service,00010001731002,AUTHORIZED SERVICES OF NEW ENGLAND, 410 FOREST STREET,,MARLBOROUGH,MA ,01752,USA,,888-890-9886,"Sales,"
12032,Industrial/Commercial Sales & Service,00010000931002,"EMERGENCY POWER SYSTEMS, LLC", 300 MILE CROSSING BLVD.,,ROCHESTER,NY ,14624,USA,,585-464-6333,"Service,Up To 2MW,Mobile/Diesel/Gas,Rental,"
12032,Industrial/Commercial Sales & Service,00010000931002,"EMERGENCY POWER SYSTEMS, LLC", 300 MILE CROSSING BLVD.,,ROCHESTER,NY ,14624,USA,,585-464-6333,"Service,"
12032,Industrial/Commercial Sales & Service,00010000491002,LE GROUPE ROGER FAGUY INC., 1044 LE VIGER,,LACHENAIE,QC ,J6W 6B9,CAN,,450-964-5134,"Service,"
12032,Industrial/Commercial Sales & Service,00010001611002,Huntington Power, 68 Enter Ln,,Islandia,NY ,11749,USA,,631-563-4943,"Sales,Service,Up To 2MW,Mobile/Diesel/Gas,"
12032,Industrial/Commercial Sales & Service,00010008091002,MODERN HANDLING EQUIP, 75 NEW STREET,,EDISON,NJ ,08837,USA,www.moderngroup.com,800-779-5116,"Sales,Service,Up To 2MW,Mobile/Diesel/Gas,"
12032,Industrial/Commercial Sales & Service,00010208021002,Modern Group Power Systems, 6352 Chapmans Rd,,Allentown,PA ,18106,USA,,800-404-7291,"Sales,Service,Up To 2MW,Mobile/Diesel/Gas,"
12032,Industrial/Commercial Sales & Service,00010001621002,BROOKFIELD SERVICE, 708 GLEBE ROAD,,WESTMORELAND,NH ,03467,USA,www.brookfieldservice.com,802-485-6567,"Service,Up To 600kW,Mobile/Diesel/Gas,"
12032,Industrial/Commercial Sales & Service,00010001621002,BROOKFIELD SERVICE, 829 VT ROUTE 12 SOUTH,,NORTHFIELD,VT ,05663,USA,www.brookfieldservice.com,802-485-6567,"Sales,Service,Up To 600kW,Mobile/Diesel/Gas,"
12032,Industrial/Commercial Sales & Service,00010134071002,PEAK POWER SYSTEMS, 99 SPRAGUE AVENUE,,MIDDLETOWN,NY ,10940,USA,www.peakpowersystems.com,845-344-1975,"Sales,Service,Up To 600kW,Mobile/Diesel/Gas,Rental,"
12032,Industrial/Commercial Sales & Service,00111209531002,HUNTINGTON POWER - LONG ISLAND, PO BOX 2040,,SHELTON,CT ,06484,USA,,631-586-7513,"Sales,"
12032,Industrial/Commercial Sales & Service,00010001761002,"GENSERVE, INC.", 100 NEWTOWN RD,,PLAINVIEW,NY ,11803,USA,www.genserveinc.com,631-435-0437,"Service,"
12032,Industrial/Commercial Sales & Service,00111209521002,LONG ISLAND EMERGENCY POWER -QO, 2 Ocean Avenue,,DEER PARK,NY ,11729,USA,,631-586-7513,"Sales,"
12032,Industrial/Commercial Sales & Service,00010139211002,POWERPRO SERVICE CO. INC., 608 JOHNSON AVE. UNIT 6,,BOHEMIA,NY ,11716,USA,,631-567-2700,"Sales,Service,Up To 600kW,Mobile/Diesel/Gas,"
12032,Industrial/Commercial Sales & Service,00111184131002,HUNTER & LOMISON, 1956 W FOURTH ST,,WILLIAMSPORT,PA ,17701,USA,www.hunterlomison.com,570-326-1764,"Sales,Service,Up To 600kW,Mobile/Diesel/Gas,Rental,"
12032,Industrial/Commercial Sales & Service,00010000881002,HUNTER & LOMISON INC., 1956 W. 4TH STREET,,WILLIAMSPORT,PA ,17701,USA,www.hunterlomison.com,570-326-1764,"Service,Up To 600kW,Mobile/Diesel/Gas,"
12032,Industrial/Commercial Sales & Service,00010218321002,CARL F. SMITH, 25 BROOKSIDE AVE,,MORRISONVILLE,NY ,12962,USA,,518-563-2316,"Service,"
12032,Industrial/Commercial Sales & Service,00010157021002,Mechanical Service Co, 1145 Oak St.,,Pittston,PA ,18640,USA,,570-654-2445,"Service,"
12032,Industrial/Commercial Sales & Service,00111252361002,YANKEE GENERATOR INC- IND SRV, 441 POND HILL ROAD,,LUNENBURG,VT ,05906,USA,,802-892-1348,"Service,"
12032,Industrial/Commercial Sales & Service,00010152891002,"Group Maska, Inc.", 550 Ave. de Vaudreuil,,Hyacinthe,QC ,J2S 4H2,CAN,www.groupemaska.com,450-773-7471,"Sales,Service,"
12033,Industrial/Commercial Sales & Service,00010214161002,"R.L. KISTLER, INC.", 35 HAMILTON LANE,,GLENMONT,NY ,12077,USA,,585-436-1940,"Sales,Service,"
12033,Industrial/Commercial Sales & Service,00010214161002,"R.L. Kistler, Inc", 300 Mile Crossing Blvd.,,Rochester,NY ,14624,USA,rlkistler.com,585-436-1940,"Sales,"
12033,Industrial/Commercial Sales & Service,00010214161002,"R.L. Kistler, Inc", 5615 Business Ave.,,N. Syracuse,NY ,13208,USA,,315-458-2875,"Sales,"
12033,Industrial/Commercial Sales & Service,00010214161002,"R.L. Kistler, Inc", 5615 Business Ave.,,N. Syracuse,NY ,13208,USA,,315-458-2875,"Sales,"
12033,Industrial/Commercial Sales & Service,00010001611002,Huntington Power, 230 Long Hill Cross Rd,,Shelton,CT ,06484,USA,www.huntingtonpower.com,203-929-3203,"Sales,Service,Up To 2MW,Mobile/Diesel/Gas,Training,Rental,"
12033,Industrial/Commercial Sales & Service,00010001731002,Authorized Services Of New England, 410 Forest Street,,Marlborough,MA ,01752,USA,www.asne.com,888-890-9886,"Financing,Sales,Service,Up To 2MW,Mobile/Diesel/Gas,Training,Rental,"
12033,Industrial/Commercial Sales & Service,00010208021002,Modern Group Power Systems, 2501 Durham Road,,Bristol,PA ,19007,USA,www.moderngroup.com,800-404-7291,"Sales,Service,Up To 2MW,Mobile/Diesel/Gas,Training,Rental,"
12033,Industrial/Commercial Sales & Service,00010000931002,"EMERGENCY POWER SYSTEMS, LLC", 35 HAMILTON LANE,,GLENMONT,NY ,12077,USA,,800-914-1465,"Service,Up To 2MW,Mobile/Diesel/Gas,"
12033,Industrial/Commercial Sales & Service,00010000931002,"EMERGENCY POWER SYSTEMS, LLC", 35 HAMILTON LANE,,GLENMONT,NY ,12077,USA,,800-914-1465,"Service,"
12033,Industrial/Commercial Sales & Service,00010001611002,Huntington Power, 34 E DUDLEY TOWN RD.,,BLOOMFIELD,CT ,06002,USA,,860-289-8790,"Sales,Service,Rental,"
12033,Industrial/Commercial Sales & Service,00010001731002,AUTHORIZED SERVICES OF NEW ENGLAND, 410 FOREST STREET,,MARLBOROUGH,MA ,01752,USA,,888-890-9886,"Sales,"
12033,Industrial/Commercial Sales & Service,00010001611002,Huntington Power, 68 Enter Ln,,Islandia,NY ,11749,USA,,631-563-4943,
12033,Industrial/Commercial Sales & Service,00010008091002,MODERN HANDLING EQUIP, 75 NEW STREET,,EDISON,NJ ,08837,USA,www.moderngroup.com,800-779-5116,"Sales,Service,Up To 2MW,Mobile/Diesel/Gas,"
12033,Industrial/Commercial Sales & Service,00010208021002,Modern Group Power Systems, 295 New Commerce Blvd.,,Wilkes Barre,PA ,18706,USA,,800-404-7291,"Sales,Service,Up To 2MW,Mobile/Diesel/Gas,"
12033,Industrial/Commercial Sales & Service,00010208021002,Modern Group Power Systems, 6352 Chapmans Rd,,Allentown,PA ,18106,USA,,800-404-7291,"Sales,Service,Up To 2MW,Mobile/Diesel/Gas,"
12033,Industrial/Commercial Sales & Service,00010208021002,Modern Group Power Systems, 200 Allied Parkway,,West Berlin,NJ ,08091,USA,,800-404-7291,"Sales,Service,Up To 2MW,Mobile/Diesel/Gas,"
12033,Industrial/Commercial Sales & Service,00010001621002,BROOKFIELD SERVICE, 708 GLEBE ROAD,,WESTMORELAND,NH ,03467,USA,www.brookfieldservice.com,802-485-6567,"Service,Up To 600kW,Mobile/Diesel/Gas,"
12033,Industrial/Commercial Sales & Service,00010134071002,PEAK POWER SYSTEMS, 99 SPRAGUE AVENUE,,MIDDLETOWN,NY ,10940,USA,www.peakpowersystems.com,845-344-1975,"Sales,Service,Up To 600kW,Mobile/Diesel/Gas,Rental,"
12033,Industrial/Commercial Sales & Service,00111209531002,HUNTINGTON POWER - LONG ISLAND, PO BOX 2040,,SHELTON,CT ,06484,USA,,631-586-7513,"Sales,"
12033,Industrial/Commercial Sales & Service,00010001761002,"GENSERVE, INC.", 100 NEWTOWN RD,,PLAINVIEW,NY ,11803,USA,www.genserveinc.com,631-435-0437,"Service,"
12033,Industrial/Commercial Sales & Service,00010001621002,BROOKFIELD SERVICE, 829 VT ROUTE 12 SOUTH,,NORTHFIELD,VT ,05663,USA,www.brookfieldservice.com,802-485-6567,"Sales,Service,Up To 600kW,Mobile/Diesel/Gas,"
12033,Industrial/Commercial Sales & Service,00111209521002,LONG ISLAND EMERGENCY POWER -QO, 2 Ocean Avenue,,DEER PARK,NY ,11729,USA,,631-586-7513,"Sales,"
12033,Industrial/Commercial Sales & Service,00010139211002,POWERPRO SERVICE CO. INC., 608 JOHNSON AVE. UNIT 6,,BOHEMIA,NY ,11716,USA,,631-567-2700,"Sales,Service,Up To 600kW,Mobile/Diesel/Gas,"
12033,Industrial/Commercial Sales & Service,00010021101002,SOUTH SHORE GENERATOR INC-Quote, 2696A CRANBERRY HWY,,WAREHAM,MA ,02571,USA,,508-295-7336,"Sales,Service,Up To 600kW,Mobile/Diesel/Gas,"
12033,Industrial/Commercial Sales & Service,00010001701002,SOUTH SHORE GENERATOR INC, ,,EAST WAREHAM,MA ,02538,USA,,508-295-7336,"Financing,Sales,Service,Up To 600kW,Mobile/Diesel/Gas,"
12033,Industrial/Commercial Sales & Service,00010001761002,"GENSERVE, INC.", 115A TWINBRIDGE DR.,,PENNSAUKEN,NJ ,08110,USA,www.genserveinc.com,856-324-0459,"Service,"
12033,Industrial/Commercial Sales & Service,00111184131002,HUNTER & LOMISON, 1956 W FOURTH ST,,WILLIAMSPORT,PA ,17701,USA,www.hunterlomison.com,570-326-1764,"Sales,Service,Up To 600kW,Mobile/Diesel/Gas,Rental,"
12033,Industrial/Commercial Sales & Service,00010000881002,HUNTER & LOMISON INC., 1956 W. 4TH STREET,,WILLIAMSPORT,PA ,17701,USA,www.hunterlomison.com,570-326-1764,"Service,Up To 600kW,Mobile/Diesel/Gas,"
12033,Industrial/Commercial Sales & Service,00010157021002,Mechanical Service Co, 1145 Oak St.,,Pittston,PA ,18640,USA,,570-654-2445,"Service,"
12033,Industrial/Commercial Sales & Service,00010218321002,CARL F. SMITH, 25 BROOKSIDE AVE,,MORRISONVILLE,NY ,12962,USA,,518-563-2316,"Service,"
12033,Industrial/Commercial Sales & Service,00111207431002,WARSHAUER ELECTRIC SUPPLY CO INC, 800 SHREWSBURY AVE,,TINTON FALLS,NJ ,07724,USA,www.warshauer.com,732-741-6400,"Service,"
12033,Industrial/Commercial Sales & Service,00111252361002,YANKEE GENERATOR INC- IND SRV, 441 POND HILL ROAD,,LUNENBURG,VT ,05906,USA,,802-892-1348,"Service,"
12035,Industrial/Commercial Sales & Service,00010214161002,"R.L. Kistler, Inc", 300 Mile Crossing Blvd.,,Rochester,NY ,14624,USA,rlkistler.com,585-436-1940,"Sales,"
12035,Industrial/Commercial Sales & Service,00010214161002,"R.L. KISTLER, INC.", 35 HAMILTON LANE,,GLENMONT,NY ,12077,USA,,585-436-1940,"Sales,Service,"
12035,Industrial/Commercial Sales & Service,00010214161002,"R.L. Kistler, Inc", 5615 Business Ave.,,N. Syracuse,NY ,13208,USA,,315-458-2875,"Sales,"
12035,Industrial/Commercial Sales & Service,00010214161002,"R.L. Kistler, Inc", 5615 Business Ave.,,N. Syracuse,NY ,13208,USA,,315-458-2875,"Sales,"
12035,Industrial/Commercial Sales & Service,00010001611002,Huntington Power, 230 Long Hill Cross Rd,,Shelton,CT ,06484,USA,www.huntingtonpower.com,203-929-3203,"Sales,Service,Up To 2MW,Mobile/Diesel/Gas,Training,Rental,"
12035,Industrial/Commercial Sales & Service,00010001731002,Authorized Services Of New England, 410 Forest Street,,Marlborough,MA ,01752,USA,www.asne.com,888-890-9886,"Financing,Sales,Service,Up To 2MW,Mobile/Diesel/Gas,Training,Rental,"
12035,Industrial/Commercial Sales & Service,00010208021002,Modern Group Power Systems, 2501 Durham Road,,Bristol,PA ,19007,USA,www.moderngroup.com,800-404-7291,"Sales,Service,Up To 2MW,Mobile/Diesel/Gas,Training,Rental,"
12035,Industrial/Commercial Sales & Service,00010000931002,"EMERGENCY POWER SYSTEMS, LLC", 35 HAMILTON LANE,,GLENMONT,NY ,12077,USA,,800-914-1465,"Service,Up To 2MW,Mobile/Diesel/Gas,"
12035,Industrial/Commercial Sales & Service,00010000931002,"EMERGENCY POWER SYSTEMS, LLC", 35 HAMILTON LANE,,GLENMONT,NY ,12077,USA,,800-914-1465,"Service,"
12035,Industrial/Commercial Sales & Service,00010001611002,Huntington Power, 34 E DUDLEY TOWN RD.,,BLOOMFIELD,CT ,06002,USA,,860-289-8790,"Sales,Service,Rental,"
12035,Industrial/Commercial Sales & Service,00010208021002,Modern Group Power Systems, 295 New Commerce Blvd.,,Wilkes Barre,PA ,18706,USA,,800-404-7291,"Sales,Service,Up To 2MW,Mobile/Diesel/Gas,"
12035,Industrial/Commercial Sales & Service,00010001731002,AUTHORIZED SERVICES OF NEW ENGLAND, 410 FOREST STREET,,MARLBOROUGH,MA ,01752,USA,,888-890-9886,"Sales,"
12035,Industrial/Commercial Sales & Service,00010001611002,Huntington Power, 68 Enter Ln,,Islandia,NY ,11749,USA,,631-563-4943,"Sales,Service,Up To 2MW,Mobile/Diesel/Gas,"
12035,Industrial/Commercial Sales & Service,00010008091002,MODERN HANDLING EQUIP, 75 NEW STREET,,EDISON,NJ ,08837,USA,www.moderngroup.com,800-779-5116,"Sales,Service,Up To 2MW,Mobile/Diesel/Gas,"
12035,Industrial/Commercial Sales & Service,00010208021002,Modern Group Power Systems, 6352 Chapmans Rd,,Allentown,PA ,18106,USA,,800-404-7291,"Sales,Service,Up To 2MW,Mobile/Diesel/Gas,"
12035,Industrial/Commercial Sales & Service,00010000931002,"EMERGENCY POWER SYSTEMS, LLC", 300 MILE CROSSING BLVD.,,ROCHESTER,NY ,14624,USA,,585-464-6333,"Service,Up To 2MW,Mobile/Diesel/Gas,Rental,"
12035,Industrial/Commercial Sales & Service,00010000931002,"EMERGENCY POWER SYSTEMS, LLC", 300 MILE CROSSING BLVD.,,ROCHESTER,NY ,14624,USA,,585-464-6333,"Service,"
12035,Industrial/Commercial Sales & Service,00010134071002,PEAK POWER SYSTEMS, 99 SPRAGUE AVENUE,,MIDDLETOWN,NY ,10940,USA,www.peakpowersystems.com,845-344-1975,"Sales,Service,Up To 600kW,Mobile/Diesel/Gas,Rental,"
12035,Industrial/Commercial Sales & Service,00010001621002,BROOKFIELD SERVICE, 708 GLEBE ROAD,,WESTMORELAND,NH ,03467,USA,www.brookfieldservice.com,802-485-6567,"Service,Up To 600kW,Mobile/Diesel/Gas,"
12035,Industrial/Commercial Sales & Service,00111209531002,HUNTINGTON POWER - LONG ISLAND, PO BOX 2040,,SHELTON,CT ,06484,USA,,631-586-7513,"Sales,"
12035,Industrial/Commercial Sales & Service,00010001621002,BROOKFIELD SERVICE, 829 VT ROUTE 12 SOUTH,,NORTHFIELD,VT ,05663,USA,www.brookfieldservice.com,802-485-6567,"Sales,Service,Up To 600kW,Mobile/Diesel/Gas,"
12035,Industrial/Commercial Sales & Service,00010001761002,"GENSERVE, INC.", 100 NEWTOWN RD,,PLAINVIEW,NY ,11803,USA,www.genserveinc.com,631-435-0437,"Service,"
12035,Industrial/Commercial Sales & Service,00111209521002,LONG ISLAND EMERGENCY POWER -QO, 2 Ocean Avenue,,DEER PARK,NY ,11729,USA,,631-586-7513,"Sales,"
12035,Industrial/Commercial Sales & Service,00010139211002,POWERPRO SERVICE CO. INC., 608 JOHNSON AVE. UNIT 6,,BOHEMIA,NY ,11716,USA,,631-567-2700,"Sales,Service,Up To 600kW,Mobile/Diesel/Gas,"
12035,Industrial/Commercial Sales & Service,00111184131002,HUNTER & LOMISON, 1956 W FOURTH ST,,WILLIAMSPORT,PA ,17701,USA,www.hunterlomison.com,570-326-1764,"Sales,Service,Up To 600kW,Mobile/Diesel/Gas,Rental,"
12035,Industrial/Commercial Sales & Service,00010000881002,HUNTER & LOMISON INC., 1956 W. 4TH STREET,,WILLIAMSPORT,PA ,17701,USA,www.hunterlomison.com,570-326-1764,"Service,Up To 600kW,Mobile/Diesel/Gas,"
12035,Industrial/Commercial Sales & Service,00010001761002,"GENSERVE, INC.", 115A TWINBRIDGE DR.,,PENNSAUKEN,NJ ,08110,USA,www.genserveinc.com,856-324-0459,"Service,"
12035,Industrial/Commercial Sales & Service,00010021101002,SOUTH SHORE GENERATOR INC-Quote, 2696A CRANBERRY HWY,,WAREHAM,MA ,02571,USA,,508-295-7336,"Sales,Service,Up To 600kW,Mobile/Diesel/Gas,"
12035,Industrial/Commercial Sales & Service,00010157021002,Mechanical Service Co, 1145 Oak St.,,Pittston,PA ,18640,USA,,570-654-2445,"Service,"
12035,Industrial/Commercial Sales & Service,00010218321002,CARL F. SMITH, 25 BROOKSIDE AVE,,MORRISONVILLE,NY ,12962,USA,,518-563-2316,"Service,"
12035,Industrial/Commercial Sales & Service,00111207431002,WARSHAUER ELECTRIC SUPPLY CO INC, 800 SHREWSBURY AVE,,TINTON FALLS,NJ ,07724,USA,www.warshauer.com,732-741-6400,"Service,"
12035,Industrial/Commercial Sales & Service,00111252361002,YANKEE GENERATOR INC- IND SRV, 441 POND HILL ROAD,,LUNENBURG,VT ,05906,USA,,802-892-1348,"Service,"
12036,Industrial/Commercial Sales & Service,00010214161002,"R.L. Kistler, Inc", 300 Mile Crossing Blvd.,,Rochester,NY ,14624,USA,rlkistler.com,585-436-1940,"Sales,"
12036,Industrial/Commercial Sales & Service,00010214161002,"R.L. KISTLER, INC.", 35 HAMILTON LANE,,GLENMONT,NY ,12077,USA,,585-436-1940,"Sales,Service,"
12036,Industrial/Commercial Sales & Service,00010214161002,"R.L. Kistler, Inc", 5615 Business Ave.,,N. Syracuse,NY ,13208,USA,,315-458-2875,"Sales,"
12036,Industrial/Commercial Sales & Service,00010214161002,"R.L. Kistler, Inc", 5615 Business Ave.,,N. Syracuse,NY ,13208,USA,,315-458-2875,"Sales,"
12036,Industrial/Commercial Sales & Service,00010001611002,Huntington Power, 230 Long Hill Cross Rd,,Shelton,CT ,06484,USA,www.huntingtonpower.com,203-929-3203,"Sales,Service,Up To 2MW,Mobile/Diesel/Gas,Training,Rental,"
12036,Industrial/Commercial Sales & Service,00010001731002,Authorized Services Of New England, 410 Forest Street,,Marlborough,MA ,01752,USA,www.asne.com,888-890-9886,"Financing,Sales,Service,Up To 2MW,Mobile/Diesel/Gas,Training,Rental,"
12036,Industrial/Commercial Sales & Service,00010208021002,Modern Group Power Systems, 2501 Durham Road,,Bristol,PA ,19007,USA,www.moderngroup.com,800-404-7291,"Sales,Service,Up To 2MW,Mobile/Diesel/Gas,Training,Rental,"
12036,Industrial/Commercial Sales & Service,00010000931002,"EMERGENCY POWER SYSTEMS, LLC", 35 HAMILTON LANE,,GLENMONT,NY ,12077,USA,,800-914-1465,"Service,Up To 2MW,Mobile/Diesel/Gas,"
12036,Industrial/Commercial Sales & Service,00010000931002,"EMERGENCY POWER SYSTEMS, LLC", 35 HAMILTON LANE,,GLENMONT,NY ,12077,USA,,800-914-1465,"Service,"
12036,Industrial/Commercial Sales & Service,00010001611002,Huntington Power, 34 E DUDLEY TOWN RD.,,BLOOMFIELD,CT ,06002,USA,,860-289-8790,"Sales,Service,Rental,"
12036,Industrial/Commercial Sales & Service,00010208021002,Modern Group Power Systems, 295 New Commerce Blvd.,,Wilkes Barre,PA ,18706,USA,,800-404-7291,"Sales,Service,Up To 2MW,Mobile/Diesel/Gas,"
12036,Industrial/Commercial Sales & Service,00010008091002,MODERN HANDLING EQUIP, 75 NEW STREET,,EDISON,NJ ,08837,USA,www.moderngroup.com,800-779-5116,"Sales,Service,Up To 2MW,Mobile/Diesel/Gas,"
12036,Industrial/Commercial Sales & Service,00010208021002,Modern Group Power Systems, 6352 Chapmans Rd,,Allentown,PA ,18106,USA,,800-404-7291,"Sales,Service,Up To 2MW,Mobile/Diesel/Gas,"
12036,Industrial/Commercial Sales & Service,00010001611002,Huntington Power, 68 Enter Ln,,Islandia,NY ,11749,USA,,631-563-4943,"Sales,Service,Up To 2MW,Mobile/Diesel/Gas,"
12036,Industrial/Commercial Sales & Service,00010001731002,AUTHORIZED SERVICES OF NEW ENGLAND, 410 FOREST STREET,,MARLBOROUGH,MA ,01752,USA,,888-890-9886,"Sales,"
12036,Industrial/Commercial Sales & Service,00010000931002,"EMERGENCY POWER SYSTEMS, LLC", 300 MILE CROSSING BLVD.,,ROCHESTER,NY ,14624,USA,,585-464-6333,"Service,Up To 2MW,Mobile/Diesel/Gas,Rental,"
12036,Industrial/Commercial Sales & Service,00010000931002,"EMERGENCY POWER SYSTEMS, LLC", 300 MILE CROSSING BLVD.,,ROCHESTER,NY ,14624,USA,,585-464-6333,"Service,"
12036,Industrial/Commercial Sales & Service,00010208021002,Modern Group Power Systems, 200 Allied Parkway,,West Berlin,NJ ,08091,USA,,800-404-7291,"Sales,Service,Up To 2MW,Mobile/Diesel/Gas,"
12036,Industrial/Commercial Sales & Service,00010134071002,PEAK POWER SYSTEMS, 99 SPRAGUE AVENUE,,MIDDLETOWN,NY ,10940,USA,www.peakpowersystems.com,845-344-1975,"Sales,Service,Up To 600kW,Mobile/Diesel/Gas,Rental,"
12036,Industrial/Commercial Sales & Service,00111209531002,HUNTINGTON POWER - LONG ISLAND, PO BOX 2040,,SHELTON,CT ,06484,USA,,631-586-7513,"Sales,"
12036,Industrial/Commercial Sales & Service,00010001621002,BROOKFIELD SERVICE, 708 GLEBE ROAD,,WESTMORELAND,NH ,03467,USA,www.brookfieldservice.com,802-485-6567,"Service,Up To 600kW,Mobile/Diesel/Gas,"
12036,Industrial/Commercial Sales & Service,00010001761002,"GENSERVE, INC.", 100 NEWTOWN RD,,PLAINVIEW,NY ,11803,USA,www.genserveinc.com,631-435-0437,"Service,"
12036,Industrial/Commercial Sales & Service,00111209521002,LONG ISLAND EMERGENCY POWER -QO, 2 Ocean Avenue,,DEER PARK,NY ,11729,USA,,631-586-7513,"Sales,"
12036,Industrial/Commercial Sales & Service,00010139211002,POWERPRO SERVICE CO. INC., 608 JOHNSON AVE. UNIT 6,,BOHEMIA,NY ,11716,USA,,631-567-2700,"Sales,Service,Up To 600kW,Mobile/Diesel/Gas,"
12036,Industrial/Commercial Sales & Service,00010001621002,BROOKFIELD SERVICE, 829 VT ROUTE 12 SOUTH,,NORTHFIELD,VT ,05663,USA,www.brookfieldservice.com,802-485-6567,"Sales,Service,Up To 600kW,Mobile/Diesel/Gas,"
12036,Industrial/Commercial Sales & Service,00111184131002,HUNTER & LOMISON, 1956 W FOURTH ST,,WILLIAMSPORT,PA ,17701,USA,www.hunterlomison.com,570-326-1764,"Sales,Service,Up To 600kW,Mobile/Diesel/Gas,Rental,"
12036,Industrial/Commercial Sales & Service,00010000881002,HUNTER & LOMISON INC., 1956 W. 4TH STREET,,WILLIAMSPORT,PA ,17701,USA,www.hunterlomison.com,570-326-1764,"Service,Up To 600kW,Mobile/Diesel/Gas,"
12036,Industrial/Commercial Sales & Service,00010001761002,"GENSERVE, INC.", 115A TWINBRIDGE DR.,,PENNSAUKEN,NJ ,08110,USA,www.genserveinc.com,856-324-0459,"Service,"
12036,Industrial/Commercial Sales & Service,00010157021002,Mechanical Service Co, 1145 Oak St.,,Pittston,PA ,18640,USA,,570-654-2445,"Service,"
12036,Industrial/Commercial Sales & Service,00111207431002,WARSHAUER ELECTRIC SUPPLY CO INC, 800 SHREWSBURY AVE,,TINTON FALLS,NJ ,07724,USA,www.warshauer.com,732-741-6400,"Service,"
12036,Industrial/Commercial Sales & Service,00010218321002,CARL F. SMITH, 25 BROOKSIDE AVE,,MORRISONVILLE,NY ,12962,USA,,518-563-2316,"Service,"
12036,Industrial/Commercial Sales & Service,00111252361002,YANKEE GENERATOR INC- IND SRV, 441 POND HILL ROAD,,LUNENBURG,VT ,05906,USA,,802-892-1348,"Service,"
12037,Industrial/Commercial Sales & Service,00010214161002,"R.L. KISTLER, INC.", 35 HAMILTON LANE,,GLENMONT,NY ,12077,USA,,585-436-1940,"Sales,Service,"
12037,Industrial/Commercial Sales & Service,00010214161002,"R.L. Kistler, Inc", 300 Mile Crossing Blvd.,,Rochester,NY ,14624,USA,rlkistler.com,585-436-1940,"Sales,"
12037,Industrial/Commercial Sales & Service,00010214161002,"R.L. Kistler, Inc", 5615 Business Ave.,,N. Syracuse,NY ,13208,USA,,315-458-2875,"Sales,"
12037,Industrial/Commercial Sales & Service,00010214161002,"R.L. Kistler, Inc", 5615 Business Ave.,,N. Syracuse,NY ,13208,USA,,315-458-2875,"Sales,"
12037,Industrial/Commercial Sales & Service,00010001611002,Huntington Power, 230 Long Hill Cross Rd,,Shelton,CT ,06484,USA,www.huntingtonpower.com,203-929-3203,"Sales,Service,Up To 2MW,Mobile/Diesel/Gas,Training,Rental,"
12037,Industrial/Commercial Sales & Service,00010001731002,Authorized Services Of New England, 410 Forest Street,,Marlborough,MA ,01752,USA,www.asne.com,888-890-9886,"Financing,Sales,Service,Up To 2MW,Mobile/Diesel/Gas,Training,Rental,"
12037,Industrial/Commercial Sales & Service,00010208021002,Modern Group Power Systems, 2501 Durham Road,,Bristol,PA ,19007,USA,www.moderngroup.com,800-404-7291,"Sales,Service,Up To 2MW,Mobile/Diesel/Gas,Training,Rental,"
12037,Industrial/Commercial Sales & Service,00010000931002,"EMERGENCY POWER SYSTEMS, LLC", 35 HAMILTON LANE,,GLENMONT,NY ,12077,USA,,800-914-1465,"Service,Up To 2MW,Mobile/Diesel/Gas,"
12037,Industrial/Commercial Sales & Service,00010000931002,"EMERGENCY POWER SYSTEMS, LLC", 35 HAMILTON LANE,,GLENMONT,NY ,12077,USA,,800-914-1465,"Service,"
12037,Industrial/Commercial Sales & Service,00010001611002,Huntington Power, 34 E DUDLEY TOWN RD.,,BLOOMFIELD,CT ,06002,USA,,860-289-8790,"Sales,Service,Rental,"
12037,Industrial/Commercial Sales & Service,00010001731002,AUTHORIZED SERVICES OF NEW ENGLAND, 410 FOREST STREET,,MARLBOROUGH,MA ,01752,USA,,888-890-9886,"Sales,"
12037,Industrial/Commercial Sales & Service,00010001611002,Huntington Power, 68 Enter Ln,,Islandia,NY ,11749,USA,,631-563-4943,"Sales,Service,Up To 2MW,Mobile/Diesel/Gas,"
12037,Industrial/Commercial Sales & Service,00010008091002,MODERN HANDLING EQUIP, 75 NEW STREET,,EDISON,NJ ,08837,USA,www.moderngroup.com,800-779-5116,"Sales,Service,Up To 2MW,Mobile/Diesel/Gas,"
12037,Industrial/Commercial Sales & Service,00010208021002,Modern Group Power Systems, 295 New Commerce Blvd.,,Wilkes Barre,PA ,18706,USA,,800-404-7291,"Sales,Service,Up To 2MW,Mobile/Diesel/Gas,"
12037,Industrial/Commercial Sales & Service,00010208021002,Modern Group Power Systems, 6352 Chapmans Rd,,Allentown,PA ,18106,USA,,800-404-7291,"Sales,Service,Up To 2MW,Mobile/Diesel/Gas,"
12037,Industrial/Commercial Sales & Service,00010208021002,Modern Group Power Systems, 200 Allied Parkway,,West Berlin,NJ ,08091,USA,,800-404-7291,"Sales,Service,Up To 2MW,Mobile/Diesel/Gas,"
12037,Industrial/Commercial Sales & Service,00010001621002,BROOKFIELD SERVICE, 708 GLEBE ROAD,,WESTMORELAND,NH ,03467,USA,www.brookfieldservice.com,802-485-6567,"Service,Up To 600kW,Mobile/Diesel/Gas,"
12037,Industrial/Commercial Sales & Service,00010134071002,PEAK POWER SYSTEMS, 99 SPRAGUE AVENUE,,MIDDLETOWN,NY ,10940,USA,www.peakpowersystems.com,845-344-1975,"Sales,Service,Up To 600kW,Mobile/Diesel/Gas,Rental,"
12037,Industrial/Commercial Sales & Service,00111209531002,HUNTINGTON POWER - LONG ISLAND, PO BOX 2040,,SHELTON,CT ,06484,USA,,631-586-7513,"Sales,"
12037,Industrial/Commercial Sales & Service,00010001761002,"GENSERVE, INC.", 100 NEWTOWN RD,,PLAINVIEW,NY ,11803,USA,www.genserveinc.com,631-435-0437,"Service,"
12037,Industrial/Commercial Sales & Service,00111209521002,LONG ISLAND EMERGENCY POWER -QO, 2 Ocean Avenue,,DEER PARK,NY ,11729,USA,,631-586-7513,"Sales,"
12037,Industrial/Commercial Sales & Service,00010139211002,POWERPRO SERVICE CO. INC., 608 JOHNSON AVE. UNIT 6,,BOHEMIA,NY ,11716,USA,,631-567-2700,"Sales,Service,Up To 600kW,Mobile/Diesel/Gas,"
12037,Industrial/Commercial Sales & Service,00010001621002,BROOKFIELD SERVICE, 829 VT ROUTE 12 SOUTH,,NORTHFIELD,VT ,05663,USA,www.brookfieldservice.com,802-485-6567,"Sales,Service,Up To 600kW,Mobile/Diesel/Gas,"
12037,Industrial/Commercial Sales & Service,00010021101002,SOUTH SHORE GENERATOR INC-Quote, 2696A CRANBERRY HWY,,WAREHAM,MA ,02571,USA,,508-295-7336,"Sales,Service,Up To 600kW,Mobile/Diesel/Gas,"
12037,Industrial/Commercial Sales & Service,00010001701002,SOUTH SHORE GENERATOR INC, ,,EAST WAREHAM,MA ,02538,USA,,508-295-7336,"Financing,Sales,Service,Up To 600kW,Mobile/Diesel/Gas,"
12037,Industrial/Commercial Sales & Service,00010001761002,"GENSERVE, INC.", 115A TWINBRIDGE DR.,,PENNSAUKEN,NJ ,08110,USA,www.genserveinc.com,856-324-0459,"Service,"
12037,Industrial/Commercial Sales & Service,00111184131002,HUNTER & LOMISON, 1956 W FOURTH ST,,WILLIAMSPORT,PA ,17701,USA,www.hunterlomison.com,570-326-1764,"Sales,Service,Up To 600kW,Mobile/Diesel/Gas,Rental,"
12037,Industrial/Commercial Sales & Service,00010000881002,HUNTER & LOMISON INC., 1956 W. 4TH STREET,,WILLIAMSPORT,PA ,17701,USA,www.hunterlomison.com,570-326-1764,"Service,Up To 600kW,Mobile/Diesel/Gas,"
12037,Industrial/Commercial Sales & Service,00010157021002,Mechanical Service Co, 1145 Oak St.,,Pittston,PA ,18640,USA,,570-654-2445,"Service,"
12037,Industrial/Commercial Sales & Service,00111207431002,WARSHAUER ELECTRIC SUPPLY CO INC, 800 SHREWSBURY AVE,,TINTON FALLS,NJ ,07724,USA,www.warshauer.com,732-741-6400,"Service,"
12037,Industrial/Commercial Sales & Service,00010218321002,CARL F. SMITH, 25 BROOKSIDE AVE,,MORRISONVILLE,NY ,12962,USA,,518-563-2316,"Service,"
12037,Industrial/Commercial Sales & Service,00111252361002,YANKEE GENERATOR INC- IND SRV, 441 POND HILL ROAD,,LUNENBURG,VT ,05906,USA,,802-892-1348,"Service,"
12040,Industrial/Commercial Sales & Service,00010214161002,"R.L. KISTLER, INC.", 35 HAMILTON LANE,,GLENMONT,NY ,12077,USA,,585-436-1940,"Sales,Service,"
12040,Industrial/Commercial Sales & Service,00010214161002,"R.L. Kistler, Inc", 300 Mile Crossing Blvd.,,Rochester,NY ,14624,USA,rlkistler.com,585-436-1940,"Sales,"
12040,Industrial/Commercial Sales & Service,00010214161002,"R.L. Kistler, Inc", 5615 Business Ave.,,N. Syracuse,NY ,13208,USA,,315-458-2875,"Sales,"
12040,Industrial/Commercial Sales & Service,00010214161002,"R.L. Kistler, Inc", 5615 Business Ave.,,N. Syracuse,NY ,13208,USA,,315-458-2875,"Sales,"
12040,Industrial/Commercial Sales & Service,00010001611002,Huntington Power, 230 Long Hill Cross Rd,,Shelton,CT ,06484,USA,www.huntingtonpower.com,203-929-3203,"Sales,Service,Up To 2MW,Mobile/Diesel/Gas,Training,Rental,"
12040,Industrial/Commercial Sales & Service,00010001731002,Authorized Services Of New England, 410 Forest Street,,Marlborough,MA ,01752,USA,www.asne.com,888-890-9886,"Financing,Sales,Service,Up To 2MW,Mobile/Diesel/Gas,Training,Rental,"
12040,Industrial/Commercial Sales & Service,00010208021002,Modern Group Power Systems, 2501 Durham Road,,Bristol,PA ,19007,USA,www.moderngroup.com,800-404-7291,"Sales,Service,Up To 2MW,Mobile/Diesel/Gas,Training,Rental,"
12040,Industrial/Commercial Sales & Service,00010000931002,"EMERGENCY POWER SYSTEMS, LLC", 35 HAMILTON LANE,,GLENMONT,NY ,12077,USA,,800-914-1465,"Service,Up To 2MW,Mobile/Diesel/Gas,"
12040,Industrial/Commercial Sales & Service,00010000931002,"EMERGENCY POWER SYSTEMS, LLC", 35 HAMILTON LANE,,GLENMONT,NY ,12077,USA,,800-914-1465,"Service,"
12040,Industrial/Commercial Sales & Service,00010001611002,Huntington Power, 34 E DUDLEY TOWN RD.,,BLOOMFIELD,CT ,06002,USA,,860-289-8790,"Sales,Service,Rental,"
12040,Industrial/Commercial Sales & Service,00010001731002,AUTHORIZED SERVICES OF NEW ENGLAND, 410 FOREST STREET,,MARLBOROUGH,MA ,01752,USA,,888-890-9886,"Sales,"
12040,Industrial/Commercial Sales & Service,00010001611002,Huntington Power, 68 Enter Ln,,Islandia,NY ,11749,USA,,631-563-4943,"Sales,Service,Up To 2MW,Mobile/Diesel/Gas,"
12040,Industrial/Commercial Sales & Service,00010008091002,MODERN HANDLING EQUIP, 75 NEW STREET,,EDISON,NJ ,08837,USA,www.moderngroup.com,800-779-5116,"Sales,Service,Up To 2MW,Mobile/Diesel/Gas,"
12040,Industrial/Commercial Sales & Service,00010208021002,Modern Group Power Systems, 295 New Commerce Blvd.,,Wilkes Barre,PA ,18706,USA,,800-404-7291,"Sales,Service,Up To 2MW,Mobile/Diesel/Gas,"
12040,Industrial/Commercial Sales & Service,00010208021002,Modern Group Power Systems, 6352 Chapmans Rd,,Allentown,PA ,18106,USA,,800-404-7291,"Sales,Service,Up To 2MW,Mobile/Diesel/Gas,"
12040,Industrial/Commercial Sales & Service,00010001621002,BROOKFIELD SERVICE, 708 GLEBE ROAD,,WESTMORELAND,NH ,03467,USA,www.brookfieldservice.com,802-485-6567,"Service,Up To 600kW,Mobile/Diesel/Gas,"
12040,Industrial/Commercial Sales & Service,00111209531002,HUNTINGTON POWER - LONG ISLAND, PO BOX 2040,,SHELTON,CT ,06484,USA,,631-586-7513,"Sales,"
12040,Industrial/Commercial Sales & Service,00010134071002,PEAK POWER SYSTEMS, 99 SPRAGUE AVENUE,,MIDDLETOWN,NY ,10940,USA,www.peakpowersystems.com,845-344-1975,"Sales,Service,Up To 600kW,Mobile/Diesel/Gas,Rental,"
12040,Industrial/Commercial Sales & Service,00010001621002,BROOKFIELD SERVICE, 829 VT ROUTE 12 SOUTH,,NORTHFIELD,VT ,05663,USA,www.brookfieldservice.com,802-485-6567,"Sales,Service,Up To 600kW,Mobile/Diesel/Gas,"
12040,Industrial/Commercial Sales & Service,00010001761002,"GENSERVE, INC.", 100 NEWTOWN RD,,PLAINVIEW,NY ,11803,USA,www.genserveinc.com,631-435-0437,"Service,"
12040,Industrial/Commercial Sales & Service,00010139211002,POWERPRO SERVICE CO. INC., 608 JOHNSON AVE. UNIT 6,,BOHEMIA,NY ,11716,USA,,631-567-2700,"Sales,Service,Up To 600kW,Mobile/Diesel/Gas,"
12040,Industrial/Commercial Sales & Service,00111209521002,LONG ISLAND EMERGENCY POWER -QO, 2 Ocean Avenue,,DEER PARK,NY ,11729,USA,,631-586-7513,"Sales,"
12040,Industrial/Commercial Sales & Service,00010021101002,SOUTH SHORE GENERATOR INC-Quote, 2696A CRANBERRY HWY,,WAREHAM,MA ,02571,USA,,508-295-7336,"Sales,Service,Up To 600kW,Mobile/Diesel/Gas,"
12040,Industrial/Commercial Sales & Service,00010001701002,SOUTH SHORE GENERATOR INC, ,,EAST WAREHAM,MA ,02538,USA,,508-295-7336,"Financing,Sales,Service,Up To 600kW,Mobile/Diesel/Gas,"
12040,Industrial/Commercial Sales & Service,00010141631002,ELECTRICAL SYSTEMS OF MAINE, 1200 MINOT AVE,,AUBURN,ME ,04210,USA,,207-783-7126,"Sales,Service,Up To 600kW,Mobile/Diesel/Gas,"
12040,Industrial/Commercial Sales & Service,00010218321002,CARL F. SMITH, 25 BROOKSIDE AVE,,MORRISONVILLE,NY ,12962,USA,,518-563-2316,"Service,"
12040,Industrial/Commercial Sales & Service,00111252361002,YANKEE GENERATOR INC- IND SRV, 441 POND HILL ROAD,,LUNENBURG,VT ,05906,USA,,802-892-1348,"Service,"
12040,Industrial/Commercial Sales & Service,00010157021002,Mechanical Service Co, 1145 Oak St.,,Pittston,PA ,18640,USA,,570-654-2445,"Service,"
12040,Industrial/Commercial Sales & Service,00111207431002,WARSHAUER ELECTRIC SUPPLY CO INC, 800 SHREWSBURY AVE,,TINTON FALLS,NJ ,07724,USA,www.warshauer.com,732-741-6400,"Service,"
12041,Industrial/Commercial Sales & Service,00010214161002,"R.L. Kistler, Inc", 300 Mile Crossing Blvd.,,Rochester,NY ,14624,USA,rlkistler.com,585-436-1940,"Sales,"
12041,Industrial/Commercial Sales & Service,00010214161002,"R.L. KISTLER, INC.", 35 HAMILTON LANE,,GLENMONT,NY ,12077,USA,,585-436-1940,"Sales,Service,"
12041,Industrial/Commercial Sales & Service,00010214161002,"R.L. Kistler, Inc", 5615 Business Ave.,,N. Syracuse,NY ,13208,USA,,315-458-2875,"Sales,"
12041,Industrial/Commercial Sales & Service,00010214161002,"R.L. Kistler, Inc", 5615 Business Ave.,,N. Syracuse,NY ,13208,USA,,315-458-2875,"Sales,"
12041,Industrial/Commercial Sales & Service,00010001611002,Huntington Power, 230 Long Hill Cross Rd,,Shelton,CT ,06484,USA,www.huntingtonpower.com,203-929-3203,"Sales,Service,Up To 2MW,Mobile/Diesel/Gas,Training,Rental,"
12041,Industrial/Commercial Sales & Service,00010001731002,Authorized Services Of New England, 410 Forest Street,,Marlborough,MA ,01752,USA,www.asne.com,888-890-9886,"Financing,Sales,Service,Up To 2MW,Mobile/Diesel/Gas,Training,Rental,"
12041,Industrial/Commercial Sales & Service,00010208021002,Modern Group Power Systems, 2501 Durham Road,,Bristol,PA ,19007,USA,www.moderngroup.com,800-404-7291,"Sales,Service,Up To 2MW,Mobile/Diesel/Gas,Training,Rental,"
12041,Industrial/Commercial Sales & Service,00010000931002,"EMERGENCY POWER SYSTEMS, LLC", 35 HAMILTON LANE,,GLENMONT,NY ,12077,USA,,800-914-1465,"Service,Up To 2MW,Mobile/Diesel/Gas,"
12041,Industrial/Commercial Sales & Service,00010000931002,"EMERGENCY POWER SYSTEMS, LLC", 35 HAMILTON LANE,,GLENMONT,NY ,12077,USA,,800-914-1465,"Service,"
12041,Industrial/Commercial Sales & Service,00010001611002,Huntington Power, 34 E DUDLEY TOWN RD.,,BLOOMFIELD,CT ,06002,USA,,860-289-8790,"Sales,Service,Rental,"
12041,Industrial/Commercial Sales & Service,00010001731002,AUTHORIZED SERVICES OF NEW ENGLAND, 410 FOREST STREET,,MARLBOROUGH,MA ,01752,USA,,888-890-9886,"Sales,"
12041,Industrial/Commercial Sales & Service,00010001611002,Huntington Power, 68 Enter Ln,,Islandia,NY ,11749,USA,,631-563-4943,"Sales,Service,Up To 2MW,Mobile/Diesel/Gas,"
12041,Industrial/Commercial Sales & Service,00010208021002,Modern Group Power Systems, 295 New Commerce Blvd.,,Wilkes Barre,PA ,18706,USA,,800-404-7291,"Sales,Service,Up To 2MW,Mobile/Diesel/Gas,"
12041,Industrial/Commercial Sales & Service,00010008091002,MODERN HANDLING EQUIP, 75 NEW STREET,,EDISON,NJ ,08837,USA,www.moderngroup.com,800-779-5116,"Sales,Service,Up To 2MW,Mobile/Diesel/Gas,"
12041,Industrial/Commercial Sales & Service,00010208021002,Modern Group Power Systems, 6352 Chapmans Rd,,Allentown,PA ,18106,USA,,800-404-7291,"Sales,Service,Up To 2MW,Mobile/Diesel/Gas,"
12041,Industrial/Commercial Sales & Service,00010000931002,"EMERGENCY POWER SYSTEMS, LLC", 300 MILE CROSSING BLVD.,,ROCHESTER,NY ,14624,USA,,585-464-6333,"Service,Up To 2MW,Mobile/Diesel/Gas,Rental,"
12041,Industrial/Commercial Sales & Service,00010000931002,"EMERGENCY POWER SYSTEMS, LLC", 300 MILE CROSSING BLVD.,,ROCHESTER,NY ,14624,USA,,585-464-6333,"Service,"
12041,Industrial/Commercial Sales & Service,00010208021002,Modern Group Power Systems, 200 Allied Parkway,,West Berlin,NJ ,08091,USA,,800-404-7291,"Sales,Service,Up To 2MW,Mobile/Diesel/Gas,"
12041,Industrial/Commercial Sales & Service,00010134071002,PEAK POWER SYSTEMS, 99 SPRAGUE AVENUE,,MIDDLETOWN,NY ,10940,USA,www.peakpowersystems.com,845-344-1975,"Sales,Service,Up To 600kW,Mobile/Diesel/Gas,Rental,"
12041,Industrial/Commercial Sales & Service,00010001621002,BROOKFIELD SERVICE, 708 GLEBE ROAD,,WESTMORELAND,NH ,03467,USA,www.brookfieldservice.com,802-485-6567,"Service,Up To 600kW,Mobile/Diesel/Gas,"
12041,Industrial/Commercial Sales & Service,00111209531002,HUNTINGTON POWER - LONG ISLAND, PO BOX 2040,,SHELTON,CT ,06484,USA,,631-586-7513,"Sales,"
12041,Industrial/Commercial Sales & Service,00010001761002,"GENSERVE, INC.", 100 NEWTOWN RD,,PLAINVIEW,NY ,11803,USA,www.genserveinc.com,631-435-0437,"Service,"
12041,Industrial/Commercial Sales & Service,00010001621002,BROOKFIELD SERVICE, 829 VT ROUTE 12 SOUTH,,NORTHFIELD,VT ,05663,USA,www.brookfieldservice.com,802-485-6567,"Sales,Service,Up To 600kW,Mobile/Diesel/Gas,"
12041,Industrial/Commercial Sales & Service,00111209521002,LONG ISLAND EMERGENCY POWER -QO, 2 Ocean Avenue,,DEER PARK,NY ,11729,USA,,631-586-7513,"Sales,"
12041,Industrial/Commercial Sales & Service,00010139211002,POWERPRO SERVICE CO. INC., 608 JOHNSON AVE. UNIT 6,,BOHEMIA,NY ,11716,USA,,631-567-2700,"Sales,Service,Up To 600kW,Mobile/Diesel/Gas,"
12041,Industrial/Commercial Sales & Service,00010021101002,SOUTH SHORE GENERATOR INC-Quote, 2696A CRANBERRY HWY,,WAREHAM,MA ,02571,USA,,508-295-7336,"Sales,Service,Up To 600kW,Mobile/Diesel/Gas,"
12041,Industrial/Commercial Sales & Service,00010001701002,SOUTH SHORE GENERATOR INC, ,,EAST WAREHAM,MA ,02538,USA,,508-295-7336,"Financing,Sales,Service,Up To 600kW,Mobile/Diesel/Gas,"
12041,Industrial/Commercial Sales & Service,00111184131002,HUNTER & LOMISON, 1956 W FOURTH ST,,WILLIAMSPORT,PA ,17701,USA,www.hunterlomison.com,570-326-1764,"Sales,Service,Up To 600kW,Mobile/Diesel/Gas,Rental,"
12041,Industrial/Commercial Sales & Service,00010000881002,HUNTER & LOMISON INC., 1956 W. 4TH STREET,,WILLIAMSPORT,PA ,17701,USA,www.hunterlomison.com,570-326-1764,"Service,Up To 600kW,Mobile/Diesel/Gas,"
12041,Industrial/Commercial Sales & Service,00010001761002,"GENSERVE, INC.", 115A TWINBRIDGE DR.,,PENNSAUKEN,NJ ,08110,USA,www.genserveinc.com,856-324-0459,"Service,"
12041,Industrial/Commercial Sales & Service,00010157021002,Mechanical Service Co, 1145 Oak St.,,Pittston,PA ,18640,USA,,570-654-2445,"Service,"
12041,Industrial/Commercial Sales & Service,00010218321002,CARL F. SMITH, 25 BROOKSIDE AVE,,MORRISONVILLE,NY ,12962,USA,,518-563-2316,"Service,"
12041,Industrial/Commercial Sales & Service,00111207431002,WARSHAUER ELECTRIC SUPPLY CO INC, 800 SHREWSBURY AVE,,TINTON FALLS,NJ ,07724,USA,www.warshauer.com,732-741-6400,"Service,"
12041,Industrial/Commercial Sales & Service,00111252361002,YANKEE GENERATOR INC- IND SRV, 441 POND HILL ROAD,,LUNENBURG,VT ,05906,USA,,802-892-1348,"Service,"
12042,Industrial/Commercial Sales & Service,00010214161002,"R.L. Kistler, Inc", 300 Mile Crossing Blvd.,,Rochester,NY ,14624,USA,rlkistler.com,585-436-1940,"Sales,"
12042,Industrial/Commercial Sales & Service,00010214161002,"R.L. KISTLER, INC.", 35 HAMILTON LANE,,GLENMONT,NY ,12077,USA,,585-436-1940,"Sales,Service,"
12042,Industrial/Commercial Sales & Service,00010214161002,"R.L. Kistler, Inc", 5615 Business Ave.,,N. Syracuse,NY ,13208,USA,,315-458-2875,"Sales,"
12042,Industrial/Commercial Sales & Service,00010214161002,"R.L. Kistler, Inc", 5615 Business Ave.,,N. Syracuse,NY ,13208,USA,,315-458-2875,"Sales,"
12042,Industrial/Commercial Sales & Service,00010001611002,Huntington Power, 230 Long Hill Cross Rd,,Shelton,CT ,06484,USA,www.huntingtonpower.com,203-929-3203,"Sales,Service,Up To 2MW,Mobile/Diesel/Gas,Training,Rental,"
12042,Industrial/Commercial Sales & Service,00010001731002,Authorized Services Of New England, 410 Forest Street,,Marlborough,MA ,01752,USA,www.asne.com,888-890-9886,"Financing,Sales,Service,Up To 2MW,Mobile/Diesel/Gas,Training,Rental,"
12042,Industrial/Commercial Sales & Service,00010208021002,Modern Group Power Systems, 2501 Durham Road,,Bristol,PA ,19007,USA,www.moderngroup.com,800-404-7291,"Sales,Service,Up To 2MW,Mobile/Diesel/Gas,Training,Rental,"
12042,Industrial/Commercial Sales & Service,00010000931002,"EMERGENCY POWER SYSTEMS, LLC", 35 HAMILTON LANE,,GLENMONT,NY ,12077,USA,,800-914-1465,"Service,Up To 2MW,Mobile/Diesel/Gas,"
12042,Industrial/Commercial Sales & Service,00010000931002,"EMERGENCY POWER SYSTEMS, LLC", 35 HAMILTON LANE,,GLENMONT,NY ,12077,USA,,800-914-1465,"Service,"
12042,Industrial/Commercial Sales & Service,00010001611002,Huntington Power, 34 E DUDLEY TOWN RD.,,BLOOMFIELD,CT ,06002,USA,,860-289-8790,"Sales,Service,Rental,"
12042,Industrial/Commercial Sales & Service,00010001611002,Huntington Power, 68 Enter Ln,,Islandia,NY ,11749,USA,,631-563-4943,"Sales,Service,Up To 2MW,Mobile/Diesel/Gas,"
12042,Industrial/Commercial Sales & Service,00010001731002,AUTHORIZED SERVICES OF NEW ENGLAND, 410 FOREST STREET,,MARLBOROUGH,MA ,01752,USA,,888-890-9886,"Sales,"
12042,Industrial/Commercial Sales & Service,00010008091002,MODERN HANDLING EQUIP, 75 NEW STREET,,EDISON,NJ ,08837,USA,www.moderngroup.com,800-779-5116,"Sales,Service,Up To 2MW,Mobile/Diesel/Gas,"
12042,Industrial/Commercial Sales & Service,00010208021002,Modern Group Power Systems, 295 New Commerce Blvd.,,Wilkes Barre,PA ,18706,USA,,800-404-7291,"Sales,Service,Up To 2MW,Mobile/Diesel/Gas,"
12042,Industrial/Commercial Sales & Service,00010208021002,Modern Group Power Systems, 6352 Chapmans Rd,,Allentown,PA ,18106,USA,,800-404-7291,"Sales,Service,Up To 2MW,Mobile/Diesel/Gas,"
12042,Industrial/Commercial Sales & Service,00010208021002,Modern Group Power Systems, 200 Allied Parkway,,West Berlin,NJ ,08091,USA,,800-404-7291,"Sales,Service,Up To 2MW,Mobile/Diesel/Gas,"
12042,Industrial/Commercial Sales & Service,00010134071002,PEAK POWER SYSTEMS, 99 SPRAGUE AVENUE,,MIDDLETOWN,NY ,10940,USA,www.peakpowersystems.com,845-344-1975,"Sales,Service,Up To 600kW,Mobile/Diesel/Gas,Rental,"
12042,Industrial/Commercial Sales & Service,00111209531002,HUNTINGTON POWER - LONG ISLAND, PO BOX 2040,,SHELTON,CT ,06484,USA,,631-586-7513,"Sales,"
12042,Industrial/Commercial Sales & Service,00010001621002,BROOKFIELD SERVICE, 708 GLEBE ROAD,,WESTMORELAND,NH ,03467,USA,www.brookfieldservice.com,802-485-6567,"Service,Up To 600kW,Mobile/Diesel/Gas,"
12042,Industrial/Commercial Sales & Service,00010001761002,"GENSERVE, INC.", 100 NEWTOWN RD,,PLAINVIEW,NY ,11803,USA,www.genserveinc.com,631-435-0437,"Service,"
12042,Industrial/Commercial Sales & Service,00111209521002,LONG ISLAND EMERGENCY POWER -QO, 2 Ocean Avenue,,DEER PARK,NY ,11729,USA,,631-586-7513,"Sales,"
12042,Industrial/Commercial Sales & Service,00010139211002,POWERPRO SERVICE CO. INC., 608 JOHNSON AVE. UNIT 6,,BOHEMIA,NY ,11716,USA,,631-567-2700,"Sales,Service,Up To 600kW,Mobile/Diesel/Gas,"
12042,Industrial/Commercial Sales & Service,00010001621002,BROOKFIELD SERVICE, 829 VT ROUTE 12 SOUTH,,NORTHFIELD,VT ,05663,USA,www.brookfieldservice.com,802-485-6567,"Sales,Service,Up To 600kW,Mobile/Diesel/Gas,"
12042,Industrial/Commercial Sales & Service,00010021101002,SOUTH SHORE GENERATOR INC-Quote, 2696A CRANBERRY HWY,,WAREHAM,MA ,02571,USA,,508-295-7336,"Sales,Service,Up To 600kW,Mobile/Diesel/Gas,"
12042,Industrial/Commercial Sales & Service,00010001701002,SOUTH SHORE GENERATOR INC, ,,EAST WAREHAM,MA ,02538,USA,,508-295-7336,"Financing,Sales,Service,Up To 600kW,Mobile/Diesel/Gas,"
12042,Industrial/Commercial Sales & Service,00010001761002,"GENSERVE, INC.", 115A TWINBRIDGE DR.,,PENNSAUKEN,NJ ,08110,USA,www.genserveinc.com,856-324-0459,"Service,"
12042,Industrial/Commercial Sales & Service,00111184131002,HUNTER & LOMISON, 1956 W FOURTH ST,,WILLIAMSPORT,PA ,17701,USA,www.hunterlomison.com,570-326-1764,"Sales,Service,Up To 600kW,Mobile/Diesel/Gas,Rental,"
12042,Industrial/Commercial Sales & Service,00010000881002,HUNTER & LOMISON INC., 1956 W. 4TH STREET,,WILLIAMSPORT,PA ,17701,USA,www.hunterlomison.com,570-326-1764,"Service,Up To 600kW,Mobile/Diesel/Gas,"
12042,Industrial/Commercial Sales & Service,00010157021002,Mechanical Service Co, 1145 Oak St.,,Pittston,PA ,18640,USA,,570-654-2445,"Service,"
12042,Industrial/Commercial Sales & Service,00111207431002,WARSHAUER ELECTRIC SUPPLY CO INC, 800 SHREWSBURY AVE,,TINTON FALLS,NJ ,07724,USA,www.warshauer.com,732-741-6400,"Service,"
12042,Industrial/Commercial Sales & Service,00010218321002,CARL F. SMITH, 25 BROOKSIDE AVE,,MORRISONVILLE,NY ,12962,USA,,518-563-2316,"Service,"
12042,Industrial/Commercial Sales & Service,00111252361002,YANKEE GENERATOR INC- IND SRV, 441 POND HILL ROAD,,LUNENBURG,VT ,05906,USA,,802-892-1348,"Service,"
12043,Industrial/Commercial Sales & Service,00010214161002,"R.L. Kistler, Inc", 300 Mile Crossing Blvd.,,Rochester,NY ,14624,USA,rlkistler.com,585-436-1940,"Sales,"
12043,Industrial/Commercial Sales & Service,00010214161002,"R.L. KISTLER, INC.", 35 HAMILTON LANE,,GLENMONT,NY ,12077,USA,,585-436-1940,"Sales,Service,"
12043,Industrial/Commercial Sales & Service,00010214161002,"R.L. Kistler, Inc", 5615 Business Ave.,,N. Syracuse,NY ,13208,USA,,315-458-2875,"Sales,"
12043,Industrial/Commercial Sales & Service,00010214161002,"R.L. Kistler, Inc", 5615 Business Ave.,,N. Syracuse,NY ,13208,USA,,315-458-2875,"Sales,"
12043,Industrial/Commercial Sales & Service,00010001611002,Huntington Power, 230 Long Hill Cross Rd,,Shelton,CT ,06484,USA,www.huntingtonpower.com,203-929-3203,"Sales,Service,Up To 2MW,Mobile/Diesel/Gas,Training,Rental,"
12043,Industrial/Commercial Sales & Service,00010001731002,Authorized Services Of New England, 410 Forest Street,,Marlborough,MA ,01752,USA,www.asne.com,888-890-9886,"Financing,Sales,Service,Up To 2MW,Mobile/Diesel/Gas,Training,Rental,"
12043,Industrial/Commercial Sales & Service,00010208021002,Modern Group Power Systems, 2501 Durham Road,,Bristol,PA ,19007,USA,www.moderngroup.com,800-404-7291,"Sales,Service,Up To 2MW,Mobile/Diesel/Gas,Training,Rental,"
12043,Industrial/Commercial Sales & Service,00010000931002,"EMERGENCY POWER SYSTEMS, LLC", 35 HAMILTON LANE,,GLENMONT,NY ,12077,USA,,800-914-1465,"Service,Up To 2MW,Mobile/Diesel/Gas,"
12043,Industrial/Commercial Sales & Service,00010000931002,"EMERGENCY POWER SYSTEMS, LLC", 35 HAMILTON LANE,,GLENMONT,NY ,12077,USA,,800-914-1465,"Service,"
12043,Industrial/Commercial Sales & Service,00010001611002,Huntington Power, 34 E DUDLEY TOWN RD.,,BLOOMFIELD,CT ,06002,USA,,860-289-8790,"Sales,Service,Rental,"
12043,Industrial/Commercial Sales & Service,00010208021002,Modern Group Power Systems, 295 New Commerce Blvd.,,Wilkes Barre,PA ,18706,USA,,800-404-7291,"Sales,Service,Up To 2MW,Mobile/Diesel/Gas,"
12043,Industrial/Commercial Sales & Service,00010001611002,Huntington Power, 68 Enter Ln,,Islandia,NY ,11749,USA,,631-563-4943,"Sales,Service,Up To 2MW,Mobile/Diesel/Gas,"
12043,Industrial/Commercial Sales & Service,00010008091002,MODERN HANDLING EQUIP, 75 NEW STREET,,EDISON,NJ ,08837,USA,www.moderngroup.com,800-779-5116,"Sales,Service,Up To 2MW,Mobile/Diesel/Gas,"
12043,Industrial/Commercial Sales & Service,00010001731002,AUTHORIZED SERVICES OF NEW ENGLAND, 410 FOREST STREET,,MARLBOROUGH,MA ,01752,USA,,888-890-9886,"Sales,"
12043,Industrial/Commercial Sales & Service,00010208021002,Modern Group Power Systems, 6352 Chapmans Rd,,Allentown,PA ,18106,USA,,800-404-7291,"Sales,Service,Up To 2MW,Mobile/Diesel/Gas,"
12043,Industrial/Commercial Sales & Service,00010000931002,"EMERGENCY POWER SYSTEMS, LLC", 300 MILE CROSSING BLVD.,,ROCHESTER,NY ,14624,USA,,585-464-6333,"Service,Up To 2MW,Mobile/Diesel/Gas,Rental,"
12043,Industrial/Commercial Sales & Service,00010000931002,"EMERGENCY POWER SYSTEMS, LLC", 300 MILE CROSSING BLVD.,,ROCHESTER,NY ,14624,USA,,585-464-6333,"Service,"
12043,Industrial/Commercial Sales & Service,00010208021002,Modern Group Power Systems, 200 Allied Parkway,,West Berlin,NJ ,08091,USA,,800-404-7291,"Sales,Service,Up To 2MW,Mobile/Diesel/Gas,"
12043,Industrial/Commercial Sales & Service,00010134071002,PEAK POWER SYSTEMS, 99 SPRAGUE AVENUE,,MIDDLETOWN,NY ,10940,USA,www.peakpowersystems.com,845-344-1975,"Sales,Service,Up To 600kW,Mobile/Diesel/Gas,Rental,"
12043,Industrial/Commercial Sales & Service,00010001621002,BROOKFIELD SERVICE, 708 GLEBE ROAD,,WESTMORELAND,NH ,03467,USA,www.brookfieldservice.com,802-485-6567,"Service,Up To 600kW,Mobile/Diesel/Gas,"
12043,Industrial/Commercial Sales & Service,00111209531002,HUNTINGTON POWER - LONG ISLAND, PO BOX 2040,,SHELTON,CT ,06484,USA,,631-586-7513,"Sales,"
12043,Industrial/Commercial Sales & Service,00010001621002,BROOKFIELD SERVICE, 829 VT ROUTE 12 SOUTH,,NORTHFIELD,VT ,05663,USA,www.brookfieldservice.com,802-485-6567,"Sales,Service,Up To 600kW,Mobile/Diesel/Gas,"
12043,Industrial/Commercial Sales & Service,00010001761002,"GENSERVE, INC.", 100 NEWTOWN RD,,PLAINVIEW,NY ,11803,USA,www.genserveinc.com,631-435-0437,"Service,"
12043,Industrial/Commercial Sales & Service,00111209521002,LONG ISLAND EMERGENCY POWER -QO, 2 Ocean Avenue,,DEER PARK,NY ,11729,USA,,631-586-7513,"Sales,"
12043,Industrial/Commercial Sales & Service,00010139211002,POWERPRO SERVICE CO. INC., 608 JOHNSON AVE. UNIT 6,,BOHEMIA,NY ,11716,USA,,631-567-2700,"Sales,Service,Up To 600kW,Mobile/Diesel/Gas,"
12043,Industrial/Commercial Sales & Service,00111184131002,HUNTER & LOMISON, 1956 W FOURTH ST,,WILLIAMSPORT,PA ,17701,USA,www.hunterlomison.com,570-326-1764,"Sales,Service,Up To 600kW,Mobile/Diesel/Gas,Rental,"
12043,Industrial/Commercial Sales & Service,00010000881002,HUNTER & LOMISON INC., 1956 W. 4TH STREET,,WILLIAMSPORT,PA ,17701,USA,www.hunterlomison.com,570-326-1764,"Service,Up To 600kW,Mobile/Diesel/Gas,"
12043,Industrial/Commercial Sales & Service,00010001761002,"GENSERVE, INC.", 115A TWINBRIDGE DR.,,PENNSAUKEN,NJ ,08110,USA,www.genserveinc.com,856-324-0459,"Service,"
12043,Industrial/Commercial Sales & Service,00010157021002,Mechanical Service Co, 1145 Oak St.,,Pittston,PA ,18640,USA,,570-654-2445,"Service,"
12043,Industrial/Commercial Sales & Service,00010218321002,CARL F. SMITH, 25 BROOKSIDE AVE,,MORRISONVILLE,NY ,12962,USA,,518-563-2316,"Service,"
12043,Industrial/Commercial Sales & Service,00111207431002,WARSHAUER ELECTRIC SUPPLY CO INC, 800 SHREWSBURY AVE,,TINTON FALLS,NJ ,07724,USA,www.warshauer.com,732-741-6400,"Service,"
12043,Industrial/Commercial Sales & Service,00111252361002,YANKEE GENERATOR INC- IND SRV, 441 POND HILL ROAD,,LUNENBURG,VT ,05906,USA,,802-892-1348,"Service,"
12045,Industrial/Commercial Sales & Service,00010214161002,"R.L. Kistler, Inc", 300 Mile Crossing Blvd.,,Rochester,NY ,14624,USA,rlkistler.com,585-436-1940,"Sales,"
12045,Industrial/Commercial Sales & Service,00010214161002,"R.L. KISTLER, INC.", 35 HAMILTON LANE,,GLENMONT,NY ,12077,USA,,585-436-1940,"Sales,Service,"
12045,Industrial/Commercial Sales & Service,00010214161002,"R.L. Kistler, Inc", 5615 Business Ave.,,N. Syracuse,NY ,13208,USA,,315-458-2875,"Sales,"
12045,Industrial/Commercial Sales & Service,00010214161002,"R.L. Kistler, Inc", 5615 Business Ave.,,N. Syracuse,NY ,13208,USA,,315-458-2875,"Sales,"
12045,Industrial/Commercial Sales & Service,00010001611002,Huntington Power, 230 Long Hill Cross Rd,,Shelton,CT ,06484,USA,www.huntingtonpower.com,203-929-3203,"Sales,Service,Up To 2MW,Mobile/Diesel/Gas,Training,Rental,"
12045,Industrial/Commercial Sales & Service,00010001731002,Authorized Services Of New England, 410 Forest Street,,Marlborough,MA ,01752,USA,www.asne.com,888-890-9886,"Financing,Sales,Service,Up To 2MW,Mobile/Diesel/Gas,Training,Rental,"
12045,Industrial/Commercial Sales & Service,00010208021002,Modern Group Power Systems, 2501 Durham Road,,Bristol,PA ,19007,USA,www.moderngroup.com,800-404-7291,"Sales,Service,Up To 2MW,Mobile/Diesel/Gas,Training,Rental,"
12045,Industrial/Commercial Sales & Service,00010000931002,"EMERGENCY POWER SYSTEMS, LLC", 35 HAMILTON LANE,,GLENMONT,NY ,12077,USA,,800-914-1465,"Service,Up To 2MW,Mobile/Diesel/Gas,"
12045,Industrial/Commercial Sales & Service,00010000931002,"EMERGENCY POWER SYSTEMS, LLC", 35 HAMILTON LANE,,GLENMONT,NY ,12077,USA,,800-914-1465,"Service,"
12045,Industrial/Commercial Sales & Service,00010001611002,Huntington Power, 34 E DUDLEY TOWN RD.,,BLOOMFIELD,CT ,06002,USA,,860-289-8790,"Sales,Service,Rental,"
12045,Industrial/Commercial Sales & Service,00010001731002,AUTHORIZED SERVICES OF NEW ENGLAND, 410 FOREST STREET,,MARLBOROUGH,MA ,01752,USA,,888-890-9886,"Sales,"
12045,Industrial/Commercial Sales & Service,00010001611002,Huntington Power, 68 Enter Ln,,Islandia,NY ,11749,USA,,631-563-4943,"Sales,Service,Up To 2MW,Mobile/Diesel/Gas,"
12045,Industrial/Commercial Sales & Service,00010008091002,MODERN HANDLING EQUIP, 75 NEW STREET,,EDISON,NJ ,08837,USA,www.moderngroup.com,800-779-5116,"Sales,Service,Up To 2MW,Mobile/Diesel/Gas,"
12045,Industrial/Commercial Sales & Service,00010208021002,Modern Group Power Systems, 295 New Commerce Blvd.,,Wilkes Barre,PA ,18706,USA,,800-404-7291,"Sales,Service,Up To 2MW,Mobile/Diesel/Gas,"
12045,Industrial/Commercial Sales & Service,00010208021002,Modern Group Power Systems, 6352 Chapmans Rd,,Allentown,PA ,18106,USA,,800-404-7291,"Sales,Service,Up To 2MW,Mobile/Diesel/Gas,"
12045,Industrial/Commercial Sales & Service,00010208021002,Modern Group Power Systems, 200 Allied Parkway,,West Berlin,NJ ,08091,USA,,800-404-7291,"Sales,Service,Up To 2MW,Mobile/Diesel/Gas,"
12045,Industrial/Commercial Sales & Service,00010134071002,PEAK POWER SYSTEMS, 99 SPRAGUE AVENUE,,MIDDLETOWN,NY ,10940,USA,www.peakpowersystems.com,845-344-1975,"Sales,Service,Up To 600kW,Mobile/Diesel/Gas,Rental,"
12045,Industrial/Commercial Sales & Service,00010001621002,BROOKFIELD SERVICE, 708 GLEBE ROAD,,WESTMORELAND,NH ,03467,USA,www.brookfieldservice.com,802-485-6567,"Service,Up To 600kW,Mobile/Diesel/Gas,"
12045,Industrial/Commercial Sales & Service,00111209531002,HUNTINGTON POWER - LONG ISLAND, PO BOX 2040,,SHELTON,CT ,06484,USA,,631-586-7513,"Sales,"
12045,Industrial/Commercial Sales & Service,00010001761002,"GENSERVE, INC.", 100 NEWTOWN RD,,PLAINVIEW,NY ,11803,USA,www.genserveinc.com,631-435-0437,"Service,"
12045,Industrial/Commercial Sales & Service,00111209521002,LONG ISLAND EMERGENCY POWER -QO, 2 Ocean Avenue,,DEER PARK,NY ,11729,USA,,631-586-7513,"Sales,"
12045,Industrial/Commercial Sales & Service,00010139211002,POWERPRO SERVICE CO. INC., 608 JOHNSON AVE. UNIT 6,,BOHEMIA,NY ,11716,USA,,631-567-2700,"Sales,Service,Up To 600kW,Mobile/Diesel/Gas,"
12045,Industrial/Commercial Sales & Service,00010001621002,BROOKFIELD SERVICE, 829 VT ROUTE 12 SOUTH,,NORTHFIELD,VT ,05663,USA,www.brookfieldservice.com,802-485-6567,"Sales,Service,Up To 600kW,Mobile/Diesel/Gas,"
12045,Industrial/Commercial Sales & Service,00010021101002,SOUTH SHORE GENERATOR INC-Quote, 2696A CRANBERRY HWY,,WAREHAM,MA ,02571,USA,,508-295-7336,"Sales,Service,Up To 600kW,Mobile/Diesel/Gas,"
12045,Industrial/Commercial Sales & Service,00010001701002,SOUTH SHORE GENERATOR INC, ,,EAST WAREHAM,MA ,02538,USA,,508-295-7336,"Financing,Sales,Service,Up To 600kW,Mobile/Diesel/Gas,"
12045,Industrial/Commercial Sales & Service,00010001761002,"GENSERVE, INC.", 115A TWINBRIDGE DR.,,PENNSAUKEN,NJ ,08110,USA,www.genserveinc.com,856-324-0459,"Service,"
12045,Industrial/Commercial Sales & Service,00111184131002,HUNTER & LOMISON, 1956 W FOURTH ST,,WILLIAMSPORT,PA ,17701,USA,www.hunterlomison.com,570-326-1764,"Sales,Service,Up To 600kW,Mobile/Diesel/Gas,Rental,"
12045,Industrial/Commercial Sales & Service,00010000881002,HUNTER & LOMISON INC., 1956 W. 4TH STREET,,WILLIAMSPORT,PA ,17701,USA,www.hunterlomison.com,570-326-1764,"Service,Up To 600kW,Mobile/Diesel/Gas,"
12045,Industrial/Commercial Sales & Service,00010157021002,Mechanical Service Co, 1145 Oak St.,,Pittston,PA ,18640,USA,,570-654-2445,"Service,"
12045,Industrial/Commercial Sales & Service,00111207431002,WARSHAUER ELECTRIC SUPPLY CO INC, 800 SHREWSBURY AVE,,TINTON FALLS,NJ ,07724,USA,www.warshauer.com,732-741-6400,"Service,"
12045,Industrial/Commercial Sales & Service,00010218321002,CARL F. SMITH, 25 BROOKSIDE AVE,,MORRISONVILLE,NY ,12962,USA,,518-563-2316,"Service,"
12045,Industrial/Commercial Sales & Service,00111252361002,YANKEE GENERATOR INC- IND SRV, 441 POND HILL ROAD,,LUNENBURG,VT ,05906,USA,,802-892-1348,"Service,"
12046,Industrial/Commercial Sales & Service,00010214161002,"R.L. KISTLER, INC.", 35 HAMILTON LANE,,GLENMONT,NY ,12077,USA,,585-436-1940,"Sales,Service,"
12046,Industrial/Commercial Sales & Service,00010214161002,"R.L. Kistler, Inc", 300 Mile Crossing Blvd.,,Rochester,NY ,14624,USA,rlkistler.com,585-436-1940,"Sales,"
12046,Industrial/Commercial Sales & Service,00010214161002,"R.L. Kistler, Inc", 5615 Business Ave.,,N. Syracuse,NY ,13208,USA,,315-458-2875,"Sales,"
12046,Industrial/Commercial Sales & Service,00010214161002,"R.L. Kistler, Inc", 5615 Business Ave.,,N. Syracuse,NY ,13208,USA,,315-458-2875,"Sales,"
12046,Industrial/Commercial Sales & Service,00010001611002,Huntington Power, 230 Long Hill Cross Rd,,Shelton,CT ,06484,USA,www.huntingtonpower.com,203-929-3203,"Sales,Service,Up To 2MW,Mobile/Diesel/Gas,Training,Rental,"
12046,Industrial/Commercial Sales & Service,00010001731002,Authorized Services Of New England, 410 Forest Street,,Marlborough,MA ,01752,USA,www.asne.com,888-890-9886,"Financing,Sales,Service,Up To 2MW,Mobile/Diesel/Gas,Training,Rental,"
12046,Industrial/Commercial Sales & Service,00010208021002,Modern Group Power Systems, 2501 Durham Road,,Bristol,PA ,19007,USA,www.moderngroup.com,800-404-7291,"Sales,Service,Up To 2MW,Mobile/Diesel/Gas,Training,Rental,"
12046,Industrial/Commercial Sales & Service,00010000931002,"EMERGENCY POWER SYSTEMS, LLC", 35 HAMILTON LANE,,GLENMONT,NY ,12077,USA,,800-914-1465,"Service,Up To 2MW,Mobile/Diesel/Gas,"
12046,Industrial/Commercial Sales & Service,00010000931002,"EMERGENCY POWER SYSTEMS, LLC", 35 HAMILTON LANE,,GLENMONT,NY ,12077,USA,,800-914-1465,"Service,"
12046,Industrial/Commercial Sales & Service,00010001611002,Huntington Power, 34 E DUDLEY TOWN RD.,,BLOOMFIELD,CT ,06002,USA,,860-289-8790,"Sales,Service,Rental,"
12046,Industrial/Commercial Sales & Service,00010001731002,AUTHORIZED SERVICES OF NEW ENGLAND, 410 FOREST STREET,,MARLBOROUGH,MA ,01752,USA,,888-890-9886,"Sales,"
12046,Industrial/Commercial Sales & Service,00010001611002,Huntington Power, 68 Enter Ln,,Islandia,NY ,11749,USA,,631-563-4943,"Sales,Service,Up To 2MW,Mobile/Diesel/Gas,"
12046,Industrial/Commercial Sales & Service,00010208021002,Modern Group Power Systems, 295 New Commerce Blvd.,,Wilkes Barre,PA ,18706,USA,,800-404-7291,"Sales,Service,Up To 2MW,Mobile/Diesel/Gas,"
12046,Industrial/Commercial Sales & Service,00010008091002,MODERN HANDLING EQUIP, 75 NEW STREET,,EDISON,NJ ,08837,USA,www.moderngroup.com,800-779-5116,"Sales,Service,Up To 2MW,Mobile/Diesel/Gas,"
12046,Industrial/Commercial Sales & Service,00010208021002,Modern Group Power Systems, 6352 Chapmans Rd,,Allentown,PA ,18106,USA,,800-404-7291,"Sales,Service,Up To 2MW,Mobile/Diesel/Gas,"
12046,Industrial/Commercial Sales & Service,00010208021002,Modern Group Power Systems, 200 Allied Parkway,,West Berlin,NJ ,08091,USA,,800-404-7291,"Sales,Service,Up To 2MW,Mobile/Diesel/Gas,"
12046,Industrial/Commercial Sales & Service,00010000931002,"EMERGENCY POWER SYSTEMS, LLC", 300 MILE CROSSING BLVD.,,ROCHESTER,NY ,14624,USA,,585-464-6333,"Service,Up To 2MW,Mobile/Diesel/Gas,Rental,"
12046,Industrial/Commercial Sales & Service,00010000931002,"EMERGENCY POWER SYSTEMS, LLC", 300 MILE CROSSING BLVD.,,ROCHESTER,NY ,14624,USA,,585-464-6333,"Service,"
12046,Industrial/Commercial Sales & Service,00010134071002,PEAK POWER SYSTEMS, 99 SPRAGUE AVENUE,,MIDDLETOWN,NY ,10940,USA,www.peakpowersystems.com,845-344-1975,"Sales,Service,Up To 600kW,Mobile/Diesel/Gas,Rental,"
12046,Industrial/Commercial Sales & Service,00010001621002,BROOKFIELD SERVICE, 708 GLEBE ROAD,,WESTMORELAND,NH ,03467,USA,www.brookfieldservice.com,802-485-6567,"Service,Up To 600kW,Mobile/Diesel/Gas,"
12046,Industrial/Commercial Sales & Service,00111209531002,HUNTINGTON POWER - LONG ISLAND, PO BOX 2040,,SHELTON,CT ,06484,USA,,631-586-7513,"Sales,"
12046,Industrial/Commercial Sales & Service,00010001761002,"GENSERVE, INC.", 100 NEWTOWN RD,,PLAINVIEW,NY ,11803,USA,www.genserveinc.com,631-435-0437,"Service,"
12046,Industrial/Commercial Sales & Service,00111209521002,LONG ISLAND EMERGENCY POWER -QO, 2 Ocean Avenue,,DEER PARK,NY ,11729,USA,,631-586-7513,"Sales,"
12046,Industrial/Commercial Sales & Service,00010139211002,POWERPRO SERVICE CO. INC., 608 JOHNSON AVE. UNIT 6,,BOHEMIA,NY ,11716,USA,,631-567-2700,"Sales,Service,Up To 600kW,Mobile/Diesel/Gas,"
12046,Industrial/Commercial Sales & Service,00010001621002,BROOKFIELD SERVICE, 829 VT ROUTE 12 SOUTH,,NORTHFIELD,VT ,05663,USA,www.brookfieldservice.com,802-485-6567,"Sales,Service,Up To 600kW,Mobile/Diesel/Gas,"
12046,Industrial/Commercial Sales & Service,00010021101002,SOUTH SHORE GENERATOR INC-Quote, 2696A CRANBERRY HWY,,WAREHAM,MA ,02571,USA,,508-295-7336,"Sales,Service,Up To 600kW,Mobile/Diesel/Gas,"
12046,Industrial/Commercial Sales & Service,00010001701002,SOUTH SHORE GENERATOR INC, ,,EAST WAREHAM,MA ,02538,USA,,508-295-7336,"Financing,Sales,Service,Up To 600kW,Mobile/Diesel/Gas,"
12046,Industrial/Commercial Sales & Service,00111184131002,HUNTER & LOMISON, 1956 W FOURTH ST,,WILLIAMSPORT,PA ,17701,USA,www.hunterlomison.com,570-326-1764,"Sales,Service,Up To 600kW,Mobile/Diesel/Gas,Rental,"
12046,Industrial/Commercial Sales & Service,00010000881002,HUNTER & LOMISON INC., 1956 W. 4TH STREET,,WILLIAMSPORT,PA ,17701,USA,www.hunterlomison.com,570-326-1764,"Service,Up To 600kW,Mobile/Diesel/Gas,"
12046,Industrial/Commercial Sales & Service,00010001761002,"GENSERVE, INC.", 115A TWINBRIDGE DR.,,PENNSAUKEN,NJ ,08110,USA,www.genserveinc.com,856-324-0459,"Service,"
12046,Industrial/Commercial Sales & Service,00010157021002,Mechanical Service Co, 1145 Oak St.,,Pittston,PA ,18640,USA,,570-654-2445,"Service,"
12046,Industrial/Commercial Sales & Service,00111207431002,WARSHAUER ELECTRIC SUPPLY CO INC, 800 SHREWSBURY AVE,,TINTON FALLS,NJ ,07724,USA,www.warshauer.com,732-741-6400,"Service,"
12046,Industrial/Commercial Sales & Service,00010218321002,CARL F. SMITH, 25 BROOKSIDE AVE,,MORRISONVILLE,NY ,12962,USA,,518-563-2316,"Service,"
12046,Industrial/Commercial Sales & Service,00111252361002,YANKEE GENERATOR INC- IND SRV, 441 POND HILL ROAD,,LUNENBURG,VT ,05906,USA,,802-892-1348,"Service,"
12047,Industrial/Commercial Sales & Service,00010214161002,"R.L. Kistler, Inc", 300 Mile Crossing Blvd.,,Rochester,NY ,14624,USA,rlkistler.com,585-436-1940,"Sales,"
12047,Industrial/Commercial Sales & Service,00010214161002,"R.L. KISTLER, INC.", 35 HAMILTON LANE,,GLENMONT,NY ,12077,USA,,585-436-1940,"Sales,Service,"
12047,Industrial/Commercial Sales & Service,00010214161002,"R.L. Kistler, Inc", 5615 Business Ave.,,N. Syracuse,NY ,13208,USA,,315-458-2875,"Sales,"
12047,Industrial/Commercial Sales & Service,00010214161002,"R.L. Kistler, Inc", 5615 Business Ave.,,N. Syracuse,NY ,13208,USA,,315-458-2875,"Sales,"
12047,Industrial/Commercial Sales & Service,00010001611002,Huntington Power, 230 Long Hill Cross Rd,,Shelton,CT ,06484,USA,www.huntingtonpower.com,203-929-3203,"Sales,Service,Up To 2MW,Mobile/Diesel/Gas,Training,Rental,"
12047,Industrial/Commercial Sales & Service,00010001731002,Authorized Services Of New England, 410 Forest Street,,Marlborough,MA ,01752,USA,www.asne.com,888-890-9886,"Financing,Sales,Service,Up To 2MW,Mobile/Diesel/Gas,Training,Rental,"
12047,Industrial/Commercial Sales & Service,00010208021002,Modern Group Power Systems, 2501 Durham Road,,Bristol,PA ,19007,USA,www.moderngroup.com,800-404-7291,"Sales,Service,Up To 2MW,Mobile/Diesel/Gas,Training,Rental,"
12047,Industrial/Commercial Sales & Service,00010000931002,"EMERGENCY POWER SYSTEMS, LLC", 35 HAMILTON LANE,,GLENMONT,NY ,12077,USA,,800-914-1465,"Service,Up To 2MW,Mobile/Diesel/Gas,"
12047,Industrial/Commercial Sales & Service,00010000931002,"EMERGENCY POWER SYSTEMS, LLC", 35 HAMILTON LANE,,GLENMONT,NY ,12077,USA,,800-914-1465,"Service,"
12047,Industrial/Commercial Sales & Service,00010001611002,Huntington Power, 34 E DUDLEY TOWN RD.,,BLOOMFIELD,CT ,06002,USA,,860-289-8790,"Sales,Service,Rental,"
12047,Industrial/Commercial Sales & Service,00010001731002,AUTHORIZED SERVICES OF NEW ENGLAND, 410 FOREST STREET,,MARLBOROUGH,MA ,01752,USA,,888-890-9886,"Sales,"
12047,Industrial/Commercial Sales & Service,00010001611002,Huntington Power, 68 Enter Ln,,Islandia,NY ,11749,USA,,631-563-4943,"Sales,Service,Up To 2MW,Mobile/Diesel/Gas,"
12047,Industrial/Commercial Sales & Service,00010208021002,Modern Group Power Systems, 295 New Commerce Blvd.,,Wilkes Barre,PA ,18706,USA,,800-404-7291,"Sales,Service,Up To 2MW,Mobile/Diesel/Gas,"
12047,Industrial/Commercial Sales & Service,00010008091002,MODERN HANDLING EQUIP, 75 NEW STREET,,EDISON,NJ ,08837,USA,www.moderngroup.com,800-779-5116,"Sales,Service,Up To 2MW,Mobile/Diesel/Gas,"
12047,Industrial/Commercial Sales & Service,00010208021002,Modern Group Power Systems, 6352 Chapmans Rd,,Allentown,PA ,18106,USA,,800-404-7291,"Sales,Service,Up To 2MW,Mobile/Diesel/Gas,"
12047,Industrial/Commercial Sales & Service,00010001621002,BROOKFIELD SERVICE, 708 GLEBE ROAD,,WESTMORELAND,NH ,03467,USA,www.brookfieldservice.com,802-485-6567,"Service,Up To 600kW,Mobile/Diesel/Gas,"
12047,Industrial/Commercial Sales & Service,00010134071002,PEAK POWER SYSTEMS, 99 SPRAGUE AVENUE,,MIDDLETOWN,NY ,10940,USA,www.peakpowersystems.com,845-344-1975,"Sales,Service,Up To 600kW,Mobile/Diesel/Gas,Rental,"
12047,Industrial/Commercial Sales & Service,00111209531002,HUNTINGTON POWER - LONG ISLAND, PO BOX 2040,,SHELTON,CT ,06484,USA,,631-586-7513,"Sales,"
12047,Industrial/Commercial Sales & Service,00010001621002,BROOKFIELD SERVICE, 829 VT ROUTE 12 SOUTH,,NORTHFIELD,VT ,05663,USA,www.brookfieldservice.com,802-485-6567,"Sales,Service,Up To 600kW,Mobile/Diesel/Gas,"
12047,Industrial/Commercial Sales & Service,00010001761002,"GENSERVE, INC.", 100 NEWTOWN RD,,PLAINVIEW,NY ,11803,USA,www.genserveinc.com,631-435-0437,"Service,"
12047,Industrial/Commercial Sales & Service,00111209521002,LONG ISLAND EMERGENCY POWER -QO, 2 Ocean Avenue,,DEER PARK,NY ,11729,USA,,631-586-7513,"Sales,"
12047,Industrial/Commercial Sales & Service,00010139211002,POWERPRO SERVICE CO. INC., 608 JOHNSON AVE. UNIT 6,,BOHEMIA,NY ,11716,USA,,631-567-2700,"Sales,Service,Up To 600kW,Mobile/Diesel/Gas,"
12047,Industrial/Commercial Sales & Service,00010021101002,SOUTH SHORE GENERATOR INC-Quote, 2696A CRANBERRY HWY,,WAREHAM,MA ,02571,USA,,508-295-7336,"Sales,Service,Up To 600kW,Mobile/Diesel/Gas,"
12047,Industrial/Commercial Sales & Service,00010001701002,SOUTH SHORE GENERATOR INC, ,,EAST WAREHAM,MA ,02538,USA,,508-295-7336,"Financing,Sales,Service,Up To 600kW,Mobile/Diesel/Gas,"
12047,Industrial/Commercial Sales & Service,00010141631002,ELECTRICAL SYSTEMS OF MAINE, 1200 MINOT AVE,,AUBURN,ME ,04210,USA,,207-783-7126,"Sales,Service,Up To 600kW,Mobile/Diesel/Gas,"
12047,Industrial/Commercial Sales & Service,00111184131002,HUNTER & LOMISON, 1956 W FOURTH ST,,WILLIAMSPORT,PA ,17701,USA,www.hunterlomison.com,570-326-1764,"Sales,Service,Up To 600kW,Mobile/Diesel/Gas,Rental,"
12047,Industrial/Commercial Sales & Service,00010000881002,HUNTER & LOMISON INC., 1956 W. 4TH STREET,,WILLIAMSPORT,PA ,17701,USA,www.hunterlomison.com,570-326-1764,"Service,Up To 600kW,Mobile/Diesel/Gas,"
12047,Industrial/Commercial Sales & Service,00010218321002,CARL F. SMITH, 25 BROOKSIDE AVE,,MORRISONVILLE,NY ,12962,USA,,518-563-2316,"Service,"
12047,Industrial/Commercial Sales & Service,00010157021002,Mechanical Service Co, 1145 Oak St.,,Pittston,PA ,18640,USA,,570-654-2445,"Service,"
12047,Industrial/Commercial Sales & Service,00111252361002,YANKEE GENERATOR INC- IND SRV, 441 POND HILL ROAD,,LUNENBURG,VT ,05906,USA,,802-892-1348,"Service,"
12047,Industrial/Commercial Sales & Service,00111207431002,WARSHAUER ELECTRIC SUPPLY CO INC, 800 SHREWSBURY AVE,,TINTON FALLS,NJ ,07724,USA,www.warshauer.com,732-741-6400,"Service,"
12047,Industrial/Commercial Sales & Service,00010152891002,"Group Maska, Inc.", 550 Ave. de Vaudreuil,,Hyacinthe,QC ,J2S 4H2,CAN,www.groupemaska.com,450-773-7471,"Sales,Service,"
12050,Industrial/Commercial Sales & Service,00010214161002,"R.L. Kistler, Inc", 300 Mile Crossing Blvd.,,Rochester,NY ,14624,USA,rlkistler.com,585-436-1940,"Sales,"
12050,Industrial/Commercial Sales & Service,00010214161002,"R.L. KISTLER, INC.", 35 HAMILTON LANE,,GLENMONT,NY ,12077,USA,,585-436-1940,"Sales,Service,"
12050,Industrial/Commercial Sales & Service,00010214161002,"R.L. Kistler, Inc", 5615 Business Ave.,,N. Syracuse,NY ,13208,USA,,315-458-2875,"Sales,"
12050,Industrial/Commercial Sales & Service,00010214161002,"R.L. Kistler, Inc", 5615 Business Ave.,,N. Syracuse,NY ,13208,USA,,315-458-2875,"Sales,"
12050,Industrial/Commercial Sales & Service,00010001611002,Huntington Power, 230 Long Hill Cross Rd,,Shelton,CT ,06484,USA,www.huntingtonpower.com,203-929-3203,"Sales,Service,Up To 2MW,Mobile/Diesel/Gas,Training,Rental,"
12050,Industrial/Commercial Sales & Service,00010001731002,Authorized Services Of New England, 410 Forest Street,,Marlborough,MA ,01752,USA,www.asne.com,888-890-9886,"Financing,Sales,Service,Up To 2MW,Mobile/Diesel/Gas,Training,Rental,"
12050,Industrial/Commercial Sales & Service,00010208021002,Modern Group Power Systems, 2501 Durham Road,,Bristol,PA ,19007,USA,www.moderngroup.com,800-404-7291,"Sales,Service,Up To 2MW,Mobile/Diesel/Gas,Training,Rental,"
12050,Industrial/Commercial Sales & Service,00010000931002,"EMERGENCY POWER SYSTEMS, LLC", 35 HAMILTON LANE,,GLENMONT,NY ,12077,USA,,800-914-1465,"Service,Up To 2MW,Mobile/Diesel/Gas,"
12050,Industrial/Commercial Sales & Service,00010000931002,"EMERGENCY POWER SYSTEMS, LLC", 35 HAMILTON LANE,,GLENMONT,NY ,12077,USA,,800-914-1465,"Service,"
12050,Industrial/Commercial Sales & Service,00010001611002,Huntington Power, 34 E DUDLEY TOWN RD.,,BLOOMFIELD,CT ,06002,USA,,860-289-8790,"Sales,Service,Rental,"
12050,Industrial/Commercial Sales & Service,00010001611002,Huntington Power, 68 Enter Ln,,Islandia,NY ,11749,USA,,631-563-4943,"Sales,Service,Up To 2MW,Mobile/Diesel/Gas,"
12050,Industrial/Commercial Sales & Service,00010001731002,AUTHORIZED SERVICES OF NEW ENGLAND, 410 FOREST STREET,,MARLBOROUGH,MA ,01752,USA,,888-890-9886,"Sales,"
12050,Industrial/Commercial Sales & Service,00010008091002,MODERN HANDLING EQUIP, 75 NEW STREET,,EDISON,NJ ,08837,USA,www.moderngroup.com,800-779-5116,"Sales,Service,Up To 2MW,Mobile/Diesel/Gas,"
12050,Industrial/Commercial Sales & Service,00010208021002,Modern Group Power Systems, 295 New Commerce Blvd.,,Wilkes Barre,PA ,18706,USA,,800-404-7291,"Sales,Service,Up To 2MW,Mobile/Diesel/Gas,"
12050,Industrial/Commercial Sales & Service,00010208021002,Modern Group Power Systems, 6352 Chapmans Rd,,Allentown,PA ,18106,USA,,800-404-7291,"Sales,Service,Up To 2MW,Mobile/Diesel/Gas,"
12050,Industrial/Commercial Sales & Service,00010208021002,Modern Group Power Systems, 200 Allied Parkway,,West Berlin,NJ ,08091,USA,,800-404-7291,"Sales,Service,Up To 2MW,Mobile/Diesel/Gas,"
12050,Industrial/Commercial Sales & Service,00010134071002,PEAK POWER SYSTEMS, 99 SPRAGUE AVENUE,,MIDDLETOWN,NY ,10940,USA,www.peakpowersystems.com,845-344-1975,"Sales,Service,Up To 600kW,Mobile/Diesel/Gas,Rental,"
12050,Industrial/Commercial Sales & Service,00111209531002,HUNTINGTON POWER - LONG ISLAND, PO BOX 2040,,SHELTON,CT ,06484,USA,,631-586-7513,"Sales,"
12050,Industrial/Commercial Sales & Service,00010001621002,BROOKFIELD SERVICE, 708 GLEBE ROAD,,WESTMORELAND,NH ,03467,USA,www.brookfieldservice.com,802-485-6567,"Service,Up To 600kW,Mobile/Diesel/Gas,"
12050,Industrial/Commercial Sales & Service,00010001761002,"GENSERVE, INC.", 100 NEWTOWN RD,,PLAINVIEW,NY ,11803,USA,www.genserveinc.com,631-435-0437,"Service,"
12050,Industrial/Commercial Sales & Service,00111209521002,LONG ISLAND EMERGENCY POWER -QO, 2 Ocean Avenue,,DEER PARK,NY ,11729,USA,,631-586-7513,"Sales,"
12050,Industrial/Commercial Sales & Service,00010139211002,POWERPRO SERVICE CO. INC., 608 JOHNSON AVE. UNIT 6,,BOHEMIA,NY ,11716,USA,,631-567-2700,"Sales,Service,Up To 600kW,Mobile/Diesel/Gas,"
12050,Industrial/Commercial Sales & Service,00010001621002,BROOKFIELD SERVICE, 829 VT ROUTE 12 SOUTH,,NORTHFIELD,VT ,05663,USA,www.brookfieldservice.com,802-485-6567,"Sales,Service,Up To 600kW,Mobile/Diesel/Gas,"
12050,Industrial/Commercial Sales & Service,00010021101002,SOUTH SHORE GENERATOR INC-Quote, 2696A CRANBERRY HWY,,WAREHAM,MA ,02571,USA,,508-295-7336,"Sales,Service,Up To 600kW,Mobile/Diesel/Gas,"
12050,Industrial/Commercial Sales & Service,00010001701002,SOUTH SHORE GENERATOR INC, ,,EAST WAREHAM,MA ,02538,USA,,508-295-7336,"Financing,Sales,Service,Up To 600kW,Mobile/Diesel/Gas,"
12050,Industrial/Commercial Sales & Service,00010001761002,"GENSERVE, INC.", 115A TWINBRIDGE DR.,,PENNSAUKEN,NJ ,08110,USA,www.genserveinc.com,856-324-0459,"Service,"
12050,Industrial/Commercial Sales & Service,00111184131002,HUNTER & LOMISON, 1956 W FOURTH ST,,WILLIAMSPORT,PA ,17701,USA,www.hunterlomison.com,570-326-1764,"Sales,Service,Up To 600kW,Mobile/Diesel/Gas,Rental,"
12050,Industrial/Commercial Sales & Service,00010000881002,HUNTER & LOMISON INC., 1956 W. 4TH STREET,,WILLIAMSPORT,PA ,17701,USA,www.hunterlomison.com,570-326-1764,"Service,Up To 600kW,Mobile/Diesel/Gas,"
12050,Industrial/Commercial Sales & Service,00010157021002,Mechanical Service Co, 1145 Oak St.,,Pittston,PA ,18640,USA,,570-654-2445,"Service,"
12050,Industrial/Commercial Sales & Service,00111207431002,WARSHAUER ELECTRIC SUPPLY CO INC, 800 SHREWSBURY AVE,,TINTON FALLS,NJ ,07724,USA,www.warshauer.com,732-741-6400,"Service,"
12050,Industrial/Commercial Sales & Service,00010218321002,CARL F. SMITH, 25 BROOKSIDE AVE,,MORRISONVILLE,NY ,12962,USA,,518-563-2316,"Service,"
12050,Industrial/Commercial Sales & Service,00111252361002,YANKEE GENERATOR INC- IND SRV, 441 POND HILL ROAD,,LUNENBURG,VT ,05906,USA,,802-892-1348,"Service,"
12051,Industrial/Commercial Sales & Service,00010214161002,"R.L. Kistler, Inc", 300 Mile Crossing Blvd.,,Rochester,NY ,14624,USA,rlkistler.com,585-436-1940,"Sales,"
12051,Industrial/Commercial Sales & Service,00010214161002,"R.L. KISTLER, INC.", 35 HAMILTON LANE,,GLENMONT,NY ,12077,USA,,585-436-1940,"Sales,Service,"
12051,Industrial/Commercial Sales & Service,00010214161002,"R.L. Kistler, Inc", 5615 Business Ave.,,N. Syracuse,NY ,13208,USA,,315-458-2875,"Sales,"
12051,Industrial/Commercial Sales & Service,00010214161002,"R.L. Kistler, Inc", 5615 Business Ave.,,N. Syracuse,NY ,13208,USA,,315-458-2875,"Sales,"
12051,Industrial/Commercial Sales & Service,00010001611002,Huntington Power, 230 Long Hill Cross Rd,,Shelton,CT ,06484,USA,www.huntingtonpower.com,203-929-3203,"Sales,Service,Up To 2MW,Mobile/Diesel/Gas,Training,Rental,"
12051,Industrial/Commercial Sales & Service,00010001731002,Authorized Services Of New England, 410 Forest Street,,Marlborough,MA ,01752,USA,www.asne.com,888-890-9886,"Financing,Sales,Service,Up To 2MW,Mobile/Diesel/Gas,Training,Rental,"
12051,Industrial/Commercial Sales & Service,00010208021002,Modern Group Power Systems, 2501 Durham Road,,Bristol,PA ,19007,USA,www.moderngroup.com,800-404-7291,"Sales,Service,Up To 2MW,Mobile/Diesel/Gas,Training,Rental,"
12051,Industrial/Commercial Sales & Service,00010000931002,"EMERGENCY POWER SYSTEMS, LLC", 35 HAMILTON LANE,,GLENMONT,NY ,12077,USA,,800-914-1465,"Service,Up To 2MW,Mobile/Diesel/Gas,"
12051,Industrial/Commercial Sales & Service,00010000931002,"EMERGENCY POWER SYSTEMS, LLC", 35 HAMILTON LANE,,GLENMONT,NY ,12077,USA,,800-914-1465,"Service,"
12051,Industrial/Commercial Sales & Service,00010001611002,Huntington Power, 34 E DUDLEY TOWN RD.,,BLOOMFIELD,CT ,06002,USA,,860-289-8790,"Sales,Service,Rental,"
12051,Industrial/Commercial Sales & Service,00010001611002,Huntington Power, 68 Enter Ln,,Islandia,NY ,11749,USA,,631-563-4943,"Sales,Service,Up To 2MW,Mobile/Diesel/Gas,"
12051,Industrial/Commercial Sales & Service,00010001731002,AUTHORIZED SERVICES OF NEW ENGLAND, 410 FOREST STREET,,MARLBOROUGH,MA ,01752,USA,,888-890-9886,"Sales,"
12051,Industrial/Commercial Sales & Service,00010008091002,MODERN HANDLING EQUIP, 75 NEW STREET,,EDISON,NJ ,08837,USA,www.moderngroup.com,800-779-5116,"Sales,Service,Up To 2MW,Mobile/Diesel/Gas,"
12051,Industrial/Commercial Sales & Service,00010208021002,Modern Group Power Systems, 295 New Commerce Blvd.,,Wilkes Barre,PA ,18706,USA,,800-404-7291,"Sales,Service,Up To 2MW,Mobile/Diesel/Gas,"
12051,Industrial/Commercial Sales & Service,00010208021002,Modern Group Power Systems, 6352 Chapmans Rd,,Allentown,PA ,18106,USA,,800-404-7291,"Sales,Service,Up To 2MW,Mobile/Diesel/Gas,"
12051,Industrial/Commercial Sales & Service,00010208021002,Modern Group Power Systems, 200 Allied Parkway,,West Berlin,NJ ,08091,USA,,800-404-7291,"Sales,Service,Up To 2MW,Mobile/Diesel/Gas,"
12051,Industrial/Commercial Sales & Service,00010134071002,PEAK POWER SYSTEMS, 99 SPRAGUE AVENUE,,MIDDLETOWN,NY ,10940,USA,www.peakpowersystems.com,845-344-1975,"Sales,Service,Up To 600kW,Mobile/Diesel/Gas,Rental,"
12051,Industrial/Commercial Sales & Service,00111209531002,HUNTINGTON POWER - LONG ISLAND, PO BOX 2040,,SHELTON,CT ,06484,USA,,631-586-7513,"Sales,"
12051,Industrial/Commercial Sales & Service,00010001621002,BROOKFIELD SERVICE, 708 GLEBE ROAD,,WESTMORELAND,NH ,03467,USA,www.brookfieldservice.com,802-485-6567,"Service,Up To 600kW,Mobile/Diesel/Gas,"
12051,Industrial/Commercial Sales & Service,00010001761002,"GENSERVE, INC.", 100 NEWTOWN RD,,PLAINVIEW,NY ,11803,USA,www.genserveinc.com,631-435-0437,"Service,"
12051,Industrial/Commercial Sales & Service,00111209521002,LONG ISLAND EMERGENCY POWER -QO, 2 Ocean Avenue,,DEER PARK,NY ,11729,USA,,631-586-7513,"Sales,"
12051,Industrial/Commercial Sales & Service,00010139211002,POWERPRO SERVICE CO. INC., 608 JOHNSON AVE. UNIT 6,,BOHEMIA,NY ,11716,USA,,631-567-2700,"Sales,Service,Up To 600kW,Mobile/Diesel/Gas,"
12051,Industrial/Commercial Sales & Service,00010001621002,BROOKFIELD SERVICE, 829 VT ROUTE 12 SOUTH,,NORTHFIELD,VT ,05663,USA,www.brookfieldservice.com,802-485-6567,"Sales,Service,Up To 600kW,Mobile/Diesel/Gas,"
12051,Industrial/Commercial Sales & Service,00010021101002,SOUTH SHORE GENERATOR INC-Quote, 2696A CRANBERRY HWY,,WAREHAM,MA ,02571,USA,,508-295-7336,"Sales,Service,Up To 600kW,Mobile/Diesel/Gas,"
12051,Industrial/Commercial Sales & Service,00010001701002,SOUTH SHORE GENERATOR INC, ,,EAST WAREHAM,MA ,02538,USA,,508-295-7336,"Financing,Sales,Service,Up To 600kW,Mobile/Diesel/Gas,"
12051,Industrial/Commercial Sales & Service,00010001761002,"GENSERVE, INC.", 115A TWINBRIDGE DR.,,PENNSAUKEN,NJ ,08110,USA,www.genserveinc.com,856-324-0459,"Service,"
12051,Industrial/Commercial Sales & Service,00111184131002,HUNTER & LOMISON, 1956 W FOURTH ST,,WILLIAMSPORT,PA ,17701,USA,www.hunterlomison.com,570-326-1764,"Sales,Service,Up To 600kW,Mobile/Diesel/Gas,Rental,"
12051,Industrial/Commercial Sales & Service,00010000881002,HUNTER & LOMISON INC., 1956 W. 4TH STREET,,WILLIAMSPORT,PA ,17701,USA,www.hunterlomison.com,570-326-1764,"Service,Up To 600kW,Mobile/Diesel/Gas,"
12051,Industrial/Commercial Sales & Service,00010157021002,Mechanical Service Co, 1145 Oak St.,,Pittston,PA ,18640,USA,,570-654-2445,"Service,"
12051,Industrial/Commercial Sales & Service,00111207431002,WARSHAUER ELECTRIC SUPPLY CO INC, 800 SHREWSBURY AVE,,TINTON FALLS,NJ ,07724,USA,www.warshauer.com,732-741-6400,"Service,"
12051,Industrial/Commercial Sales & Service,00010218321002,CARL F. SMITH, 25 BROOKSIDE AVE,,MORRISONVILLE,NY ,12962,USA,,518-563-2316,"Service,"
12051,Industrial/Commercial Sales & Service,00111252361002,YANKEE GENERATOR INC- IND SRV, 441 POND HILL ROAD,,LUNENBURG,VT ,05906,USA,,802-892-1348,"Service,"
12052,Industrial/Commercial Sales & Service,00010214161002,"R.L. Kistler, Inc", 300 Mile Crossing Blvd.,,Rochester,NY ,14624,USA,rlkistler.com,585-436-1940,"Sales,"
12052,Industrial/Commercial Sales & Service,00010214161002,"R.L. KISTLER, INC.", 35 HAMILTON LANE,,GLENMONT,NY ,12077,USA,,585-436-1940,"Sales,Service,"
12052,Industrial/Commercial Sales & Service,00010214161002,"R.L. Kistler, Inc", 5615 Business Ave.,,N. Syracuse,NY ,13208,USA,,315-458-2875,"Sales,"
12052,Industrial/Commercial Sales & Service,00010214161002,"R.L. Kistler, Inc", 5615 Business Ave.,,N. Syracuse,NY ,13208,USA,,315-458-2875,"Sales,"
12052,Industrial/Commercial Sales & Service,00010001611002,Huntington Power, 230 Long Hill Cross Rd,,Shelton,CT ,06484,USA,www.huntingtonpower.com,203-929-3203,"Sales,Service,Up To 2MW,Mobile/Diesel/Gas,Training,Rental,"
12052,Industrial/Commercial Sales & Service,00010001731002,Authorized Services Of New England, 410 Forest Street,,Marlborough,MA ,01752,USA,www.asne.com,888-890-9886,"Financing,Sales,Service,Up To 2MW,Mobile/Diesel/Gas,Training,Rental,"
12052,Industrial/Commercial Sales & Service,00010208021002,Modern Group Power Systems, 2501 Durham Road,,Bristol,PA ,19007,USA,www.moderngroup.com,800-404-7291,"Sales,Service,Up To 2MW,Mobile/Diesel/Gas,Training,Rental,"
12052,Industrial/Commercial Sales & Service,00010000931002,"EMERGENCY POWER SYSTEMS, LLC", 35 HAMILTON LANE,,GLENMONT,NY ,12077,USA,,800-914-1465,"Service,Up To 2MW,Mobile/Diesel/Gas,"
12052,Industrial/Commercial Sales & Service,00010000931002,"EMERGENCY POWER SYSTEMS, LLC", 35 HAMILTON LANE,,GLENMONT,NY ,12077,USA,,800-914-1465,"Service,"
12052,Industrial/Commercial Sales & Service,00010001611002,Huntington Power, 34 E DUDLEY TOWN RD.,,BLOOMFIELD,CT ,06002,USA,,860-289-8790,"Sales,Service,Rental,"
12052,Industrial/Commercial Sales & Service,00010001731002,AUTHORIZED SERVICES OF NEW ENGLAND, 410 FOREST STREET,,MARLBOROUGH,MA ,01752,USA,,888-890-9886,"Sales,"
12052,Industrial/Commercial Sales & Service,00010001611002,Huntington Power, 68 Enter Ln,,Islandia,NY ,11749,USA,,631-563-4943,"Sales,Service,Up To 2MW,Mobile/Diesel/Gas,"
12052,Industrial/Commercial Sales & Service,00010008091002,MODERN HANDLING EQUIP, 75 NEW STREET,,EDISON,NJ ,08837,USA,www.moderngroup.com,800-779-5116,"Sales,Service,Up To 2MW,Mobile/Diesel/Gas,"
12052,Industrial/Commercial Sales & Service,00010208021002,Modern Group Power Systems, 295 New Commerce Blvd.,,Wilkes Barre,PA ,18706,USA,,800-404-7291,"Sales,Service,Up To 2MW,Mobile/Diesel/Gas,"
12052,Industrial/Commercial Sales & Service,00010208021002,Modern Group Power Systems, 6352 Chapmans Rd,,Allentown,PA ,18106,USA,,800-404-7291,"Sales,Service,Up To 2MW,Mobile/Diesel/Gas,"
12052,Industrial/Commercial Sales & Service,00010001621002,BROOKFIELD SERVICE, 708 GLEBE ROAD,,WESTMORELAND,NH ,03467,USA,www.brookfieldservice.com,802-485-6567,"Service,Up To 600kW,Mobile/Diesel/Gas,"
12052,Industrial/Commercial Sales & Service,00010134071002,PEAK POWER SYSTEMS, 99 SPRAGUE AVENUE,,MIDDLETOWN,NY ,10940,USA,www.peakpowersystems.com,845-344-1975,"Sales,Service,Up To 600kW,Mobile/Diesel/Gas,Rental,"
12052,Industrial/Commercial Sales & Service,00111209531002,HUNTINGTON POWER - LONG ISLAND, PO BOX 2040,,SHELTON,CT ,06484,USA,,631-586-7513,"Sales,"
12052,Industrial/Commercial Sales & Service,00010001621002,BROOKFIELD SERVICE, 829 VT ROUTE 12 SOUTH,,NORTHFIELD,VT ,05663,USA,www.brookfieldservice.com,802-485-6567,"Sales,Service,Up To 600kW,Mobile/Diesel/Gas,"
12052,Industrial/Commercial Sales & Service,00010001761002,"GENSERVE, INC.", 100 NEWTOWN RD,,PLAINVIEW,NY ,11803,USA,www.genserveinc.com,631-435-0437,"Service,"
12052,Industrial/Commercial Sales & Service,00010139211002,POWERPRO SERVICE CO. INC., 608 JOHNSON AVE. UNIT 6,,BOHEMIA,NY ,11716,USA,,631-567-2700,"Sales,Service,Up To 600kW,Mobile/Diesel/Gas,"
12052,Industrial/Commercial Sales & Service,00111209521002,LONG ISLAND EMERGENCY POWER -QO, 2 Ocean Avenue,,DEER PARK,NY ,11729,USA,,631-586-7513,"Sales,"
12052,Industrial/Commercial Sales & Service,00010021101002,SOUTH SHORE GENERATOR INC-Quote, 2696A CRANBERRY HWY,,WAREHAM,MA ,02571,USA,,508-295-7336,"Sales,Service,Up To 600kW,Mobile/Diesel/Gas,"
12052,Industrial/Commercial Sales & Service,00010001701002,SOUTH SHORE GENERATOR INC, ,,EAST WAREHAM,MA ,02538,USA,,508-295-7336,"Financing,Sales,Service,Up To 600kW,Mobile/Diesel/Gas,"
12052,Industrial/Commercial Sales & Service,00010141631002,ELECTRICAL SYSTEMS OF MAINE, 1200 MINOT AVE,,AUBURN,ME ,04210,USA,,207-783-7126,"Sales,Service,Up To 600kW,Mobile/Diesel/Gas,"
12052,Industrial/Commercial Sales & Service,00010218321002,CARL F. SMITH, 25 BROOKSIDE AVE,,MORRISONVILLE,NY ,12962,USA,,518-563-2316,"Service,"
12052,Industrial/Commercial Sales & Service,00111252361002,YANKEE GENERATOR INC- IND SRV, 441 POND HILL ROAD,,LUNENBURG,VT ,05906,USA,,802-892-1348,"Service,"
12052,Industrial/Commercial Sales & Service,00010157021002,Mechanical Service Co, 1145 Oak St.,,Pittston,PA ,18640,USA,,570-654-2445,"Service,"
12052,Industrial/Commercial Sales & Service,00111207431002,WARSHAUER ELECTRIC SUPPLY CO INC, 800 SHREWSBURY AVE,,TINTON FALLS,NJ ,07724,USA,www.warshauer.com,732-741-6400,"Service,"
12052,Industrial/Commercial Sales & Service,00010152891002,"Group Maska, Inc.", 550 Ave. de Vaudreuil,,Hyacinthe,QC ,J2S 4H2,CAN,www.groupemaska.com,450-773-7471,"Sales,Service,"
12053,Industrial/Commercial Sales & Service,00010214161002,"R.L. Kistler, Inc", 300 Mile Crossing Blvd.,,Rochester,NY ,14624,USA,rlkistler.com,585-436-1940,"Sales,"
12053,Industrial/Commercial Sales & Service,00010214161002,"R.L. KISTLER, INC.", 35 HAMILTON LANE,,GLENMONT,NY ,12077,USA,,585-436-1940,"Sales,Service,"
12053,Industrial/Commercial Sales & Service,00010214161002,"R.L. Kistler, Inc", 5615 Business Ave.,,N. Syracuse,NY ,13208,USA,,315-458-2875,"Sales,"
12053,Industrial/Commercial Sales & Service,00010214161002,"R.L. Kistler, Inc", 5615 Business Ave.,,N. Syracuse,NY ,13208,USA,,315-458-2875,"Sales,"
12053,Industrial/Commercial Sales & Service,00010001611002,Huntington Power, 230 Long Hill Cross Rd,,Shelton,CT ,06484,USA,www.huntingtonpower.com,203-929-3203,"Sales,Service,Up To 2MW,Mobile/Diesel/Gas,Training,Rental,"
12053,Industrial/Commercial Sales & Service,00010001731002,Authorized Services Of New England, 410 Forest Street,,Marlborough,MA ,01752,USA,www.asne.com,888-890-9886,"Financing,Sales,Service,Up To 2MW,Mobile/Diesel/Gas,Training,Rental,"
12053,Industrial/Commercial Sales & Service,00010208021002,Modern Group Power Systems, 2501 Durham Road,,Bristol,PA ,19007,USA,www.moderngroup.com,800-404-7291,"Sales,Service,Up To 2MW,Mobile/Diesel/Gas,Training,Rental,"
12053,Industrial/Commercial Sales & Service,00010000931002,"EMERGENCY POWER SYSTEMS, LLC", 35 HAMILTON LANE,,GLENMONT,NY ,12077,USA,,800-914-1465,"Service,Up To 2MW,Mobile/Diesel/Gas,"
12053,Industrial/Commercial Sales & Service,00010000931002,"EMERGENCY POWER SYSTEMS, LLC", 35 HAMILTON LANE,,GLENMONT,NY ,12077,USA,,800-914-1465,"Service,"
12053,Industrial/Commercial Sales & Service,00010001611002,Huntington Power, 34 E DUDLEY TOWN RD.,,BLOOMFIELD,CT ,06002,USA,,860-289-8790,"Sales,Service,Rental,"
12053,Industrial/Commercial Sales & Service,00010001731002,AUTHORIZED SERVICES OF NEW ENGLAND, 410 FOREST STREET,,MARLBOROUGH,MA ,01752,USA,,888-890-9886,"Sales,"
12053,Industrial/Commercial Sales & Service,00010208021002,Modern Group Power Systems, 295 New Commerce Blvd.,,Wilkes Barre,PA ,18706,USA,,800-404-7291,"Sales,Service,Up To 2MW,Mobile/Diesel/Gas,"
12053,Industrial/Commercial Sales & Service,00010001611002,Huntington Power, 68 Enter Ln,,Islandia,NY ,11749,USA,,631-563-4943,"Sales,Service,Up To 2MW,Mobile/Diesel/Gas,"
12053,Industrial/Commercial Sales & Service,00010008091002,MODERN HANDLING EQUIP, 75 NEW STREET,,EDISON,NJ ,08837,USA,www.moderngroup.com,800-779-5116,"Sales,Service,Up To 2MW,Mobile/Diesel/Gas,"
12053,Industrial/Commercial Sales & Service,00010208021002,Modern Group Power Systems, 6352 Chapmans Rd,,Allentown,PA ,18106,USA,,800-404-7291,"Sales,Service,Up To 2MW,Mobile/Diesel/Gas,"
12053,Industrial/Commercial Sales & Service,00010000931002,"EMERGENCY POWER SYSTEMS, LLC", 300 MILE CROSSING BLVD.,,ROCHESTER,NY ,14624,USA,,585-464-6333,"Service,Up To 2MW,Mobile/Diesel/Gas,Rental,"
12053,Industrial/Commercial Sales & Service,00010000931002,"EMERGENCY POWER SYSTEMS, LLC", 300 MILE CROSSING BLVD.,,ROCHESTER,NY ,14624,USA,,585-464-6333,"Service,"
12053,Industrial/Commercial Sales & Service,00010134071002,PEAK POWER SYSTEMS, 99 SPRAGUE AVENUE,,MIDDLETOWN,NY ,10940,USA,www.peakpowersystems.com,845-344-1975,"Sales,Service,Up To 600kW,Mobile/Diesel/Gas,Rental,"
12053,Industrial/Commercial Sales & Service,00010001621002,BROOKFIELD SERVICE, 708 GLEBE ROAD,,WESTMORELAND,NH ,03467,USA,www.brookfieldservice.com,802-485-6567,"Service,Up To 600kW,Mobile/Diesel/Gas,"
12053,Industrial/Commercial Sales & Service,00111209531002,HUNTINGTON POWER - LONG ISLAND, PO BOX 2040,,SHELTON,CT ,06484,USA,,631-586-7513,"Sales,"
12053,Industrial/Commercial Sales & Service,00010001621002,BROOKFIELD SERVICE, 829 VT ROUTE 12 SOUTH,,NORTHFIELD,VT ,05663,USA,www.brookfieldservice.com,802-485-6567,"Sales,Service,Up To 600kW,Mobile/Diesel/Gas,"
12053,Industrial/Commercial Sales & Service,00010001761002,"GENSERVE, INC.", 100 NEWTOWN RD,,PLAINVIEW,NY ,11803,USA,www.genserveinc.com,631-435-0437,"Service,"
12053,Industrial/Commercial Sales & Service,00111209521002,LONG ISLAND EMERGENCY POWER -QO, 2 Ocean Avenue,,DEER PARK,NY ,11729,USA,,631-586-7513,"Sales,"
12053,Industrial/Commercial Sales & Service,00010139211002,POWERPRO SERVICE CO. INC., 608 JOHNSON AVE. UNIT 6,,BOHEMIA,NY ,11716,USA,,631-567-2700,"Sales,Service,Up To 600kW,Mobile/Diesel/Gas,"
12053,Industrial/Commercial Sales & Service,00111184131002,HUNTER & LOMISON, 1956 W FOURTH ST,,WILLIAMSPORT,PA ,17701,USA,www.hunterlomison.com,570-326-1764,"Sales,Service,Up To 600kW,Mobile/Diesel/Gas,Rental,"
12053,Industrial/Commercial Sales & Service,00010000881002,HUNTER & LOMISON INC., 1956 W. 4TH STREET,,WILLIAMSPORT,PA ,17701,USA,www.hunterlomison.com,570-326-1764,"Service,Up To 600kW,Mobile/Diesel/Gas,"
12053,Industrial/Commercial Sales & Service,00010021101002,SOUTH SHORE GENERATOR INC-Quote, 2696A CRANBERRY HWY,,WAREHAM,MA ,02571,USA,,508-295-7336,"Sales,Service,Up To 600kW,Mobile/Diesel/Gas,"
12053,Industrial/Commercial Sales & Service,00010001701002,SOUTH SHORE GENERATOR INC, ,,EAST WAREHAM,MA ,02538,USA,,508-295-7336,"Financing,Sales,Service,Up To 600kW,Mobile/Diesel/Gas,"
12053,Industrial/Commercial Sales & Service,00010001761002,"GENSERVE, INC.", 115A TWINBRIDGE DR.,,PENNSAUKEN,NJ ,08110,USA,www.genserveinc.com,856-324-0459,"Service,"
12053,Industrial/Commercial Sales & Service,00010157021002,Mechanical Service Co, 1145 Oak St.,,Pittston,PA ,18640,USA,,570-654-2445,"Service,"
12053,Industrial/Commercial Sales & Service,00010218321002,CARL F. SMITH, 25 BROOKSIDE AVE,,MORRISONVILLE,NY ,12962,USA,,518-563-2316,"Service,"
12053,Industrial/Commercial Sales & Service,00111207431002,WARSHAUER ELECTRIC SUPPLY CO INC, 800 SHREWSBURY AVE,,TINTON FALLS,NJ ,07724,USA,www.warshauer.com,732-741-6400,"Service,"
12053,Industrial/Commercial Sales & Service,00111252361002,YANKEE GENERATOR INC- IND SRV, 441 POND HILL ROAD,,LUNENBURG,VT ,05906,USA,,802-892-1348,"Service,"
12054,Industrial/Commercial Sales & Service,00010214161002,"R.L. Kistler, Inc", 300 Mile Crossing Blvd.,,Rochester,NY ,14624,USA,rlkistler.com,585-436-1940,"Sales,"
12054,Industrial/Commercial Sales & Service,00010214161002,"R.L. KISTLER, INC.", 35 HAMILTON LANE,,GLENMONT,NY ,12077,USA,,585-436-1940,"Sales,Service,"
12054,Industrial/Commercial Sales & Service,00010214161002,"R.L. Kistler, Inc", 5615 Business Ave.,,N. Syracuse,NY ,13208,USA,,315-458-2875,"Sales,"
12054,Industrial/Commercial Sales & Service,00010214161002,"R.L. Kistler, Inc", 5615 Business Ave.,,N. Syracuse,NY ,13208,USA,,315-458-2875,"Sales,"
12054,Industrial/Commercial Sales & Service,00010001611002,Huntington Power, 230 Long Hill Cross Rd,,Shelton,CT ,06484,USA,www.huntingtonpower.com,203-929-3203,"Sales,Service,Up To 2MW,Mobile/Diesel/Gas,Training,Rental,"
12054,Industrial/Commercial Sales & Service,00010001731002,Authorized Services Of New England, 410 Forest Street,,Marlborough,MA ,01752,USA,www.asne.com,888-890-9886,"Financing,Sales,Service,Up To 2MW,Mobile/Diesel/Gas,Training,Rental,"
12054,Industrial/Commercial Sales & Service,00010208021002,Modern Group Power Systems, 2501 Durham Road,,Bristol,PA ,19007,USA,www.moderngroup.com,800-404-7291,"Sales,Service,Up To 2MW,Mobile/Diesel/Gas,Training,Rental,"
12054,Industrial/Commercial Sales & Service,00010000931002,"EMERGENCY POWER SYSTEMS, LLC", 35 HAMILTON LANE,,GLENMONT,NY ,12077,USA,,800-914-1465,"Service,Up To 2MW,Mobile/Diesel/Gas,"
12054,Industrial/Commercial Sales & Service,00010000931002,"EMERGENCY POWER SYSTEMS, LLC", 35 HAMILTON LANE,,GLENMONT,NY ,12077,USA,,800-914-1465,"Service,"
12054,Industrial/Commercial Sales & Service,00010001611002,Huntington Power, 34 E DUDLEY TOWN RD.,,BLOOMFIELD,CT ,06002,USA,,860-289-8790,"Sales,Service,Rental,"
12054,Industrial/Commercial Sales & Service,00010001731002,AUTHORIZED SERVICES OF NEW ENGLAND, 410 FOREST STREET,,MARLBOROUGH,MA ,01752,USA,,888-890-9886,"Sales,"
12054,Industrial/Commercial Sales & Service,00010001611002,Huntington Power, 68 Enter Ln,,Islandia,NY ,11749,USA,,631-563-4943,"Sales,Service,Up To 2MW,Mobile/Diesel/Gas,"
12054,Industrial/Commercial Sales & Service,00010208021002,Modern Group Power Systems, 295 New Commerce Blvd.,,Wilkes Barre,PA ,18706,USA,,800-404-7291,"Sales,Service,Up To 2MW,Mobile/Diesel/Gas,"
12054,Industrial/Commercial Sales & Service,00010008091002,MODERN HANDLING EQUIP, 75 NEW STREET,,EDISON,NJ ,08837,USA,www.moderngroup.com,800-779-5116,"Sales,Service,Up To 2MW,Mobile/Diesel/Gas,"
12054,Industrial/Commercial Sales & Service,00010208021002,Modern Group Power Systems, 6352 Chapmans Rd,,Allentown,PA ,18106,USA,,800-404-7291,"Sales,Service,Up To 2MW,Mobile/Diesel/Gas,"
12054,Industrial/Commercial Sales & Service,00010000931002,"EMERGENCY POWER SYSTEMS, LLC", 300 MILE CROSSING BLVD.,,ROCHESTER,NY ,14624,USA,,585-464-6333,"Service,Up To 2MW,Mobile/Diesel/Gas,Rental,"
12054,Industrial/Commercial Sales & Service,00010000931002,"EMERGENCY POWER SYSTEMS, LLC", 300 MILE CROSSING BLVD.,,ROCHESTER,NY ,14624,USA,,585-464-6333,"Service,"
12054,Industrial/Commercial Sales & Service,00010001621002,BROOKFIELD SERVICE, 708 GLEBE ROAD,,WESTMORELAND,NH ,03467,USA,www.brookfieldservice.com,802-485-6567,"Service,Up To 600kW,Mobile/Diesel/Gas,"
12054,Industrial/Commercial Sales & Service,00010134071002,PEAK POWER SYSTEMS, 99 SPRAGUE AVENUE,,MIDDLETOWN,NY ,10940,USA,www.peakpowersystems.com,845-344-1975,"Sales,Service,Up To 600kW,Mobile/Diesel/Gas,Rental,"
12054,Industrial/Commercial Sales & Service,00111209531002,HUNTINGTON POWER - LONG ISLAND, PO BOX 2040,,SHELTON,CT ,06484,USA,,631-586-7513,"Sales,"
12054,Industrial/Commercial Sales & Service,00010001621002,BROOKFIELD SERVICE, 829 VT ROUTE 12 SOUTH,,NORTHFIELD,VT ,05663,USA,www.brookfieldservice.com,802-485-6567,"Sales,Service,Up To 600kW,Mobile/Diesel/Gas,"
12054,Industrial/Commercial Sales & Service,00010001761002,"GENSERVE, INC.", 100 NEWTOWN RD,,PLAINVIEW,NY ,11803,USA,www.genserveinc.com,631-435-0437,"Service,"
12054,Industrial/Commercial Sales & Service,00111209521002,LONG ISLAND EMERGENCY POWER -QO, 2 Ocean Avenue,,DEER PARK,NY ,11729,USA,,631-586-7513,"Sales,"
12054,Industrial/Commercial Sales & Service,00010139211002,POWERPRO SERVICE CO. INC., 608 JOHNSON AVE. UNIT 6,,BOHEMIA,NY ,11716,USA,,631-567-2700,"Sales,Service,Up To 600kW,Mobile/Diesel/Gas,"
12054,Industrial/Commercial Sales & Service,00010021101002,SOUTH SHORE GENERATOR INC-Quote, 2696A CRANBERRY HWY,,WAREHAM,MA ,02571,USA,,508-295-7336,"Sales,Service,Up To 600kW,Mobile/Diesel/Gas,"
12054,Industrial/Commercial Sales & Service,00010001701002,SOUTH SHORE GENERATOR INC, ,,EAST WAREHAM,MA ,02538,USA,,508-295-7336,"Financing,Sales,Service,Up To 600kW,Mobile/Diesel/Gas,"
12054,Industrial/Commercial Sales & Service,00111184131002,HUNTER & LOMISON, 1956 W FOURTH ST,,WILLIAMSPORT,PA ,17701,USA,www.hunterlomison.com,570-326-1764,"Sales,Service,Up To 600kW,Mobile/Diesel/Gas,Rental,"
12054,Industrial/Commercial Sales & Service,00010000881002,HUNTER & LOMISON INC., 1956 W. 4TH STREET,,WILLIAMSPORT,PA ,17701,USA,www.hunterlomison.com,570-326-1764,"Service,Up To 600kW,Mobile/Diesel/Gas,"
12054,Industrial/Commercial Sales & Service,00010001761002,"GENSERVE, INC.", 115A TWINBRIDGE DR.,,PENNSAUKEN,NJ ,08110,USA,www.genserveinc.com,856-324-0459,"Service,"
12054,Industrial/Commercial Sales & Service,00010157021002,Mechanical Service Co, 1145 Oak St.,,Pittston,PA ,18640,USA,,570-654-2445,"Service,"
12054,Industrial/Commercial Sales & Service,00010218321002,CARL F. SMITH, 25 BROOKSIDE AVE,,MORRISONVILLE,NY ,12962,USA,,518-563-2316,"Service,"
12054,Industrial/Commercial Sales & Service,00111207431002,WARSHAUER ELECTRIC SUPPLY CO INC, 800 SHREWSBURY AVE,,TINTON FALLS,NJ ,07724,USA,www.warshauer.com,732-741-6400,"Service,"
12054,Industrial/Commercial Sales & Service,00111252361002,YANKEE GENERATOR INC- IND SRV, 441 POND HILL ROAD,,LUNENBURG,VT ,05906,USA,,802-892-1348,"Service,"
12055,Industrial/Commercial Sales & Service,00010214161002,"R.L. Kistler, Inc", 300 Mile Crossing Blvd.,,Rochester,NY ,14624,USA,rlkistler.com,585-436-1940,"Sales,"
12055,Industrial/Commercial Sales & Service,00010214161002,"R.L. KISTLER, INC.", 35 HAMILTON LANE,,GLENMONT,NY ,12077,USA,,585-436-1940,"Sales,Service,"
12055,Industrial/Commercial Sales & Service,00010214161002,"R.L. Kistler, Inc", 5615 Business Ave.,,N. Syracuse,NY ,13208,USA,,315-458-2875,"Sales,"
12055,Industrial/Commercial Sales & Service,00010214161002,"R.L. Kistler, Inc", 5615 Business Ave.,,N. Syracuse,NY ,13208,USA,,315-458-2875,"Sales,"
12055,Industrial/Commercial Sales & Service,00010001611002,Huntington Power, 230 Long Hill Cross Rd,,Shelton,CT ,06484,USA,www.huntingtonpower.com,203-929-3203,"Sales,Service,Up To 2MW,Mobile/Diesel/Gas,Training,Rental,"
12055,Industrial/Commercial Sales & Service,00010001731002,Authorized Services Of New England, 410 Forest Street,,Marlborough,MA ,01752,USA,www.asne.com,888-890-9886,"Financing,Sales,Service,Up To 2MW,Mobile/Diesel/Gas,Training,Rental,"
12055,Industrial/Commercial Sales & Service,00010208021002,Modern Group Power Systems, 2501 Durham Road,,Bristol,PA ,19007,USA,www.moderngroup.com,800-404-7291,"Sales,Service,Up To 2MW,Mobile/Diesel/Gas,Training,Rental,"
12055,Industrial/Commercial Sales & Service,00010000931002,"EMERGENCY POWER SYSTEMS, LLC", 35 HAMILTON LANE,,GLENMONT,NY ,12077,USA,,800-914-1465,"Service,Up To 2MW,Mobile/Diesel/Gas,"
12055,Industrial/Commercial Sales & Service,00010000931002,"EMERGENCY POWER SYSTEMS, LLC", 35 HAMILTON LANE,,GLENMONT,NY ,12077,USA,,800-914-1465,"Service,"
12055,Industrial/Commercial Sales & Service,00010001611002,Huntington Power, 34 E DUDLEY TOWN RD.,,BLOOMFIELD,CT ,06002,USA,,860-289-8790,"Sales,Service,Rental,"
12055,Industrial/Commercial Sales & Service,00010208021002,Modern Group Power Systems, 295 New Commerce Blvd.,,Wilkes Barre,PA ,18706,USA,,800-404-7291,"Sales,Service,Up To 2MW,Mobile/Diesel/Gas,"
12055,Industrial/Commercial Sales & Service,00010001611002,Huntington Power, 68 Enter Ln,,Islandia,NY ,11749,USA,,631-563-4943,"Sales,Service,Up To 2MW,Mobile/Diesel/Gas,"
12055,Industrial/Commercial Sales & Service,00010008091002,MODERN HANDLING EQUIP, 75 NEW STREET,,EDISON,NJ ,08837,USA,www.moderngroup.com,800-779-5116,"Sales,Service,Up To 2MW,Mobile/Diesel/Gas,"
12055,Industrial/Commercial Sales & Service,00010001731002,AUTHORIZED SERVICES OF NEW ENGLAND, 410 FOREST STREET,,MARLBOROUGH,MA ,01752,USA,,888-890-9886,"Sales,"
12055,Industrial/Commercial Sales & Service,00010208021002,Modern Group Power Systems, 6352 Chapmans Rd,,Allentown,PA ,18106,USA,,800-404-7291,"Sales,Service,Up To 2MW,Mobile/Diesel/Gas,"
12055,Industrial/Commercial Sales & Service,00010000931002,"EMERGENCY POWER SYSTEMS, LLC", 300 MILE CROSSING BLVD.,,ROCHESTER,NY ,14624,USA,,585-464-6333,"Service,Up To 2MW,Mobile/Diesel/Gas,Rental,"
12055,Industrial/Commercial Sales & Service,00010000931002,"EMERGENCY POWER SYSTEMS, LLC", 300 MILE CROSSING BLVD.,,ROCHESTER,NY ,14624,USA,,585-464-6333,"Service,"
12055,Industrial/Commercial Sales & Service,00010208021002,Modern Group Power Systems, 200 Allied Parkway,,West Berlin,NJ ,08091,USA,,800-404-7291,"Sales,Service,Up To 2MW,Mobile/Diesel/Gas,"
12055,Industrial/Commercial Sales & Service,00010134071002,PEAK POWER SYSTEMS, 99 SPRAGUE AVENUE,,MIDDLETOWN,NY ,10940,USA,www.peakpowersystems.com,845-344-1975,"Sales,Service,Up To 600kW,Mobile/Diesel/Gas,Rental,"
12055,Industrial/Commercial Sales & Service,00111209531002,HUNTINGTON POWER - LONG ISLAND, PO BOX 2040,,SHELTON,CT ,06484,USA,,631-586-7513,"Sales,"
12055,Industrial/Commercial Sales & Service,00010001621002,BROOKFIELD SERVICE, 708 GLEBE ROAD,,WESTMORELAND,NH ,03467,USA,www.brookfieldservice.com,802-485-6567,"Service,Up To 600kW,Mobile/Diesel/Gas,"
12055,Industrial/Commercial Sales & Service,00010001761002,"GENSERVE, INC.", 100 NEWTOWN RD,,PLAINVIEW,NY ,11803,USA,www.genserveinc.com,631-435-0437,"Service,"
12055,Industrial/Commercial Sales & Service,00111209521002,LONG ISLAND EMERGENCY POWER -QO, 2 Ocean Avenue,,DEER PARK,NY ,11729,USA,,631-586-7513,"Sales,"
12055,Industrial/Commercial Sales & Service,00010139211002,POWERPRO SERVICE CO. INC., 608 JOHNSON AVE. UNIT 6,,BOHEMIA,NY ,11716,USA,,631-567-2700,"Sales,Service,Up To 600kW,Mobile/Diesel/Gas,"
12055,Industrial/Commercial Sales & Service,00010001621002,BROOKFIELD SERVICE, 829 VT ROUTE 12 SOUTH,,NORTHFIELD,VT ,05663,USA,www.brookfieldservice.com,802-485-6567,"Sales,Service,Up To 600kW,Mobile/Diesel/Gas,"
12055,Industrial/Commercial Sales & Service,00111184131002,HUNTER & LOMISON, 1956 W FOURTH ST,,WILLIAMSPORT,PA ,17701,USA,www.hunterlomison.com,570-326-1764,"Sales,Service,Up To 600kW,Mobile/Diesel/Gas,Rental,"
12055,Industrial/Commercial Sales & Service,00010000881002,HUNTER & LOMISON INC., 1956 W. 4TH STREET,,WILLIAMSPORT,PA ,17701,USA,www.hunterlomison.com,570-326-1764,"Service,Up To 600kW,Mobile/Diesel/Gas,"
12055,Industrial/Commercial Sales & Service,00010001761002,"GENSERVE, INC.", 115A TWINBRIDGE DR.,,PENNSAUKEN,NJ ,08110,USA,www.genserveinc.com,856-324-0459,"Service,"
12055,Industrial/Commercial Sales & Service,00010021101002,SOUTH SHORE GENERATOR INC-Quote, 2696A CRANBERRY HWY,,WAREHAM,MA ,02571,USA,,508-295-7336,"Sales,Service,Up To 600kW,Mobile/Diesel/Gas,"
12055,Industrial/Commercial Sales & Service,00010001701002,SOUTH SHORE GENERATOR INC, ,,EAST WAREHAM,MA ,02538,USA,,508-295-7336,"Financing,Sales,Service,Up To 600kW,Mobile/Diesel/Gas,"
12055,Industrial/Commercial Sales & Service,00010157021002,Mechanical Service Co, 1145 Oak St.,,Pittston,PA ,18640,USA,,570-654-2445,"Service,"
12055,Industrial/Commercial Sales & Service,00111207431002,WARSHAUER ELECTRIC SUPPLY CO INC, 800 SHREWSBURY AVE,,TINTON FALLS,NJ ,07724,USA,www.warshauer.com,732-741-6400,"Service,"
12055,Industrial/Commercial Sales & Service,00010218321002,CARL F. SMITH, 25 BROOKSIDE AVE,,MORRISONVILLE,NY ,12962,USA,,518-563-2316,"Service,"
12055,Industrial/Commercial Sales & Service,00111252361002,YANKEE GENERATOR INC- IND SRV, 441 POND HILL ROAD,,LUNENBURG,VT ,05906,USA,,802-892-1348,"Service,"
12056,Industrial/Commercial Sales & Service,00010214161002,"R.L. Kistler, Inc", 300 Mile Crossing Blvd.,,Rochester,NY ,14624,USA,rlkistler.com,585-436-1940,"Sales,"
12056,Industrial/Commercial Sales & Service,00010214161002,"R.L. KISTLER, INC.", 35 HAMILTON LANE,,GLENMONT,NY ,12077,USA,,585-436-1940,"Sales,Service,"
12056,Industrial/Commercial Sales & Service,00010214161002,"R.L. Kistler, Inc", 5615 Business Ave.,,N. Syracuse,NY ,13208,USA,,315-458-2875,"Sales,"
12056,Industrial/Commercial Sales & Service,00010214161002,"R.L. Kistler, Inc", 5615 Business Ave.,,N. Syracuse,NY ,13208,USA,,315-458-2875,"Sales,"
12056,Industrial/Commercial Sales & Service,00010001611002,Huntington Power, 230 Long Hill Cross Rd,,Shelton,CT ,06484,USA,www.huntingtonpower.com,203-929-3203,"Sales,Service,Up To 2MW,Mobile/Diesel/Gas,Training,Rental,"
12056,Industrial/Commercial Sales & Service,00010001731002,Authorized Services Of New England, 410 Forest Street,,Marlborough,MA ,01752,USA,www.asne.com,888-890-9886,"Financing,Sales,Service,Up To 2MW,Mobile/Diesel/Gas,Training,Rental,"
12056,Industrial/Commercial Sales & Service,00010208021002,Modern Group Power Systems, 2501 Durham Road,,Bristol,PA ,19007,USA,www.moderngroup.com,800-404-7291,"Sales,Service,Up To 2MW,Mobile/Diesel/Gas,Training,Rental,"
12056,Industrial/Commercial Sales & Service,00010000931002,"EMERGENCY POWER SYSTEMS, LLC", 35 HAMILTON LANE,,GLENMONT,NY ,12077,USA,,800-914-1465,"Service,Up To 2MW,Mobile/Diesel/Gas,"
12056,Industrial/Commercial Sales & Service,00010000931002,"EMERGENCY POWER SYSTEMS, LLC", 35 HAMILTON LANE,,GLENMONT,NY ,12077,USA,,800-914-1465,"Service,"
12056,Industrial/Commercial Sales & Service,00010001611002,Huntington Power, 34 E DUDLEY TOWN RD.,,BLOOMFIELD,CT ,06002,USA,,860-289-8790,"Sales,Service,Rental,"
12056,Industrial/Commercial Sales & Service,00010001731002,AUTHORIZED SERVICES OF NEW ENGLAND, 410 FOREST STREET,,MARLBOROUGH,MA ,01752,USA,,888-890-9886,"Sales,"
12056,Industrial/Commercial Sales & Service,00010208021002,Modern Group Power Systems, 295 New Commerce Blvd.,,Wilkes Barre,PA ,18706,USA,,800-404-7291,"Sales,Service,Up To 2MW,Mobile/Diesel/Gas,"
12056,Industrial/Commercial Sales & Service,00010001611002,Huntington Power, 68 Enter Ln,,Islandia,NY ,11749,USA,,631-563-4943,"Sales,Service,Up To 2MW,Mobile/Diesel/Gas,"
12056,Industrial/Commercial Sales & Service,00010008091002,MODERN HANDLING EQUIP, 75 NEW STREET,,EDISON,NJ ,08837,USA,www.moderngroup.com,800-779-5116,"Sales,Service,Up To 2MW,Mobile/Diesel/Gas,"
12056,Industrial/Commercial Sales & Service,00010208021002,Modern Group Power Systems, 6352 Chapmans Rd,,Allentown,PA ,18106,USA,,800-404-7291,"Sales,Service,Up To 2MW,Mobile/Diesel/Gas,"
12056,Industrial/Commercial Sales & Service,00010000931002,"EMERGENCY POWER SYSTEMS, LLC", 300 MILE CROSSING BLVD.,,ROCHESTER,NY ,14624,USA,,585-464-6333,"Service,Up To 2MW,Mobile/Diesel/Gas,Rental,"
12056,Industrial/Commercial Sales & Service,00010000931002,"EMERGENCY POWER SYSTEMS, LLC", 300 MILE CROSSING BLVD.,,ROCHESTER,NY ,14624,USA,,585-464-6333,"Service,"
12056,Industrial/Commercial Sales & Service,00010001621002,BROOKFIELD SERVICE, 708 GLEBE ROAD,,WESTMORELAND,NH ,03467,USA,www.brookfieldservice.com,802-485-6567,"Service,Up To 600kW,Mobile/Diesel/Gas,"
12056,Industrial/Commercial Sales & Service,00010134071002,PEAK POWER SYSTEMS, 99 SPRAGUE AVENUE,,MIDDLETOWN,NY ,10940,USA,www.peakpowersystems.com,845-344-1975,"Sales,Service,Up To 600kW,Mobile/Diesel/Gas,Rental,"
12056,Industrial/Commercial Sales & Service,00111209531002,HUNTINGTON POWER - LONG ISLAND, PO BOX 2040,,SHELTON,CT ,06484,USA,,631-586-7513,"Sales,"
12056,Industrial/Commercial Sales & Service,00010001621002,BROOKFIELD SERVICE, 829 VT ROUTE 12 SOUTH,,NORTHFIELD,VT ,05663,USA,www.brookfieldservice.com,802-485-6567,"Sales,Service,Up To 600kW,Mobile/Diesel/Gas,"
12056,Industrial/Commercial Sales & Service,00010001761002,"GENSERVE, INC.", 100 NEWTOWN RD,,PLAINVIEW,NY ,11803,USA,www.genserveinc.com,631-435-0437,"Service,"
12056,Industrial/Commercial Sales & Service,00111209521002,LONG ISLAND EMERGENCY POWER -QO, 2 Ocean Avenue,,DEER PARK,NY ,11729,USA,,631-586-7513,"Sales,"
12056,Industrial/Commercial Sales & Service,00010139211002,POWERPRO SERVICE CO. INC., 608 JOHNSON AVE. UNIT 6,,BOHEMIA,NY ,11716,USA,,631-567-2700,"Sales,Service,Up To 600kW,Mobile/Diesel/Gas,"
12056,Industrial/Commercial Sales & Service,00111184131002,HUNTER & LOMISON, 1956 W FOURTH ST,,WILLIAMSPORT,PA ,17701,USA,www.hunterlomison.com,570-326-1764,"Sales,Service,Up To 600kW,Mobile/Diesel/Gas,Rental,"
12056,Industrial/Commercial Sales & Service,00010000881002,HUNTER & LOMISON INC., 1956 W. 4TH STREET,,WILLIAMSPORT,PA ,17701,USA,www.hunterlomison.com,570-326-1764,"Service,Up To 600kW,Mobile/Diesel/Gas,"
12056,Industrial/Commercial Sales & Service,00010021101002,SOUTH SHORE GENERATOR INC-Quote, 2696A CRANBERRY HWY,,WAREHAM,MA ,02571,USA,,508-295-7336,"Sales,Service,Up To 600kW,Mobile/Diesel/Gas,"
12056,Industrial/Commercial Sales & Service,00010001701002,SOUTH SHORE GENERATOR INC, ,,EAST WAREHAM,MA ,02538,USA,,508-295-7336,"Financing,Sales,Service,Up To 600kW,Mobile/Diesel/Gas,"
12056,Industrial/Commercial Sales & Service,00010001761002,"GENSERVE, INC.", 115A TWINBRIDGE DR.,,PENNSAUKEN,NJ ,08110,USA,www.genserveinc.com,856-324-0459,"Service,"
12056,Industrial/Commercial Sales & Service,00010157021002,Mechanical Service Co, 1145 Oak St.,,Pittston,PA ,18640,USA,,570-654-2445,"Service,"
12056,Industrial/Commercial Sales & Service,00010218321002,CARL F. SMITH, 25 BROOKSIDE AVE,,MORRISONVILLE,NY ,12962,USA,,518-563-2316,"Service,"
12056,Industrial/Commercial Sales & Service,00111207431002,WARSHAUER ELECTRIC SUPPLY CO INC, 800 SHREWSBURY AVE,,TINTON FALLS,NJ ,07724,USA,www.warshauer.com,732-741-6400,"Service,"
12056,Industrial/Commercial Sales & Service,00111252361002,YANKEE GENERATOR INC- IND SRV, 441 POND HILL ROAD,,LUNENBURG,VT ,05906,USA,,802-892-1348,"Service,"
12057,Industrial/Commercial Sales & Service,00010214161002,"R.L. Kistler, Inc", 300 Mile Crossing Blvd.,,Rochester,NY ,14624,USA,rlkistler.com,585-436-1940,"Sales,"
12057,Industrial/Commercial Sales & Service,00010214161002,"R.L. KISTLER, INC.", 35 HAMILTON LANE,,GLENMONT,NY ,12077,USA,,585-436-1940,"Sales,Service,"
12057,Industrial/Commercial Sales & Service,00010214161002,"R.L. Kistler, Inc", 5615 Business Ave.,,N. Syracuse,NY ,13208,USA,,315-458-2875,"Sales,"
12057,Industrial/Commercial Sales & Service,00010214161002,"R.L. Kistler, Inc", 5615 Business Ave.,,N. Syracuse,NY ,13208,USA,,315-458-2875,"Sales,"
12057,Industrial/Commercial Sales & Service,00010001731002,Authorized Services Of New England, 410 Forest Street,,Marlborough,MA ,01752,USA,www.asne.com,888-890-9886,"Financing,Sales,Service,Up To 2MW,Mobile/Diesel/Gas,Training,Rental,"
12057,Industrial/Commercial Sales & Service,00010001611002,Huntington Power, 230 Long Hill Cross Rd,,Shelton,CT ,06484,USA,www.huntingtonpower.com,203-929-3203,"Sales,Service,Up To 2MW,Mobile/Diesel/Gas,Training,Rental,"
12057,Industrial/Commercial Sales & Service,00010000491002,LE GROUPE ROGER FAGUY INC., 1044 DU VIGER,,TERREBONNE,QC ,J6W 6B9,CAN,www.faguy.com,450-964-5134,"Sales,Service,Up To 2MW,Mobile/Diesel/Gas,Training,Rental,"
12057,Industrial/Commercial Sales & Service,00010000931002,"EMERGENCY POWER SYSTEMS, LLC", 35 HAMILTON LANE,,GLENMONT,NY ,12077,USA,,800-914-1465,"Service,Up To 2MW,Mobile/Diesel/Gas,"
12057,Industrial/Commercial Sales & Service,00010000931002,"EMERGENCY POWER SYSTEMS, LLC", 35 HAMILTON LANE,,GLENMONT,NY ,12077,USA,,800-914-1465,"Service,"
12057,Industrial/Commercial Sales & Service,00010001611002,Huntington Power, 34 E DUDLEY TOWN RD.,,BLOOMFIELD,CT ,06002,USA,,860-289-8790,"Sales,Service,Rental,"
12057,Industrial/Commercial Sales & Service,00010001731002,AUTHORIZED SERVICES OF NEW ENGLAND, 410 FOREST STREET,,MARLBOROUGH,MA ,01752,USA,,888-890-9886,"Sales,"
12057,Industrial/Commercial Sales & Service,00010001611002,Huntington Power, 68 Enter Ln,,Islandia,NY ,11749,USA,,631-563-4943,"Sales,Service,Up To 2MW,Mobile/Diesel/Gas,"
12057,Industrial/Commercial Sales & Service,00010008091002,MODERN HANDLING EQUIP, 75 NEW STREET,,EDISON,NJ ,08837,USA,www.moderngroup.com,800-779-5116,"Sales,Service,Up To 2MW,Mobile/Diesel/Gas,"
12057,Industrial/Commercial Sales & Service,00010208021002,Modern Group Power Systems, 295 New Commerce Blvd.,,Wilkes Barre,PA ,18706,USA,,800-404-7291,"Sales,Service,Up To 2MW,Mobile/Diesel/Gas,"
12057,Industrial/Commercial Sales & Service,00010000491002,LE GROUPE ROGER FAGUY INC., 1044 LE VIGER,,LACHENAIE,QC ,J6W 6B9,CAN,,450-964-5134,"Service,"
12057,Industrial/Commercial Sales & Service,00010208021002,Modern Group Power Systems, 6352 Chapmans Rd,,Allentown,PA ,18106,USA,,800-404-7291,"Sales,Service,Up To 2MW,Mobile/Diesel/Gas,"
12057,Industrial/Commercial Sales & Service,00010001621002,BROOKFIELD SERVICE, 708 GLEBE ROAD,,WESTMORELAND,NH ,03467,USA,www.brookfieldservice.com,802-485-6567,"Service,Up To 600kW,Mobile/Diesel/Gas,"
12057,Industrial/Commercial Sales & Service,00010001621002,BROOKFIELD SERVICE, 829 VT ROUTE 12 SOUTH,,NORTHFIELD,VT ,05663,USA,www.brookfieldservice.com,802-485-6567,"Sales,Service,Up To 600kW,Mobile/Diesel/Gas,"
12057,Industrial/Commercial Sales & Service,00111209531002,HUNTINGTON POWER - LONG ISLAND, PO BOX 2040,,SHELTON,CT ,06484,USA,,631-586-7513,"Sales,"
12057,Industrial/Commercial Sales & Service,00010134071002,PEAK POWER SYSTEMS, 99 SPRAGUE AVENUE,,MIDDLETOWN,NY ,10940,USA,www.peakpowersystems.com,845-344-1975,"Sales,Service,Up To 600kW,Mobile/Diesel/Gas,Rental,"
12057,Industrial/Commercial Sales & Service,00010001761002,"GENSERVE, INC.", 100 NEWTOWN RD,,PLAINVIEW,NY ,11803,USA,www.genserveinc.com,631-435-0437,"Service,"
12057,Industrial/Commercial Sales & Service,00010139211002,POWERPRO SERVICE CO. INC., 608 JOHNSON AVE. UNIT 6,,BOHEMIA,NY ,11716,USA,,631-567-2700,"Sales,Service,Up To 600kW,Mobile/Diesel/Gas,"
12057,Industrial/Commercial Sales & Service,00111209521002,LONG ISLAND EMERGENCY POWER -QO, 2 Ocean Avenue,,DEER PARK,NY ,11729,USA,,631-586-7513,"Sales,"
12057,Industrial/Commercial Sales & Service,00010021101002,SOUTH SHORE GENERATOR INC-Quote, 2696A CRANBERRY HWY,,WAREHAM,MA ,02571,USA,,508-295-7336,"Sales,Service,Up To 600kW,Mobile/Diesel/Gas,"
12057,Industrial/Commercial Sales & Service,00010001701002,SOUTH SHORE GENERATOR INC, ,,EAST WAREHAM,MA ,02538,USA,,508-295-7336,"Financing,Sales,Service,Up To 600kW,Mobile/Diesel/Gas,"
12057,Industrial/Commercial Sales & Service,00010141631002,ELECTRICAL SYSTEMS OF MAINE, 1200 MINOT AVE,,AUBURN,ME ,04210,USA,,207-783-7126,"Sales,Service,Up To 600kW,Mobile/Diesel/Gas,"
12057,Industrial/Commercial Sales & Service,00010218321002,CARL F. SMITH, 25 BROOKSIDE AVE,,MORRISONVILLE,NY ,12962,USA,,518-563-2316,"Service,"
12057,Industrial/Commercial Sales & Service,00111252361002,YANKEE GENERATOR INC- IND SRV, 441 POND HILL ROAD,,LUNENBURG,VT ,05906,USA,,802-892-1348,"Service,"
12057,Industrial/Commercial Sales & Service,00010157021002,Mechanical Service Co, 1145 Oak St.,,Pittston,PA ,18640,USA,,570-654-2445,"Service,"
12057,Industrial/Commercial Sales & Service,00010152891002,"Group Maska, Inc.", 550 Ave. de Vaudreuil,,Hyacinthe,QC ,J2S 4H2,CAN,www.groupemaska.com,450-773-7471,"Sales,Service,"
12057,Industrial/Commercial Sales & Service,00111207431002,WARSHAUER ELECTRIC SUPPLY CO INC, 800 SHREWSBURY AVE,,TINTON FALLS,NJ ,07724,USA,www.warshauer.com,732-741-6400,"Service,"
12058,Industrial/Commercial Sales & Service,00010214161002,"R.L. Kistler, Inc", 300 Mile Crossing Blvd.,,Rochester,NY ,14624,USA,rlkistler.com,585-436-1940,"Sales,"
12058,Industrial/Commercial Sales & Service,00010214161002,"R.L. KISTLER, INC.", 35 HAMILTON LANE,,GLENMONT,NY ,12077,USA,,585-436-1940,"Sales,Service,"
12058,Industrial/Commercial Sales & Service,00010214161002,"R.L. Kistler, Inc", 5615 Business Ave.,,N. Syracuse,NY ,13208,USA,,315-458-2875,"Sales,"
12058,Industrial/Commercial Sales & Service,00010214161002,"R.L. Kistler, Inc", 5615 Business Ave.,,N. Syracuse,NY ,13208,USA,,315-458-2875,"Sales,"
12058,Industrial/Commercial Sales & Service,00010001611002,Huntington Power, 230 Long Hill Cross Rd,,Shelton,CT ,06484,USA,www.huntingtonpower.com,203-929-3203,"Sales,Service,Up To 2MW,Mobile/Diesel/Gas,Training,Rental,"
12058,Industrial/Commercial Sales & Service,00010001731002,Authorized Services Of New England, 410 Forest Street,,Marlborough,MA ,01752,USA,www.asne.com,888-890-9886,"Financing,Sales,Service,Up To 2MW,Mobile/Diesel/Gas,Training,Rental,"
12058,Industrial/Commercial Sales & Service,00010208021002,Modern Group Power Systems, 2501 Durham Road,,Bristol,PA ,19007,USA,www.moderngroup.com,800-404-7291,"Sales,Service,Up To 2MW,Mobile/Diesel/Gas,Training,Rental,"
12058,Industrial/Commercial Sales & Service,00010000931002,"EMERGENCY POWER SYSTEMS, LLC", 35 HAMILTON LANE,,GLENMONT,NY ,12077,USA,,800-914-1465,"Service,Up To 2MW,Mobile/Diesel/Gas,"
12058,Industrial/Commercial Sales & Service,00010000931002,"EMERGENCY POWER SYSTEMS, LLC", 35 HAMILTON LANE,,GLENMONT,NY ,12077,USA,,800-914-1465,"Service,"
12058,Industrial/Commercial Sales & Service,00010001611002,Huntington Power, 34 E DUDLEY TOWN RD.,,BLOOMFIELD,CT ,06002,USA,,860-289-8790,"Sales,Service,Rental,"
12058,Industrial/Commercial Sales & Service,00010001611002,Huntington Power, 68 Enter Ln,,Islandia,NY ,11749,USA,,631-563-4943,"Sales,Service,Up To 2MW,Mobile/Diesel/Gas,"
12058,Industrial/Commercial Sales & Service,00010001731002,AUTHORIZED SERVICES OF NEW ENGLAND, 410 FOREST STREET,,MARLBOROUGH,MA ,01752,USA,,888-890-9886,"Sales,"
12058,Industrial/Commercial Sales & Service,00010008091002,MODERN HANDLING EQUIP, 75 NEW STREET,,EDISON,NJ ,08837,USA,www.moderngroup.com,800-779-5116,"Sales,Service,Up To 2MW,Mobile/Diesel/Gas,"
12058,Industrial/Commercial Sales & Service,00010208021002,Modern Group Power Systems, 295 New Commerce Blvd.,,Wilkes Barre,PA ,18706,USA,,800-404-7291,"Sales,Service,Up To 2MW,Mobile/Diesel/Gas,"
12058,Industrial/Commercial Sales & Service,00010208021002,Modern Group Power Systems, 6352 Chapmans Rd,,Allentown,PA ,18106,USA,,800-404-7291,"Sales,Service,Up To 2MW,Mobile/Diesel/Gas,"
12058,Industrial/Commercial Sales & Service,00010208021002,Modern Group Power Systems, 200 Allied Parkway,,West Berlin,NJ ,08091,USA,,800-404-7291,"Sales,Service,Up To 2MW,Mobile/Diesel/Gas,"
12058,Industrial/Commercial Sales & Service,00010134071002,PEAK POWER SYSTEMS, 99 SPRAGUE AVENUE,,MIDDLETOWN,NY ,10940,USA,www.peakpowersystems.com,845-344-1975,"Sales,Service,Up To 600kW,Mobile/Diesel/Gas,Rental,"
12058,Industrial/Commercial Sales & Service,00111209531002,HUNTINGTON POWER - LONG ISLAND, PO BOX 2040,,SHELTON,CT ,06484,USA,,631-586-7513,"Sales,"
12058,Industrial/Commercial Sales & Service,00010001621002,BROOKFIELD SERVICE, 708 GLEBE ROAD,,WESTMORELAND,NH ,03467,USA,www.brookfieldservice.com,802-485-6567,"Service,Up To 600kW,Mobile/Diesel/Gas,"
12058,Industrial/Commercial Sales & Service,00010001761002,"GENSERVE, INC.", 100 NEWTOWN RD,,PLAINVIEW,NY ,11803,USA,www.genserveinc.com,631-435-0437,"Service,"
12058,Industrial/Commercial Sales & Service,00111209521002,LONG ISLAND EMERGENCY POWER -QO, 2 Ocean Avenue,,DEER PARK,NY ,11729,USA,,631-586-7513,"Sales,"
12058,Industrial/Commercial Sales & Service,00010139211002,POWERPRO SERVICE CO. INC., 608 JOHNSON AVE. UNIT 6,,BOHEMIA,NY ,11716,USA,,631-567-2700,"Sales,Service,Up To 600kW,Mobile/Diesel/Gas,"
12058,Industrial/Commercial Sales & Service,00010001621002,BROOKFIELD SERVICE, 829 VT ROUTE 12 SOUTH,,NORTHFIELD,VT ,05663,USA,www.brookfieldservice.com,802-485-6567,"Sales,Service,Up To 600kW,Mobile/Diesel/Gas,"
12058,Industrial/Commercial Sales & Service,00010021101002,SOUTH SHORE GENERATOR INC-Quote, 2696A CRANBERRY HWY,,WAREHAM,MA ,02571,USA,,508-295-7336,"Sales,Service,Up To 600kW,Mobile/Diesel/Gas,"
12058,Industrial/Commercial Sales & Service,00010001701002,SOUTH SHORE GENERATOR INC, ,,EAST WAREHAM,MA ,02538,USA,,508-295-7336,"Financing,Sales,Service,Up To 600kW,Mobile/Diesel/Gas,"
12058,Industrial/Commercial Sales & Service,00010001761002,"GENSERVE, INC.", 115A TWINBRIDGE DR.,,PENNSAUKEN,NJ ,08110,USA,www.genserveinc.com,856-324-0459,"Service,"
12058,Industrial/Commercial Sales & Service,00111184131002,HUNTER & LOMISON, 1956 W FOURTH ST,,WILLIAMSPORT,PA ,17701,USA,www.hunterlomison.com,570-326-1764,"Sales,Service,Up To 600kW,Mobile/Diesel/Gas,Rental,"
12058,Industrial/Commercial Sales & Service,00010000881002,HUNTER & LOMISON INC., 1956 W. 4TH STREET,,WILLIAMSPORT,PA ,17701,USA,www.hunterlomison.com,570-326-1764,"Service,Up To 600kW,Mobile/Diesel/Gas,"
12058,Industrial/Commercial Sales & Service,00010157021002,Mechanical Service Co, 1145 Oak St.,,Pittston,PA ,18640,USA,,570-654-2445,"Service,"
12058,Industrial/Commercial Sales & Service,00111207431002,WARSHAUER ELECTRIC SUPPLY CO INC, 800 SHREWSBURY AVE,,TINTON FALLS,NJ ,07724,USA,www.warshauer.com,732-741-6400,"Service,"
12058,Industrial/Commercial Sales & Service,00010218321002,CARL F. SMITH, 25 BROOKSIDE AVE,,MORRISONVILLE,NY ,12962,USA,,518-563-2316,"Service,"
12058,Industrial/Commercial Sales & Service,00111252361002,YANKEE GENERATOR INC- IND SRV, 441 POND HILL ROAD,,LUNENBURG,VT ,05906,USA,,802-892-1348,"Service,"
12059,Industrial/Commercial Sales & Service,00010214161002,"R.L. KISTLER, INC.", 35 HAMILTON LANE,,GLENMONT,NY ,12077,USA,,585-436-1940,"Sales,Service,"
12059,Industrial/Commercial Sales & Service,00010214161002,"R.L. Kistler, Inc", 300 Mile Crossing Blvd.,,Rochester,NY ,14624,USA,rlkistler.com,585-436-1940,"Sales,"
12059,Industrial/Commercial Sales & Service,00010214161002,"R.L. Kistler, Inc", 5615 Business Ave.,,N. Syracuse,NY ,13208,USA,,315-458-2875,"Sales,"
12059,Industrial/Commercial Sales & Service,00010214161002,"R.L. Kistler, Inc", 5615 Business Ave.,,N. Syracuse,NY ,13208,USA,,315-458-2875,"Sales,"
12059,Industrial/Commercial Sales & Service,00010001611002,Huntington Power, 230 Long Hill Cross Rd,,Shelton,CT ,06484,USA,www.huntingtonpower.com,203-929-3203,"Sales,Service,Up To 2MW,Mobile/Diesel/Gas,Training,Rental,"
12059,Industrial/Commercial Sales & Service,00010001731002,Authorized Services Of New England, 410 Forest Street,,Marlborough,MA ,01752,USA,www.asne.com,888-890-9886,"Financing,Sales,Service,Up To 2MW,Mobile/Diesel/Gas,Training,Rental,"
12059,Industrial/Commercial Sales & Service,00010208021002,Modern Group Power Systems, 2501 Durham Road,,Bristol,PA ,19007,USA,www.moderngroup.com,800-404-7291,"Sales,Service,Up To 2MW,Mobile/Diesel/Gas,Training,Rental,"
12059,Industrial/Commercial Sales & Service,00010000931002,"EMERGENCY POWER SYSTEMS, LLC", 35 HAMILTON LANE,,GLENMONT,NY ,12077,USA,,800-914-1465,"Service,Up To 2MW,Mobile/Diesel/Gas,"
12059,Industrial/Commercial Sales & Service,00010000931002,"EMERGENCY POWER SYSTEMS, LLC", 35 HAMILTON LANE,,GLENMONT,NY ,12077,USA,,800-914-1465,"Service,"
12059,Industrial/Commercial Sales & Service,00010001611002,Huntington Power, 34 E DUDLEY TOWN RD.,,BLOOMFIELD,CT ,06002,USA,,860-289-8790,"Sales,Service,Rental,"
12059,Industrial/Commercial Sales & Service,00010001731002,AUTHORIZED SERVICES OF NEW ENGLAND, 410 FOREST STREET,,MARLBOROUGH,MA ,01752,USA,,888-890-9886,"Sales,"
12059,Industrial/Commercial Sales & Service,00010001611002,Huntington Power, 68 Enter Ln,,Islandia,NY ,11749,USA,,631-563-4943,"Sales,Service,Up To 2MW,Mobile/Diesel/Gas,"
12059,Industrial/Commercial Sales & Service,00010208021002,Modern Group Power Systems, 295 New Commerce Blvd.,,Wilkes Barre,PA ,18706,USA,,800-404-7291,"Sales,Service,Up To 2MW,Mobile/Diesel/Gas,"
12059,Industrial/Commercial Sales & Service,00010008091002,MODERN HANDLING EQUIP, 75 NEW STREET,,EDISON,NJ ,08837,USA,www.moderngroup.com,800-779-5116,"Sales,Service,Up To 2MW,Mobile/Diesel/Gas,"
12059,Industrial/Commercial Sales & Service,00010208021002,Modern Group Power Systems, 6352 Chapmans Rd,,Allentown,PA ,18106,USA,,800-404-7291,"Sales,Service,Up To 2MW,Mobile/Diesel/Gas,"
12059,Industrial/Commercial Sales & Service,00010000931002,"EMERGENCY POWER SYSTEMS, LLC", 300 MILE CROSSING BLVD.,,ROCHESTER,NY ,14624,USA,,585-464-6333,"Service,Up To 2MW,Mobile/Diesel/Gas,Rental,"
12059,Industrial/Commercial Sales & Service,00010000931002,"EMERGENCY POWER SYSTEMS, LLC", 300 MILE CROSSING BLVD.,,ROCHESTER,NY ,14624,USA,,585-464-6333,"Service,"
12059,Industrial/Commercial Sales & Service,00010208021002,Modern Group Power Systems, 200 Allied Parkway,,West Berlin,NJ ,08091,USA,,800-404-7291,"Sales,Service,Up To 2MW,Mobile/Diesel/Gas,"
12059,Industrial/Commercial Sales & Service,00010134071002,PEAK POWER SYSTEMS, 99 SPRAGUE AVENUE,,MIDDLETOWN,NY ,10940,USA,www.peakpowersystems.com,845-344-1975,"Sales,Service,Up To 600kW,Mobile/Diesel/Gas,Rental,"
12059,Industrial/Commercial Sales & Service,00010001621002,BROOKFIELD SERVICE, 708 GLEBE ROAD,,WESTMORELAND,NH ,03467,USA,www.brookfieldservice.com,802-485-6567,"Service,Up To 600kW,Mobile/Diesel/Gas,"
12059,Industrial/Commercial Sales & Service,00111209531002,HUNTINGTON POWER - LONG ISLAND, PO BOX 2040,,SHELTON,CT ,06484,USA,,631-586-7513,"Sales,"
12059,Industrial/Commercial Sales & Service,00010001621002,BROOKFIELD SERVICE, 829 VT ROUTE 12 SOUTH,,NORTHFIELD,VT ,05663,USA,www.brookfieldservice.com,802-485-6567,"Sales,Service,Up To 600kW,Mobile/Diesel/Gas,"
12059,Industrial/Commercial Sales & Service,00010001761002,"GENSERVE, INC.", 100 NEWTOWN RD,,PLAINVIEW,NY ,11803,USA,www.genserveinc.com,631-435-0437,"Service,"
12059,Industrial/Commercial Sales & Service,00111209521002,LONG ISLAND EMERGENCY POWER -QO, 2 Ocean Avenue,,DEER PARK,NY ,11729,USA,,631-586-7513,"Sales,"
12059,Industrial/Commercial Sales & Service,00010139211002,POWERPRO SERVICE CO. INC., 608 JOHNSON AVE. UNIT 6,,BOHEMIA,NY ,11716,USA,,631-567-2700,"Sales,Service,Up To 600kW,Mobile/Diesel/Gas,"
12059,Industrial/Commercial Sales & Service,00111184131002,HUNTER & LOMISON, 1956 W FOURTH ST,,WILLIAMSPORT,PA ,17701,USA,www.hunterlomison.com,570-326-1764,"Sales,Service,Up To 600kW,Mobile/Diesel/Gas,Rental,"
12059,Industrial/Commercial Sales & Service,00010000881002,HUNTER & LOMISON INC., 1956 W. 4TH STREET,,WILLIAMSPORT,PA ,17701,USA,www.hunterlomison.com,570-326-1764,"Service,Up To 600kW,Mobile/Diesel/Gas,"
12059,Industrial/Commercial Sales & Service,00010021101002,SOUTH SHORE GENERATOR INC-Quote, 2696A CRANBERRY HWY,,WAREHAM,MA ,02571,USA,,508-295-7336,"Sales,Service,Up To 600kW,Mobile/Diesel/Gas,"
12059,Industrial/Commercial Sales & Service,00010001701002,SOUTH SHORE GENERATOR INC, ,,EAST WAREHAM,MA ,02538,USA,,508-295-7336,"Financing,Sales,Service,Up To 600kW,Mobile/Diesel/Gas,"
12059,Industrial/Commercial Sales & Service,00010001761002,"GENSERVE, INC.", 115A TWINBRIDGE DR.,,PENNSAUKEN,NJ ,08110,USA,www.genserveinc.com,856-324-0459,"Service,"
12059,Industrial/Commercial Sales & Service,00010157021002,Mechanical Service Co, 1145 Oak St.,,Pittston,PA ,18640,USA,,570-654-2445,"Service,"
12059,Industrial/Commercial Sales & Service,00010218321002,CARL F. SMITH, 25 BROOKSIDE AVE,,MORRISONVILLE,NY ,12962,USA,,518-563-2316,"Service,"
12059,Industrial/Commercial Sales & Service,00111207431002,WARSHAUER ELECTRIC SUPPLY CO INC, 800 SHREWSBURY AVE,,TINTON FALLS,NJ ,07724,USA,www.warshauer.com,732-741-6400,"Service,"
12059,Industrial/Commercial Sales & Service,00111252361002,YANKEE GENERATOR INC- IND SRV, 441 POND HILL ROAD,,LUNENBURG,VT ,05906,USA,,802-892-1348,"Service,"
12060,Industrial/Commercial Sales & Service,00010214161002,"R.L. KISTLER, INC.", 35 HAMILTON LANE,,GLENMONT,NY ,12077,USA,,585-436-1940,"Sales,Service,"
12060,Industrial/Commercial Sales & Service,00010214161002,"R.L. Kistler, Inc", 300 Mile Crossing Blvd.,,Rochester,NY ,14624,USA,rlkistler.com,585-436-1940,"Sales,"
12060,Industrial/Commercial Sales & Service,00010214161002,"R.L. Kistler, Inc", 5615 Business Ave.,,N. Syracuse,NY ,13208,USA,,315-458-2875,"Sales,"
12060,Industrial/Commercial Sales & Service,00010214161002,"R.L. Kistler, Inc", 5615 Business Ave.,,N. Syracuse,NY ,13208,USA,,315-458-2875,"Sales,"
12060,Industrial/Commercial Sales & Service,00010001611002,Huntington Power, 230 Long Hill Cross Rd,,Shelton,CT ,06484,USA,www.huntingtonpower.com,203-929-3203,"Sales,Service,Up To 2MW,Mobile/Diesel/Gas,Training,Rental,"
12060,Industrial/Commercial Sales & Service,00010001731002,Authorized Services Of New England, 410 Forest Street,,Marlborough,MA ,01752,USA,www.asne.com,888-890-9886,"Financing,Sales,Service,Up To 2MW,Mobile/Diesel/Gas,Training,Rental,"
12060,Industrial/Commercial Sales & Service,00010208021002,Modern Group Power Systems, 2501 Durham Road,,Bristol,PA ,19007,USA,www.moderngroup.com,800-404-7291,"Sales,Service,Up To 2MW,Mobile/Diesel/Gas,Training,Rental,"
12060,Industrial/Commercial Sales & Service,00010000931002,"EMERGENCY POWER SYSTEMS, LLC", 35 HAMILTON LANE,,GLENMONT,NY ,12077,USA,,800-914-1465,"Service,Up To 2MW,Mobile/Diesel/Gas,"
12060,Industrial/Commercial Sales & Service,00010000931002,"EMERGENCY POWER SYSTEMS, LLC", 35 HAMILTON LANE,,GLENMONT,NY ,12077,USA,,800-914-1465,"Service,"
12060,Industrial/Commercial Sales & Service,00010001611002,Huntington Power, 34 E DUDLEY TOWN RD.,,BLOOMFIELD,CT ,06002,USA,,860-289-8790,"Sales,Service,Rental,"
12060,Industrial/Commercial Sales & Service,00010001731002,AUTHORIZED SERVICES OF NEW ENGLAND, 410 FOREST STREET,,MARLBOROUGH,MA ,01752,USA,,888-890-9886,"Sales,"
12060,Industrial/Commercial Sales & Service,00010001611002,Huntington Power, 68 Enter Ln,,Islandia,NY ,11749,USA,,631-563-4943,"Sales,Service,Up To 2MW,Mobile/Diesel/Gas,"
12060,Industrial/Commercial Sales & Service,00010008091002,MODERN HANDLING EQUIP, 75 NEW STREET,,EDISON,NJ ,08837,USA,www.moderngroup.com,800-779-5116,"Sales,Service,Up To 2MW,Mobile/Diesel/Gas,"
12060,Industrial/Commercial Sales & Service,00010208021002,Modern Group Power Systems, 295 New Commerce Blvd.,,Wilkes Barre,PA ,18706,USA,,800-404-7291,"Sales,Service,Up To 2MW,Mobile/Diesel/Gas,"
12060,Industrial/Commercial Sales & Service,00010208021002,Modern Group Power Systems, 6352 Chapmans Rd,,Allentown,PA ,18106,USA,,800-404-7291,"Sales,Service,Up To 2MW,Mobile/Diesel/Gas,"
12060,Industrial/Commercial Sales & Service,00010208021002,Modern Group Power Systems, 200 Allied Parkway,,West Berlin,NJ ,08091,USA,,800-404-7291,"Sales,Service,Up To 2MW,Mobile/Diesel/Gas,"
12060,Industrial/Commercial Sales & Service,00010001621002,BROOKFIELD SERVICE, 708 GLEBE ROAD,,WESTMORELAND,NH ,03467,USA,www.brookfieldservice.com,802-485-6567,"Service,Up To 600kW,Mobile/Diesel/Gas,"
12060,Industrial/Commercial Sales & Service,00111209531002,HUNTINGTON POWER - LONG ISLAND, PO BOX 2040,,SHELTON,CT ,06484,USA,,631-586-7513,"Sales,"
12060,Industrial/Commercial Sales & Service,00010134071002,PEAK POWER SYSTEMS, 99 SPRAGUE AVENUE,,MIDDLETOWN,NY ,10940,USA,www.peakpowersystems.com,845-344-1975,"Sales,Service,Up To 600kW,Mobile/Diesel/Gas,Rental,"
12060,Industrial/Commercial Sales & Service,00010001761002,"GENSERVE, INC.", 100 NEWTOWN RD,,PLAINVIEW,NY ,11803,USA,www.genserveinc.com,631-435-0437,"Service,"
12060,Industrial/Commercial Sales & Service,00111209521002,LONG ISLAND EMERGENCY POWER -QO, 2 Ocean Avenue,,DEER PARK,NY ,11729,USA,,631-586-7513,"Sales,"
12060,Industrial/Commercial Sales & Service,00010139211002,POWERPRO SERVICE CO. INC., 608 JOHNSON AVE. UNIT 6,,BOHEMIA,NY ,11716,USA,,631-567-2700,"Sales,Service,Up To 600kW,Mobile/Diesel/Gas,"
12060,Industrial/Commercial Sales & Service,00010001621002,BROOKFIELD SERVICE, 829 VT ROUTE 12 SOUTH,,NORTHFIELD,VT ,05663,USA,www.brookfieldservice.com,802-485-6567,"Sales,Service,Up To 600kW,Mobile/Diesel/Gas,"
12060,Industrial/Commercial Sales & Service,00010021101002,SOUTH SHORE GENERATOR INC-Quote, 2696A CRANBERRY HWY,,WAREHAM,MA ,02571,USA,,508-295-7336,"Sales,Service,Up To 600kW,Mobile/Diesel/Gas,"
12060,Industrial/Commercial Sales & Service,00010001701002,SOUTH SHORE GENERATOR INC, ,,EAST WAREHAM,MA ,02538,USA,,508-295-7336,"Financing,Sales,Service,Up To 600kW,Mobile/Diesel/Gas,"
12060,Industrial/Commercial Sales & Service,00010001761002,"GENSERVE, INC.", 115A TWINBRIDGE DR.,,PENNSAUKEN,NJ ,08110,USA,www.genserveinc.com,856-324-0459,"Service,"
12060,Industrial/Commercial Sales & Service,00111184131002,HUNTER & LOMISON, 1956 W FOURTH ST,,WILLIAMSPORT,PA ,17701,USA,www.hunterlomison.com,570-326-1764,"Sales,Service,Up To 600kW,Mobile/Diesel/Gas,Rental,"
12060,Industrial/Commercial Sales & Service,00010000881002,HUNTER & LOMISON INC., 1956 W. 4TH STREET,,WILLIAMSPORT,PA ,17701,USA,www.hunterlomison.com,570-326-1764,"Service,Up To 600kW,Mobile/Diesel/Gas,"
12060,Industrial/Commercial Sales & Service,00010157021002,Mechanical Service Co, 1145 Oak St.,,Pittston,PA ,18640,USA,,570-654-2445,"Service,"
12060,Industrial/Commercial Sales & Service,00111207431002,WARSHAUER ELECTRIC SUPPLY CO INC, 800 SHREWSBURY AVE,,TINTON FALLS,NJ ,07724,USA,www.warshauer.com,732-741-6400,"Service,"
12060,Industrial/Commercial Sales & Service,00010218321002,CARL F. SMITH, 25 BROOKSIDE AVE,,MORRISONVILLE,NY ,12962,USA,,518-563-2316,"Service,"
12060,Industrial/Commercial Sales & Service,00111252361002,YANKEE GENERATOR INC- IND SRV, 441 POND HILL ROAD,,LUNENBURG,VT ,05906,USA,,802-892-1348,"Service,"
